pij																																																																																																																																																																																																																																																																																																																																																																																																																																																																																																																																																																																																																																																																																																																																																																																																																																																																																																																																																																																																																																							
75	82	72	82	87	76	73	83	86	87	81	87	82	72	84	81	86	75	74	74	80	83	85	85	88	90	72	74	86	81	75	80	78	82	80	88	71	82	74	73	79	85	75	84	88	86	72	76	81	83	82	78	79	71	83	71	86	80	79	82	86	70	74	90	80	78	77	89	82	72	87	79	85	87	76	85	78	73	80	75	76	72	84	74	75	78	73	89	88	82	76	77	79	77	83	76	78	78	86	88	74	87	71	79	83	72	85	87	89	87	81	74	72	75	73	74	83	71	74	80	74	90	72	85	86	70	76	88	88	71	82	71	88	85	75	89	76	85	89	70	87	90	84	80	80	78	80	88	72	82	84	88	75	73	84	73	78	73	74	86	87	89	73	78	73	84	87	89	76	72	73	87	83	78	82	80	79	81	70	87	90	73	76	85	71	84	84	89	83	87	75	80	77	70	90	80	71	79	76	78	87	74	70	71	74	73	88	74	81	88	72	83	80	87	81	85	80	79	77	87	88	85	84	87	72	88	86	77	73	71	80	71	70	89	79	71	84	74	79	77	79	88	80	83	78	86	84	72	73	72	74	72	73	83	70	89	90	83	83	85	77	89	77	78	74	84	77	75	71	81	86	75	71	78	84	83	85	74	73	78	76	74	83	70	75	87	76	79	89	89	85	71	74	71	89	78	86	85	81	89	74	77	75	84	72	78	77	71	84	72	82	78	86	78	74	82	70	76	74	82	89	78	78	81	71	86	81	86	84	85	70	75	81	73	76	86	83	86	76	85	88	73	71	84	76	81	71	86	72	73	88	77	79	76	74	79	86	81	86	85	80	79	89	74	75	81	78	89	89	75	78	71	90	73	72	78	87	79	83	74	77	88	83	83	72	81	81	70	90	83	78	74	71	73	77	85	86	83	75	73	76	78	76	80	73	87	83	75	82	88	77	76	85	78	81	90	77	80	73	79	83	75	81	74	84	72	89	77	74	89	85	88	84	78	76	73	75	72	88	86	84	76	84	84	83	75	73	86	73	83	80	74	87	71	84	84	82	88	74	70	71	75	71	85	85	85	77	85	79	82	83	86	84	77	80	77	88	74	71	78	73	78	75	74	74	73	74	73	74	90	88	77	82	88	89	83	89	86	82	72	86	70	87	82	77	82	79	79	78	73	89	90	89	72	76	72	81	77	84	76	84	70	78	73	71	74	74	75	81	84	77	74	71	78	89	86	78	75	89	76	78	79	78	89	77	75	89	89	72	88	74	71	83	86	90	83	75	76	73	83	76	82	84	89	90	82	80	90	73	76	71	85	85	70	89	79	81	86	79	77	84	89	81	83	87	77	82	84	84	79	85	84	83	81	84	87	77	74	76	81	82	83	83	83	87	81	86	80	73	80	76	78	80	86	85	74	86	70	82	76	73	81	78	70	74	88	74	86	77	86	75	80	84	88	70	85	89	85	83	84	79	74	83	86	73	74	88	80	83	76	74	79	76	85	76	84	76	72	90	84	83	84	79	80	78	85	76	89	88	76	78	75	74	90	87	73	85	88	72	83	75	75	76	82	77	71	74	73	88	79	86	81	72	90	80	82	88	89	74	73	81	78	82	73	85	78	87	84	71	80	77	75	78	74	83	86	82	81	85	88	79	76	80	72	78	83	87	82	90	74	74	77	71	70	74	89	75	75	88	83	73	73	87	81	89	80	88	78	76	86	79	76	84	73	71	76	88	85	71	74	86	85	88	87	81	79	85	76	86	72	88	77	86	74	78	87	71	84	76	72	72	79	81	85	85	90	84	70	74	84	74	78	86	84	87	79	84	76	82	85	88	72	85	83	75	84	77	89	79	71	79	83	81	72	79	78	82	72	84	81	79	87	82	88	76	79	81	81	89	76	73	73	78	90	76	87	84	85	83	70	85	85	84	78	76	89	72	87	74	79	86	87	71	89	73	87	72	73	86	84	71	73	71	73	76	72	71	72	72	89	90	86	72	89	85	82	77	85	76	81	81	76	79	77	72	78	75	76	70	76	77	87	83	87	74	86	86	81	72	73	88	89	88	86	85	89	78	89	74	89	78	73	82	89	72	76	76	87	80	83	72	83	79	81	76	81	82	79	70	83	71	71	81	89	84	72	77	73	75	70	71	87	89	82	79	78	83	80	73	74	84	89	73	80	85	88	80	79	81	84	84	89	80	88	77	74	87	73	80	70	80	88	84	86	75	75	72	78	88	76	80	77	77	89	74	85	71	85	78	73	72	73	88	72	79	72	82	76	77	72
82	73	88	75	82	78	85	89	76	70	81	76	74	82	79	83	83	73	80	87	73	88	89	81	87	89	82	74	78	87	80	73	86	73	88	88	88	70	79	88	76	75	76	71	78	82	88	80	80	76	89	81	87	72	74	81	78	76	75	81	72	78	90	89	72	81	75	76	76	89	75	83	72	78	82	75	75	90	84	87	71	80	76	73	85	74	82	78	71	80	88	87	88	76	74	70	77	75	74	73	86	77	79	77	75	86	74	87	78	72	76	87	74	85	81	82	71	89	81	71	87	76	75	90	87	90	73	72	79	73	75	84	80	81	73	77	88	80	71	87	76	77	76	89	78	74	85	90	82	88	84	78	80	88	90	89	84	72	75	77	82	80	78	81	90	81	76	88	75	81	77	85	88	71	82	73	84	78	74	80	81	79	74	79	78	82	77	76	78	72	88	79	73	82	87	71	89	81	73	78	76	87	72	75	70	81	76	85	82	84	79	73	73	75	86	85	70	87	82	88	80	81	78	77	82	77	71	88	74	82	75	88	77	88	82	89	75	76	89	85	89	90	86	76	81	86	88	74	75	77	82	84	78	73	77	78	82	84	74	84	87	88	84	86	81	78	77	87	83	75	72	75	89	84	71	83	80	74	86	75	70	85	85	88	90	74	84	89	82	71	70	87	77	78	80	81	71	76	86	76	86	73	82	76	76	73	85	78	87	87	88	78	82	86	83	82	74	83	79	75	86	85	84	80	83	72	70	72	85	79	82	72	72	72	84	70	75	72	77	86	83	74	87	71	87	75	75	70	81	71	71	83	83	85	79	71	74	75	89	80	89	90	84	75	88	86	75	85	89	72	81	88	71	82	74	85	82	71	83	79	73	81	83	75	71	86	81	74	76	70	86	80	72	71	82	76	82	86	79	74	72	90	85	83	85	80	73	90	76	73	75	88	86	74	90	75	82	71	74	82	83	73	86	78	72	84	79	90	84	75	90	88	89	72	72	74	89	81	70	71	88	77	86	73	80	78	88	74	75	82	71	85	84	85	73	89	72	89	74	89	77	74	86	86	90	75	75	72	71	80	70	87	78	75	83	75	76	86	86	87	73	74	81	70	73	82	79	87	72	83	76	74	82	88	86	71	83	76	88	74	87	85	86	73	75	88	80	74	84	77	85	72	70	84	87	79	83	78	79	74	73	72	74	74	80	72	73	82	75	83	73	90	78	79	78	74	84	73	79	74	79	76	82	74	82	76	82	85	72	74	80	88	81	77	81	88	87	78	77	90	89	83	84	70	73	81	72	89	88	81	74	80	73	80	79	77	83	71	77	78	84	73	76	75	89	82	71	76	76	80	74	75	80	89	77	82	81	82	79	79	87	72	83	82	78	83	84	79	74	89	81	85	81	88	72	77	77	83	85	76	71	80	70	87	79	86	71	75	90	83	72	81	77	72	72	73	74	76	88	75	72	83	87	79	84	83	88	82	85	81	83	87	81	77	71	84	74	85	83	90	75	89	83	74	85	86	71	77	89	88	72	76	72	80	82	89	74	87	89	87	84	71	77	87	71	81	76	86	78	90	82	73	72	81	71	85	77	89	85	74	76	86	86	84	87	71	82	85	83	88	84	74	77	90	87	73	81	87	84	76	84	87	71	90	86	73	75	80	87	75	89	77	82	84	81	76	72	88	84	71	71	82	82	73	90	77	76	75	71	79	77	81	74	89	86	77	84	83	90	79	88	87	82	76	71	81	85	79	84	82	81	87	72	78	83	87	84	78	84	78	80	76	79	88	87	74	78	78	77	81	74	80	89	77	82	74	70	86	76	80	75	77	83	78	72	81	82	84	80	76	72	87	76	71	71	80	79	75	73	87	82	78	86	86	71	88	82	87	90	70	76	87	75	74	75	76	79	90	85	78	86	82	74	88	74	75	83	77	89	88	80	80	77	89	76	78	71	80	89	78	88	88	80	78	81	89	84	80	71	73	76	72	71	78	76	80	78	75	89	79	71	82	71	71	87	75	77	70	78	81	90	85	71	72	82	70	90	72	79	89	73	90	80	71	78	76	71	75	76	81	78	77	79	89	81	81	85	75	83	89	84	81	73	73	89	73	78	82	87	81	73	83	87	82	79	75	81	85	89	71	80	76	83	81	90	80	77	75	78	70	83	75	84	82	75	72	79	75	82	79	83	73	79	88	83	80	85	83	76	80	77	79	79	83	77	88	70	72	79	80	74	84	72	84	77	74	89	73	80	80	77	85	79	90	84	84	85	86	89	88
77	83	76	81	80	74	87	75	77	86	74	87	86	73	72	81	71	75	74	89	82	75	73	71	85	88	84	87	89	85	79	88	76	87	81	86	75	87	72	76	88	77	82	89	76	87	82	86	73	70	73	72	85	85	73	83	78	85	84	85	76	79	85	73	90	76	86	81	86	81	84	86	86	81	70	70	89	78	80	84	74	82	88	77	84	76	78	86	81	70	89	87	81	85	87	88	79	70	88	78	73	80	73	73	87	85	72	78	75	79	76	71	84	74	89	90	75	85	74	77	89	72	80	83	76	89	85	83	71	88	77	90	86	90	83	81	77	74	79	77	73	77	74	83	74	84	71	83	80	82	86	83	81	89	89	74	88	82	71	77	76	74	84	79	72	88	81	89	75	86	78	82	88	78	78	84	82	73	74	81	80	86	86	88	74	76	88	81	73	80	73	89	73	90	77	78	71	74	76	77	74	80	78	76	83	75	75	71	85	75	75	80	74	79	84	88	74	81	80	73	90	85	77	75	74	89	87	78	81	88	73	74	79	86	75	83	74	73	79	90	83	86	74	70	77	87	73	74	84	86	73	79	89	77	87	73	80	74	73	80	81	84	76	78	77	82	83	72	77	84	85	84	81	88	90	81	85	83	81	74	80	85	71	82	77	73	79	79	85	78	75	83	76	81	72	82	87	84	73	87	77	78	70	88	88	79	83	82	90	73	73	78	88	80	73	78	77	75	74	88	87	72	86	81	73	79	81	79	73	84	73	81	75	71	79	88	76	83	71	76	82	83	70	72	78	74	72	74	73	90	85	84	76	87	80	82	73	87	78	78	76	74	89	72	83	83	90	77	84	83	76	73	85	83	78	73	77	70	85	88	87	74	78	86	88	88	73	90	82	71	83	81	76	83	84	81	87	84	86	80	83	81	88	71	86	84	82	73	82	74	78	72	89	85	71	72	81	83	85	86	71	72	75	79	71	74	72	73	79	86	83	88	81	79	72	84	89	76	74	74	90	89	76	89	85	90	75	72	79	83	77	85	88	74	85	80	80	71	88	89	70	79	88	74	87	89	82	77	81	87	74	87	76	74	76	84	72	78	84	86	79	77	70	79	74	72	71	74	89	79	71	80	84	80	81	78	81	72	78	79	88	71	73	70	70	86	79	78	79	73	80	85	76	88	74	80	87	83	77	87	83	73	85	77	84	84	74	75	87	84	74	81	80	86	72	78	79	71	88	89	89	76	72	81	89	73	85	83	74	79	88	78	86	84	80	72	88	71	79	73	73	76	77	84	87	83	81	83	88	86	79	77	78	89	74	88	82	88	86	71	81	78	78	89	71	72	71	80	81	82	72	86	71	74	81	84	74	89	75	81	74	85	76	70	79	84	76	87	73	85	81	88	82	84	87	78	72	86	84	81	90	79	82	79	76	80	80	79	79	81	81	82	79	81	89	87	80	74	72	82	74	87	83	76	77	72	84	80	85	83	79	84	77	85	76	88	75	74	80	79	74	75	82	83	88	80	82	80	79	87	77	72	75	79	77	78	82	71	83	89	87	89	83	88	81	76	90	83	80	86	76	81	87	90	88	80	87	84	74	73	83	80	81	74	85	82	82	80	82	76	88	77	79	76	70	83	80	70	79	71	79	87	77	70	83	80	89	88	71	77	74	81	72	76	90	87	84	80	88	86	76	89	72	78	71	73	78	86	87	78	81	74	77	88	78	87	89	75	80	84	72	76	84	87	77	73	82	78	75	82	73	79	87	79	85	89	86	79	83	84	80	77	86	81	78	85	83	80	76	76	74	84	71	88	72	72	72	72	79	76	89	83	77	88	80	79	86	86	81	77	90	73	79	74	71	85	82	72	81	72	70	76	88	70	83	84	75	81	83	80	80	76	72	78	76	71	86	89	79	87	86	74	86	88	79	72	78	75	83	73	90	70	75	88	74	82	76	72	71	89	83	72	84	77	81	78	76	82	76	79	79	76	90	75	88	74	75	87	81	80	78	85	77	72	75	71	79	85	73	86	86	87	85	90	73	76	90	71	83	82	81	86	84	87	86	84	77	75	87	83	82	84	72	84	88	78	89	85	84	70	86	81	85	74	85	89	80	83	72	82	79	78	75	89	83	78	88	80	72	80	79	81	76	74	75	73	77	85	83	81	73	79	76	84	74	87	85	78	74	89	77	71	79	70	74	89	73	88	71	73	70	73	84	75	87	89	90	76	79	81	78	89	77	74	82	77	84	74	84	79	83	87	89	77	83	72	88	79	83	85
80	79	81	85	87	74	85	87	73	87	78	77	89	88	77	86	81	88	88	87	87	77	90	80	89	84	80	74	89	87	86	77	73	76	74	88	73	89	72	89	76	76	73	84	75	88	81	75	73	85	80	86	78	84	83	86	80	81	80	82	76	75	73	70	90	87	86	73	70	70	79	71	79	80	74	87	81	71	82	82	83	81	80	78	75	89	78	78	79	90	81	86	77	89	82	73	72	81	83	79	86	90	72	78	76	74	84	82	76	73	85	73	82	71	79	81	81	83	78	83	79	88	85	74	86	82	77	81	82	75	79	72	82	80	82	73	71	71	81	78	85	87	88	81	72	73	80	86	72	79	74	78	72	76	72	78	80	81	81	79	71	81	81	88	73	77	75	89	90	77	83	88	74	73	81	82	80	88	89	81	76	84	81	81	75	80	74	76	83	86	89	79	82	78	78	82	83	85	88	76	73	76	89	82	79	89	81	80	85	78	77	75	77	77	76	85	74	87	81	88	72	72	77	87	75	74	78	78	86	73	86	70	75	89	78	88	71	85	86	86	81	71	90	70	75	87	83	71	82	78	82	80	79	84	82	74	80	72	78	77	77	81	81	81	89	79	77	74	83	75	80	75	86	79	74	90	88	84	88	78	87	71	82	77	75	82	85	88	73	82	72	71	80	83	79	87	84	73	82	72	76	85	77	86	73	76	87	89	88	72	84	83	85	81	72	82	75	77	89	84	80	70	90	83	78	77	73	87	80	85	88	81	74	72	82	84	83	84	76	81	79	80	84	84	82	82	79	81	78	85	72	85	82	82	83	78	78	81	77	77	86	89	78	85	75	74	75	77	79	72	77	88	82	89	70	74	89	71	83	70	80	74	87	83	74	89	86	75	71	81	89	85	73	88	78	87	81	90	78	75	89	71	72	77	84	83	77	89	82	81	78	71	88	75	76	81	74	71	84	78	74	81	80	86	84	79	84	82	76	79	85	79	83	80	80	78	72	85	80	84	77	74	83	87	81	83	72	85	85	84	83	83	88	82	84	71	86	84	83	75	86	72	70	74	83	83	78	75	89	83	86	89	73	75	74	74	73	86	78	86	87	74	78	79	87	85	74	86	74	70	90	87	71	86	71	84	90	84	73	83	87	81	74	70	80	80	76	89	81	70	71	82	80	83	83	79	77	86	78	74	71	71	78	88	81	72	88	80	74	89	80	90	82	87	87	72	73	81	86	83	81	79	90	71	78	78	78	78	72	78	86	87	86	80	79	89	82	80	80	73	73	70	86	77	77	76	89	83	81	88	89	83	80	89	85	85	84	80	88	71	79	79	85	74	70	71	79	83	82	87	77	87	84	80	84	72	70	88	71	83	74	75	87	82	81	88	85	88	81	82	80	72	76	82	71	88	72	80	76	72	74	84	83	80	84	85	74	81	85	78	86	79	87	86	82	84	77	88	73	84	87	86	72	83	77	86	82	77	70	83	74	90	71	81	83	87	79	74	82	88	76	72	72	71	79	73	79	84	72	85	74	84	71	78	82	88	90	89	84	89	78	79	77	86	74	78	87	84	80	77	76	77	89	84	87	71	75	86	83	86	81	72	86	90	83	85	73	86	86	87	88	72	85	70	79	87	74	75	79	82	71	87	71	74	81	81	71	88	76	81	76	85	79	72	73	74	76	75	86	76	72	76	79	77	80	78	78	74	71	79	85	79	73	87	77	79	77	72	83	78	70	79	77	89	85	75	79	79	89	72	75	76	87	82	71	81	80	80	73	73	88	82	77	74	84	76	73	87	81	90	79	76	78	82	70	77	70	90	80	82	83	88	73	74	82	76	85	76	77	85	86	86	75	85	86	72	77	79	87	84	80	87	90	78	81	76	84	75	88	75	79	76	74	82	89	79	81	86	78	85	79	82	78	84	79	82	76	83	89	83	80	80	74	86	76	78	90	74	71	72	70	76	89	71	89	72	76	76	74	72	85	85	82	78	80	71	73	83	71	82	71	75	88	82	82	90	75	75	78	84	89	88	81	74	79	74	85	71	85	82	81	90	73	77	78	78	85	88	83	88	82	89	78	74	75	70	80	78	75	76	87	90	87	85	79	71	88	81	71	86	84	72	72	85	87	75	77	74	73	75	84	84	78	84	83	89	71	81	84	70	84	72	85	73	89	86	75	79	86	77	79	76	83	72	79	81	77	88	73	90	89	82	84	78	81	79	78	86	84	75	74	85	75	74	88	85	73	80	90	87	83	80	81	78	83	88	80	70	72	75
78	79	70	71	74	87	80	86	83	84	73	86	76	87	75	72	76	89	72	88	71	85	72	88	88	76	80	71	74	85	75	85	86	88	78	78	86	87	70	82	87	70	78	82	75	85	80	85	70	84	72	84	80	80	82	72	72	90	87	82	76	81	71	80	88	81	74	73	82	88	70	76	71	89	80	74	84	75	82	72	88	86	88	85	79	71	76	89	71	84	76	78	78	72	76	84	90	73	70	82	75	79	86	71	79	85	85	88	76	87	78	76	86	89	71	82	88	87	70	85	88	90	71	83	71	78	85	80	76	80	86	70	85	77	71	81	80	74	72	85	84	77	81	74	72	71	71	74	87	71	71	73	74	83	84	78	85	84	79	83	85	72	80	87	76	78	85	72	78	86	70	85	88	72	78	76	81	77	86	83	79	83	73	79	89	79	88	86	84	80	80	71	84	78	74	89	85	84	83	78	71	88	86	82	87	75	85	81	74	73	72	73	85	83	79	84	74	89	80	85	77	81	84	80	85	84	82	80	84	89	88	79	80	85	74	70	82	88	89	85	85	89	87	74	82	77	74	85	70	86	84	76	89	73	84	77	77	80	77	89	82	83	77	73	87	78	84	79	85	71	71	72	73	84	73	80	76	74	88	73	77	84	81	83	72	72	88	76	77	88	70	79	84	81	90	71	85	86	85	72	72	85	82	76	72	82	89	78	79	74	78	81	85	84	80	81	90	75	89	89	83	84	84	79	76	79	77	89	79	82	73	77	79	74	83	79	85	89	73	81	86	75	80	84	75	76	77	84	79	83	83	81	86	77	84	83	83	71	80	72	74	77	80	71	77	82	85	88	75	78	83	70	78	86	71	79	81	75	81	71	85	77	75	72	72	79	84	85	71	84	76	71	71	83	83	83	89	86	70	90	78	85	76	71	78	78	78	76	79	83	86	71	78	80	89	84	75	87	78	82	80	74	82	76	73	77	78	74	73	89	71	87	88	88	74	82	81	74	89	71	81	74	80	71	73	81	86	80	79	73	75	85	78	77	78	72	87	70	76	76	88	86	86	88	77	84	77	85	81	81	72	85	75	89	88	82	86	84	75	75	73	79	76	76	73	77	85	79	82	85	89	85	86	90	89	88	73	70	80	78	76	89	82	86	89	71	79	89	74	83	71	85	88	84	81	88	85	71	71	78	73	83	81	72	82	89	77	81	84	83	82	75	84	84	86	76	81	88	75	88	82	76	81	73	84	77	74	73	86	85	83	80	88	70	80	80	86	73	82	76	79	82	82	80	75	74	73	84	81	76	73	88	70	89	72	75	78	81	85	87	85	82	81	89	77	73	70	75	83	73	81	73	74	81	89	87	82	77	72	73	73	74	87	89	74	85	83	70	87	78	80	89	87	87	89	75	78	70	84	86	84	83	78	82	80	78	70	90	85	77	78	82	85	77	89	81	78	90	76	78	78	70	75	85	85	74	76	87	77	77	73	77	79	83	80	78	71	75	74	86	76	77	78	76	89	80	77	72	80	81	75	71	79	85	76	89	81	90	81	88	83	81	78	90	80	77	89	81	74	85	73	85	73	73	86	83	76	90	77	71	82	79	77	89	88	71	82	82	71	76	75	87	81	81	81	85	88	89	77	87	80	76	90	72	80	71	89	81	80	83	73	76	89	74	73	82	72	81	78	79	81	84	79	86	81	81	74	88	79	86	84	80	72	80	75	75	77	76	79	75	85	78	71	80	73	81	74	71	90	80	86	84	76	85	85	89	76	75	86	76	74	78	73	77	88	75	77	89	85	84	89	83	85	83	79	76	75	89	75	79	86	78	79	81	72	88	87	74	83	81	89	86	76	78	72	82	73	73	75	76	73	79	76	84	84	71	87	87	88	76	87	78	70	82	85	73	80	86	84	79	88	78	84	76	77	84	90	85	76	85	85	80	79	90	71	74	79	86	83	76	80	80	88	77	90	77	73	76	87	73	82	79	79	78	73	77	72	86	71	74	77	81	74	86	85	73	73	81	82	76	77	88	72	88	83	84	88	79	76	78	76	73	84	86	75	71	82	71	80	85	76	71	75	80	77	80	82	85	75	80	75	73	83	82	73	73	83	73	76	79	84	76	88	89	83	71	83	87	71	84	82	88	86	86	74	82	71	82	78	81	85	75	72	86	74	86	78	86	73	83	82	78	74	74	72	87	75	87	80	86	77	88	84	70	74	81	89	89	83	85	90	85	70	90	89	89	74	82	85	72	77	89	74	74	86	80	86	74	76	84
85	81	71	85	82	73	87	72	88	83	86	71	87	84	85	86	83	70	75	88	71	74	71	71	82	75	83	73	83	71	83	81	71	79	86	77	84	75	81	84	72	77	70	78	88	79	78	87	78	83	77	76	80	75	75	84	78	73	71	89	71	76	90	74	82	85	83	78	89	82	87	77	71	90	72	86	74	82	82	83	75	80	72	82	88	81	81	75	72	88	76	82	80	73	70	76	84	74	72	87	74	81	88	72	75	84	79	78	77	78	90	88	70	85	71	71	86	90	80	90	88	72	83	73	85	87	72	81	78	77	78	73	72	85	82	77	87	88	72	75	88	83	73	73	77	78	86	90	86	88	88	71	72	73	89	71	89	88	80	78	89	79	86	88	75	89	74	75	76	80	81	83	80	75	78	78	78	83	84	80	73	81	84	80	82	87	82	75	80	83	71	86	76	71	83	81	88	73	88	71	90	77	87	86	86	83	79	74	88	76	76	89	78	76	77	81	80	78	78	75	87	89	86	71	85	75	85	80	73	82	83	90	77	71	72	79	70	71	79	79	73	79	89	78	87	78	72	75	84	84	81	72	89	90	79	73	88	78	74	81	86	73	76	74	79	72	76	89	82	89	88	86	86	72	81	78	72	80	81	82	77	72	87	79	88	77	86	90	88	75	75	84	89	87	78	76	81	81	82	80	77	86	77	73	89	72	86	77	77	79	75	73	87	87	80	85	79	85	75	81	78	73	80	74	89	75	77	89	87	79	83	73	71	89	74	77	89	84	76	74	78	76	75	79	85	89	79	87	78	74	75	82	74	76	76	72	83	80	70	73	74	84	73	78	80	72	75	75	83	88	84	86	81	81	75	73	87	84	75	81	86	76	83	79	90	74	85	72	85	78	88	86	81	73	76	76	86	80	89	85	83	87	83	81	79	80	84	75	84	74	72	82	83	73	71	85	81	78	73	74	77	74	89	86	73	73	77	77	76	89	84	81	76	73	77	84	85	87	76	71	84	70	86	78	71	74	80	89	81	80	73	83	87	89	73	90	83	73	73	72	70	81	87	72	83	75	80	80	88	79	71	88	88	74	70	71	76	76	80	86	78	73	77	87	75	72	72	73	85	89	83	79	88	70	75	77	76	84	74	80	87	87	77	88	71	88	87	86	73	90	72	85	76	78	76	86	71	80	78	83	77	75	82	76	78	89	88	89	79	72	73	71	71	81	81	76	70	76	78	71	72	88	75	70	80	81	77	81	73	88	72	79	81	84	80	74	83	74	83	71	78	71	73	82	79	90	70	74	78	85	71	86	75	73	88	87	78	87	73	87	83	89	72	74	74	88	78	81	79	76	74	89	72	87	88	78	72	87	86	79	90	76	83	87	80	79	88	77	90	80	72	87	78	90	79	83	78	73	85	74	84	82	80	70	90	75	78	71	70	79	72	79	76	84	80	74	72	87	72	85	89	87	85	80	78	81	84	90	79	88	85	76	84	81	78	89	77	83	86	70	86	80	84	76	82	81	78	71	87	74	88	90	81	79	81	84	85	87	90	79	82	79	84	71	85	83	87	75	80	90	72	90	76	73	79	74	74	78	89	79	78	77	72	73	75	85	79	75	76	89	70	78	79	71	79	82	77	84	85	78	89	80	83	83	74	81	80	86	77	73	79	79	72	85	73	84	71	88	87	79	76	78	81	83	71	84	90	90	82	88	71	87	77	78	85	77	73	84	89	83	87	73	85	85	85	85	86	76	75	75	76	72	80	89	89	87	72	81	89	87	84	77	88	85	76	86	75	74	75	74	83	79	80	86	84	85	75	77	85	83	84	73	73	81	89	72	79	75	81	74	86	85	72	88	83	81	89	84	90	71	75	72	86	89	84	86	84	82	81	70	83	72	74	74	89	84	84	71	73	82	83	90	84	81	72	79	83	83	84	77	86	79	75	76	89	76	76	85	82	70	74	77	76	86	88	71	74	77	80	87	81	81	76	80	75	81	88	78	78	76	73	83	84	82	77	86	88	85	74	76	90	71	71	78	78	77	72	74	78	72	81	88	80	70	70	71	82	73	79	85	89	71	77	88	89	76	88	71	71	72	88	84	80	79	78	86	80	84	72	79	72	71	84	86	82	88	89	81	74	77	76	78	71	81	76	76	82	81	89	79	72	80	89	79	86	84	81	82	73	84	72	75	72	89	84	78	76	82	71	90	87	70	78	86	81	80	86	76	77	71	72	75	90	84	80	82	76	89	74	78	80	77	70	82	82	85	86	90	76	88
71	78	89	81	82	77	82	86	81	80	85	70	86	73	72	80	78	73	83	87	75	77	75	76	80	74	74	79	85	75	75	73	80	75	88	79	86	89	71	86	74	77	72	73	76	76	86	75	76	86	76	79	75	86	74	88	86	74	73	86	79	88	79	89	78	83	80	76	72	73	84	70	84	81	71	87	76	85	87	89	71	86	77	79	74	78	86	82	87	76	84	78	82	85	81	73	80	87	88	89	89	79	87	80	78	81	80	74	75	87	82	72	74	89	76	88	78	83	71	83	75	87	81	80	77	87	81	90	83	81	85	77	73	73	88	80	83	84	76	76	84	81	87	87	81	74	84	89	89	80	79	76	90	70	83	88	77	79	88	73	86	79	84	79	88	82	72	83	71	89	79	78	82	74	83	71	87	81	90	80	71	83	79	75	88	82	70	74	76	84	80	84	81	88	81	89	74	85	90	70	77	89	88	79	79	90	87	75	86	84	83	71	75	79	71	83	90	70	80	89	85	74	81	85	83	87	73	84	82	72	83	71	74	82	86	76	83	76	70	78	88	87	75	85	73	83	71	83	77	88	75	73	73	82	82	78	83	79	71	78	72	78	77	83	76	88	90	77	76	88	77	72	85	74	90	75	70	89	71	71	70	85	73	86	79	71	70	73	83	73	76	76	84	75	88	75	72	76	76	76	80	80	75	82	85	82	75	79	77	89	70	78	73	85	89	80	87	81	79	73	76	81	80	72	79	75	70	71	76	90	78	85	77	73	75	85	83	88	76	78	75	70	90	85	84	86	74	79	90	85	89	74	82	73	74	77	84	81	89	88	77	72	86	82	77	83	71	75	74	86	78	88	77	81	74	81	86	79	78	71	79	83	71	76	87	71	71	81	77	82	77	84	71	83	78	74	83	89	76	70	86	77	89	75	83	74	70	81	72	71	86	80	71	85	86	88	89	88	85	86	81	78	83	87	79	85	85	73	74	74	83	85	87	72	72	79	72	86	85	82	86	90	73	89	80	79	73	78	83	79	77	74	88	76	73	75	87	70	89	87	85	87	84	82	80	78	87	85	79	79	90	77	78	71	86	71	86	70	81	83	77	80	72	86	86	84	71	86	90	72	81	85	72	73	89	80	82	72	79	73	77	76	84	72	73	81	81	81	87	80	72	73	77	80	83	71	73	79	90	88	79	78	77	87	90	82	72	84	70	87	72	83	86	78	75	85	85	81	86	86	84	89	70	89	71	78	71	77	81	84	72	86	72	76	81	74	71	75	89	78	70	70	86	86	78	81	85	81	85	82	89	72	72	70	74	74	74	81	85	75	73	75	73	71	85	89	71	78	78	78	72	71	82	76	81	78	72	87	88	85	88	73	80	80	70	73	85	79	79	89	75	75	83	81	87	73	76	74	83	84	76	79	73	89	83	87	80	74	73	77	74	83	77	81	72	90	89	83	84	83	89	76	76	89	76	76	79	77	81	89	78	78	84	71	73	81	71	78	80	79	78	89	75	78	70	80	89	73	80	82	86	87	73	82	79	71	81	89	73	82	73	85	74	80	84	80	89	86	89	90	82	80	78	80	76	86	82	88	79	82	87	76	86	81	84	83	77	76	84	83	85	76	81	87	89	76	80	74	84	71	70	84	77	75	74	76	74	71	85	79	89	81	72	79	86	73	89	77	89	89	78	72	71	81	90	89	82	82	72	77	75	86	88	87	72	80	85	77	77	84	76	82	76	73	73	85	79	73	71	81	80	78	72	80	79	87	74	76	87	70	89	86	79	90	74	86	85	82	81	86	77	80	78	75	77	78	72	74	85	78	74	79	89	70	76	87	81	72	72	77	81	87	77	73	90	77	84	76	82	76	76	86	71	76	82	73	83	76	76	82	81	84	79	85	82	90	86	75	75	79	80	77	79	81	70	85	71	90	79	86	86	76	72	73	81	73	75	75	73	73	83	90	82	80	70	87	77	75	80	90	87	84	79	84	74	83	72	75	75	72	87	75	73	76	73	83	81	89	74	85	82	79	90	88	78	89	77	87	88	83	89	73	76	86	72	82	78	84	78	73	70	87	88	81	80	73	74	77	87	81	71	73	81	89	88	84	85	76	90	81	76	76	73	71	86	85	84	86	85	83	81	78	79	76	83	83	83	84	90	76	87	87	88	84	83	83	77	85	83	71	77	79	82	90	78	72	73	71	77	88	79	73	89	87	71	89	84	89	81	72	79	75	79	76	81	77	88	83	83	89	84	89	76	74	80	90	84	77	80	88
88	75	74	72	76	86	82	90	75	73	86	88	72	81	79	78	86	84	76	77	80	84	79	86	73	77	75	89	85	89	87	87	72	81	76	79	76	84	85	79	76	88	81	77	75	84	72	78	85	77	89	77	76	85	78	76	82	90	81	79	84	83	75	84	83	89	78	84	89	78	75	76	89	81	86	89	81	85	79	83	73	80	73	88	71	88	77	71	81	81	73	76	74	72	81	86	80	90	80	79	73	76	86	74	85	74	79	84	71	71	80	70	74	75	83	74	80	87	86	89	87	78	72	70	73	87	90	74	75	80	83	77	75	80	86	77	82	85	89	71	81	80	77	86	85	88	89	79	89	73	88	88	73	81	86	73	71	82	81	75	83	74	85	81	70	86	86	84	75	78	74	85	79	90	70	71	81	86	88	71	73	78	81	75	88	76	83	88	87	75	82	79	75	86	74	85	87	75	76	85	74	72	74	77	71	74	73	88	73	83	86	82	80	79	75	73	81	87	89	78	76	73	86	78	78	83	89	82	90	88	74	86	74	70	74	74	76	78	79	89	81	75	80	78	82	82	84	88	70	83	82	73	82	72	89	71	88	84	88	74	88	84	81	84	87	84	72	80	84	75	83	79	80	81	82	84	80	86	77	74	79	71	82	81	85	89	84	88	81	81	85	82	76	84	85	74	87	71	85	78	84	82	72	79	85	82	85	90	87	81	72	83	87	73	84	80	72	71	89	73	77	88	71	88	86	72	80	74	75	77	75	82	83	79	71	73	85	81	77	87	78	77	88	82	78	88	88	71	73	82	77	84	88	72	89	81	78	84	87	74	73	79	74	77	86	86	87	77	83	74	80	73	80	74	83	75	75	80	79	76	88	80	85	83	82	73	82	77	83	88	79	76	79	82	87	88	90	88	78	73	79	88	84	84	71	84	83	77	77	72	81	90	74	77	75	76	73	79	76	87	79	79	75	81	75	82	88	79	74	78	75	77	81	76	78	84	74	78	79	89	89	72	86	78	84	90	83	83	81	76	73	85	85	86	87	84	85	86	78	79	86	76	88	76	75	71	85	85	70	89	70	71	78	74	77	83	75	84	75	78	87	74	74	85	74	79	88	73	82	79	89	85	75	77	83	77	87	76	86	86	71	83	73	90	87	73	89	81	88	88	77	87	81	84	71	85	75	86	85	90	76	82	74	90	79	79	72	70	80	84	79	88	75	86	89	78	76	78	87	80	87	80	77	87	81	79	80	89	71	80	79	74	70	75	82	73	76	74	85	80	79	71	78	80	88	85	74	79	80	81	84	76	72	71	76	90	80	86	87	90	75	75	82	87	71	74	84	73	75	73	84	73	89	74	85	90	75	82	88	82	90	89	71	71	76	88	89	78	82	76	78	78	88	75	76	76	88	83	76	88	80	85	76	71	75	71	86	85	74	86	75	89	84	82	70	77	79	86	78	88	88	72	86	72	70	79	81	78	86	85	79	82	77	80	90	86	88	73	88	80	87	70	88	78	82	84	80	87	81	74	74	70	77	79	88	88	89	82	90	72	73	75	70	74	75	85	86	77	86	85	74	86	82	83	83	87	71	90	76	85	70	80	77	81	84	83	87	77	83	72	76	75	76	72	78	86	82	76	88	71	86	80	87	89	83	80	90	75	81	84	87	75	88	74	89	85	88	88	89	79	77	80	75	82	75	82	76	84	76	77	89	71	74	71	80	88	72	76	84	73	83	87	83	76	80	85	85	75	80	72	81	76	87	86	79	88	82	84	86	72	71	85	87	78	89	84	80	81	77	88	80	90	89	80	74	76	81	88	90	76	87	71	84	85	86	84	73	88	89	86	77	77	84	89	77	89	71	72	82	89	79	86	74	86	82	86	84	82	85	74	87	76	84	83	83	75	77	80	72	89	86	89	84	70	89	86	88	89	82	76	80	78	84	81	71	77	88	88	82	74	87	78	76	75	89	71	74	84	90	76	89	71	80	87	83	89	79	75	82	86	82	79	85	85	76	84	87	77	74	76	82	85	81	87	80	86	89	72	78	74	88	82	85	80	76	90	77	71	75	74	72	76	89	81	80	77	89	86	78	80	83	82	88	74	75	73	81	74	71	76	87	71	84	79	71	75	79	80	83	79	78	85	71	89	82	82	70	78	80	71	84	76	89	81	75	75	73	81	87	73	83	70	77	84	80	89	71	77	79	79	76	73	72	70	85	74	82	74	71	89	79	89	77	77	89	73	73	89	89	73	74	89	89	72	79	73	71	83	71	84
81	80	84	72	71	75	71	78	84	71	78	76	90	73	73	78	71	82	84	86	82	71	85	82	86	71	87	84	73	84	86	79	86	80	72	76	70	83	77	81	79	87	71	77	74	74	87	89	73	72	90	73	74	85	80	82	71	85	79	72	81	80	84	82	76	82	72	83	76	78	73	84	78	77	86	76	84	80	70	79	75	88	74	70	78	83	71	80	77	89	72	84	85	88	87	71	87	85	88	78	79	76	87	76	76	73	81	74	84	71	83	75	72	77	90	80	84	77	78	88	87	83	86	70	73	81	84	90	88	85	78	74	81	73	87	75	72	71	84	76	77	72	88	77	81	71	81	73	77	71	89	70	76	75	84	76	71	81	76	71	80	86	79	88	70	83	70	85	82	73	84	73	85	83	79	81	89	89	77	89	79	81	78	77	88	83	76	87	83	76	89	81	74	77	85	71	79	82	75	79	76	78	78	71	71	85	83	77	83	82	81	77	84	73	72	88	90	74	77	73	75	85	89	82	72	87	85	87	84	77	80	78	75	78	75	82	79	78	84	74	79	88	77	75	88	70	82	82	81	74	79	72	70	84	72	77	81	76	71	72	76	81	77	80	72	70	81	85	86	86	87	83	88	81	89	85	76	80	80	84	87	80	86	80	78	75	82	84	89	74	89	85	71	77	87	71	78	72	84	70	83	80	82	73	90	74	76	80	77	89	78	89	76	83	85	87	85	75	84	84	83	77	72	82	74	72	89	78	84	90	82	72	84	75	73	70	78	86	71	80	81	88	87	85	85	88	71	86	74	88	83	84	71	71	84	86	73	88	89	80	77	82	74	71	71	87	85	76	84	85	73	74	74	76	90	86	87	72	71	73	87	85	80	73	84	84	73	85	82	76	82	74	78	82	81	79	81	87	88	89	70	89	76	85	85	77	89	78	82	84	85	83	80	85	83	76	70	77	82	71	76	80	72	77	83	72	89	90	86	76	80	87	87	89	81	89	84	73	84	87	78	82	82	78	86	85	86	76	85	85	83	82	82	88	76	74	89	75	89	71	71	88	81	71	87	78	73	89	90	84	75	81	83	83	87	87	77	74	88	74	86	74	75	79	82	73	78	82	82	80	88	85	80	82	82	86	77	77	84	74	78	76	79	86	71	71	75	81	79	84	75	75	76	72	82	90	74	84	70	86	76	71	83	70	73	72	82	71	89	88	83	79	90	84	75	86	83	79	77	81	89	73	80	78	83	81	72	85	86	72	77	82	74	89	75	71	84	74	78	73	71	89	84	74	72	83	88	84	87	76	76	82	89	89	71	73	75	85	90	77	86	86	81	77	85	74	77	89	73	77	77	87	79	72	79	83	70	72	75	83	73	84	78	90	71	73	88	82	83	81	88	86	88	74	85	80	78	82	89	77	81	80	88	74	81	75	81	76	79	70	72	80	85	81	90	88	82	80	74	71	74	83	74	87	85	86	87	71	73	80	87	84	75	86	83	70	76	86	87	82	71	79	81	88	73	85	86	83	70	79	85	87	90	76	82	88	81	74	85	80	80	81	87	72	74	72	83	87	82	79	74	78	74	84	76	75	71	84	74	73	80	80	76	76	81	75	84	71	77	80	88	88	88	84	74	76	85	76	85	85	81	81	72	75	83	89	73	79	78	80	82	78	88	72	86	77	87	89	81	72	83	84	75	87	79	79	78	88	85	74	84	74	82	83	83	85	78	72	80	83	88	82	88	73	87	88	80	80	89	83	88	75	77	90	76	85	81	77	89	87	76	78	74	72	72	86	88	84	77	82	85	74	74	84	83	85	71	85	76	86	87	82	88	84	89	73	80	87	74	78	74	88	87	76	84	89	71	74	80	78	72	83	77	88	83	75	86	81	82	70	84	76	78	83	76	84	70	85	79	73	85	73	71	78	77	74	78	81	72	78	79	89	80	73	82	82	74	86	74	81	81	87	87	72	77	77	80	76	72	86	71	80	73	79	78	72	83	77	84	75	71	88	76	90	75	80	81	79	73	89	89	77	90	76	76	81	81	73	74	85	75	71	70	73	83	82	79	82	90	78	88	79	87	75	75	79	71	72	79	81	86	88	77	71	90	79	72	75	86	79	87	80	87	71	89	75	73	75	71	80	89	90	87	78	84	76	88	73	78	80	77	83	87	76	89	81	84	83	89	75	89	74	88	71	87	78	84	79	74	72	82	72	79	87	87	84	76	84	72	76	80	89	70	85	89	89	89	85	81	72	88	73	86	86	74	78	89	88	87	81
78	77	86	76	81	80	72	89	84	84	88	85	87	85	86	72	81	78	79	70	85	75	80	85	77	80	85	79	80	83	86	71	76	83	76	77	77	89	80	72	71	89	89	79	88	71	79	84	73	81	72	73	89	78	79	88	73	72	81	81	81	74	76	77	75	79	73	89	77	72	82	83	83	88	77	90	77	71	77	89	86	77	72	81	72	81	82	81	83	74	70	85	74	87	74	82	71	83	81	77	80	84	83	85	84	84	80	77	88	75	73	73	86	89	83	75	84	82	75	82	74	77	82	75	88	83	71	82	76	83	85	72	83	90	76	77	86	86	85	70	71	86	83	75	73	74	87	82	81	77	75	79	83	73	72	85	76	72	71	90	89	75	79	88	87	79	76	89	72	82	81	86	72	71	89	86	72	81	76	89	73	78	81	85	88	80	88	72	76	87	87	73	88	87	86	84	76	88	87	82	74	89	77	81	80	75	71	71	86	72	87	87	77	89	81	88	75	72	75	81	74	73	87	74	81	71	88	74	88	75	75	86	84	71	86	71	74	81	72	83	90	71	74	71	90	86	72	78	76	76	72	72	90	77	87	87	74	86	87	86	84	82	72	77	70	75	85	89	80	78	89	78	87	75	76	78	77	79	84	74	78	75	70	82	76	75	80	86	80	85	74	87	83	71	88	90	71	79	88	81	85	74	80	87	73	78	77	77	74	88	74	80	87	71	79	79	82	72	71	73	72	85	89	86	78	85	87	81	77	77	89	79	80	70	80	73	82	81	82	76	73	75	85	85	78	76	83	75	79	85	81	89	71	71	87	87	71	79	81	89	72	87	79	90	89	70	77	90	75	87	70	77	76	72	76	76	81	80	70	76	89	73	86	80	85	90	72	86	77	80	83	80	82	89	84	73	73	76	82	83	80	75	88	87	83	85	86	89	75	77	75	86	79	77	76	85	87	85	76	78	84	78	71	81	88	75	85	82	78	75	76	76	87	82	75	78	89	84	70	75	87	81	76	71	71	86	86	82	81	74	84	83	74	84	84	81	77	81	85	90	85	86	85	73	80	80	78	84	81	73	89	83	85	77	86	90	80	80	76	72	88	72	80	71	89	81	76	72	75	80	74	71	72	88	82	80	70	87	82	77	71	74	71	77	76	75	83	86	74	81	74	82	77	78	72	79	73	73	87	70	87	80	88	73	81	79	75	72	85	76	74	72	71	77	77	80	85	89	75	90	87	90	81	78	80	86	81	76	80	80	79	87	74	76	72	89	78	75	80	89	87	70	71	75	71	89	78	88	76	85	76	88	86	81	82	72	73	86	89	73	73	71	78	71	90	73	78	74	77	71	70	81	72	85	71	72	71	85	88	77	76	77	73	84	81	81	71	89	87	84	70	83	86	75	89	90	88	79	78	77	86	79	88	84	74	84	76	88	90	81	73	87	84	88	79	71	78	72	83	74	82	73	74	74	88	82	87	70	72	86	83	84	75	75	83	79	84	75	84	80	84	73	78	88	84	88	89	79	80	82	84	76	84	83	89	83	85	73	71	72	71	81	74	88	72	85	89	87	75	72	86	85	73	74	76	84	72	71	76	81	86	71	74	86	82	84	84	75	70	79	75	73	88	81	82	88	75	89	76	84	76	89	89	81	80	85	76	86	84	88	79	78	84	83	79	84	71	75	88	74	82	71	73	74	79	72	84	85	75	72	75	79	80	84	80	90	83	77	77	71	74	76	73	73	79	88	75	87	88	89	80	89	70	70	77	75	85	80	76	85	89	80	71	78	72	81	74	78	86	82	78	89	71	77	72	70	75	70	77	78	77	75	82	79	85	77	87	88	79	86	81	75	78	88	84	85	77	89	70	73	86	74	73	88	86	72	86	88	81	80	79	85	86	82	74	81	71	88	74	83	89	82	73	84	85	89	84	77	72	83	77	83	79	73	86	84	82	84	83	72	87	83	81	77	85	79	70	72	73	75	76	83	79	77	77	71	70	87	90	81	80	86	87	89	81	75	80	79	71	74	75	89	80	75	87	79	83	87	88	88	75	76	71	72	73	89	75	76	78	70	77	71	80	75	75	82	81	78	78	88	73	79	74	85	83	90	79	76	83	72	86	73	90	79	79	88	79	87	79	84	84	74	78	87	77	78	82	72	80	74	73	78	84	82	73	80	83	73	73	74	87	80	89	83	76	82	71	78	90	79	84	83	80	76	90	83	87	79	84	85	86	71	79	86	87	82	87	89	74	72	88	73	83	73	89	72	85	86	73	73
wj																																																																																																																																																																																																																																																																																																																																																																																																																																																																																																																																																																																																																																																																																																																																																																																																																																																																																																																																																																																																																																							
63	14	83	25	48	74	7	69	15	30	60	25	48	13	48	37	94	89	44	52	81	97	10	98	28	9	19	72	50	62	53	9	89	14	53	76	3	74	3	52	5	32	55	35	3	29	48	8	83	87	58	86	2	12	90	43	34	84	78	46	13	26	65	83	83	50	95	32	97	52	42	4	3	33	34	84	22	53	97	1	5	50	23	15	80	20	61	56	19	28	25	36	71	71	6	14	55	9	99	21	89	68	100	43	14	49	94	79	61	43	50	87	82	53	67	31	65	77	31	46	2	84	64	84	44	14	78	18	52	97	63	67	42	57	61	52	70	18	37	63	34	13	67	13	62	18	43	46	30	85	83	83	4	93	20	53	93	23	59	88	68	95	48	96	95	85	35	7	36	83	96	51	21	46	44	7	88	57	19	25	90	11	65	66	7	39	17	51	95	29	87	82	56	47	67	42	15	78	48	55	99	5	66	76	84	62	91	27	42	25	94	73	73	4	46	79	83	63	10	18	77	39	12	30	65	52	8	45	66	7	31	36	90	25	73	23	61	8	63	51	69	55	96	79	74	48	68	82	60	79	7	93	50	96	54	19	76	49	35	61	11	85	33	64	7	6	17	74	66	88	75	46	61	24	7	62	99	75	73	47	35	21	6	9	37	29	78	36	50	90	6	46	21	57	85	17	97	24	92	16	55	3	86	83	77	85	30	24	94	75	76	27	16	4	4	17	72	49	75	80	50	83	72	63	29	53	19	85	76	11	61	53	72	65	70	97	79	93	43	56	39	5	7	96	93	35	79	38	21	22	4	8	85	8	70	49	10	16	47	45	19	62	57	96	97	25	46	25	3	10	5	75	50	38	7	26	66	51	38	4	52	77	97	67	66	88	66	80	39	90	69	50	14	94	27	48	41	74	95	14	70	27	85	76	24	84	2	73	63	16	67	30	21	78	56	2	95	12	2	49	2	39	43	1	20	80	86	16	23	40	44	49	48	14	82	76	79	20	2	1	80	12	62	36	2	6	39	34	12	60	28	69	55	7	26	63	74	21	11	74	79	42	67	43	47	49	67	4	6	6	56	63	27	58	31	60	51	47	88	61	96	13	11	27	72	45	10	72	11	16	72	51	74	66	13	20	97	69	29	58	97	96	58	28	32	14	12	96	94	42	30	67	51	88	55	24	95	98	79	3	52	82	45	63	3	86	6	29	93	20	3	95	21	71	74	72	32	58	85	84	86	85	31	49	53	72	25	63	74	10	66	28	82	25	15	39	76	43	40	58	31	12	73	5	34	95	92	30	41	59	29	8	8	62	54	61	6	72	61	70	2	69	80	99	42	87	39	76	38	41	54	80	14	51	52	46	61	68	18	59	61	69	70	79	61	18	42	77	40	74	71	89	82	80	43	89	88	60	38	9	12	69	57	87	66	75	64	12	67	34	26	70	92	35	30	99	83	47	45	41	59	39	71	49	27	48	67	34	34	32	99	69	84	24	1	57	31	72	38	95	49	91	52	20	27	87	91	67	84	95	48	78	74	38	90	99	58	26	11	18	78	20	91	34	36	50	67	83	38	54	20	94	39	90	17	16	36	24	17	74	45	24	77	52	29	59	53	52	25	76	99	47	92	59	4	35	46	69	9	12	16	60	91	63	80	63	25	58	95	74	50	71	91	48	48	1	5	42	51	22	62	46	93	89	94	19	18	65	96	49	76	56	71	25	23	91	56	84	59	71	71	83	95	73	98	6	56	69	84	12	54	49	13	53	54	2	51	4	4	40	59	97	20	81	89	93	36	43	66	10	37	3	64	45	24	13	41	38	80	81	32	8	11	64	24	90	80	82	27	45	2	4	94	54	91	32	79	21	82	31	71	63	62	19	64	10	20	78	2	19	77	86	52	98	68	74	82	60	41	30	97	89	57	57	82	30	28	73	90	58	74	98	72	74	8	92	31	3	82	52	60	17	85	70	44	42	89	91	54	98	69	11	50	14	29	25	4	86	11	64	90	21	89	25	36	39	4	23	48	63	70	4	63	33	11	51	42	26	43	54	7	91	36	23	9	52	77	16	3	98	61	80	72	68	34	13	55	93	2	3	87	59	58	62	39	62	3	89	69	94	52	82	46	78	48	32	93	21	77	47	33	71	4	40	22	84	93	16	21	42	23	25	65	5	9	54	2	51	78	48	83	48	15	5	3	90	89	82	14	78	26	92	42	15	18	3	32	14	72	97	50	8	42	73	97	51	17	90	92	65	91	66	29	59	2	23	14	40	32	26
