pij																																																																																																																																																																																																																																																																																																																																																																																																																																																																																																																																																																																																																																																																																																																																																																																																																																																																																																																																																																																																																																							
98	57	42	37	20	41	73	46	54	64	60	32	28	99	99	51	59	74	38	58	38	60	65	61	78	32	98	95	59	70	49	53	81	65	43	91	20	87	80	79	68	44	87	66	81	81	40	38	97	35	49	24	48	84	33	80	50	96	89	41	18	21	80	77	61	56	39	39	28	11	43	22	16	21	25	49	41	66	76	53	52	96	30	92	75	55	86	14	80	34	29	78	92	44	41	28	99	33	15	13	63	65	76	67	48	68	80	38	100	69	77	88	53	80	41	54	83	72	11	61	63	94	44	62	19	94	24	14	88	88	51	29	34	14	74	34	92	38	78	40	29	90	47	20	73	66	50	44	89	76	31	82	62	69	25	15	18	52	91	33	75	54	18	39	10	89	84	34	63	37	77	95	65	21	52	14	38	78	32	59	74	38	42	98	63	39	73	15	98	96	65	21	73	42	17	57	98	93	40	92	78	69	60	29	57	89	13	43	69	16	25	94	28	17	75	37	48	93	12	50	81	97	13	81	49	30	85	48	73	89	43	94	27	45	43	82	99	20	74	27	89	92	79	32	21	55	57	39	52	26	24	15	60	56	69	24	36	59	51	48	33	23	37	52	55	81	49	70	69	91	64	56	39	13	56	81	74	42	52	23	31	12	32	18	55	49	59	40	35	68	34	51	92	17	15	27	64	37	38	22	40	21	66	26	92	81	81	76	37	65	83	31	32	99	36	67	69	93	84	29	84	75	44	62	75	22	51	53	76	36	94	93	89	61	71	100	49	20	53	27	16	98	20	69	50	43	47	35	63	16	91	38	39	35	21	22	63	22	88	27	49	43	86	95	23	54	22	27	78	19	28	77	87	95	14	70	83	64	67	52	18	26	73	40	72	81	92	90	51	81	45	41	64	18	17	62	66	60	19	52	39	69	65	15	40	50	18	84	44	95	85	52	38	21	31	49	28	17	84	56	22	61	62	16	86	80	76	27	47	30	28	36	18	47	45	94	64	85	93	98	59	45	39	36	82	37	25	35	57	23	83	96	67	42	24	36	76	47	12	28	73	35	84	71	23	27	32	73	97	16	48	99	73	73	40	61	34	17	13	40	43	79	28	68	47	95	13	76	23	58	72	90	95	78	48	27	51	29	70	43	98	41	34	61	61	46	72	24	29	82	36	13	11	49	83	32	67	46	48	77	36	59	52	69	82	98	32	99	76	65	71	57	24	33	53	43	19	21	31	91	30	40	29	74	20	74	32	39	80	40	43	39	74	69	31	41	68	92	93	16	39	86	34	36	92	97	13	80	91	87	72	34	81	61	63	13	63	81	54	20	27	65	98	90	53	65	60	58	97	17	43	55	58	21	50	20	57	93	69	91	56	59	32	93	57	96	44	44	23	94	54	13	88	46	20	30	72	24	57	53	81	87	36	79	30	30	55	85	40	72	11	77	93	30	42	16	28	54	49	39	86	66	90	82	90	38	32	76	33	25	53	55	67	25	39	69	59	31	31	52	63	78	89	20	98	22	55	65	20	43	93	79	98	47	24	20	62	22	72	90	28	69	26	48	62	31	19	27	85	67	25	97	63	35	37	95	28	28	63	84	21	80	89	44	95	95	51	57	11	40	27	57	42	55	36	46	23	58	41	86	73	61	43	44	80	83	44	44	98	68	29	29	33	25	59	22	95	55	69	99	53	67	69	22	96	70	64	58	52	69	85	39	66	71	38	82	33	47	83	98	62	62	46	93	69	14	86	62	99	28	91	21	16	32	85	61	38	89	30	43	62	50	55	48	84	51	82	17	53	87	65	65	63	95	96	70	14	97	49	80	63	74	33	13	88	88	61	35	46	68	83	50	63	59	73	34	54	41	11	41	55	81	47	22	68	42	32	21	22	85	12	70	24	28	80	93	63	56	61	68	86	11	74	59	65	98	16	62	95	45	89	82	57	92	96	66	83	38	84	19	68	17	84	88	18	98	56	11	68	58	33	24	83	58	95	27	77	49	36	55	70	81	26	71	62	81	20	53	21	34	37	90	74	57	85	52	69	90	14	87	46	61	95	74	76	13	22	13	31	62	11	75	16	96	38	39	70	69	85	66	77	99	64	99	10	84	94	62	34	26	24	40	14	53	67	57	76	24	42	89	38	41	72	98	28	92	21	20	20	17	99	98	38	35	48	76	55	88	37	40	19	58	93	49	27	91	90	27	37	85	42	84	53	52	43	33	42	17	87	33	23	85	87	12	64	39	69	78	84	81	71	55	51	89	94	86	97	31	86	70
20	50	99	58	62	45	14	31	48	96	48	97	12	61	46	36	83	19	53	83	84	12	99	57	82	78	81	52	54	19	41	92	94	19	30	65	35	41	36	96	58	19	21	83	25	49	68	35	67	25	33	68	41	15	63	23	41	11	87	33	75	86	98	93	22	91	40	52	47	70	16	40	25	12	52	92	23	20	36	85	57	40	17	48	84	37	69	92	67	95	30	67	67	64	36	68	58	61	50	54	69	35	15	18	13	58	60	93	50	67	93	34	59	46	93	36	28	77	30	69	69	80	18	53	33	46	88	54	23	15	59	63	92	31	66	62	42	47	84	69	77	79	95	45	88	42	84	85	85	46	87	61	59	58	60	45	18	58	81	70	44	40	53	41	24	24	39	41	99	82	53	62	47	39	18	84	18	69	23	44	64	70	46	39	63	55	14	81	62	17	36	77	73	87	60	85	16	34	24	100	73	37	45	53	61	59	15	22	93	66	12	76	60	63	88	67	42	91	98	66	12	89	11	76	17	92	82	87	73	90	47	20	73	17	74	90	90	49	56	48	91	12	80	53	78	16	43	45	55	97	100	52	41	45	55	16	13	68	66	24	56	39	66	52	94	84	92	55	50	82	85	58	44	90	45	70	55	34	37	40	21	59	96	84	87	58	87	49	15	41	69	92	77	96	54	42	24	73	72	61	97	47	94	95	87	25	51	11	95	93	13	91	81	35	56	27	90	70	70	70	55	38	45	78	53	75	66	92	31	30	91	55	97	24	92	81	76	75	36	21	80	82	27	18	85	20	28	89	16	18	56	23	53	48	45	87	14	62	71	59	39	74	11	16	58	42	23	64	34	69	59	40	60	98	48	46	43	58	54	58	96	96	76	42	20	92	92	75	87	76	18	19	98	87	89	25	49	29	19	72	16	37	45	21	98	72	74	93	49	14	26	28	47	42	61	35	29	59	60	44	96	75	36	40	78	46	66	16	81	13	74	13	18	66	59	19	49	40	49	25	36	40	31	15	48	39	88	16	58	42	57	46	51	96	100	68	11	86	84	100	10	54	97	88	80	77	26	66	14	21	79	68	73	17	25	74	39	92	32	39	97	46	11	73	74	21	95	58	45	10	16	91	99	39	83	27	49	30	64	47	63	36	91	57	38	10	83	76	40	88	31	27	89	21	75	99	45	12	34	56	54	76	36	36	11	31	60	88	56	98	46	14	66	63	22	80	92	83	62	63	77	61	64	80	66	92	15	29	11	22	55	27	25	97	17	22	86	15	79	44	80	55	14	76	24	52	93	40	51	27	55	79	84	94	34	18	26	95	83	71	55	96	53	43	35	25	77	88	17	33	57	66	63	31	93	60	62	30	55	60	90	82	80	85	34	70	63	17	73	96	87	48	46	64	62	25	11	90	52	25	11	78	42	39	90	87	71	81	13	48	44	36	99	37	10	55	53	78	66	90	40	32	56	52	65	92	86	100	46	39	18	99	54	64	52	35	68	93	61	88	39	95	28	46	29	46	82	55	46	29	11	62	46	30	47	19	10	26	25	50	76	92	42	87	47	43	32	83	52	49	93	27	47	22	11	49	63	54	30	16	76	39	90	89	83	11	100	85	26	73	27	67	47	23	92	38	30	60	67	87	24	30	34	93	19	47	66	75	93	38	24	32	69	38	65	41	64	72	93	67	99	26	27	67	27	55	88	95	69	23	30	55	94	39	51	95	44	42	69	32	52	49	82	69	52	52	82	45	21	41	39	100	76	56	84	45	75	94	89	14	81	14	55	18	60	61	77	84	41	54	48	53	20	29	86	78	17	20	89	13	26	16	62	78	19	56	12	39	36	76	38	54	80	22	75	39	14	63	67	32	90	99	52	35	53	11	13	32	50	31	57	78	24	85	71	68	98	35	65	66	84	93	22	48	37	51	97	25	25	96	71	87	99	50	96	27	79	49	12	88	47	64	16	41	39	81	79	14	85	72	36	63	39	55	89	39	34	74	40	99	37	84	58	83	29	20	49	46	68	74	13	74	54	71	92	23	15	58	50	15	14	55	92	54	29	29	95	81	97	49	54	59	60	65	26	81	48	78	41	64	51	66	73	93	45	63	21	82	47	36	79	71	36	96	30	79	10	19	54	89	65	43	74	13	68	68	21	91	33	22	80	41	20	72	33	35	39	48	73	13	33	21	35	49	92	27	55	44	70	39	13	16	28	56	67	61	72	95	65	87	61	24	73	60	96	80	57	26	55	85	16	18	69	74	96	80	29	45	61	99
45	77	31	49	47	83	74	98	70	63	55	93	88	20	29	85	11	51	59	74	42	97	43	22	46	59	38	93	30	15	51	89	75	67	57	66	70	49	19	69	78	69	63	60	37	93	92	21	12	97	36	61	44	26	93	97	13	90	92	44	40	84	40	11	97	16	41	74	27	20	95	26	67	85	69	27	99	73	43	25	41	25	60	83	27	51	56	84	76	42	78	82	73	92	11	77	12	67	58	62	93	37	55	88	29	66	82	51	100	34	51	25	50	69	86	12	15	58	35	83	47	12	16	62	94	94	57	95	26	55	18	40	50	83	55	70	53	12	71	33	48	11	21	76	56	78	42	68	54	73	42	30	98	69	70	12	24	19	14	98	31	41	96	64	58	76	24	61	99	52	65	18	13	31	37	17	85	81	55	97	17	49	21	20	85	70	68	69	49	49	84	40	29	44	63	23	57	99	90	18	53	83	37	44	42	15	12	62	23	77	43	25	33	81	75	32	30	23	67	48	84	98	43	97	19	51	95	98	28	79	58	31	33	61	53	91	89	70	72	90	92	92	70	85	25	61	59	36	15	74	64	74	19	42	92	19	47	17	89	83	10	91	23	68	20	43	66	70	72	36	21	21	72	70	95	75	14	14	99	98	39	16	23	53	22	56	100	91	76	36	99	95	58	69	96	54	34	21	72	53	43	14	40	70	49	73	56	83	23	33	86	37	47	98	99	35	73	100	10	76	95	16	59	26	53	83	48	93	68	54	34	95	26	67	37	29	69	17	74	44	10	30	89	72	82	78	68	21	33	94	42	12	46	46	75	73	38	38	34	90	96	49	56	46	57	28	97	93	36	35	42	75	53	19	78	25	47	23	96	50	59	38	52	22	59	24	12	72	76	41	23	81	52	14	90	61	31	37	48	54	78	57	62	15	81	17	39	22	65	68	45	63	75	96	44	64	83	39	84	11	98	15	19	61	16	29	29	86	81	65	38	95	36	86	67	63	61	71	18	28	55	34	79	90	33	27	63	11	30	11	45	56	78	61	97	77	33	31	82	69	75	67	97	83	39	47	49	50	41	97	66	26	98	92	76	84	51	78	11	61	86	36	63	39	42	27	21	57	11	53	67	80	90	11	53	24	19	42	91	72	35	85	82	78	41	22	17	14	94	87	69	94	81	76	96	57	55	89	26	22	97	16	98	83	74	60	58	78	19	94	50	74	80	48	36	12	63	97	44	28	53	18	85	89	100	31	40	50	81	48	84	38	53	71	86	24	17	16	68	85	24	46	18	78	96	85	66	65	58	12	78	68	42	13	66	50	28	11	47	30	40	50	76	36	72	57	10	91	51	81	31	95	14	90	45	39	92	60	83	42	36	24	38	100	83	94	62	30	54	61	72	14	79	44	72	93	95	54	32	79	33	27	48	94	12	98	93	88	46	23	25	59	15	36	18	67	95	79	58	79	67	87	26	51	81	62	69	34	100	37	83	80	17	94	19	94	71	89	76	42	71	99	28	42	18	53	60	29	79	87	22	42	47	66	60	71	41	60	41	50	73	92	54	12	48	22	19	90	88	57	20	30	76	62	37	80	62	61	83	31	44	97	45	81	21	52	63	93	51	45	21	90	41	62	43	15	14	47	49	61	25	39	33	20	17	54	29	57	71	80	79	51	84	35	63	53	12	71	64	92	20	78	95	25	11	21	67	40	45	100	27	75	35	11	88	54	57	67	48	23	72	18	25	24	79	73	36	86	35	66	13	59	80	45	70	30	52	96	74	21	71	64	61	88	81	15	26	69	42	32	26	66	74	32	61	50	72	71	33	62	19	33	71	25	43	47	47	43	32	58	67	41	78	29	50	53	98	71	41	59	21	24	54	80	48	66	38	37	58	61	71	48	51	77	83	41	55	42	34	62	21	78	24	71	56	35	86	35	57	54	95	16	32	52	97	50	34	36	81	28	18	83	50	63	94	69	20	97	97	74	32	77	22	68	58	13	76	19	24	23	49	32	55	24	76	68	15	79	62	68	63	56	93	21	34	47	86	34	50	63	84	90	75	33	62	35	74	92	26	86	40	17	66	58	36	47	29	60	33	88	16	10	97	51	46	66	99	92	100	50	37	10	67	91	95	28	43	23	37	85	75	88	95	31	74	41	91	77	78	71	84	14	95	30	14	92	27	39	35	33	35	48	26	68	83	65	63	18	80	95	42	67	83	90	81	72	57	17	56	64	83	78	23	77	15	88	32	66	40	84	91	98	34	29	18	13	16	53	21	76
54	40	98	34	71	48	77	51	12	47	14	85	29	84	52	86	69	72	87	42	66	49	46	11	68	49	97	69	27	74	16	69	78	39	96	61	11	46	75	47	39	18	25	95	10	59	54	53	41	47	37	36	52	60	68	20	85	55	21	71	37	70	75	67	26	23	72	32	75	50	63	52	41	60	94	16	43	69	81	48	84	34	89	67	78	11	82	95	16	60	53	71	64	21	82	73	86	52	29	19	69	26	22	50	92	33	43	98	23	20	55	95	48	78	95	42	77	43	63	70	38	80	56	38	75	53	88	48	76	15	81	68	38	92	60	24	85	37	27	60	59	95	56	35	45	42	66	52	81	66	41	21	92	11	31	36	39	11	29	68	11	68	18	48	79	49	77	63	21	81	60	12	91	64	21	41	83	69	37	24	34	22	45	15	89	59	31	44	20	16	82	69	73	58	83	91	75	28	22	40	28	83	61	92	20	85	45	43	33	48	83	63	19	51	99	24	68	69	60	37	48	76	51	80	46	42	72	56	12	19	21	85	74	38	50	33	79	29	60	11	61	55	17	23	66	96	76	26	97	27	63	64	32	55	41	57	16	41	47	42	94	62	35	15	22	57	79	79	44	92	70	72	45	23	55	43	80	40	52	29	59	97	63	35	79	17	94	30	73	97	49	24	76	24	84	19	70	13	79	34	91	83	56	53	57	14	45	49	62	20	44	71	54	74	82	28	64	11	66	42	61	41	20	19	43	23	69	26	77	64	18	64	44	41	46	62	34	40	42	27	35	93	39	17	91	59	59	68	28	41	64	99	66	63	76	38	75	24	75	91	40	73	33	67	48	89	93	41	16	22	55	46	15	17	74	58	57	69	32	15	40	39	95	85	45	36	39	44	14	46	71	33	76	37	99	72	85	55	29	50	38	86	70	58	49	64	19	48	34	25	57	95	80	12	59	28	51	50	72	17	42	26	18	50	12	30	62	23	75	33	29	59	14	46	28	31	36	54	95	89	38	26	79	25	82	62	51	63	84	94	14	41	51	29	62	92	62	98	75	60	68	34	40	87	37	32	98	29	34	45	91	54	39	59	95	54	96	85	24	99	99	22	54	80	22	24	41	13	73	51	18	71	26	84	70	60	50	69	69	33	65	32	19	77	43	76	70	29	42	40	22	98	30	63	78	100	13	14	47	60	43	74	35	80	46	60	57	46	20	32	27	95	90	22	75	90	62	39	97	59	78	74	23	79	49	67	94	62	25	56	55	38	62	59	76	80	49	78	91	44	60	90	76	90	65	62	30	32	71	13	68	71	45	19	48	91	69	91	93	89	54	33	20	96	47	50	47	98	34	98	20	31	16	44	94	21	58	41	31	73	79	87	92	57	23	26	11	56	77	50	17	10	29	51	95	54	28	50	60	95	46	19	69	49	63	51	82	11	43	77	29	34	11	62	64	83	63	97	70	36	23	20	38	99	39	32	67	93	26	96	12	57	16	25	38	31	32	78	32	81	80	89	19	71	39	62	58	54	36	62	36	28	90	98	94	59	23	48	56	32	50	92	58	85	33	70	60	95	90	63	94	64	11	61	43	70	70	73	58	16	25	83	12	20	27	93	82	49	47	19	85	83	66	22	93	15	69	50	94	54	69	14	64	93	29	76	17	38	31	17	57	52	53	22	26	10	74	94	40	87	32	97	85	24	14	46	18	48	22	65	14	28	60	31	46	61	10	65	77	51	51	80	98	77	61	69	58	57	32	96	89	10	15	66	39	56	27	77	38	78	22	59	62	45	78	96	48	51	18	55	80	13	63	85	55	64	55	12	10	94	64	62	95	40	60	56	56	59	29	34	74	76	77	17	68	59	30	40	15	51	87	96	23	12	48	62	73	13	27	65	52	72	95	79	68	92	50	95	99	78	58	51	18	24	43	92	69	90	64	85	31	95	42	37	100	90	66	54	65	41	28	87	99	40	25	47	50	66	35	75	21	74	95	48	67	29	21	18	27	88	29	50	95	100	62	79	26	81	28	53	71	76	24	27	62	43	73	14	36	58	94	13	47	91	75	19	22	47	28	85	79	82	88	54	35	17	56	53	28	49	42	65	17	67	86	85	72	21	89	73	29	77	51	28	29	54	34	51	78	52	93	40	48	91	19	93	58	72	40	89	76	64	57	50	73	12	72	35	30	26	17	15	86	39	60	25	70	32	69	32	14	81	26	89	96	61	41	78	87	68	48	28	56	37	52	28	90	55	35	59	84	62	40	60	78	79	51	63	70	16
17	34	50	35	94	79	55	99	64	18	71	22	73	86	30	60	57	91	64	70	51	48	74	73	12	90	30	15	60	55	58	49	61	61	43	57	49	14	74	19	60	86	45	10	96	64	23	58	73	18	72	31	63	82	11	32	86	50	97	27	89	12	59	55	67	69	62	57	28	98	45	71	29	42	96	20	91	48	11	41	48	66	52	19	47	10	45	84	34	42	92	63	32	53	30	34	66	67	65	89	41	72	36	99	58	70	98	11	30	75	87	72	13	59	51	90	80	12	22	44	73	49	89	60	32	63	90	64	99	88	70	11	90	29	90	39	54	57	18	71	71	76	61	34	77	26	97	57	91	40	54	70	93	93	55	80	43	41	90	98	83	98	44	15	92	73	96	93	40	90	38	52	59	10	26	91	93	72	29	64	72	57	20	75	20	18	94	95	76	48	60	43	16	85	61	99	29	79	45	23	83	25	72	52	91	15	18	62	29	80	12	21	36	95	43	44	91	33	81	95	20	66	84	94	84	24	19	25	81	84	43	63	30	37	96	45	30	59	41	86	31	56	76	31	57	90	49	80	37	83	20	85	79	63	62	89	44	83	61	78	86	52	54	78	65	36	82	13	56	82	78	42	37	36	12	75	60	91	69	86	88	49	30	99	58	43	78	53	84	45	75	12	24	67	32	99	80	41	50	71	85	37	56	58	30	23	85	87	17	42	79	69	80	48	24	79	44	95	40	11	34	75	22	90	69	82	26	59	87	70	96	44	21	83	40	79	65	45	20	58	14	44	32	66	65	28	21	48	40	52	73	56	38	24	79	30	83	63	41	95	24	67	16	66	24	94	30	39	91	79	87	92	54	61	86	83	16	63	37	54	16	74	94	47	95	95	50	31	63	77	13	70	59	87	37	21	29	65	78	14	46	33	13	61	18	47	94	90	99	73	44	11	41	42	100	65	87	48	12	11	35	67	43	74	18	19	65	53	15	52	35	99	60	34	18	97	45	51	88	70	60	85	75	86	78	36	40	63	16	58	60	12	98	42	71	75	55	23	38	57	81	56	99	46	72	85	93	34	82	42	28	53	62	74	59	73	76	11	17	58	92	37	30	29	77	51	38	52	10	22	72	23	84	77	83	81	65	47	68	94	32	92	71	73	40	96	91	23	41	88	72	31	28	68	73	21	82	35	72	64	24	69	59	17	49	32	78	62	84	14	42	91	63	87	87	63	30	23	95	98	79	95	79	32	79	93	23	63	68	70	53	19	89	63	97	93	71	11	54	27	25	36	78	80	88	16	81	13	90	49	65	17	76	31	55	62	48	63	18	49	74	12	29	32	41	94	76	88	13	58	52	89	57	78	44	55	97	16	59	75	75	99	69	47	38	64	83	72	82	89	86	43	59	54	62	34	19	87	22	42	70	19	68	64	18	24	67	21	27	77	12	59	31	75	58	62	93	48	48	49	50	66	76	33	26	62	72	69	59	45	18	66	97	42	35	53	60	95	75	77	25	28	77	28	12	49	33	44	73	49	96	82	91	72	69	31	72	52	31	51	91	30	31	98	48	60	75	43	84	83	95	45	53	84	14	71	95	87	55	73	56	15	84	50	71	53	25	22	65	82	18	37	98	99	30	95	81	90	93	47	21	30	65	83	98	54	43	31	64	38	17	52	91	55	52	23	87	25	63	90	38	80	69	75	48	51	71	14	97	36	76	88	82	53	79	57	58	25	38	65	17	46	19	62	63	38	47	31	97	46	46	98	32	21	17	50	87	96	64	44	18	44	56	35	79	99	93	27	47	94	83	54	13	80	43	50	59	51	18	82	51	49	35	90	34	45	77	94	34	77	91	59	84	21	59	25	54	19	50	12	50	82	51	86	47	93	43	63	83	43	20	52	76	64	90	62	13	22	58	66	50	69	38	13	60	16	83	12	69	99	85	33	26	19	93	57	79	68	21	13	59	43	92	38	64	71	19	75	98	44	75	41	58	45	22	43	51	77	81	14	28	61	29	44	18	88	25	61	46	26	65	14	88	11	58	65	30	39	91	82	56	77	39	46	18	16	37	80	50	71	16	34	44	62	89	68	44	94	21	65	26	98	28	28	23	32	93	54	54	93	38	80	34	22	22	32	90	50	74	91	49	17	34	45	11	10	52	79	58	53	28	99	76	93	70	53	46	46	31	64	46	91	91	26	54	54	70	67	12	94	30	41	38	66	93	65	99	76	97	32	85	11	88	55	18	47	86	54	13	82	48	99	44	81	82	18	62	39	54	18
51	67	42	90	68	18	31	87	87	50	92	59	89	77	44	73	50	60	100	99	11	61	51	34	67	29	54	44	19	62	56	100	65	56	92	28	36	82	72	98	44	78	39	95	75	51	41	74	70	43	13	86	74	26	53	33	15	56	89	27	99	36	100	67	32	98	13	54	43	31	90	46	10	81	12	57	70	12	72	19	87	45	58	32	24	67	87	25	56	14	48	76	70	23	65	78	76	20	11	21	27	98	33	46	37	17	50	94	90	58	55	34	70	69	52	60	43	51	68	12	30	45	16	21	40	33	61	62	38	34	94	59	15	35	62	86	27	68	41	74	61	29	55	32	43	57	35	44	23	25	14	58	42	99	78	16	23	25	75	97	91	99	76	98	100	30	69	58	11	68	74	80	91	17	24	88	48	84	93	25	13	83	72	56	36	85	74	67	38	38	76	12	59	18	77	19	82	83	65	50	66	60	25	37	36	34	11	11	42	26	42	61	83	49	95	18	30	21	66	81	55	37	58	61	48	20	48	44	48	85	28	72	41	45	83	99	19	48	14	92	18	26	38	38	70	84	27	61	53	27	22	14	31	35	14	50	89	58	83	29	81	85	79	24	70	85	84	70	87	83	82	34	86	83	53	96	58	24	95	70	35	67	63	46	42	55	17	45	30	23	91	22	51	16	21	51	36	26	60	99	26	70	66	13	15	43	57	22	58	25	41	42	34	53	67	21	96	46	95	79	94	52	11	91	27	69	23	49	89	46	31	74	29	76	41	22	83	87	24	16	43	33	87	43	40	50	26	25	53	85	84	32	21	36	88	45	86	86	69	66	13	18	93	91	65	11	19	46	69	80	41	72	58	74	97	72	76	32	43	37	57	81	45	42	93	57	45	71	69	69	53	49	25	96	56	37	82	89	51	11	65	95	57	94	94	75	74	72	77	25	78	28	43	13	32	12	99	26	98	16	48	65	48	62	67	37	92	14	38	48	29	93	42	80	74	23	90	37	76	32	51	75	40	61	74	79	67	57	12	83	90	64	22	57	10	81	24	38	91	53	10	36	20	17	67	45	18	29	89	62	60	93	53	56	52	43	19	73	37	98	60	19	12	14	70	60	63	10	33	48	37	19	23	65	31	44	30	69	85	42	83	29	42	18	94	80	27	13	44	22	64	13	22	69	93	45	33	13	49	45	36	87	80	29	60	17	62	20	48	71	26	34	54	33	59	35	33	11	13	78	51	95	27	88	95	32	90	78	98	93	29	54	22	26	21	15	37	90	24	80	12	55	56	47	21	15	37	30	93	45	28	61	42	22	43	69	86	19	43	34	22	12	22	62	67	61	25	34	66	11	93	17	74	44	67	24	99	22	60	84	19	14	36	19	99	46	78	90	27	85	21	23	63	95	94	23	22	95	21	82	91	57	86	19	64	12	14	51	65	33	90	37	29	42	19	84	94	94	79	21	96	44	79	57	34	15	74	81	54	47	81	34	80	22	12	71	27	87	63	71	60	91	51	50	11	12	12	97	25	42	86	25	82	15	99	48	55	84	62	99	22	50	65	80	88	41	27	30	85	22	39	16	67	85	97	37	12	32	55	67	83	23	90	86	87	16	29	36	37	89	56	53	47	55	91	13	70	38	51	29	31	89	51	14	19	45	87	65	92	17	16	69	50	20	58	62	53	85	42	84	71	13	97	30	23	89	94	81	57	58	28	83	96	34	43	90	40	99	37	70	86	54	49	71	41	52	19	71	64	80	60	18	83	77	72	83	78	76	90	78	18	60	27	20	70	27	67	21	84	41	28	76	16	77	19	27	79	41	81	74	88	62	91	72	58	70	98	51	28	45	98	13	34	84	69	91	67	88	64	64	91	11	36	80	21	42	45	65	30	46	56	15	81	29	79	73	99	67	12	45	30	25	54	33	28	91	57	82	24	42	65	54	91	21	21	17	48	24	96	40	65	14	46	68	91	91	50	87	29	61	42	86	37	76	66	28	75	94	92	52	15	19	71	12	54	92	84	80	76	17	79	44	19	94	29	30	15	23	73	40	59	97	95	56	96	95	65	62	25	30	35	95	94	59	97	55	47	67	33	33	57	33	82	99	77	31	78	29	32	66	28	60	93	96	24	85	22	63	96	63	61	73	71	43	75	55	12	83	87	29	33	72	57	73	27	47	19	35	46	29	89	87	92	60	68	78	79	83	44	43	56	94	36	54	97	15	31	46	19	30	80	27	85	51	11	27	33	25	81	72	10	97	72	68	23	69	47	89	48	97
65	83	13	29	35	53	79	72	70	67	79	23	21	33	81	74	26	24	95	10	74	92	69	75	29	92	53	14	26	10	92	71	98	63	16	88	26	21	51	81	57	55	40	42	16	77	92	16	71	71	54	46	14	99	87	86	31	53	27	72	22	43	27	85	38	74	86	75	15	20	18	63	73	34	72	29	38	92	29	17	97	65	44	93	48	28	88	95	72	47	47	23	46	67	61	64	82	42	32	19	45	53	24	22	16	47	84	73	26	52	52	11	51	62	50	96	77	48	11	52	90	96	91	72	31	73	19	17	80	11	44	40	31	57	58	28	27	94	53	55	14	41	21	79	40	42	82	94	65	100	76	21	24	88	34	14	38	76	82	81	12	17	91	82	45	59	33	20	57	63	71	21	16	63	47	14	75	90	69	51	79	69	41	61	89	30	95	86	67	92	91	57	61	27	75	72	28	92	89	67	34	96	94	85	58	92	86	57	71	75	86	85	36	69	96	59	21	39	46	80	79	88	99	53	40	31	91	73	76	78	16	29	55	61	24	43	78	12	53	93	27	95	37	42	76	37	55	55	53	87	67	69	91	14	52	81	88	66	71	54	69	90	25	67	63	38	91	67	14	20	96	80	45	92	18	32	25	16	25	16	27	39	27	74	30	44	66	81	59	97	68	30	82	57	42	67	35	44	13	28	49	20	46	32	33	45	34	42	44	49	22	15	89	66	94	88	12	26	64	75	84	44	58	21	34	54	21	81	50	76	33	83	55	100	85	94	14	76	50	71	86	37	97	83	79	88	97	91	71	63	75	90	37	93	13	87	32	17	24	36	91	81	95	32	67	29	43	55	39	41	22	78	68	69	43	28	83	71	77	36	15	58	78	52	47	58	59	60	26	82	58	21	89	60	69	26	25	82	88	69	73	38	32	76	59	15	83	76	66	40	92	20	68	94	46	76	66	50	38	81	45	89	28	96	67	50	62	36	15	81	52	95	50	19	90	42	72	18	69	97	47	95	51	52	95	33	15	18	42	58	35	30	27	78	43	48	44	11	52	22	51	52	50	55	43	32	49	83	60	89	88	17	97	99	83	59	58	93	33	21	92	58	51	18	42	27	43	27	70	99	37	23	15	41	93	80	69	88	100	22	83	64	18	27	62	61	80	37	65	25	28	95	71	25	96	21	27	66	50	80	80	43	86	42	54	64	74	39	28	23	43	44	60	73	98	44	69	14	35	79	68	37	21	14	36	48	61	31	62	68	90	19	26	79	17	60	58	93	43	15	60	18	62	54	80	26	46	46	37	82	96	38	92	28	76	25	14	94	82	96	21	54	20	55	66	29	29	46	40	39	86	24	65	29	54	13	66	68	92	94	44	85	96	61	15	68	91	26	45	73	84	58	76	40	20	68	98	81	94	73	51	43	99	83	21	36	32	39	91	100	85	66	55	68	17	23	33	42	65	84	30	76	16	75	24	42	97	79	98	15	100	36	77	76	56	89	84	16	94	49	98	23	38	44	37	90	86	11	62	71	26	37	83	42	28	97	16	84	12	25	13	99	66	35	22	44	93	58	31	28	88	70	81	52	51	69	59	46	85	20	91	69	92	91	73	84	34	16	33	92	93	67	59	94	68	23	89	92	20	60	71	70	48	32	30	39	87	13	70	64	29	46	74	37	38	56	75	18	47	96	28	96	70	10	20	18	45	82	48	49	64	38	91	49	84	83	99	63	80	61	24	94	43	35	54	69	24	40	16	59	98	92	70	99	68	68	46	33	93	82	93	68	71	91	64	72	23	16	34	48	54	48	75	37	42	35	44	41	90	92	85	96	87	56	25	34	18	45	85	27	32	45	86	84	31	66	33	41	25	69	47	89	44	69	57	33	95	52	22	49	60	46	31	97	17	21	59	35	75	54	21	52	22	22	66	54	22	65	45	24	42	73	44	39	50	23	13	28	47	21	45	38	53	10	72	75	64	12	77	31	12	62	57	83	99	28	95	90	77	67	37	86	52	14	21	67	83	42	24	15	47	69	89	47	84	26	69	18	43	50	82	53	16	47	54	27	36	72	64	44	16	97	33	84	22	62	99	64	67	33	77	69	26	99	71	67	67	67	71	77	93	57	95	20	40	87	26	47	82	80	64	28	86	62	27	90	65	11	61	59	94	34	56	37	98	43	36	84	20	28	86	21	62	58	33	68	83	40	93	85	94	27	30	42	67	74	86	23	63	51	76	71	90	91	39	48	34	13	11	82	58	20	30	91	40	17	35	20	49	100
90	19	97	25	92	69	27	99	46	38	69	76	78	55	14	76	45	78	11	49	80	82	62	60	59	94	19	29	85	81	45	74	44	81	93	79	59	30	47	34	49	84	56	93	94	61	24	57	52	51	29	16	31	42	53	81	53	90	11	35	39	23	54	90	52	15	55	76	35	71	99	39	44	56	51	88	28	42	85	45	89	83	56	87	54	55	47	79	90	87	91	36	68	32	87	52	99	66	85	67	91	72	74	95	19	45	51	85	95	82	86	28	78	26	49	35	40	32	79	74	49	71	58	82	38	84	27	70	12	58	56	90	18	50	32	65	81	65	73	85	15	91	16	21	66	66	56	15	36	23	15	26	52	79	79	85	83	82	27	12	41	63	79	30	93	41	71	51	85	86	79	89	79	23	68	96	26	78	24	31	40	58	69	34	77	44	29	34	24	39	100	86	94	13	65	76	14	65	15	63	87	21	32	86	75	61	87	82	89	88	84	46	80	13	81	57	60	24	60	33	60	58	24	53	44	79	37	75	98	59	76	84	67	16	66	32	25	83	31	37	97	90	39	25	41	42	72	46	50	81	71	36	51	44	20	74	91	45	98	23	11	49	92	95	60	16	87	47	65	21	19	85	74	14	47	33	74	68	22	14	48	87	16	51	12	34	65	68	64	41	86	83	12	82	96	15	73	47	93	60	20	18	43	92	31	17	73	74	21	76	34	44	59	31	49	66	100	99	61	38	62	60	75	66	88	41	56	67	61	17	76	16	38	59	12	58	31	76	99	18	80	20	73	37	45	11	85	90	64	11	24	53	10	92	56	36	88	81	92	44	75	63	61	60	89	93	81	21	100	32	20	90	40	51	61	55	54	27	15	87	89	40	92	17	61	58	72	16	38	14	90	79	26	70	74	61	12	74	99	89	33	15	67	25	40	67	51	91	22	41	68	18	50	50	51	97	69	94	10	62	82	29	25	64	51	33	20	13	55	27	50	65	95	87	57	25	77	65	15	26	76	65	82	62	73	62	84	92	77	73	92	84	76	40	52	87	35	52	44	70	91	62	18	25	65	89	46	17	87	12	82	97	91	85	13	97	30	53	93	60	28	51	75	60	46	83	62	15	38	71	32	32	90	78	10	20	43	100	58	77	91	41	48	34	64	37	13	35	32	91	17	43	27	87	34	82	96	59	28	71	22	54	43	94	64	81	94	14	37	89	72	35	72	23	65	32	67	89	29	62	78	17	41	19	91	31	28	48	99	65	27	34	86	42	99	51	75	29	88	67	33	96	15	14	26	62	86	35	23	44	79	29	19	86	22	10	79	30	64	29	46	25	15	23	63	99	86	100	86	69	81	33	81	12	83	99	56	67	31	45	65	78	58	82	45	64	14	44	46	97	100	83	41	60	54	82	31	60	78	19	61	88	29	94	59	52	99	99	74	70	85	12	70	92	39	31	43	96	31	70	53	88	94	77	43	20	74	80	84	38	91	85	87	52	27	21	38	20	82	59	88	59	97	83	19	65	61	56	90	82	18	77	99	55	69	32	48	75	65	44	37	49	60	74	91	37	79	39	24	34	75	93	19	96	64	62	63	71	56	50	88	85	83	16	45	88	70	80	86	75	50	85	31	44	88	26	93	45	95	86	59	93	33	55	76	20	64	22	33	41	30	34	46	35	24	69	20	26	18	76	65	32	58	14	20	59	99	87	27	85	67	22	18	37	89	10	83	51	10	91	61	56	24	34	40	62	18	67	85	33	60	18	92	92	17	71	59	69	66	38	33	89	26	17	52	67	52	63	98	14	84	68	28	35	69	55	49	95	68	89	80	85	49	62	65	71	18	56	61	22	45	57	69	67	63	61	66	57	28	48	54	89	58	14	91	45	50	41	36	99	11	95	32	34	40	78	87	67	78	32	16	68	30	89	48	89	26	85	31	47	76	30	87	66	57	11	37	35	38	45	67	68	35	62	32	68	96	60	65	17	36	91	95	85	45	74	15	42	88	84	32	24	14	75	77	83	90	39	20	85	62	22	16	57	32	52	74	14	54	34	62	64	39	24	93	46	40	47	63	51	72	70	42	21	64	35	97	72	56	33	80	75	65	22	40	97	17	52	68	30	73	67	79	57	29	55	90	85	90	62	56	48	97	60	17	38	46	62	76	71	69	60	91	75	28	41	79	45	41	71	14	43	46	34	55	65	40	39	48	43	26	68	92	66	16	39	29	72	73	47	28	61	91	87	51	90	48	31	99	61	79	32	82	57	99	60	22	82	74	53
92	46	56	23	44	75	65	91	87	90	77	82	39	16	11	73	77	58	91	95	75	80	68	82	22	49	71	32	83	63	84	63	57	100	30	81	70	30	13	23	81	35	30	87	62	77	85	41	41	19	73	56	31	19	96	90	59	42	37	31	32	27	27	14	79	42	13	66	60	52	55	31	11	43	26	79	24	60	26	56	79	28	43	80	74	34	19	39	80	72	99	95	92	97	35	47	46	67	89	21	63	27	61	90	48	69	29	43	65	74	63	16	68	98	33	67	14	33	40	25	74	36	84	25	14	74	74	47	76	50	47	62	57	27	53	14	58	71	59	26	55	85	90	27	91	45	21	48	71	75	76	89	29	50	93	55	49	80	55	26	90	40	75	71	30	44	62	34	74	47	78	46	22	79	66	39	33	15	16	30	60	60	63	89	90	57	43	30	14	62	77	12	26	74	97	86	26	92	71	50	41	89	10	58	32	30	40	80	51	39	43	23	37	55	27	83	52	19	24	95	84	65	42	59	55	30	76	62	53	53	52	33	42	88	17	34	53	71	24	29	47	48	84	87	33	81	70	55	29	23	67	21	67	53	89	64	84	50	16	37	62	99	54	93	10	49	68	75	76	94	88	89	23	68	21	35	82	80	75	84	21	99	22	65	54	49	42	24	21	19	12	85	39	55	26	63	83	43	72	83	40	19	69	16	11	80	55	63	31	16	25	62	47	38	99	50	89	91	25	78	62	95	17	77	80	51	26	25	75	52	95	63	83	60	53	43	29	84	67	38	23	31	58	88	67	60	51	44	19	44	73	66	92	71	24	72	16	29	62	69	53	69	44	69	20	82	74	18	85	26	32	12	70	26	51	43	83	84	16	97	74	93	80	30	13	66	11	31	46	97	94	25	31	37	52	90	72	85	53	20	16	76	77	66	45	41	34	52	83	27	78	41	65	34	33	96	74	26	78	21	54	71	38	11	39	99	51	31	60	97	22	14	86	34	83	35	81	32	11	84	40	58	86	70	42	34	55	78	64	43	44	47	27	25	11	22	94	83	80	82	14	29	80	66	55	95	89	87	32	42	29	68	65	99	32	95	64	87	88	27	72	22	61	78	81	87	71	73	21	76	37	12	99	59	76	84	97	14	58	88	72	55	24	16	60	78	80	60	32	39	67	29	38	54	32	90	16	82	52	61	22	90	59	73	81	50	96	89	69	76	12	79	36	56	61	80	54	33	15	89	59	88	79	23	27	42	27	88	20	60	11	19	100	34	93	36	67	22	13	74	34	71	91	98	25	25	99	38	11	61	17	34	42	37	40	23	15	81	86	29	80	89	21	48	56	75	82	54	81	50	40	66	77	49	25	76	95	11	73	34	54	95	68	59	47	40	45	15	38	16	32	27	48	23	98	35	81	40	88	93	17	15	46	65	14	83	75	52	37	58	83	55	33	44	96	71	37	99	18	34	53	48	64	88	85	57	20	38	40	54	70	76	36	71	89	23	26	32	64	23	26	27	23	56	38	93	87	21	26	89	82	20	94	13	17	66	56	97	34	17	53	88	11	58	45	95	78	56	28	74	78	66	58	18	34	59	69	11	67	58	86	42	67	70	69	33	77	29	62	85	27	86	34	33	81	28	58	77	73	39	60	78	91	39	52	50	33	27	47	39	93	57	37	87	46	58	94	29	13	38	78	24	50	67	86	45	89	13	18	11	33	66	36	21	51	55	68	29	87	62	42	39	77	68	14	54	75	97	24	48	75	30	91	77	90	25	18	15	98	78	34	79	72	81	28	17	72	56	18	39	66	33	34	78	68	70	65	95	26	32	86	57	53	98	24	77	45	40	26	81	35	94	12	77	48	96	65	57	44	72	21	18	74	71	41	17	28	33	74	27	93	29	52	38	36	20	53	25	26	21	19	86	65	90	67	28	49	80	56	99	86	23	18	99	19	42	12	30	64	14	47	25	37	57	58	53	66	38	17	95	87	84	83	74	55	16	52	60	50	82	61	23	70	28	89	44	100	84	22	65	15	11	97	80	64	43	30	71	80	14	68	100	71	94	80	64	94	59	97	29	50	79	79	81	11	74	25	11	19	77	18	54	98	70	22	38	97	61	16	14	17	95	72	10	57	69	78	15	45	11	79	52	44	72	15	87	56	91	88	49	77	13	27	46	58	75	11	86	86	62	59	18	32	65	27	73	11	26	48	39	94	45	30	100	88	79	94	97	15	53	27	33	60	91	75	65	57	19	71	64	97	52	76	40	50	27	39	51	30	22
32	92	44	59	82	71	77	84	35	77	13	71	34	64	90	85	45	15	20	92	78	77	88	53	18	58	64	13	36	91	81	75	25	94	77	54	90	58	92	97	15	27	11	75	25	46	40	44	62	93	13	17	71	43	47	87	17	67	72	17	82	91	23	23	27	78	51	73	53	66	50	56	35	83	67	44	20	60	76	49	13	45	12	99	19	75	30	58	15	21	18	91	79	15	68	19	23	85	39	28	21	36	35	30	22	10	56	79	87	97	92	84	27	11	77	43	98	25	49	57	67	48	86	56	16	11	58	100	57	41	55	66	90	27	38	68	42	45	71	59	63	30	64	25	65	81	98	52	96	57	77	83	35	37	99	54	67	74	68	69	67	85	85	46	33	84	95	85	34	46	99	84	51	83	18	21	57	97	26	86	32	32	83	14	86	73	39	80	30	89	58	86	38	20	86	50	54	59	36	22	100	54	80	80	94	80	32	67	86	26	90	90	48	23	14	23	82	55	14	61	81	71	24	60	50	53	33	29	64	80	56	12	61	81	73	11	92	23	60	78	35	43	17	58	38	12	53	37	29	31	26	92	83	89	47	86	77	32	54	14	96	56	95	52	64	37	16	80	57	69	27	66	17	94	29	47	88	80	63	97	96	56	95	64	68	77	55	68	34	20	46	40	30	35	91	70	87	18	27	94	68	92	71	77	65	86	30	86	45	91	24	65	94	42	60	84	12	95	42	82	18	38	84	93	25	77	51	46	23	48	28	43	50	40	29	59	99	37	73	57	54	26	48	83	89	90	26	10	18	14	81	48	32	49	90	28	24	49	19	50	81	31	47	48	31	83	49	32	94	47	85	54	50	60	96	55	57	89	95	76	63	34	33	100	57	18	13	80	39	33	51	17	38	98	94	86	12	70	17	77	16	91	36	23	42	11	46	82	24	75	82	51	46	11	76	54	49	16	97	70	61	80	41	50	52	24	64	27	20	38	17	45	50	23	22	54	45	64	42	72	74	32	63	43	17	81	42	11	56	51	26	24	86	19	20	83	86	58	14	43	31	46	18	37	38	80	38	49	35	67	94	99	68	99	20	21	97	78	14	76	93	97	45	95	30	30	65	21	86	49	77	97	93	39	12	24	76	52	82	21	51	33	65	72	93	40	88	63	18	74	76	16	62	21	14	95	65	62	49	90	54	18	96	39	59	61	80	29	65	73	77	67	65	26	33	44	43	37	64	13	33	14	62	77	53	45	78	97	28	22	15	60	33	42	51	61	81	71	48	60	75	84	17	27	48	12	13	69	14	15	97	91	71	36	73	81	77	18	81	82	32	70	66	26	37	66	59	82	54	84	63	28	36	66	64	71	93	70	18	66	36	86	40	22	44	20	36	88	16	92	72	44	95	81	63	67	41	89	44	87	40	82	12	24	11	95	34	81	34	49	70	35	14	34	53	39	36	57	83	49	74	31	59	39	16	21	12	57	38	53	38	79	60	58	56	88	48	33	38	63	25	67	89	39	79	72	94	47	95	41	83	99	14	18	30	93	56	68	11	95	89	80	34	60	57	85	68	42	16	65	43	98	17	56	23	92	96	35	43	97	85	58	72	75	55	18	45	64	25	47	75	53	52	27	36	30	49	30	72	65	89	78	37	85	15	73	15	83	79	28	14	32	17	77	35	42	17	92	13	75	26	56	97	18	13	97	84	74	93	82	24	96	24	19	60	37	38	95	27	29	20	60	23	46	30	73	56	18	87	18	91	45	43	22	97	87	67	69	40	77	56	40	99	17	10	18	68	59	50	80	31	20	45	24	27	35	75	65	81	67	82	46	17	70	49	22	37	83	67	30	76	61	16	39	29	22	11	92	92	23	13	71	25	68	73	97	16	93	38	30	73	80	29	20	62	90	72	57	76	23	36	12	44	83	15	94	12	86	21	97	47	37	57	27	15	55	47	61	44	28	83	35	79	26	61	89	85	74	49	17	37	27	13	56	15	48	20	96	55	93	68	51	76	21	81	80	30	25	92	32	41	84	83	11	49	31	73	89	88	56	11	66	79	78	21	89	63	87	65	37	34	34	25	32	73	68	35	62	42	51	95	48	65	52	30	52	46	41	44	15	19	48	68	15	60	90	11	26	38	35	75	11	51	75	28	22	36	66	75	94	80	89	27	98	27	85	32	74	48	53	44	28	66	37	42	17	27	63	66	56	27	37	93	91	48	37	76	100	53	32	64	15	32	87	80	14	79	89	54	42	13	83	59	90	64	64	80	89	12	42
wj																																																																																																																																																																																																																																																																																																																																																																																																																																																																																																																																																																																																																																																																																																																																																																																																																																																																																																																																																																																																																																							
99	57	70	92	79	15	25	69	81	1	51	76	39	56	73	47	48	93	1	49	44	18	92	85	76	61	2	95	98	65	48	12	6	64	81	94	14	62	32	78	72	15	80	22	82	89	49	97	2	64	71	90	15	76	87	9	91	98	35	45	26	76	84	80	45	23	88	28	94	67	11	60	13	48	11	68	22	85	32	81	93	10	11	45	21	4	25	58	64	69	23	53	51	63	70	53	13	39	22	64	74	17	25	11	93	74	82	19	40	81	57	2	57	38	29	69	14	9	71	77	85	64	26	34	19	47	45	29	12	76	20	46	24	45	70	10	78	34	85	22	83	77	50	32	54	23	37	18	52	3	10	62	94	24	64	22	7	54	38	75	45	9	73	42	60	34	18	75	5	99	73	24	75	49	69	18	63	61	93	14	39	84	93	77	14	72	47	51	22	58	59	91	80	29	56	92	37	89	60	7	23	51	32	97	52	46	3	85	88	55	93	69	6	12	81	94	9	59	64	53	41	27	25	10	75	23	6	6	78	36	68	38	46	73	49	87	59	71	9	16	95	2	4	45	23	20	45	44	68	28	43	70	99	85	67	12	68	15	84	76	9	95	85	94	79	71	32	33	82	45	12	81	29	71	56	24	80	81	72	51	82	10	20	20	13	90	62	17	84	26	30	85	87	44	27	49	91	64	76	33	78	3	13	4	84	68	75	7	94	87	93	58	21	63	88	21	57	15	54	62	70	48	29	81	55	80	92	98	43	95	98	6	33	31	13	48	96	52	69	62	22	30	86	77	61	30	20	98	48	27	8	81	29	85	28	64	56	8	68	52	53	44	70	71	22	12	22	23	6	7	93	17	75	54	43	85	61	33	30	42	60	99	89	85	14	58	21	67	75	81	74	65	96	59	12	56	70	52	43	46	96	55	92	70	50	48	50	11	86	35	91	4	56	97	32	75	62	18	51	57	23	21	76	13	34	48	96	70	61	4	12	71	64	27	65	79	92	24	71	50	6	46	5	98	22	87	69	32	73	73	12	70	98	87	12	45	15	22	65	87	70	77	89	68	20	4	64	56	58	9	90	49	75	77	47	95	91	31	77	97	2	81	73	92	91	65	98	21	49	6	1	18	97	94	68	84	27	84	17	89	47	90	70	29	38	35	21	24	32	15	3	41	42	12	1	67	84	19	82	7	12	47	28	63	11	67	99	24	25	53	33	61	76	43	52	84	94	80	31	54	79	38	10	58	49	5	45	88	27	19	53	14	6	44	100	72	37	42	72	55	66	43	69	23	100	87	74	62	43	24	66	42	83	94	32	44	48	64	66	61	20	44	91	33	22	89	97	92	28	6	3	51	99	65	38	35	95	68	45	22	52	80	11	1	65	33	60	43	18	19	69	97	75	13	29	67	33	58	99	56	22	44	3	89	17	83	55	77	90	63	89	47	64	11	24	18	8	37	35	14	54	65	13	45	77	80	63	20	19	67	44	77	1	56	62	13	85	94	15	49	6	57	94	61	74	68	83	66	56	90	44	22	29	58	80	25	78	23	88	34	14	17	74	33	66	45	15	20	98	90	9	4	87	86	97	50	7	11	18	72	46	57	78	9	54	84	10	62	10	89	84	50	92	48	29	42	89	98	60	73	92	59	6	82	94	28	83	16	73	16	55	39	68	18	56	82	69	24	38	30	2	49	29	35	91	90	31	44	21	92	62	75	71	78	70	31	49	67	72	83	2	74	92	79	12	3	47	99	47	44	21	36	72	61	86	26	91	67	49	40	54	39	97	28	7	68	11	73	3	20	7	82	91	89	78	62	81	56	2	2	86	64	29	22	88	94	54	11	59	53	83	14	9	58	25	54	49	21	46	63	8	33	72	51	31	70	75	46	40	60	34	85	6	54	29	72	19	85	26	36	99	26	88	27	29	55	83	85	23	3	43	98	92	87	12	62	44	45	69	100	8	45	6	39	65	79	92	90	75	41	57	7	43	15	54	61	82	71	71	9	32	4	83	17	2	37	21	79	75	50	72	89	47	67	99	89	9	24	31	82	53	74	62	8	93	90	73	82	37	11	86	8	83	31	68	3	78	71	32	67	40	48	25	76	86	82	66	6	54	84	80	81	71	26	54	77	31	39	19	64	79	98	57	44	25	53	4	56	47	41	66	15	45	58	23	17	98	92	85	3	26	28	15	91	69	47	69	96	24	4	60	24	73	31	82	38	59	41	14	77	94	60	41	6	98	34	11	72	83	56	82	30	26	78	44	52	62	71	44	86
