pij																																																																																																																																																																																																																																																																																																																																																																																																																																																																																																																																																																																																																																																																																																																																																																																																																																																																																																																																																																																																																																							
98	55	35	39	83	73	91	60	92	86	23	63	96	50	28	37	81	87	84	66	34	82	23	30	21	36	17	34	95	82	82	63	55	86	28	40	85	67	19	66	76	42	55	29	94	41	19	59	67	71	54	98	40	20	65	30	92	85	56	85	90	17	97	71	60	93	40	43	30	81	32	28	62	13	86	83	33	61	90	27	71	68	38	63	18	67	79	51	45	13	56	76	74	39	28	81	99	14	23	89	56	11	49	48	84	74	26	79	33	18	90	68	30	94	45	33	23	95	70	16	68	25	95	29	23	75	90	11	18	41	87	50	70	21	82	98	56	97	72	68	49	20	27	80	48	76	69	17	81	23	39	35	58	31	40	40	55	99	89	81	13	58	75	62	32	52	99	24	13	75	14	60	70	36	71	72	90	65	66	14	27	35	20	23	58	63	68	46	82	92	70	45	54	68	43	50	34	15	46	87	49	61	38	12	45	68	65	60	13	43	54	64	73	33	37	86	79	42	32	67	70	87	26	42	39	39	10	84	94	35	74	45	39	51	24	90	47	39	35	94	71	75	29	49	48	60	16	91	30	72	35	77	47	80	25	36	53	71	79	45	24	28	12	64	16	26	52	75	55	56	54	51	19	32	22	31	36	56	53	15	75	71	11	31	86	98	72	83	68	98	36	83	51	23	38	29	20	59	90	74	15	82	92	42	13	78	93	68	61	59	97	23	74	93	40	39	22	68	49	80	19	14	32	74	72	82	28	72	65	79	21	18	34	48	52	37	30	29	27	21	35	11	71	16	51	19	97	49	19	36	97	11	40	50	74	96	35	17	83	86	55	30	68	79	31	69	42	49	81	68	69	53	49	14	61	16	31	100	39	94	20	10	90	69	21	39	16	51	85	47	54	12	24	24	48	21	21	39	58	51	74	86	74	74	41	86	91	46	61	21	78	49	64	70	65	45	97	23	72	56	27	57	86	68	82	62	43	34	77	71	16	79	55	83	50	14	70	88	94	15	54	88	57	76	77	93	60	57	64	68	35	95	13	31	72	80	43	18	83	35	48	27	87	13	79	17	51	21	78	38	63	46	16	29	89	65	10	35	22	43	67	36	48	97	88	61	97	48	48	88	95	40	73	61	76	82	13	86	55	78	54	63	55	47	55	39	41	32	20	61	15	56	88	92	98	46	90	33	84	29	94	62	70	12	93	80	94	63	55	15	98	32	63	56	34	38	39	48	94	11	35	34	48	44	79	22	84	61	19	46	45	30	12	84	51	53	60	65	93	65	70	13	41	42	63	97	17	94	72	33	78	60	44	98	60	29	81	59	74	89	23	88	53	59	56	95	20	48	64	87	17	15	20	42	33	88	25	20	73	90	42	61	65	34	34	93	34	93	30	37	46	29	51	35	36	32	21	31	47	65	16	68	57	74	62	56	18	52	90	79	14	83	25	88	72	94	28	52	25	82	14	22	12	28	43	57	43	52	71	55	20	57	41	63	19	30	45	64	60	61	47	78	38	48	59	16	74	90	58	34	31	70	41	61	22	78	42	92	25	70	46	40	90	36	79	65	81	42	82	34	40	78	44	43	97	51	93	94	46	54	62	20	88	98	60	93	86	67	18	36	94	26	13	38	83	10	38	57	19	49	21	52	14	68	53	28	63	98	22	57	31	83	53	51	45	16	50	39	88	29	75	77	64	36	18	14	85	89	64	61	91	99	55	64	33	77	45	44	92	67	27	47	64	70	96	74	98	35	60	80	32	16	92	89	82	23	41	72	81	99	43	94	40	56	11	66	98	68	20	40	60	21	74	54	97	75	46	27	15	28	98	69	91	48	96	23	66	30	71	26	50	36	16	89	25	82	88	30	91	55	57	89	92	47	92	20	89	88	67	76	52	50	14	70	18	52	15	50	99	46	32	66	21	56	48	97	57	25	50	97	63	69	26	28	58	17	54	15	66	21	45	84	100	82	98	62	71	62	30	20	18	81	94	12	17	65	12	36	53	38	17	79	93	27	21	19	93	17	47	98	64	14	87	61	22	28	50	37	48	18	36	98	20	42	43	42	33	21	51	92	36	90	64	87	67	21	94	75	32	59	26	54	57	50	28	48	79	77	63	41	89	36	32	84	26	60	24	16	85	54	85	72	83	16	78	32	85	46	57	20	53	74	42	42	35	33	40	90	78	68	51	56	81	92	58	36	37	43	98	41	25	36	15	95	19	35	10	76	56	75	95	79	75	98	40	58	19	26	25	27	44	86	20	49	70	100	71	72	72	29
15	65	80	61	80	77	97	57	37	26	77	79	37	98	18	22	21	85	50	38	88	36	76	36	42	94	60	80	48	19	36	45	98	72	27	74	54	41	60	91	52	73	70	91	78	29	30	56	28	44	56	33	65	41	48	55	95	49	29	17	59	91	58	31	75	54	76	45	55	30	51	90	49	34	61	88	27	73	54	95	79	90	67	35	66	65	78	96	89	73	72	66	31	23	12	78	64	65	23	20	51	41	18	27	60	25	63	17	73	45	94	64	66	70	91	68	50	55	44	85	79	57	53	52	74	95	85	24	48	84	69	47	10	34	49	12	69	56	68	89	61	66	71	59	12	11	26	14	13	34	20	13	32	42	36	85	58	76	86	75	54	40	75	35	98	62	52	21	57	42	69	33	30	74	69	83	25	61	72	17	32	50	26	68	68	65	96	36	77	56	58	23	14	44	81	22	23	11	11	84	85	66	46	57	76	13	91	41	66	99	70	53	99	11	38	32	44	51	75	67	46	85	68	89	41	28	20	16	33	68	40	28	18	86	62	45	74	42	18	35	53	58	34	73	30	93	19	86	84	64	73	22	60	54	25	80	67	69	97	69	14	91	43	91	63	91	86	84	17	70	79	37	78	32	77	34	34	22	46	59	73	34	70	80	17	90	93	66	21	49	29	25	15	62	46	71	68	18	58	64	17	41	10	94	28	58	83	93	54	37	62	96	60	58	89	71	99	68	51	82	30	98	66	68	89	27	53	96	33	77	51	70	89	42	46	24	53	73	50	35	82	36	40	67	66	83	97	37	71	48	75	36	98	31	85	24	46	62	43	96	15	30	97	97	21	56	18	39	93	29	96	98	82	16	43	21	99	33	67	92	49	88	46	10	98	43	77	52	29	64	85	99	21	35	36	53	16	15	39	61	13	48	90	98	54	42	63	14	86	29	89	33	46	90	29	62	46	71	33	76	29	27	65	16	53	86	86	77	83	24	67	79	26	29	29	51	36	80	77	42	25	58	64	60	37	47	26	12	37	26	25	96	46	73	98	29	78	14	72	98	16	81	83	21	57	68	87	43	34	49	41	21	10	50	17	19	59	29	13	75	11	30	75	65	47	67	52	94	49	82	63	48	80	35	79	86	93	12	92	41	32	36	39	31	80	60	89	14	96	29	86	87	66	77	97	69	13	67	60	63	70	24	93	68	95	14	16	29	67	12	80	95	99	42	40	79	77	38	50	17	68	13	57	48	69	60	47	42	22	50	39	71	86	65	49	64	18	20	20	97	30	13	27	63	82	80	27	51	76	73	42	86	62	40	25	84	79	34	99	45	75	84	16	89	78	54	27	57	91	41	66	24	41	61	80	33	40	29	13	37	83	53	17	79	90	84	37	63	32	37	63	46	12	71	69	44	58	52	34	12	72	86	20	92	32	29	82	41	87	53	70	73	85	97	86	62	26	48	62	18	16	42	51	68	94	88	82	56	66	33	11	57	83	65	63	54	45	38	22	98	53	71	49	68	74	72	56	83	14	40	22	57	98	45	60	30	83	70	57	29	27	42	92	55	74	55	31	35	76	79	23	100	59	30	74	73	94	32	21	16	48	16	28	21	52	33	37	14	69	11	47	29	62	89	71	83	23	46	71	59	72	29	45	41	83	55	98	68	17	56	99	79	65	67	31	19	92	27	40	16	91	41	15	50	47	26	15	17	16	89	95	33	65	72	16	94	11	77	77	39	14	50	95	76	18	64	90	56	42	45	87	63	50	85	45	75	78	97	91	34	56	83	50	64	65	61	53	63	49	56	34	52	85	65	81	82	59	40	80	16	74	47	13	95	93	79	27	90	32	43	38	46	58	18	63	58	26	26	45	21	81	67	55	21	60	22	50	85	79	93	97	89	51	26	19	28	65	96	64	87	23	65	53	85	55	79	88	86	35	70	94	90	37	12	61	32	53	41	69	42	45	87	76	35	65	85	47	79	41	63	99	14	39	28	85	78	38	88	72	95	38	66	28	62	24	75	59	76	84	71	26	58	88	29	62	23	97	60	54	25	88	17	67	11	75	79	51	78	36	55	47	62	25	83	38	49	26	94	20	28	41	93	32	32	25	18	70	40	43	86	90	21	40	57	88	92	27	90	68	92	11	38	34	65	44	32	72	43	41	72	21	47	91	44	16	59	40	33	91	13	58	99	40	29	18	91	55	83	34	44	86	95	90	37	61	48	38	55	10	71	15	76	41	57	51	85	64	78	99	74	37	54	60	52	52	22	36	56	63	97
100	30	75	70	42	55	59	76	61	77	66	59	28	80	93	90	74	65	93	19	54	41	40	70	76	44	82	59	38	76	21	20	80	78	92	68	22	58	42	43	60	45	77	85	86	59	32	30	77	71	33	29	64	14	80	14	94	75	84	65	30	35	20	75	71	10	33	38	76	33	66	83	60	99	58	34	69	77	63	91	35	48	74	44	76	100	97	32	56	99	97	73	51	83	93	40	75	46	14	61	82	14	68	14	22	17	27	81	66	72	43	80	52	58	95	62	53	76	44	98	14	46	76	83	12	23	55	99	25	89	76	80	31	66	64	63	30	81	48	98	14	79	99	76	33	83	70	65	93	82	50	42	25	16	22	62	25	82	87	85	62	57	25	35	86	31	59	76	62	74	70	63	62	75	85	92	85	43	98	31	62	77	11	74	31	72	87	38	58	37	84	96	84	98	59	46	23	25	74	92	17	36	79	17	46	66	59	11	65	90	54	87	49	67	63	79	90	64	35	55	47	13	95	33	53	60	58	78	18	43	22	27	83	56	80	13	54	19	73	88	92	25	26	18	18	32	61	83	10	51	40	24	68	76	75	62	85	45	21	28	88	79	27	36	93	14	93	78	65	75	33	22	86	43	74	39	37	77	34	67	53	80	62	39	41	58	20	18	17	67	37	63	71	14	23	29	19	20	60	92	61	26	100	31	52	68	79	82	78	16	89	95	20	55	42	58	30	21	26	16	82	29	45	93	88	65	12	21	98	90	73	90	62	56	70	68	87	44	11	78	87	58	74	75	75	100	19	10	68	29	70	98	53	71	60	64	57	20	60	67	77	14	62	70	49	91	44	59	32	89	29	66	38	69	90	50	95	63	24	23	100	39	100	57	74	76	93	80	14	10	91	12	71	50	40	13	45	75	98	68	48	36	44	41	60	30	66	16	19	26	35	85	39	58	24	45	22	11	20	54	95	11	59	97	91	29	62	41	49	42	96	18	66	59	40	25	40	54	96	60	29	23	21	53	16	39	43	70	43	81	13	97	89	28	39	57	71	17	68	99	54	76	57	29	86	10	46	27	24	14	26	51	48	23	40	15	11	15	85	74	52	71	16	84	81	45	90	33	33	54	17	58	27	81	11	11	56	23	12	84	14	62	65	49	38	38	95	85	71	71	49	100	96	15	96	41	20	43	86	85	88	21	59	16	43	39	95	37	89	63	27	41	38	64	65	18	55	10	43	92	24	58	29	51	27	36	37	57	60	14	17	57	36	73	81	18	100	71	50	71	77	98	11	85	56	86	74	82	54	40	58	48	11	95	42	34	22	51	42	81	94	61	76	48	63	12	61	16	45	78	42	91	57	66	16	12	72	75	35	23	97	98	81	75	83	62	51	50	90	24	71	26	70	47	46	11	67	57	29	12	98	66	65	52	61	73	98	52	62	47	56	15	91	35	22	11	47	63	52	63	32	65	18	16	35	78	57	49	40	11	57	49	73	83	50	100	90	33	28	66	20	20	14	64	51	31	65	64	36	60	47	97	44	42	94	28	77	72	89	19	22	32	98	50	32	81	96	97	99	83	80	44	69	29	36	64	48	75	18	45	25	38	43	59	74	64	80	64	88	68	81	51	87	90	19	48	43	18	85	95	97	36	58	61	47	66	32	22	73	53	71	25	73	76	27	53	51	75	76	68	45	18	12	92	52	99	83	15	45	68	12	19	89	76	54	22	55	47	56	21	66	44	29	47	58	16	39	70	30	85	49	12	68	43	15	76	93	33	37	13	17	99	49	61	47	24	77	92	45	68	35	18	72	26	47	32	56	30	19	36	78	55	58	56	22	73	14	83	46	86	34	49	54	34	60	25	80	99	67	50	41	42	13	51	18	68	66	48	72	21	53	27	50	71	68	48	90	14	81	98	63	85	67	78	56	71	66	13	71	49	38	48	37	43	54	44	52	100	21	28	50	45	39	41	19	57	80	40	56	71	34	61	36	15	65	29	61	35	54	82	27	25	17	52	37	25	67	16	35	93	60	96	21	23	42	63	17	73	66	31	82	41	13	28	89	49	87	83	26	47	18	50	26	53	95	53	31	41	62	93	94	83	81	38	82	81	73	18	15	99	21	88	41	42	27	27	51	60	60	68	60	91	45	35	46	27	100	69	82	13	59	68	95	39	37	84	61	77	18	64	59	78	94	39	64	43	63	71	71	58	91	41	63	79	57	47	32	40	79	43	65	37	74	12	82	42	91	61	65	79	67	12	37	81	49	15	78	91	84	87
33	34	62	91	22	66	91	91	52	16	93	63	39	58	77	70	31	49	12	45	44	82	37	60	14	40	70	71	13	95	90	37	62	28	82	74	55	66	42	71	55	79	14	34	97	98	78	52	94	67	76	97	58	37	85	84	21	62	58	64	47	89	21	65	59	44	65	88	80	80	57	36	58	96	39	36	73	81	51	31	51	15	67	28	86	83	85	73	43	23	93	24	32	78	73	85	80	55	79	67	13	38	100	15	91	56	91	10	84	16	86	22	29	44	73	62	12	94	96	27	51	55	91	67	61	52	83	50	13	11	10	77	78	86	37	56	28	23	34	24	100	63	59	73	83	81	77	17	46	45	34	34	88	84	29	79	82	61	58	47	60	93	22	82	19	41	27	21	60	24	20	60	24	29	51	23	67	93	75	60	98	13	84	76	90	62	23	56	59	67	17	39	48	14	75	33	22	42	45	61	65	75	57	32	55	63	17	39	61	55	49	98	28	69	100	69	35	75	14	45	21	96	46	74	75	59	83	20	36	35	41	67	30	98	100	91	11	58	52	69	22	84	58	43	51	69	48	66	11	69	66	13	77	36	14	93	67	86	69	47	46	13	16	29	53	23	85	42	78	66	62	10	78	84	43	54	91	39	17	24	80	49	52	19	63	72	95	36	92	88	50	80	20	67	59	29	10	88	27	31	57	46	14	13	100	44	19	46	55	62	98	10	24	47	65	36	49	61	33	25	15	85	35	23	26	72	30	20	70	17	73	59	19	26	47	95	34	69	54	16	69	69	10	33	80	85	83	17	98	93	44	63	24	84	34	87	38	35	14	41	15	27	43	68	59	57	19	90	49	94	57	12	40	90	48	25	97	51	41	74	42	71	13	10	52	39	81	57	95	43	39	66	78	77	47	64	74	56	32	46	44	69	39	61	56	90	89	43	70	76	61	47	92	43	14	76	22	18	46	17	36	67	38	30	35	11	89	53	12	35	44	31	77	41	29	68	45	95	15	34	60	79	49	83	83	98	30	63	43	52	77	22	68	45	49	39	91	52	38	51	45	19	41	21	37	69	92	53	36	91	85	17	79	75	65	28	18	94	67	52	49	56	90	75	100	89	80	93	36	41	85	51	18	96	79	86	59	58	76	56	21	74	21	28	66	82	36	98	52	91	68	98	63	20	77	45	85	21	77	60	47	47	29	40	46	36	72	11	68	82	97	51	40	70	34	33	57	29	52	72	77	44	38	98	21	41	30	81	53	17	56	11	16	62	21	57	36	22	46	36	55	31	72	54	76	36	64	47	47	24	37	23	77	22	46	21	78	67	12	26	37	89	92	89	97	50	76	54	36	45	45	76	25	80	41	31	30	38	96	65	89	55	33	60	10	49	24	87	37	59	73	80	30	25	20	35	12	80	74	17	37	15	16	27	38	94	27	46	34	51	26	91	49	75	32	93	70	15	42	76	35	76	97	20	48	42	94	60	91	24	58	20	14	44	20	25	85	62	55	55	41	74	97	21	25	77	40	90	75	25	53	51	93	19	92	78	28	91	65	78	65	72	16	55	95	35	79	80	52	91	19	67	84	66	59	86	29	70	13	52	70	85	31	22	80	66	67	64	59	14	71	48	99	41	31	80	61	94	96	19	47	53	71	39	98	12	38	74	49	93	58	89	65	27	78	20	61	54	13	93	64	87	80	87	61	42	82	61	91	95	14	85	25	67	33	86	45	93	50	75	41	18	99	10	45	68	44	26	14	37	64	43	68	91	25	52	88	47	32	14	91	22	67	76	16	34	31	65	49	52	89	90	43	18	50	18	86	25	93	58	31	43	11	34	36	64	72	40	48	87	11	21	52	60	64	43	32	77	12	91	32	57	60	42	74	12	11	73	33	61	75	55	70	93	44	97	64	97	24	85	15	78	49	19	28	56	38	78	53	17	52	67	57	41	63	50	72	97	50	93	59	27	16	42	34	75	53	85	55	28	28	21	65	38	30	32	84	74	51	61	88	63	82	14	32	82	28	69	62	43	73	85	47	80	63	60	10	71	88	80	13	40	91	79	79	23	84	36	84	67	58	85	76	42	89	53	20	16	90	41	30	34	57	12	12	20	39	15	69	37	50	21	33	85	55	91	19	50	61	70	66	77	30	37	55	42	19	43	28	27	18	38	64	48	80	73	81	75	79	91	82	86	18	19	80	82	31	79	44	35	79	24	80	73	52	53	34	33	11	77	57	55	85	38	96	84	26	93	87	20	99	86	50	95	24	15	13	17	68	36
64	23	93	80	61	85	36	77	15	30	95	92	80	38	50	16	54	59	35	18	33	41	41	79	15	50	25	99	78	83	45	57	68	30	64	65	62	44	68	98	90	88	16	77	62	22	83	90	19	81	93	20	42	19	18	87	10	70	87	37	67	89	62	55	23	85	42	43	31	60	51	98	47	43	95	40	93	85	25	29	29	74	53	18	53	48	32	33	12	63	62	93	25	66	14	82	14	87	17	82	81	82	76	74	83	20	61	58	36	41	74	97	35	73	57	46	12	49	83	50	50	38	81	40	70	32	97	89	86	32	57	96	70	54	35	88	31	13	30	36	13	17	28	68	86	84	97	32	31	70	73	17	12	91	60	18	63	82	23	96	67	62	24	79	77	33	70	92	33	24	94	23	32	10	61	88	41	96	70	56	30	97	32	79	47	72	71	93	49	27	90	16	17	88	33	89	53	73	91	66	52	28	31	21	61	49	12	64	47	13	82	38	79	61	12	49	74	96	88	83	31	19	32	30	55	90	75	22	54	47	76	25	89	49	82	19	100	13	56	78	24	71	60	61	85	54	74	79	12	79	11	47	77	31	12	15	23	94	80	94	50	65	37	76	18	51	87	51	68	69	85	36	51	32	93	41	26	35	25	21	70	74	92	89	46	80	31	87	82	13	73	84	68	81	27	17	30	58	91	13	49	19	57	34	73	13	90	17	91	70	34	94	43	16	10	56	37	86	49	21	82	71	27	14	64	64	76	20	76	85	34	22	87	34	37	43	13	82	49	11	48	11	43	83	15	58	95	48	61	31	43	63	40	33	42	89	66	71	91	14	75	11	40	71	72	13	90	52	42	74	32	41	26	92	91	52	30	90	98	43	12	97	53	37	94	98	28	83	14	36	23	21	16	22	47	66	80	60	12	99	13	87	97	48	85	99	55	62	37	16	98	80	81	94	92	89	70	64	40	55	19	94	46	62	13	68	33	75	70	61	39	43	29	28	94	86	75	96	86	97	41	85	43	49	37	44	77	89	19	68	49	90	62	60	90	45	82	56	30	64	16	25	23	63	87	12	12	76	54	79	96	39	95	68	54	55	43	13	12	65	54	21	17	99	42	13	76	25	49	27	91	65	50	97	35	67	98	44	85	57	53	62	71	54	17	34	85	24	10	28	98	57	51	20	74	94	43	28	28	30	86	54	85	92	42	17	26	45	45	81	46	70	78	37	31	93	91	84	15	43	41	25	89	23	72	99	41	32	54	93	19	27	79	61	82	92	74	24	49	100	36	26	11	55	86	92	19	52	32	78	81	20	52	57	47	63	95	51	60	13	49	50	27	30	45	56	80	27	20	69	17	74	84	41	85	57	23	72	43	68	87	85	23	72	84	41	57	75	78	55	83	61	11	29	20	25	31	72	81	67	33	44	93	95	58	52	96	47	80	43	62	59	98	17	41	30	36	91	69	57	75	11	53	78	84	44	53	66	12	21	41	94	62	76	62	33	46	97	11	52	95	59	63	99	79	91	20	44	24	49	92	99	57	40	25	99	76	13	63	63	98	73	57	86	42	14	27	81	26	64	89	40	47	70	19	59	97	25	37	46	48	22	60	15	85	92	33	80	46	68	66	48	19	43	46	78	17	82	71	90	57	39	29	16	25	21	26	76	31	45	32	53	75	53	68	63	11	33	34	20	43	35	92	89	88	13	52	55	13	73	79	54	17	57	22	13	11	29	20	70	79	31	23	46	38	25	25	84	93	21	51	62	66	56	58	23	30	27	44	96	62	97	42	32	74	81	83	64	61	89	34	12	72	77	11	37	34	44	86	31	96	42	49	69	38	54	54	86	88	73	38	25	65	79	31	64	98	84	10	68	16	81	55	19	91	93	89	65	12	73	56	22	58	75	35	60	12	63	67	77	92	31	50	29	17	61	48	60	64	98	87	64	62	18	56	69	48	23	30	27	60	71	67	79	45	66	59	88	38	11	97	76	55	100	83	24	53	63	26	19	24	24	42	47	34	79	57	93	56	35	29	70	98	75	48	45	91	52	66	99	97	14	41	65	18	17	17	18	50	96	60	25	58	69	47	75	66	38	96	19	59	52	75	16	66	24	83	95	96	57	40	33	17	89	73	48	98	56	64	38	12	97	84	84	90	90	41	21	45	27	17	53	89	56	50	25	89	92	66	64	72	42	64	66	46	60	16	48	41	36	27	21	19	33	33	69	65	11	66	75	54	22	49	29	35	80	52	98	95	67	16	88	63	47	50	32	20	24	70	66
10	20	97	90	63	45	98	56	30	13	36	69	94	65	19	12	72	74	65	20	31	34	15	68	19	53	67	75	21	52	72	41	19	97	70	50	67	23	79	64	14	91	29	63	13	99	17	89	55	40	94	37	67	44	19	66	47	24	66	59	60	42	16	37	88	28	23	88	60	64	27	17	23	87	70	84	97	10	72	32	69	30	70	16	31	15	59	83	21	65	91	82	13	58	72	24	30	12	63	54	73	26	15	24	43	76	49	49	37	84	28	66	77	36	22	22	45	37	85	71	48	93	83	82	90	16	73	44	92	66	59	91	11	39	68	70	17	83	45	35	32	70	36	18	20	28	26	49	68	73	20	79	76	73	43	38	43	86	60	11	88	89	86	31	55	70	36	39	81	64	45	89	36	75	34	97	24	95	83	17	99	14	50	31	27	98	96	83	44	93	34	80	56	24	13	37	13	41	33	36	34	13	32	23	54	71	64	94	26	70	44	60	35	68	11	91	79	51	93	77	17	27	94	64	81	42	77	96	27	60	62	23	52	70	78	34	55	72	13	38	68	35	76	25	15	72	45	27	11	60	44	64	30	73	89	60	74	85	46	12	44	89	28	17	46	83	35	19	95	94	69	70	28	60	99	61	91	65	99	96	20	74	45	81	27	79	92	35	78	98	30	12	51	42	47	41	58	70	78	19	85	79	49	74	69	63	71	40	61	86	36	63	90	70	42	91	56	65	61	76	99	33	27	41	91	60	60	97	81	84	90	89	20	58	95	71	73	27	83	98	91	56	68	31	47	74	50	39	58	39	45	47	100	11	77	99	61	93	62	27	73	40	61	31	40	98	96	51	22	89	67	34	64	22	37	71	85	77	100	73	69	21	81	92	91	33	91	93	28	44	89	16	42	65	51	32	67	95	54	54	32	36	19	11	60	26	40	27	12	61	97	41	24	57	40	84	81	56	59	25	53	23	39	54	51	53	10	97	40	41	11	11	33	81	84	62	72	46	42	46	46	96	73	63	60	14	20	38	99	32	72	90	54	12	89	98	14	28	11	77	33	54	26	86	43	97	14	82	50	13	90	12	89	35	58	64	34	94	19	21	43	32	81	28	90	18	79	12	29	63	87	87	26	96	28	17	67	43	76	11	24	99	63	65	88	58	77	80	93	15	40	87	47	61	95	28	85	29	42	98	73	53	93	99	20	90	34	45	37	67	61	98	70	38	80	22	61	11	11	98	45	23	33	37	36	12	57	84	17	30	14	71	86	21	35	18	39	55	14	33	58	93	70	39	84	11	45	85	66	35	91	55	39	72	87	70	48	98	32	41	52	84	91	32	58	91	72	26	60	10	24	51	51	61	56	72	45	13	92	25	91	67	83	98	74	62	63	29	22	18	93	53	18	11	47	47	34	50	81	29	94	21	12	96	90	14	48	48	28	40	57	23	67	18	45	10	32	90	26	86	39	33	85	85	17	100	57	63	93	21	23	19	55	50	100	20	77	64	86	20	72	15	23	96	36	44	78	53	40	55	14	50	27	77	20	12	96	56	49	44	81	69	93	78	23	42	32	61	93	42	95	37	14	82	34	46	67	17	80	66	30	51	60	32	81	24	98	36	28	81	73	91	84	59	32	65	78	86	93	20	82	45	48	97	55	88	98	55	45	65	13	22	38	75	91	64	88	55	53	43	25	54	78	25	36	99	95	45	74	22	32	99	92	87	75	53	14	97	13	79	66	99	35	11	23	58	20	13	42	58	86	87	81	85	19	27	35	58	21	98	21	98	23	79	70	48	14	59	78	65	77	48	98	41	14	62	97	57	66	18	44	45	28	46	86	76	54	41	77	87	51	36	44	39	67	18	97	19	99	60	72	53	56	46	14	42	44	64	47	94	92	97	48	41	82	92	41	10	79	68	92	76	41	88	49	61	84	92	53	73	70	17	87	56	88	78	16	39	57	99	91	78	30	58	44	65	19	86	94	31	89	42	29	89	73	62	63	71	17	56	93	20	43	60	14	48	67	63	71	52	35	88	90	76	75	30	13	54	61	62	25	80	54	78	71	32	73	36	91	44	49	79	35	83	48	100	12	27	12	68	81	15	72	36	11	47	27	69	55	21	95	41	13	74	23	23	70	78	27	98	16	37	50	55	91	36	57	55	47	86	17	40	46	47	65	16	44	95	46	30	53	63	70	14	94	78	61	66	60	48	40	39	22	35	37	38	44	54	70	55	94	76	71	92	74	42	63	27	63	11	72	91	19	20	87	17	80	62	20	76
17	36	87	36	88	37	38	61	11	66	62	39	97	64	27	61	49	43	90	32	91	78	92	29	30	59	38	75	84	85	22	54	56	96	60	16	32	74	33	71	87	94	25	51	90	14	73	55	91	80	51	91	37	63	81	83	47	76	56	65	92	98	17	49	85	43	22	44	97	35	87	29	42	89	20	68	10	71	32	40	52	52	48	31	37	71	13	71	94	29	73	31	87	82	63	54	42	26	60	36	60	32	22	34	52	93	80	36	91	67	28	19	18	48	45	72	22	82	49	56	47	57	66	97	72	97	34	74	30	12	75	95	76	41	45	20	89	84	41	95	36	33	77	14	74	14	87	99	56	89	62	22	47	82	60	21	82	55	81	92	68	36	95	13	80	82	98	72	29	44	26	84	61	21	96	46	74	57	82	61	52	91	57	56	51	23	71	79	55	16	35	23	42	35	68	37	55	68	29	78	11	69	80	44	78	99	18	15	72	34	18	24	78	33	57	12	28	85	82	85	15	14	50	24	53	88	59	64	73	39	93	56	55	18	23	47	59	65	25	12	96	73	11	24	76	63	61	37	99	98	32	10	75	66	49	67	32	38	64	19	76	86	99	73	49	33	94	77	62	77	16	59	43	56	94	42	20	69	54	79	78	72	46	31	91	40	28	91	49	36	68	54	26	30	66	41	63	20	15	31	94	84	49	14	94	89	81	50	53	81	63	39	89	74	76	18	100	34	96	40	58	27	14	16	56	75	53	33	76	92	57	44	32	86	55	24	35	21	17	17	37	96	54	66	34	74	52	94	59	86	87	74	26	61	88	37	21	21	44	93	15	20	60	64	25	51	59	22	80	98	83	87	68	42	87	71	86	49	74	65	18	10	85	20	19	59	19	49	87	71	31	35	99	48	18	62	40	13	55	37	96	67	90	54	92	45	13	25	39	84	44	86	95	47	95	41	78	61	70	72	33	31	84	57	48	65	30	84	41	25	77	28	83	49	62	59	24	72	92	96	26	93	40	73	27	79	25	72	48	24	98	22	85	52	17	17	41	64	77	12	13	44	77	23	29	38	81	50	94	24	18	45	12	100	95	79	50	94	58	21	28	23	54	76	21	26	24	39	50	14	21	24	49	73	10	61	29	33	57	15	70	16	63	84	71	30	33	38	75	50	63	92	91	11	78	64	93	15	21	34	24	26	85	12	23	26	68	19	48	42	21	71	19	39	15	34	46	90	71	64	10	91	15	18	99	95	61	71	17	18	18	52	16	37	21	67	63	44	38	45	85	100	58	74	36	31	54	58	91	14	51	73	12	92	68	91	82	85	46	20	87	58	63	36	38	65	18	35	65	54	95	63	54	36	72	26	34	10	89	85	20	73	69	55	21	16	37	52	19	33	44	24	58	87	79	32	16	22	52	49	39	95	31	34	80	54	80	13	79	98	44	11	72	73	24	50	88	22	22	51	38	85	72	90	32	65	77	75	25	65	69	97	71	89	38	26	13	96	15	100	92	94	26	80	99	32	67	35	44	83	16	66	88	18	21	97	82	53	22	54	45	11	85	37	55	51	19	74	27	12	71	85	49	32	32	77	40	81	70	49	97	14	60	84	100	93	100	77	94	42	75	98	54	37	24	30	93	26	79	78	70	76	36	49	36	80	99	53	42	25	69	13	86	30	50	61	82	61	19	70	13	89	24	84	88	94	94	62	45	15	74	63	42	24	50	18	25	25	51	49	49	46	31	35	64	66	68	92	52	27	19	60	32	13	53	64	57	48	75	80	19	92	35	51	41	22	100	21	57	49	21	59	45	73	90	97	36	45	33	53	34	72	51	47	44	14	51	90	26	35	39	23	60	99	77	48	36	14	37	32	63	19	78	62	22	67	16	97	51	89	88	69	86	29	57	75	80	40	32	11	68	18	27	70	39	48	96	63	51	62	60	54	18	88	64	72	13	24	83	86	89	59	38	63	79	19	62	53	56	46	23	52	55	83	20	51	30	64	94	17	55	46	40	93	92	86	64	51	53	41	42	42	19	50	53	72	16	44	44	87	43	27	38	79	75	27	10	32	44	87	22	93	44	14	55	41	87	99	79	20	76	10	81	64	56	27	68	30	81	55	30	78	40	10	31	38	90	30	81	66	55	96	78	21	71	10	15	49	60	40	36	60	25	25	56	50	29	80	28	44	84	11	65	31	39	35	61	99	58	60	36	100	48	57	39	51	81	94	46	14	71	73	30	14	18	94	84	40	22	71	50	80	88	72	30	18	20	46	80	29
24	37	52	70	81	76	85	87	38	70	46	81	81	34	52	46	36	60	22	26	80	92	23	48	95	13	25	66	18	25	72	91	29	19	96	59	15	60	27	30	46	81	15	52	19	58	18	93	49	64	40	45	21	93	32	43	74	31	88	10	45	85	82	37	27	86	36	42	43	89	12	31	45	11	14	21	43	95	91	11	11	41	98	49	44	27	48	28	64	98	45	72	50	42	97	51	74	92	32	95	96	90	81	84	16	91	47	100	16	52	31	31	13	57	23	20	17	84	77	18	41	51	47	13	23	85	96	72	64	24	98	13	49	14	93	45	30	40	28	11	89	78	73	76	18	51	32	68	73	30	26	86	49	90	28	97	72	96	35	26	66	32	65	90	16	85	97	51	66	22	88	15	24	68	80	61	66	63	85	47	86	82	78	69	21	63	85	52	85	60	25	39	22	65	30	53	86	54	55	26	12	100	82	55	32	63	46	24	96	36	75	47	80	13	37	11	29	83	45	28	28	43	25	29	75	26	23	58	44	26	87	80	55	80	32	87	94	94	98	97	39	85	60	48	85	55	13	74	18	24	20	33	67	77	50	99	59	23	64	35	70	97	28	47	40	37	96	58	34	65	23	30	71	45	24	33	91	15	16	95	74	62	26	98	27	95	27	23	98	49	29	56	65	83	48	18	32	86	12	61	70	45	77	45	28	19	73	64	95	45	84	98	94	57	19	38	67	24	73	42	62	68	42	60	60	61	94	77	21	11	70	53	22	42	74	43	90	73	65	37	88	14	92	53	43	10	68	74	35	96	14	89	72	76	51	85	27	20	13	28	88	97	12	76	19	77	22	33	99	82	45	35	29	28	60	17	39	61	49	33	21	53	81	88	99	42	52	28	20	12	62	74	70	65	24	22	12	16	46	20	40	91	51	23	100	10	36	34	21	85	52	84	72	44	93	20	99	15	56	91	54	11	57	17	78	32	55	34	19	46	51	64	89	65	86	57	47	12	33	51	45	93	97	32	82	10	48	56	18	72	78	35	13	91	98	89	98	43	27	47	21	85	68	78	66	60	21	28	87	76	77	15	46	17	69	79	69	26	61	66	30	51	91	45	78	38	19	53	78	88	64	42	29	92	96	28	52	82	97	31	81	16	67	75	75	69	86	49	35	88	80	61	21	67	92	83	80	57	49	81	58	93	70	66	84	71	60	98	56	49	77	96	86	54	14	56	46	54	49	47	69	77	43	16	17	85	28	32	35	95	24	48	34	13	15	38	18	97	19	70	41	70	36	39	56	45	32	21	26	75	88	39	42	15	47	34	84	67	32	74	56	56	56	18	76	27	80	48	47	43	43	55	68	90	33	38	69	49	51	56	44	52	49	12	43	38	55	76	99	40	25	20	92	22	72	76	35	15	41	17	25	43	41	38	19	43	83	74	26	75	58	20	20	68	83	13	87	66	29	27	66	30	82	83	30	97	92	73	32	82	95	59	26	40	93	91	87	61	50	93	37	16	72	21	51	82	86	79	13	42	41	85	41	98	68	30	39	13	82	54	19	38	10	43	97	84	31	80	54	93	51	75	73	62	55	28	50	54	50	47	13	56	85	55	44	24	34	21	20	69	60	23	59	74	61	45	76	16	44	79	97	14	20	35	47	50	85	20	66	14	52	77	29	80	90	52	67	60	84	63	68	29	38	56	69	49	92	29	50	46	29	66	35	85	22	54	49	79	38	28	70	21	95	68	31	54	99	77	31	28	62	25	63	12	46	25	22	23	44	100	42	27	35	68	64	63	47	67	24	16	37	71	58	18	22	35	36	73	66	96	24	27	64	95	22	95	60	75	77	44	17	72	30	86	68	22	66	37	41	54	69	81	78	90	52	22	82	47	62	72	89	95	16	28	89	76	47	46	24	14	34	60	97	91	20	41	55	61	44	97	96	79	31	56	64	17	53	94	85	35	74	15	43	52	13	50	12	59	89	55	67	89	45	84	19	72	78	50	53	73	54	49	53	91	38	91	46	33	60	57	57	84	36	23	34	14	32	75	58	57	10	50	78	70	99	46	98	98	97	39	88	19	61	65	20	36	28	41	83	83	46	42	98	20	16	10	11	84	66	82	21	24	41	56	92	73	56	23	74	24	41	37	19	31	99	51	44	97	72	26	35	35	15	76	54	53	62	83	87	46	82	65	99	91	63	71	59	32	93	20	21	21	20	86	13	63	30	16	29	62	71	21	69	19	68	15	90	88	45	22	14	48	32	13	73	91	18	73	13	74
87	34	81	31	79	95	97	44	25	96	68	98	98	11	89	12	66	77	40	36	15	45	82	69	98	72	30	77	88	86	45	74	81	89	66	40	62	10	35	60	90	58	83	54	76	11	34	70	47	28	19	26	95	89	81	55	30	47	70	54	49	42	89	63	29	80	27	94	100	92	44	69	16	46	18	90	39	37	32	30	85	46	85	61	57	89	32	15	43	69	94	26	53	38	85	94	34	45	56	87	12	12	76	39	78	85	60	62	70	84	69	76	85	61	88	61	18	91	99	13	38	54	88	94	92	44	31	94	80	77	50	77	59	83	28	93	87	45	79	62	75	82	73	70	74	31	52	65	31	90	87	87	40	33	91	68	33	95	12	44	12	98	64	12	54	22	37	91	52	19	12	88	95	87	10	26	28	58	87	88	71	45	10	84	45	23	41	43	51	57	33	19	32	82	65	43	10	74	44	87	66	92	42	95	49	10	76	87	46	61	42	46	63	28	18	37	30	64	18	94	80	90	64	30	44	23	12	28	78	53	100	59	47	67	54	57	11	64	55	65	93	87	29	50	67	39	45	11	12	96	31	60	20	23	17	64	31	77	94	83	10	45	39	20	52	79	31	47	60	83	53	12	56	47	17	80	98	32	22	29	78	69	50	55	58	77	79	95	30	81	73	36	44	24	82	20	80	83	41	58	71	58	17	36	61	92	85	25	97	55	55	40	54	13	42	74	15	93	42	99	35	40	82	22	23	50	12	50	17	69	66	22	22	25	42	38	22	51	92	96	95	86	81	12	11	27	86	54	22	99	93	16	63	38	41	50	35	79	88	54	89	81	20	84	29	44	70	24	75	97	33	42	58	23	14	72	81	44	93	46	62	56	32	86	11	96	88	10	83	84	44	40	42	54	49	52	72	72	11	68	27	27	34	62	17	80	90	13	30	17	63	14	63	64	66	13	25	72	26	99	21	70	89	21	57	27	29	27	42	78	95	36	66	38	99	59	50	62	15	39	88	29	46	29	72	43	16	71	58	93	76	51	93	17	30	20	49	65	32	95	23	67	70	78	63	28	74	50	65	13	95	31	75	34	41	17	87	47	75	16	92	60	24	39	86	98	28	46	67	91	64	36	55	25	42	66	58	63	91	42	23	16	72	35	69	98	51	88	13	26	31	45	21	54	40	90	65	95	11	21	67	80	76	54	88	64	16	78	71	37	26	15	23	42	34	30	84	54	51	94	14	99	37	35	80	84	69	19	68	79	26	87	26	76	92	85	17	27	33	55	32	21	11	18	44	27	86	13	47	38	11	38	68	46	21	57	38	93	64	64	32	92	85	61	23	83	51	24	100	86	59	90	30	47	85	53	13	84	78	76	34	11	62	17	98	53	37	62	64	28	99	27	85	34	80	72	47	59	97	70	70	63	45	57	26	26	85	99	87	53	60	40	65	42	51	37	95	31	31	34	62	23	68	49	55	98	13	87	23	42	84	76	67	37	92	76	86	61	48	11	25	20	70	75	36	83	84	67	88	58	15	33	46	69	67	77	42	82	76	21	14	78	46	23	15	92	98	36	96	89	31	95	73	63	14	90	100	41	55	21	16	31	62	81	47	15	77	57	72	70	17	23	71	73	89	29	70	46	35	68	28	27	34	59	85	57	12	13	94	95	65	55	79	31	81	56	91	99	89	88	86	37	41	29	52	96	96	68	41	77	48	62	98	52	76	34	50	95	67	81	33	27	74	50	79	29	64	84	62	40	51	95	75	88	55	80	29	62	68	21	60	94	68	68	94	22	94	22	83	12	14	13	94	76	97	99	24	88	85	88	40	17	15	89	79	37	17	67	47	94	58	46	11	97	71	21	43	44	86	26	66	33	25	38	72	90	53	59	80	95	95	29	64	50	79	100	59	40	94	18	74	24	59	59	20	12	24	40	50	50	11	41	80	37	75	41	45	14	21	55	28	64	13	23	27	54	76	84	87	39	25	91	81	30	94	37	22	51	77	36	77	20	70	88	15	44	66	11	21	10	40	45	95	76	34	27	40	35	58	13	86	99	79	64	87	99	85	71	40	21	33	38	42	76	30	73	78	85	82	85	27	15	69	45	76	28	18	34	30	34	69	96	53	92	59	54	42	87	73	34	62	77	83	41	62	95	59	13	58	34	37	19	41	89	84	87	19	48	92	67	31	100	17	17	78	76	74	94	63	81	75	14	52	77	39	11	33	83	21	19	31	10	96	45	54	92	62	11	46	48	61	47	47	18	54	45	31	84	48	95
86	72	36	69	45	14	38	53	64	48	73	11	36	50	81	98	33	34	78	45	93	95	22	42	65	18	28	54	63	40	56	72	59	88	94	48	57	13	87	55	46	59	12	42	61	91	85	82	86	81	77	80	80	46	60	61	65	60	13	68	51	82	19	15	84	22	60	26	61	28	62	74	38	82	11	77	55	91	66	57	88	74	80	85	45	67	72	60	44	80	84	14	72	83	48	33	93	15	41	81	48	59	15	12	96	17	33	81	42	98	23	24	77	91	19	22	47	97	80	20	32	34	71	96	49	27	38	68	49	14	89	98	48	33	22	92	34	43	26	88	26	17	47	97	77	82	18	81	52	25	69	11	91	16	53	31	14	60	97	58	29	54	78	94	78	32	57	71	47	40	55	64	29	38	63	20	19	64	86	48	31	83	87	71	98	96	42	79	60	29	30	41	29	87	11	74	12	36	89	70	50	85	24	34	19	44	69	45	54	92	16	85	51	17	81	11	31	18	94	23	23	16	59	83	99	96	48	89	47	28	99	75	89	96	79	96	40	62	48	33	81	72	82	90	56	29	58	80	60	14	72	47	32	63	13	92	85	37	97	53	88	64	81	17	30	64	66	45	22	52	96	95	77	29	59	46	96	74	57	28	43	52	29	90	53	86	52	68	60	39	56	99	17	94	11	64	13	46	89	23	21	26	32	98	91	74	14	40	100	85	61	55	43	37	66	45	41	17	60	40	22	72	44	66	69	35	54	83	55	72	37	51	88	35	92	53	89	41	55	59	31	39	100	58	94	91	80	49	37	74	14	70	74	51	99	67	86	84	73	50	92	26	82	98	76	17	20	68	81	90	26	69	14	95	23	89	80	40	97	27	17	28	71	28	87	66	10	47	22	41	83	98	84	63	44	63	92	33	47	93	67	87	43	23	86	73	82	12	31	37	34	35	44	13	14	21	74	26	10	19	85	19	44	12	23	28	99	13	41	77	80	42	85	36	33	46	31	55	76	83	94	73	99	62	97	85	53	94	80	36	37	29	32	32	93	65	95	68	70	43	44	13	38	21	11	45	15	97	52	45	21	77	45	59	84	66	11	17	55	43	37	25	91	26	79	27	17	21	53	82	39	75	62	21	59	47	16	35	11	60	28	17	90	78	56	100	99	52	85	57	33	46	70	72	39	68	68	81	49	14	73	61	83	57	31	88	46	67	21	86	67	18	63	21	63	100	22	79	29	99	47	51	40	49	73	59	75	85	80	43	33	29	23	26	59	96	30	65	74	54	29	55	91	98	38	71	87	60	37	97	80	38	59	98	45	43	52	46	21	83	67	23	13	68	29	62	72	48	60	50	64	30	20	87	90	16	84	91	32	91	84	58	73	79	13	32	75	41	27	47	85	15	86	64	46	92	42	90	70	11	61	53	66	93	36	73	47	90	86	24	42	84	72	34	85	28	61	61	15	94	74	82	50	19	48	65	23	96	93	72	12	97	26	45	54	17	73	52	40	82	66	14	19	71	13	77	18	50	69	68	67	66	58	94	38	80	62	23	96	17	38	15	41	59	11	39	91	35	78	63	59	54	10	12	61	20	50	79	94	25	97	97	59	95	16	14	73	89	28	45	96	71	48	54	43	33	91	17	58	24	17	72	16	18	17	76	25	20	34	58	47	20	51	51	44	92	35	17	73	63	19	69	80	25	85	100	16	97	46	32	44	46	55	66	52	96	21	77	32	38	32	30	87	42	86	28	96	37	99	62	92	59	70	18	29	14	76	26	76	34	58	29	95	96	23	86	75	26	92	41	37	67	100	19	35	49	84	82	64	76	20	82	44	38	66	30	83	36	41	96	56	83	52	95	18	29	35	90	85	13	99	61	89	58	26	64	69	25	49	45	26	51	95	74	50	54	77	99	22	90	99	74	95	29	30	84	67	68	60	91	85	71	21	79	74	53	15	43	74	21	20	11	40	76	72	34	34	80	77	46	62	12	67	74	41	24	21	13	48	48	12	18	93	82	23	36	71	28	38	76	18	68	45	68	55	10	28	51	60	84	61	41	66	47	72	40	78	86	17	31	53	78	85	80	76	53	41	55	21	67	40	75	44	62	68	29	42	45	100	84	56	20	28	46	62	24	10	71	84	51	74	49	57	37	48	54	76	58	40	94	47	51	94	31	40	44	87	97	10	14	82	86	21	49	22	70	77	34	82	74	99	49	74	75	53	58	36	27	84	93	69	80	34	85	56	85	96	61	52	96	17	46	75	73	81	39	63	85	85	50
wj																																																																																																																																																																																																																																																																																																																																																																																																																																																																																																																																																																																																																																																																																																																																																																																																																																																																																																																																																																																																																																							
17	68	92	93	97	25	23	6	52	18	80	11	83	24	48	34	78	87	54	11	32	4	23	96	76	60	92	65	27	72	45	87	2	75	49	10	25	30	72	36	90	60	75	60	87	48	98	100	100	55	22	22	13	50	51	93	4	1	73	20	98	35	12	83	96	46	43	48	26	12	32	27	67	75	62	89	100	80	74	68	14	61	31	88	14	73	28	92	58	85	34	11	43	65	69	76	47	70	3	77	81	55	75	40	97	59	30	63	38	72	39	29	40	55	74	67	26	62	65	40	11	67	65	20	68	79	54	6	94	38	82	56	27	76	98	37	68	69	78	90	52	77	67	35	28	32	70	94	75	2	97	41	8	92	85	92	25	86	29	91	8	13	74	78	73	38	31	20	86	3	17	60	39	66	12	90	81	87	26	26	30	84	99	31	5	26	22	74	29	27	55	83	43	42	14	77	24	91	36	15	43	39	89	43	58	43	54	43	62	51	84	97	5	3	45	13	58	16	77	37	74	52	29	91	15	78	69	42	21	96	73	59	63	41	41	44	18	98	58	32	18	17	38	2	7	80	99	69	36	1	57	19	77	32	15	8	28	13	14	44	85	13	54	87	84	75	79	21	14	86	7	65	76	41	21	56	31	92	39	54	99	45	59	79	73	41	26	46	93	5	50	13	30	20	81	74	2	45	7	83	45	78	55	72	99	66	90	22	77	82	74	26	60	73	38	59	58	68	41	62	71	72	82	18	76	81	85	85	78	92	11	67	41	4	36	100	82	16	40	26	24	57	64	30	44	49	94	3	46	51	39	20	84	74	8	64	31	91	44	61	15	10	96	19	26	79	97	30	11	70	9	15	55	16	23	20	65	88	97	81	39	29	17	43	1	25	29	46	87	86	65	58	90	98	21	67	96	61	29	54	100	12	99	46	76	40	69	14	49	31	88	67	38	46	99	84	49	60	12	40	37	56	52	59	5	61	45	2	11	74	92	4	89	81	92	24	11	96	86	44	66	95	40	67	37	88	18	84	38	23	78	24	76	84	87	16	8	62	29	46	96	6	13	73	89	75	54	74	82	47	16	72	73	93	25	7	12	14	47	68	62	27	63	4	50	97	83	6	68	70	51	36	25	33	27	29	28	69	73	55	91	46	6	10	36	57	98	98	70	34	22	39	66	1	90	57	81	60	87	74	6	68	82	47	7	65	56	77	59	22	27	60	32	66	80	17	65	27	80	22	64	48	52	89	47	71	52	88	16	89	79	7	27	26	42	14	37	8	82	4	91	64	41	20	71	8	88	5	26	80	6	86	65	37	44	54	72	12	74	58	97	14	49	85	53	32	34	69	54	14	99	61	64	74	33	90	2	79	34	30	93	46	90	36	51	17	89	97	80	35	4	34	95	24	5	88	18	68	29	70	89	14	99	31	8	55	73	58	99	69	88	81	61	39	34	86	90	96	14	98	78	81	63	97	61	29	7	57	5	87	6	99	24	78	3	32	81	63	12	23	42	5	28	45	29	94	49	17	14	14	30	34	77	73	67	75	62	3	42	99	66	22	66	48	60	100	22	56	48	57	58	44	2	90	45	24	7	93	18	77	35	62	24	5	95	55	11	62	89	4	99	24	20	67	30	80	95	9	2	56	5	79	37	82	11	63	75	36	11	65	12	67	49	66	40	33	61	75	34	12	74	79	45	29	83	56	54	90	36	12	6	82	23	67	60	25	49	81	95	57	38	30	75	65	35	48	14	43	87	93	8	20	82	15	85	63	16	20	39	27	32	20	15	5	74	63	35	11	83	46	92	33	19	71	40	86	47	33	27	8	87	91	5	44	56	47	73	31	76	44	15	80	95	96	51	5	33	12	86	34	83	92	47	8	26	53	93	78	22	58	99	31	15	91	80	28	62	17	63	78	35	92	76	88	40	52	58	66	76	29	19	27	93	32	73	88	18	92	87	18	49	74	84	59	49	89	82	87	65	8	88	39	97	49	41	97	11	39	39	99	28	13	29	43	35	99	42	55	54	60	69	57	8	28	34	8	89	92	15	80	87	6	68	100	86	24	53	71	36	33	68	6	99	73	68	63	60	15	44	12	25	46	46	58	64	3	80	76	79	19	15	53	70	58	100	51	81	47	39	37	72	98	2	79	36	1	38	2	35	77	4	37	99	80	42	79	20	89	49	20	68	21	31	62	26	67	94	70	16	7	59	59	58	61	64	29	13	61	48	41	11	90	63	92	7	76	47	47	66	61	82	70	80	62	4	80	37	83	19	72
