pij																																																																																																																																																																																																																																																																																																																																																																																																																																																																																																																																																																																																																																																																																																																																																																																																																																																																																																																																																																																																																																							
77	88	82	89	71	75	88	87	75	86	81	79	80	75	83	74	73	77	77	82	90	76	76	78	84	73	85	74	71	89	82	72	77	89	85	89	74	89	72	74	80	90	83	82	70	89	71	71	79	88	71	76	76	81	82	86	74	79	85	84	88	88	82	75	76	89	71	87	78	90	84	80	73	78	77	73	81	84	89	75	70	89	89	77	76	83	71	71	89	70	76	88	86	88	74	83	70	75	90	72	79	86	73	84	74	74	79	88	85	81	82	74	86	73	89	88	83	81	76	83	78	84	81	78	72	86	72	78	88	88	85	76	78	82	82	79	80	85	78	79	83	84	83	86	81	89	87	82	86	75	80	78	78	78	75	74	75	72	81	85	80	83	73	73	86	82	85	85	72	87	71	88	78	72	76	73	88	85	84	83	72	72	82	77	75	87	76	74	74	82	80	77	81	70	84	74	80	73	77	80	89	85	83	77	72	89	87	82	87	75	77	78	83	70	79	83	80	80	79	88	85	72	74	85	71	70	88	73	77	79	80	82	77	89	83	86	73	80	82	88	87	80	71	83	85	77	79	81	83	70	74	73	88	72	87	79	89	71	83	89	82	76	74	86	80	82	72	76	87	82	78	78	82	82	75	88	90	88	73	74	83	76	89	90	83	81	84	82	79	75	79	78	72	84	76	73	74	89	80	85	89	81	84	78	88	86	71	71	87	84	81	76	79	83	74	84	87	80	83	85	75	76	89	71	73	73	82	88	87	72	73	83	85	77	76	85	77	73	80	79	80	84	77	88	89	80	82	72	78	89	83	82	79	73	71	74	71	72	88	73	74	80	80	88	78	86	90	85	81	74	78	75	75	81	89	87	80	79	86	82	82	84	87	84	87	86	79	74	77	80	80	71	82	73	79	82	80	80	88	82	89	83	77	77	86	70	74	81	83	75	86	75	76	72	73	71	82	86	84	72	74	85	89	84	81	77	74	76	74	87	78	88	85	76	88	84	78	87	86	72	80	82	87	86	77	89	74	70	72	71	88	84	73	75	86	88	74	82	83	81	77	88	84	78	79	89	86	71	79	73	82	87	72	85	80	71	78	76	78	82	75	89	78	80	82	89	76	74	85	80	72	82	80	88	81	87	90	75	90	82	72	87	80	79	76	83	80	74	78	85	76	84	72	84	71	73	76	81	81	86	83	81	78	83	90	83	78	85	74	76	81	89	85	87	87	85	76	75	81	70	88	89	80	79	80	73	73	85	84	82	87	78	70	80	90	77	80	75	84	77	84	76	90	74	73	89	84	82	84	72	73	73	81	75	77	75	86	71	83	72	88	84	74	90	89	74	73	76	90	76	80	77	83	81	83	88	76	88	79	86	84	72	72	71	84	71	86	90	89	71	90	87	83	79	89	89	87	87	79	79	83	80	73	77	72	80	87	82	71	88	86	72	88	84	86	84	75	86	74	81	85	75	75	80	76	73	80	75	90	81	78	75	73	79	82	90	88	90	78	78	82	83	85	80	78	78	82	79	72	71	86	78	87	86	84	75	78	78	90	82	75	72	80	87	77	71	73	82	88	71	74	83	90	72	86	78	82	88	80	76	73	87	88	83	83	74	79	75	88	76	71	80	73	75	80	83	72	82	76	77	79	73	86	84	73	75	71	82	74	87	82	71	74	86	72	72	75	84	82	79	87	86	83	89	72	75	71	76	82	77	87	71	81	73	84	87	80	89	79	86	76	88	79	73	81	81	83	74	71	86	89	87	73	81	79	73	87	86	75	86	74	81	79	75	89	71	71	72	90	87	87	73	79	71	86	76	71	73	75	71	80	82	87	72	75	79	85	78	86	78	71	88	80	78	84	87	79	89	89	81	87	77	73	73	70	82	85	86	76	76	88	77	79	82	72	73	72	89	82	74	87	86	72	88	71	70	80	76	80	75	81	79	70	72	79	88	76	87	85	82	87	78	84	77	82	73	78	88	82	72	78	86	89	88	82	76	75	86	85	70	79	72	90	82	87	86	85	77	88	80	73	84	71	84	73	79	78	83	70	87	78	88	73	82	85	90	80	76	73	80	88	75	75	77	80	77	76	82	81	87	84	76	77	87	89	80	71	86	76	74	85	71	88	86	87	87	85	88	74	90	77	89	72	80	71	88	73	79	82	71	73	89	88	89	74	76	83	77	72	77	74	76	86	75	88	71	89	81	78	82	84	80	85	72	82	77	79	74	71	79	87	81	73	72	78	72	80	84	71	70	78	80	83	71	71	84	81	84	75	83
75	83	74	88	86	73	90	89	86	87	89	86	82	72	81	82	76	89	72	87	88	89	73	85	87	84	71	86	81	73	75	78	82	89	75	79	74	71	73	72	85	89	71	81	85	71	86	86	72	71	83	84	89	90	73	87	86	70	72	72	73	86	88	78	86	76	81	80	81	83	82	75	71	72	83	79	87	90	86	74	71	83	75	73	78	78	87	72	76	85	73	73	85	89	75	71	86	71	88	71	71	70	82	78	72	75	84	84	87	78	80	75	89	74	89	75	88	90	86	71	73	86	89	71	83	90	83	79	83	73	86	73	83	84	74	71	79	73	73	70	72	77	83	89	75	72	71	88	89	73	79	76	81	74	70	88	90	72	90	84	73	84	75	85	72	75	76	74	86	85	80	71	81	78	78	73	89	78	88	76	90	74	80	72	76	84	78	81	71	74	72	88	85	84	82	71	73	76	86	71	78	77	78	72	75	78	81	86	79	82	81	75	87	82	81	84	84	88	74	85	73	78	80	86	72	85	88	76	71	79	89	78	89	74	79	71	75	81	86	87	87	74	76	82	84	76	90	75	84	83	77	73	72	86	83	71	83	80	76	88	71	70	78	82	84	74	74	86	84	73	88	87	85	74	80	85	90	89	72	77	72	70	77	70	73	72	80	87	83	72	79	75	82	74	72	88	87	78	83	79	88	82	74	84	70	89	73	77	87	89	84	72	85	70	77	73	71	85	75	88	90	76	86	80	72	81	70	87	78	78	86	77	74	77	71	81	73	84	71	85	83	84	71	87	82	77	85	77	77	79	71	71	83	83	83	90	81	78	89	84	78	89	75	74	88	79	85	79	83	88	77	79	73	75	78	82	73	73	89	76	88	70	89	90	83	76	83	89	74	87	85	86	80	71	86	86	71	83	70	88	70	79	76	76	88	72	71	73	87	89	76	86	77	82	75	71	80	87	74	77	85	74	87	75	73	82	81	87	75	76	78	73	73	80	76	80	88	76	83	74	87	87	78	79	83	78	74	71	70	70	84	89	88	78	79	89	75	80	86	86	76	71	79	75	83	74	86	80	71	75	81	76	89	85	84	89	80	84	85	90	78	78	80	82	80	87	83	76	78	76	79	88	72	88	88	80	72	85	72	88	83	89	84	82	72	86	87	75	79	71	78	82	82	88	81	83	78	75	79	90	82	73	73	70	89	72	73	87	76	90	81	88	81	82	76	85	78	86	81	79	73	73	89	85	83	89	90	71	86	89	74	82	71	76	81	86	82	81	83	82	78	87	80	84	74	85	81	75	75	71	72	73	72	82	81	87	78	77	86	73	77	83	72	71	89	81	74	89	76	76	84	78	78	84	85	84	79	74	80	74	82	71	72	88	89	80	83	74	88	83	88	84	90	84	89	74	77	82	80	79	77	81	73	80	72	72	71	76	80	70	74	70	74	80	77	88	87	85	73	73	81	83	88	83	87	78	76	88	70	80	78	82	71	87	84	83	88	90	89	86	72	71	77	72	82	88	89	73	71	76	82	85	89	87	82	81	87	87	80	88	74	87	77	82	76	74	72	74	89	73	78	83	77	84	78	73	73	89	73	79	72	75	76	74	85	89	71	80	88	85	72	83	83	74	80	78	82	89	72	87	70	83	71	86	84	88	88	72	81	84	78	89	87	80	76	77	74	76	87	79	83	79	73	86	88	74	73	84	90	90	87	73	71	76	86	84	88	81	72	85	72	80	86	84	89	82	82	82	75	73	85	76	82	76	71	79	82	85	72	88	73	87	81	79	72	74	89	72	84	72	72	75	80	74	75	85	84	87	83	87	89	79	86	74	77	78	86	85	84	71	83	81	88	87	82	72	75	80	84	78	89	71	82	85	79	83	75	87	86	88	71	72	80	77	81	82	85	78	84	85	87	73	72	77	80	71	82	86	88	72	80	81	73	83	77	81	83	84	90	75	88	86	83	86	81	87	71	81	80	81	75	89	81	86	79	74	76	86	77	79	72	75	79	77	84	79	84	78	74	80	85	81	72	75	70	74	81	86	83	71	84	75	86	83	87	73	75	89	83	76	85	83	83	84	76	88	75	76	80	75	73	74	72	88	72	78	77	88	77	86	87	77	84	86	87	71	77	86	82	75	81	85	84	88	76	73	90	87	73	88	73	82	88	90	89	84	73	87	78	73	76	74	85	86	87	76	82	78	86	79	71	81	73	72	73	87	88	89	88	78	84	81	84	72	89	84	79	85	83	71	75	87	80	83	81	80	72	79	86	73
81	74	81	74	78	73	78	77	75	88	85	78	90	83	84	76	86	78	88	89	86	70	80	71	81	85	83	70	82	73	87	71	71	76	84	75	84	85	79	82	80	76	83	88	74	80	71	76	89	87	73	85	90	84	84	81	80	73	70	77	88	79	84	87	88	86	86	85	76	74	72	73	75	90	85	75	85	76	70	73	75	80	82	85	84	81	80	80	73	74	78	77	90	88	82	88	72	76	79	77	84	74	83	79	80	89	84	86	76	83	88	87	76	81	76	78	75	86	86	78	86	75	78	73	81	78	76	73	86	71	84	70	75	80	75	88	85	74	77	74	71	79	82	88	78	89	83	84	82	72	80	70	88	78	81	70	71	84	87	72	85	79	87	82	78	75	74	75	82	82	85	78	89	89	78	76	82	73	72	82	83	87	70	89	73	72	75	82	79	74	80	80	85	88	76	77	72	83	83	78	79	77	77	79	79	88	89	72	88	84	81	72	80	83	85	78	71	72	83	74	77	79	87	89	81	71	81	81	74	80	80	77	83	76	76	89	90	87	86	89	84	87	81	71	81	74	72	86	73	83	74	89	84	78	76	73	81	85	75	83	76	78	80	87	79	79	77	72	76	75	77	75	74	82	71	75	79	89	88	75	89	83	70	78	84	82	78	78	88	78	88	83	90	87	80	77	85	85	78	75	78	85	72	84	82	84	74	84	73	81	85	87	84	77	85	72	78	71	84	84	74	80	82	76	72	80	90	87	77	86	72	75	71	73	77	84	81	81	89	74	75	82	79	71	86	80	77	85	71	83	73	81	85	89	74	83	71	83	82	84	80	73	89	84	90	87	75	83	79	89	89	86	87	84	76	80	71	82	76	80	80	74	83	78	86	77	81	85	87	74	86	85	83	85	85	89	85	88	85	77	73	86	89	71	77	82	79	82	70	88	88	74	82	84	77	79	89	87	85	88	72	73	75	71	79	76	73	74	89	75	90	82	79	83	85	76	72	88	78	77	84	80	76	87	72	76	76	78	73	89	83	73	87	80	87	73	89	76	85	71	73	76	87	78	82	87	83	87	74	72	88	75	80	89	82	80	80	86	87	71	83	87	76	84	86	78	90	90	71	78	86	77	77	70	74	71	73	77	73	75	82	71	90	76	81	78	74	86	78	78	83	71	83	89	90	88	74	82	85	73	90	86	72	88	76	80	84	90	89	75	71	71	77	82	72	81	78	78	82	88	89	90	82	78	76	88	87	72	90	82	79	86	71	75	77	83	88	76	72	79	80	84	81	72	70	73	77	79	74	77	76	73	73	77	90	81	89	89	87	83	76	89	83	76	79	74	79	85	84	89	86	77	87	86	82	86	89	89	79	78	73	83	82	71	85	83	87	83	74	71	78	89	83	73	71	85	86	80	79	73	79	85	72	84	72	73	82	83	79	84	89	86	85	80	73	82	79	75	88	85	79	75	71	83	78	75	76	75	88	79	81	76	75	71	75	89	85	79	83	88	80	85	71	76	75	73	80	85	89	85	85	88	79	80	82	87	77	76	73	87	73	88	71	70	87	84	90	76	72	74	81	87	78	74	74	82	81	82	76	89	87	79	79	74	78	72	84	82	88	77	80	82	86	83	85	89	82	85	79	81	84	81	72	85	84	80	82	71	70	84	81	72	83	82	85	78	87	87	77	73	70	71	75	70	80	84	81	77	89	70	84	74	73	78	79	72	80	87	90	81	89	75	85	80	82	87	85	71	87	72	87	82	78	84	84	70	81	81	84	77	70	70	76	88	83	82	71	78	76	86	88	83	88	73	87	85	79	75	73	77	85	80	89	77	79	86	86	77	89	88	73	78	75	78	89	72	72	83	82	75	81	82	88	76	81	72	76	75	84	81	71	84	74	88	71	78	75	85	76	78	79	76	72	70	79	81	90	84	75	85	87	83	76	70	71	72	77	81	85	90	85	78	79	70	83	84	75	85	87	86	75	75	74	78	86	71	88	85	78	80	88	73	86	80	70	82	73	87	79	79	72	79	89	80	88	85	81	82	84	74	77	88	77	87	86	73	76	77	70	71	89	79	81	78	79	87	83	88	80	76	87	88	75	75	81	86	73	74	75	76	72	71	77	87	71	76	80	75	78	85	81	89	71	87	78	82	74	72	79	84	81	77	74	86	87	78	80	72	89	90	80	86	81	83	80	84	70	89	73	74	76	88	84	90	88	87	89	71	83	74	88	74	73	75	86	90	74	79	81	80	84	78	84	75	86	87	84	79	82	87
87	78	87	74	83	84	71	77	86	73	70	78	80	74	77	79	82	84	74	74	72	75	88	84	84	71	82	71	86	78	84	87	71	79	70	90	89	80	73	78	84	85	73	77	80	87	75	72	77	82	86	86	81	80	81	85	73	84	72	84	87	73	75	72	78	85	88	79	86	85	75	89	87	81	83	82	79	70	74	79	76	84	71	83	72	76	89	75	86	77	75	70	88	72	85	74	86	83	87	81	78	90	83	79	84	89	74	84	84	76	88	76	88	73	81	82	71	84	81	85	74	82	87	80	85	90	82	74	77	85	89	83	71	72	87	86	79	87	76	82	76	79	76	84	72	77	80	84	84	80	81	78	72	72	88	75	74	89	71	80	72	74	82	75	75	79	80	80	79	76	77	83	89	81	82	72	81	76	88	86	83	74	83	82	82	82	74	87	73	87	76	72	75	80	72	87	78	73	88	84	88	87	78	80	87	84	88	80	88	81	88	78	72	79	78	76	87	79	79	85	88	71	89	83	71	84	77	90	77	75	81	74	82	84	72	74	75	88	86	76	87	84	76	71	73	84	82	72	84	86	88	84	72	74	81	78	74	86	75	70	74	75	75	71	82	75	87	71	75	81	88	80	88	70	78	89	83	82	79	89	73	70	70	82	75	77	79	85	84	76	75	89	82	70	78	76	78	73	78	86	84	78	90	81	77	82	89	83	78	71	82	90	84	88	81	81	87	73	78	73	73	84	76	75	89	81	85	84	83	71	74	79	72	86	86	71	85	74	83	88	73	76	82	83	90	87	75	83	87	86	73	74	72	73	81	78	79	83	84	86	72	87	71	76	79	85	76	86	87	79	76	74	86	85	79	83	82	81	89	71	77	84	71	75	90	85	81	76	80	81	86	82	80	76	71	72	78	87	84	86	78	82	81	80	83	72	88	86	72	80	76	80	83	72	80	77	86	83	89	80	80	83	80	88	82	74	86	86	90	83	87	78	72	81	79	73	84	78	85	84	74	81	89	90	77	80	72	87	77	73	74	74	71	81	85	71	89	90	86	88	82	77	77	74	83	76	88	87	86	79	75	86	88	70	83	78	83	77	71	77	84	84	78	75	82	72	83	89	89	71	73	78	87	78	86	78	72	71	83	77	80	78	87	74	83	74	75	84	80	80	78	87	84	73	82	84	90	83	88	81	73	73	78	80	83	85	72	74	80	75	75	88	88	81	83	71	79	73	70	82	89	73	85	84	89	89	80	77	72	70	78	83	72	86	71	75	82	88	78	85	73	77	87	90	84	89	74	88	86	79	84	82	85	72	74	86	82	78	78	82	84	78	80	72	89	88	79	86	86	75	77	81	72	88	88	79	72	76	87	86	83	71	71	89	83	72	86	90	86	84	76	89	83	72	79	83	82	88	76	71	77	87	85	75	89	84	75	83	80	82	87	83	72	78	77	72	80	85	89	76	79	90	71	76	86	74	77	75	71	83	73	84	83	81	83	87	80	72	73	86	78	83	82	85	86	77	90	81	75	74	85	77	75	83	83	76	88	84	79	74	82	72	83	80	85	73	80	71	84	70	88	85	83	87	76	71	86	80	75	80	83	74	75	74	81	80	76	72	82	90	86	87	77	83	76	77	76	76	88	78	80	89	86	81	78	77	87	75	79	70	79	73	71	75	78	83	87	71	73	87	78	85	72	72	88	89	82	89	85	71	74	76	72	89	76	86	73	90	80	74	84	73	78	89	74	75	82	73	73	86	73	87	83	88	86	82	77	77	90	85	85	79	79	73	82	87	82	72	75	72	81	79	77	85	75	84	74	71	88	85	76	73	72	83	78	79	73	76	71	87	80	87	81	85	74	84	73	81	86	80	87	74	85	89	84	87	80	73	75	82	86	72	75	85	90	77	85	84	78	75	88	80	78	74	80	80	74	76	72	84	85	75	80	73	86	83	77	70	78	88	87	79	82	80	86	89	80	74	72	79	77	84	72	76	85	73	89	82	84	77	71	82	78	79	74	78	70	78	77	77	75	70	87	83	72	76	89	75	77	81	89	72	88	74	74	88	88	90	74	82	87	74	85	70	74	83	78	83	81	78	74	75	82	81	85	90	78	80	77	82	79	79	82	73	75	70	87	86	84	74	80	87	88	72	79	86	74	90	75	72	86	78	81	72	78	75	76	82	80	84	83	85	86	85	71	70	84	88	85	73	75	81	78	77	81	88	86	84	78	82	77	76	78	77	87	79	81	85	73	83	84	71	78	80	80	73	86	77	72	73
85	81	73	79	79	79	74	77	75	86	90	78	81	89	82	71	74	84	83	75	75	73	84	80	72	86	88	78	82	76	78	86	75	84	74	84	84	85	73	74	90	89	73	87	89	73	88	86	72	89	87	76	85	72	72	72	77	72	76	89	88	84	83	89	80	89	74	85	71	79	89	77	83	88	83	73	86	71	75	80	76	71	82	80	76	80	89	88	74	90	85	82	77	86	87	89	76	85	80	86	87	86	81	82	84	83	71	86	88	86	85	70	80	73	79	86	86	84	72	82	88	77	84	78	87	74	79	73	78	73	76	70	70	75	82	90	73	79	88	85	86	84	78	76	81	84	89	81	86	70	74	78	90	78	78	84	80	89	71	85	71	87	76	79	85	81	84	79	78	72	80	79	77	84	89	81	89	85	71	88	75	77	75	78	70	79	82	76	90	75	74	81	81	70	83	81	77	87	88	72	72	79	74	88	80	84	85	81	78	71	79	83	74	74	73	86	86	74	86	90	73	87	72	90	81	79	71	83	87	83	79	81	77	72	71	90	84	78	90	90	82	73	83	86	83	78	72	75	83	88	71	74	81	85	83	75	72	76	82	89	72	71	81	90	90	71	88	84	81	72	80	74	84	72	86	79	73	71	86	77	88	79	75	74	89	77	82	84	78	74	86	84	79	74	70	77	89	78	72	78	85	81	85	73	81	85	83	83	79	78	75	79	84	90	80	77	82	82	71	85	80	72	79	83	89	71	83	78	74	84	90	79	77	72	89	77	78	80	76	89	83	88	81	75	77	82	81	89	74	71	73	76	84	76	75	84	89	78	89	70	87	87	70	77	75	73	84	90	77	79	90	71	86	80	72	84	75	72	78	72	87	87	73	84	79	82	88	80	89	89	76	84	85	89	90	89	79	81	73	87	74	87	71	86	85	72	72	79	79	79	76	75	75	76	84	78	73	82	80	82	85	77	85	81	73	73	76	75	84	85	81	70	86	71	74	78	78	75	87	76	86	86	89	81	79	71	78	80	88	85	82	80	80	71	73	83	73	83	83	79	88	78	75	88	76	78	82	81	74	70	74	82	76	75	78	87	84	78	85	83	83	80	76	86	73	86	84	73	81	89	87	86	87	81	89	72	87	71	81	82	85	76	73	88	85	78	87	71	88	81	83	75	73	88	89	79	90	71	86	88	73	87	89	88	71	82	71	80	89	81	80	87	72	82	80	79	80	70	82	89	89	74	88	73	75	88	72	79	78	88	76	78	89	73	89	74	80	70	75	79	83	81	83	88	76	75	80	75	78	83	87	72	82	86	77	74	89	87	82	80	73	87	88	75	89	88	86	85	87	79	74	79	89	71	76	77	75	86	82	79	88	73	89	82	76	81	89	85	88	84	84	73	79	78	80	81	86	83	78	71	73	72	77	75	90	76	73	77	83	75	74	79	71	88	88	81	76	83	84	70	71	81	82	86	77	78	73	71	74	88	84	84	81	83	71	88	80	85	75	83	89	77	80	84	84	87	80	80	83	75	83	74	85	72	77	73	75	71	77	81	77	78	90	79	76	77	76	89	84	76	77	84	73	76	86	74	77	80	77	75	73	77	81	78	79	77	79	83	79	77	72	75	80	72	72	79	71	77	81	88	75	85	85	82	74	74	79	71	80	82	70	86	87	74	78	87	88	85	81	84	86	87	84	73	87	74	75	82	77	88	89	79	74	73	74	88	71	86	78	86	80	74	74	87	80	71	75	73	78	78	73	71	70	74	74	88	83	84	73	74	72	75	79	79	71	71	78	78	72	71	82	77	79	90	89	79	86	82	86	81	81	82	72	86	90	85	87	83	72	80	89	88	74	89	82	79	81	71	86	89	71	74	90	74	90	73	84	87	88	74	78	82	72	82	70	86	84	74	71	87	76	74	71	70	82	80	88	73	75	76	72	87	88	86	79	87	72	77	75	86	81	85	73	71	85	82	71	89	88	79	87	80	82	82	70	87	77	76	87	88	70	73	85	83	71	70	76	71	75	73	82	74	82	76	77	86	86	85	86	82	83	83	87	82	74	80	87	90	80	75	86	80	70	89	83	88	89	80	84	72	71	83	78	71	73	81	80	74	82	76	82	79	82	85	83	87	73	82	83	76	72	89	73	84	88	78	74	74	72	72	88	88	80	76	82	80	71	72	70	77	76	78	83	73	79	81	89	78	89	80	81	70	87	75	88	79	78	86	82	77	84	71	88	71	77	73	77	71	84	75	83	90	77	83	73	71	81	85	73	75
76	75	85	70	73	74	79	89	71	74	72	80	73	83	80	74	80	75	75	81	90	86	89	77	83	84	71	78	79	84	77	77	83	84	83	83	71	84	73	88	72	81	74	72	86	85	75	90	74	71	83	82	75	84	84	81	86	78	79	89	76	85	82	72	76	79	82	79	80	85	70	80	83	77	80	79	87	85	88	75	74	77	84	73	80	78	76	77	83	78	73	88	74	75	75	86	73	75	75	83	89	84	84	81	87	81	80	72	81	75	76	74	87	88	72	71	71	87	88	70	73	75	87	82	72	89	90	79	78	73	77	79	77	86	82	74	86	83	71	77	78	79	79	71	80	87	76	89	79	80	70	74	81	74	90	78	82	89	85	74	71	86	82	86	82	86	76	84	76	71	80	75	72	88	76	72	88	80	82	72	75	75	72	87	77	84	83	84	74	70	87	74	72	84	74	72	78	87	87	86	76	84	85	77	78	82	74	72	87	78	71	71	72	71	89	87	81	86	71	73	88	73	87	83	85	75	75	76	89	74	71	80	72	80	83	75	81	73	85	89	77	86	75	78	82	82	72	76	79	81	81	85	83	82	86	77	84	87	79	87	72	77	83	85	85	87	83	82	79	81	88	86	84	88	70	73	75	80	73	80	80	72	84	88	82	85	89	71	83	87	89	88	83	77	90	86	71	85	77	80	86	84	73	87	83	87	81	81	90	79	83	77	82	74	82	85	81	85	78	84	70	79	79	88	87	80	73	84	80	87	85	87	76	74	83	79	87	71	81	85	75	86	85	83	78	87	75	82	84	73	71	77	88	75	87	78	79	74	81	81	71	86	81	77	74	73	77	81	78	85	74	79	71	80	87	80	83	83	76	86	82	73	83	88	74	72	90	71	85	76	77	85	81	86	72	73	72	84	85	83	79	73	89	74	75	88	79	85	75	78	87	73	84	80	83	76	82	72	77	87	84	75	89	71	86	78	75	73	85	82	72	90	82	76	73	76	84	87	79	87	90	71	83	87	76	72	73	86	81	88	73	71	78	84	89	75	80	78	83	83	81	76	83	82	86	86	80	81	72	73	71	87	71	80	80	71	72	82	89	72	71	80	79	86	85	86	70	82	70	71	81	84	72	89	81	73	81	77	85	72	80	75	89	71	89	82	74	85	72	87	83	71	71	80	74	82	74	77	83	77	86	86	71	80	83	82	86	89	77	90	80	89	83	75	88	88	76	74	83	74	82	75	88	81	74	79	89	77	72	89	74	81	74	88	76	90	86	87	86	72	81	76	74	87	77	74	72	71	71	83	88	79	79	76	72	73	90	88	77	78	70	74	76	74	79	79	82	88	76	78	86	71	74	81	87	77	82	86	72	90	86	82	74	89	74	76	75	87	85	75	74	73	72	85	81	73	74	74	79	72	72	88	70	86	81	75	88	78	72	89	74	78	83	80	71	71	85	76	87	87	77	72	78	89	80	86	89	82	82	86	72	77	80	78	89	77	84	70	88	83	70	82	78	86	83	75	87	77	83	70	81	73	76	75	84	84	80	74	76	78	84	87	75	71	78	81	79	78	89	88	78	73	82	82	72	76	82	74	77	78	85	72	86	89	74	81	77	89	90	89	74	76	88	85	71	71	73	79	88	72	84	76	84	77	84	79	76	83	86	73	72	74	73	80	75	86	87	86	89	81	90	72	87	74	72	86	87	84	89	79	77	79	85	79	81	84	73	82	90	81	85	74	72	84	90	78	84	80	83	85	76	79	90	71	83	81	79	86	71	82	79	85	84	79	79	83	80	73	83	83	78	85	81	73	88	78	88	75	86	85	81	73	82	77	89	85	89	73	71	83	70	84	71	87	71	80	83	71	86	73	77	87	81	79	72	81	78	73	73	70	84	70	73	85	83	83	86	78	87	83	76	75	89	73	74	71	85	86	81	72	76	71	81	71	85	76	80	71	72	81	70	86	82	84	78	70	77	90	75	80	85	74	83	71	86	88	78	89	75	75	90	77	83	70	73	80	85	79	80	73	80	77	89	76	84	75	71	74	71	74	79	78	84	70	84	89	83	71	86	74	90	84	85	70	75	88	80	79	87	86	72	76	83	83	72	78	79	71	77	76	77	75	74	78	89	83	73	89	71	77	90	79	75	88	78	84	77	90	83	72	89	81	90	76	71	79	83	84	85	89	72	81	72	79	76	83	79	80	88	76	80	73	85	76	79	86	85	86	81	81	84	79	87	84	82	87	71	84	80	78	74	79	80	72	73	80	79	77	85	76
74	83	78	86	78	81	82	80	90	87	79	73	73	71	86	74	82	80	70	76	89	74	85	73	76	75	89	76	79	88	77	81	88	89	73	78	76	74	81	72	86	88	83	82	86	85	83	75	78	73	76	78	78	88	88	80	88	81	78	73	73	82	71	71	85	82	80	83	84	71	88	78	71	80	75	85	79	81	86	89	87	73	78	86	89	77	78	88	74	87	82	74	71	79	81	78	72	80	74	80	89	82	84	76	82	73	87	82	75	86	79	82	83	73	76	74	75	74	72	84	73	90	77	77	80	81	76	90	77	70	76	89	90	89	85	82	76	87	81	86	89	79	82	83	73	78	83	74	76	70	73	75	79	84	90	87	76	84	83	79	72	76	86	75	86	71	76	77	80	74	73	77	74	80	81	83	71	70	86	82	73	71	87	71	76	87	81	87	88	73	75	81	77	78	90	77	76	82	82	71	78	73	73	86	79	87	73	80	74	84	73	71	78	80	75	88	85	76	84	89	73	82	90	85	77	83	73	88	80	71	85	76	73	73	78	87	84	75	90	90	73	71	86	84	78	88	79	80	71	88	71	89	81	84	82	81	89	86	71	83	83	83	74	78	78	89	78	76	86	90	89	75	87	77	71	89	81	85	90	70	71	82	82	89	90	82	74	80	90	86	80	73	88	74	76	86	90	77	75	70	77	77	71	77	71	80	76	83	79	79	79	85	81	81	71	90	77	85	76	87	87	89	73	84	80	83	74	81	76	73	82	76	73	86	85	85	77	86	82	86	73	84	88	80	77	82	86	79	81	90	80	79	77	86	79	80	76	80	74	88	83	81	72	73	85	83	85	79	80	88	72	77	77	77	80	87	89	89	73	82	86	86	74	80	77	72	83	86	75	79	81	71	82	71	79	79	83	88	76	82	79	81	75	71	84	87	85	85	71	83	73	78	71	85	71	87	78	71	80	79	86	73	73	89	82	73	73	79	82	73	84	75	82	76	79	79	76	72	85	70	84	78	70	73	89	76	79	71	70	85	74	79	70	76	74	74	89	87	74	77	71	76	75	73	86	89	89	77	85	86	88	75	82	86	82	89	87	78	81	83	77	89	81	73	74	77	75	80	72	75	76	85	75	74	81	73	84	75	72	80	77	75	76	86	88	74	77	76	71	90	72	79	78	72	87	76	87	90	82	72	86	87	71	72	75	85	77	87	85	73	74	77	71	71	74	81	79	73	87	88	85	75	89	72	71	87	82	89	84	77	90	75	72	76	74	76	87	81	85	85	82	75	80	74	84	82	77	72	78	77	87	84	85	85	76	73	89	81	72	72	80	76	81	78	89	71	84	74	73	77	90	70	80	76	86	79	72	79	74	81	77	86	87	77	86	78	81	80	77	86	77	81	88	82	86	85	73	74	88	89	82	75	81	88	76	89	70	89	88	74	89	77	87	84	73	81	88	87	82	78	72	88	70	72	71	71	90	72	76	89	74	88	80	83	75	80	74	74	81	87	85	75	79	83	71	88	73	74	78	75	85	72	89	86	71	77	72	70	78	82	88	81	83	77	84	76	75	86	78	86	81	89	75	75	72	90	82	74	82	86	80	71	72	83	86	71	89	76	71	73	80	82	73	71	83	80	84	74	85	84	71	73	79	85	88	89	73	71	72	81	82	77	81	71	75	83	73	85	78	72	90	89	77	89	77	72	83	77	76	79	80	72	71	81	78	87	85	79	86	71	81	74	70	76	89	81	83	76	82	83	88	89	86	78	84	83	89	72	75	86	73	87	82	83	78	74	83	70	71	72	81	79	80	79	89	82	78	82	78	76	71	82	83	86	81	87	76	78	81	74	87	89	89	81	73	78	75	85	70	73	90	84	76	85	70	79	81	90	78	88	85	70	84	85	81	88	73	78	76	76	79	86	75	77	89	81	82	87	80	84	84	80	86	73	86	77	87	79	81	75	78	75	80	71	83	73	82	81	78	82	89	85	88	88	83	73	78	87	78	81	82	90	86	87	82	86	81	87	89	88	77	75	90	78	70	70	79	85	85	87	87	75	71	87	79	88	89	87	82	86	89	88	79	74	88	74	71	72	80	71	87	86	83	81	75	81	87	74	83	74	90	78	83	84	85	89	82	71	85	78	71	78	77	88	71	83	73	84	76	88	73	71	84	73	72	90	82	84	75	77	81	85	75	87	82	85	71	77	77	70	86	87	90	84	81	84	82	77	79	76	83	76	83	73	70	79	82	83	76	78	80	88	76	72	82	73	74	90	76	86
88	83	89	82	87	79	73	87	72	70	77	75	70	89	74	75	83	82	81	89	83	81	78	89	73	76	74	84	90	73	80	78	72	74	76	87	79	84	79	72	86	75	79	71	90	79	78	75	73	70	72	84	80	83	84	83	83	77	77	81	73	89	84	71	82	80	81	88	84	72	89	85	77	87	77	71	73	79	86	72	88	75	87	74	71	86	82	78	79	72	89	75	85	89	82	80	79	89	81	88	78	74	76	78	84	83	90	75	77	86	70	82	82	87	74	89	74	71	87	87	74	84	77	89	82	87	73	85	86	74	80	71	77	82	84	88	85	71	83	86	88	88	84	79	73	88	86	71	75	81	83	80	72	72	87	73	87	81	80	79	71	77	79	70	85	75	88	78	79	77	83	80	71	76	79	77	86	88	87	90	87	74	77	88	86	74	85	79	84	71	73	71	90	78	78	89	88	73	72	83	84	74	74	79	89	79	85	87	76	81	82	74	71	89	87	79	74	77	86	79	73	76	82	77	80	73	75	90	77	82	81	86	86	85	85	80	77	80	70	82	78	85	71	88	79	71	72	72	84	77	88	80	87	87	82	82	74	77	77	83	85	73	81	81	83	80	75	70	85	77	89	72	85	86	73	87	89	71	75	73	79	86	77	84	80	83	80	79	77	89	76	72	90	70	78	76	78	85	77	84	82	74	78	79	70	81	73	83	90	78	80	89	90	88	86	77	73	88	87	78	76	78	88	73	72	73	87	84	77	83	88	80	89	79	87	71	74	82	87	77	84	84	83	81	86	74	84	76	87	77	88	78	81	76	75	76	73	85	87	75	90	74	85	88	73	82	77	74	75	80	89	83	83	79	88	87	79	74	79	76	78	83	84	75	86	78	72	78	75	88	81	78	77	90	76	76	72	85	86	90	70	84	84	83	80	70	71	83	85	86	81	89	83	85	82	89	80	81	82	74	72	89	83	87	78	71	84	70	84	85	76	87	88	81	80	74	71	72	72	78	71	80	89	71	78	75	77	86	79	81	81	87	74	79	71	79	76	83	83	76	71	79	86	74	82	87	79	78	71	74	77	79	81	76	86	87	87	86	82	86	86	80	73	84	74	81	88	71	88	86	72	77	74	85	74	77	82	78	86	71	84	71	76	84	88	86	81	75	87	72	80	81	76	80	70	76	80	83	84	76	84	89	87	76	81	84	75	78	86	83	88	80	87	77	78	81	75	80	82	80	84	81	80	78	78	87	85	77	74	71	71	74	71	73	87	79	83	89	88	76	80	78	76	79	90	90	80	78	73	81	71	83	77	80	77	72	86	89	80	86	87	73	85	85	74	82	87	76	86	80	87	84	77	76	78	83	79	78	80	90	88	85	82	81	87	72	87	70	74	83	82	78	72	73	76	88	74	85	89	88	77	82	89	78	88	80	75	77	88	87	81	74	80	72	88	88	74	80	84	73	86	84	73	83	77	88	79	70	77	73	79	75	87	82	74	87	88	89	80	88	85	85	88	86	89	71	77	70	72	88	78	80	74	74	71	87	72	87	86	87	81	85	80	87	85	75	88	79	72	79	73	80	90	72	83	71	74	80	85	79	83	86	80	80	84	87	89	81	76	86	86	86	80	79	88	84	77	83	76	84	88	81	74	85	76	89	83	81	80	86	81	79	82	71	84	70	81	73	86	85	80	78	83	75	76	85	83	73	89	80	89	81	89	76	83	75	81	79	86	80	78	72	80	75	87	70	86	77	88	79	89	76	85	87	78	77	79	77	83	76	84	75	90	75	78	86	75	73	79	75	89	84	73	74	89	84	76	79	83	79	75	90	75	86	72	83	70	71	79	75	83	79	88	78	71	86	72	82	83	83	88	79	81	78	81	87	86	75	84	86	76	73	78	90	89	76	89	78	84	73	76	90	84	88	86	87	83	87	81	88	86	84	79	73	81	87	73	86	87	78	79	80	70	86	77	79	76	85	77	78	80	78	81	80	77	76	71	78	87	71	83	83	81	72	70	86	72	85	70	90	70	76	71	80	73	86	84	83	85	75	82	76	70	87	86	74	88	87	90	78	89	70	87	78	76	86	78	89	79	88	76	76	89	89	76	86	86	73	80	73	72	82	83	86	88	85	89	83	82	88	79	77	85	81	73	83	86	82	89	72	90	72	70	89	72	75	83	76	83	75	81	78	81	77	85	75	81	78	75	73	84	89	86	78	83	89	88	79	83	73	74	83	81	88	87	79	81	77	88	76	73	89	70	77	78	75	78	83	85	82
79	74	89	83	86	83	71	76	78	84	81	90	78	76	86	88	85	72	79	85	85	78	89	90	75	86	73	80	84	90	87	78	76	81	78	85	83	90	77	75	73	75	87	80	82	72	83	79	85	88	78	81	72	73	77	80	72	71	76	82	86	85	71	76	78	90	83	85	75	89	85	84	76	88	73	85	72	87	79	88	77	71	84	77	81	90	80	75	75	72	73	81	83	71	73	87	89	70	82	85	83	83	80	87	89	83	73	71	85	81	89	90	77	90	89	83	70	75	80	78	82	84	88	82	78	85	86	70	71	88	86	84	70	80	79	73	89	70	82	79	71	72	81	72	84	89	77	88	73	80	86	80	88	84	86	89	89	84	77	80	87	88	79	75	78	83	89	89	75	73	73	76	89	77	82	77	84	85	70	71	81	81	85	81	89	84	86	89	74	86	75	80	78	72	83	80	77	73	86	73	81	89	80	73	73	87	79	71	85	77	81	80	75	75	75	88	75	87	70	84	71	88	71	76	78	76	75	79	80	85	81	80	72	76	86	73	87	78	90	78	87	81	83	84	74	84	82	87	77	76	75	83	80	70	78	87	87	79	76	77	79	76	74	71	82	72	74	84	73	73	80	83	78	79	78	87	73	74	75	71	82	79	86	80	75	73	76	80	89	72	78	82	80	73	84	83	90	71	80	84	89	84	71	80	72	88	81	77	78	89	80	84	84	74	84	83	88	76	86	73	76	86	75	78	81	83	77	74	83	74	86	83	78	88	73	76	73	74	74	78	85	72	76	74	71	75	72	83	84	81	89	74	82	72	87	88	83	70	81	88	81	86	89	72	83	75	84	76	71	70	79	75	87	83	89	76	80	71	81	87	74	71	79	76	77	86	79	78	78	78	88	79	89	71	77	80	88	80	70	83	90	72	86	75	78	88	75	71	81	72	70	90	88	87	83	73	85	88	73	89	74	73	83	85	73	71	84	80	77	87	89	76	76	82	84	73	86	86	86	83	79	85	81	81	87	81	87	81	89	89	83	86	75	77	79	76	72	85	81	77	78	76	78	73	78	88	89	75	70	86	89	77	78	86	83	73	83	76	75	79	87	79	84	81	79	85	81	90	76	73	76	74	71	82	89	81	88	74	82	88	76	82	81	76	72	81	75	72	71	87	82	82	81	87	75	82	79	90	74	73	88	81	76	85	78	80	82	71	83	83	89	84	89	85	86	76	86	89	85	74	89	78	72	89	72	84	72	83	75	84	78	82	90	88	82	84	79	89	86	74	84	71	79	86	80	75	90	75	79	76	77	83	84	79	79	79	86	75	74	90	71	70	89	87	90	81	77	72	74	88	72	85	79	76	79	89	89	87	90	78	82	74	86	80	83	79	89	75	70	82	79	73	74	80	81	79	90	77	84	84	74	78	75	82	77	74	89	86	74	85	83	80	84	87	89	80	88	77	70	81	77	84	83	77	88	83	73	82	80	75	77	75	89	77	75	79	74	71	81	70	80	73	87	77	74	74	71	87	73	85	74	88	75	77	80	76	72	76	72	80	73	76	79	89	88	84	86	74	74	81	89	77	79	82	89	90	71	78	71	75	78	72	71	89	80	84	89	78	81	77	87	74	85	72	86	80	86	77	74	84	83	86	87	90	89	83	71	74	84	81	73	87	81	84	80	79	75	89	86	74	86	76	73	77	79	87	90	79	71	80	76	79	85	76	80	75	77	72	71	77	78	85	84	70	87	73	88	73	83	85	75	80	78	83	82	84	74	73	90	87	73	86	87	88	72	80	85	73	85	81	82	85	76	89	90	88	79	85	86	80	73	74	72	77	76	74	81	73	84	79	75	80	85	79	79	71	70	83	82	83	83	72	87	70	78	84	77	76	81	83	70	74	77	73	87	70	87	83	89	79	85	88	85	77	88	78	86	80	79	88	79	87	86	85	89	82	75	76	77	76	74	86	89	71	79	75	85	74	72	89	84	81	86	71	87	80	77	85	72	88	86	78	71	79	85	81	80	73	75	71	75	85	79	73	85	83	70	90	80	82	90	75	81	76	83	86	81	75	74	74	89	81	85	72	78	72	76	90	78	78	89	81	72	73	74	75	87	78	76	87	82	79	75	84	72	72	89	79	80	87	83	76	70	81	80	76	84	76	89	89	72	75	73	87	74	79	77	83	77	85	82	75	71	79	75	85	81	82	73	84	83	83	71	83	84	88	80	75	86	75	83	74	89	85	81	84	73	90	79	82	85	78	88	75	72	82	85	88	84	86
80	79	89	78	78	71	74	80	82	82	88	78	81	79	74	78	74	74	78	90	72	78	89	71	72	76	77	79	76	74	81	80	87	81	75	70	87	79	80	77	88	80	74	85	80	85	76	85	84	86	88	80	72	82	74	74	84	89	90	85	76	70	89	77	75	80	81	77	73	78	78	73	74	72	89	86	78	78	86	82	88	70	73	89	81	80	87	83	79	74	84	85	86	83	85	74	88	85	79	89	73	88	70	87	84	87	83	71	70	79	88	87	77	82	87	88	84	77	70	74	90	72	77	74	87	76	74	80	89	79	72	78	72	73	83	89	80	81	74	80	72	89	82	83	77	82	83	72	82	76	80	77	72	75	76	88	73	75	81	81	71	71	81	73	74	70	89	86	86	85	70	81	79	84	82	73	89	86	84	86	73	75	79	78	73	88	76	86	85	72	77	73	84	80	83	79	82	81	79	78	86	90	77	80	87	78	75	74	79	83	74	77	84	83	86	82	78	85	81	88	90	83	83	76	80	74	80	85	80	76	84	71	83	86	80	80	81	89	84	77	89	74	87	74	90	89	79	84	72	89	79	82	76	80	80	73	83	78	81	81	79	80	70	78	74	80	86	71	80	81	71	78	81	84	84	85	75	89	76	80	75	82	88	81	85	90	74	70	86	78	84	84	87	88	85	89	78	87	84	79	70	88	78	78	83	72	73	84	89	88	88	73	87	79	75	75	83	86	72	88	87	89	87	71	83	89	74	74	76	73	84	90	80	85	78	71	82	85	83	86	76	72	83	73	70	83	77	88	71	86	78	87	84	89	74	83	86	85	72	78	71	75	81	76	88	87	83	80	88	75	81	72	90	73	88	88	86	89	87	72	76	74	80	74	77	75	82	79	71	87	77	83	76	75	77	73	82	80	90	77	81	89	81	82	89	73	76	83	80	72	90	74	87	70	74	74	86	90	88	77	76	79	86	72	88	71	71	70	88	72	87	81	77	86	80	79	83	79	85	83	89	88	75	72	85	71	78	78	85	74	86	76	78	86	81	72	80	87	71	78	79	88	77	74	83	89	81	84	86	76	71	88	74	71	86	75	71	85	86	86	76	86	81	73	78	74	87	86	85	88	71	71	79	77	73	83	79	72	87	72	79	71	90	74	70	85	81	74	89	79	89	77	78	81	82	77	89	90	70	81	76	71	82	84	86	75	75	76	87	82	76	77	82	71	84	74	81	70	72	89	87	78	88	83	73	86	76	79	80	85	88	79	82	78	73	86	77	74	70	80	71	85	84	83	77	81	84	87	85	87	89	83	79	85	79	80	76	78	78	77	90	80	72	75	83	81	88	80	82	80	71	75	89	79	78	77	83	81	70	90	89	71	85	88	72	86	70	78	85	82	75	82	74	74	86	88	86	77	85	73	89	89	75	85	80	77	87	82	77	71	89	88	83	71	83	78	79	78	85	78	71	84	88	72	80	77	78	77	74	78	74	73	70	74	76	89	76	75	84	73	85	82	86	85	77	72	88	86	86	82	82	72	87	86	90	86	80	71	86	84	86	82	71	89	80	71	88	71	89	80	79	89	85	80	89	80	88	86	89	89	81	87	83	74	72	72	80	72	76	89	86	75	70	79	77	81	84	72	81	88	73	84	82	75	80	87	74	74	87	79	90	83	86	84	84	72	77	82	88	71	89	80	74	71	86	80	72	81	88	87	84	72	83	88	74	74	82	80	89	80	76	71	88	88	83	74	73	73	71	74	85	81	76	90	83	81	71	83	74	74	86	84	71	82	81	86	88	72	77	71	82	71	78	73	88	88	72	75	72	86	90	83	77	88	84	72	85	88	77	80	77	76	86	71	73	73	77	86	74	83	89	87	73	87	79	88	73	84	89	71	80	86	79	77	70	72	87	90	87	90	71	85	82	73	77	71	74	81	85	80	86	79	86	73	89	79	77	71	71	89	85	70	88	71	79	87	86	82	77	76	79	73	74	84	79	89	90	87	83	82	79	88	74	79	81	74	76	88	79	82	85	72	88	83	89	84	76	73	89	90	81	88	78	84	84	87	74	85	73	77	88	73	86	74	71	76	71	74	76	87	80	78	79	76	85	80	84	76	74	85	72	87	77	86	80	82	76	89	89	81	72	75	82	81	82	75	86	81	86	71	84	74	72	76	82	83	77	75	72	81	88	78	74	85	81	87	88	77	89	72	74	83	88	85	81	80	78	88	75	82	85	74	86	75	87	87	76	86	74	83	80	79	77	84	72	77	76	74	78	81
wj																																																																																																																																																																																																																																																																																																																																																																																																																																																																																																																																																																																																																																																																																																																																																																																																																																																																																																																																																																																																																																							
16	100	46	85	59	45	54	31	79	82	98	82	82	19	3	65	82	35	30	57	91	65	64	21	64	79	45	70	43	90	42	18	60	93	57	66	63	49	35	98	14	93	29	73	62	17	64	5	90	95	68	11	64	23	80	58	62	5	76	97	59	98	81	68	61	15	73	89	63	14	17	37	100	40	57	75	85	67	96	80	86	89	32	38	35	95	95	33	20	70	79	15	60	19	7	27	41	98	78	30	13	85	80	3	96	61	67	51	37	67	76	89	40	51	64	83	14	93	74	52	90	89	4	19	21	7	33	75	58	30	78	59	44	89	89	56	40	94	59	56	42	41	22	36	30	15	4	55	7	47	26	67	70	59	57	13	3	26	13	23	51	15	7	85	64	59	67	10	16	61	11	14	97	83	66	50	58	16	60	16	41	52	95	4	98	98	57	73	14	26	48	65	72	99	53	61	47	68	57	96	69	96	46	19	90	20	38	15	82	78	36	81	64	86	82	87	53	32	81	32	4	64	17	5	21	92	93	13	37	79	22	98	55	30	46	17	21	95	66	17	22	41	53	18	46	89	9	59	49	58	3	68	78	97	19	77	92	49	17	90	70	58	8	99	20	25	43	28	68	93	3	25	96	60	87	93	51	84	71	43	45	10	22	97	18	56	87	100	70	99	7	75	52	1	24	44	81	33	85	63	46	27	64	55	32	58	5	64	50	57	93	73	69	89	6	23	48	48	5	9	66	32	98	17	77	34	32	16	40	14	62	34	91	70	45	80	65	74	61	18	81	22	67	57	63	41	94	4	13	74	17	38	61	98	81	44	2	13	7	45	74	26	7	34	19	14	41	25	41	93	78	3	78	27	59	33	69	25	76	76	39	30	22	49	96	13	60	85	19	62	40	53	28	68	68	70	78	89	3	52	17	51	64	13	82	70	87	47	27	51	58	67	28	23	47	84	17	6	75	42	33	73	85	14	31	44	19	23	88	82	46	81	19	78	51	31	12	1	64	85	93	12	100	30	5	17	82	69	82	84	74	46	21	27	24	76	78	15	50	38	70	41	43	46	92	54	83	51	6	21	84	36	37	24	68	85	43	97	43	56	41	21	54	63	88	65	50	70	85	81	93	36	85	49	8	96	11	56	34	33	28	32	19	76	57	47	74	36	77	75	66	74	73	63	39	89	100	56	17	69	81	49	86	50	51	81	1	92	5	61	23	64	81	6	38	59	36	29	98	61	81	99	71	57	57	72	16	29	37	84	47	57	6	70	51	2	72	20	6	84	67	9	31	13	78	22	80	31	11	43	82	64	69	58	9	62	5	5	47	14	66	40	87	74	3	64	96	78	68	36	3	58	1	98	19	23	79	14	93	48	71	92	29	80	98	83	20	19	99	88	49	40	85	21	90	3	96	4	41	24	52	49	21	83	42	58	78	97	93	73	71	30	70	84	2	18	5	88	4	17	20	94	62	61	77	36	74	95	31	54	41	99	3	55	64	43	46	93	91	12	74	11	10	25	49	15	75	34	37	57	63	49	16	26	95	80	27	50	20	83	24	9	47	66	29	67	71	20	98	11	100	21	2	18	88	35	96	58	69	25	79	53	15	28	20	17	48	49	93	98	8	65	85	14	15	15	29	56	22	25	54	82	62	34	98	53	100	77	58	71	56	77	80	96	90	53	31	47	63	63	26	78	92	6	18	2	55	23	26	74	68	44	1	36	49	59	25	87	56	18	96	57	23	41	46	5	72	70	65	52	12	5	27	79	92	97	74	95	70	74	34	6	80	20	62	61	40	17	14	53	77	56	57	37	95	19	39	86	26	46	21	2	47	23	20	63	17	59	7	47	71	99	100	75	18	8	3	76	45	63	87	4	55	38	67	90	20	87	10	17	28	2	72	41	14	24	38	19	4	63	68	52	22	96	30	95	9	40	35	76	98	40	27	39	83	54	7	55	67	18	70	51	31	69	69	30	100	55	83	27	55	70	83	80	83	81	68	59	31	97	25	23	89	6	92	82	56	48	35	43	86	90	5	41	50	24	53	53	23	33	51	36	21	37	67	2	20	17	71	66	70	51	76	48	46	18	96	69	64	63	28	86	23	20	5	20	61	8	72	69	35	61	41	32	18	72	36	74	48	24	14	92	30	39	96	4	6	42	90	20	96	96	82	2	12	69	41	52	20	62	63	44	18	6	25	96	18	3	86	48	97	39	37	42	73	56	37	89	79	61	37	67	28	74	23	26	99	6	13	99	100	75	69	60	74	52	79	4	32	4
