pij																																																																																																																																																																																																																																																																																																																																																																																																																																																																																																																																																																																																																																																																																																																																																																																																																																																																																																																																																																																																																																							
24	32	49	32	30	70	17	38	73	55	50	90	70	34	76	47	81	72	83	26	44	13	65	67	43	45	70	62	66	82	71	20	69	82	72	80	35	67	16	89	94	36	61	95	92	21	65	98	41	75	79	14	93	56	60	34	91	24	37	30	38	52	37	30	88	53	42	75	47	68	79	69	42	69	50	25	78	40	12	66	42	43	27	58	91	94	71	68	91	17	78	65	48	87	20	84	75	41	10	58	78	12	48	61	69	19	30	43	45	91	27	79	37	100	66	27	70	23	28	81	74	31	23	28	36	12	64	46	53	77	62	35	75	87	37	79	98	24	78	15	84	91	55	57	62	98	92	83	88	28	22	28	65	72	93	29	57	92	57	27	81	37	53	84	76	38	27	64	84	25	64	31	93	30	71	97	77	91	90	75	30	41	15	65	84	86	35	19	35	72	53	11	60	64	39	38	71	75	75	64	53	57	87	45	99	40	29	10	40	50	77	61	59	66	62	61	11	28	35	25	88	20	81	18	64	95	85	74	82	65	70	72	31	73	24	82	52	31	77	84	10	55	64	46	32	74	74	57	20	98	60	40	17	38	59	69	22	89	19	38	26	13	54	89	99	16	40	88	75	38	68	83	89	30	81	98	47	14	19	35	47	15	60	69	49	60	55	82	73	58	61	65	69	25	90	42	90	13	52	72	80	52	90	70	30	57	80	60	75	13	34	44	64	88	20	96	35	33	44	82	99	26	12	85	67	37	61	36	84	62	35	52	82	83	28	53	87	77	15	20	32	38	27	64	22	50	89	64	41	70	12	48	92	30	63	30	99	92	68	37	25	38	34	98	33	76	88	57	75	69	49	19	88	41	94	37	19	30	13	46	89	45	16	38	91	30	62	80	39	53	18	80	88	91	79	10	61	77	70	27	37	57	24	28	29	16	20	31	58	45	98	25	91	89	49	47	32	18	54	38	84	33	24	85	55	71	67	63	68	58	96	15	79	42	28	93	81	28	94	89	97	12	87	41	53	72	23	41	62	82	27	15	15	78	73	20	44	43	95	93	66	71	73	62	80	28	100	83	42	34	42	68	30	32	35	11	34	27	74	79	36	30	85	31	58	39	81	77	25	45	91	76	75	24	16	48	52	90	70	57	58	51	98	84	34	39	61	34	19	14	80	78	88	19	32	44	85	35	54	89	35	52	93	26	30	99	99	12	90	43	80	26	66	35	36	54	76	97	78	92	49	88	10	31	44	14	83	70	90	92	65	98	28	59	29	22	38	92	22	28	81	62	51	24	94	88	27	94	43	77	71	26	17	19	16	95	89	70	78	22	97	74	16	36	92	11	19	86	78	72	42	92	54	17	73	76	88	81	35	64	16	12	48	58	35	20	25	77	88	50	94	38	40	93	17	87	12	16	35	90	50	90	58	52	62	50	97	71	13	59	93	33	14	51	25	91	74	94	84	17	16	62	46	24	33	96	94	76	89	99	69	48	30	28	96	57	95	100	21	61	73	61	80	44	53	75	87	89	54	66	90	63	18	93	29	47	45	84	32	50	99	64	90	11	25	76	65	82	11	88	37	47	99	13	32	93	81	52	45	75	87	50	80	81	95	44	92	64	27	48	82	23	78	43	22	46	82	76	26	35	84	63	88	46	27	13	57	96	79	94	38	19	79	53	94	45	20	40	50	57	48	54	44	56	35	32	56	93	95	88	88	45	73	82	76	80	85	78	83	87	43	75	36	34	38	98	92	52	35	15	15	98	24	78	39	46	76	48	24	66	74	24	20	43	25	61	61	41	11	56	96	91	82	46	26	85	34	37	13	36	56	11	60	87	11	47	71	72	68	26	25	74	58	85	19	88	34	74	27	76	40	74	56	84	96	47	64	86	82	50	67	34	45	54	95	31	65	21	20	35	28	48	88	49	20	79	93	98	87	87	13	90	29	71	16	19	87	89	89	32	32	85	74	97	18	71	13	94	30	87	51	35	45	53	44	15	36	16	50	18	31	92	29	41	75	73	58	21	20	52	81	64	47	63	19	42	78	82	20	47	15	58	87	44	61	69	97	15	60	39	96	28	21	71	27	92	85	36	54	78	72	73	15	85	85	19	12	95	49	73	80	83	71	61	39	30	97	47	40	59	90	69	39	95	30	54	45	39	65	99	30	52	28	64	63	71	23	63	17	88	35	37	61	37	48	64	61	92	55	91	100	84	53	66	95	75	68	86	99	95	30	81	70	49	89	60	31	11	76	78	50	98	97	98	79	12	18	86	56	80
21	67	81	15	78	36	22	91	20	60	92	48	62	30	17	70	33	73	98	18	41	96	12	62	74	20	30	90	78	22	43	73	90	62	27	92	21	63	95	77	67	95	95	17	54	21	91	15	32	77	33	37	23	23	38	79	66	80	60	59	58	17	70	60	70	36	60	33	51	85	79	65	14	20	30	81	75	70	88	86	52	26	87	47	91	54	40	61	62	60	67	63	74	41	37	55	97	25	69	49	54	10	61	25	14	82	90	52	40	44	73	30	11	19	62	11	98	38	52	25	21	55	76	85	48	84	36	77	39	41	99	93	77	85	69	95	47	58	93	80	87	35	98	53	83	46	52	41	94	77	67	32	37	82	88	64	24	30	78	68	40	62	55	67	63	68	99	58	42	50	88	57	55	23	53	96	25	24	14	59	87	44	52	71	95	24	44	85	25	29	95	91	56	92	42	44	96	91	75	55	24	77	82	98	34	71	74	32	89	25	68	90	21	45	44	31	53	91	93	66	10	72	53	29	18	62	81	92	37	56	99	10	59	82	25	57	77	16	54	59	32	49	82	54	34	29	60	44	33	21	31	94	60	54	74	34	68	97	47	92	35	43	17	16	23	79	27	61	57	14	60	86	66	24	21	30	31	64	19	73	79	93	54	23	96	88	26	73	75	31	39	44	62	44	37	91	56	51	85	28	20	88	75	57	97	58	99	46	78	42	36	76	82	42	79	64	20	62	53	58	58	73	80	35	66	48	38	60	22	82	93	26	94	79	100	22	77	15	38	58	72	68	80	23	74	80	68	11	97	77	60	41	31	25	71	51	36	76	60	59	70	28	42	61	15	27	83	23	18	45	28	84	99	20	53	45	94	39	27	71	62	92	82	60	35	53	18	19	11	71	55	44	42	25	93	83	81	62	30	15	49	94	46	71	98	34	77	52	39	97	51	99	83	33	11	83	78	13	41	31	51	77	23	31	51	24	87	37	17	53	73	85	45	28	97	100	58	48	92	30	95	55	83	45	13	89	46	64	32	46	30	61	75	74	90	16	18	11	80	41	59	65	84	46	61	24	100	11	57	81	54	37	16	29	47	68	44	91	93	77	55	41	35	15	65	13	53	73	32	99	51	21	70	74	63	56	65	71	47	24	69	21	54	49	99	38	68	46	21	26	45	85	80	62	78	84	50	69	17	15	41	66	20	34	66	79	96	26	88	20	19	59	60	61	96	59	60	14	24	43	80	36	97	49	12	91	31	47	49	50	97	37	92	51	75	46	18	79	15	68	43	30	44	55	69	65	43	69	21	94	93	83	77	78	49	52	73	12	84	67	71	94	28	32	10	21	43	30	43	39	99	27	93	45	96	49	29	65	58	68	24	80	86	29	53	58	16	41	31	72	25	37	41	38	31	59	13	71	12	32	56	43	78	86	66	24	42	83	61	90	71	22	11	37	25	27	18	93	43	50	77	44	63	28	79	69	73	62	19	49	55	97	95	74	77	29	98	36	32	71	33	91	71	87	58	13	58	81	16	79	38	61	20	63	17	75	31	39	78	95	15	63	36	37	16	43	92	73	60	51	56	37	25	24	90	44	37	78	53	34	44	82	49	43	71	81	88	37	73	51	96	97	17	53	30	46	66	64	56	85	21	86	32	57	33	70	42	83	39	64	85	13	19	83	95	48	36	45	11	78	53	65	11	94	92	25	97	11	75	32	73	29	22	61	69	100	84	61	89	31	71	93	36	29	72	12	82	62	95	59	57	25	48	88	46	43	90	98	22	94	48	51	20	92	35	55	14	15	68	72	83	67	19	94	29	42	72	30	82	96	44	57	89	62	38	81	35	91	61	12	90	39	87	38	33	41	57	97	41	57	96	83	43	41	21	54	14	27	79	78	45	49	41	75	32	60	50	43	45	72	33	80	69	88	46	83	44	53	63	73	44	48	15	47	94	83	45	85	75	15	100	45	98	16	32	83	45	97	90	67	99	68	77	33	15	15	33	29	34	70	58	95	38	41	67	44	41	83	58	66	50	58	97	62	72	17	83	44	45	14	64	29	18	16	15	67	99	44	56	73	60	37	92	70	44	88	55	66	72	11	86	63	49	46	67	86	29	70	70	68	65	22	87	13	67	41	58	93	80	66	51	19	42	17	56	22	81	14	33	50	93	18	82	85	12	23	72	99	32	21	12	67	62	86	65	54	65	53	16	44	70	48	24	37	60	22	72	75	54	33	28	50	94	14	58	40	38	11	49	70	25	71	63	92	33	35	63	34	61	66
72	75	21	80	84	37	84	98	18	53	96	92	46	69	31	44	47	58	35	71	50	80	69	11	82	19	26	41	83	21	68	85	20	43	25	42	43	97	69	77	20	64	66	47	81	83	82	66	86	28	63	33	60	69	80	89	92	69	36	48	72	91	12	15	81	33	88	57	16	30	21	36	83	27	41	78	35	13	30	39	16	48	61	60	38	27	52	50	69	97	76	60	12	48	88	91	38	69	14	13	77	61	13	45	93	92	19	45	26	58	42	44	82	27	95	96	19	18	84	47	47	22	16	62	90	55	84	67	98	44	40	83	21	48	93	79	27	44	38	33	91	46	84	90	66	82	97	21	60	70	83	34	64	34	51	29	29	26	90	71	43	50	47	61	54	35	56	62	22	80	19	92	99	53	50	27	67	86	72	39	30	10	45	37	43	28	41	26	32	85	42	14	81	91	33	31	98	74	41	67	24	55	92	57	99	75	88	44	62	99	20	94	28	57	67	51	79	77	43	28	63	53	16	81	32	98	91	83	57	52	98	62	26	49	26	16	82	40	89	79	34	67	46	55	29	26	45	14	85	55	55	97	11	24	59	75	43	18	53	21	12	15	36	50	81	34	27	81	90	71	94	74	95	41	75	51	76	60	25	20	80	95	73	13	35	71	88	59	66	87	68	99	31	18	62	66	42	29	79	80	14	19	42	19	87	73	45	93	47	15	32	30	53	62	46	38	35	21	58	12	73	49	70	77	14	23	93	85	44	54	92	92	75	81	81	63	62	90	49	76	39	48	66	66	46	18	34	46	84	14	66	14	24	49	42	73	16	99	26	85	17	95	37	52	36	26	63	62	50	71	36	31	89	69	72	29	10	24	27	100	63	69	20	47	88	66	59	40	62	93	19	97	40	54	87	49	23	37	46	41	15	25	22	97	66	29	84	86	13	43	46	88	31	94	96	21	76	21	33	83	96	41	46	15	96	100	23	22	63	86	69	88	94	96	61	20	84	97	95	42	11	35	50	85	24	63	16	63	51	74	48	31	58	24	14	34	46	66	67	44	26	91	23	75	71	31	92	21	78	65	62	41	57	60	99	26	47	61	26	14	41	93	61	92	19	12	87	56	22	19	30	50	12	57	97	13	40	66	81	63	38	97	40	66	83	21	100	39	34	25	43	90	89	95	58	68	20	41	52	91	21	67	13	94	94	84	10	94	21	85	56	87	28	91	72	62	89	56	26	18	14	26	37	17	27	63	83	53	56	93	40	92	36	83	79	52	60	85	22	21	80	15	29	95	36	76	91	27	51	21	10	21	41	28	19	81	61	54	40	97	26	42	45	27	90	86	27	49	22	62	24	38	64	25	14	51	67	27	17	86	90	25	39	79	66	13	13	85	14	90	100	81	62	32	27	90	32	75	97	77	59	70	42	92	95	66	21	35	81	35	78	91	36	87	28	98	60	99	38	75	13	55	41	27	40	85	86	92	34	24	68	32	38	60	14	59	82	11	43	45	68	63	87	75	44	30	24	18	64	23	69	48	65	96	80	61	42	19	77	83	83	23	60	58	48	22	98	75	98	71	29	47	95	81	73	81	21	80	21	89	66	53	86	21	47	25	89	70	37	61	32	65	11	26	38	41	38	23	26	70	68	10	89	86	38	24	28	81	24	31	45	41	32	73	27	49	32	81	99	69	53	48	59	63	42	72	99	69	71	64	26	35	55	49	43	18	48	11	21	57	25	61	35	89	97	18	51	38	63	78	41	75	91	48	23	78	65	11	52	67	30	85	95	81	82	46	74	75	34	69	98	67	76	99	57	59	73	25	51	84	25	31	98	17	49	97	17	66	65	12	72	50	44	58	28	12	88	18	78	67	61	15	74	22	100	20	20	83	51	66	84	99	64	90	48	74	16	100	90	51	71	43	57	80	35	33	91	63	65	22	45	44	32	82	46	65	84	77	91	36	23	95	76	69	82	23	46	75	31	67	65	66	70	25	59	86	49	71	31	26	49	93	71	42	33	20	51	13	54	79	51	22	69	54	83	54	17	31	39	39	11	100	67	22	83	16	84	35	47	64	35	12	55	62	69	12	39	51	64	64	83	25	16	13	76	91	16	93	51	27	30	65	99	35	83	93	29	23	67	70	96	53	23	18	25	13	68	33	20	50	50	38	24	40	94	47	57	52	28	22	58	84	36	86	83	76	76	93	62	64	56	70	16	30	67	86	40	29	75	60	61	75	15	43	41	89	41	71	41	83	84	56	89	27	63	31	56	61	69	52
63	53	17	37	43	65	13	80	37	24	94	35	95	54	86	57	14	22	18	43	67	88	47	40	57	23	65	42	34	63	83	45	85	14	57	12	21	69	37	11	43	54	71	27	80	59	50	60	98	58	51	40	81	52	98	71	55	68	86	15	72	40	23	77	16	42	28	96	15	27	79	13	61	24	67	42	89	19	48	77	82	95	37	79	19	73	27	52	44	70	44	31	86	34	35	79	39	32	60	89	88	18	97	23	71	34	44	48	72	27	90	30	20	67	91	48	53	22	100	81	11	22	84	84	30	72	93	54	37	62	82	56	13	81	11	49	45	11	89	38	54	50	86	64	26	63	82	98	26	46	37	83	37	44	33	32	25	36	60	69	20	51	82	96	25	38	37	91	78	78	79	94	23	100	27	95	39	49	84	91	40	42	64	92	87	28	80	40	12	60	51	99	31	40	70	90	78	75	79	27	96	79	33	29	43	61	26	99	42	28	33	45	76	52	75	58	11	60	96	20	51	63	98	49	44	33	22	83	43	75	56	93	79	54	98	29	52	57	90	48	33	87	86	65	77	53	43	21	46	29	94	81	36	80	80	18	79	93	26	13	49	72	52	51	66	63	82	37	97	85	61	68	11	59	75	35	98	53	55	72	65	36	87	80	51	41	32	60	79	57	64	63	86	67	65	83	92	52	15	59	51	15	81	38	96	17	92	19	39	82	51	91	30	78	14	91	33	74	71	11	90	94	81	83	25	22	19	97	41	82	82	89	66	29	31	88	25	14	83	38	15	97	72	37	84	25	12	22	95	82	72	29	56	53	62	23	24	70	11	52	12	42	71	14	86	54	17	44	21	41	18	63	23	27	46	55	97	38	45	61	38	60	51	18	100	72	91	20	56	62	53	78	28	95	74	67	26	22	63	37	88	42	70	61	16	74	49	97	90	44	91	23	61	40	56	49	87	95	45	56	23	84	46	96	50	94	51	13	54	53	65	79	22	73	48	20	73	36	48	23	18	45	47	82	89	54	20	86	53	96	25	59	65	99	32	88	24	89	19	47	24	21	23	52	99	69	61	14	53	27	31	52	37	90	38	27	43	18	60	95	16	81	89	22	30	52	63	36	42	15	67	72	21	80	72	84	40	48	55	37	72	41	98	72	24	76	68	54	18	62	97	21	70	88	75	96	30	36	19	28	93	20	69	59	60	81	15	22	16	71	96	27	81	75	49	37	76	24	29	74	66	20	16	92	94	57	41	13	42	83	18	30	33	11	44	20	37	94	40	45	24	25	56	19	75	75	18	68	40	93	83	82	77	94	35	28	20	78	73	32	34	26	46	78	14	13	33	41	12	42	19	30	42	69	70	60	25	11	33	52	31	64	28	44	68	77	39	86	53	62	51	22	28	92	100	71	14	79	54	24	30	61	49	73	32	78	80	58	55	87	69	77	49	96	57	36	96	34	34	10	19	59	46	94	58	46	10	19	23	15	93	17	64	59	39	90	74	51	71	93	49	58	71	71	93	26	51	73	58	48	28	36	50	38	16	53	64	20	92	63	12	69	92	100	73	85	89	35	51	11	97	24	42	50	80	60	95	19	68	78	30	96	71	29	85	68	90	52	73	54	81	65	33	89	84	98	42	66	83	10	99	56	27	46	26	91	78	18	30	15	74	96	20	96	52	31	93	27	98	42	94	74	56	16	24	64	18	59	62	40	71	84	93	29	89	21	81	33	42	30	67	31	27	44	42	14	66	72	68	24	54	47	72	43	73	95	73	14	12	21	75	38	44	11	60	81	74	44	78	47	23	60	82	59	78	48	25	16	20	89	76	37	31	52	91	36	19	53	27	29	67	75	22	89	30	69	26	92	97	39	79	49	62	87	89	96	49	80	83	20	30	18	35	33	24	38	86	48	45	37	28	11	15	88	64	89	83	55	37	82	12	19	82	28	82	90	91	62	53	100	62	67	59	23	74	44	94	73	49	89	92	100	65	18	51	43	96	100	12	71	43	84	23	62	48	15	11	18	68	96	25	84	13	26	31	42	79	57	76	38	44	40	22	72	83	22	16	81	71	13	41	60	94	91	57	95	95	92	84	77	14	61	98	63	90	43	86	16	97	35	47	18	50	73	13	74	38	66	71	29	73	44	89	34	32	54	11	47	41	11	34	58	33	82	87	59	13	52	26	40	20	82	50	18	22	32	64	30	16	83	68	53	87	66	81	98	34	35	56	47	38	89	62	15	70	44	32	61	18	20	79	68	58	32	82	86	67	97	84	31
78	41	94	57	31	21	56	80	45	69	75	40	74	62	42	36	93	22	12	94	50	47	41	58	89	76	17	65	25	87	60	79	58	59	65	17	53	62	59	66	14	20	60	15	48	94	67	15	40	37	59	97	51	51	13	52	50	50	65	70	16	87	35	84	37	64	75	70	86	55	79	79	45	37	54	30	40	74	58	21	64	46	63	62	94	79	68	41	70	12	71	57	15	49	26	88	38	27	57	29	52	86	10	19	14	99	59	73	55	81	91	34	24	48	83	12	14	53	57	12	65	72	19	16	85	63	79	48	33	16	21	72	87	45	68	89	82	79	98	56	93	36	37	97	22	20	92	62	68	22	17	30	87	93	55	44	54	83	66	84	95	25	49	11	85	26	41	82	39	38	10	97	42	53	67	56	29	16	50	74	91	70	49	25	48	76	16	16	57	24	84	93	23	19	56	42	58	98	25	21	10	72	22	60	31	92	52	76	23	21	43	38	89	53	85	17	50	59	14	35	63	100	69	55	52	79	38	50	81	98	14	51	69	89	32	26	36	76	77	89	56	65	100	44	23	67	63	85	89	96	55	97	85	45	98	75	24	74	54	34	11	87	35	86	40	74	79	80	33	32	30	60	65	24	14	26	57	89	37	77	18	13	92	21	53	85	29	57	15	65	47	62	23	24	84	84	35	16	80	84	33	46	28	32	88	77	56	96	46	20	54	15	34	89	59	80	99	54	97	98	52	77	22	30	75	87	73	17	14	93	52	27	36	22	16	25	15	32	20	84	39	81	96	80	12	81	42	61	26	13	18	83	54	37	12	25	94	20	45	92	25	48	46	88	54	24	65	23	34	30	30	20	80	13	40	12	26	90	96	81	38	87	63	92	68	75	53	68	77	45	66	29	74	39	32	82	88	96	37	36	16	89	66	78	18	32	38	64	33	13	34	74	55	49	69	27	17	10	90	60	74	60	66	53	71	18	21	86	27	86	23	48	25	92	25	42	88	37	74	77	75	95	19	75	32	61	62	18	93	49	71	59	22	86	49	45	26	60	98	56	84	12	38	75	21	88	63	82	50	79	25	56	61	60	66	91	10	49	99	25	21	13	13	93	51	100	75	95	100	19	61	60	77	53	29	23	41	48	16	32	36	96	52	74	39	59	65	35	51	83	75	70	67	42	99	81	33	44	53	68	33	69	40	93	40	91	13	78	83	77	62	47	37	26	33	76	33	38	14	39	43	89	49	71	16	62	20	78	16	12	41	55	78	56	58	39	54	41	46	56	52	25	80	83	31	14	84	38	28	48	69	65	87	70	37	30	28	35	45	67	51	25	64	31	57	76	49	58	28	85	74	13	47	14	92	54	58	93	21	28	61	41	40	74	93	99	34	71	60	13	57	46	48	85	51	21	78	95	18	90	89	45	65	98	17	37	43	51	45	87	25	65	11	86	81	30	24	23	63	31	44	91	45	74	46	60	87	99	16	15	15	27	79	12	92	55	73	71	82	99	36	18	13	20	32	14	17	81	26	91	18	39	58	44	60	54	44	40	22	86	64	83	50	16	49	28	69	88	34	11	73	64	23	72	57	21	75	39	51	71	17	96	56	39	97	91	46	45	76	38	100	73	67	78	31	54	13	19	62	40	25	50	71	68	94	79	37	71	17	60	62	70	48	87	74	100	21	54	57	27	47	94	72	59	94	13	24	86	20	69	96	62	24	33	52	89	26	99	60	37	42	68	18	13	38	18	44	46	65	25	10	74	100	72	71	33	20	67	71	48	80	84	31	60	24	88	95	81	45	84	12	17	29	13	17	16	11	41	23	21	11	24	99	83	60	17	60	27	53	96	40	70	81	84	35	79	97	43	20	14	66	28	92	39	19	46	82	94	24	74	17	42	16	55	73	97	67	80	26	48	18	60	45	52	16	81	51	27	93	11	96	14	59	29	79	60	79	59	66	18	12	69	84	47	21	96	22	75	42	98	81	86	55	40	35	91	71	59	36	62	15	17	64	66	19	68	40	36	49	10	97	19	63	11	56	95	53	27	65	78	14	98	30	13	20	54	20	26	55	80	36	19	22	30	24	46	82	25	53	14	25	81	27	75	70	76	23	67	50	17	25	98	54	84	27	95	20	39	18	92	67	63	53	60	58	96	41	67	66	41	93	65	19	45	55	55	25	72	86	87	41	71	27	82	89	77	45	64	16	21	71	23	74	86	89	84	18	80	84	80	56	36	81	22	65	43	97	37	38	61	63	31	87	77	11	32	87	51	58	97
25	78	56	77	55	99	37	37	80	38	22	61	85	31	34	54	49	85	95	98	33	39	57	46	63	69	85	15	99	74	49	98	15	74	75	63	24	33	60	27	68	66	70	15	37	50	13	29	72	58	87	45	74	88	48	62	63	92	89	87	68	69	92	28	18	64	40	11	91	14	100	18	64	57	38	71	98	36	61	88	39	79	72	69	37	46	54	57	76	97	76	85	87	27	45	42	39	43	73	11	75	17	53	79	23	21	92	92	35	43	31	78	17	70	30	55	65	89	76	50	83	35	11	35	56	35	86	38	40	27	65	17	14	36	81	29	28	84	29	19	28	24	73	10	38	95	98	48	36	87	71	53	95	35	14	49	59	83	75	85	60	11	11	94	65	69	56	95	83	14	64	17	18	60	10	59	67	24	50	66	24	28	23	45	45	64	100	25	48	98	93	12	44	75	79	12	55	44	37	14	53	71	66	85	62	95	44	97	63	58	17	67	94	15	97	86	37	73	72	83	74	99	74	91	28	99	39	11	89	18	64	27	49	24	16	87	80	96	47	32	86	86	25	30	36	63	47	47	14	69	64	36	76	43	85	74	63	50	99	80	57	37	78	26	71	78	41	25	79	58	99	12	40	19	17	65	93	21	63	23	98	16	91	56	74	22	20	99	94	51	94	63	79	15	37	51	83	42	91	38	78	47	36	27	33	81	45	90	67	76	47	23	98	85	15	94	11	18	52	32	57	47	98	80	94	70	11	56	57	77	68	59	54	82	72	31	34	15	91	44	99	86	50	98	71	68	46	74	20	53	14	86	62	73	65	79	49	49	52	42	15	74	74	26	46	86	55	91	89	40	12	65	51	48	12	97	15	77	86	68	37	75	34	27	48	64	25	88	39	22	57	71	65	70	60	30	60	97	71	86	24	40	42	69	100	24	11	63	43	13	40	95	50	17	75	69	79	49	98	57	46	63	56	32	75	88	38	77	15	20	99	97	17	43	60	15	24	86	100	65	99	55	26	99	100	25	65	25	85	17	33	18	61	81	23	59	36	14	31	85	25	78	59	46	56	33	93	74	44	34	81	36	62	77	60	47	44	45	24	95	54	35	59	73	95	16	36	34	57	31	35	76	97	64	73	41	34	56	88	13	85	96	97	67	91	29	46	62	61	23	56	27	89	54	13	52	82	37	48	37	91	98	14	29	80	81	77	83	24	41	29	33	23	84	68	30	58	66	47	97	27	91	51	53	27	19	75	69	10	19	26	56	44	42	49	50	76	25	98	45	76	46	86	40	86	86	48	20	38	16	31	37	75	83	67	39	86	42	50	14	55	50	22	76	47	12	87	96	59	25	20	40	55	57	42	25	98	44	48	34	13	38	58	27	68	49	78	37	56	20	75	67	100	33	54	93	35	64	42	24	66	22	97	13	29	55	74	43	27	88	60	93	72	93	14	70	23	35	58	12	89	88	33	89	26	36	36	16	23	30	13	53	72	30	30	18	69	58	50	29	99	34	76	69	29	65	71	46	60	91	31	19	97	60	53	35	87	98	42	48	57	53	73	21	15	54	34	41	45	13	11	93	99	44	91	40	33	24	10	77	15	97	100	49	95	65	88	28	60	22	65	39	39	86	42	48	38	38	39	21	99	89	100	41	14	54	77	37	43	80	29	32	98	86	66	87	52	71	17	27	35	96	44	57	67	16	15	59	90	53	34	98	88	52	46	27	76	95	85	72	82	44	85	96	53	98	64	31	96	22	60	87	82	19	60	18	44	56	68	37	87	98	50	27	57	19	24	16	94	56	12	44	75	12	65	40	84	36	29	24	68	90	48	14	13	37	71	76	23	55	99	99	52	100	76	79	76	35	33	39	14	29	35	38	21	100	19	10	52	11	75	82	79	10	58	67	63	75	39	44	11	75	89	54	22	34	79	38	39	67	30	47	78	76	47	55	35	78	92	15	19	70	89	44	26	56	45	23	34	29	93	87	90	63	98	86	70	89	60	77	32	36	60	42	91	39	60	82	51	24	51	78	94	79	54	96	27	88	20	25	57	29	49	44	99	77	43	64	55	14	61	79	81	28	94	25	98	13	34	55	89	38	16	94	46	94	92	98	30	54	68	20	94	27	78	14	90	15	55	34	93	30	47	82	28	82	64	45	97	55	74	37	52	88	44	36	65	39	13	11	22	46	21	38	82	98	78	31	56	54	18	91	47	33	86	85	45	33	83	54	41	12	24	16	39	73	28	42	71	37	64	68	33	22	42	62	79	70	91	32
96	95	13	84	12	42	76	35	64	10	71	66	89	44	38	64	48	80	35	31	91	60	39	53	50	97	59	86	49	98	47	23	61	82	71	96	19	89	28	48	36	48	57	74	42	18	34	99	46	91	59	26	31	60	73	52	73	20	54	92	24	29	14	10	81	34	45	29	75	83	74	15	91	23	77	53	84	60	63	20	79	72	27	43	12	77	56	66	24	72	34	46	66	39	88	80	38	25	30	13	73	18	55	80	90	71	10	76	31	46	96	80	88	42	64	93	33	69	49	76	77	57	24	97	14	75	66	55	91	12	98	44	56	89	89	20	47	79	92	37	89	71	34	38	91	59	66	98	85	32	33	63	94	100	92	20	71	46	65	29	36	59	33	55	27	68	52	46	25	31	23	72	20	86	51	30	26	98	68	84	12	35	25	38	75	100	58	42	33	40	13	59	30	31	69	70	48	35	85	45	13	97	21	13	50	34	30	52	31	78	33	79	63	21	47	19	99	78	43	43	62	18	30	96	20	95	15	74	58	51	53	26	12	13	96	36	69	55	38	56	67	61	76	20	72	46	49	94	28	52	66	18	14	19	48	62	31	58	84	93	70	30	20	96	11	71	71	11	91	55	34	92	52	84	46	14	16	66	34	67	38	56	47	46	56	19	98	60	55	33	68	29	56	53	36	80	65	22	43	58	36	27	78	39	85	22	91	13	40	60	69	84	40	99	78	48	68	94	59	46	18	50	28	69	95	36	13	99	38	76	50	93	96	29	19	78	61	14	59	91	23	83	35	75	79	68	79	68	59	22	21	70	27	69	16	72	44	45	83	58	44	32	38	90	85	72	46	39	67	27	11	90	52	72	49	44	35	91	56	42	94	69	63	30	94	77	15	49	100	56	30	62	40	29	88	91	72	31	99	81	50	96	34	34	25	24	81	86	25	63	68	30	57	44	65	91	65	76	66	70	76	24	11	50	26	49	94	19	89	56	21	68	81	98	86	50	83	36	83	26	96	24	56	17	24	56	61	36	24	36	30	19	45	82	90	79	82	69	24	50	100	79	75	16	14	86	11	52	40	91	26	61	48	24	45	39	67	68	33	11	58	43	60	77	23	10	18	21	94	52	66	35	32	77	90	55	24	80	16	34	14	12	25	71	42	61	90	67	12	17	36	87	98	25	84	18	55	58	35	15	12	21	73	47	50	82	62	77	20	12	19	32	87	42	11	53	87	20	39	60	15	31	76	96	35	42	31	49	77	30	79	47	45	54	81	19	71	87	41	72	87	52	12	88	21	31	79	34	52	15	49	12	20	48	21	99	15	56	74	43	57	42	41	73	93	75	51	86	21	97	23	75	53	28	32	11	52	89	74	85	59	24	27	39	20	61	34	95	83	15	93	47	11	27	14	91	44	22	58	38	40	15	89	55	33	63	82	72	48	68	91	62	16	55	74	48	24	63	49	14	67	14	32	49	50	35	62	14	99	76	16	70	97	64	82	62	75	38	88	44	61	48	77	96	18	37	66	60	80	26	22	49	82	67	44	19	91	69	81	45	97	17	59	58	96	58	45	10	31	85	82	77	24	89	71	41	83	56	64	31	59	68	47	95	49	86	30	84	38	94	24	77	90	66	75	93	97	53	28	74	70	91	80	45	63	42	33	92	80	40	98	98	15	93	55	26	15	70	56	68	11	94	38	10	11	88	72	13	95	28	54	32	47	76	61	12	11	62	45	49	63	53	19	19	64	22	63	98	60	48	23	85	46	31	25	78	75	34	91	54	34	41	16	17	10	76	65	19	72	54	81	26	24	26	26	32	71	67	98	16	68	71	66	32	11	10	16	98	65	90	69	17	66	48	16	60	47	34	42	66	38	98	59	77	54	18	63	25	94	40	74	71	56	47	65	58	63	48	84	27	17	65	41	89	56	76	40	13	11	47	64	43	11	99	71	74	44	75	49	42	55	16	87	62	67	95	54	96	51	18	99	83	47	92	49	64	17	26	66	68	97	90	76	19	13	96	51	78	76	46	93	97	66	59	32	50	79	80	21	89	92	44	39	14	82	14	48	55	28	94	37	65	61	28	76	98	86	96	46	89	57	21	55	19	21	78	51	87	99	44	83	83	61	76	19	28	74	16	47	23	79	70	28	48	64	88	70	12	77	61	60	79	57	96	21	87	55	30	43	71	67	64	52	77	91	94	58	58	47	87	21	97	45	55	58	11	57	23	20	85	61	67	40	61	57	24	19	12	40	47	24	70	15	80	74	61	97	39	34	28
49	26	14	47	63	38	75	23	92	13	24	63	90	43	100	46	46	94	47	19	28	60	17	46	100	51	99	81	79	95	13	68	71	93	48	35	84	50	83	54	39	74	59	60	62	48	70	34	89	89	55	46	48	92	99	49	62	74	42	53	67	96	52	36	45	39	78	89	15	41	46	52	80	95	41	25	37	41	17	97	31	23	70	36	52	84	68	100	12	42	92	94	83	100	18	54	87	88	87	11	62	37	91	62	85	50	86	32	59	79	35	94	69	99	25	82	46	10	34	94	37	89	74	92	62	86	88	73	95	12	71	55	95	75	77	71	56	55	18	69	64	82	53	80	21	41	70	86	13	35	16	54	76	28	40	33	81	37	78	99	61	33	30	95	49	21	34	64	47	72	39	49	62	12	21	20	62	15	37	44	88	84	53	69	38	63	81	70	90	57	81	98	15	46	82	74	35	47	40	87	25	64	70	56	23	30	55	18	64	60	83	30	100	88	75	18	98	43	96	34	52	91	52	19	56	31	48	30	15	17	63	12	63	11	55	48	74	24	96	17	44	68	70	36	54	78	21	23	84	50	21	44	26	41	47	58	67	31	98	42	82	67	43	67	30	79	45	64	45	14	71	61	92	20	65	58	37	61	78	14	79	43	14	60	96	59	48	64	17	93	50	67	37	43	98	87	23	13	89	74	99	90	28	45	14	21	43	39	14	36	93	48	99	76	77	27	84	64	15	58	85	10	72	85	83	71	46	80	25	30	28	11	48	20	84	23	38	37	44	86	27	34	79	55	99	83	42	30	84	53	22	42	16	73	58	18	97	18	91	13	68	19	29	47	18	22	17	26	29	84	37	95	24	56	99	31	86	59	95	36	33	81	47	18	14	90	15	94	80	43	91	85	16	28	39	59	21	41	13	17	14	45	33	42	86	75	58	78	20	99	76	86	16	44	94	84	53	81	63	50	59	90	91	74	13	58	51	63	74	22	39	33	78	37	37	66	74	87	85	52	33	87	86	13	68	72	28	43	29	83	90	46	87	31	83	44	99	35	42	47	98	89	31	57	61	88	75	35	19	27	76	62	30	44	83	99	59	31	50	24	70	28	11	36	20	67	18	76	35	16	80	63	25	40	60	88	58	59	50	56	95	91	81	32	72	66	43	96	80	79	78	51	42	92	27	88	63	53	42	69	100	87	28	72	82	34	78	54	13	17	19	16	13	12	18	48	69	91	94	17	89	23	56	99	62	39	65	56	59	47	33	69	29	17	26	81	64	35	34	33	51	40	21	21	92	46	71	19	11	72	19	71	27	44	81	78	16	16	12	75	35	94	88	83	95	60	83	30	50	64	50	95	55	66	43	64	22	89	30	24	21	48	16	44	99	11	86	58	96	75	33	59	25	84	33	20	66	38	40	11	90	90	69	38	30	14	20	43	40	59	26	56	55	52	72	59	11	16	32	33	69	59	27	58	41	41	67	98	56	78	32	12	13	57	23	50	48	54	34	92	11	29	46	25	40	62	13	61	28	54	60	95	38	73	83	87	39	93	57	92	33	51	39	80	92	22	77	80	31	93	22	79	17	61	45	46	44	22	73	84	53	67	83	92	88	13	77	23	91	76	71	81	53	15	38	28	19	22	14	45	95	36	18	62	57	87	90	42	34	94	58	21	66	84	12	64	97	31	22	19	41	16	90	73	66	24	59	68	28	20	36	82	29	14	99	49	51	25	50	58	88	10	69	35	28	29	38	93	75	71	22	69	16	81	39	58	80	15	66	57	60	11	33	48	70	80	30	68	62	95	50	82	44	93	24	62	38	86	96	88	31	22	95	74	45	84	27	12	16	27	39	54	99	96	22	72	98	30	88	42	63	60	66	21	35	74	94	99	49	18	75	30	44	73	43	44	66	93	53	45	95	33	54	75	75	73	53	47	84	37	66	53	29	82	68	23	56	88	11	30	32	40	84	54	21	49	53	67	35	57	33	41	15	53	98	16	96	84	79	26	42	97	47	70	60	31	91	53	63	90	77	20	38	95	63	28	90	59	48	26	32	28	41	21	43	61	83	49	86	88	90	59	35	31	82	59	25	25	50	37	56	57	81	35	18	12	40	36	91	48	29	39	41	51	92	58	98	48	46	32	34	81	93	79	72	18	24	36	86	24	66	72	95	87	48	54	77	21	21	33	77	62	59	28	17	96	64	95	60	62	59	11	85	39	61	59	20	70	19	30	30	33	51	79	52	73	82	79	98	22	94	75	28	57	38	87	41	18	54	58
30	48	95	37	57	19	36	87	94	66	78	11	99	12	100	81	10	76	51	51	89	85	11	44	74	31	55	71	88	27	35	54	54	22	11	54	68	21	65	17	22	51	60	29	18	78	21	61	81	97	65	65	46	98	77	34	25	90	62	82	78	37	27	82	68	94	19	28	28	74	14	97	57	81	33	86	65	53	77	22	94	44	96	60	48	42	75	86	45	80	92	76	26	66	80	38	60	64	27	38	94	78	16	27	34	64	69	73	78	48	54	34	65	47	27	41	84	93	81	56	94	97	44	75	51	99	71	36	90	28	87	24	13	67	52	95	54	13	71	64	71	54	77	27	22	37	48	17	68	66	42	40	74	10	67	89	54	53	53	95	32	77	57	95	91	12	55	74	60	48	47	76	32	32	66	63	70	50	28	74	77	54	70	87	41	68	25	77	99	32	41	56	60	23	67	25	16	19	72	76	84	88	69	85	24	62	20	16	70	18	83	53	26	53	42	37	63	14	74	29	21	50	31	21	73	85	44	30	54	68	49	56	64	24	42	28	34	61	22	37	57	86	90	97	35	87	69	69	15	41	69	81	30	45	53	39	23	61	42	76	72	60	11	32	85	82	44	83	14	62	17	99	46	18	97	69	54	23	47	20	56	75	27	22	82	16	47	63	21	13	15	27	61	75	35	28	45	70	53	43	33	76	12	75	19	11	40	22	84	32	50	84	45	96	30	69	48	21	43	76	94	84	48	58	22	100	60	71	68	88	33	13	80	95	77	89	54	80	15	64	29	67	64	46	37	26	20	89	55	24	55	34	95	86	27	80	65	83	42	55	36	69	85	29	11	91	56	54	96	74	36	75	14	58	11	68	73	56	20	19	60	65	26	78	29	12	76	51	47	84	39	86	91	58	54	47	51	36	93	11	27	53	58	100	57	31	67	74	12	97	57	37	60	36	97	87	39	97	79	47	49	64	91	94	55	59	58	35	96	67	57	98	91	40	69	92	89	40	27	25	78	70	52	34	92	98	40	72	47	92	11	56	23	69	54	21	16	85	63	48	53	44	64	30	10	30	47	82	84	37	42	30	34	17	27	62	11	39	39	53	37	84	29	82	30	71	69	37	93	67	38	35	57	59	90	81	75	26	99	63	60	74	19	20	14	60	86	24	35	26	73	33	23	28	94	45	60	73	13	56	78	35	47	32	94	97	19	12	76	43	56	69	82	42	35	81	69	64	95	72	81	31	25	61	79	49	78	15	28	40	95	36	62	58	75	97	98	19	44	68	47	72	83	15	64	56	80	32	24	53	85	56	96	89	20	73	99	85	71	79	41	88	77	34	91	45	82	50	44	89	61	57	69	25	13	63	75	66	26	29	83	66	66	17	14	74	79	19	17	91	67	31	36	38	97	42	67	15	69	81	60	74	14	49	35	65	27	19	56	24	26	92	61	91	70	14	13	63	90	55	23	74	74	81	11	80	99	79	25	99	20	97	41	72	32	23	76	74	78	62	23	53	29	16	71	12	39	18	39	35	94	74	24	30	92	19	78	60	100	80	42	72	47	67	31	70	83	52	90	74	22	37	13	30	11	86	79	74	28	32	44	88	53	33	13	85	22	23	80	16	27	41	70	20	22	23	68	36	95	57	63	94	76	40	79	16	34	61	84	34	66	76	28	32	90	92	53	69	76	35	12	60	31	35	54	55	37	31	81	19	26	69	91	77	96	43	99	25	15	22	54	41	16	13	90	85	52	65	81	65	77	24	20	96	71	67	90	83	20	38	59	62	57	70	81	24	81	88	35	42	38	62	55	97	31	84	72	54	19	93	48	46	27	29	76	55	17	76	48	34	40	84	45	43	63	94	53	27	45	38	84	10	54	48	97	31	82	14	35	65	35	75	73	85	88	39	19	76	30	18	63	61	94	14	43	10	88	42	23	100	44	47	50	73	36	53	40	42	15	49	100	54	65	43	37	43	82	58	51	13	21	54	81	92	90	88	64	88	39	18	97	34	93	20	32	17	23	86	20	69	98	74	19	36	96	93	66	37	59	98	12	91	73	73	39	50	87	55	19	72	23	80	49	52	51	46	85	27	22	62	30	71	39	34	27	21	32	72	52	87	34	12	53	33	87	18	42	93	64	39	65	85	64	79	72	46	92	42	16	47	19	31	22	59	97	69	20	58	43	68	63	19	76	81	92	51	60	53	71	53	77	41	42	54	61	26	90	11	47	55	13	13	68	53	51	30	39	63	44	44	94	67	19	24	80	87	90	15	25	55
86	54	68	96	34	87	62	11	95	47	86	99	23	56	92	13	31	61	69	29	78	76	72	84	92	82	14	57	89	25	52	57	16	70	22	60	61	57	41	63	16	83	26	57	78	33	46	92	85	57	91	74	68	21	82	37	18	86	44	94	42	23	42	70	33	32	79	58	84	88	41	10	80	40	32	83	17	91	60	33	67	37	91	42	48	54	52	40	33	47	27	42	70	86	15	43	67	41	80	54	31	47	81	80	17	30	86	75	87	12	96	93	37	16	38	50	66	98	76	59	87	25	36	88	57	38	53	71	39	52	80	98	50	56	46	58	75	66	56	95	24	67	90	85	69	29	72	66	93	97	77	50	98	42	96	60	85	20	66	62	36	44	84	38	54	22	93	74	28	100	96	27	53	45	35	15	21	85	88	22	13	88	33	54	26	69	51	26	74	36	10	28	92	61	93	75	48	44	65	81	68	92	44	44	96	85	39	69	41	25	87	45	45	40	68	30	95	21	81	82	69	13	95	68	36	93	20	32	51	73	81	46	92	98	45	61	74	33	34	79	100	38	31	55	82	61	39	65	40	87	53	93	59	22	36	16	78	33	21	38	30	54	33	70	87	58	68	84	33	24	24	46	85	97	81	11	42	70	60	30	11	31	77	51	50	51	20	91	74	84	81	70	60	30	27	17	94	50	60	89	15	33	85	79	90	73	93	40	18	21	14	58	42	21	69	99	11	98	79	78	71	13	47	88	34	61	98	21	79	57	28	83	31	23	67	15	30	40	61	38	12	85	92	84	67	73	96	32	55	84	11	51	21	62	20	16	16	57	11	96	64	52	71	85	43	19	56	10	65	72	79	30	31	94	63	99	57	25	99	70	91	92	33	83	58	49	69	69	82	43	15	51	91	11	15	56	65	25	67	30	94	43	76	21	17	72	16	22	71	35	87	10	52	87	60	68	94	31	98	40	98	32	84	37	44	64	53	56	77	51	53	51	45	19	20	11	88	23	81	86	24	97	20	85	16	63	34	37	96	87	36	36	94	45	33	79	93	13	62	27	64	73	97	44	66	57	80	21	41	22	75	21	15	79	95	46	28	60	55	12	75	48	95	97	88	31	20	89	71	29	13	11	66	57	46	26	16	13	13	48	95	79	31	12	43	81	27	82	61	62	55	79	36	50	95	96	65	21	69	50	80	99	88	33	36	55	56	75	37	53	95	47	82	64	52	94	89	91	57	53	44	84	77	47	82	47	50	14	80	77	75	46	85	70	15	32	11	34	24	86	70	90	25	43	36	41	22	53	77	45	55	68	44	59	25	42	30	70	100	15	92	77	17	35	53	34	57	53	61	75	18	20	36	81	39	90	81	34	45	49	99	80	58	36	37	76	99	77	52	82	18	42	75	24	60	27	46	58	44	24	52	87	99	69	34	66	53	83	75	74	85	43	41	66	74	33	42	96	30	79	15	33	89	43	12	11	75	70	32	70	62	48	32	25	100	91	34	15	25	39	54	45	22	85	65	78	85	66	24	94	48	36	43	43	78	62	62	68	52	69	46	17	38	76	16	10	74	43	81	18	86	53	81	79	89	73	54	26	55	47	94	52	85	48	85	17	70	47	97	89	49	33	85	61	23	16	80	16	41	92	78	41	64	19	84	34	21	66	87	88	71	50	37	26	13	12	28	70	61	66	23	16	82	38	82	71	14	100	19	61	86	34	51	44	32	41	91	78	68	69	34	51	35	13	66	87	92	38	30	44	60	14	36	42	19	72	37	19	38	12	97	87	72	34	66	17	56	51	92	71	71	44	96	50	54	99	75	29	37	78	14	38	41	76	78	10	15	36	64	21	89	97	85	88	34	26	80	26	45	59	56	77	67	15	79	81	64	44	78	35	85	73	73	12	93	73	98	87	89	72	60	88	98	47	20	50	78	47	73	81	23	20	65	55	49	56	42	26	76	20	19	20	24	67	93	90	24	75	74	90	45	48	36	75	97	42	84	31	82	66	100	22	27	90	69	87	20	17	99	27	14	25	96	26	86	19	67	13	23	88	62	79	31	51	22	21	99	47	35	88	18	15	35	71	27	27	72	94	85	54	12	12	100	55	91	61	85	73	40	53	62	41	64	12	39	76	21	69	58	64	72	79	90	55	66	78	86	93	94	44	50	53	78	94	25	55	69	73	75	39	93	87	97	26	70	84	26	11	26	71	38	92	84	36	39	55	64	44	45	41	16	55	15	92	26	89	83	87	69	96	63	61	12	90	64	11	45	46	62	34
wj																																																																																																																																																																																																																																																																																																																																																																																																																																																																																																																																																																																																																																																																																																																																																																																																																																																																																																																																																																																																																																							
71	63	77	9	60	56	25	84	14	41	37	91	41	81	46	11	12	95	9	13	65	92	90	14	30	3	68	44	11	82	19	63	72	26	25	67	76	95	64	4	18	80	58	91	70	42	68	79	33	70	81	84	13	58	53	74	18	7	94	18	6	8	10	71	25	99	36	95	22	89	77	64	41	87	38	50	91	4	68	24	61	65	66	81	18	47	5	37	70	87	59	50	94	46	55	77	64	88	52	13	54	63	34	93	17	94	10	32	18	16	50	18	2	97	12	66	9	36	56	9	36	27	59	64	45	71	61	46	81	20	6	8	57	26	74	61	10	79	30	61	28	69	56	80	42	66	4	15	1	62	67	20	47	1	98	49	94	67	33	71	28	51	98	5	36	56	60	1	2	63	27	3	66	41	34	47	11	27	96	27	78	99	59	88	74	27	70	19	66	93	68	89	2	49	64	3	38	97	35	31	44	87	40	44	58	5	78	90	67	69	8	70	29	15	56	8	67	34	31	99	60	18	92	24	71	69	20	13	54	67	70	60	83	65	3	90	75	70	25	34	83	5	2	48	14	59	52	14	79	76	20	96	10	40	36	91	85	95	80	51	75	15	54	93	48	83	53	52	81	85	6	100	12	85	33	49	69	84	39	30	3	13	48	45	17	38	73	16	7	78	83	73	55	84	3	34	81	46	43	56	62	73	99	74	87	17	52	58	64	89	90	24	3	80	80	91	32	92	51	48	79	14	83	18	44	76	66	30	11	36	61	90	4	84	77	69	81	20	26	88	41	7	62	91	15	97	47	100	7	29	93	77	34	40	45	69	6	24	9	71	33	96	78	11	88	16	94	98	39	28	97	12	91	33	32	19	73	18	74	61	80	44	31	58	20	82	58	30	69	23	13	43	49	13	71	91	48	22	49	9	63	41	79	1	57	19	1	74	56	26	22	66	2	46	86	90	93	45	33	86	4	8	22	23	79	70	47	80	98	2	47	82	11	76	30	74	6	50	38	66	83	43	34	57	97	94	14	74	89	23	82	99	3	5	56	32	49	23	96	97	98	97	55	53	99	44	82	45	88	86	25	6	57	93	10	75	17	37	22	39	49	60	61	80	25	89	77	76	84	70	26	57	51	99	66	13	18	83	25	35	87	26	23	48	1	61	5	13	35	71	76	54	58	97	18	61	73	10	76	68	20	98	31	75	81	86	79	57	49	70	17	62	18	35	48	57	24	56	65	2	35	64	2	47	64	11	12	26	11	19	88	86	16	8	41	47	74	12	9	93	22	80	25	4	37	96	89	24	38	47	75	89	40	81	80	93	5	60	69	22	27	55	71	89	96	30	34	4	78	94	17	42	90	87	66	6	16	75	25	38	94	36	23	62	11	97	52	74	95	13	67	64	8	28	23	82	33	88	28	50	14	41	99	32	67	31	85	53	43	84	89	73	36	35	57	55	87	18	16	9	13	19	45	40	13	83	69	92	76	66	94	90	10	65	14	3	38	15	68	78	91	49	66	91	6	95	95	74	60	90	54	66	52	61	51	72	53	4	83	52	86	21	33	74	56	12	58	83	13	9	28	27	44	44	22	52	19	53	70	24	22	49	61	74	1	83	20	12	52	77	69	99	16	41	52	96	30	8	49	32	16	35	10	55	48	15	81	85	36	99	71	20	71	88	70	16	79	34	84	14	35	54	91	12	93	53	53	96	75	71	26	76	37	79	5	55	85	51	53	99	5	80	37	72	21	45	54	93	25	3	42	23	72	92	35	71	74	65	66	63	40	99	70	71	23	98	29	59	78	75	55	74	22	6	87	86	50	69	93	73	37	30	82	50	55	5	61	4	49	93	69	27	45	96	76	39	76	98	76	5	49	52	25	42	3	40	17	2	36	64	75	54	96	7	99	83	39	39	21	60	28	86	93	2	36	21	90	63	19	85	100	87	53	96	71	39	40	7	82	7	34	48	83	15	30	58	73	8	5	40	58	13	79	20	51	64	17	82	78	77	88	75	39	19	24	41	42	8	66	63	84	46	77	10	53	42	33	10	43	66	35	3	53	59	46	79	10	83	37	23	22	27	24	43	83	20	14	51	24	15	20	39	83	83	2	28	21	15	63	77	80	71	70	21	22	16	76	36	87	71	48	72	42	5	6	43	14	84	93	13	60	51	55	14	95	39	48	43	78	6	58	50	14	47	75	21	35	37	57	5	86	73	82	45	78	31	82	19	20	17	21	92	33	44	37	39	33	63	76	96	61	21	97	40	40	66	72	94	54	43
