pij																																																																																																																																																																																																																																																																																																																																																																																																																																																																																																																																																																																																																																																																																																																																																																																																																																																																																																																																																																																																																																							
75	86	83	88	83	76	81	73	79	72	80	86	72	90	79	83	75	77	82	71	85	87	77	72	89	80	75	73	77	81	80	77	88	74	84	70	90	78	70	82	78	72	82	74	80	84	87	88	85	77	79	85	84	73	87	83	83	71	83	75	84	79	74	83	84	77	86	89	84	79	70	77	75	74	86	74	78	79	75	75	80	83	76	82	83	76	74	87	71	77	90	85	86	90	83	72	75	78	74	81	71	88	78	74	89	80	80	87	73	80	78	79	74	87	76	73	74	74	82	74	78	85	88	71	83	70	81	88	78	72	79	86	72	87	72	86	75	84	90	72	75	71	75	78	81	83	75	75	86	85	74	89	84	87	88	76	83	73	75	89	80	81	85	76	71	86	80	71	81	90	86	83	78	73	75	86	82	73	83	85	79	72	72	71	77	87	89	89	85	88	74	70	76	72	87	90	83	82	81	87	72	74	78	84	76	76	83	84	90	71	78	90	85	81	77	81	70	77	79	86	87	86	79	87	75	77	80	71	74	76	88	88	72	89	88	75	71	86	77	76	80	76	74	87	74	71	82	75	72	90	90	73	85	78	83	84	85	90	72	73	88	81	81	74	77	85	79	73	78	71	71	86	83	78	79	73	79	84	77	74	85	88	88	74	87	78	87	78	78	86	72	81	77	74	75	81	75	83	88	85	76	83	73	73	84	82	78	84	84	84	80	73	71	79	90	85	78	87	73	75	86	78	87	90	81	88	88	86	71	85	86	72	77	75	80	79	81	86	71	81	79	87	78	75	77	76	86	81	81	70	76	78	88	74	81	81	76	85	72	81	88	89	73	85	73	79	77	78	76	81	77	74	80	79	79	73	86	76	84	87	78	82	79	77	76	75	86	80	72	76	89	84	76	84	85	82	72	73	76	83	73	76	87	70	73	88	72	81	81	75	85	82	82	85	82	87	79	75	83	76	84	89	75	73	86	73	74	84	84	77	72	72	88	77	74	87	87	77	75	75	79	79	78	71	82	72	77	72	74	85	89	87	71	80	80	71	89	84	78	86	77	81	73	88	87	83	77	85	89	79	74	85	88	80	84	79	84	84	71	84	77	84	84	87	71	87	86	74	75	79	81	84	70	82	84	89	73	76	84	74	74	76	77	87	89	75	72	71	83	77	78	76	77	82	71	71	87	83	77	84	82	88	83	89	87	81	87	89	71	85	80	76	88	84	74	74	81	84	74	86	83	80	88	81	85	83	83	71	72	76	72	70	75	87	82	79	85	71	86	75	82	73	89	90	81	84	89	77	71	75	74	84	77	78	73	78	83	88	70	76	76	88	74	87	88	76	81	74	82	79	75	82	85	74	79	80	88	88	89	90	80	71	83	74	71	75	71	82	82	71	90	87	85	74	73	76	78	76	86	76	84	81	89	74	87	77	80	84	84	80	75	79	84	80	82	82	73	85	89	86	73	87	81	74	88	71	89	86	88	81	79	71	86	88	86	71	79	73	85	74	83	70	88	77	74	79	82	81	73	89	75	90	71	78	87	75	88	70	86	84	88	72	86	89	84	76	87	86	83	84	87	82	83	73	89	71	83	78	87	71	75	75	86	84	83	71	71	74	88	72	83	72	84	77	72	88	82	83	77	80	83	83	83	76	81	79	80	84	87	75	87	84	80	89	87	72	74	75	85	72	75	82	80	82	84	88	84	72	90	86	80	90	71	89	71	76	76	75	71	76	83	70	81	77	77	82	81	79	81	70	72	82	84	83	84	80	90	85	85	86	78	74	84	76	76	77	70	73	81	75	79	73	78	83	85	84	80	78	76	90	76	80	82	82	72	77	73	76	90	73	85	71	75	77	86	77	79	82	79	81	73	89	71	79	74	76	84	81	76	75	76	89	78	80	85	82	80	72	84	76	75	82	76	78	81	81	82	74	77	84	87	89	78	86	77	71	81	71	89	87	77	90	79	86	84	89	80	87	72	78	83	88	71	70	77	73	71	85	81	73	77	71	80	78	73	70	74	85	81	80	79	89	71	80	89	73	81	82	73	71	87	84	83	89	85	88	74	87	76	88	88	85	81	88	89	84	71	88	72	80	88	82	83	82	85	87	74	85	76	89	84	79	78	78	79	83	89	87	89	84	86	82	85	89	90	86	88	72	77	81	77	79	76	88	76	88	84	82	79	74	89	83	89	81	86	71	75	79	79	74	71	76	80	76	73	84	70	82	82	80	82	88	70	85	71	83	88	74	87	81	81	74	75	89	74	81	79	76	71	89
71	74	72	70	87	86	81	81	77	82	85	77	88	76	87	88	77	86	75	89	88	84	89	85	88	72	89	77	84	76	74	71	75	73	75	72	74	76	86	72	75	71	72	84	89	90	77	76	73	85	80	82	81	74	86	87	79	88	84	85	83	80	87	79	88	85	84	87	87	80	74	85	75	89	79	77	75	87	90	74	84	88	72	82	83	81	75	78	77	79	74	90	82	71	79	74	72	83	77	74	86	77	88	87	76	83	78	83	73	76	85	81	72	71	83	76	84	85	79	88	86	86	72	86	77	81	77	84	75	71	73	77	76	74	78	80	72	75	71	70	78	86	80	82	81	72	88	85	75	87	78	85	79	89	88	73	80	77	86	71	89	79	74	78	82	75	72	77	81	77	80	81	81	85	74	82	71	80	89	76	89	79	72	83	70	86	84	84	71	79	87	84	78	83	77	86	72	88	72	73	75	82	77	83	75	73	72	82	89	90	83	84	73	77	76	76	79	74	80	81	77	89	77	78	82	71	81	85	84	78	71	84	89	78	76	78	84	74	82	83	76	74	82	87	87	88	80	72	84	74	83	85	79	76	74	79	86	85	82	71	79	76	78	84	76	75	80	84	75	71	72	72	84	85	84	75	84	75	84	75	76	75	82	81	86	76	72	73	79	81	78	84	79	77	79	79	82	72	76	75	88	82	74	84	74	89	74	72	82	86	88	85	79	86	83	88	83	88	74	72	74	75	73	75	72	71	80	76	81	84	79	87	85	75	81	78	72	85	80	86	71	89	78	72	89	73	79	74	88	77	90	78	89	79	88	89	78	82	80	87	81	83	83	80	88	75	78	87	87	80	90	85	76	80	75	85	85	85	75	76	75	73	82	72	73	71	83	81	79	83	75	90	71	74	75	82	87	90	86	79	88	78	89	74	80	83	90	77	83	90	78	85	85	81	89	86	87	87	80	71	76	80	84	81	80	89	72	85	80	88	85	77	76	79	87	86	79	74	81	75	79	80	82	88	89	90	82	77	78	86	74	80	74	89	79	78	89	73	86	86	75	85	78	79	87	76	78	72	76	72	88	78	77	83	87	76	88	74	79	76	79	80	79	81	77	77	78	70	75	85	75	77	88	84	84	85	77	76	80	74	79	86	72	88	83	75	73	90	84	83	81	74	81	71	79	81	82	70	86	85	85	72	73	90	74	82	83	89	82	70	89	77	72	86	83	84	72	76	88	80	78	79	84	73	88	85	76	75	79	88	76	88	86	80	77	88	88	75	76	75	86	70	82	73	77	82	75	90	89	75	73	74	85	72	83	78	89	71	84	76	76	80	84	76	80	84	84	85	76	81	89	86	89	80	73	85	87	73	78	89	73	76	77	73	73	85	80	82	78	76	73	74	85	89	76	74	83	78	72	85	84	83	79	79	88	86	82	81	74	83	79	72	86	86	81	70	77	70	83	79	74	83	71	79	87	77	81	84	83	77	85	73	79	72	77	81	83	89	88	81	82	74	71	86	89	77	89	86	86	89	80	77	82	70	72	87	80	75	87	84	79	78	83	85	71	83	89	84	73	73	79	77	78	78	89	89	80	74	84	81	84	85	83	76	71	82	82	71	79	72	84	89	83	81	84	77	75	89	72	78	82	71	84	74	80	84	74	87	86	82	70	75	78	83	80	88	88	90	80	77	78	80	86	80	73	89	86	82	70	81	76	85	74	78	86	78	70	83	89	83	73	75	82	76	81	90	73	82	84	87	75	81	89	86	88	77	77	81	88	72	80	80	78	87	75	74	73	79	71	76	89	84	87	88	78	86	83	77	80	88	88	78	72	85	80	88	83	75	84	78	70	90	89	87	71	73	85	84	85	82	78	70	77	72	77	74	77	82	80	80	73	86	86	85	84	83	87	88	82	81	82	89	85	85	82	80	82	77	77	79	79	83	81	75	72	80	79	74	80	83	87	72	86	80	74	86	74	72	71	85	75	72	90	85	77	72	77	70	88	76	87	83	74	70	80	74	77	80	88	90	85	88	88	70	71	89	74	89	72	73	83	76	79	70	78	81	78	79	70	87	70	84	79	80	82	75	76	90	85	81	85	81	86	85	82	81	90	89	80	73	75	79	87	88	78	89	71	76	76	75	76	74	89	82	86	81	76	86	86	86	80	86	74	74	87	87	75	88	84	90	71	76	88	88	84	72	77	71	82	83	83	80	72	77	85	85	73	90	76	77	71	87	81	83	78	80	71	81	75	73	75	80	75	70	87	76	73	78	84	76
89	82	85	87	81	74	80	71	85	73	82	79	75	84	76	80	78	80	88	70	80	74	82	75	70	77	74	87	88	73	89	83	76	73	80	81	84	78	88	80	75	88	83	74	78	85	79	75	74	83	88	75	79	79	82	85	85	82	74	73	75	85	78	86	78	71	75	76	78	85	71	88	90	89	78	75	74	89	89	86	77	89	82	73	83	89	72	74	73	85	82	81	87	77	79	73	89	85	76	80	70	82	77	83	79	85	82	77	86	89	89	70	74	81	79	78	86	70	87	83	79	89	85	83	77	89	79	83	75	76	78	74	70	86	85	86	73	87	86	82	83	74	86	81	82	89	88	77	84	76	74	81	83	83	83	79	77	78	83	70	84	77	83	89	82	74	86	71	90	72	74	72	76	74	84	90	77	87	84	73	76	82	84	76	71	76	78	79	75	73	72	84	89	82	86	84	85	76	80	85	76	83	86	80	86	72	75	80	76	88	72	73	83	77	77	77	80	77	72	74	83	75	77	83	87	77	89	81	82	73	90	81	79	86	88	81	74	80	73	71	71	83	77	85	79	87	90	81	73	78	87	83	90	88	88	86	86	89	82	77	72	88	73	73	89	87	81	84	77	76	71	86	77	71	80	81	73	75	85	89	87	77	77	79	82	75	75	80	76	78	77	74	83	71	78	78	75	72	72	86	76	71	85	86	89	89	89	73	82	80	77	76	78	75	81	88	76	85	85	75	70	86	73	71	89	75	82	89	77	85	90	73	89	77	88	70	75	75	78	78	74	85	82	85	90	73	73	86	77	82	88	72	73	72	76	76	86	82	71	70	75	71	71	84	80	88	81	89	74	71	84	70	86	88	70	71	88	71	79	85	81	73	89	78	86	74	87	79	80	70	84	84	80	74	75	80	72	76	75	75	84	89	76	88	78	77	76	83	74	89	72	74	77	72	85	77	72	76	87	83	76	75	86	82	78	74	87	83	78	85	81	89	77	72	86	70	84	80	84	85	76	72	86	87	73	88	71	80	74	76	86	77	78	82	86	84	81	78	89	86	76	88	87	84	73	76	88	71	87	85	76	73	71	90	78	87	86	80	77	78	87	84	89	71	81	90	74	71	76	89	89	71	88	80	75	83	77	75	86	73	78	83	85	88	76	71	74	76	71	80	79	88	85	76	81	86	84	76	86	74	73	81	74	89	72	72	79	86	76	86	79	74	71	76	82	89	74	89	88	87	73	76	80	73	82	74	76	80	83	87	89	76	83	78	77	73	79	84	72	71	81	81	73	85	89	71	72	80	71	84	87	72	84	75	71	85	75	85	84	86	85	86	81	86	87	72	81	71	86	83	77	89	82	77	82	78	88	81	72	74	73	90	74	78	87	83	87	86	79	81	75	86	86	78	79	83	83	83	79	77	86	85	77	71	77	83	77	77	90	84	71	77	79	71	77	77	74	88	85	71	78	89	80	84	77	84	78	83	77	73	73	73	89	79	83	87	85	79	85	71	71	83	86	87	84	87	72	72	70	82	73	82	85	84	82	84	82	71	76	86	77	83	86	85	84	77	85	70	86	71	74	77	81	72	78	72	78	76	82	80	79	83	75	88	73	71	71	76	73	80	77	81	77	86	87	85	89	75	71	74	77	86	87	81	81	83	71	84	86	71	89	89	82	88	74	73	76	86	85	83	84	77	85	76	84	87	70	84	89	90	78	77	89	76	72	70	85	79	80	90	77	84	77	76	73	71	75	87	87	84	71	89	75	88	75	74	79	71	86	86	89	81	84	86	70	76	77	85	74	77	87	80	89	74	82	86	78	76	86	85	84	84	73	88	75	78	76	80	79	77	85	87	74	86	76	72	90	80	87	86	79	71	71	85	71	79	79	78	77	73	79	86	87	88	73	88	75	72	77	79	88	80	73	77	88	70	71	81	79	85	74	86	74	88	78	71	87	84	75	86	72	77	73	72	79	79	72	82	73	89	82	88	78	74	85	71	80	82	72	84	71	78	71	86	71	72	77	87	78	90	78	73	82	85	72	84	84	80	76	86	72	78	84	87	71	79	88	80	80	71	79	76	73	71	90	71	80	89	81	80	79	85	70	71	73	89	79	82	77	71	79	74	85	82	85	77	81	87	78	82	83	76	83	88	83	72	71	84	73	78	84	76	88	87	88	82	81	71	82	78	76	78	86	70	80	71	78	90	85	81	89	86	81	87	70	79	71	76	76	82	89	77	74	90	75	85	83	85	74	84	78	70	82	82	89	88	90	85	73	80
73	84	70	85	81	90	77	76	88	86	89	70	89	86	88	89	70	82	84	78	89	81	80	75	84	79	84	85	80	88	76	79	89	78	85	70	83	85	77	90	80	87	72	70	79	89	84	85	79	76	72	82	75	78	87	81	77	76	82	73	74	90	77	76	83	89	76	76	89	72	87	70	83	85	71	76	74	81	80	73	79	85	78	80	83	86	72	77	71	89	78	81	82	75	73	80	76	81	70	84	76	72	86	78	79	73	78	71	84	71	84	74	75	87	73	73	86	78	72	89	77	71	87	90	85	82	83	88	71	84	75	87	86	73	76	88	87	87	76	89	87	79	72	80	83	88	84	80	76	78	82	75	74	82	77	73	88	85	80	87	70	80	88	72	85	86	75	72	88	89	71	81	76	86	87	88	80	72	87	72	85	90	80	83	79	73	87	83	73	77	72	81	77	84	89	78	89	84	79	81	73	74	76	82	74	83	81	76	77	76	88	77	89	75	74	86	73	75	88	70	78	80	70	72	73	81	83	88	79	84	89	86	83	78	86	76	83	78	71	79	71	84	78	81	79	77	77	83	82	79	72	82	89	87	89	77	70	90	86	86	88	75	86	75	87	74	84	86	84	73	74	75	86	74	74	77	75	88	85	82	87	73	72	87	84	81	84	79	75	83	87	88	73	80	76	84	72	79	81	79	79	83	87	79	85	79	84	72	80	87	89	86	89	76	75	73	89	88	74	75	81	72	71	85	81	70	75	88	71	70	78	76	80	75	82	80	72	88	82	86	86	78	89	78	86	79	71	81	75	73	87	85	78	85	71	82	88	79	87	89	79	74	74	88	82	80	88	78	77	89	79	88	77	72	89	71	89	86	84	71	72	71	74	84	83	77	77	90	82	75	89	85	81	88	76	74	79	72	71	86	90	80	73	83	81	70	72	81	75	83	75	86	88	81	84	89	83	76	81	83	89	81	90	85	71	86	80	81	76	82	87	89	78	70	79	74	73	86	84	87	72	78	80	75	73	88	83	72	88	86	88	80	84	71	74	72	83	82	89	83	80	87	83	86	90	89	81	84	82	77	77	74	72	72	80	75	83	81	83	76	75	82	84	72	74	89	80	81	87	79	88	77	73	79	77	74	78	85	87	82	75	71	82	71	76	76	84	86	74	86	77	77	87	87	75	89	82	78	72	79	74	80	72	85	73	71	88	77	71	77	80	82	78	82	84	76	76	70	87	87	88	88	78	82	86	81	77	85	81	81	87	86	77	72	77	77	84	78	87	81	76	89	71	77	83	88	86	87	80	77	76	79	76	70	75	71	83	70	88	82	82	70	77	82	84	72	73	85	73	90	78	89	84	74	83	88	82	87	87	87	86	77	73	81	88	87	77	79	81	86	73	90	81	70	88	74	76	75	87	79	72	76	82	77	90	73	80	81	80	75	79	75	75	81	72	71	71	78	84	87	74	82	79	82	76	89	87	81	77	84	77	70	89	80	77	80	81	86	74	79	85	79	86	87	86	72	71	73	78	89	72	78	72	87	73	80	78	86	79	89	73	82	86	74	88	83	90	72	78	89	74	80	80	85	80	84	81	74	88	84	87	79	90	80	84	79	72	89	74	90	76	81	87	73	77	87	89	79	84	84	72	82	86	83	86	85	88	77	89	77	89	79	70	74	81	76	78	73	73	79	77	87	75	78	73	89	89	75	88	86	87	83	89	86	77	71	71	83	80	86	70	73	81	76	87	75	73	76	76	74	78	83	73	83	79	79	76	78	88	81	72	75	84	87	76	88	73	81	76	80	85	73	78	72	78	86	82	82	85	74	85	76	74	86	90	83	89	86	79	84	80	88	84	90	89	75	79	81	89	83	76	86	77	80	77	89	73	76	77	78	85	71	83	71	76	77	88	89	79	80	79	86	81	87	73	79	73	82	82	81	88	82	73	83	85	79	77	72	83	89	87	74	71	74	84	79	72	71	85	73	78	85	72	81	74	70	90	73	84	82	81	85	73	80	86	84	86	86	82	74	89	80	88	71	87	80	71	77	87	72	73	73	72	88	86	78	74	73	88	85	84	82	78	89	74	89	90	89	72	87	79	87	87	87	85	72	83	85	79	90	81	85	87	87	82	78	86	88	79	81	83	76	86	70	76	83	75	70	88	89	75	80	82	83	73	78	85	75	76	85	71	90	72	88	72	81	77	81	81	73	70	83	88	71	87	74	83	83	77	88	71	85	88	80	90	90	75	73	89	72	75	88	73	89	85	81	85	72	86	79
87	83	82	72	83	71	84	83	85	81	71	74	78	81	79	89	71	73	74	82	85	74	77	72	73	72	74	88	72	76	73	79	78	74	82	88	79	81	75	84	72	89	78	83	75	80	77	76	80	72	86	80	79	71	74	82	90	85	76	71	79	79	89	85	76	76	84	89	76	73	87	75	78	86	72	88	81	75	76	71	80	70	85	82	80	87	71	71	79	85	87	86	79	83	88	71	85	72	83	84	84	89	80	90	81	72	79	81	81	75	85	79	83	82	86	85	70	78	84	71	80	87	77	72	88	80	86	79	75	76	79	70	70	71	76	88	84	85	74	73	86	82	83	73	79	82	77	75	70	83	71	80	87	86	81	85	77	72	86	78	90	76	81	72	82	82	84	90	86	81	87	83	87	73	80	86	73	72	88	89	74	77	74	70	87	84	77	73	75	72	85	76	73	83	81	83	70	84	84	79	86	79	72	76	78	82	73	80	87	90	89	75	82	74	76	81	84	77	83	87	84	79	75	72	79	76	75	86	78	85	76	85	86	83	79	85	78	83	88	78	85	82	86	73	75	87	87	75	77	75	84	72	79	78	89	81	85	70	81	73	86	89	88	79	74	73	79	77	85	87	81	74	84	75	77	74	86	89	85	77	85	82	76	81	72	78	79	73	89	70	88	83	88	86	77	88	82	85	88	88	76	80	83	71	74	88	72	90	80	71	84	89	88	89	83	82	88	83	86	71	71	85	81	77	74	81	76	73	87	73	89	88	89	88	85	72	86	73	76	70	82	76	76	77	71	85	71	75	83	85	82	75	74	78	79	89	76	84	89	74	76	84	77	81	72	89	70	87	82	83	89	72	82	73	76	87	83	88	87	84	79	83	84	87	86	80	70	82	79	89	71	71	71	77	78	87	72	88	89	90	74	73	75	74	88	73	74	87	88	85	84	89	79	73	79	85	90	88	87	85	77	84	85	74	84	71	76	79	75	87	81	75	72	80	79	90	85	77	82	79	77	79	72	82	71	74	81	77	76	77	85	89	88	76	76	89	82	79	73	74	89	88	86	84	71	84	76	80	78	86	90	86	86	72	79	86	87	75	70	71	74	70	81	86	85	89	75	81	86	78	80	81	87	74	89	86	76	83	81	90	80	75	89	87	83	72	84	79	72	82	87	78	78	78	82	80	74	81	70	88	84	79	79	87	80	74	88	78	87	74	83	89	78	87	85	77	82	90	82	88	71	80	89	88	86	78	78	87	72	72	88	75	77	87	81	75	75	81	80	73	88	82	70	76	81	85	73	83	79	85	72	71	73	79	87	85	71	86	79	83	80	83	80	75	90	81	81	77	74	80	83	77	74	73	84	70	70	74	71	87	75	71	76	75	73	89	87	73	80	87	78	83	74	80	74	77	75	70	82	78	79	71	70	83	77	75	85	70	86	75	72	88	84	76	83	73	86	77	84	86	85	78	80	76	74	78	76	73	79	82	83	75	74	72	80	84	78	82	89	78	84	73	74	76	77	72	79	79	86	76	83	83	76	80	80	82	75	76	83	90	76	83	77	88	78	80	88	89	72	85	87	79	88	72	78	85	87	71	87	87	88	75	75	86	80	88	70	74	77	84	77	87	81	80	71	75	70	70	89	86	76	79	76	80	76	76	71	87	74	74	84	87	73	75	79	89	82	79	79	83	73	85	73	72	80	77	85	78	82	76	88	80	88	76	84	84	81	86	78	75	80	80	77	81	79	78	73	74	82	76	76	71	74	79	84	73	84	71	71	85	77	72	73	82	75	85	77	79	86	78	89	89	83	74	88	78	72	80	76	77	72	87	79	82	73	89	87	86	81	77	89	89	81	82	71	75	77	84	74	81	77	80	89	80	70	78	89	78	76	74	83	77	81	89	75	70	73	76	84	81	76	85	86	76	84	73	78	77	89	75	75	90	84	88	71	88	79	71	74	73	90	89	85	89	77	74	73	88	76	78	76	76	90	88	72	84	82	70	82	88	84	86	75	74	70	88	78	79	75	82	85	83	86	84	71	89	90	72	82	86	78	74	83	88	88	71	71	86	81	83	72	83	77	86	88	83	72	88	74	73	81	75	80	75	72	90	88	77	80	88	77	90	77	75	76	81	74	70	76	89	88	76	83	78	87	72	88	81	75	87	80	82	82	75	79	85	79	75	70	87	74	77	73	86	86	75	86	74	89	85	74	75	79	80	71	85	73	88	79	72	79	82	86	73	84	81	84	81	87	82	78	78	72	85	77	75	82	78	90	72
86	73	88	70	82	73	82	87	88	86	76	87	87	72	78	89	89	75	74	73	78	70	70	76	85	88	83	80	72	83	87	82	73	83	73	72	87	81	85	84	85	71	76	76	76	82	82	73	76	84	90	89	79	80	80	73	70	73	88	78	77	73	70	87	78	78	77	85	90	84	74	79	81	87	75	77	89	85	74	80	78	79	87	81	83	82	82	72	73	77	79	90	80	89	82	89	79	86	72	81	77	74	71	86	70	85	89	75	90	84	80	88	90	79	75	72	83	79	87	80	73	80	72	88	82	71	81	89	71	83	83	75	79	72	77	86	83	87	85	89	78	79	74	84	82	86	71	75	75	84	80	80	80	84	82	70	75	86	86	87	90	85	74	81	89	90	83	88	76	81	77	72	80	74	75	75	90	77	87	86	72	85	86	86	71	75	90	72	88	85	73	83	75	79	85	82	86	73	83	83	80	87	76	74	72	76	71	79	71	87	78	88	85	76	89	71	76	84	73	87	84	80	90	82	88	84	71	89	88	77	71	79	90	80	80	80	83	85	73	90	88	83	72	80	71	79	73	80	76	75	71	75	71	76	82	89	83	84	89	87	70	81	89	78	88	72	77	85	72	87	87	89	89	82	81	75	88	86	80	88	83	77	89	79	76	84	75	84	71	81	89	90	78	73	90	77	88	90	85	80	72	73	85	86	90	82	79	80	77	73	71	90	87	83	87	71	89	71	84	85	74	75	75	72	84	74	81	89	80	80	77	87	81	77	84	86	86	83	87	89	82	76	86	80	74	84	82	74	74	87	75	79	89	79	76	77	74	75	89	88	85	82	71	79	80	79	88	74	72	80	72	82	83	83	87	82	84	73	78	74	90	86	78	80	80	75	77	82	83	71	73	70	85	89	81	80	87	77	85	74	73	88	71	73	72	84	73	79	81	79	88	71	80	81	85	72	88	74	87	79	88	79	76	82	72	74	88	88	70	88	77	83	71	83	73	88	72	88	85	90	86	77	84	84	81	89	86	71	87	73	83	86	70	77	90	73	80	74	80	74	86	70	72	78	86	82	90	75	89	81	80	77	72	79	76	77	84	87	74	88	74	71	79	78	83	74	73	73	90	78	82	76	88	78	79	88	82	82	88	78	72	78	75	70	82	85	77	76	76	80	77	83	80	73	89	70	84	87	87	73	83	83	81	75	84	82	74	89	87	86	72	81	77	76	72	71	86	90	89	78	83	79	86	72	89	79	83	73	73	79	72	86	76	83	85	88	81	71	76	87	81	81	86	72	88	73	70	90	87	71	87	84	72	83	83	84	71	85	86	80	72	74	87	82	75	78	78	77	76	76	85	77	86	78	79	88	89	78	75	72	83	71	83	80	75	76	89	75	76	88	76	86	82	71	87	72	79	75	78	71	84	85	89	79	74	76	84	82	85	80	73	81	77	78	84	89	76	75	78	86	82	78	78	88	85	76	77	86	76	76	90	88	81	89	79	72	84	80	85	88	74	79	86	82	88	89	85	71	78	74	81	72	86	87	79	71	74	82	79	86	77	82	73	76	90	70	79	84	81	74	85	71	72	90	75	83	82	88	73	71	85	85	86	71	80	73	82	81	88	80	74	76	85	79	71	85	75	84	76	85	79	79	82	89	86	78	77	79	87	78	84	77	81	77	73	82	76	71	71	79	89	89	70	83	82	74	88	71	71	75	83	87	81	87	81	89	84	89	70	77	82	84	73	86	75	84	77	90	73	79	83	77	71	79	81	87	71	85	84	89	87	89	77	85	77	86	89	87	84	78	86	70	88	73	72	72	90	85	90	86	76	81	71	73	75	72	81	76	75	76	77	72	78	71	87	85	81	72	84	89	82	90	77	88	73	76	71	76	79	74	72	87	77	78	73	70	86	81	90	71	73	76	73	77	85	74	71	72	90	87	82	86	83	85	77	86	71	82	71	89	78	87	84	71	74	77	71	83	87	76	79	80	90	84	71	74	90	84	76	84	73	77	83	84	77	86	85	84	82	85	77	80	85	86	75	85	74	73	81	83	86	79	74	82	83	80	75	88	78	75	79	70	72	71	86	79	88	87	74	84	71	76	70	78	83	86	82	88	78	88	89	71	80	71	77	78	73	78	82	89	71	71	89	79	83	85	88	78	82	74	86	77	83	78	88	85	75	84	70	90	82	78	77	71	89	71	74	78	77	87	76	83	72	81	74	85	79	88	85	76	75	76	71	74	81	76	72	79	90	86	79	74	76	73	89	86	73	86	87	85
72	78	70	75	86	72	88	83	71	80	84	87	78	87	82	80	72	89	81	81	72	72	76	83	79	84	72	90	76	71	84	71	90	72	73	80	70	79	75	76	82	79	74	74	82	83	88	86	84	90	77	71	74	71	78	76	80	84	74	80	82	86	88	70	73	89	82	80	77	71	83	71	87	80	78	89	82	84	75	75	82	84	73	72	81	85	76	74	75	84	85	88	71	83	78	71	81	76	75	78	82	83	78	82	75	85	87	80	87	82	87	83	87	88	85	79	86	70	86	81	75	71	85	86	85	82	74	82	88	82	74	80	87	86	77	73	72	86	84	88	85	74	81	81	80	89	83	89	90	72	70	86	75	88	84	73	73	74	88	72	74	82	83	88	78	83	90	77	72	78	74	82	84	74	87	75	81	84	81	81	78	78	86	83	85	77	81	86	87	72	88	89	84	80	84	89	77	74	78	74	72	85	78	87	84	75	83	87	82	71	80	85	84	72	81	80	80	84	71	84	87	88	81	84	74	81	89	78	80	90	74	88	78	77	70	79	79	83	84	80	74	79	74	78	76	76	77	84	80	79	79	76	89	83	89	83	74	87	80	73	90	82	76	86	79	75	77	85	72	75	76	89	83	84	88	73	89	75	89	82	70	77	81	86	72	76	75	70	86	83	81	83	79	86	71	76	85	90	78	75	74	86	86	87	77	70	83	87	75	82	87	79	87	70	72	77	71	79	88	88	78	88	82	73	78	84	82	90	79	86	90	90	73	70	82	87	74	78	72	71	79	79	77	83	76	71	73	85	77	89	74	88	90	88	80	86	70	76	86	72	84	90	88	73	81	72	79	76	79	73	75	79	89	85	85	86	87	76	73	84	74	83	77	84	86	84	81	75	84	76	77	87	75	74	70	90	77	89	80	76	84	78	77	82	77	80	74	83	75	88	85	83	74	71	77	79	75	87	87	74	88	81	85	72	83	78	84	76	85	75	83	72	88	78	82	85	77	72	77	79	81	78	77	82	88	82	76	89	74	81	83	85	73	83	81	77	77	89	77	79	83	87	82	89	76	83	89	72	79	77	80	76	78	70	82	90	86	86	79	78	80	72	76	86	90	74	79	79	85	90	73	77	78	79	72	73	87	72	89	89	74	87	86	77	86	86	88	89	78	81	76	85	76	82	73	88	83	85	73	89	86	74	75	86	88	71	86	71	75	71	79	90	70	85	79	88	77	73	81	77	80	88	75	75	85	77	90	78	80	88	86	76	77	77	88	72	75	85	81	86	83	71	72	85	89	71	70	73	85	87	79	81	87	90	83	89	78	71	85	85	83	85	76	84	89	87	76	83	76	81	83	80	79	88	88	75	84	76	87	87	76	78	76	82	88	71	85	86	71	82	76	90	75	81	79	87	79	86	80	70	81	71	73	86	71	82	85	89	80	72	72	74	76	79	82	73	90	70	88	81	85	73	76	71	74	73	86	81	81	71	87	74	83	86	84	77	72	74	79	71	85	83	78	71	82	76	73	73	88	89	84	71	85	79	89	73	76	87	84	87	84	83	81	79	80	81	72	72	88	72	89	71	90	83	71	77	74	77	73	80	80	83	78	82	71	80	78	78	90	81	74	74	76	76	83	79	83	72	86	89	82	73	85	71	80	85	70	72	84	74	88	86	73	75	80	70	80	87	87	78	76	89	84	76	82	76	76	82	78	74	87	76	79	78	81	87	78	73	84	78	80	75	72	81	77	80	73	71	84	86	75	82	90	71	82	79	82	72	88	78	83	74	78	74	73	84	85	89	80	72	81	86	73	73	79	87	82	77	88	87	84	90	88	77	79	85	71	75	80	74	71	83	71	87	71	77	71	87	74	71	79	76	85	80	80	76	77	87	77	72	87	79	81	82	71	83	73	80	88	86	70	76	85	72	86	87	73	84	87	90	85	76	88	73	72	85	70	81	79	87	70	88	78	78	86	86	86	84	75	82	90	71	71	80	83	81	77	84	79	82	83	76	81	83	85	82	74	88	79	79	83	89	72	70	83	76	83	79	77	72	88	74	82	89	83	79	88	74	88	81	85	75	83	79	87	79	75	87	87	71	75	72	75	82	71	80	81	74	73	76	74	70	83	75	75	84	72	80	87	82	73	74	79	79	89	79	88	81	83	82	79	78	73	74	73	76	85	72	70	81	87	80	87	83	86	80	88	76	89	86	82	74	74	86	85	72	82	82	75	70	80	89	73	71	89	76	73	88	82	87	73	75	74	79	73	77	71	76	89	86
89	80	70	87	88	82	72	73	89	89	82	86	72	75	85	73	88	76	78	89	83	84	83	74	74	84	73	80	84	71	87	89	83	71	81	79	74	72	82	75	88	72	75	72	81	74	74	75	75	79	75	79	77	82	84	83	74	82	75	84	87	88	81	85	86	86	83	77	84	90	83	89	86	75	82	88	82	86	78	85	87	81	81	80	90	83	88	82	75	90	85	78	90	86	76	73	88	90	80	86	73	72	76	83	74	79	84	88	85	81	80	77	73	84	87	72	71	79	84	76	80	82	86	83	80	89	80	90	81	76	74	88	72	80	78	86	72	70	73	76	86	85	71	78	79	77	81	84	88	79	77	73	86	79	85	78	86	86	75	80	79	84	88	84	88	80	87	82	83	84	80	73	74	83	78	82	89	72	77	87	74	78	80	85	89	87	83	83	82	78	85	89	80	72	75	71	83	87	70	84	82	71	75	83	81	81	83	76	87	86	79	83	77	74	78	89	83	83	73	84	74	86	89	83	77	86	74	86	74	86	86	71	87	89	82	83	84	74	79	78	71	75	78	71	87	77	73	90	76	75	90	82	74	75	73	79	90	72	77	84	71	80	83	76	77	76	80	83	83	83	81	75	78	73	82	86	80	75	89	88	71	84	89	76	77	88	89	86	89	83	75	72	77	87	75	82	73	79	88	85	76	81	86	70	85	75	78	87	85	88	72	89	79	88	80	88	89	70	85	83	80	90	86	76	86	88	89	75	74	74	75	79	83	71	87	86	75	88	85	85	85	72	85	84	83	81	73	75	72	90	90	77	80	75	85	76	72	76	78	74	78	81	89	79	75	86	76	82	87	90	87	77	89	75	77	81	84	73	73	72	90	75	83	86	82	84	75	79	87	86	75	77	85	82	78	85	76	88	88	78	71	90	86	77	81	76	85	82	71	88	71	72	79	76	89	88	75	86	90	83	75	74	87	90	82	80	73	70	72	78	74	76	81	73	77	81	72	86	73	80	74	72	76	70	79	78	79	85	74	83	85	72	79	75	76	85	89	78	72	83	88	73	80	87	89	79	82	89	77	86	78	72	86	85	75	84	77	73	74	88	85	75	72	80	77	71	75	86	75	82	83	72	71	86	72	74	80	80	87	88	85	82	75	89	87	82	72	71	79	80	72	81	88	80	72	77	80	72	90	78	72	80	73	71	81	77	77	89	75	86	72	77	79	87	84	74	71	84	76	84	79	85	71	79	85	72	71	88	73	84	74	83	75	84	80	81	78	84	87	82	85	88	85	77	81	81	72	80	89	73	77	72	71	86	79	90	89	76	74	82	85	70	74	83	70	78	75	84	89	82	82	89	71	70	86	75	83	73	76	88	83	83	79	75	89	86	87	84	78	85	82	76	72	75	71	77	84	79	82	76	83	70	74	83	71	85	78	82	78	72	71	73	77	76	87	78	80	89	83	87	84	73	85	73	76	82	88	83	74	79	72	79	72	81	76	74	81	86	87	78	83	86	81	78	84	77	73	83	76	76	89	81	89	74	79	70	71	72	79	71	73	82	76	77	84	71	85	80	85	87	86	82	82	80	87	76	79	77	79	89	75	72	82	87	75	71	71	88	88	83	82	74	79	88	74	86	78	80	85	72	82	88	88	72	88	87	77	73	86	73	72	83	72	80	75	82	73	73	81	82	83	87	71	82	82	89	72	79	83	72	87	72	83	78	90	76	75	80	84	72	84	85	80	75	79	76	84	77	81	83	81	77	78	76	77	81	72	87	77	70	84	74	78	73	79	70	81	75	75	88	78	83	80	86	82	85	80	78	85	83	72	90	74	85	78	78	75	89	79	89	72	86	89	86	71	88	86	89	89	74	82	76	81	72	76	82	78	76	73	88	87	88	84	72	86	84	89	76	83	73	76	86	82	79	71	71	87	73	80	74	78	86	87	77	78	83	80	86	82	78	72	86	78	82	87	76	80	85	87	86	77	84	85	74	76	87	82	80	85	71	77	73	84	77	73	87	81	84	87	82	73	75	73	70	80	86	82	86	70	77	82	83	78	74	76	72	83	76	82	80	88	74	76	80	90	85	74	77	83	77	90	76	74	86	71	79	81	88	87	73	88	89	87	78	83	90	77	73	80	75	84	77	89	79	83	72	78	88	75	90	83	74	78	72	85	90	75	77	70	83	82	89	89	79	71	74	81	88	79	72	89	90	88	89	75	71	81	73	83	87	81	71	77	85	80	81	88	89	85	75	90	73	90	76	72	80	70	74	76	78
78	85	74	85	88	84	73	80	85	82	79	84	79	90	89	75	81	80	72	89	70	81	86	88	86	83	88	72	79	84	86	79	77	82	84	83	75	85	73	88	71	75	78	73	85	74	79	73	78	72	81	89	73	85	75	85	84	74	84	82	87	86	74	78	79	82	71	86	80	80	74	86	70	80	85	84	78	72	77	71	89	73	87	83	82	78	83	82	90	87	73	71	80	79	76	89	75	74	89	76	86	80	80	82	77	73	75	76	85	79	87	71	70	71	79	78	80	76	88	76	76	86	90	87	77	89	74	74	79	76	85	85	80	80	86	88	77	88	73	79	90	73	73	79	71	71	79	76	72	84	74	81	75	78	75	75	87	70	85	77	78	73	82	78	77	82	85	79	86	81	75	76	88	76	89	83	76	85	71	82	71	83	77	73	88	77	75	84	86	89	78	90	81	81	89	88	81	87	88	87	86	70	88	78	79	81	82	75	77	87	75	84	74	85	90	79	79	79	77	70	75	72	87	87	89	71	84	78	71	77	72	76	90	74	86	79	90	78	73	72	77	77	82	77	73	85	73	75	86	84	78	81	81	87	83	75	82	86	74	77	79	75	81	83	79	71	82	88	83	88	70	90	86	74	76	80	74	75	86	76	86	89	78	85	86	82	83	85	89	88	77	73	72	82	89	75	89	80	75	74	70	71	80	83	87	83	77	78	84	80	86	85	84	80	76	80	83	82	83	74	88	75	79	73	77	71	89	82	85	83	86	83	78	72	88	71	80	73	83	80	87	87	73	80	87	80	88	77	84	74	84	74	78	71	77	87	87	75	84	89	87	73	74	90	70	70	85	87	76	87	76	86	76	79	73	84	87	72	71	80	81	78	88	75	88	72	90	72	86	74	83	71	89	72	83	82	90	90	90	76	90	77	85	75	87	82	71	88	79	71	74	82	89	83	75	87	88	87	74	79	82	71	86	76	77	78	85	83	78	90	71	82	81	77	74	83	89	78	77	79	72	87	72	78	77	80	85	80	78	86	83	88	80	80	71	75	75	78	72	87	86	78	79	79	79	85	84	77	72	70	84	81	88	74	82	82	86	75	90	89	71	78	89	90	70	83	84	89	89	76	79	71	77	90	87	75	72	82	89	76	81	78	85	86	78	77	75	77	75	72	81	81	90	89	87	73	81	77	84	79	80	89	74	81	81	77	85	78	81	81	75	82	87	78	86	77	75	82	86	76	72	89	88	72	83	71	70	77	89	72	86	75	79	82	89	76	89	74	81	89	83	90	79	78	74	90	78	83	76	78	71	80	84	81	80	78	73	73	76	89	78	75	73	87	78	76	82	75	84	85	87	78	80	71	87	76	82	76	76	81	75	76	71	85	75	70	74	75	84	74	70	70	72	90	82	88	74	87	76	87	88	87	70	81	73	86	71	80	79	74	78	90	85	79	84	78	89	88	80	73	74	76	72	89	90	79	78	76	86	80	84	77	86	74	75	71	71	88	71	82	87	76	72	79	80	76	84	87	73	79	81	83	71	83	86	75	73	75	89	88	89	86	89	81	84	77	81	76	78	76	77	81	84	80	73	80	89	72	72	74	79	86	72	81	71	76	84	79	83	74	81	77	78	78	88	85	90	78	80	81	87	75	71	73	77	79	81	80	72	80	73	74	85	89	77	76	79	89	73	76	87	76	79	89	75	75	90	72	77	79	75	89	86	88	79	80	86	85	88	81	79	81	78	72	81	87	79	78	88	81	80	73	86	74	74	90	75	79	78	73	76	72	80	80	73	78	72	90	79	87	74	80	80	89	77	86	83	80	83	84	73	71	82	86	84	77	75	86	84	87	87	70	76	79	89	74	71	81	78	89	78	74	70	81	90	73	89	78	78	80	80	84	89	71	90	76	76	80	82	79	72	88	74	74	77	83	76	79	73	87	71	90	88	89	89	74	75	86	79	70	74	88	82	74	74	79	87	87	88	76	75	74	86	89	77	84	81	83	81	87	88	90	81	75	82	72	74	87	72	84	80	74	89	77	79	74	73	75	71	82	84	77	70	72	81	83	81	85	90	83	82	85	79	83	71	87	90	79	77	84	87	78	71	85	82	82	75	81	71	84	75	71	83	81	77	76	73	76	75	80	82	85	83	84	71	79	90	78	86	78	74	86	88	75	85	72	85	82	79	89	79	85	78	72	88	73	85	90	73	79	81	82	72	82	81	73	77	70	70	88	76	75	89	79	79	79	89	82	90	70	76	70	89	89	84	81	80	70	72	73
82	87	78	75	82	77	83	81	71	82	86	89	75	89	70	71	75	72	77	89	73	88	83	88	78	87	81	77	76	73	79	72	89	79	85	75	85	83	88	85	83	75	76	74	87	74	80	80	88	72	87	73	82	73	81	85	83	73	83	89	76	78	86	77	77	76	78	84	81	86	77	81	71	84	87	74	90	73	73	70	72	88	72	72	71	80	84	86	85	79	76	79	71	88	81	71	89	79	85	82	82	81	84	75	73	84	84	84	82	87	85	79	77	86	78	82	82	72	79	82	85	81	89	88	90	78	74	86	78	86	82	90	79	88	88	88	89	78	71	89	75	87	75	77	78	79	71	78	85	82	71	74	70	83	82	87	86	78	82	86	79	72	75	89	88	82	89	75	71	73	75	71	87	82	71	90	76	88	74	71	86	80	81	80	74	90	83	88	71	75	85	79	71	83	80	84	78	74	75	84	78	75	73	81	80	80	77	80	77	82	86	73	78	85	84	78	72	86	84	90	81	73	90	83	80	74	71	87	80	74	70	74	86	84	76	83	79	77	78	77	89	74	70	79	76	80	79	87	88	82	79	83	76	89	75	85	77	77	74	81	90	82	77	84	71	89	77	81	90	80	77	72	89	84	79	78	89	87	72	76	75	81	82	88	73	73	82	86	74	80	80	89	73	83	88	90	81	70	80	74	72	77	71	72	75	79	77	81	86	77	77	76	79	78	79	75	80	77	77	77	77	74	88	75	89	75	83	83	82	72	73	87	82	76	77	86	80	76	86	88	71	85	83	86	81	75	85	78	77	80	71	70	77	70	81	74	83	88	72	79	85	83	74	84	75	83	87	89	72	78	86	75	77	89	72	84	74	87	74	77	70	71	75	83	80	84	74	81	75	77	83	71	76	78	74	81	87	83	73	77	80	84	81	83	85	74	80	86	75	79	86	80	74	76	72	81	72	86	81	73	88	75	88	90	76	89	90	89	82	83	88	75	74	82	85	70	76	81	87	74	82	72	81	79	79	78	74	85	72	76	90	87	80	74	87	81	81	76	80	85	75	77	84	80	81	84	85	82	89	71	73	75	71	72	87	72	75	78	78	90	72	71	81	78	84	90	87	79	81	81	77	83	70	74	70	80	77	84	83	89	87	74	71	82	82	90	73	81	78	79	70	83	90	72	76	80	71	84	74	85	83	88	71	85	83	73	87	76	86	87	76	76	82	84	86	78	89	84	83	89	82	85	84	73	76	83	83	72	78	82	71	84	78	72	82	82	84	73	76	72	77	76	76	78	81	83	71	79	80	85	90	76	82	75	85	88	83	81	89	87	85	89	71	82	84	80	73	84	81	83	86	87	82	89	77	87	74	71	88	90	80	72	90	83	73	71	83	82	83	76	81	79	72	90	71	83	71	81	77	80	77	73	87	88	88	84	85	71	88	82	77	75	73	88	80	84	74	72	70	86	85	88	72	87	77	85	74	82	88	88	85	76	79	82	86	82	83	90	81	83	89	86	79	71	77	73	87	75	82	82	83	83	83	83	83	71	78	89	72	77	72	81	74	85	74	86	72	70	86	73	79	84	80	74	84	83	79	79	82	71	89	78	79	72	71	71	75	74	83	78	75	85	80	79	73	73	71	78	87	80	77	81	82	73	72	87	75	76	74	73	77	74	86	76	75	87	71	70	80	86	86	75	83	73	83	72	76	83	88	89	72	72	85	73	71	90	70	84	72	74	85	80	82	73	72	78	73	73	72	72	90	71	74	84	83	76	82	82	73	81	76	81	81	81	86	89	87	72	76	71	73	75	77	78	76	71	84	78	84	86	71	82	78	79	76	80	80	77	87	74	79	83	79	87	80	87	78	80	77	75	82	78	84	71	82	71	85	87	77	76	80	86	72	72	80	71	73	83	80	72	72	83	89	71	81	89	80	85	70	72	72	87	88	86	84	76	76	71	73	86	82	81	87	71	81	84	72	84	75	83	78	80	76	72	75	88	84	83	82	86	71	83	77	90	78	86	73	81	89	81	73	89	83	72	75	72	87	90	70	90	76	79	79	76	80	87	78	74	81	80	76	89	73	88	75	84	76	83	79	74	81	78	83	86	84	77	85	81	74	87	76	78	89	83	83	88	71	89	85	77	88	79	71	76	84	73	77	84	76	82	81	84	83	80	83	79	73	74	80	74	80	90	70	86	85	84	76	79	75	84	89	75	74	72	87	84	90	80	90	83	90	78	72	77	78	76	86	83	81	81	82	76	74	78	81	80	87	73	84	82
wj																																																																																																																																																																																																																																																																																																																																																																																																																																																																																																																																																																																																																																																																																																																																																																																																																																																																																																																																																																																																																																							
63	80	87	18	78	96	52	17	31	25	26	52	34	29	91	20	80	95	29	37	64	87	43	4	90	1	81	73	50	58	31	42	70	4	57	26	30	23	81	31	72	40	27	89	92	16	83	80	25	93	61	79	97	44	50	11	61	21	52	56	15	13	71	45	19	81	87	23	2	75	42	29	20	39	75	25	34	41	56	73	76	8	78	71	77	61	46	25	31	20	54	6	44	68	61	35	64	67	12	5	79	1	46	18	39	64	73	21	68	82	8	67	53	88	16	85	10	44	47	74	81	89	13	90	38	92	2	53	71	74	10	58	79	81	62	49	40	55	72	48	72	66	14	73	50	38	4	85	63	31	12	47	41	50	44	66	92	65	4	37	65	7	20	86	31	83	72	27	59	37	43	98	94	95	19	63	87	96	58	48	31	60	38	95	59	51	2	28	71	50	45	10	33	98	19	16	27	76	49	43	21	80	53	12	7	73	8	13	98	62	37	27	34	37	7	82	82	50	53	88	56	69	37	44	51	44	73	2	91	39	65	18	21	25	68	3	35	34	26	47	40	95	4	34	6	77	67	61	67	25	4	91	21	95	48	98	40	16	89	84	58	9	82	38	65	86	74	51	41	7	87	70	8	5	82	10	36	83	77	69	77	80	64	28	53	8	16	9	44	82	80	97	76	35	39	95	68	69	61	5	95	15	87	52	43	85	64	74	82	19	9	96	64	86	64	42	21	43	62	88	14	73	18	75	87	81	36	11	58	77	84	15	56	84	44	11	13	70	16	7	49	36	74	24	57	62	25	51	12	89	77	51	15	33	22	94	65	92	22	5	62	31	13	70	10	96	65	61	38	33	15	75	3	47	33	77	73	83	78	6	69	72	98	34	53	56	72	12	68	41	93	44	59	35	34	8	99	73	89	64	99	18	26	72	90	90	98	6	6	7	78	25	75	80	75	3	25	51	58	83	42	69	50	40	8	54	18	87	29	38	50	32	91	49	34	47	99	27	71	80	13	36	38	91	28	51	80	65	73	38	74	75	29	5	3	40	43	57	85	92	1	66	9	7	15	66	86	74	81	64	47	41	50	5	8	44	87	30	95	85	74	8	52	37	92	47	22	5	3	70	29	24	82	24	25	65	80	68	27	82	8	44	18	98	86	86	97	86	76	44	8	62	15	66	58	5	100	11	60	90	42	65	18	79	45	10	97	41	85	58	90	86	19	6	10	84	73	72	28	72	87	34	50	17	57	47	13	58	17	83	81	31	30	58	94	49	71	25	12	73	15	36	86	42	23	65	15	60	52	24	65	95	58	78	97	63	42	5	16	68	77	96	30	13	76	57	17	27	56	12	78	69	6	32	76	53	6	37	47	91	99	41	69	9	15	61	34	65	25	33	74	24	95	36	60	32	31	93	95	43	30	76	28	88	57	98	5	58	7	8	60	80	44	61	52	48	79	54	77	16	66	87	55	5	85	59	21	39	91	17	53	97	34	10	13	34	87	77	87	52	36	1	82	71	74	75	20	95	73	53	33	34	39	88	63	51	90	51	71	91	37	19	35	65	39	5	24	19	71	31	100	92	15	47	74	49	78	51	66	85	58	62	62	77	33	8	1	95	84	73	84	49	90	78	51	13	99	83	79	11	21	34	27	6	69	18	23	77	37	80	83	68	2	22	82	59	68	5	81	91	60	89	6	5	80	93	99	54	98	69	48	39	46	54	25	30	24	75	71	24	85	86	81	69	52	47	54	29	74	77	2	92	23	98	52	65	31	10	26	8	57	50	18	76	70	7	22	9	92	86	16	72	21	36	96	93	55	83	93	76	16	77	18	13	93	18	30	55	97	68	16	91	81	49	89	25	11	11	43	50	12	44	28	35	70	39	73	29	55	98	95	75	82	66	98	87	6	66	15	100	77	70	54	6	91	87	66	66	57	89	36	92	12	58	91	65	70	68	91	34	29	11	61	16	18	38	17	37	52	76	29	70	56	46	44	79	78	41	86	33	63	61	37	96	25	7	29	67	11	15	60	80	4	8	78	71	39	99	35	5	5	94	66	72	57	76	82	77	48	71	78	75	11	16	69	43	22	7	54	26	83	29	40	87	38	47	95	13	75	24	39	44	17	90	53	11	18	20	19	61	39	73	80	81	45	32	69	6	45	6	42	58	97	80	18	35	27	89	13	22	75	63	49	27	58	47	20	38	42	3	18	68	40	98	14	53	60	81	29	12	90	79	66	16	64	93	77	17	57	41	43	67	55	16	49	60	32	13	13	60
