pij																																																																																																																																																																																																																																																																																																																																																																																																																																																																																																																																																																																																																																																																																																																																																																																																																															
73	75	71	71	69	73	72	76	73	74	77	74	74	70	72	68	72	74	71	71	74	73	74	76	71	69	74	71	78	77	74	73	73	75	69	73	72	72	77	69	77	70	76	72	70	76	75	70	70	74	68	70	69	76	71	72	78	77	73	76	76	74	77	76	69	71	78	75	76	71	71	73	71	68	75	74	74	73	74	71	70	69	69	70	74	71	68	78	69	72	70	76	75	72	72	76	69	78	69	69	77	74	74	75	70	71	77	76	68	75	75	75	69	72	70	71	77	72	72	71	71	75	75	69	78	69	75	77	74	75	75	75	73	74	68	71	70	76	69	71	74	77	69	77	73	75	70	72	74	71	78	71	68	72	69	69	77	70	77	76	74	70	77	74	75	70	74	76	76	69	75	68	72	75	69	78	74	72	71	78	73	70	70	69	71	72	77	77	68	76	73	74	73	71	78	77	69	78	74	78	78	71	73	77	72	76	75	77	76	70	78	70	77	76	76	69	70	74	70	74	70	77	68	71	68	69	76	75	78	68	75	68	76	75	68	69	70	68	71	74	73	69	73	75	68	77	73	71	70	73	70	76	72	78	73	68	71	78	72	77	73	68	71	69	72	74	69	74	73	74	77	71	78	72	68	68	77	69	71	72	69	72	74	68	74	72	78	78	69	75	68	74	71	73	74	72	74	68	71	72	71	75	78	71	69	73	76	68	71	74	68	71	69	71	74	77	69	77	71	76	74	71	74	75	76	76	76	70	75	74	75	69	77	69	74	73	74	68	71	76	73	69	71	70	77	71	76	74	70	76	73	72	70	77	77	73	75	69	73	75	74	77	72	76	72	78	70	70	76	77	77	73	70	71	71	68	77	69	73	76	78	75	69	72	68	68	69	76	73	73	77	78	69	73	72	77	76	75	68	74	70	77	76	77	69	68	71	76	74	69	68	74	78	78	72	72	77	70	71	75	71	75	70	70	70	75	74	74	73	74	69	68	76	70	77	70	75	70	75	71	69	75	72	74	71	71	78	74	71	76	69	74	69	71	76	68	69	75	71	71	75	73	72	78	73	76	71	68	74	75	70	70	73	76	69	69	73	75	76	76	74	73	74	72	73	72	72	71	69	72	73	70	76	71	75	77	71	71	76	73	76	75	74	69	72	73	74	68	71	68	75	74	77	78	72	77	69	69	74	77	74	69	75	68	76	73	77	69	77	73	73	74	76	76	75	77	72	68	73	72	70	70	75	73	68	70	71	71	76	74	73	68	78	69	75	71	75	76	76	75	72	72	75	71	74	76	70	68	77	69	78	73	78	77	78	74	68	78	68	77	77	76	69	77	70	73	69	70	70	75	76	77	72	74	69	74	76	71	73	73	75	71	69	74	70	77	69	72	78	69	72	69	73	70	70	72	72	73	76	76	72	70	71	72	70	78	76	78	74	72	73	74	74	71	74	74	70	72	74	75	74	70	73	77	78	75	70	75	68	76	76	76	73	68	74	69	74	76	71	74	69	69	74	69	74	74	75	78	73	73	76	75	73	77	68	76	72	73	74	70	77	77	76	70	69	70	72	68	69	73	72	70	75	76	75	68	71	78	73	74	78	69	73	77	76	68	76	70	70	74	68	70	74	68	74	76	75	74	70	76	73	74	76	73	75	72	69	72	74	75	73	74	78	75	78	73	69	75	73	72	78	71	73	76	70	69	74	78	69	71	71	72	73	71	74	77	71	72	72	74	76	73	77	70	75	70	70	77	75	74	70	74	69	69	72	72	76	78	74	68	71	69	69	71	77	68	72	70	73	77	72	74	69	72	74	69	69	72	68	74
74	71	77	72	77	77	77	78	79	73	69	77	70	71	74	76	73	77	78	70	75	69	71	76	71	72	79	75	74	73	78	70	74	72	70	73	76	77	78	77	75	75	73	77	73	71	75	72	74	70	73	70	74	71	72	75	72	73	75	71	75	73	72	71	71	78	72	74	77	76	72	73	75	70	79	69	70	73	75	74	71	78	76	72	69	70	75	78	74	75	78	78	72	79	72	77	78	71	74	76	75	70	77	76	71	74	70	77	77	74	73	71	71	78	79	75	72	72	78	77	74	72	73	78	78	79	74	71	75	70	73	71	72	76	73	72	72	74	70	79	70	77	72	78	71	77	73	75	74	71	75	79	71	73	76	79	74	77	73	73	70	76	79	70	75	70	78	70	73	75	73	70	78	77	74	71	77	73	75	74	78	73	77	73	75	74	73	70	69	76	75	74	72	75	70	74	77	70	75	75	77	76	73	70	78	77	77	72	69	70	76	72	70	71	71	78	70	70	70	76	75	74	71	76	74	70	76	79	72	78	72	69	71	72	79	78	76	71	75	70	79	79	71	76	76	75	74	72	72	70	79	72	73	70	78	75	70	75	75	71	70	79	78	78	78	70	78	70	71	70	78	78	72	70	78	75	72	76	75	77	76	75	73	78	75	72	71	73	73	71	76	76	78	73	77	70	74	73	75	69	74	78	74	74	72	75	73	76	70	79	78	74	76	79	75	79	70	73	75	76	76	75	69	74	75	78	74	75	73	79	77	78	74	70	70	76	73	69	70	75	77	77	72	75	78	72	77	75	77	71	73	75	69	70	77	76	78	72	71	72	72	69	79	71	70	79	74	78	79	71	78	75	75	69	72	74	70	70	72	74	71	73	73	71	76	76	72	78	77	77	70	76	78	70	73	77	69	73	78	72	74	73	78	78	78	78	69	71	73	71	73	72	70	71	70	73	75	74	78	70	75	75	75	72	79	78	71	69	71	77	79	70	72	71	71	76	73	77	74	73	77	78	75	76	74	78	76	78	70	74	70	75	72	77	77	78	73	77	76	73	73	74	74	71	79	75	70	70	73	69	76	77	70	72	70	70	75	73	72	70	72	77	71	75	69	77	78	74	75	73	74	78	77	73	74	76	75	74	77	75	74	70	77	70	73	74	78	77	70	73	73	74	77	79	69	74	74	79	78	73	71	73	77	72	71	74	77	75	77	71	78	78	70	77	75	75	72	76	74	69	73	73	70	78	73	73	71	70	77	75	74	73	69	73	75	71	70	78	74	71	78	69	73	76	72	78	75	70	79	74	75	70	71	73	70	76	70	75	71	79	73	73	77	74	75	71	69	73	78	75	79	77	76	75	70	76	71	78	74	76	76	75	73	70	69	77	78	73	70	70	77	77	74	72	71	75	78	71	75	72	74	73	75	75	72	70	76	78	77	75	70	73	76	78	73	77	74	76	73	77	70	72	77	76	75	75	72	73	73	69	78	78	78	78	70	72	77	75	69	72	71	78	75	75	71	77	78	78	77	73	72	78	71	72	69	73	69	69	72	71	78	77	75	69	70	69	70	75	71	73	77	77	72	72	78	73	79	78	70	75	77	74	74	74	76	78	78	78	72	73	73	72	74	72	76	75	74	79	75	76	73	72	75	71	72	71	72	70	74	73	75	71	72	69	72	77	79	71	78	73	76	76	75	71	76	75	75	74	75	72	78	77	70	77	72	72	69	77	74	75	78	73	76	74	70	73	72	76	72	74	78	70	77	69	77	77	71	69	73	73	78	70	71	74	74	70	72	75	78	79	77	74	74	74	78	70	79	75	75	76
72	74	72	65	69	73	69	67	74	67	73	72	70	69	70	67	69	66	67	69	68	66	64	72	70	73	66	73	65	66	64	68	71	68	73	73	74	71	74	67	65	73	66	68	64	66	67	64	71	70	72	66	74	74	67	71	65	66	71	71	66	71	66	72	67	66	68	66	68	74	71	67	73	67	73	69	70	67	69	71	74	73	71	73	70	64	64	74	65	67	64	73	73	72	72	66	70	66	70	74	69	65	66	68	73	67	65	66	64	71	68	68	70	65	71	64	68	71	74	64	68	65	69	71	67	69	68	67	70	71	72	71	65	71	65	72	70	74	64	68	73	65	66	65	69	67	69	65	66	67	68	66	68	69	68	71	68	68	66	69	69	65	68	65	66	66	70	71	73	73	69	69	73	72	74	68	65	71	67	68	68	71	67	67	67	67	65	70	71	70	66	65	67	72	71	64	67	70	65	66	68	66	69	72	71	65	71	73	72	71	70	72	67	71	71	64	70	70	65	70	65	67	70	65	65	66	66	66	73	70	70	68	67	67	68	66	67	73	71	72	65	74	72	72	67	70	69	64	73	68	65	72	69	69	69	67	71	68	64	71	68	65	65	65	72	69	74	64	71	66	70	70	73	64	72	72	70	71	65	71	71	69	72	70	71	65	67	67	71	66	66	66	69	66	74	64	65	69	70	69	68	74	64	71	73	66	73	72	68	74	71	66	71	71	71	69	64	68	70	71	74	67	72	70	73	72	66	64	72	69	73	70	73	74	69	71	64	70	69	66	65	65	64	72	70	68	69	72	73	66	71	73	67	72	69	71	74	74	70	69	65	70	70	73	67	67	68	73	68	67	68	65	71	66	73	69	72	68	70	69	65	74	70	69	65	73	66	65	64	74	67	69	71	64	70	66	72	71	66	65	72	71	65	67	66	73	65	72	67	72	72	67	69	70	67	70	66	68	72	68	66	69	66	73	69	73	64	66	71	73	66	71	74	70	71	72	71	68	70	73	71	74	68	73	65	73	69	73	64	74	72	67	74	65	67	70	67	72	68	73	73	66	73	70	69	68	65	68	68	70	65	74	68	69	71	74	69	71	65	68	69	68	74	69	66	73	69	67	69	66	66	68	70	68	70	67	66	73	73	72	65	67	70	68	69	67	65	66	67	72	69	65	73	72	70	68	72	68	68	66	70	70	68	67	71	74	71	66	71	64	69	69	68	73	66	70	74	68	67	69	72	73	72	66	70	71	68	67	72	68	65	66	71	66	66	72	68	67	72	65	72	74	74	66	72	68	68	66	67	65	72	72	66	65	65	65	66	70	65	65	73	73	74	64	72	71	73	72	67	69	65	70	70	71	74	70	68	73	72	71	65	67	65	72	67	74	68	74	72	73	68	71	66	69	73	70	68	65	69	66	74	72	72	65	64	74	68	66	72	69	68	65	72	64	73	68	73	73	69	69	72	67	69	68	68	69	73	71	70	69	65	67	68	70	67	70	68	66	67	71	64	72	64	64	68	65	71	66	67	70	65	65	70	67	70	64	68	68	65	67	67	65	64	71	67	67	73	65	66	72	73	64	64	67	71	72	73	71	71	65	66	70	73	70	67	70	66	69	74	68	69	73	72	74	70	69	72	73	73	65	67	65	70	66	73	70	67	71	72	65	67	70	72	68	68	71	69	73	68	69	69	72	70	74	64	73	73	68	68	72	67	65	68	66	68	68	72	73	68	74	69	67	64	66	66	69	71	68	64	72	70	71	66	72	70	64	66	64	69	73	72	64	71	64	69	71	73	67	69	67	71	72	72	69	66	64	69	72	71	69
53	51	53	48	51	53	49	50	49	50	50	53	51	55	55	54	49	52	49	57	56	53	50	52	51	48	53	52	57	50	57	53	50	51	49	57	55	51	52	55	57	51	58	57	58	53	52	54	49	56	50	50	50	57	57	54	53	57	52	52	56	51	51	55	57	53	56	56	53	57	53	52	55	55	50	57	57	49	53	53	54	51	57	56	57	55	53	54	55	53	50	54	54	51	51	56	55	51	51	54	54	56	50	49	49	49	55	51	56	52	51	49	53	53	58	57	51	52	54	53	52	53	56	51	52	50	52	48	50	54	48	50	49	50	52	52	55	56	56	48	50	48	52	49	51	55	52	52	58	54	57	56	55	57	57	57	51	56	57	54	52	52	50	56	58	50	52	54	56	54	54	51	56	50	49	54	48	54	52	54	57	52	54	53	54	48	58	52	49	57	48	58	49	49	49	58	58	49	51	49	49	53	52	49	54	55	51	53	51	52	50	54	50	52	54	53	53	54	54	58	54	48	57	52	55	55	49	56	53	54	52	52	56	57	53	57	57	57	48	53	57	56	50	55	51	55	57	56	49	56	48	53	56	51	57	57	54	57	53	58	53	54	53	53	57	54	56	55	57	50	50	57	48	56	55	56	52	58	55	57	51	54	57	54	49	54	51	57	51	55	55	49	54	50	50	54	55	50	53	54	49	57	54	49	57	56	51	51	53	54	57	56	58	51	50	50	55	57	52	56	49	56	51	52	51	55	53	51	50	51	48	52	57	58	50	48	58	50	50	51	54	51	55	51	52	49	48	56	57	55	56	56	53	53	58	51	55	52	50	50	56	58	51	55	53	52	49	49	49	56	52	50	56	54	54	50	50	49	52	54	56	56	53	58	55	50	55	52	52	56	57	56	54	58	54	48	54	53	52	56	55	57	49	49	56	50	48	49	52	53	53	48	54	53	54	52	50	52	51	54	55	49	49	50	48	53	53	56	53	50	50	55	56	56	58	56	52	58	55	50	49	54	55	48	49	58	55	57	53	48	56	51	56	56	53	57	56	51	53	56	54	48	50	49	58	51	57	53	54	56	50	53	58	49	51	55	48	49	56	55	49	54	50	55	48	52	55	55	52	56	55	56	56	49	49	52	56	52	50	54	56	53	52	52	54	52	58	57	53	57	49	52	54	54	53	57	49	51	50	55	52	51	53	52	49	48	52	55	50	58	57	54	50	52	54	55	52	56	53	58	55	55	51	50	53	52	57	49	58	50	56	56	53	55	51	56	52	55	49	53	54	53	52	57	53	58	51	52	56	53	49	49	55	57	56	50	53	48	51	53	51	54	53	57	48	57	57	49	52	48	53	57	54	51	55	49	50	50	49	57	55	55	53	48	49	56	56	48	58	52	56	48	50	57	50	48	57	52	55	58	52	49	48	50	51	52	56	57	54	53	55	56	58	54	53	52	49	52	54	55	53	54	52	57	49	52	53	56	58	48	53	48	56	53	53	48	56	58	55	48	56	56	56	52	49	54	55	54	49	56	51	56	55	55	48	54	58	58	56	55	57	50	50	53	52	56	48	50	49	57	54	53	53	54	51	49	50	51	53	54	53	57	57	52	56	54	50	51	54	58	49	53	55	49	51	50	54	54	52	52	55	58	50	53	56	50	49	50	48	54	55	55	53	49	52	49	49	48	51	50	53	49	50	51	56	52	53	58	56	54	53	49	57	58	58	52	51	52	52	58	58	54	55	50	52	57	50	56	57	52	57	54	53	56	56	58	56	57	55	57	58	54	52	56	57	50	55	49	57	53	52	51	54	50	55	58	50	56	51	55
92	88	91	85	90	91	91	91	92	91	84	87	91	94	86	92	93	94	91	90	84	88	85	93	86	89	86	84	93	92	93	92	84	90	85	85	93	90	93	92	87	90	87	85	87	90	89	94	92	85	93	93	86	87	93	91	89	89	88	89	86	93	93	87	90	94	88	91	85	93	90	88	85	85	93	92	86	89	85	92	84	87	91	94	85	86	91	85	91	92	89	89	85	87	88	85	87	87	87	86	89	93	85	90	88	87	88	92	88	86	88	88	93	91	86	89	89	88	88	89	84	88	87	86	86	87	88	93	85	90	91	94	93	91	93	86	91	91	89	89	91	89	90	90	90	93	92	85	90	90	85	88	88	91	86	93	86	93	86	86	87	84	92	91	84	93	90	90	89	86	84	88	86	86	89	91	91	92	94	90	92	86	91	86	86	89	90	94	85	85	89	88	93	88	91	91	88	91	87	87	93	86	90	87	94	84	86	90	90	91	93	89	93	86	93	88	90	93	85	89	94	92	90	86	86	90	89	93	90	91	88	84	91	90	91	93	89	86	94	89	90	93	89	85	88	87	91	94	87	92	85	85	86	93	84	87	87	89	87	87	85	92	89	91	92	89	90	87	91	92	85	93	89	91	94	90	93	93	92	86	92	91	86	89	89	85	85	87	93	86	91	88	88	93	86	87	90	85	94	90	87	89	90	89	93	92	93	90	84	91	87	91	86	88	85	92	85	92	91	90	88	87	85	84	89	88	86	93	91	86	92	89	90	94	87	93	92	84	90	85	88	89	85	85	89	90	92	85	85	84	91	87	91	85	88	87	93	92	90	90	84	90	89	91	87	91	91	85	89	85	87	90	94	90	86	86	94	84	93	87	94	86	93	87	92	88	91	87	90	86	88	85	88	92	88	86	90	91	90	92	86	85	89	94	90	88	88	87	93	92	85	85	87	85	85	89	84	89	93	86	85	94	93	89	93	93	86	91	90	87	91	89	94	88	85	85	86	87	86	92	85	88	86	86	92	88	89	93	88	84	90	92	88	89	87	86	93	93	86	89	94	87	92	89	86	89	86	94	86	94	93	87	89	91	88	87	93	85	91	90	91	93	93	92	89	85	93	85	91	85	84	85	92	87	90	91	92	92	87	93	84	84	89	86	91	91	89	91	92	85	86	92	85	87	88	94	94	94	85	90	93	88	86	89	88	94	87	88	88	88	90	93	93	93	87	91	84	88	87	87	88	91	94	91	88	92	90	87	88	88	90	92	94	88	88	92	87	85	88	91	90	92	86	93	91	93	93	91	89	85	88	87	88	88	84	87	85	88	85	88	86	88	92	89	87	92	94	84	94	94	88	93	92	86	89	87	85	87	86	89	92	89	88	88	89	90	87	84	94	93	87	85	88	87	84	89	93	86	89	92	84	87	85	89	85	85	91	90	85	91	91	92	86	89	94	91	92	93	93	90	89	93	87	94	87	89	93	89	91	94	86	86	91	88	92	86	87	88	85	94	87	93	93	85	86	92	89	91	91	84	88	89	88	87	90	85	88	87	91	89	93	90	93	91	87	89	92	87	90	87	86	91	94	85	91	93	93	87	93	90	86	86	85	93	87	88	84	93	86	89	85	89	91	90	90	93	85	87	92	85	91	90	90	89	85	91	89	86	85	88	93	92	88	89	87	87	87	90	85	86	93	87	90	93	92	93	93	90	91	84	85	89	88	85	85	85	88	91	94	85	89	93	84	86	86	93	89	90	90	88	89	85	93	87	93	86	90	85	86	86	85	93	87	87	92	92	89	93	86	90	84	89	93	87	89	86	91	88	85	86
53	50	48	56	48	54	49	53	55	47	50	53	52	55	54	52	49	55	53	52	53	51	51	51	51	48	55	53	52	51	52	50	49	56	51	55	56	52	47	47	51	51	53	56	56	51	48	52	57	55	53	50	56	52	56	50	47	51	56	56	48	56	53	56	53	48	52	52	51	52	57	49	54	48	57	52	53	52	51	49	48	48	49	53	54	54	54	54	53	57	54	49	48	48	56	54	53	49	56	49	48	55	49	52	56	50	56	54	51	54	55	54	53	54	51	51	57	51	56	55	50	52	54	49	57	49	54	54	48	49	48	53	48	53	51	50	53	55	53	53	55	51	50	52	50	53	50	51	51	56	50	55	52	51	54	48	50	47	49	54	55	47	54	57	55	51	48	48	48	52	48	54	51	52	55	52	54	52	47	55	49	51	52	55	57	53	57	54	53	54	56	51	47	50	51	53	55	54	48	49	48	51	53	51	52	53	48	51	56	50	57	53	51	53	57	53	53	56	54	49	51	55	55	53	50	51	48	48	48	49	47	51	54	49	49	49	49	53	55	55	56	48	50	49	54	52	48	53	55	48	55	54	57	51	51	57	48	56	48	53	48	48	53	56	49	51	54	51	47	49	54	55	48	50	48	54	47	56	55	54	48	55	56	53	55	56	50	50	57	48	53	48	51	48	53	49	49	51	51	53	49	50	47	55	51	52	51	53	54	54	51	54	55	50	57	50	56	53	52	53	53	54	52	53	55	56	50	54	47	56	51	48	50	50	54	56	49	51	54	51	52	51	56	55	49	53	49	53	50	49	56	51	51	48	47	55	51	49	50	54	48	49	52	54	55	47	54	47	54	49	52	49	53	49	48	56	51	55	54	54	49	53	55	52	52	55	55	54	56	51	51	55	47	51	56	52	51	57	49	57	57	54	48	52	48	52	49	52	53	48	57	56	49	47	54	52	52	49	54	51	49	50	54	55	48	49	53	54	52	53	53	51	56	55	54	49	56	54	49	50	53	56	49	53	50	49	57	50	52	56	53	49	49	55	49	55	55	55	55	53	55	52	52	49	56	53	52	55	51	51	55	50	47	53	49	48	55	49	52	51	48	55	53	48	49	48	50	48	48	55	57	53	49	53	51	53	56	56	52	48	50	47	54	57	48	56	53	49	50	50	56	50	53	53	54	56	57	51	51	52	53	56	52	50	56	50	50	56	53	50	51	47	55	56	53	55	54	49	49	51	56	48	49	51	49	50	50	53	48	50	54	54	50	55	49	53	49	50	54	53	48	49	48	49	57	53	49	53	52	50	52	49	50	54	55	52	49	54	47	53	54	47	54	57	49	55	50	50	52	49	48	47	57	52	52	53	54	49	49	56	51	49	54	51	47	53	49	50	49	48	48	54	49	56	53	51	53	50	47	53	55	49	49	56	56	50	53	53	54	48	56	52	55	51	56	57	56	48	51	54	54	50	50	47	51	48	53	51	56	55	53	48	51	49	50	47	55	56	48	52	50	52	50	55	56	50	54	50	50	57	50	50	56	50	50	56	51	52	51	52	48	51	54	48	55	56	47	51	52	50	52	56	49	48	54	54	51	57	54	52	55	54	57	53	51	49	50	49	57	57	54	56	50	54	53	55	47	55	49	49	56	57	52	49	50	56	57	48	53	48	54	57	51	51	48	52	53	48	47	53	50	49	52	51	47	47	56	47	53	49	50	55	53	53	55	53	56	56	49	55	50	51	47	55	52	49	48	51	52	56	52	48	56	48	57	56	56	54	50	56	54	49	55	48	47	52	48	50	56	49	56	51	47	50	51	54	53	52	51	56
16	14	15	9	18	14	10	13	16	18	14	14	8	17	10	11	10	8	14	14	14	17	14	12	18	13	9	16	11	14	17	18	16	17	18	14	15	15	14	9	15	14	17	11	16	12	10	13	9	10	8	16	16	10	12	12	13	13	14	16	8	17	8	15	14	13	9	12	15	17	9	8	16	14	15	15	17	11	14	11	15	15	10	8	12	15	11	18	11	12	17	11	16	14	11	13	9	15	12	15	17	11	17	12	10	8	10	10	8	15	12	15	10	14	10	10	16	16	16	10	10	17	16	10	17	17	13	13	12	17	14	16	9	12	15	10	11	18	18	18	14	17	12	15	15	12	13	9	17	18	12	13	17	13	13	12	11	16	8	9	11	9	9	14	14	12	8	12	16	16	9	11	11	10	13	16	15	11	16	8	16	15	8	15	14	14	12	15	14	9	12	15	14	13	11	9	10	16	14	14	11	9	8	13	12	9	15	14	14	17	11	12	12	11	14	13	17	17	10	15	18	17	10	14	10	18	10	11	11	16	17	18	18	8	15	15	17	15	12	11	13	8	13	16	11	18	9	11	9	10	9	12	10	17	18	18	14	13	14	16	18	9	15	18	15	18	10	13	12	18	10	15	15	11	12	8	17	18	8	8	17	12	12	15	13	10	11	15	13	17	10	17	11	17	13	15	15	15	13	16	15	15	13	10	18	9	15	16	15	13	13	17	10	14	16	15	14	9	18	10	11	16	11	17	10	16	11	14	17	16	11	10	17	12	14	15	13	12	15	10	12	13	17	9	12	12	9	17	11	13	11	11	9	17	8	10	14	10	13	17	16	12	17	13	16	11	18	8	10	17	18	11	11	8	10	16	12	13	14	11	18	11	17	11	15	11	8	11	9	17	12	13	18	14	13	15	15	9	18	10	10	8	10	13	16	11	14	8	16	15	15	12	8	12	11	13	10	10	16	17	14	17	9	16	10	15	15	14	15	9	15	11	9	13	17	18	8	17	11	16	16	11	13	11	17	12	12	13	17	14	15	15	9	16	17	9	17	12	16	12	14	14	12	14	12	9	14	18	17	12	13	10	16	14	9	13	13	17	12	16	11	16	15	15	15	11	11	11	17	11	17	12	13	8	13	10	8	11	13	14	14	11	12	13	10	16	13	18	12	12	17	13	11	10	15	13	12	10	8	14	17	13	13	12	13	12	12	11	17	11	15	15	15	12	10	17	12	9	15	11	11	13	13	15	12	15	8	15	17	9	14	11	11	13	15	18	16	13	16	15	18	16	18	12	16	13	13	13	16	14	13	16	14	13	8	16	18	16	9	17	13	11	10	11	14	12	18	15	18	13	15	15	16	15	13	8	11	17	12	13	11	16	18	13	14	15	9	10	12	9	14	8	11	13	12	16	15	15	14	17	16	17	11	12	9	15	12	18	12	9	15	14	15	15	14	8	13	9	17	14	18	10	9	14	15	17	11	12	12	14	12	9	17	11	9	11	17	15	14	14	10	14	12	14	16	9	13	16	11	9	13	14	17	9	17	10	12	13	11	17	11	10	12	12	13	11	17	16	14	15	10	11	10	8	9	15	14	11	11	11	14	15	13	11	17	11	13	15	13	8	15	12	17	10	17	10	17	18	12	12	9	15	12	18	10	15	12	11	15	15	13	11	16	8	17	11	14	12	16	11	11	14	13	12	10	14	10	14	16	10	13	13	17	12	16	14	16	18	12	11	9	16	9	11	15	15	13	14	17	13	13	8	9	13	14	12	11	16	9	15	8	13	11	13	16	12	15	10	16	12	12	13	17	18	9	14	10	17	12	17
68	69	71	67	75	74	75	71	77	75	72	68	68	73	76	67	75	73	67	75	70	73	67	67	70	70	76	69	71	69	76	70	73	70	76	73	73	75	71	73	76	76	67	71	70	70	70	74	69	76	68	70	70	72	72	68	76	72	74	68	77	71	73	77	67	70	69	77	69	74	71	71	75	72	69	73	71	74	68	75	68	75	69	76	74	71	67	72	73	73	74	71	70	70	72	75	74	68	70	76	72	77	73	73	76	73	71	71	74	71	72	71	74	73	72	68	77	70	69	71	71	68	77	76	70	73	68	68	69	68	69	74	76	73	72	71	75	71	72	76	71	71	71	72	68	69	72	74	75	72	73	76	71	69	72	74	74	68	69	70	74	69	74	75	72	77	75	75	74	69	71	76	74	75	76	71	74	77	69	77	71	77	73	75	71	68	73	71	77	73	73	76	77	76	69	70	72	70	69	70	68	75	75	69	75	75	67	69	69	67	71	76	67	74	74	76	72	70	71	74	68	74	74	68	73	75	73	68	74	70	69	77	73	70	69	74	70	67	76	75	75	70	73	70	76	73	75	73	73	73	74	73	70	72	68	73	73	73	72	71	75	70	68	70	76	75	76	72	71	70	71	68	71	76	74	72	71	71	68	74	76	68	75	69	76	67	74	75	74	72	71	69	69	73	75	69	72	77	71	77	68	73	75	70	70	76	73	68	73	74	69	75	67	67	77	72	68	68	69	72	70	68	73	74	77	71	73	74	76	68	74	73	68	70	77	72	68	76	74	71	74	75	71	75	72	73	77	70	76	75	75	74	68	69	74	77	75	77	74	76	69	70	71	68	71	74	76	69	77	76	76	67	69	69	71	71	73	71	71	76	71	67	69	69	74	70	68	68	77	68	68	70	72	72	74	74	73	76	75	77	67	74	72	72	68	73	72	71	74	76	72	69	67	75	73	67	73	69	70	74	70	75	68	74	70	74	68	73	69	70	70	76	77	74	69	69	74	74	77	77	67	70	74	74	67	67	76	72	77	71	70	73	75	69	70	75	76	71	69	70	74	76	76	75	72	75	68	69	70	71	70	68	73	75	73	75	72	71	73	75	76	73	75	72	75	71	75	69	72	70	76	74	74	74	74	70	72	68	72	76	70	76	75	71	73	70	70	76	70	75	68	75	77	71	76	75	75	71	68	67	69	74	69	74	72	71	68	68	77	75	73	67	72	68	72	72	74	74	68	73	69	72	70	76	71	74	74	75	67	70	75	75	69	71	68	68	72	76	72	77	74	74	70	69	68	72	69	74	69	70	77	71	73	67	72	68	76	71	74	75	69	75	76	77	70	72	75	74	74	74	70	75	70	76	71	71	69	69	72	71	69	68	68	77	68	67	75	70	73	68	72	76	74	70	76	69	76	75	69	75	74	71	74	74	70	74	75	75	71	75	76	72	69	74	68	69	72	74	75	76	76	67	68	73	68	70	71	75	69	71	70	75	68	76	74	74	74	72	67	74	75	72	68	73	67	70	74	72	74	74	68	72	77	74	71	71	70	72	75	71	67	74	75	70	70	72	68	74	73	72	71	73	75	69	67	68	68	69	71	74	70	68	70	75	74	75	76	72	70	70	70	71	67	74	76	68	70	69	72	73	77	72	75	69	72	71	70	71	72	71	76	73	76	73	71	77	72	71	67	73	74	72	76	76	71	68	74	76	75	76	71	72	68	70	71	70	74	74	67	68	74	72	71	75	68	73	68	76	72	69	71	69	72	69	73	67	74	68	77	72	70	68	77	67	75	69	74	71	77	76	74	70	77	75	70	67	74	73	74	71
64	67	67	61	66	65	65	57	59	59	64	59	65	66	62	59	60	64	57	65	67	67	63	60	58	64	65	60	62	60	62	66	60	59	64	58	62	61	66	61	62	60	59	62	64	64	62	61	60	66	65	66	61	67	59	62	65	65	63	59	64	59	58	57	60	62	64	60	61	58	63	67	65	64	59	61	58	59	64	63	65	67	59	65	65	62	63	61	61	65	65	62	58	61	57	58	58	57	63	62	62	58	59	57	64	63	65	57	59	62	59	59	61	58	60	59	57	58	63	59	58	66	59	60	63	65	58	59	63	61	61	58	59	64	59	60	58	65	59	60	60	64	66	64	64	63	60	62	65	66	62	59	58	66	60	57	58	62	59	62	66	66	60	66	58	59	57	59	66	57	62	65	63	57	65	63	59	66	61	57	62	65	63	58	60	61	64	61	61	64	65	66	65	57	59	62	60	62	66	64	64	59	62	60	65	65	61	66	61	62	67	60	61	59	59	58	61	61	65	66	64	60	67	60	64	67	59	62	61	58	63	58	59	66	65	58	63	65	67	59	61	58	61	59	66	65	64	60	59	62	61	62	58	63	65	64	63	60	59	63	59	63	66	63	64	59	61	59	60	65	62	57	65	66	57	64	67	58	59	61	62	66	64	58	64	58	59	63	61	65	60	64	63	64	60	63	61	59	62	61	60	62	58	66	62	65	62	61	64	65	58	62	66	57	61	57	66	59	61	60	66	65	61	66	60	63	66	64	64	65	60	57	59	57	57	58	58	61	64	59	60	57	61	66	57	65	65	66	63	59	63	67	57	61	66	62	59	66	64	63	60	59	66	59	64	60	60	66	62	64	63	59	65	61	65	60	60	58	67	59	65	66	57	64	60	58	58	65	64	61	64	64	67	64	66	58	64	61	59	61	66	62	61	65	64	67	61	62	67	59	65	66	59	63	57	57	61	61	64	62	59	60	60	62	62	58	63	61	63	63	65	63	61	63	65	61	59	65	59	58	62	62	66	65	59	60	66	61	58	61	62	64	61	59	60	63	58	66	61	61	66	66	58	60	65	58	65	64	59	58	58	65	60	61	60	66	58	60	61	62	58	65	66	65	57	63	59	62	62	64	66	67	63	60	66	58	63	62	61	64	61	57	64	61	66	61	63	58	59	58	66	57	66	57	62	64	61	60	63	61	59	57	62	66	64	64	59	66	66	57	61	58	61	58	63	61	62	59	58	66	57	64	57	61	62	63	66	62	58	66	58	57	65	62	63	58	60	62	59	60	60	63	63	64	57	62	63	63	60	63	59	63	63	63	65	64	60	58	60	60	57	65	62	58	65	57	65	64	66	67	60	65	66	57	67	61	64	58	57	62	59	62	60	61	60	57	57	60	63	63	59	57	61	59	62	64	64	63	65	58	66	62	63	67	67	59	65	61	66	66	63	66	64	65	62	60	66	63	57	63	65	61	63	58	65	66	63	61	66	62	60	65	57	63	59	66	57	60	66	59	62	61	64	63	60	60	59	62	63	64	63	67	63	59	63	61	60	58	66	66	66	66	58	65	63	59	65	65	59	65	60	59	60	59	61	59	63	59	59	66	66	62	62	62	57	66	61	61	60	62	58	59	67	64	67	62	62	59	63	65	59	59	64	62	61	58	59	60	59	66	62	59	60	64	67	59	62	58	64	60	58	64	60	59	66	58	63	67	59	58	60	65	62	59	62	62	65	60	66	61	61	64	67	64	64	58	64	63	60	62	57	61	66	65	65	62	64	64	67	62	64	60	57	64	63	67	57	66	58	58	66	61	61	59	63	58	66	57	61	61
79	84	87	86	84	86	85	83	84	81	86	80	82	82	83	78	86	81	82	79	78	83	79	86	84	78	86	78	84	87	86	85	78	80	84	86	84	86	84	87	81	83	83	84	81	83	86	84	83	80	86	85	79	83	86	78	82	81	85	86	85	78	87	77	84	80	79	78	78	78	84	80	86	82	81	79	83	77	79	79	84	85	78	82	78	81	82	85	86	85	83	87	77	82	80	83	86	82	79	81	84	85	81	81	84	86	80	86	84	82	82	87	87	86	81	84	80	79	78	79	85	84	83	82	84	84	86	83	82	83	79	85	81	78	78	86	81	83	84	78	78	85	85	83	81	85	77	78	77	81	80	78	79	80	85	79	79	80	81	83	82	86	79	85	81	84	80	78	87	85	86	84	79	80	79	80	85	87	77	82	81	83	78	79	80	81	80	81	83	79	78	83	86	78	82	85	83	82	83	81	83	77	86	78	79	87	82	81	85	80	81	77	86	84	82	84	86	77	80	81	85	83	84	83	77	83	78	80	78	85	82	84	83	79	80	82	78	80	79	77	82	81	83	84	84	84	79	86	82	81	78	83	78	85	83	80	79	84	79	86	84	81	79	83	84	82	82	85	84	82	80	80	77	80	83	79	80	78	80	86	85	86	79	82	78	84	83	85	85	79	78	86	84	79	83	80	85	86	85	78	82	77	78	80	78	80	86	80	82	79	84	83	86	83	86	87	83	84	78	81	84	80	81	85	81	79	81	81	80	79	82	79	85	82	82	84	82	87	83	85	87	82	86	86	85	85	86	77	82	81	83	86	79	82	78	86	83	80	84	78	86	83	79	78	77	82	86	80	85	86	83	78	78	79	82	80	82	78	85	83	78	81	85	83	81	80	84	80	83	81	83	84	84	86	84	79	78	82	79	83	81	78	86	78	77	82	78	86	81	77	87	83	84	78	82	82	80	81	85	81	83	84	85	79	81	84	81	83	86	86	86	77	87	86	79	80	77	81	83	78	87	79	86	83	78	83	83	81	81	83	77	79	82	77	80	81	83	78	80	79	83	83	84	83	78	82	83	85	83	85	81	77	81	79	86	82	83	79	85	83	78	86	84	79	77	87	77	83	79	79	83	83	86	87	79	81	84	82	80	80	79	80	83	78	85	82	83	79	82	86	81	86	79	86	84	79	84	86	84	85	80	78	78	86	82	83	86	78	77	80	83	77	83	86	78	82	79	83	86	82	77	77	79	85	85	86	82	79	77	85	81	85	81	80	80	82	81	80	87	80	82	85	83	81	80	83	81	85	87	77	84	87	79	79	86	87	80	83	80	86	80	78	79	87	87	84	87	87	81	85	83	79	82	78	86	83	83	77	87	78	80	82	86	81	79	78	82	82	79	84	85	82	83	82	84	85	78	78	82	80	79	83	81	78	79	87	78	84	77	82	84	80	83	83	77	79	82	81	86	84	78	85	82	78	84	82	77	80	80	86	86	86	85	80	78	84	85	77	79	82	82	85	84	82	83	85	78	83	87	79	79	81	81	79	85	85	80	85	78	81	79	83	85	81	83	78	87	86	79	86	81	82	80	87	81	82	86	79	82	80	84	82	86	78	79	84	81	85	84	78	82	79	82	81	84	82	86	87	86	84	84	78	81	80	78	78	77	85	77	80	79	81	83	80	84	82	81	83	79	84	85	80	86	84	86	82	81	82	86	85	85	85	78	85	84	80	78	79	85	83	83	82	81	84	85	85	81	86	83	78	87	85	81	83	84	77	79	86	82	85	82	78	86	82	85	78	81	81	85	82	82	82	85	82	86	83	87	83	85	85
35	35	33	29	35	29	27	31	29	29	34	25	29	34	28	30	32	31	28	33	34	27	33	32	25	32	28	27	28	33	34	30	33	32	34	32	30	26	29	34	32	30	27	34	28	28	33	30	28	32	35	27	29	26	31	34	28	31	30	27	26	31	29	34	31	28	30	29	32	29	29	26	34	30	25	28	32	32	31	35	33	26	29	34	26	28	28	27	35	33	34	26	31	35	30	30	31	29	35	30	29	35	27	29	29	29	27	32	28	32	30	33	34	30	34	28	27	34	33	35	34	27	30	31	29	34	31	29	29	27	28	35	30	31	29	35	34	26	31	25	31	29	30	33	28	25	28	27	25	29	31	34	27	31	35	31	30	26	26	26	34	26	27	30	28	33	31	33	29	26	26	34	29	27	30	32	32	30	27	32	35	31	28	31	29	27	29	28	31	25	33	27	32	32	31	34	29	31	31	29	32	32	29	35	26	26	26	27	34	32	29	32	34	29	32	29	28	29	31	31	33	33	30	35	30	28	35	27	25	30	27	26	34	28	26	25	29	29	30	32	31	29	35	34	28	29	30	31	29	26	34	27	27	33	34	26	34	28	26	31	26	34	30	26	28	34	32	31	35	33	33	28	27	34	26	35	26	34	27	26	27	26	33	31	28	25	28	34	25	27	32	33	30	26	31	35	35	28	32	29	35	28	26	29	33	33	25	31	32	34	33	29	34	32	26	31	32	31	34	33	34	28	31	28	33	27	33	32	27	35	33	32	33	29	26	28	33	33	31	33	30	28	33	27	28	28	27	35	35	25	35	26	34	30	34	34	28	32	31	26	29	29	33	34	31	27	25	33	26	33	26	26	32	32	29	30	31	31	30	25	31	31	34	30	26	33	29	28	30	30	27	34	34	26	27	33	35	34	30	28	31	29	26	26	33	34	25	28	26	29	27	33	25	25	27	30	33	31	32	33	27	34	29	28	27	30	33	34	27	27	26	27	29	33	32	25	32	25	26	35	34	29	32	26	32	30	34	33	26	31	31	26	34	34	29	34	31	30	30	32	28	32	34	30	28	33	31	30	32	26	35	27	32	29	31	30	34	28	26	26	35	35	28	25	32	33	31	27	35	29	29	25	28	30	33	34	28	35	30	33	30	29	27	26	28	27	34	28	25	32	33	27	26	27	30	27	27	29	27	27	25	26	26	30	29	34	28	27	28	29	28	33	34	27	26	29	34	33	34	29	30	30	29	34	31	34	31	29	28	34	29	28	33	33	28	34	29	26	32	32	33	30	28	25	26	33	34	34	32	30	33	28	27	34	25	27	27	34	28	26	33	29	29	29	31	25	27	27	30	32	28	28	31	32	25	33	32	25	28	27	25	31	32	29	27	34	35	26	26	30	33	29	31	34	32	32	33	33	30	27	29	33	32	26	32	28	26	32	28	33	34	27	35	30	31	34	29	30	35	29	34	34	35	32	32	34	25	32	34	35	34	30	29	31	28	34	28	26	25	32	32	33	32	26	29	27	26	31	25	27	34	25	29	27	25	25	30	32	35	29	28	29	33	26	26	34	27	27	35	32	26	34	29	33	27	35	33	34	28	27	29	27	30	32	26	29	25	34	26	25	31	34	34	33	33	34	30	33	27	34	28	29	31	32	30	34	26	27	26	31	33	29	28	29	34	32	32	33	26	34	26	27	33	30	34	34	27	33	26	31	29	26	28	25	28	25	33	35	29	33	29	30	29	29	30	29	28	34	33	26	27	29	29	35	33	29	28	34	26	33	30	33	28	28	34	27	26	33	27	34	31	33	34	27	30	30	27	26	34	33
8	10	11	8	10	6	9	6	9	9	4	9	11	2	3	7	5	5	2	11	11	11	11	2	6	6	9	10	7	2	10	5	11	5	3	4	6	11	6	8	7	5	8	10	4	4	3	5	5	8	11	2	11	2	2	5	4	10	5	3	6	9	3	4	4	11	4	7	7	4	10	8	9	9	4	12	8	8	12	5	8	8	11	8	7	8	4	10	10	9	4	9	10	6	9	3	11	4	10	6	6	8	7	4	6	2	6	4	4	5	12	12	8	10	6	9	4	11	7	8	4	11	6	6	11	2	8	7	7	11	11	8	4	6	8	11	11	6	5	11	6	8	9	10	11	12	6	6	9	2	10	6	7	8	7	8	11	7	5	6	6	10	8	12	8	8	10	7	9	11	7	12	5	7	9	2	6	5	5	3	3	12	7	2	7	12	9	11	9	10	3	5	4	8	9	7	6	8	11	9	2	8	5	6	8	6	7	9	6	4	11	11	10	12	6	8	9	6	8	9	9	10	4	6	7	4	2	3	8	3	4	5	12	10	9	10	6	8	9	6	9	6	4	7	6	11	4	3	3	3	9	8	9	7	7	9	10	3	9	4	3	3	9	6	2	9	7	2	3	9	4	9	8	5	5	8	9	4	5	10	3	7	9	10	5	5	9	4	3	12	6	12	6	5	6	10	7	9	12	10	2	4	6	5	7	9	9	10	2	8	7	3	9	8	8	8	8	10	11	5	10	12	7	12	10	8	11	7	7	5	3	10	10	7	3	9	11	6	7	11	8	9	5	6	8	3	8	8	2	10	8	6	5	4	2	11	5	8	2	10	7	8	8	9	8	12	3	10	4	7	7	6	4	4	5	5	11	11	6	6	5	6	5	5	7	5	5	7	4	11	7	9	6	5	3	4	9	7	9	8	7	4	8	4	11	3	7	5	9	11	10	2	10	12	4	11	8	5	7	8	3	9	3	8	6	4	10	8	7	5	5	3	5	8	7	7	2	7	10	6	8	5	7	4	2	11	5	3	8	6	11	5	5	9	8	2	8	5	5	8	6	6	12	9	6	10	2	9	11	2	3	2	2	6	4	11	5	3	3	11	6	8	2	11	5	4	6	10	11	10	3	10	3	11	7	7	10	12	6	9	10	5	5	3	11	4	10	6	5	7	3	10	11	7	8	3	8	3	10	3	10	4	10	11	9	7	10	9	4	10	4	2	11	4	5	12	11	9	7	7	10	12	2	5	9	9	7	6	2	11	10	8	10	11	3	5	7	5	8	6	5	6	4	5	3	3	5	6	2	10	9	9	5	6	7	11	11	7	10	6	9	10	10	10	8	5	11	4	5	8	6	4	10	7	2	12	4	11	10	10	8	4	3	11	8	2	3	3	11	4	9	6	7	4	10	2	8	2	8	8	8	10	5	6	4	3	10	4	11	5	3	11	7	4	4	5	11	11	9	10	4	4	11	4	9	12	10	10	9	12	8	4	3	9	11	6	9	10	2	7	10	8	12	4	12	10	12	3	3	4	3	4	9	4	2	3	4	11	2	5	10	3	4	5	8	11	8	3	6	3	10	4	7	7	3	10	6	6	5	6	5	11	6	3	12	8	6	12	6	4	2	4	3	6	3	5	5	4	7	5	11	5	3	2	4	7	9	10	12	8	9	10	10	4	9	7	2	11	6	7	6	6	11	8	10	7	8	11	7	11	5	6	7	3	10	6	8	6	3	7	9	11	12	8	4	6	10	4	11	10	9	8	7	10	7	4	4	4	3	5	8	10	8	8	11	10	10	7	4	4	12	6	7	4	10	12	10	10	11	10
46	49	49	50	47	45	46	48	50	52	46	43	42	42	46	42	51	46	44	46	48	44	48	44	46	43	44	50	47	43	45	45	45	45	52	46	45	46	45	44	49	50	49	44	49	49	45	50	48	43	47	52	43	46	52	43	45	48	52	43	45	43	51	49	51	43	45	50	48	43	44	48	48	50	50	47	48	46	44	50	51	47	45	46	50	47	46	45	46	44	44	43	49	45	44	47	51	44	50	44	45	48	50	44	48	47	49	46	51	47	49	51	49	49	47	47	48	45	48	43	44	51	42	48	49	43	49	47	43	50	51	50	50	52	43	43	45	45	51	43	49	47	46	45	48	50	47	51	48	51	49	45	45	45	44	52	43	45	50	44	46	47	49	51	52	45	51	43	51	50	43	48	47	45	52	45	47	52	48	42	46	48	51	47	49	47	48	52	46	51	46	45	50	49	43	48	49	43	51	47	47	49	50	42	49	48	44	47	50	44	44	47	47	48	46	47	49	43	44	50	43	49	47	42	46	48	48	43	52	51	51	45	45	51	44	45	42	43	50	51	51	42	45	48	52	48	50	46	45	51	50	48	49	49	43	44	45	48	45	46	46	48	43	51	48	45	43	44	45	48	47	44	46	50	48	52	45	43	51	49	46	45	45	49	51	51	49	48	46	46	43	44	48	44	48	43	44	43	44	42	45	48	46	44	51	49	45	52	43	48	52	46	48	50	50	44	43	48	48	47	45	48	50	42	52	44	44	49	46	48	46	44	46	49	49	49	44	46	46	51	51	45	50	42	44	48	50	51	49	43	42	42	49	48	51	46	48	43	51	48	50	51	48	47	48	44	49	47	45	46	42	46	43	43	46	46	42	49	47	46	44	48	43	52	46	49	46	45	49	47	45	44	48	49	43	52	48	48	51	42	50	42	50	45	51	43	44	51	52	44	50	49	46	52	48	50	46	42	43	47	51	51	42	46	45	43	47	48	43	43	47	47	51	51	43	42	45	47	47	45	50	52	47	52	51	46	44	44	47	51	47	51	51	46	45	48	50	45	44	43	43	50	47	45	50	46	46	47	51	44	42	42	46	43	45	51	50	44	50	46	50	44	50	47	50	43	47	44	51	44	49	46	50	52	50	43	47	50	43	44	48	47	44	48	51	49	44	52	47	52	45	50	43	45	49	44	50	47	46	52	50	50	51	44	47	46	50	45	44	49	43	44	49	51	49	45	51	45	45	46	52	49	47	46	49	51	48	50	47	51	52	51	46	49	48	47	48	52	49	46	44	48	51	47	43	48	46	50	50	46	49	43	47	43	50	47	49	45	47	43	46	48	47	50	48	44	44	48	44	46	52	44	44	43	50	42	48	44	43	43	50	51	52	48	43	51	43	49	45	46	48	51	44	51	44	46	46	48	47	47	45	50	46	43	51	46	45	50	46	46	52	46	50	42	52	47	50	43	49	51	45	44	47	45	42	49	42	50	45	47	44	51	50	44	45	47	52	46	50	46	47	45	49	49	47	47	45	45	51	48	44	46	45	49	51	45	46	50	44	47	48	44	43	44	46	50	45	47	50	48	47	51	49	49	48	51	50	46	50	45	45	47	47	48	50	47	44	50	43	47	47	49	52	50	42	44	46	49	51	43	50	45	47	43	44	46	43	43	47	45	47	51	51	44	46	51	45	44	52	49	46	46	46	49	45	44	47	42	49	47	47	43	52	45	50	52	45	42	50	45	47	51	44	45	49	50	52	45	42	49	43	42	46	47	43	51	44	48	45	52	45	49	47	48	50	52	43	47	49	42	50	52	49	45	51	46	43	49	51	48
103	104	108	108	99	105	108	108	106	107	108	105	107	106	102	106	101	106	101	105	101	106	106	101	107	108	104	101	108	106	103	102	107	107	104	100	108	101	108	106	99	103	107	104	104	105	101	103	103	101	99	99	108	108	103	106	102	103	108	103	105	99	104	108	107	108	107	101	105	102	102	102	104	103	103	100	99	100	108	108	107	108	106	106	102	100	108	106	101	106	107	101	108	104	103	109	107	108	101	107	107	101	103	105	108	100	107	104	107	105	100	103	104	109	99	106	102	108	104	107	100	105	106	103	107	108	105	104	101	104	102	103	107	101	99	100	106	100	105	103	109	104	101	103	106	101	101	103	109	107	104	101	106	108	99	104	107	104	102	101	102	106	101	109	107	102	101	100	101	106	106	102	101	107	101	103	102	106	106	102	100	108	106	99	107	107	106	101	104	107	107	101	102	100	104	103	106	107	100	103	101	107	104	108	107	100	105	105	100	102	105	102	101	100	107	107	109	102	102	105	99	106	106	106	104	108	109	105	102	107	100	104	100	104	102	101	100	107	106	104	104	105	102	103	107	100	99	104	99	104	102	102	103	101	104	100	109	106	101	99	105	102	102	102	105	102	106	106	107	103	109	102	108	107	104	105	104	108	104	105	103	100	106	109	102	100	103	101	100	107	103	102	109	100	105	105	105	100	103	102	105	109	102	100	107	108	104	101	109	100	103	107	107	100	107	106	106	107	101	106	103	104	106	100	101	100	103	104	103	104	102	108	109	102	102	107	106	102	102	105	103	102	108	106	102	102	100	103	102	106	106	102	102	106	104	108	104	100	104	106	103	100	107	103	106	102	101	107	107	102	106	109	99	109	101	102	104	102	101	107	106	105	105	106	108	103	108	104	99	106	104	103	106	108	104	101	108	101	99	104	107	101	104	100	103	105	102	100	105	104	100	103	99	103	108	107	106	108	108	106	109	108	104	100	103	107	105	107	109	99	106	99	107	108	106	102	99	108	100	103	100	107	102	103	107	103	100	104	105	107	100	101	101	108	101	101	104	108	106	104	105	100	106	100	103	103	105	104	107	103	107	100	104	100	101	107	103	100	104	108	102	106	109	103	100	105	101	102	99	103	106	102	108	102	108	101	106	108	102	106	101	106	104	103	100	109	103	100	108	107	101	109	100	103	103	107	102	108	103	100	106	106	104	108	100	103	104	103	108	101	102	99	104	104	109	107	103	109	106	107	100	107	107	103	100	104	107	102	106	99	104	101	108	108	101	107	106	107	104	103	107	103	106	103	107	106	102	107	101	106	109	101	108	106	104	104	104	103	107	100	105	104	108	101	107	106	108	101	107	105	108	109	105	101	104	100	107	105	108	101	105	108	103	99	99	103	101	105	105	108	105	105	105	106	108	101	105	103	100	104	106	107	103	99	103	104	100	108	101	108	107	99	108	100	100	104	109	107	106	101	107	103	103	101	106	100	102	108	102	99	100	105	101	104	109	103	103	107	108	102	104	106	105	108	108	106	103	106	105	102	101	101	102	105	102	104	101	101	108	107	107	99	106	102	106	99	102	103	105	102	107	100	104	99	101	101	106	102	103	107	103	101	101	108	109	102	106	102	104	101	103	101	108	105	106	105	104	109	108	99	107	106	106	99	106	108	102	102	101	103	99	109	102	100	102	108	105	101	104	104	99	102	103	100	104	103	107	109	106	102	106	105	100	101	103	103	108	103	102	106	108	109	101	107	106	104	103	99	107	107	100	103	103	108	106	108	107	100	107	102	102	101	103	99	103	105	100	107	99	101	104	107	100	105	106	99	109	109	107	108
25	21	25	25	28	22	23	20	24	28	21	19	26	26	24	22	20	20	20	27	24	28	20	26	23	21	26	26	21	27	28	20	21	27	24	21	21	25	26	25	20	20	24	24	27	28	22	26	22	23	21	24	23	27	27	26	26	26	25	26	19	26	26	21	23	22	22	28	22	22	23	29	21	22	27	27	23	28	21	19	27	29	28	20	24	26	25	28	27	26	26	26	27	24	22	20	20	19	27	26	26	23	20	28	25	25	20	27	23	23	20	24	26	23	29	23	22	27	24	20	20	24	28	20	20	21	21	22	28	22	27	22	25	27	23	24	22	28	22	27	26	25	27	29	28	24	19	25	21	22	19	21	28	22	24	23	26	25	28	28	21	23	22	23	25	26	21	25	29	23	25	27	26	22	19	28	20	23	22	23	19	26	26	20	28	26	24	20	27	20	22	24	24	27	20	22	28	19	24	25	21	23	23	23	25	25	29	28	26	21	28	25	22	19	19	20	27	24	19	26	27	23	22	25	27	20	28	25	27	27	29	27	20	26	21	20	20	19	20	20	26	23	28	20	21	26	25	23	27	25	23	25	28	20	24	27	27	25	21	22	26	28	27	21	24	25	26	21	28	21	22	22	25	28	20	22	22	26	22	20	29	25	25	22	22	21	23	21	23	27	21	27	28	23	21	19	26	21	27	20	21	29	21	23	20	24	28	23	21	25	24	22	28	28	23	24	27	19	22	22	21	23	24	28	21	22	20	26	22	25	21	28	24	20	29	24	28	22	21	28	20	28	26	28	20	24	21	19	28	20	27	28	27	28	26	20	23	26	22	28	22	25	28	27	21	23	27	24	21	22	29	27	29	27	23	24	28	19	20	20	24	28	26	23	27	19	21	24	27	25	29	22	26	25	25	27	22	23	26	21	24	23	22	26	24	19	29	24	21	22	24	21	21	20	19	20	26	21	25	21	22	23	19	22	24	27	27	25	25	28	29	25	23	27	19	20	22	24	19	24	24	24	24	26	24	25	21	20	24	27	23	28	27	21	19	25	20	25	25	28	21	26	25	26	20	22	20	20	29	28	22	20	27	20	24	19	23	29	26	22	19	29	27	26	22	25	22	28	21	25	24	24	25	26	28	26	26	20	28	25	27	20	22	21	28	22	27	27	26	22	22	19	19	21	24	23	23	19	27	25	27	25	26	27	20	29	22	26	24	21	25	20	28	21	26	28	21	27	29	24	22	27	25	26	21	24	21	29	24	26	29	19	27	24	20	28	25	22	24	26	21	20	26	19	27	21	24	23	28	23	20	22	21	20	22	26	26	28	26	25	21	28	28	28	25	26	20	28	28	21	21	28	26	25	27	24	20	21	28	22	22	29	19	20	27	20	26	21	23	19	23	20	21	19	26	27	29	27	27	19	27	25	24	20	20	28	20	23	19	24	26	22	24	24	26	25	28	21	24	25	21	21	20	24	25	28	27	25	28	23	27	20	22	27	21	26	22	23	26	27	27	20	29	20	27	27	20	24	21	27	23	21	19	21	29	27	25	26	20	27	22	22	25	28	20	23	22	29	22	28	28	22	19	20	26	21	25	21	26	24	27	25	24	26	25	26	26	29	22	23	25	23	27	20	26	23	22	22	22	27	26	22	23	26	24	25	25	28	22	22	25	21	25	20	21	24	27	27	22	19	20	22	27	27	27	27	22	23	19	21	28	25	25	21	28	25	28	20	28	20	21	27	21	28	20	20	25	20	23	26	21	25	28	21	26	21	27	24	29	25	24	23	21	27	21	25	20	24	24	21	22	26	27	27	26	24	28	19	23	20
43	52	52	50	51	49	48	46	43	53	51	43	45	52	52	45	44	49	51	51	51	50	45	49	50	46	48	52	44	47	48	51	52	53	46	51	50	44	51	44	51	48	44	45	46	52	53	46	44	45	53	51	47	45	52	44	48	49	47	49	50	52	52	49	43	51	43	47	44	49	43	44	52	51	52	53	53	53	46	45	49	52	50	48	52	46	47	49	51	46	50	47	49	47	48	48	47	46	52	43	53	52	50	47	53	44	47	45	46	45	46	46	46	48	46	51	45	43	43	43	44	44	44	44	53	46	43	46	52	51	49	48	49	47	51	50	49	47	52	49	50	52	48	51	47	44	52	50	47	45	52	48	51	46	50	45	43	52	43	45	50	50	45	44	50	51	45	45	46	49	46	46	51	49	49	44	45	44	46	44	53	48	49	51	46	48	43	48	44	50	44	51	46	52	50	47	43	50	44	46	43	44	44	50	50	47	46	48	49	45	48	53	49	45	43	50	45	51	44	51	50	46	47	46	51	52	53	46	43	49	45	48	44	47	50	52	45	49	44	44	46	48	52	50	53	48	48	48	46	45	51	45	46	52	52	45	49	49	50	43	47	44	48	44	53	45	44	52	44	44	49	48	50	52	44	49	50	50	45	44	52	52	51	46	52	47	46	50	44	48	47	50	51	49	52	45	46	52	50	44	49	48	43	44	43	51	45	47	49	50	50	51	46	48	50	47	48	45	52	51	48	46	53	49	44	43	44	49	48	43	43	44	48	47	51	51	48	51	50	51	48	48	44	46	45	49	52	43	47	49	45	46	49	45	53	45	49	51	46	50	50	51	48	44	46	52	44	44	46	48	46	50	44	50	47	46	46	45	51	47	44	48	45	44	46	51	45	53	43	47	49	49	52	46	48	51	53	44	46	53	47	51	48	53	53	49	49	45	48	48	49	50	47	48	52	51	53	49	43	45	44	43	46	51	53	45	46	49	47	51	49	50	47	51	47	45	47	48	52	45	44	46	48	49	44	45	48	53	46	50	52	52	50	44	51	51	46	43	44	50	52	44	49	49	45	47	50	43	46	47	48	46	49	49	48	46	50	46	52	49	45	45	49	48	49	51	47	45	49	44	47	51	50	52	52	48	45	52	53	52	52	50	53	51	51	49	49	48	50	44	50	47	50	50	53	53	50	48	45	53	46	48	53	52	48	47	48	44	45	46	47	50	47	53	49	46	52	51	44	50	49	50	52	53	45	44	50	45	48	46	45	51	52	47	43	50	47	50	49	53	52	49	44	52	44	47	44	45	44	48	52	45	47	53	43	45	53	46	52	50	49	50	47	44	46	45	53	45	51	48	51	48	51	44	47	49	44	51	47	44	47	49	48	43	44	47	45	50	52	50	43	50	44	52	45	45	49	50	47	44	52	45	49	52	44	49	45	48	49	45	43	52	47	53	48	49	50	52	52	52	46	47	43	44	51	45	53	53	44	46	50	50	50	49	50	47	47	45	47	49	44	52	49	46	53	43	52	50	52	46	48	52	53	52	46	50	45	44	48	51	52	52	48	49	49	52	51	46	49	44	49	47	52	51	50	52	44	46	47	50	46	43	46	48	44	47	49	45	45	45	44	52	52	52	44	47	49	46	46	49	47	52	44	44	44	51	46	44	48	48	44	47	47	47	50	53	47	49	52	43	44	52	46	45	48	48	48	48	53	52	50	52	46	47	44	43	45	48	51	50	49	45	47	47	52	45	44	48	51	44	45	51	49	51	46	50	49	47	48	47	43	51	51	44	45	48	48	51	44	45	52	52	52	49	47	53	43	50	49	44
6	4	10	6	11	9	7	6	5	12	12	8	4	11	10	12	10	10	12	3	11	13	5	4	3	9	5	9	12	4	9	13	10	10	10	9	10	7	11	12	12	12	11	3	7	12	7	12	3	5	9	5	5	4	3	10	10	8	8	8	12	6	10	3	13	9	11	4	9	8	10	9	12	9	6	6	10	6	10	8	9	13	10	9	9	10	4	10	7	4	5	6	4	9	9	9	8	9	6	7	4	5	7	4	5	9	4	13	4	7	6	4	7	9	3	7	7	9	10	4	7	8	6	13	8	11	5	5	7	9	13	12	11	12	4	6	12	11	11	6	10	4	8	3	11	5	6	9	9	9	11	10	7	10	3	4	10	10	3	12	6	8	4	5	4	5	11	9	4	13	8	8	9	11	6	5	5	5	10	7	13	3	9	8	10	5	11	13	5	12	9	8	11	11	11	12	9	13	4	11	10	9	12	10	6	6	4	11	11	6	7	7	7	4	5	5	12	9	6	4	7	9	3	12	7	8	9	3	11	3	8	12	4	8	8	7	5	5	3	10	7	7	7	3	7	7	4	10	10	11	8	4	6	12	7	12	3	5	10	3	7	4	9	6	5	5	4	6	4	11	8	5	6	8	11	8	12	9	9	5	11	10	4	11	10	3	6	3	9	5	9	4	4	4	10	11	6	7	13	6	11	9	8	12	11	8	4	6	5	4	12	5	8	6	13	9	3	5	12	3	8	7	10	12	4	7	9	12	8	9	10	8	9	5	9	5	12	7	5	10	11	9	4	5	7	4	8	4	9	9	12	12	10	5	4	8	4	12	5	8	12	5	11	10	13	13	9	10	4	11	6	4	8	12	8	8	9	7	12	5	7	5	7	4	13	9	13	6	7	8	9	9	5	7	11	12	9	9	8	13	9	12	9	5	8	9	7	6	3	8	5	4	7	5	11	10	6	5	7	8	6	4	9	5	8	6	7	9	7	13	13	4	7	6	5	11	11	7	13	4	10	13	8	12	5	6	6	7	12	6	8	4	7	8	13	11	10	10	6	12	6	13	7	12	8	8	11	7	10	12	8	9	9	6	7	3	11	9	10	11	12	3	13	4	12	5	10	4	6	8	9	12	9	7	6	11	10	7	7	8	3	12	5	4	9	8	5	4	6	5	11	10	8	10	12	10	7	5	12	7	8	13	11	7	3	9	7	7	11	13	7	9	13	12	13	13	7	10	4	10	7	4	8	5	9	4	11	10	5	7	12	8	7	12	6	13	9	9	6	4	13	12	11	11	6	9	8	8	10	7	11	5	6	11	4	6	13	13	7	4	5	9	4	10	8	12	6	12	9	5	7	6	5	4	9	12	12	10	13	13	5	10	13	11	6	4	13	11	11	12	11	6	6	11	10	7	6	12	12	8	3	7	12	11	13	12	12	6	7	10	12	12	12	6	8	7	11	12	9	11	5	10	5	10	9	9	8	9	5	6	13	4	4	7	8	6	9	10	11	9	8	9	10	4	10	11	6	4	13	8	8	9	11	9	5	7	5	13	12	13	3	11	12	5	6	12	8	6	6	13	5	11	8	9	11	6	8	5	7	6	12	7	9	11	11	10	10	8	12	11	11	11	5	12	11	12	9	11	4	7	4	10	3	6	4	7	10	6	3	13	7	4	13	13	5	6	12	9	4	6	8	11	8	5	3	8	6	3	4	12	5	11	9	6	9	8	12	10	5	8	7	11	9	4	12	3	7	11	4	3	8	13	11	11	8	4	6	8	7	4	5	12	7	13	12	9	9	8	8	6	10	6	6	12	4	11	12	10	8	4
48	48	43	49	42	47	45	42	46	47	44	49	50	47	46	47	46	51	50	43	48	46	52	43	46	47	51	48	43	47	51	47	51	49	50	48	46	48	50	44	51	45	44	48	44	48	45	49	44	45	51	50	45	48	51	44	43	48	46	47	47	47	49	47	50	45	43	43	51	42	47	45	46	50	47	45	50	47	48	47	48	50	43	50	52	42	46	50	49	49	47	49	44	52	50	49	52	49	44	43	45	43	44	46	48	47	44	51	44	45	46	51	49	47	44	46	45	49	51	44	42	47	42	45	46	47	47	52	44	45	43	45	45	49	43	45	47	49	50	45	50	44	45	47	43	51	45	47	47	49	50	48	52	48	52	44	45	48	45	47	52	47	45	50	51	47	50	46	50	52	47	46	44	45	52	52	51	42	50	50	43	46	46	43	43	42	51	42	43	46	46	43	45	52	51	49	51	50	49	42	48	42	51	49	43	44	46	51	49	45	51	44	47	49	46	48	46	49	42	52	51	46	44	48	52	48	49	47	44	48	45	45	47	50	46	49	42	50	51	50	45	46	42	45	50	51	43	49	47	43	47	48	49	50	44	43	48	42	50	42	51	43	45	49	48	48	43	45	47	45	42	49	52	44	45	50	47	44	42	43	51	49	48	42	51	48	46	49	46	44	51	46	51	49	50	44	42	51	45	46	45	47	49	48	43	42	51	48	47	51	47	48	46	48	44	49	47	51	48	47	48	50	45	46	45	46	43	52	50	52	42	44	47	42	49	50	46	44	44	43	47	42	51	50	45	45	46	43	51	49	45	47	43	47	43	45	48	43	44	48	50	45	50	47	49	45	50	47	50	46	49	49	51	44	46	45	50	44	43	47	45	45	46	49	48	47	52	52	48	49	44	42	44	44	49	46	44	47	48	45	52	44	52	43	50	48	50	44	48	51	48	43	43	51	45	46	45	49	51	44	48	44	43	43	47	44	45	48	43	46	43	48	47	42	48	46	42	51	43	45	51	43	47	44	50	49	49	42	43	44	44	51	44	43	49	48	46	44	50	44	47	50	49	47	43	50	50	43	48	44	45	49	45	50	44	43	45	49	44	45	51	45	43	50	42	43	49	44	51	43	51	46	48	47	48	51	43	45	44	42	52	46	44	51	45	50	50	51	49	44	51	45	52	42	45	50	47	43	49	52	49	47	46	45	51	44	45	47	52	50	48	47	45	43	46	51	43	50	42	45	45	47	43	48	43	42	46	45	48	44	50	52	50	48	52	47	46	51	45	44	45	48	46	45	51	51	49	49	46	43	51	51	50	51	46	50	46	49	52	50	46	49	45	52	42	42	51	50	48	43	42	42	43	49	51	51	51	48	48	47	44	45	50	52	46	52	43	44	51	51	50	49	49	43	47	46	47	43	47	51	43	50	51	49	50	45	44	51	49	50	46	45	45	46	49	52	50	51	45	46	50	48	48	45	50	49	45	49	49	47	49	49	49	42	51	44	50	44	44	51	52	50	48	49	46	48	50	50	45	50	45	45	48	42	48	51	44	50	46	47	52	49	51	48	46	52	51	46	51	51	49	47	49	45	42	50	51	50	43	46	44	52	43	51	50	49	45	48	46	51	46	42	48	46	45	51	42	45	47	50	48	42	45	51	49	46	52	52	44	52	48	48	47	51	48	47	52	50	44	43	44	49	52	45	49	44	48	51	43	50	47	50	46	50	44	48	51	48	46	48	42	44	44	45	42	43	50	46	51	46	50	43	52	49	48	44	42	52	49	48	51	44	43	42	47	50	46	43	49	48	45	42	42	43	51	52	44	47	47	48
45	45	51	48	52	52	53	48	46	50	48	49	44	48	46	47	52	46	47	51	44	46	54	47	51	51	47	49	53	51	45	47	51	49	50	46	50	51	48	45	48	44	44	44	53	45	48	54	51	49	48	48	49	49	47	49	53	51	54	49	49	54	53	52	49	50	52	47	48	47	48	45	46	46	48	47	50	54	47	50	49	51	48	54	48	45	44	44	53	49	47	50	45	46	48	52	44	52	47	44	49	45	47	52	53	54	45	48	46	53	49	45	53	46	45	49	50	45	52	45	47	48	47	51	53	46	47	50	49	54	44	47	48	48	44	46	51	52	44	48	45	44	53	49	52	47	53	46	51	46	48	50	51	49	49	53	47	49	50	50	46	51	51	49	50	44	47	45	48	46	51	53	52	49	53	47	47	50	45	52	52	47	53	51	49	51	48	46	52	50	45	50	52	44	50	45	52	46	54	47	46	50	50	44	52	50	45	53	50	50	44	44	50	49	52	50	53	45	48	50	50	52	53	54	48	51	46	52	50	47	52	47	45	50	45	54	50	51	53	46	52	44	49	52	53	50	49	44	47	46	45	47	45	51	45	52	52	45	54	49	47	46	49	53	49	47	48	44	51	50	48	45	45	44	50	45	47	53	54	53	52	52	49	52	49	52	47	48	49	45	54	53	51	54	53	50	48	48	53	49	49	52	50	50	47	52	46	44	46	51	45	46	46	47	51	49	48	47	46	53	45	53	51	50	53	46	53	53	49	46	51	50	50	46	47	50	50	49	53	49	49	45	54	52	51	45	53	45	45	49	50	46	49	50	51	53	49	53	46	54	53	52	49	50	49	44	48	50	51	46	51	46	52	54	45	48	52	52	54	50	51	45	52	46	44	49	50	44	47	48	47	51	52	45	51	45	50	51	53	48	46	52	50	46	45	47	49	47	51	47	50	50	53	53	52	54	50	47	44	51	53	53	51	52	45	54	53	45	48	47	53	44	53	50	46	51	44	48	44	47	49	52	53	45	48	49	45	50	49	48	49	52	45	46	52	47	50	49	48	49	48	45	45	51	46	53	46	46	53	46	52	50	52	45	51	52	49	46	50	50	49	48	46	48	50	54	46	49	46	54	49	53	51	49	46	50	51	52	46	47	46	46	47	52	47	48	48	51	46	49	50	45	53	47	51	48	48	47	51	44	45	47	52	48	45	49	47	52	46	46	44	45	52	51	46	51	50	53	48	47	48	54	52	49	46	53	52	53	54	53	46	53	51	45	51	50	45	48	48	53	50	54	49	51	49	46	50	47	50	49	51	48	48	54	49	46	47	53	45	49	53	44	47	48	51	53	53	48	49	51	47	46	49	52	44	50	50	52	52	47	46	51	47	52	52	54	50	52	53	49	53	45	52	46	47	47	52	51	47	49	52	47	54	47	49	51	49	47	53	54	47	51	45	52	49	49	50	48	47	52	45	47	48	49	45	52	44	45	46	47	46	53	46	48	52	53	48	48	47	53	48	50	48	48	47	48	50	50	45	47	48	52	50	48	47	52	54	48	47	46	46	47	46	50	51	50	48	48	48	48	47	52	45	50	45	48	51	52	48	46	44	52	52	51	53	46	54	47	48	53	46	52	45	53	44	51	48	51	49	47	52	44	52	53	54	51	49	47	54	44	54	46	52	50	49	48	52	54	52	51	54	54	51	48	54	44	52	46	48	52	51	44	49	46	47	52	45	50	45	45	51	46	53	50	46	46	53	47	50	53	47	47	48	47	47	48	51	50	44	52	48	52	50	46	50	47	44	48	50	49	45	48	44	52	50	47	50	49	48	54
30	33	31	33	26	25	35	28	29	29	29	29	35	30	26	27	27	28	32	31	31	26	26	26	26	26	28	31	27	35	29	26	33	35	26	29	30	26	35	29	27	33	26	31	33	27	26	28	33	31	35	35	29	25	31	31	31	28	29	28	30	32	30	32	30	31	26	30	28	33	29	26	28	26	34	34	32	31	28	29	32	34	26	28	28	27	32	29	33	28	28	27	33	32	30	29	26	32	33	32	28	29	33	26	26	28	32	29	28	30	32	30	33	28	30	30	27	29	26	26	29	31	25	33	31	30	28	30	35	26	27	28	27	32	26	32	29	29	26	35	35	26	32	27	26	28	35	32	33	29	26	27	31	27	30	34	34	30	31	29	27	28	26	33	27	34	26	27	28	30	28	30	26	25	34	29	26	26	25	31	30	34	30	34	30	26	26	30	27	32	31	31	33	27	34	30	32	30	33	34	33	27	35	33	34	27	32	29	27	29	30	31	30	32	31	29	28	26	33	27	29	32	26	31	29	29	32	28	29	33	30	32	29	30	35	28	28	26	31	29	33	27	33	26	35	34	30	34	29	31	32	34	27	26	30	28	30	30	27	29	31	25	26	35	27	28	30	26	25	29	28	30	31	34	30	29	28	33	34	31	30	28	29	26	34	30	31	28	31	25	29	28	28	33	25	27	29	28	27	27	27	25	25	32	27	27	25	31	28	32	31	35	34	26	25	32	35	29	28	30	35	33	34	27	33	30	28	31	32	31	34	34	26	29	31	31	28	27	28	32	28	33	30	25	32	27	26	31	32	31	25	30	31	34	26	29	27	26	34	31	34	25	33	33	26	29	26	25	33	25	35	35	25	27	30	34	25	34	31	27	30	32	28	26	31	33	27	34	34	29	26	34	26	27	28	34	28	28	25	34	25	33	27	34	28	26	26	29	32	25	29	31	33	25	33	26	34	27	33	31	28	26	27	25	27	33	34	27	28	31	28	35	32	29	32	31	35	26	26	26	35	32	26	27	32	30	31	28	33	28	32	27	26	30	33	32	33	27	33	26	31	29	34	28	25	33	27	26	26	29	34	28	31	27	29	28	31	32	34	35	35	32	26	26	25	32	34	33	33	30	33	31	32	33	30	26	32	27	26	27	31	29	26	25	29	26	31	28	31	26	31	29	34	30	31	35	34	31	28	34	30	31	34	29	32	32	28	28	28	26	34	34	29	27	28	28	25	29	30	33	28	35	32	34	30	34	26	29	31	31	34	25	28	29	34	27	31	29	25	32	29	33	30	31	28	35	29	31	31	34	34	34	34	33	27	29	30	32	26	32	26	30	29	33	25	29	34	26	27	35	31	28	27	32	34	34	29	33	29	33	32	25	28	32	28	34	30	33	30	27	29	34	29	33	27	28	33	33	28	28	33	34	29	32	26	32	25	33	33	25	31	30	27	33	34	26	26	33	32	29	28	28	29	30	32	27	33	26	25	34	29	31	35	26	29	25	26	32	31	26	28	33	30	26	27	29	29	31	31	26	33	35	32	35	29	31	30	32	35	25	31	26	29	33	27	33	30	34	35	31	26	30	34	34	32	34	32	33	26	31	29	31	32	30	31	29	30	29	27	32	31	33	27	34	27	28	32	29	27	35	35	32	28	31	26	33	35	30	27	31	29	34	28	31	27	27	31	25	34	34	25	25	27	34	32	34	34	26	26	32	31	31	26	28	31	26	28	32	31	30	28	29	26	25	27	25	34	29	31	30	27	32	31	34	26	31	33	34	32	32	26	26	25	28	32	33	27	26	28	29	27	27	34	33	26	33	25	34	28	33
wj																																																																																																																																																																																																																																																																																																																																																																																																																																																																																																																																																																																																																																																																																																																																																																																																																															
88	85	63	82	64	33	49	27	64	59	36	12	39	27	67	18	29	30	22	20	49	37	74	43	21	5	93	80	7	4	23	54	21	81	76	18	30	70	43	85	79	44	8	29	87	49	32	7	90	35	45	42	9	97	27	4	44	42	71	43	7	55	15	24	73	16	32	59	60	5	68	41	49	10	98	95	28	5	20	99	77	8	73	78	30	20	20	6	33	75	9	93	54	77	19	19	32	26	68	40	31	24	71	21	77	61	78	10	97	65	32	80	68	63	81	22	32	1	27	78	69	92	92	90	32	50	44	88	47	46	47	77	30	27	47	17	56	5	22	42	56	85	58	8	72	11	94	24	40	31	85	5	59	1	5	21	67	56	20	42	32	23	63	31	37	21	50	42	34	79	2	63	7	86	32	11	30	34	3	43	47	59	61	58	33	34	35	96	53	2	74	51	77	79	21	62	96	32	42	52	71	73	33	58	18	20	73	6	11	83	50	9	56	34	3	88	13	34	84	80	35	27	54	90	72	2	65	12	54	60	85	16	97	43	33	39	84	83	35	78	57	55	3	36	50	34	94	63	71	28	41	64	43	4	68	19	22	33	44	67	35	11	93	87	60	54	52	61	21	11	36	98	18	17	28	1	13	87	52	51	91	8	38	9	12	46	99	72	93	22	54	92	25	26	44	32	28	44	78	19	69	46	1	8	56	92	87	93	93	29	25	42	98	76	63	86	86	32	68	39	39	27	70	81	18	71	66	40	37	91	93	82	77	35	92	97	89	76	57	40	89	14	43	73	51	59	98	78	10	7	22	65	85	34	85	7	22	93	40	58	88	96	22	23	57	32	33	47	63	36	73	40	72	37	4	73	68	19	65	100	7	90	39	28	43	19	34	37	88	67	26	80	12	66	99	83	70	94	49	14	78	57	33	75	86	78	56	39	100	78	100	64	54	81	8	86	82	2	59	26	56	13	38	89	62	99	17	53	87	46	72	69	97	86	37	37	8	62	71	91	44	42	21	54	3	20	7	60	97	77	65	64	30	78	11	22	81	76	14	95	47	97	84	60	99	98	53	67	93	87	53	14	38	22	45	29	29	54	24	43	90	1	51	9	14	81	87	79	40	9	68	55	83	28	58	35	26	83	81	74	6	69	43	65	39	33	27	22	37	31	3	74	41	38	53	3	20	20	57	54	67	55	97	80	32	58	21	11	81	17	91	94	19	22	49	85	20	62	93	15	87	18	19	15	14	51	96	8	72	44	20	98	25	90	27	88	20	5	19	9	86	54	33	17	77	58	40	41	72	25	32	91	3	71	77	79	21	36	65	34	47	93	82	43	96	45	81	39	77	35	82	5	53	64	99	37	3	75	52	48	78	64	84	24	16	86	6	35	19	81	32	14	28	43	79	99	63	68	25	78	11	95	19	11	21	16	75	45	27	11	4	98	65	5	9	95	51	7	87	11	3	50	74	62	97	79	62	45	33	13	53	69	97	30	59	98	12	43	49	43	36	43	22	49	56	6	71	100	24	13	8	50	43	87	24	10	31	83	21	15	21	69	61	21	70	12	58	34	85	95	99	1	40	78	29	87	16	57	51	46	36	1	85	22	41	47	37	56	88	56	35	39	59	48	44	40	3	77	28	2	59	9	27	75	71	31	80	37	25	55	23	33	51	88	37	26	6	27	17	52	91	86	5	97	12	32	21	12	19	6	38	38	51	14	61	14	18	67	63	27	41	97	57	85	87	39	23	91	93	7	43	3	48	34	30	91	97	30	1	14	99	71	58	23	58	96	80	86	18	66	5	44	97	24	96	83	89	63	71	58
