pij																																																																																																																																																																																																																																																																																																																																																																																																																																																																																																																																																																																																																																																																																																																																																																																																																															
87	88	87	71	71	89	80	71	90	78	75	89	77	80	81	74	77	71	80	73	73	83	81	82	88	78	88	73	84	89	73	79	82	75	87	78	82	71	87	81	76	82	81	74	75	77	73	82	80	79	17	82	86	87	83	88	83	83	83	87	73	86	81	86	71	89	87	78	73	90	19	75	72	72	86	78	79	73	80	77	75	78	89	78	83	73	85	78	87	75	76	84	74	86	81	19	87	74	86	74	89	86	76	76	81	73	82	71	76	81	89	71	70	72	83	74	77	74	88	73	76	86	73	73	88	80	85	21	82	81	22	74	72	73	85	71	84	73	79	79	79	71	89	70	78	18	78	77	72	90	86	86	78	79	77	81	80	85	71	77	73	21	72	86	83	87	90	73	81	89	74	81	82	85	86	22	71	89	73	83	79	88	76	81	84	80	80	82	81	70	84	72	88	72	86	79	88	78	71	71	72	79	22	88	75	85	85	89	87	89	72	89	72	72	83	85	75	87	23	79	76	79	71	82	20	86	77	86	85	76	88	77	83	86	86	83	72	77	79	74	83	89	76	89	81	86	83	78	87	76	72	85	89	79	23	89	86	88	83	88	80	79	89	74	87	82	78	71	83	81	81	81	90	78	87	76	81	88	71	86	84	79	75	83	79	86	81	80	75	78	74	72	89	27	78	80	82	78	78	80	72	77	87	79	76	72	25	73	83	75	79	74	72	22	82	78	17	89	85	88	75	73	80	86	76	79	86	88	74	87	85	87	90	72	85	71	88	82	85	76	76	78	82	74	73	71	83	84	71	76	87	79	88	84	73	80	79	83	79	76	79	89	89	19	79	81	79	77	81	81	75	84	77	74	88	87	81	80	82	72	19	80	88	83	79	86	78	77	73	75	88	73	86	90	80	75	74	26	85	82	81	83	78	87	26	88	78	18	79	83	72	77	83	84	81	72	89	76	89	76	78	89	77	73	78	21	85	90	82	82	81	79	90	82	73	88	87	70	78	80	75	84	73	74	82	78	76	73	74	76	79	82	77	78	89	72	89	78	76	81	74	78	84	82	83	88	78	16	73	73	78	86	71	71	76	71	83	78	83	71	75	73	77	25	70	19	74	72	74	71	87	83	70	87	85	89	73	88	80	75	77	85	78	75	86	86	78	76	72	84	79	74	88	74	86	84	89	84	77	79	89	76	74	87	88	77	88	77	78	17	74	78	85	86	77	81	79	76	74	78	80	74	84	70	79	73	83	75	85	75	86	89	70	83	73	88	77	79	81	84	82	77	72	84	88	23	75	83	88	80	77	85	73	86	83	87	83	80	71	79	82	74	72	80	77	75	17	85	87	86	70	90	81	81	81	81	76	85	76	87	79	71	76	89	80	83	85	78	87	89	85	76	82	85	26	77	80	80	70	78	70	83	81	89	86	72	74	78	85	70	87	89	83	90	78	86	82	77	76	86	77	89	73	83	78	23	79	82	87	75	81	77	71	78	77	85	78	83	74	85	86	74	87	72	27	19	87	20	79	82	90	77	78	87	82	72	87	89	84	84	72	77	87	76	73	71	71	73	77	81	74	88	78	77	81	77	70	75	86	77	81	70	20	76	76	76	78	85	76	70	86	74	84	76	73	87	90	73	76	78	83	89	82	84	82	78	76	16	74	71	77	76	72	78	75	74	87	89	72	82	87	85	86	79	74	84	73	75	88	87	80	82	89	86	78	86	70	74	81	79	87	80	21	88	72	80	73	90	73	82	77	71	88	73	80	80	23	90	77	83	90	86	75	86	78	79	81	78	82	78	81	78	74	86	74	82	81	82	27	74
20	82	83	72	85	73	86	86	86	85	73	70	75	78	80	72	78	77	76	86	73	76	74	76	84	71	88	79	87	76	77	71	80	72	88	85	84	78	78	87	81	21	86	71	86	80	73	78	83	78	76	25	77	76	23	76	73	78	88	73	76	82	89	22	77	71	82	73	74	82	89	76	73	77	71	85	76	86	89	71	78	83	88	76	80	71	21	77	71	89	82	76	88	89	73	75	23	88	70	86	80	86	85	75	72	84	23	71	88	79	74	72	71	28	86	88	86	73	72	72	71	86	78	90	89	89	88	78	26	84	81	27	85	72	88	85	77	84	21	78	78	23	86	77	76	75	85	81	88	25	84	90	76	71	72	82	83	72	84	86	86	73	19	74	25	77	84	78	75	18	82	77	24	88	18	76	72	88	78	77	71	27	86	77	78	79	20	84	90	22	78	80	21	75	82	78	87	72	81	85	87	72	72	78	83	75	78	75	75	70	79	86	79	75	87	74	82	77	86	83	85	70	70	82	86	72	85	85	84	81	72	25	83	75	76	78	76	84	86	26	84	80	71	81	70	90	17	73	85	75	74	89	83	79	71	20	89	23	85	77	77	89	72	86	17	76	88	86	82	87	83	82	88	77	89	90	24	83	86	80	74	77	78	85	71	74	75	89	77	84	88	90	77	72	75	73	74	22	90	23	70	19	84	75	81	86	85	87	18	76	74	82	77	78	89	90	71	27	89	81	75	89	78	83	83	28	73	80	80	22	78	78	71	79	77	86	71	74	88	71	75	82	73	81	73	19	81	77	71	77	70	86	80	89	83	24	78	89	85	75	85	73	71	72	78	87	85	81	85	79	86	79	77	83	76	72	78	73	73	76	80	80	80	84	90	83	83	73	72	84	76	90	77	90	75	85	71	80	18	70	21	71	18	26	83	73	77	86	81	70	76	81	80	77	74	87	82	75	84	80	88	71	20	83	80	79	83	86	88	76	83	18	89	71	76	79	81	76	78	82	79	22	19	21	79	80	90	17	72	81	83	86	71	71	89	87	89	88	82	26	81	85	88	79	74	81	82	72	25	82	74	85	76	70	76	74	82	75	79	80	82	73	74	74	72	84	80	72	83	73	25	85	75	76	72	19	86	75	72	88	77	76	82	83	73	78	80	21	83	80	81	20	88	74	78	86	85	79	89	82	82	85	78	74	74	21	79	77	22	88	82	80	87	75	80	76	85	73	82	88	22	21	85	24	76	25	70	75	25	84	85	22	90	85	82	82	21	16	18	87	83	76	78	74	73	82	71	83	16	83	79	74	73	82	90	23	74	82	70	86	28	71	73	82	81	85	72	78	77	83	81	83	82	79	79	85	76	79	82	82	74	76	72	74	18	80	86	76	88	72	77	84	71	82	80	77	88	73	89	73	87	23	85	70	80	81	84	19	84	89	76	71	22	71	86	78	25	76	86	83	82	23	71	80	72	81	77	74	78	82	76	78	77	76	76	73	75	18	24	78	71	88	74	73	72	71	23	84	79	80	88	72	77	20	27	75	88	84	25	78	77	70	80	89	76	81	24	75	89	89	85	84	72	27	88	86	18	82	71	81	79	23	73	73	90	78	79	83	86	20	73	71	78	79	79	82	72	79	21	78	76	77	78	80	71	72	77	71	73	19	74	83	18	71	23	84	84	80	80	85	24	85	80	23	24	87	72	22	83	80	22	83	22	85	85	90	74	19	87	72	88	74	87	75	16	71	82	81	85	89	78	73	75	88	76	80	88	81	24	21	82	74	89	82	89	83	75	79	78	74	84	82	81	70	74	81	89	26	71	87
80	74	25	76	73	72	84	71	23	78	72	82	70	21	71	75	72	79	72	22	79	70	82	85	80	86	83	77	77	84	83	79	81	71	20	79	80	73	73	71	80	88	75	21	80	81	82	77	89	86	88	72	77	72	27	80	82	84	71	83	80	19	81	74	86	83	78	86	25	73	73	73	79	82	89	80	25	84	21	80	23	79	89	76	26	75	83	70	78	78	25	74	18	79	76	71	79	83	73	88	72	85	78	89	16	71	24	71	83	82	74	84	70	87	76	83	75	79	85	86	72	80	88	77	76	73	70	74	71	81	72	81	79	78	71	87	76	74	88	76	75	84	72	87	78	78	84	74	82	82	22	77	24	89	79	79	78	18	81	17	84	82	84	72	87	23	85	73	21	71	87	86	70	77	82	70	89	77	75	71	76	74	82	90	79	79	77	82	76	83	83	90	79	88	75	77	75	72	87	20	88	21	83	73	87	76	86	18	74	80	72	71	74	78	82	88	84	83	76	85	75	79	86	21	73	80	84	85	86	85	76	81	82	72	85	89	78	77	85	87	81	75	86	81	87	78	87	90	85	88	73	83	23	71	90	71	86	85	27	27	72	16	87	85	74	76	23	71	80	81	86	82	87	26	85	74	77	87	72	78	20	73	26	87	78	85	77	87	83	89	19	70	72	72	71	83	81	84	77	73	74	87	79	75	75	26	84	75	75	82	77	84	85	77	74	84	75	74	87	86	72	77	80	77	82	90	83	84	72	87	83	88	83	71	80	76	23	73	84	84	71	90	83	75	22	71	26	86	90	80	83	83	74	87	89	78	82	76	83	89	83	78	89	81	77	89	75	89	24	27	80	89	76	83	80	84	22	18	70	87	78	76	76	77	19	71	79	19	78	74	85	73	22	83	86	88	83	84	77	76	83	81	84	85	85	74	84	81	79	76	73	71	83	75	80	82	76	89	76	73	83	22	85	81	89	86	77	88	88	79	16	82	86	70	74	83	74	88	23	24	83	73	73	70	73	84	82	86	77	74	73	89	84	89	71	82	77	76	77	73	80	79	77	21	80	78	74	87	80	75	89	80	82	74	89	75	81	86	89	75	84	86	78	74	90	75	75	73	86	80	79	89	88	87	78	79	77	88	24	82	78	88	72	71	73	25	87	83	89	79	79	78	75	73	80	82	81	27	84	85	71	76	84	81	83	75	75	21	18	74	84	71	89	74	75	76	86	87	81	74	71	84	84	90	74	84	76	27	74	20	84	89	77	81	72	77	77	83	87	76	74	85	79	73	83	85	74	89	73	80	80	72	79	78	82	75	77	89	75	79	75	89	77	18	25	86	81	85	73	86	17	86	82	82	85	80	71	76	77	24	79	76	85	78	86	80	83	71	74	88	89	73	87	85	74	73	21	72	85	84	72	79	78	88	78	75	78	87	77	87	84	88	77	73	85	85	79	83	71	86	75	87	76	75	72	87	82	70	25	70	73	72	82	78	85	76	73	79	79	88	89	81	70	29	86	87	89	73	72	20	82	75	78	72	84	88	76	74	74	17	22	77	76	76	23	89	81	18	86	28	71	70	23	84	77	28	85	86	82	77	82	76	82	87	71	24	82	21	25	78	75	74	78	86	75	87	90	26	75	71	73	78	86	78	83	84	88	76	84	75	71	20	77	20	84	77	70	85	82	70	76	88	83	73	78	90	90	85	75	81	87	74	72	18	75	84	74	72	84	79	75	72	21	85	86	77	76	76	82	87	80	89	89	89	71	74	82	85	76	72	73	18	24	84	71	23	89	25	70	84	76	73	20	89	82	88	25	89	72	78
77	85	88	82	79	79	88	80	83	89	76	76	27	79	87	76	85	80	73	83	15	74	27	73	83	75	82	29	84	76	70	76	75	73	87	70	83	25	20	19	70	82	81	88	86	82	74	22	74	72	73	85	85	71	78	85	87	71	16	84	76	77	24	71	81	75	86	74	71	82	77	70	72	79	87	78	79	26	72	74	88	76	80	78	83	89	87	72	82	83	78	74	88	81	79	81	74	85	83	21	75	71	85	72	70	82	70	80	79	74	75	72	80	82	83	80	88	75	74	87	86	79	84	90	88	72	85	80	84	83	79	72	26	77	87	88	82	80	79	23	72	84	77	86	87	80	87	88	77	88	83	87	77	84	82	89	77	89	89	86	89	88	88	84	78	27	76	74	83	75	86	82	81	85	70	84	75	76	89	76	78	79	76	88	75	81	77	84	72	89	87	86	85	81	83	85	84	19	88	77	73	83	89	76	84	88	74	75	78	82	24	73	72	83	74	86	87	88	84	86	80	77	84	80	80	73	86	77	82	73	79	81	72	73	85	21	76	73	82	76	78	82	80	85	75	78	74	25	86	87	77	19	73	76	72	77	74	82	83	71	76	82	87	78	83	80	73	73	27	80	86	28	28	75	83	86	78	70	80	85	89	85	84	86	85	89	88	71	26	88	89	90	21	79	82	71	89	21	22	71	80	80	79	90	86	88	89	25	71	86	81	75	89	82	89	26	72	75	71	71	71	84	77	20	78	85	75	75	86	79	76	89	82	79	77	83	89	83	76	85	76	78	84	76	71	72	75	81	85	87	70	79	70	84	82	79	86	28	24	77	24	89	72	82	75	79	84	81	86	72	85	77	87	86	86	71	90	83	83	90	79	73	88	25	21	83	80	80	83	85	70	21	72	84	75	81	89	79	81	18	78	88	84	72	83	84	79	82	85	71	78	87	87	75	70	87	19	26	17	90	27	73	89	75	73	81	73	79	74	86	89	83	89	84	18	74	85	80	23	74	85	78	22	83	81	89	19	78	26	86	82	76	77	78	90	73	72	71	77	73	77	81	72	76	82	85	81	89	90	83	24	75	78	20	21	79	74	76	82	26	87	74	80	74	88	81	74	90	23	25	83	78	73	89	77	74	19	19	80	89	76	72	83	79	75	89	20	73	75	82	80	75	90	90	71	74	82	74	88	71	73	20	79	72	82	87	78	78	78	78	73	80	88	90	80	89	82	89	18	84	71	77	23	75	90	83	82	87	89	73	88	84	27	80	78	81	84	86	81	71	77	76	20	77	77	78	82	75	78	81	78	86	84	25	78	80	86	86	71	89	83	20	76	81	86	89	75	83	20	18	88	87	88	83	89	71	79	23	22	89	82	88	73	87	78	81	87	85	87	88	75	86	85	77	87	86	76	76	78	87	89	79	83	88	87	86	23	89	71	82	84	75	77	83	80	89	84	71	83	89	72	72	80	88	78	81	81	85	71	77	83	88	76	89	83	72	72	83	70	84	72	84	26	81	83	72	80	79	75	72	78	85	26	89	79	24	82	78	79	79	83	26	88	76	74	79	90	71	74	73	24	86	77	85	73	89	17	75	77	74	83	84	75	85	84	78	86	71	84	74	87	84	70	74	82	72	87	89	74	87	71	77	90	73	87	71	76	78	72	82	80	84	82	73	89	82	76	86	74	72	84	84	88	78	84	86	71	78	26	73	76	90	89	89	82	74	79	79	24	73	79	79	75	76	84	88	74	72	78	90	80	22	87	80	70	77	73	84	25	78	75	72	81	78	76	76	77	86	85	83	77	90	85	88	25	78	25	85	88	78
20	79	89	82	82	21	78	82	78	81	87	75	87	74	77	75	80	70	71	86	83	89	86	85	78	89	70	73	20	76	81	76	73	78	70	86	78	89	79	83	83	90	76	83	70	87	85	73	83	72	85	84	72	79	79	71	86	89	85	87	83	76	90	81	71	75	88	77	90	24	81	18	77	81	76	84	72	81	77	79	86	81	24	88	80	85	71	71	83	72	82	73	81	76	82	90	73	76	73	75	83	84	79	75	71	81	88	87	71	80	18	78	87	80	73	84	20	81	76	76	78	88	71	18	71	81	23	84	82	79	87	86	89	22	77	82	80	81	83	84	74	75	81	87	89	84	76	77	87	88	73	89	88	73	77	72	84	90	77	74	70	88	73	84	74	84	85	72	81	86	71	78	21	73	19	85	25	81	77	89	82	87	83	72	23	73	21	76	81	78	86	89	82	78	86	28	19	85	81	75	81	89	87	76	23	71	19	74	83	72	74	80	73	84	74	84	81	22	26	19	17	85	21	86	80	73	77	86	72	85	88	76	87	74	18	75	24	83	86	85	86	26	80	82	82	84	87	84	83	82	88	74	88	77	87	73	79	89	79	77	70	88	21	89	18	75	77	78	73	81	82	84	90	73	87	83	76	89	75	70	72	82	75	76	86	73	73	24	78	75	70	74	72	88	77	19	20	81	83	26	71	81	75	77	80	74	89	75	87	19	81	84	27	80	70	90	81	81	75	87	72	83	73	87	20	89	78	74	76	72	79	72	72	90	85	71	89	22	84	74	90	76	81	70	85	85	82	21	73	87	89	89	85	85	80	72	89	89	72	79	84	85	74	84	73	83	82	75	70	84	73	73	82	76	77	84	77	83	86	22	77	74	72	75	82	79	83	72	82	79	84	79	76	88	75	87	80	88	76	87	76	78	77	78	79	86	89	81	90	80	86	84	84	88	88	23	87	75	83	81	74	80	82	70	76	73	87	72	75	84	88	72	77	87	78	72	87	80	90	81	86	89	85	86	16	87	72	83	77	88	82	86	28	20	90	89	79	88	74	88	80	82	85	76	88	80	72	87	79	77	24	87	73	78	74	26	86	83	81	89	77	82	89	28	20	87	77	87	83	78	81	76	85	87	73	80	76	89	85	70	81	85	81	71	89	29	86	70	88	79	75	85	84	82	82	77	24	79	76	72	73	76	83	81	84	73	82	73	81	72	73	88	78	82	88	89	89	84	76	20	70	87	25	79	86	76	86	26	82	86	87	75	88	82	79	87	78	76	83	77	77	79	79	85	20	81	85	70	88	88	19	74	76	71	86	88	25	81	88	88	77	79	82	70	72	87	73	88	70	74	73	70	83	79	74	25	76	81	84	75	21	81	90	81	78	22	77	87	71	76	79	83	24	81	26	78	82	88	83	84	87	77	79	81	70	85	78	73	80	79	70	73	90	81	88	74	74	83	72	70	89	80	72	89	87	74	24	85	84	90	89	80	87	82	75	81	80	90	89	88	71	90	73	26	84	88	86	89	90	81	89	84	86	77	84	87	76	76	70	78	25	79	71	80	71	77	77	71	81	88	82	81	70	75	85	73	82	84	89	77	80	77	80	76	82	73	23	23	26	73	77	89	75	20	78	72	86	86	73	75	90	71	18	20	83	85	76	84	78	90	79	85	19	81	81	80	74	17	84	77	73	89	89	87	26	21	83	87	78	73	78	27	83	87	90	89	82	72	87	24	84	22	84	78	19	86	80	75	83	85	78	23	85	74	80	89	73	83	82	21	89	82	74	90	71	77	16	76	22	83	71	73	87	80	86	83	77	79	88	80
89	78	73	82	85	83	86	19	85	70	17	90	73	76	90	90	83	73	90	78	87	82	89	86	83	83	72	71	86	84	20	87	80	81	73	21	74	70	86	78	89	76	78	86	82	87	72	81	83	80	86	76	84	72	87	84	23	79	76	83	80	77	88	74	22	74	83	76	88	88	75	78	72	18	71	79	73	26	21	72	76	82	77	75	72	76	88	73	25	79	73	89	78	71	79	19	85	27	82	21	24	78	73	80	82	72	76	89	81	74	78	88	76	72	83	25	88	77	84	22	73	79	87	86	83	81	75	90	82	84	88	80	85	24	75	73	84	77	76	87	85	88	20	77	78	76	74	78	83	73	83	86	24	73	80	84	73	76	81	88	17	83	72	79	72	79	90	79	81	71	86	75	73	82	81	21	79	81	18	74	85	87	72	88	82	73	85	81	73	83	89	85	88	72	78	84	70	85	82	78	20	22	88	74	76	88	80	75	81	81	80	79	20	72	89	72	85	88	80	79	84	18	89	88	89	88	86	18	87	27	71	71	19	75	89	76	86	89	25	86	79	71	89	88	89	22	80	85	71	73	82	84	81	88	72	72	72	73	72	76	80	81	76	89	77	74	72	21	84	75	74	76	81	23	28	83	82	84	83	81	74	72	73	76	85	73	79	21	76	74	79	80	87	73	83	72	85	81	73	80	73	89	28	71	77	84	87	87	84	83	77	89	83	84	23	88	81	78	74	81	73	71	75	87	19	82	88	81	87	78	84	79	70	76	82	80	85	76	78	78	84	88	81	86	71	74	71	71	72	76	72	79	81	87	86	79	84	85	73	74	87	23	78	77	89	87	74	82	21	73	78	89	75	76	88	75	74	76	26	79	20	83	72	25	85	75	84	84	83	88	89	83	78	78	79	74	88	87	82	79	87	70	75	75	87	74	86	86	74	17	70	88	79	70	19	24	71	84	78	89	89	79	70	24	77	72	81	79	86	89	85	84	22	71	71	82	86	85	79	88	71	88	72	72	80	73	89	78	87	74	89	90	82	84	79	72	85	82	81	71	73	84	75	79	79	87	72	78	85	80	80	90	74	73	85	70	27	83	82	77	87	82	85	74	86	88	81	75	80	73	80	90	88	26	89	83	83	89	70	85	83	84	74	86	85	76	73	79	70	78	18	87	75	71	76	80	86	74	84	70	80	81	73	80	88	21	77	82	70	82	77	24	81	72	16	24	27	84	80	73	71	80	84	79	90	88	85	81	82	82	88	73	70	84	81	71	84	89	88	85	73	25	19	79	78	86	84	88	74	78	78	79	70	83	86	89	84	90	89	76	84	86	24	72	71	86	77	75	87	79	77	71	89	77	76	77	90	90	22	76	72	78	86	78	75	86	77	74	84	87	85	78	73	82	76	87	73	22	73	89	70	80	80	75	87	79	87	76	88	20	82	88	74	80	81	79	83	24	82	74	85	78	81	74	85	70	76	83	90	80	82	85	89	83	87	72	75	72	74	81	24	87	83	87	79	87	88	86	85	77	18	81	71	80	82	87	18	82	74	88	85	84	79	71	81	71	82	86	17	89	77	73	80	76	71	86	75	88	70	87	84	88	86	73	16	73	89	89	76	76	71	89	75	86	73	23	23	76	75	74	71	85	80	19	22	78	78	77	70	83	76	79	78	82	85	87	82	86	82	86	89	73	23	74	77	89	79	90	84	72	79	71	86	71	81	73	82	76	87	82	78	87	74	78	84	26	78	89	75	74	74	84	82	78	78	80	88	89	73	76	74	81	78	89	83	86	79	83	75	19	79	79	90	89	84	21	89	86	83	85
85	80	25	71	85	71	84	85	25	28	76	80	71	71	79	20	71	88	85	87	80	73	80	89	85	19	84	88	88	76	85	20	84	84	19	90	86	86	72	80	78	81	23	86	88	70	26	75	23	83	83	74	89	82	71	76	79	85	89	82	76	82	25	72	73	89	80	78	82	79	18	81	28	75	73	73	90	75	76	73	84	76	88	87	80	74	83	82	71	80	26	19	84	87	86	79	87	84	22	81	81	82	85	20	86	75	72	86	75	79	78	76	71	75	74	81	77	73	70	72	88	26	85	88	19	86	78	84	82	87	90	25	75	88	74	71	24	88	20	78	79	81	76	89	72	89	72	84	75	23	74	89	87	26	81	72	84	75	78	79	71	86	84	85	76	79	85	25	74	86	77	74	90	17	85	84	78	72	71	78	76	78	21	21	78	79	71	79	88	83	73	25	79	27	72	81	86	71	85	70	78	72	85	86	84	70	76	90	79	89	87	73	77	82	78	85	82	83	72	87	19	75	82	89	75	82	81	86	89	72	73	79	79	89	89	85	72	72	77	75	89	73	77	78	82	72	74	74	19	79	79	87	71	77	75	89	72	75	80	76	77	88	74	79	84	21	77	71	79	28	71	89	72	86	87	80	77	73	75	19	72	18	90	78	88	81	78	79	90	86	82	81	21	79	74	76	72	72	77	89	87	78	72	23	84	77	70	86	20	18	72	79	73	71	22	79	87	75	81	75	78	80	79	76	76	84	78	22	26	76	74	74	80	85	83	73	78	23	77	26	77	71	73	78	70	72	82	89	75	71	74	89	76	84	86	85	25	87	71	83	82	84	82	79	76	88	86	77	72	74	88	82	72	79	77	83	86	75	87	87	77	85	80	76	77	86	19	78	76	77	83	78	77	86	85	86	86	88	81	72	18	77	84	76	73	84	75	72	81	78	84	23	20	84	71	77	21	78	84	17	79	88	74	72	77	79	89	88	84	75	70	86	80	89	79	88	73	88	86	71	89	74	83	80	79	84	84	87	88	27	75	84	85	73	72	78	85	74	75	79	82	78	88	89	24	75	90	79	74	21	70	75	71	90	79	26	70	80	81	77	80	22	24	80	84	72	75	86	87	84	71	74	83	28	82	74	71	83	86	25	90	22	77	83	23	84	71	75	83	78	20	89	84	22	71	24	73	77	77	75	74	86	19	73	85	78	75	79	81	84	82	73	85	89	83	76	27	78	78	74	72	77	74	76	22	81	27	82	85	89	77	75	84	22	17	73	80	73	81	85	90	89	80	75	89	88	76	82	83	17	76	24	19	72	82	81	77	83	84	87	77	79	79	85	88	86	75	28	88	88	76	89	83	86	86	24	82	75	73	79	88	83	76	71	82	82	73	70	82	84	76	90	81	73	81	78	84	89	73	87	78	84	74	78	81	88	75	77	85	80	86	88	83	88	79	77	72	86	23	24	70	79	77	27	78	88	76	86	87	86	78	72	86	20	83	80	71	82	85	21	25	80	82	87	70	78	89	82	82	19	77	84	80	77	79	85	81	28	82	76	89	27	78	88	87	82	87	89	84	74	79	86	74	88	86	73	76	79	72	26	21	81	89	76	78	78	87	87	83	75	83	77	87	18	89	87	84	82	84	77	22	76	76	75	85	82	20	85	73	84	85	89	86	84	21	81	78	75	74	86	77	85	72	72	88	83	79	89	80	83	82	79	81	81	27	87	81	70	24	86	87	85	85	75	71	74	16	85	20	83	80	87	71	22	75	74	74	88	71	85	74	76	81	77	75	82	75	86	22	74	82	71	73	77	77	82	89	76	87	80
78	81	74	74	85	86	82	88	79	71	90	90	72	89	22	79	75	78	82	82	70	90	24	74	85	80	74	78	81	89	88	23	19	79	77	89	24	83	89	21	71	89	81	82	78	75	77	70	76	71	81	71	75	80	74	78	80	72	70	18	80	18	78	75	87	76	23	80	76	85	83	70	87	18	80	81	74	72	74	76	74	78	84	82	72	90	75	72	81	75	75	88	79	86	85	87	82	88	86	75	74	78	89	78	81	24	81	77	86	76	88	82	88	84	90	80	78	75	79	81	71	86	82	74	19	84	84	81	25	26	84	79	84	89	80	21	84	88	80	90	22	74	73	70	79	86	89	85	85	89	87	70	79	79	81	81	89	76	79	82	72	81	89	87	86	77	81	82	70	83	88	27	90	83	88	77	85	77	77	77	76	76	72	80	81	26	73	20	19	87	20	74	86	75	80	75	76	75	19	75	78	85	78	84	84	85	90	90	26	22	26	90	84	88	82	73	77	86	75	84	74	72	83	22	83	73	84	76	19	78	89	76	88	28	18	79	85	85	25	76	71	83	88	87	74	74	71	23	88	77	82	83	87	74	88	73	80	80	77	84	20	71	85	85	81	73	79	75	89	80	85	77	80	86	81	85	89	72	86	77	86	90	78	25	71	84	88	80	72	84	72	84	71	87	20	89	24	78	84	81	87	71	84	89	74	81	85	75	79	88	23	74	85	90	82	71	82	75	75	86	83	72	88	74	73	86	70	81	74	22	83	73	83	19	82	88	83	74	73	70	89	80	27	82	90	80	75	77	76	24	83	18	82	70	75	71	89	83	90	79	85	90	24	88	79	83	76	80	72	87	70	89	88	25	71	85	74	79	74	85	75	90	75	76	86	79	72	82	78	85	70	71	73	79	73	24	79	82	18	21	85	87	89	75	87	72	77	80	19	75	25	76	73	81	83	80	85	84	78	82	25	77	84	83	80	71	90	72	23	75	83	81	78	86	75	71	80	25	76	87	19	74	83	22	86	24	74	73	87	81	72	83	75	76	77	76	85	85	26	89	83	73	90	85	89	90	87	80	78	84	70	72	71	88	82	87	76	18	18	77	80	89	84	76	80	81	85	85	72	85	85	74	73	87	82	77	79	83	76	83	70	80	86	87	81	84	85	88	83	89	82	71	78	75	23	79	79	84	87	88	28	77	78	72	85	84	76	73	76	17	19	84	84	86	71	79	78	72	77	77	70	87	83	87	89	24	85	81	79	76	90	83	86	89	20	76	76	76	88	74	72	88	85	87	71	85	77	80	76	82	70	76	79	84	85	88	80	73	74	75	81	82	85	84	24	85	84	81	89	73	79	77	21	27	73	74	76	76	79	73	86	90	21	82	76	80	27	71	79	17	84	85	82	73	79	82	77	78	81	21	84	25	85	26	79	88	75	19	88	87	18	86	73	80	84	77	72	90	89	88	74	75	72	81	80	84	89	27	74	81	82	85	77	87	24	70	84	87	89	84	79	84	76	89	77	79	86	22	70	71	81	19	85	16	83	74	79	78	80	86	73	80	71	88	86	77	74	84	80	86	74	80	84	76	81	81	87	73	90	87	20	74	77	82	88	80	71	87	85	89	83	89	81	80	79	23	89	83	81	21	73	25	79	82	76	85	87	83	19	80	81	18	83	88	86	87	86	76	19	80	81	83	77	78	80	81	24	23	81	76	71	88	82	70	74	75	25	76	72	89	73	77	85	77	74	81	81	81	75	18	25	72	18	73	28	87	77	90	74	73	83	78	72	75	84	71	80	85	79	88	20	75	76	78	81	89	76	72	83	90
76	78	77	81	71	81	74	72	84	76	86	79	87	84	24	75	84	74	22	84	78	84	82	74	84	81	76	77	89	79	79	74	75	78	80	75	73	81	70	81	87	85	72	20	27	87	75	89	74	89	86	76	76	27	73	81	82	75	78	86	76	78	77	21	85	87	88	78	70	81	79	87	74	78	75	82	70	82	80	77	78	79	78	89	26	28	77	19	81	26	72	83	87	78	78	82	77	90	86	90	25	78	73	78	83	79	88	25	76	89	77	80	82	73	79	90	85	74	21	77	71	85	83	89	75	85	87	78	83	83	73	81	25	74	89	78	87	87	87	84	82	75	73	71	75	83	88	80	79	73	77	22	81	85	89	71	70	88	81	72	77	79	77	82	88	79	25	87	81	72	82	86	84	74	80	88	80	75	90	75	88	84	72	87	87	83	85	89	85	88	84	83	89	76	86	77	77	71	88	18	87	78	88	79	79	79	89	84	89	78	79	82	88	85	85	89	75	84	71	75	76	85	81	88	81	88	85	73	84	70	88	87	72	78	73	74	73	88	87	80	74	71	89	90	86	83	82	71	85	87	76	17	87	80	21	89	89	78	75	89	76	76	75	78	72	87	76	81	76	80	78	77	73	79	81	84	81	81	24	18	79	86	86	90	76	83	71	75	75	85	78	88	74	88	83	89	75	85	75	88	88	76	87	78	24	75	88	83	88	80	72	75	88	89	75	88	76	83	77	73	78	82	73	75	74	90	87	82	72	88	27	73	87	72	83	74	88	82	71	77	89	74	83	85	22	78	27	71	80	86	87	89	21	72	18	82	81	80	71	90	89	82	83	19	74	77	89	73	71	90	22	25	83	80	20	21	73	82	84	86	77	78	82	89	87	72	81	81	78	71	23	75	85	87	80	81	84	78	88	77	84	80	73	71	80	81	84	78	89	86	79	76	74	83	71	85	87	87	89	84	84	77	84	70	81	75	78	70	81	80	75	19	77	76	75	72	74	70	73	25	87	73	75	73	89	72	88	81	73	90	86	80	74	76	25	73	83	87	77	74	80	81	74	74	79	89	79	76	89	90	73	27	21	79	75	75	27	77	83	75	85	74	72	76	71	85	20	73	86	87	90	27	81	79	70	80	79	81	76	79	72	75	87	79	77	81	88	72	81	82	79	81	81	72	75	76	82	78	81	20	84	87	79	85	73	71	83	80	86	79	84	72	88	84	81	26	89	79	20	82	87	87	73	87	73	74	77	73	79	72	79	74	84	81	77	72	82	78	77	75	72	84	72	22	81	78	82	21	80	88	83	77	72	72	84	71	83	74	82	80	81	81	88	73	88	21	83	74	76	79	83	22	85	74	27	83	21	73	82	85	72	25	76	72	88	87	79	72	80	81	82	23	81	80	85	79	71	83	22	87	82	77	78	74	81	76	79	77	79	77	87	29	85	83	76	82	25	80	72	77	24	71	84	82	17	89	81	76	79	88	18	71	81	81	88	83	74	89	84	73	83	27	76	76	79	79	73	81	84	75	78	80	84	87	89	72	89	76	76	77	77	81	83	81	71	86	84	86	85	81	87	79	87	72	26	85	86	83	77	72	72	80	86	76	79	77	76	88	85	79	77	74	27	75	71	72	72	25	73	87	86	83	83	71	89	80	86	72	74	89	19	72	73	20	78	77	20	84	19	76	80	75	23	25	70	82	90	81	76	19	72	72	84	87	83	86	85	88	81	82	80	82	79	77	74	72	73	82	89	74	84	87	73	88	82	25	77	86	83	80	87	82	88	71	70	80	90	77	77	87	89	85	75	85	71	72	77	74	71	88
80	72	85	79	81	20	85	75	85	85	72	71	88	75	84	75	23	22	88	72	81	83	87	85	77	81	83	77	83	83	21	82	71	76	84	83	75	75	71	76	87	76	81	76	89	77	75	75	85	72	72	83	83	87	88	82	72	81	89	88	88	82	87	86	70	90	71	86	79	82	90	88	86	81	90	89	25	86	71	22	77	18	24	87	71	82	79	82	79	89	75	81	73	19	71	70	24	87	23	73	75	86	86	77	83	88	73	84	85	77	76	80	74	84	73	25	74	78	77	73	81	24	23	80	76	23	77	84	74	84	73	89	78	78	20	76	79	74	85	89	85	76	84	87	82	86	21	89	83	70	88	90	76	82	72	25	89	79	82	83	73	85	87	81	80	86	86	73	79	71	81	80	81	85	73	78	25	83	87	23	80	70	82	81	77	86	82	86	85	76	87	26	78	85	89	80	75	89	81	89	81	86	72	85	84	78	19	77	85	22	73	25	76	72	86	80	73	74	90	23	84	76	86	71	72	88	74	90	79	86	81	88	76	77	85	18	79	24	84	86	83	78	72	88	80	75	78	86	83	78	71	78	86	79	78	84	81	81	89	73	74	78	76	86	83	83	75	76	24	82	77	26	70	84	80	87	79	74	85	81	70	72	70	88	22	26	73	74	85	72	87	83	73	77	74	83	80	89	88	78	81	77	71	73	75	84	83	24	75	71	82	20	86	80	88	70	83	83	82	80	23	85	85	75	71	79	78	88	81	82	27	85	82	71	78	81	81	74	84	89	85	18	73	19	85	78	85	71	72	90	24	74	85	82	87	84	75	90	75	82	72	80	73	80	84	19	79	73	88	28	70	79	89	72	73	79	83	75	82	72	87	73	83	76	74	89	72	72	89	74	83	75	85	77	79	77	22	76	77	73	87	77	88	88	89	87	72	73	19	82	73	73	85	76	83	87	79	80	87	80	71	72	90	72	74	71	72	90	75	18	80	80	19	77	70	78	84	78	81	83	73	86	81	85	79	78	89	73	76	74	70	73	78	19	88	28	70	80	83	89	16	77	25	81	87	16	88	15	75	75	75	26	72	77	79	88	83	79	84	27	16	70	73	84	81	82	80	82	78	25	72	82	80	75	88	83	78	85	86	79	77	87	71	74	74	73	84	88	78	71	70	84	73	89	81	73	89	24	77	71	76	88	74	71	16	89	24	72	81	78	90	83	87	22	16	84	84	82	81	80	88	74	83	85	73	87	76	90	71	83	79	81	87	84	81	89	85	73	80	85	76	82	79	72	73	87	72	89	79	89	71	70	77	86	82	83	27	16	79	83	78	90	74	72	75	73	77	90	81	84	85	83	73	77	89	90	78	24	84	81	84	23	83	77	76	70	71	83	88	80	81	77	75	88	76	18	89	72	87	82	84	86	22	79	80	73	77	74	73	20	77	80	76	76	82	83	79	71	82	78	24	75	74	74	73	75	82	84	78	71	88	70	71	75	87	87	76	73	77	87	85	89	81	81	87	74	88	82	72	78	74	90	90	88	76	73	71	75	80	88	84	84	76	79	77	22	90	86	20	28	71	21	74	78	75	78	82	26	25	83	73	86	82	87	75	24	75	71	89	77	72	80	24	80	76	75	78	82	75	73	23	79	81	88	86	74	81	71	81	74	75	81	74	72	78	87	85	87	81	19	83	78	89	80	89	85	82	84	72	84	76	71	87	81	23	88	71	74	89	84	84	80	80	74	84	79	80	25	84	79	76	85	86	74	71	70	88	85	77	83	84	87	81	25	74	80	79	80	90	76	82	77	81	81	76	21	78	85	89	89
73	83	84	81	82	79	27	84	76	71	81	23	78	78	78	87	74	22	81	82	82	19	75	88	18	86	27	73	86	21	84	71	72	81	78	72	85	89	71	77	74	21	79	77	72	20	90	74	82	17	72	80	79	75	79	81	85	88	76	89	77	74	89	88	80	76	88	19	88	85	77	88	74	78	71	85	86	84	85	83	72	84	83	21	74	89	84	77	81	76	89	81	72	17	22	90	89	74	74	71	75	27	78	83	85	78	76	84	81	80	86	77	84	76	82	86	85	25	73	78	82	89	71	76	73	21	72	73	76	84	79	83	71	70	16	83	77	76	86	76	85	87	87	73	90	77	75	89	85	73	85	72	83	77	19	80	86	88	83	77	74	81	73	88	87	79	76	82	76	76	72	87	83	73	78	82	77	20	80	71	83	25	80	82	85	25	82	82	82	83	86	88	77	83	89	89	77	89	84	80	84	89	87	70	22	72	76	87	89	79	86	70	81	81	85	26	75	82	73	70	71	73	85	72	70	75	72	82	71	84	87	75	80	26	82	76	85	87	75	74	77	84	73	75	76	79	79	71	79	77	84	88	76	23	71	78	88	74	24	74	78	83	74	71	70	87	88	74	72	73	83	80	74	89	73	17	81	85	90	83	80	78	87	78	21	82	73	87	70	84	84	22	76	81	85	77	76	71	79	73	86	81	77	86	85	86	84	72	84	83	82	82	24	80	71	84	75	74	23	84	85	82	87	74	82	75	25	90	87	72	76	71	81	74	77	74	84	87	26	83	87	83	83	71	86	77	80	73	84	71	80	79	74	89	75	78	80	76	23	25	75	73	88	88	74	77	87	72	72	84	20	73	88	87	84	70	90	74	73	87	87	87	72	85	81	88	80	81	84	79	84	86	77	26	21	88	85	77	83	82	72	78	72	79	72	81	77	88	87	83	84	81	18	27	79	74	78	83	85	88	76	80	83	82	71	72	81	77	71	77	79	87	86	18	79	74	78	81	82	79	81	81	73	84	70	86	87	81	87	79	19	73	87	78	78	87	20	76	77	75	19	89	83	85	86	80	25	76	26	75	88	77	86	86	83	80	75	72	74	86	76	89	83	80	20	83	87	75	24	86	79	78	73	81	86	73	76	70	72	76	74	77	21	75	22	79	82	73	73	85	88	70	87	79	80	74	85	86	78	80	28	71	89	83	74	73	78	80	88	76	76	75	79	20	74	72	86	20	83	87	81	22	85	76	74	89	80	79	77	73	82	73	76	78	73	19	86	72	78	21	76	75	75	84	86	86	75	85	87	82	90	87	85	87	71	77	78	85	28	20	75	74	79	75	83	79	80	75	79	79	20	20	74	85	70	71	87	82	85	81	19	84	73	81	78	87	86	81	82	71	76	82	79	82	73	76	83	90	75	86	17	73	79	86	82	81	84	72	78	78	83	84	85	83	87	21	72	88	88	24	79	84	76	72	75	75	83	75	83	25	76	27	71	79	84	81	81	88	75	78	83	86	29	87	82	78	73	85	81	88	75	74	24	76	83	85	88	74	85	72	70	76	83	80	23	89	79	78	85	77	89	79	81	81	74	25	81	87	75	79	70	79	81	76	20	78	24	77	87	77	86	74	71	71	70	77	81	75	84	84	72	70	17	82	78	77	83	87	23	75	74	75	79	71	71	74	83	82	79	75	76	70	87	71	74	82	84	81	83	89	82	71	86	75	73	89	78	78	71	24	72	85	87	90	81	89	85	83	84	76	74	70	84	79	86	27	77	77	73	83	20	19	79	90	85	72	19	77	72	84	88	83	78	74	88	74	73	81	89	87
78	25	73	72	76	83	79	76	77	72	16	70	73	77	73	88	81	77	72	89	82	77	81	79	88	78	89	27	79	74	82	76	72	83	70	80	26	83	73	83	19	89	78	78	80	80	70	73	26	72	90	26	23	86	75	89	74	17	74	77	77	75	70	87	77	88	22	85	74	83	83	71	27	74	80	84	82	90	87	73	21	74	89	70	86	71	85	78	89	80	76	21	83	78	79	79	79	87	81	84	77	26	16	20	87	25	81	89	89	70	76	77	82	70	86	80	90	82	79	83	74	83	74	85	75	87	87	72	71	79	79	89	84	70	73	83	23	21	86	81	82	81	86	76	87	82	88	26	79	72	71	71	86	70	75	85	72	90	87	18	84	86	83	74	81	79	23	74	82	78	73	71	74	21	89	70	79	82	74	79	89	77	19	85	71	86	83	23	88	76	83	84	74	83	21	74	73	78	70	73	78	89	83	72	72	78	89	82	78	86	89	76	84	75	83	79	85	83	77	86	85	84	72	90	90	76	17	18	19	76	80	86	73	88	75	71	27	70	70	75	79	84	87	83	72	82	77	80	21	75	86	79	76	81	89	89	77	78	75	80	87	77	77	72	76	75	81	19	84	72	79	89	77	73	75	84	23	85	86	73	86	75	79	85	71	90	28	83	74	72	90	89	77	76	86	85	81	87	77	76	73	83	80	77	71	85	83	76	79	84	71	80	76	82	76	80	73	80	73	79	77	23	82	73	89	79	71	82	70	84	71	89	82	18	86	89	83	84	90	90	72	82	80	84	73	71	84	84	74	76	89	78	22	86	84	75	81	71	80	74	71	76	78	70	84	84	75	76	75	71	87	23	73	76	75	20	89	75	22	75	90	29	88	79	86	82	71	76	76	84	24	90	24	28	20	82	88	79	76	70	71	25	83	79	77	18	21	21	72	70	81	23	72	89	21	84	77	77	18	75	74	88	74	77	80	71	88	85	80	88	16	76	70	82	89	85	78	87	73	76	86	77	78	87	86	71	18	79	76	26	78	77	27	80	24	83	71	86	72	72	81	77	84	85	71	82	78	72	81	79	71	86	86	86	88	88	70	72	19	78	78	71	75	84	88	90	87	71	81	76	71	86	81	89	82	77	77	85	25	76	78	86	84	26	87	82	76	79	87	27	81	87	89	75	84	84	77	79	19	76	85	85	88	80	73	90	86	78	87	84	76	75	85	71	77	80	72	75	89	83	90	82	70	71	89	85	82	85	82	84	82	80	24	89	85	77	21	73	70	77	81	83	77	89	87	24	80	75	77	73	72	78	80	71	90	74	78	88	80	74	76	73	74	83	82	73	19	82	77	76	77	81	80	71	78	84	73	88	82	71	88	88	84	88	18	89	85	76	18	88	19	22	75	89	73	81	79	86	84	88	17	77	86	81	90	76	82	87	89	84	88	72	88	73	71	85	89	74	80	79	86	22	25	81	71	78	21	26	85	76	72	79	78	89	77	20	90	73	78	79	71	88	74	90	78	81	22	71	90	87	85	85	73	82	86	73	74	85	81	81	79	74	23	25	83	84	78	72	83	86	87	89	77	27	83	83	83	72	28	76	88	77	78	19	85	83	78	89	88	81	20	82	80	85	73	72	77	81	87	86	76	25	90	88	82	78	79	81	71	80	89	75	86	73	75	72	79	89	81	90	24	83	87	86	76	75	78	88	78	89	74	81	89	79	74	71	23	72	85	88	86	84	71	25	80	81	81	83	85	18	77	85	88	80	78	75	22	72	76	76	71	78	85	25	76	79	78	75	89	71	20	89	73	24	89	71	75	79	90	72
73	24	89	74	80	82	24	83	72	84	85	85	73	80	84	71	77	72	75	71	70	73	77	85	19	17	70	90	74	84	84	86	20	79	79	77	90	86	77	82	72	87	85	87	82	73	85	86	84	20	88	71	80	90	78	70	73	17	75	85	75	82	87	86	78	79	85	72	76	74	84	79	85	76	78	71	73	77	70	80	81	85	81	85	77	77	83	19	75	80	79	84	87	87	71	84	77	71	86	86	86	84	19	90	20	82	81	71	89	25	86	80	90	79	18	78	84	84	85	87	73	71	76	80	71	82	77	74	76	87	71	81	75	72	83	85	87	18	87	77	90	77	74	80	73	78	83	75	75	81	73	78	77	83	17	71	77	80	90	79	82	77	76	70	89	87	79	26	84	80	87	72	84	88	84	73	87	83	78	78	18	73	71	20	78	89	89	76	19	86	22	87	85	72	78	84	88	80	72	71	19	76	88	28	85	75	77	72	85	71	76	72	71	82	83	80	87	75	79	71	74	73	80	74	80	84	71	71	83	84	73	75	79	70	83	80	82	87	76	83	75	77	83	27	87	85	83	72	73	87	88	74	82	72	81	75	70	87	86	86	72	86	77	88	75	71	86	70	77	89	88	85	86	87	86	73	73	20	88	70	85	76	78	24	71	76	88	82	27	75	18	78	89	79	78	80	81	85	85	72	90	83	84	23	72	77	72	81	78	89	22	79	86	80	80	84	79	74	87	23	79	83	74	88	79	76	72	80	75	77	77	83	74	80	78	23	81	86	85	79	86	87	26	82	75	75	78	84	20	87	84	18	74	76	73	77	26	82	74	72	86	21	79	81	83	20	86	20	82	78	71	88	71	72	76	80	74	19	89	23	75	75	72	71	89	86	88	81	83	22	71	73	73	90	80	74	20	89	89	87	80	87	79	82	83	81	89	82	86	20	86	71	73	74	71	83	89	82	72	73	81	88	81	75	83	74	73	74	76	86	84	73	86	81	90	90	25	77	73	82	82	84	84	85	83	81	78	78	87	85	79	85	78	87	88	88	72	88	77	84	80	88	81	71	70	82	24	78	87	20	79	72	70	90	84	76	81	85	71	88	78	80	75	89	87	89	83	71	79	78	81	78	86	81	71	76	77	22	75	23	86	73	70	74	83	76	72	86	82	78	72	19	71	75	72	89	25	84	73	87	85	87	90	88	70	79	79	73	73	88	77	77	26	76	80	76	90	90	81	88	20	89	80	88	71	84	73	74	75	71	86	84	87	82	81	88	74	19	88	75	19	83	72	70	85	77	77	87	83	81	80	87	73	79	85	79	84	90	83	19	90	76	87	90	85	81	71	73	87	20	74	72	80	82	81	79	80	90	85	78	72	74	76	86	79	70	27	70	86	83	18	85	79	86	73	80	85	86	78	20	88	81	71	24	24	89	82	78	78	73	76	87	86	16	82	77	83	82	87	86	81	81	88	80	73	84	85	81	82	80	82	80	84	88	90	72	24	79	88	84	78	28	86	79	74	88	75	71	73	74	77	21	77	78	71	27	83	25	83	74	78	75	77	85	85	80	24	86	89	78	70	75	76	71	74	89	81	81	71	81	72	78	85	74	71	77	76	80	88	79	77	71	75	87	25	86	84	88	78	77	87	80	87	75	74	26	90	17	86	90	71	78	81	73	74	22	84	16	70	90	73	83	83	81	89	20	27	90	85	18	20	26	24	77	77	17	76	71	81	85	71	82	86	87	78	81	71	72	71	84	83	71	86	23	76	72	86	77	86	71	17	82	76	73	80	82	84	88	82	72	80	19	72	88	84	76	76	78	78	18
74	84	75	26	80	83	82	80	72	76	81	23	84	87	84	20	72	71	79	74	84	71	82	83	89	90	74	87	17	71	79	84	80	23	71	73	71	79	78	84	84	86	26	80	25	70	82	77	75	77	83	72	90	27	70	18	89	90	78	80	74	86	82	82	82	19	86	81	77	21	82	79	73	80	76	84	87	77	72	72	84	86	72	21	81	73	84	84	74	85	71	73	19	83	81	81	83	71	73	89	76	84	79	82	86	82	89	80	22	76	19	26	16	79	79	71	80	26	18	19	81	78	84	19	74	90	89	22	74	89	82	72	87	85	73	88	84	83	71	73	82	76	75	23	28	70	89	88	85	77	78	70	75	76	73	75	78	85	85	85	71	72	72	23	24	71	77	78	81	82	84	83	88	71	80	83	74	77	70	73	22	78	88	89	83	85	72	82	73	72	89	82	81	75	84	26	72	82	17	78	80	80	71	77	82	79	72	89	73	72	79	83	79	25	18	85	80	20	76	88	80	81	71	77	84	81	86	78	79	79	88	77	82	87	75	89	85	80	84	73	18	77	16	74	80	19	73	87	81	75	84	80	88	71	70	88	74	73	76	84	73	79	78	82	73	82	81	83	71	25	74	79	80	86	71	74	83	81	84	87	76	18	76	79	77	72	81	71	76	21	71	86	84	80	85	71	89	84	88	74	78	19	90	79	74	85	81	71	85	77	72	78	74	88	79	79	89	26	80	72	89	26	83	77	87	83	86	79	72	87	90	23	89	70	22	24	87	83	87	87	88	82	83	72	85	71	82	84	85	86	72	83	79	19	81	76	83	82	89	77	84	85	77	83	25	87	74	86	73	79	76	76	72	23	83	76	82	75	78	88	81	29	26	88	86	83	87	83	21	76	86	88	83	77	73	83	72	89	73	70	75	83	82	89	82	17	23	90	75	74	76	89	79	76	82	86	80	79	79	81	73	21	75	73	17	73	24	78	72	16	85	82	78	83	82	80	75	73	75	72	76	79	86	86	83	88	88	76	72	73	78	26	75	78	90	81	76	71	72	83	73	84	28	88	77	78	81	78	83	88	81	81	74	89	88	71	77	81	85	86	17	70	80	78	74	84	70	74	73	79	22	26	76	73	75	89	72	74	83	87	88	71	86	80	89	75	75	73	82	80	86	73	23	25	72	73	77	76	89	86	89	86	87	19	81	73	25	80	71	71	72	25	78	90	89	82	88	75	72	76	80	71	84	73	20	80	77	84	24	74	22	88	78	80	84	89	88	82	78	75	81	74	83	74	18	80	75	83	86	81	72	76	19	83	22	76	89	85	81	82	75	73	83	76	71	78	72	77	86	77	82	90	84	71	26	70	84	74	82	84	84	86	75	71	70	89	73	87	75	72	86	73	72	89	86	88	84	83	86	75	86	89	89	71	24	76	79	80	18	83	87	88	79	88	23	89	87	83	88	87	75	74	75	75	20	25	70	90	74	77	77	25	75	89	88	88	74	76	90	21	72	71	81	87	88	72	80	82	83	79	83	85	75	77	26	82	90	86	76	77	74	89	79	73	73	77	78	80	77	74	24	89	23	76	27	76	90	87	84	86	84	79	87	78	77	76	81	86	77	17	76	81	74	74	87	76	85	73	77	74	83	71	78	85	85	86	19	80	82	90	86	86	83	73	73	88	86	79	81	75	83	76	73	83	84	88	81	79	71	84	72	84	82	74	77	89	80	74	83	84	81	86	90	75	84	88	82	86	88	71	84	89	80	89	75	70	90	70	74	80	87	71	77	76	25	71	85	24	70	18	76	78	90	88	21	89	90	25	86	90
78	75	85	81	81	88	79	17	75	71	84	76	25	88	78	72	85	85	76	21	73	78	70	76	81	74	73	79	74	83	77	88	88	86	83	79	78	80	71	77	73	71	82	89	84	82	71	72	75	80	76	74	25	81	77	74	23	85	79	70	24	81	80	86	75	72	88	19	71	80	79	70	88	88	74	76	82	73	90	89	84	18	87	82	88	80	70	81	25	83	77	78	70	85	80	73	80	80	79	75	71	73	84	72	89	88	75	77	82	89	77	25	72	26	75	75	79	81	73	82	86	82	90	81	87	74	71	73	83	70	75	84	89	84	78	89	73	70	75	22	81	78	87	23	87	19	77	78	77	72	88	75	87	79	76	84	74	73	21	74	17	70	77	84	74	75	80	81	90	84	72	88	75	73	89	75	85	23	19	89	81	81	79	80	81	70	80	82	78	84	72	74	80	25	72	84	17	18	75	85	70	84	20	76	87	73	77	80	78	88	86	78	90	82	70	73	24	90	89	77	78	21	74	80	89	89	75	85	78	82	71	80	82	89	86	73	74	78	87	85	19	26	88	84	87	78	74	84	80	87	19	84	78	25	73	77	85	80	88	76	73	77	82	82	90	78	72	82	83	73	82	75	28	89	74	17	76	87	84	75	17	81	87	79	84	89	79	84	70	88	78	77	83	79	90	79	73	79	24	85	77	76	76	84	85	81	82	74	84	75	77	81	78	85	71	27	73	88	83	83	71	86	74	74	74	86	26	81	82	74	79	75	86	70	83	88	79	79	27	25	82	83	80	74	80	74	81	85	73	72	77	79	77	81	87	80	77	72	87	85	77	87	72	76	89	83	81	20	76	88	71	79	79	87	19	89	89	90	78	78	84	77	71	80	79	76	76	90	84	71	85	83	87	70	80	26	74	75	71	74	79	26	82	81	88	83	73	77	86	84	87	75	85	71	85	76	87	28	83	73	75	74	85	89	77	71	24	18	71	74	75	78	84	87	77	80	81	25	86	88	79	73	82	79	90	24	78	79	87	80	88	72	85	85	71	83	86	75	27	71	72	82	85	80	71	82	86	82	88	78	82	83	24	79	78	74	78	19	75	74	73	82	76	71	71	74	72	78	72	88	79	76	81	72	75	77	88	76	79	89	86	22	76	72	74	85	84	23	80	76	75	73	88	78	77	80	71	84	74	84	73	81	79	79	71	81	71	70	80	82	85	87	72	70	90	81	75	77	82	79	85	74	72	81	75	87	79	83	73	76	89	72	78	89	87	21	88	79	76	81	78	24	87	88	75	72	77	83	83	81	83	84	76	24	89	21	75	77	70	86	86	72	82	79	73	72	88	87	75	75	73	86	88	71	84	71	88	72	78	76	77	84	85	19	77	74	83	24	86	85	75	79	83	90	77	18	81	23	77	71	88	73	77	81	76	25	78	89	82	88	77	76	82	75	71	87	78	24	85	73	84	86	71	87	82	87	75	89	71	25	71	82	21	79	81	83	81	83	70	73	72	89	73	79	86	20	70	86	73	76	18	81	81	72	84	79	77	74	85	84	81	83	24	86	72	87	86	86	78	85	83	87	84	77	74	87	76	79	85	73	73	26	72	18	73	78	77	79	78	90	79	17	88	80	71	71	24	87	82	21	73	80	77	85	88	73	89	76	83	16	85	81	82	80	82	77	76	71	83	20	80	80	80	82	89	71	76	77	27	85	73	70	74	87	74	84	81	85	88	84	74	72	75	78	88	81	80	25	74	81	22	90	79	79	87	87	75	71	73	78	87	80	82	83	87	78	80	85	87	87	77	83	80	86	78	90	77	74	27	89
88	85	83	78	79	80	86	74	76	86	80	74	76	81	75	78	85	82	84	74	74	77	82	26	80	81	82	87	74	79	76	76	70	79	73	77	88	24	88	73	78	82	87	84	88	73	76	72	87	74	85	83	81	85	70	79	90	76	82	20	74	70	74	75	80	88	74	90	24	77	72	19	77	76	16	19	73	81	73	76	75	75	86	78	73	72	75	74	71	88	90	74	80	79	77	80	80	83	85	81	87	79	73	74	71	83	83	86	25	86	87	82	77	76	86	78	78	88	80	72	21	79	75	72	89	75	26	86	83	90	87	84	78	87	86	78	82	81	79	81	19	74	21	73	87	81	80	24	74	75	73	71	87	75	87	24	18	79	74	87	90	73	86	74	79	74	86	73	72	89	71	25	79	72	88	79	85	83	83	81	83	85	79	88	25	80	81	77	81	72	72	74	72	85	22	71	84	74	77	72	71	79	82	79	82	85	72	86	86	84	84	80	81	76	83	89	83	86	84	81	88	74	22	83	71	83	74	74	83	89	83	75	20	88	80	85	74	81	85	81	70	75	78	24	22	77	17	83	71	26	79	79	22	74	85	84	27	90	70	72	73	88	23	89	86	77	79	72	81	75	23	70	85	76	77	76	88	21	79	71	75	84	82	72	75	27	70	88	85	18	88	19	75	73	84	20	77	71	85	83	21	87	72	72	26	74	78	77	87	71	85	87	80	86	71	82	79	76	73	79	79	87	88	73	74	80	73	86	85	82	75	83	86	78	77	76	75	77	70	80	17	75	74	83	82	16	86	84	73	85	23	88	74	82	78	75	80	28	80	81	77	88	26	78	73	81	76	82	82	90	80	89	78	78	86	71	84	70	83	72	90	81	81	78	87	23	19	88	75	24	80	79	81	75	74	79	87	85	82	83	89	88	80	25	87	73	83	77	79	79	84	90	88	24	84	79	87	90	76	83	85	84	84	73	84	71	71	74	76	77	84	81	84	76	78	19	24	74	76	70	22	90	72	84	71	88	72	81	88	89	71	74	83	73	81	25	18	84	75	27	71	83	77	80	87	87	77	86	78	84	88	73	89	80	20	87	83	85	77	78	81	86	80	83	71	73	79	73	73	87	90	89	86	79	82	74	81	86	77	89	22	89	90	70	89	87	89	71	19	70	76	73	81	89	75	80	82	76	16	89	86	74	87	88	74	79	85	77	87	77	82	87	29	90	86	72	82	20	72	88	73	80	88	23	77	86	23	88	82	18	90	71	88	89	73	88	72	83	81	18	89	82	77	89	80	70	79	20	72	75	17	76	70	90	89	86	82	81	89	83	78	83	75	79	88	86	89	89	77	73	87	82	21	26	80	72	80	72	73	71	75	73	78	75	74	71	84	82	90	16	83	89	84	19	84	90	84	85	88	80	71	77	25	88	84	82	83	84	84	71	88	76	86	70	73	74	84	77	86	78	88	79	24	24	86	76	86	72	78	79	18	81	84	81	83	85	71	84	79	79	79	79	76	85	90	85	81	81	89	80	89	76	81	84	73	86	78	70	72	82	84	85	85	87	87	86	77	78	77	87	82	78	81	74	80	80	87	82	86	81	74	86	90	82	78	83	84	79	75	71	79	19	83	71	25	77	70	78	79	78	74	76	72	72	71	76	78	88	76	80	83	83	86	78	85	85	89	70	85	76	88	72	83	90	76	85	87	84	75	87	82	79	84	83	74	85	77	80	73	82	23	89	83	71	84	84	79	82	90	85	90	75	85	81	83	74	80	23	85	78	89	82	75	81	26	73	89	75	88	86	85	86	16	24	79	76	86	77	71	70
71	78	84	85	77	83	83	82	87	75	71	72	78	80	71	78	79	87	79	70	83	19	81	27	89	82	72	88	76	86	76	73	89	84	75	81	77	71	82	82	22	78	73	87	74	87	70	72	71	89	77	84	89	86	74	86	74	82	18	86	86	78	77	73	71	19	81	75	77	76	71	76	85	74	88	20	77	76	85	23	83	88	72	84	71	26	21	77	88	85	80	85	71	71	88	71	82	70	85	73	85	76	76	71	75	82	78	21	83	24	86	75	16	82	18	75	21	72	72	79	78	70	75	89	81	83	77	73	74	74	87	78	86	79	80	23	73	78	75	73	90	88	87	88	89	72	74	88	20	73	20	19	81	84	72	86	71	88	21	71	73	80	71	80	86	71	79	81	82	71	77	89	72	75	72	74	85	83	81	75	71	80	87	77	73	77	73	83	81	78	89	79	25	88	86	77	88	84	80	75	90	72	85	72	89	78	88	71	86	78	71	84	82	29	71	87	74	84	85	75	89	86	75	83	23	24	81	82	75	74	25	79	79	84	72	87	72	27	76	80	73	86	18	86	88	72	85	79	86	76	82	79	89	87	73	88	75	21	84	73	72	74	74	71	85	74	24	77	89	79	26	88	87	79	89	73	87	78	89	82	77	90	81	83	88	86	85	76	71	71	85	82	71	88	81	88	74	74	85	75	81	78	75	72	75	80	71	83	82	80	88	21	79	83	87	77	77	83	77	76	89	77	72	18	79	89	76	76	87	79	79	80	22	72	19	71	78	86	81	86	77	77	75	83	74	81	85	70	80	23	88	71	85	88	82	20	74	72	89	82	89	79	76	72	71	77	28	81	87	82	87	73	76	86	84	80	84	75	88	79	72	72	84	82	83	23	90	70	84	76	86	70	71	72	80	78	75	81	74	83	71	77	74	84	86	80	72	76	78	89	86	88	83	85	88	86	89	84	78	18	87	75	78	89	74	80	84	80	22	77	72	73	72	77	17	17	89	71	79	73	72	22	89	76	85	73	88	21	76	71	74	78	77	86	70	81	72	20	85	86	77	77	80	85	22	78	76	77	82	78	70	81	78	89	86	75	90	74	82	72	88	21	86	83	84	75	83	80	80	84	74	83	22	76	20	73	72	87	78	82	82	79	81	80	85	89	20	85	81	87	76	79	25	78	86	79	73	84	90	90	73	85	75	75	77	74	80	83	89	89	89	80	88	71	73	80	82	78	89	82	81	75	74	75	76	85	82	85	79	82	22	24	83	74	86	77	86	79	22	90	79	80	88	88	71	72	82	72	74	75	77	85	79	75	21	76	87	16	24	85	87	87	25	73	79	74	87	77	79	85	78	74	87	84	74	74	72	77	86	24	71	77	81	72	71	77	81	27	89	89	71	75	25	81	75	71	82	85	88	77	81	81	84	79	76	76	87	73	73	72	21	81	74	76	89	82	83	81	88	86	86	80	82	78	75	88	81	82	89	71	81	71	71	83	22	85	78	80	82	73	77	77	83	71	71	85	79	87	80	81	88	82	81	86	71	82	76	74	26	18	87	73	76	89	88	83	86	17	70	79	81	85	71	90	81	72	75	78	81	88	80	81	19	70	76	85	71	78	76	84	87	74	77	77	89	86	78	70	78	76	79	81	85	83	20	77	76	90	74	80	22	78	86	78	87	71	22	79	71	71	89	21	83	75	75	76	73	87	89	90	89	78	72	19	85	17	82	73	71	82	88	72	76	78	83	77	77	86	87	79	86	77	71	88	27	70	72	77	72	70	82	86	71	71	76	84	73	80	81	90	90	76	88	78	76	81	89	85	88	74
89	81	73	24	89	86	86	87	87	83	77	89	73	75	80	77	23	77	75	75	87	79	86	89	88	90	78	81	80	22	84	79	87	80	88	83	86	80	20	85	83	81	71	75	82	23	26	21	79	83	89	89	70	73	78	20	80	89	73	80	26	77	78	77	21	86	81	84	77	71	85	76	79	84	18	83	86	79	75	81	71	71	74	88	84	73	79	80	78	28	85	89	72	85	85	88	84	74	80	81	88	86	75	71	77	80	75	77	76	86	79	78	71	88	79	70	71	77	79	85	85	83	90	89	75	82	80	79	87	26	85	72	80	74	70	84	89	86	85	70	88	79	83	89	71	81	78	78	86	89	77	81	82	26	86	88	73	88	76	88	72	84	85	77	71	89	88	83	85	18	23	88	70	82	71	71	76	81	89	25	77	77	85	89	77	88	84	86	80	81	89	75	86	82	86	84	88	89	84	87	82	82	87	77	90	76	79	16	81	89	78	21	19	74	79	22	26	73	80	84	89	73	79	77	76	74	83	83	72	27	82	81	75	80	79	85	87	83	85	70	85	84	86	84	24	79	89	89	81	74	21	90	81	84	87	71	83	85	81	28	22	19	77	22	83	87	87	82	77	70	88	86	84	85	24	88	90	71	26	88	80	81	25	87	74	77	29	79	80	79	74	83	79	76	81	75	78	73	79	79	21	85	83	76	72	24	24	77	88	82	82	73	87	80	84	72	90	73	79	22	78	75	20	86	71	81	74	78	25	79	90	80	77	90	84	82	25	75	78	73	84	16	84	76	72	81	77	72	85	82	88	84	80	18	90	80	78	85	79	71	88	77	85	81	23	71	29	85	89	88	79	90	77	75	78	82	86	75	72	79	71	76	25	82	74	85	80	16	20	72	84	83	85	77	80	71	87	26	89	89	86	79	79	82	76	72	85	79	84	90	85	88	85	82	72	71	85	72	71	87	87	87	76	25	82	70	79	85	79	87	80	81	79	16	79	73	75	70	80	73	73	77	79	83	18	74	81	81	72	88	77	28	83	83	82	71	84	84	86	87	79	17	79	86	77	80	74	70	86	88	87	82	84	81	71	75	88	70	75	72	89	73	87	85	84	19	82	27	86	89	79	84	82	84	85	79	19	86	78	87	24	84	78	25	83	85	88	79	75	82	86	89	79	83	73	23	81	85	74	80	76	74	19	17	18	77	86	78	75	85	18	72	87	84	84	74	80	78	74	74	77	85	89	89	72	74	76	87	71	88	77	75	78	78	85	77	88	77	89	86	17	89	85	22	74	78	28	84	17	20	89	89	73	85	74	70	86	81	78	80	71	20	87	18	80	21	72	81	85	86	72	84	73	73	79	79	90	79	81	83	71	76	85	18	88	86	87	88	19	87	82	84	81	85	88	87	20	89	82	79	73	83	76	82	74	86	23	85	19	74	80	84	89	76	80	81	88	84	88	89	86	82	72	81	90	70	74	85	73	89	86	72	80	86	76	81	81	82	76	86	75	85	85	71	76	74	90	76	86	88	82	79	71	75	88	74	18	79	76	76	74	81	74	73	89	78	70	87	71	81	74	20	80	82	72	87	75	80	86	28	74	79	77	83	74	74	90	78	82	80	89	75	75	76	88	76	71	75	79	89	84	78	71	80	76	81	87	78	76	78	77	81	70	81	75	23	81	72	83	83	78	76	81	83	78	79	78	88	75	87	78	76	73	87	78	76	88	86	81	72	20	24	83	88	74	75	89	81	84	85	75	90	71	75	81	71	75	24	88	87	77	75	22	87	83	76	88	86	89	87	82	83	73	73	88	71	88	78	83	76
88	81	83	77	24	85	86	86	84	29	87	71	83	18	88	81	87	83	85	83	70	82	70	78	70	85	28	82	84	74	83	82	79	87	90	22	71	79	89	71	87	78	87	82	79	85	87	89	88	90	20	81	80	71	88	84	74	87	73	80	76	87	72	89	75	70	73	90	85	74	84	83	81	81	83	84	70	78	87	78	85	70	82	74	77	80	85	86	73	72	78	84	82	86	85	71	85	25	80	79	90	83	82	89	79	70	75	87	80	82	82	73	81	78	79	87	80	72	86	80	85	78	81	78	75	78	70	80	78	85	22	78	88	71	82	79	75	84	72	85	81	24	79	87	27	88	23	87	90	77	88	88	82	89	81	84	20	19	76	80	90	20	20	27	73	89	74	85	20	79	22	73	73	82	78	75	84	83	87	81	82	84	83	85	77	87	78	72	84	75	87	85	84	76	70	88	72	85	82	79	90	89	79	27	82	17	79	82	27	82	73	83	81	82	21	89	75	79	80	79	88	82	73	85	79	84	18	76	78	81	24	22	77	71	70	83	82	76	70	25	73	75	86	75	79	74	83	71	72	26	85	86	85	77	82	19	27	78	85	79	71	84	73	23	73	88	73	76	87	83	89	80	77	90	85	89	88	85	85	83	75	80	82	80	81	79	88	70	78	85	76	71	78	80	20	74	82	88	75	80	73	73	28	72	85	76	72	85	81	77	75	75	72	88	88	88	18	79	22	88	22	77	16	80	85	76	76	23	76	75	73	77	74	72	89	85	81	77	70	78	17	83	88	85	79	75	81	20	87	82	80	79	71	75	20	85	86	70	80	70	23	88	83	79	83	84	71	87	77	72	83	84	27	72	83	75	23	74	72	85	70	79	90	86	76	75	86	78	83	76	85	20	81	72	74	87	81	86	79	76	77	83	16	87	71	89	86	77	81	89	26	88	76	75	81	82	73	74	76	71	73	71	21	79	19	21	79	22	77	73	77	71	89	73	80	81	76	84	90	73	83	81	78	86	90	72	82	78	26	85	84	87	70	81	70	73	88	23	72	73	76	18	87	86	73	88	86	74	80	89	82	80	76	21	87	82	74	83	86	73	85	71	24	89	82	90	18	26	88	89	84	81	86	77	23	19	74	83	78	72	82	84	84	71	87	85	72	90	19	82	79	90	77	90	86	88	88	73	77	21	80	20	88	87	83	85	90	79	80	86	82	75	71	83	83	74	82	87	82	23	72	73	72	89	85	80	71	89	83	82	73	74	81	87	75	80	78	71	82	85	79	78	83	89	73	81	26	77	89	88	86	24	85	78	75	79	80	86	82	74	87	77	85	80	82	77	73	25	18	84	88	74	71	81	86	80	20	82	83	79	72	71	20	73	84	21	89	80	73	78	77	76	79	19	85	73	70	82	23	79	72	82	85	76	86	89	83	78	72	71	85	26	24	18	21	24	78	80	25	85	72	87	77	86	79	87	78	82	22	72	80	86	22	83	82	73	72	84	85	83	75	75	83	78	85	73	86	74	20	88	85	75	84	71	78	84	76	72	87	83	86	72	76	26	78	23	89	75	88	72	84	90	78	72	81	74	70	26	88	88	85	79	80	82	82	75	71	78	75	86	22	73	71	90	81	75	78	87	18	72	80	70	75	73	84	24	84	71	77	71	82	79	87	90	90	89	71	80	80	79	74	21	72	86	88	85	81	71	82	77	85	88	81	70	76	75	74	16	76	85	79	85	88	27	82	25	17	80	23	71	81	86	18	74	83	84	86	89	86	83	84	76	72	81	76	24	87	74	86	77	76	22	81	78	90	72	71	90	70	18
89	81	88	75	25	86	75	84	84	86	79	84	76	86	77	82	86	78	20	75	19	75	74	88	88	81	77	80	89	76	72	73	82	24	73	74	76	76	86	77	83	88	85	72	84	71	81	85	80	80	87	80	77	88	90	82	79	84	71	71	77	78	83	73	86	86	80	71	81	70	72	79	71	78	82	74	82	85	71	75	83	81	76	78	88	84	76	73	84	88	89	80	77	89	22	89	78	73	83	80	76	88	78	72	77	86	85	81	70	87	71	83	90	82	78	89	80	73	76	74	23	82	25	72	72	75	85	87	73	77	73	87	86	70	89	85	81	83	80	89	71	73	73	75	90	77	80	85	22	90	83	78	82	85	81	84	77	81	89	85	84	88	89	72	75	86	87	76	88	87	82	76	87	84	79	83	87	74	70	89	81	75	81	86	78	71	75	71	78	21	83	73	82	89	82	82	74	81	78	76	88	87	70	70	71	16	82	78	86	85	70	79	77	76	82	77	81	77	70	71	72	88	70	77	78	24	71	80	89	76	73	74	73	88	76	84	85	74	75	90	72	82	86	87	79	85	81	82	81	73	83	70	78	75	82	86	83	71	73	77	78	88	88	80	76	20	77	76	86	90	79	87	76	76	89	89	72	75	89	73	87	80	75	74	79	85	76	87	76	81	72	72	72	26	85	84	82	75	86	88	76	70	70	89	75	78	75	82	88	86	86	78	84	26	71	89	76	83	82	74	90	78	76	82	79	28	88	74	87	76	72	23	26	81	88	85	77	71	70	78	79	78	79	22	74	89	83	77	22	76	74	71	80	78	79	70	80	85	70	25	77	70	77	82	82	79	71	83	74	87	71	88	29	79	78	86	78	80	82	79	76	80	76	80	80	78	75	76	79	87	72	89	78	88	87	86	83	81	90	89	75	79	89	77	26	84	79	73	85	80	83	88	82	88	88	76	78	73	80	82	81	81	71	79	79	75	86	86	80	79	72	85	74	83	73	77	75	76	71	73	84	88	78	82	76	76	75	81	71	87	18	82	76	78	82	78	80	75	89	80	90	73	82	22	77	18	86	78	78	73	73	83	84	75	74	89	86	90	90	88	90	78	85	76	74	74	82	80	73	72	79	84	24	90	88	72	75	78	84	80	83	87	19	75	81	72	72	74	80	27	72	79	87	78	24	75	84	74	80	86	80	87	71	73	85	86	79	19	79	78	81	82	76	75	78	87	76	80	88	81	71	86	71	80	84	82	89	72	83	80	72	86	73	24	85	74	86	70	77	78	83	88	75	89	82	84	82	89	70	70	87	88	77	84	88	75	71	86	75	71	26	89	72	86	84	87	75	89	76	71	76	84	87	84	77	76	71	87	87	82	81	75	82	85	83	90	79	88	86	85	83	82	82	86	76	79	85	79	72	79	81	77	71	84	85	26	73	76	88	71	72	81	71	85	80	74	76	86	86	71	75	80	87	87	73	78	73	90	74	85	77	78	77	23	71	19	25	19	22	72	78	75	72	83	26	73	71	84	18	71	73	84	75	74	76	86	72	88	76	80	84	85	83	89	80	87	77	74	77	85	89	86	82	89	76	79	89	81	85	83	75	76	71	77	77	76	81	80	84	87	75	90	75	72	83	74	83	73	78	75	73	83	87	74	75	81	74	88	80	90	87	77	72	89	72	77	88	89	72	89	85	79	76	73	77	76	77	82	77	88	82	78	83	88	74	87	90	80	87	84	79	77	76	70	74	79	75	89	84	72	80	86	89	89	83	76	81	78	90	74	88	75	75	80	87	84	76	75	88	73	83	72	72	73	86	71	73	72	85	82
wj																																																																																																																																																																																																																																																																																																																																																																																																																																																																																																																																																																																																																																																																																																																																																																																																																															
21	69	38	98	62	82	3	56	28	87	63	92	30	67	29	72	70	77	41	16	90	38	82	66	60	14	60	55	82	7	29	49	48	24	68	100	2	11	28	54	35	8	85	21	59	36	82	66	18	95	26	72	49	60	79	73	9	10	69	89	34	40	6	57	11	6	18	11	31	92	92	13	44	67	39	86	83	48	35	1	72	44	43	9	78	44	8	12	6	20	90	93	67	82	27	8	34	47	18	19	73	93	95	48	35	21	100	82	3	17	40	47	49	7	22	71	47	31	41	42	23	92	54	84	48	96	15	71	15	91	18	9	11	54	39	76	59	96	26	71	59	47	56	55	72	99	66	86	10	9	57	77	23	56	53	71	63	84	28	13	97	29	54	42	64	100	57	67	95	61	50	88	12	45	62	46	62	92	96	87	86	92	65	44	91	53	48	100	20	21	92	41	24	29	65	64	89	47	47	58	51	3	69	8	29	30	36	30	87	58	21	3	58	90	22	40	86	23	76	40	95	92	30	82	62	43	91	90	81	2	90	26	99	27	8	40	74	54	35	43	95	88	13	3	75	35	91	88	44	87	54	27	69	10	24	77	22	99	5	13	10	82	3	84	80	63	45	15	88	29	2	18	25	52	79	7	9	96	70	87	20	31	18	46	42	71	89	57	78	75	31	15	24	75	57	90	97	18	40	17	33	35	37	78	44	47	46	39	25	44	66	49	18	8	40	15	56	24	39	93	95	76	13	15	18	35	58	10	47	96	11	56	11	77	35	75	13	45	42	4	44	32	68	87	12	49	19	42	63	24	94	95	13	16	30	70	67	78	3	4	49	97	18	63	69	63	52	87	50	41	52	88	11	36	98	31	12	82	68	58	14	96	67	71	58	80	60	51	39	57	56	57	27	2	37	38	19	66	13	11	98	53	3	75	51	26	14	74	13	62	8	11	26	55	79	77	21	4	93	19	28	39	39	71	37	94	38	50	25	80	2	71	72	19	35	52	77	85	72	98	96	91	38	53	28	54	44	4	22	48	7	69	99	58	69	24	32	52	40	31	2	3	33	90	86	56	16	16	97	50	17	71	58	46	37	68	25	69	39	2	6	81	38	33	23	81	21	99	58	26	22	91	22	8	69	84	32	84	28	44	50	80	87	75	14	53	69	51	27	68	64	37	70	71	32	59	80	85	27	78	26	65	63	10	89	10	11	30	88	46	36	85	86	28	60	88	81	12	44	90	89	40	26	3	38	4	35	34	25	20	73	60	67	84	2	70	9	30	72	19	69	43	94	7	24	47	23	71	46	13	17	15	12	58	45	86	43	71	78	3	59	67	62	28	11	9	61	90	43	21	22	59	79	26	38	27	23	12	79	38	56	18	89	45	52	46	99	82	98	44	34	57	8	84	95	2	82	49	31	70	47	13	37	72	11	84	72	53	19	25	5	50	38	60	41	96	57	72	99	4	64	100	65	52	27	66	70	76	51	48	13	90	37	99	62	61	89	68	69	80	52	38	81	82	37	84	72	45	69	7	46	24	18	42	88	83	52	27	66	93	52	82	95	10	36	54	40	3	50	55	90	16	82	27	64	28	26	27	97	52	53	85	97	64	5	11	69	73	48	33	72	57	36	11	21	32	31	42	3	37	85	24	92	82	89	60	60	59	35	6	9	54	38	44	40	56	50	77	11	52	86	46	43	97	90	48	77	68	17	72	51	96	73	22	83	51	91	22	41	78	64	6	85	38	45	68	78	19	4	23	3	83	74	68	13	99	72	12	7	50	17	92	35	63	69	75	40	61	41	11	50	11	39	52	72	87	83	32	71	46
