pij																																																																																																																																																																																																																																																									
24	40	85	75	50	42	70	60	14	49	75	76	16	99	71	43	43	18	56	32	43	49	21	98	65	12	69	72	42	39	58	36	85	70	82	43	11	10	49	18	42	43	69	85	25	24	98	75	49	51	22	54	27	60	62	92	32	74	86	50	30	84	75	21	87	47	39	52	46	78	100	51	98	19	85	57	66	76	53	93	99	16	51	98	12	34	39	97	30	73	23	39	40	55	18	18	86	16	83	89	61	46	59	32	46	89	12	73	98	65	85	48	73	51	91	87	93	63	36	63	30	20	51	59	80	69	38	64	99	45	67	16	78	80	59	27	71	15	21	24	85	97	100	75	32	56	79	85	77	51	95	53	79	63	13	99	49	17	57	47	46	72	88	46	40	32	57	21	62	100	83	17	87	60	36	28	100	25	44	51	13	27	52	32	59	27	36	75	96	98	38	76	39	17	49	66	15	90	96	69	57	88	73	33	36	77	44	23	42	19	37	77	98	80	50	23	28	28	54	15	30	82	92	82	35	65	53	16	57	11	45	78	40	43	42	72	66	34	56	67	100	45	18	40	46	41	24	12	92	32
80	13	73	51	16	97	13	90	23	96	24	38	47	90	93	84	61	79	66	95	37	74	67	68	57	96	54	64	32	90	16	82	41	38	95	40	33	71	28	77	62	72	63	64	91	100	42	90	94	30	50	52	19	22	79	11	73	42	50	28	62	35	31	91	15	46	43	96	69	75	83	89	40	34	47	69	96	23	51	95	49	20	92	50	49	35	24	96	14	46	43	72	19	85	95	11	85	32	36	34	67	84	83	23	50	16	53	93	28	14	74	65	53	50	55	52	48	65	50	79	34	12	59	97	36	96	87	36	29	37	19	47	59	60	59	26	80	85	85	44	90	11	10	60	72	17	33	80	66	13	61	73	95	44	17	21	52	31	12	53	30	34	19	64	35	86	93	33	56	52	94	54	81	69	32	81	16	89	64	89	41	33	26	46	100	36	75	58	55	13	82	30	64	42	30	49	36	63	13	22	47	47	93	21	49	98	86	97	97	44	20	47	19	29	20	85	48	91	41	74	70	20	17	33	36	38	14	47	65	17	17	98	49	70	36	28	64	11	98	29	65	13	36	37	64	57	18	58	15	44
77	15	38	29	59	69	92	51	100	52	98	65	72	71	46	43	59	19	79	16	30	80	95	13	64	24	26	11	12	89	12	23	83	58	11	77	49	51	60	54	59	79	69	63	41	22	65	98	83	76	90	16	91	41	47	12	26	56	52	52	65	39	85	28	39	67	22	16	99	30	14	45	21	31	55	49	92	39	67	33	69	27	44	97	41	19	57	75	26	71	13	19	53	32	66	72	89	20	76	32	16	59	34	93	46	94	22	28	72	59	91	89	54	56	41	86	59	77	27	11	81	47	71	43	70	60	48	18	72	46	68	33	95	36	91	52	86	39	85	41	99	95	60	79	45	48	86	93	99	40	46	84	51	82	18	19	64	89	38	65	61	64	86	32	20	53	83	37	88	36	39	31	25	49	67	17	86	25	75	72	89	97	93	84	85	67	57	12	47	36	53	95	53	24	19	97	18	89	72	67	71	20	66	17	33	99	25	71	63	93	73	64	37	80	79	44	98	31	33	59	27	52	84	50	87	13	41	46	59	19	82	50	13	55	80	80	69	71	83	96	41	80	86	98	96	62	71	87	49	94
93	59	66	51	25	66	100	96	67	76	70	15	23	72	64	55	17	97	83	77	63	82	70	94	69	19	20	51	72	96	33	20	54	76	22	92	58	30	74	40	71	49	73	87	89	12	27	50	87	78	58	68	88	25	58	67	48	81	20	19	95	38	83	18	84	87	30	85	99	65	78	91	72	96	20	42	27	97	23	79	78	27	50	67	92	42	83	62	96	43	83	97	79	87	23	45	17	78	88	45	30	99	39	62	47	44	59	12	37	88	81	80	31	76	70	31	75	21	78	67	86	13	25	54	82	64	98	33	75	65	85	29	17	94	48	56	41	45	52	28	88	37	66	25	93	65	49	42	35	96	28	78	46	76	55	12	93	45	55	12	11	79	18	36	61	43	92	99	90	81	96	12	44	93	76	48	64	19	15	84	93	99	61	40	61	57	72	55	84	49	37	33	54	17	96	32	61	78	23	93	66	60	36	71	92	94	77	70	63	26	64	19	66	59	31	30	98	55	72	90	99	64	90	58	49	59	75	63	24	94	77	50	14	97	27	68	17	55	10	71	11	18	53	75	21	16	25	20	29	24
50	58	53	69	57	12	76	33	51	23	21	26	11	29	98	85	63	54	89	73	97	46	29	20	50	80	54	79	98	62	83	60	80	35	32	26	65	83	48	90	14	57	99	30	67	63	67	41	10	33	90	39	35	92	11	32	26	83	40	79	49	54	47	65	62	22	88	34	44	87	82	82	55	35	50	46	27	10	66	77	81	19	97	56	14	19	61	19	73	57	42	40	10	75	44	96	35	85	83	31	28	96	60	61	50	60	28	24	72	33	24	47	23	72	88	34	28	31	82	39	50	69	24	99	35	42	59	73	25	78	75	68	36	68	27	88	61	46	94	21	13	65	96	75	39	26	60	61	52	33	98	67	50	24	57	67	38	68	86	57	24	11	37	36	33	69	62	29	91	77	69	40	68	19	55	56	17	58	37	30	43	91	36	47	42	35	68	45	43	19	62	11	15	83	40	38	86	42	65	43	61	43	34	51	53	64	62	55	61	74	40	35	29	24	89	92	64	83	22	47	43	51	19	68	56	40	89	19	80	21	48	67	87	37	24	90	99	24	69	23	89	24	51	16	67	76	58	64	12	87
64	48	48	22	73	40	58	98	21	14	55	86	41	45	29	57	44	11	40	20	46	46	60	70	48	57	68	99	22	52	79	27	87	80	52	88	40	12	95	55	29	85	38	97	67	79	27	31	25	88	13	80	93	42	45	26	96	15	34	19	19	82	97	25	49	34	13	92	70	88	60	55	22	85	70	42	12	76	86	26	78	23	97	95	53	62	22	43	62	14	96	49	63	11	97	60	49	98	85	75	78	34	53	84	74	25	32	75	35	57	34	19	52	90	49	72	52	69	67	41	96	33	61	58	36	83	18	73	13	41	32	37	25	50	25	16	75	74	95	17	74	87	21	99	24	26	76	31	82	76	28	36	13	95	87	30	29	24	26	69	35	48	98	56	84	90	87	67	45	33	23	34	61	42	45	50	19	15	35	51	76	21	11	91	79	52	17	32	20	94	78	83	63	17	68	93	41	83	92	76	37	99	27	28	97	14	29	87	37	86	26	10	84	18	51	77	59	86	20	82	81	10	18	62	54	38	98	32	61	19	32	53	90	73	74	71	31	14	53	35	86	74	98	47	29	92	64	27	57	93
53	46	25	44	25	58	79	86	35	79	32	25	75	41	19	87	49	64	15	97	78	68	28	26	10	39	74	32	32	75	91	94	67	99	94	16	11	43	55	52	51	91	33	90	78	80	15	21	65	37	25	36	64	61	22	26	56	92	32	88	75	76	59	77	66	34	67	14	61	79	21	38	66	90	94	78	27	70	71	18	61	96	38	87	61	43	17	71	72	35	26	63	18	14	89	32	74	99	55	44	86	57	21	44	36	75	33	41	90	53	47	66	91	14	90	75	29	87	22	92	13	97	98	81	74	48	56	82	100	23	80	30	70	81	94	30	69	78	89	27	86	14	56	20	23	31	41	38	55	85	16	56	80	30	69	43	66	37	55	47	91	83	100	28	40	75	51	98	69	84	58	25	43	45	25	21	75	36	41	93	99	85	99	75	72	88	20	51	35	54	90	46	14	67	96	31	87	11	71	47	66	38	82	77	90	53	81	30	91	85	96	86	27	59	50	37	35	59	63	80	53	80	90	65	18	77	76	49	71	23	34	95	24	18	20	26	43	22	52	27	82	15	11	94	38	74	66	73	13	32
95	52	35	64	74	21	85	13	50	80	54	30	16	86	15	36	55	18	98	11	79	14	22	53	79	40	95	25	41	84	37	85	27	36	60	37	90	76	47	58	94	49	11	92	100	51	61	17	50	29	47	28	49	37	97	57	90	39	37	35	53	37	43	81	91	70	73	84	36	34	28	74	33	14	44	70	12	16	42	80	39	87	32	19	60	37	49	60	41	30	82	58	22	36	92	77	98	16	97	87	98	86	79	16	25	19	92	35	84	78	34	50	88	32	56	87	26	81	52	89	17	80	40	74	31	94	96	49	71	58	76	56	70	80	61	28	10	65	90	93	35	64	51	70	82	52	12	38	15	24	37	17	89	57	25	43	33	20	11	48	70	49	13	40	41	51	27	73	62	29	64	89	15	30	22	71	45	87	89	17	17	39	83	61	22	47	79	45	30	12	42	53	36	63	44	27	75	82	74	29	63	59	39	65	24	15	39	63	54	96	93	46	52	68	31	93	32	36	75	20	87	77	64	59	65	59	51	40	31	37	82	27	11	41	62	45	74	91	25	89	78	84	64	16	99	70	49	97	77	75
72	64	43	13	34	73	23	96	73	86	45	21	57	89	27	79	45	42	56	45	63	32	66	82	46	78	87	29	69	74	81	24	18	17	18	61	80	77	58	67	45	75	77	18	98	58	91	44	16	77	91	18	74	71	99	78	91	80	92	49	22	71	52	99	68	82	18	28	45	94	82	66	81	88	30	90	55	57	23	92	34	76	17	74	40	53	97	66	14	62	45	77	53	52	92	63	38	48	57	50	40	33	58	86	45	98	30	61	64	100	34	88	85	31	63	44	28	54	45	49	75	64	56	60	79	81	66	89	28	83	41	23	76	35	96	49	83	22	84	92	95	76	67	58	27	85	13	72	14	73	31	60	96	41	11	11	21	39	96	48	14	33	41	11	20	64	31	18	37	36	46	87	19	26	89	95	12	95	26	61	31	100	79	19	90	66	96	44	37	29	36	18	88	74	18	46	91	70	88	68	39	49	48	41	46	18	37	33	14	97	38	67	33	44	10	25	90	18	53	39	66	11	62	80	68	60	80	80	91	89	38	96	32	87	90	81	43	15	81	40	21	88	39	56	13	60	84	36	45	38
35	84	62	35	76	50	36	60	13	76	81	94	21	79	62	75	47	96	13	72	54	15	47	91	81	85	47	50	39	45	53	26	96	29	30	12	92	19	65	72	89	98	51	95	27	65	50	95	37	49	16	98	60	90	24	12	60	14	47	51	85	16	79	51	58	36	91	24	19	16	70	33	13	81	35	76	94	48	81	56	21	67	39	77	31	80	38	18	11	75	53	71	41	18	40	54	46	94	26	56	10	53	12	41	94	21	54	57	75	57	29	26	90	37	21	38	79	69	46	86	21	67	57	92	63	34	67	45	47	82	94	29	33	86	15	88	38	95	39	84	23	75	90	84	57	15	82	36	71	31	27	11	76	48	49	14	82	76	20	61	50	85	69	83	24	35	37	90	19	64	27	39	40	19	44	38	58	81	30	58	81	45	17	43	54	100	93	37	11	28	13	26	11	29	56	96	93	87	92	27	25	38	71	26	59	93	19	85	23	90	43	18	34	49	15	45	68	84	93	45	71	61	22	51	15	14	28	77	56	26	21	30	62	95	49	49	78	54	47	57	94	93	75	68	28	13	41	41	90	24
40	95	95	44	67	66	43	50	11	82	46	74	53	15	79	32	23	99	93	32	67	61	13	30	38	32	20	34	91	47	41	40	15	28	15	85	77	60	85	45	58	44	27	62	38	82	42	92	90	54	83	78	38	87	84	97	91	25	44	91	70	21	31	17	63	17	25	83	58	99	17	80	71	46	86	12	27	87	95	17	10	41	89	60	97	17	87	66	65	73	18	69	26	89	57	78	56	82	67	91	98	54	11	37	42	88	45	51	62	27	80	98	43	93	14	13	81	97	53	94	14	56	63	17	19	62	79	87	49	18	67	42	56	65	38	32	78	73	99	19	96	24	45	11	86	64	64	45	95	55	82	76	98	16	93	54	94	86	95	93	37	74	33	45	59	53	13	21	79	43	49	45	59	20	14	28	84	65	72	25	32	84	64	29	98	83	55	97	53	87	57	24	18	63	48	34	84	53	74	27	51	21	25	64	42	54	51	75	80	48	50	27	23	48	37	99	79	53	91	32	33	91	28	36	11	35	36	56	63	87	50	66	41	39	53	58	52	40	83	90	25	43	65	56	91	22	88	67	25	31
99	80	50	63	23	45	21	76	28	96	95	30	99	22	57	97	51	27	41	84	34	82	83	69	74	85	77	96	90	24	78	86	58	89	41	54	58	48	25	88	60	98	10	87	43	77	35	70	60	84	31	31	35	39	83	43	79	20	61	71	16	19	77	50	14	91	28	97	21	19	85	30	36	81	39	73	55	31	40	22	87	23	75	84	29	55	40	93	58	59	22	29	38	82	29	11	95	35	54	32	90	42	57	51	87	19	14	97	75	35	62	75	65	35	21	81	77	82	30	49	40	61	22	73	61	84	54	53	84	20	50	85	37	43	62	25	67	70	31	37	24	92	52	39	17	74	43	36	44	85	14	58	94	30	92	79	81	64	73	76	71	15	16	43	93	54	82	63	55	39	23	17	83	54	50	86	12	97	64	68	77	81	61	93	45	54	13	36	87	19	87	99	89	46	90	70	53	67	13	39	90	38	82	22	23	69	34	41	59	26	23	95	11	35	44	72	55	51	10	38	71	55	60	47	90	57	61	89	14	52	43	32	43	37	15	86	19	62	70	19	10	76	22	73	22	55	31	86	70	22
61	71	47	70	55	84	20	97	61	34	73	44	24	45	90	88	15	88	63	89	75	87	36	67	81	66	38	35	21	63	71	25	90	11	59	35	45	32	96	25	67	45	93	69	64	35	98	63	57	33	81	70	42	65	61	61	67	64	38	61	15	25	71	91	13	84	38	63	93	70	31	79	38	83	51	90	50	96	99	34	96	25	56	60	45	77	57	55	88	55	88	49	55	13	69	21	78	99	86	12	45	23	38	63	56	57	41	56	52	83	29	51	56	84	63	25	36	85	22	91	28	79	67	94	86	26	49	15	85	44	95	99	71	26	98	58	95	18	79	96	73	11	36	56	92	55	39	44	61	87	89	64	53	13	21	93	89	21	89	47	63	37	87	14	78	43	51	50	18	81	65	21	33	69	50	43	78	95	46	14	62	67	64	14	70	75	71	14	28	13	38	48	88	98	82	14	18	73	90	18	40	76	81	68	60	96	12	49	68	51	36	17	39	23	82	93	32	36	85	79	91	75	45	28	55	47	74	43	58	27	67	28	96	18	90	25	16	46	20	76	97	37	35	81	62	58	75	82	33	93
33	14	43	17	34	77	47	76	47	63	91	69	63	25	81	29	68	64	82	65	22	86	10	30	81	65	42	16	77	14	78	21	93	86	42	24	20	43	67	71	62	57	69	41	80	34	82	73	87	51	50	27	53	88	82	90	66	15	19	84	18	45	23	52	74	45	87	71	83	26	51	30	54	94	83	82	13	22	25	91	86	58	48	57	25	14	55	73	72	56	68	62	57	78	18	32	40	41	65	27	99	93	16	52	27	48	41	93	72	91	41	79	72	34	73	18	90	35	22	41	81	72	88	70	69	54	19	23	40	21	77	78	54	53	18	21	31	48	93	99	63	75	54	78	14	21	14	62	58	96	55	25	52	66	62	75	21	81	54	38	98	80	25	98	41	28	17	46	15	57	68	33	36	27	97	12	82	56	31	89	69	28	89	54	15	90	82	28	99	20	97	57	59	89	22	55	60	62	32	53	60	23	55	63	44	52	54	14	26	59	13	57	36	93	85	47	82	58	30	23	27	10	29	17	68	95	61	78	81	88	59	85	90	18	32	44	54	67	87	13	44	95	72	16	78	67	40	56	91	78
57	35	53	15	75	60	44	86	30	19	30	48	53	95	72	49	91	27	43	58	74	67	48	85	74	30	78	24	36	87	28	39	87	99	26	63	36	95	87	31	68	38	77	11	20	37	13	80	65	87	58	18	13	43	85	23	20	55	70	73	41	37	58	15	70	25	76	58	63	41	97	11	54	48	32	24	57	33	55	100	12	64	12	41	44	42	96	78	96	77	83	80	93	68	95	93	45	83	52	98	80	35	72	14	56	62	29	85	42	16	37	91	68	27	21	81	46	19	63	25	85	32	100	50	81	50	59	64	35	81	92	50	35	47	47	52	23	75	100	92	59	77	45	83	95	47	77	21	96	66	13	14	35	31	71	57	98	26	14	83	30	91	26	73	33	98	23	93	38	14	67	49	12	26	81	83	47	79	98	15	93	21	76	30	54	59	49	62	14	48	45	11	78	74	30	27	29	37	31	82	22	85	65	78	82	19	40	67	28	63	73	59	28	20	68	25	43	71	73	25	44	19	34	48	44	68	48	93	35	55	57	41	22	17	33	33	57	99	56	70	16	29	23	12	55	69	24	86	53	18
89	32	27	24	42	82	46	74	89	57	41	90	58	53	22	68	28	37	83	11	10	66	81	47	49	87	41	53	96	73	62	15	38	23	53	25	41	72	91	50	47	28	31	22	42	20	79	34	79	42	29	52	78	70	35	16	47	43	40	95	23	13	72	61	67	96	95	23	86	84	56	24	81	14	64	23	29	59	48	87	83	54	67	86	40	80	37	79	30	92	25	29	37	91	32	92	86	38	20	87	31	48	72	97	18	84	78	51	90	82	96	99	25	53	32	25	66	68	42	57	29	72	84	28	88	16	82	98	83	15	35	83	12	13	67	39	40	18	61	68	42	77	85	94	97	58	78	45	88	70	87	49	31	43	12	85	12	68	38	85	22	34	84	72	64	60	68	54	90	54	35	12	70	53	17	58	14	20	36	73	75	13	27	85	77	51	15	63	15	76	35	72	11	43	64	65	92	29	91	55	52	41	20	45	61	24	68	75	80	58	66	77	66	47	63	47	66	95	28	36	26	90	33	72	63	72	99	41	85	41	99	67	48	26	30	30	46	70	81	44	44	71	73	90	64	21	91	25	85	70
86	55	33	11	91	21	83	75	74	61	16	42	65	92	15	47	48	14	59	49	63	45	43	10	60	94	97	72	87	38	20	81	96	19	93	88	79	71	19	59	27	74	99	34	85	46	68	84	64	27	73	58	93	69	74	86	73	19	96	16	99	75	74	81	75	51	62	51	49	84	41	71	98	12	93	34	45	77	22	69	83	57	90	40	31	38	96	68	82	12	65	66	59	96	42	68	55	56	90	51	56	31	55	61	45	21	80	15	67	78	27	98	55	69	55	77	49	60	45	40	90	29	87	40	21	59	54	56	31	44	10	86	96	79	87	25	44	20	100	71	19	69	68	84	75	79	32	54	36	46	23	12	18	37	34	28	64	53	45	82	36	91	69	46	80	55	43	38	62	86	62	77	65	17	63	47	39	26	86	12	30	90	80	71	84	66	37	69	58	30	65	58	41	29	70	27	21	59	77	78	76	53	68	96	43	45	33	59	36	27	69	20	30	57	12	73	24	77	13	92	92	43	30	56	12	71	39	88	68	45	27	93	18	66	10	66	71	12	37	32	26	68	60	55	46	51	63	37	14	44
83	52	11	21	89	48	70	14	48	14	53	90	57	65	66	92	69	29	17	79	59	46	38	40	60	47	92	62	86	70	88	71	51	26	43	27	76	63	29	25	78	67	73	84	31	84	17	23	13	82	19	59	78	90	15	37	25	78	39	57	83	37	67	52	23	61	79	29	65	51	64	58	37	18	75	62	30	71	20	55	89	27	47	12	61	22	90	19	79	21	91	39	50	27	94	13	86	31	17	70	65	34	69	32	65	96	92	67	63	35	12	22	63	66	59	93	33	31	96	17	68	12	17	31	48	23	87	76	97	38	96	68	43	20	39	76	13	31	88	71	27	80	54	43	91	66	96	52	11	20	60	15	71	19	97	93	38	11	12	45	48	75	88	93	53	22	82	69	42	42	11	13	77	24	46	28	95	17	30	74	54	40	63	46	30	79	54	25	73	60	16	52	11	47	20	54	67	13	44	23	75	21	99	76	48	11	27	69	62	57	11	46	15	44	53	42	51	81	35	49	25	25	45	58	100	50	59	21	31	82	37	76	14	81	61	46	80	35	29	34	20	49	37	96	27	38	40	53	66	45
93	97	55	47	92	31	27	62	83	48	40	29	42	42	36	67	15	57	12	12	40	100	95	23	18	13	83	31	15	55	59	84	34	84	17	31	79	30	22	19	73	41	21	92	85	13	42	88	29	25	79	80	13	17	65	39	100	93	27	84	53	28	87	12	74	24	86	80	49	35	91	41	15	86	66	67	94	12	98	33	49	18	69	57	65	47	39	36	69	97	66	56	52	80	86	49	73	72	28	43	100	90	64	83	85	92	43	30	45	27	54	56	22	43	27	74	59	32	47	57	20	77	36	44	66	19	23	87	73	14	28	29	63	53	55	43	13	75	38	37	30	78	59	26	57	38	14	29	29	73	46	46	39	27	29	54	30	75	100	66	24	60	95	59	32	86	80	71	52	22	48	54	47	96	19	55	42	58	52	42	59	41	65	96	30	16	54	54	66	50	67	36	29	43	87	38	97	81	64	51	34	82	50	55	73	69	90	35	95	46	95	77	26	24	70	84	87	77	63	46	92	81	65	63	79	83	97	96	47	11	55	54	47	40	40	36	68	50	85	65	60	50	45	16	85	23	84	20	68	11
23	26	42	18	19	45	24	58	82	81	62	31	20	67	65	64	84	23	93	78	76	49	80	16	71	14	44	65	69	99	34	36	18	100	77	86	37	17	46	41	68	58	64	44	28	69	64	76	61	63	100	12	34	100	75	18	54	11	58	98	66	99	29	94	89	37	64	12	83	76	69	29	82	27	51	83	93	42	50	13	26	54	55	42	25	80	14	77	64	39	88	61	88	59	26	18	20	11	23	39	41	55	26	71	82	70	51	53	53	17	57	26	41	30	36	13	15	90	19	49	76	48	67	75	22	93	74	73	41	15	73	89	95	77	44	58	46	97	42	95	78	53	34	38	35	87	48	62	54	24	45	20	91	89	87	12	28	99	54	42	78	39	90	22	33	58	90	70	44	31	21	54	70	49	69	96	13	13	19	30	57	58	93	15	20	46	98	56	26	65	58	77	33	37	86	89	25	82	36	30	82	78	76	30	15	29	51	48	54	39	40	45	79	19	20	97	44	49	86	61	20	79	63	23	98	59	50	73	52	82	66	21	97	56	28	41	64	46	38	75	80	94	15	43	48	55	30	30	25	33
wj																																																																																																																																																																																																																																																									
5	44	94	82	31	35	4	17	25	82	51	79	61	23	35	49	41	77	19	51	49	22	3	44	76	75	55	60	33	33	50	70	98	72	50	53	68	29	61	88	50	42	86	35	4	49	61	91	54	70	37	87	15	84	42	15	14	83	4	29	26	40	42	86	90	50	95	95	2	16	84	72	29	18	2	68	5	92	60	18	94	29	87	19	79	95	14	58	42	35	97	53	69	14	15	55	29	21	64	18	81	75	85	6	34	85	7	37	19	27	68	48	27	68	77	68	13	13	83	6	8	73	5	82	12	30	18	51	23	72	37	28	60	97	58	44	12	26	80	56	5	18	81	32	25	60	27	2	74	77	69	68	48	90	76	41	89	98	84	48	82	83	59	84	36	37	12	55	15	44	90	37	5	17	56	14	14	68	19	68	23	61	33	28	87	91	92	91	11	39	92	99	88	35	72	83	57	74	60	30	31	26	26	55	47	34	52	31	53	16	95	97	12	54	81	65	76	6	51	63	88	77	8	5	95	29	69	51	15	94	49	98	43	90	10	50	8	25	69	75	83	80	18	41	65	22	90	85	80	63
