pij																																																																																																																																																																																																																																																																																																																																																																																																																																																																																																																			
60	87	30	67	46	49	60	11	23	71	31	31	51	39	33	16	72	12	61	26	72	54	37	62	24	31	94	56	63	99	34	10	61	67	35	90	69	82	45	66	92	12	78	11	19	49	53	64	16	87	18	22	55	39	41	62	71	63	11	38	14	87	71	33	29	50	15	87	84	85	12	34	17	62	22	84	54	96	84	20	43	72	91	42	12	85	51	27	62	30	92	24	29	52	78	80	55	18	95	55	63	57	41	46	42	98	31	11	39	44	33	46	76	44	48	48	96	94	89	63	82	37	58	82	13	20	39	19	38	29	88	97	16	97	65	90	64	39	39	60	76	95	27	42	77	59	77	45	35	96	62	48	12	16	57	43	92	18	46	60	52	67	72	17	33	25	35	46	64	68	28	51	11	39	44	76	31	47	47	30	32	59	24	20	38	91	69	72	47	15	53	20	72	98	58	70	39	57	85	98	70	85	51	50	74	56	46	49	26	39	72	92	14	94	71	56	55	39	31	92	80	73	60	19	66	71	72	63	35	26	38	18	81	17	68	28	27	25	39	44	45	27	55	11	29	51	65	34	49	14	77	43	25	75	47	45	66	90	22	92	13	37	47	33	67	56	67	79	54	24	85	85	70	16	46	73	20	40	40	49	59	46	21	33	28	31	92	55	74	50	91	67	29	71	12	41	34	80	49	63	88	82	94	26	76	17	43	34	40	40	56	76	33	72	91	26	40	53	50	13	47	37	43	81	24	52	93	58	69	40	49	56	58	92	34	98	92	60	70	83	34	73	81	29	74	78	30	85	80	17	59	42	54	88	61	77	27	99	70	31	22	52	18	28	17	98	66	86	86	57	45	43	17	49	48	51	70	50	26	96	44	32	38	36	92	25	93	83	35	86	34	60	72	22	16	13	77	62	83	80	67	26	21	96	56	34	70	74	84	89	27	85	70	22	88	28	25	27	78	68	76	63	76	73	39	21	70	41	28	60	74	13	95	95	87	40	45	29	57	23	52	36	17	94	29	95	73	84	59	22	29	49	35	64	61	59	90	97	29	46	41	49	67	75	90	68	91	35	98	20	27	83	55	72	30	71	78	27	92	24	26	79	48	32	85	60	80	38	88	70	82	35	14	67	67	88	46	63	56	63
21	48	57	31	73	52	53	37	53	12	44	34	51	36	15	57	31	53	79	40	28	14	14	35	67	61	14	30	73	42	74	46	63	88	74	31	96	79	56	39	54	15	84	30	99	21	97	97	20	16	24	34	87	22	35	99	88	67	64	22	55	44	68	27	88	36	92	98	59	74	16	50	61	96	12	45	86	35	100	47	71	37	94	92	30	96	81	61	73	72	68	66	94	51	23	49	12	94	97	85	94	71	79	40	83	90	15	86	54	71	55	25	70	56	30	28	90	53	75	24	60	14	21	35	32	88	63	45	48	55	66	29	93	52	19	99	12	73	39	27	12	27	99	63	40	74	73	94	60	17	21	95	67	61	94	84	34	85	59	37	27	62	58	24	48	25	71	100	13	18	63	87	30	44	63	72	98	35	26	53	82	10	99	35	73	55	13	92	68	57	60	27	87	48	31	94	65	64	30	55	93	77	21	27	42	33	99	98	64	77	42	45	95	21	33	71	15	95	82	64	61	26	13	49	16	10	63	26	42	75	68	86	73	84	87	75	13	68	49	37	62	83	36	60	15	21	30	52	42	26	14	44	99	91	79	11	83	67	77	23	29	61	32	10	46	15	31	73	52	32	62	44	13	25	65	30	63	25	43	44	64	93	69	53	31	12	69	38	83	62	32	34	18	45	39	41	54	28	64	90	32	14	32	65	59	46	49	59	30	10	30	41	89	58	89	64	84	32	68	81	55	76	29	39	44	50	51	92	90	40	86	95	87	48	65	81	90	41	80	60	81	36	44	78	59	34	100	20	76	98	38	57	34	42	97	52	70	54	87	19	35	18	86	23	12	76	68	71	55	67	70	29	28	70	17	38	38	72	37	56	46	41	26	74	16	96	43	17	66	37	95	49	96	84	96	60	89	87	17	59	70	42	54	64	95	91	50	13	12	66	72	58	98	69	41	87	36	48	84	14	77	39	66	98	52	90	51	73	53	74	52	15	46	30	31	86	29	25	73	60	52	75	58	31	32	78	18	99	97	98	69	37	18	41	72	19	49	43	90	51	76	94	68	77	28	53	26	28	74	37	99	99	62	95	42	28	72	14	49	85	65	44	29	88	18	65	40	88	84	23	57	16	66	53	20	89	21	88	78	52
80	18	45	74	66	35	42	92	41	22	95	18	16	14	41	94	25	75	45	78	48	61	37	45	36	35	39	56	42	72	12	91	45	20	21	56	100	33	70	92	23	59	25	74	99	42	29	98	36	42	95	34	73	91	44	77	88	50	15	31	37	25	88	21	80	28	82	95	87	51	17	87	85	29	13	91	70	55	20	36	53	24	14	81	62	36	19	41	69	54	85	77	96	76	93	47	34	33	80	38	81	47	56	79	63	48	19	48	97	65	57	18	95	72	19	20	71	47	43	58	58	57	20	96	14	84	32	25	17	49	61	61	78	82	28	65	81	71	20	98	69	61	41	11	17	12	22	46	72	61	31	13	61	16	76	94	56	85	42	59	79	50	39	54	19	27	86	71	84	26	89	90	62	81	14	86	28	23	58	30	43	28	94	22	10	82	23	86	27	70	98	36	59	76	95	20	50	74	22	90	55	70	69	78	40	60	41	87	95	47	85	48	49	76	30	40	26	18	66	58	50	99	99	11	25	26	43	98	52	85	32	45	79	87	60	97	87	62	78	95	38	14	11	70	92	90	70	15	38	78	81	39	46	31	89	94	20	60	56	37	100	21	80	32	93	65	46	89	21	85	47	59	31	25	44	52	56	65	67	43	78	13	52	78	36	45	55	44	20	15	75	84	90	41	60	30	29	87	99	52	13	56	75	64	21	78	66	42	83	81	96	59	75	51	90	92	90	59	39	58	36	67	74	86	96	83	57	62	87	48	85	13	72	38	61	46	86	89	56	75	67	64	20	91	95	56	87	93	57	93	84	12	40	10	55	34	19	97	12	86	16	58	56	27	34	29	13	19	40	29	93	57	77	94	52	51	76	36	98	40	40	13	56	68	97	57	39	94	52	49	44	56	10	62	34	23	23	66	58	49	61	73	32	55	47	38	43	82	73	43	57	91	71	80	19	17	96	41	44	45	40	71	73	52	40	20	46	73	83	32	90	65	45	28	32	90	73	53	24	39	51	39	32	28	11	35	57	29	84	86	91	29	19	50	47	29	12	64	59	94	43	41	61	87	90	66	91	51	38	72	45	18	45	67	83	80	83	37	83	63	51	21	51	91	16	42	39	81	14	38	58	57	98	51	15	11	59	39	58	21
49	97	25	35	75	78	11	71	58	68	18	71	27	41	95	61	80	23	20	12	22	46	79	66	82	86	84	93	21	93	65	75	24	66	24	52	44	10	92	60	21	55	18	14	56	20	54	70	11	45	82	73	49	14	49	85	99	99	70	35	54	59	88	63	47	35	96	87	25	51	25	72	96	12	34	81	29	19	54	66	89	23	68	17	11	29	72	17	46	20	90	96	44	33	54	31	40	22	73	72	79	87	80	15	39	38	67	56	81	87	27	61	57	86	52	35	34	92	94	76	74	33	18	100	29	66	87	98	57	54	90	48	24	53	90	18	80	44	46	28	12	54	72	70	56	11	51	75	28	15	80	58	44	63	51	37	53	82	99	23	32	82	28	11	10	58	49	93	98	57	90	92	92	21	48	62	66	83	79	17	46	70	55	81	56	91	62	70	13	52	38	92	72	92	89	49	83	45	36	25	61	98	20	85	43	20	96	14	59	58	16	95	47	14	78	29	38	44	63	23	43	79	59	97	32	52	90	58	69	85	66	69	76	64	45	19	80	95	52	73	70	18	25	11	24	37	59	63	55	81	29	23	77	32	48	71	68	11	38	97	87	19	38	13	60	14	26	23	89	43	63	48	26	83	21	63	77	13	24	80	61	11	29	79	85	36	60	87	44	27	40	54	73	64	13	27	54	66	55	21	81	45	15	82	59	46	39	77	21	18	36	73	21	34	35	69	82	14	90	98	76	49	13	91	24	43	50	66	11	50	69	35	40	46	15	15	84	81	45	76	21	77	52	33	67	34	47	65	38	16	59	51	80	90	55	88	85	88	58	17	84	96	20	61	37	57	40	75	57	46	27	12	29	76	73	100	63	100	38	23	71	41	28	17	53	63	90	75	82	63	74	44	70	65	21	73	66	36	21	67	72	16	88	86	91	89	48	98	40	23	23	59	87	91	76	57	38	96	41	43	28	59	66	19	48	53	75	85	48	74	19	21	74	40	68	92	49	90	78	37	74	92	52	68	73	74	84	24	54	84	20	57	70	38	36	88	44	50	41	18	21	51	67	21	93	90	42	55	36	11	45	71	25	24	68	37	62	60	67	83	68	50	95	43	18	20	24	28	18	21	60	53	62	12	53	20	51	83	96	31
13	85	16	98	87	89	28	14	49	51	43	61	77	90	35	66	54	98	48	71	47	37	90	52	64	77	12	88	26	100	36	39	26	83	84	21	52	100	32	23	97	79	33	48	29	36	98	79	51	15	33	98	43	84	56	88	89	62	71	54	49	40	94	57	96	20	16	91	66	17	73	98	67	36	48	86	92	63	59	66	13	30	18	39	76	15	59	12	32	20	79	10	83	65	77	89	79	21	58	25	39	21	85	96	77	62	12	38	93	39	12	87	12	67	27	61	24	39	34	29	69	75	70	67	50	32	15	17	96	97	33	96	86	19	19	62	98	80	99	32	15	68	90	79	91	29	42	41	100	58	25	70	50	94	93	98	64	23	63	19	36	21	95	99	44	25	27	20	84	63	75	52	52	31	21	65	98	19	28	55	23	20	92	34	86	87	10	94	74	26	20	34	77	20	43	86	53	39	92	61	27	35	18	31	67	59	73	88	91	18	75	27	40	37	70	12	95	82	46	61	93	90	95	27	54	15	91	30	63	44	95	13	94	73	80	78	72	54	94	39	80	69	18	62	54	85	53	57	28	49	84	45	19	90	86	47	47	21	30	86	29	74	55	74	74	46	79	40	75	71	74	38	22	27	65	30	11	52	51	68	80	84	88	13	37	61	14	63	51	34	31	79	90	48	32	92	88	18	79	61	74	72	99	94	51	88	96	59	20	96	66	29	51	94	70	14	16	14	13	63	13	31	31	53	66	77	91	99	58	68	81	71	98	56	28	17	62	94	37	70	40	94	13	75	38	61	72	17	33	67	67	93	48	23	97	47	20	81	91	11	17	90	48	32	15	60	51	36	68	82	29	72	38	79	29	30	38	45	35	62	87	93	95	52	30	93	52	51	48	47	99	73	77	61	84	67	36	99	15	88	31	39	29	94	46	12	38	22	10	97	84	13	63	36	19	95	73	53	98	47	43	61	29	96	46	97	87	97	72	88	64	89	64	43	91	31	12	39	96	79	17	30	19	65	46	29	43	97	44	63	34	27	97	14	99	40	64	70	29	37	11	33	18	23	95	34	30	82	82	71	97	95	14	77	63	21	47	65	46	20	44	56	46	95	53	64	94	42	30	26	49	21	47	62	73	87	32	97	37	29
77	56	54	85	79	69	23	96	68	77	23	43	26	55	80	57	78	88	43	95	53	36	59	95	17	23	26	79	74	37	84	69	42	39	56	97	17	29	38	35	11	48	27	89	84	71	31	78	90	88	28	45	69	75	98	82	93	20	86	20	19	37	70	86	58	46	65	63	70	50	27	12	29	18	39	96	44	84	37	17	52	74	45	61	26	95	85	92	72	60	11	63	93	12	30	61	98	79	17	75	68	34	92	24	93	56	89	28	53	13	72	64	47	47	15	94	64	84	91	40	17	21	67	46	36	22	62	98	80	87	18	33	96	68	78	62	51	55	43	84	98	20	11	52	45	86	11	64	14	84	76	67	26	46	37	54	66	39	94	36	92	69	22	79	49	83	18	51	93	27	75	49	87	11	82	18	56	65	64	91	77	95	31	92	83	22	27	55	93	84	41	40	68	44	67	62	13	63	11	48	26	17	36	81	14	20	36	44	49	24	81	99	93	68	30	97	24	87	20	70	24	15	64	42	92	72	63	29	23	95	32	38	69	76	66	57	80	79	12	69	34	20	93	83	49	11	81	31	55	72	32	69	20	55	88	78	65	46	18	65	93	29	62	31	77	14	13	84	87	33	41	15	19	83	75	77	75	22	14	61	34	69	71	15	87	37	62	59	14	84	64	54	37	16	56	12	88	42	97	42	68	39	12	12	95	12	14	38	69	65	62	99	82	84	97	92	91	28	73	39	63	49	73	36	74	67	59	22	57	21	81	44	85	28	65	53	74	94	99	33	92	60	75	86	46	63	96	23	86	45	75	19	86	82	50	41	19	14	57	58	84	83	12	34	79	26	19	80	19	49	74	82	32	69	50	64	92	96	28	55	12	63	76	98	49	12	61	97	19	78	63	28	58	70	13	92	98	51	15	24	28	64	18	69	54	82	23	81	93	40	37	51	18	72	58	72	58	57	24	83	21	70	100	22	89	34	34	32	92	94	46	31	35	70	90	85	34	38	68	99	42	38	49	78	38	61	52	78	80	84	19	97	18	26	41	59	18	48	23	67	83	28	41	50	79	89	76	47	53	30	99	39	88	99	76	15	72	59	41	92	39	13	38	49	90	78	78	53	84	29	37	46	28	95	75	56	55	38	17	41
96	96	50	70	62	88	90	26	16	100	49	97	65	48	45	85	77	57	31	57	60	67	18	47	21	20	76	71	58	95	82	30	42	47	23	26	46	44	37	82	15	95	81	55	99	85	64	50	95	10	79	92	13	97	45	39	94	29	59	37	17	46	83	16	20	78	16	12	29	17	68	11	74	17	42	94	43	35	14	78	20	63	78	85	65	72	69	49	52	99	79	92	60	67	42	38	33	56	96	71	70	25	99	73	98	92	65	71	79	11	98	61	11	33	95	68	38	79	84	35	63	30	100	40	27	44	72	17	11	20	56	46	73	94	55	53	91	71	31	17	52	84	11	42	12	93	83	12	53	87	20	32	46	78	57	48	31	74	26	73	61	81	59	45	23	66	64	54	86	46	70	25	63	26	18	68	58	99	98	47	92	55	76	24	33	41	33	83	16	45	73	95	55	96	41	59	56	58	39	21	24	74	22	23	16	13	62	98	42	88	62	37	45	27	19	69	20	96	78	41	14	69	35	21	32	39	11	12	56	89	37	29	56	63	13	57	82	39	95	46	47	44	89	16	48	22	47	17	19	75	90	37	91	35	73	53	87	16	50	12	15	79	96	28	79	10	81	100	22	88	32	45	53	22	48	58	75	45	33	93	88	89	47	98	62	45	24	28	34	67	97	86	96	48	86	87	89	91	55	55	50	22	64	34	53	82	65	62	38	20	33	66	64	76	45	34	44	46	85	87	77	59	81	62	43	32	26	22	62	92	46	63	74	70	18	77	92	62	55	90	80	54	56	13	51	13	46	86	44	70	64	37	54	17	98	79	38	38	11	88	84	75	66	28	49	88	69	79	74	90	26	47	40	49	99	28	86	98	62	44	70	67	12	24	32	60	57	17	13	44	94	73	28	26	33	75	75	88	54	48	60	44	16	55	91	95	77	79	53	86	19	16	90	53	23	81	98	77	17	12	30	100	46	86	40	46	58	81	37	22	62	78	75	52	49	83	76	63	83	91	34	43	30	18	11	24	33	45	69	89	93	41	50	17	73	64	64	33	86	95	53	41	35	89	69	92	25	93	46	49	73	61	67	89	47	83	75	22	17	76	91	80	38	84	23	43	40	63	60	70	12	36	92	35	15	26	13	21	62	89
39	80	38	35	49	70	45	77	71	73	30	51	34	47	88	24	73	75	64	94	100	71	69	69	74	57	55	28	36	93	87	97	46	23	94	61	70	40	30	40	23	31	94	12	73	80	23	65	57	10	14	27	81	60	16	96	69	40	81	33	72	82	45	14	85	48	51	64	18	36	30	12	10	44	37	20	98	46	76	59	67	34	63	91	46	92	88	73	39	73	42	49	85	52	24	48	20	14	32	36	83	55	52	34	76	22	28	30	92	86	41	13	70	41	79	49	14	10	82	92	26	51	58	18	29	87	75	89	71	67	21	28	30	85	88	16	92	53	16	94	70	96	89	51	92	77	42	98	51	35	49	60	63	73	43	23	14	93	87	84	83	57	46	32	49	26	20	50	36	59	69	57	56	76	51	46	20	98	41	89	55	50	43	77	32	87	85	58	46	96	96	99	84	63	99	43	17	39	52	23	78	16	33	14	21	23	37	30	19	61	54	20	86	34	25	54	47	81	20	81	96	81	69	61	89	20	95	71	23	27	24	24	56	35	56	67	84	88	86	44	96	15	75	88	47	27	35	32	68	34	76	60	86	32	95	54	39	36	73	67	90	35	65	88	62	30	20	18	93	13	93	49	100	92	71	71	87	74	75	20	23	40	12	31	11	51	81	49	21	41	27	73	79	96	65	72	93	98	38	38	36	64	67	60	92	70	23	15	74	44	59	90	76	19	94	57	37	11	37	61	55	19	28	66	64	22	46	96	29	48	75	68	86	43	43	46	27	30	53	42	71	30	83	20	39	53	51	49	11	24	39	24	65	85	64	46	87	44	13	72	78	48	50	42	19	12	89	49	62	36	20	39	70	96	42	28	45	40	54	20	43	73	36	50	87	49	31	13	30	83	40	41	22	55	55	37	86	73	25	55	78	60	30	52	50	74	57	84	84	14	31	71	11	34	64	82	44	47	47	98	78	62	19	81	77	56	35	42	88	10	58	58	92	73	98	55	33	76	90	39	89	36	100	91	23	16	31	69	62	24	17	85	62	17	90	55	76	99	23	19	42	42	41	21	63	12	12	96	15	74	65	83	82	52	21	25	57	88	30	56	17	42	15	10	50	48	21	12	55	29	18	18	19	35	35	93	79	62	91	75
85	45	94	71	93	16	59	84	16	44	18	60	58	82	71	84	73	20	30	22	28	15	76	65	98	36	52	99	76	80	93	72	39	95	32	25	26	85	56	26	56	83	17	44	69	91	80	92	53	47	70	86	17	87	94	48	61	36	60	58	46	99	65	14	86	71	94	84	17	32	71	62	97	80	55	25	10	36	26	72	53	22	91	83	21	60	75	64	96	54	79	43	24	78	85	79	18	49	72	82	48	32	11	41	67	27	60	23	44	81	51	37	42	43	19	93	98	43	34	58	53	19	71	90	51	14	40	17	86	74	55	46	71	56	58	47	19	92	99	83	44	16	92	76	75	18	82	95	53	33	95	80	40	39	90	46	60	81	41	46	41	89	90	48	20	99	53	96	18	38	73	96	26	92	24	55	29	77	60	51	15	51	92	61	17	69	65	100	96	17	49	47	14	35	74	61	52	19	22	63	49	78	72	84	28	25	37	27	62	15	71	12	52	54	37	42	48	33	60	73	50	89	21	89	94	33	51	68	82	67	90	62	40	64	44	20	95	95	26	71	57	88	64	86	89	100	87	90	40	56	17	19	64	83	94	69	17	21	65	76	85	99	78	12	35	64	78	99	18	36	12	69	15	24	61	17	20	19	63	81	54	48	16	87	66	88	41	27	18	30	59	41	82	86	78	22	98	80	13	96	45	56	58	25	70	99	73	72	72	40	16	92	53	78	40	26	53	86	30	75	15	57	84	22	53	95	79	37	36	35	78	18	90	36	86	11	63	97	16	35	22	47	26	38	38	61	81	25	29	45	60	99	96	48	33	94	49	34	42	15	32	39	28	51	58	96	69	43	87	82	25	59	25	52	63	55	89	12	69	15	67	78	91	25	23	35	18	42	18	65	77	59	59	51	62	13	45	34	17	56	53	60	40	25	35	37	32	20	52	38	95	86	76	58	18	74	35	21	92	11	81	15	99	45	48	33	73	95	70	46	100	33	56	91	25	74	58	62	46	49	96	32	71	21	72	81	71	32	26	12	91	89	55	32	48	54	16	48	66	13	48	35	58	50	40	93	56	89	22	59	80	87	75	64	11	60	44	16	42	81	20	59	95	91	69	82	54	47	76	16	38	21	90	46	14	45	65	73	33	54
87	74	73	60	78	69	30	84	60	69	21	71	57	73	64	34	18	26	41	89	89	16	78	75	94	94	97	42	91	70	13	61	38	53	43	87	37	82	20	58	11	57	42	29	73	62	45	54	40	36	41	32	91	71	35	86	19	47	39	98	13	13	81	29	92	23	83	73	75	83	57	63	82	76	16	11	85	70	69	12	14	53	45	64	74	37	37	72	14	49	48	84	27	85	99	18	98	65	80	96	21	82	41	41	42	62	42	74	55	35	14	23	83	25	23	77	63	34	35	50	82	69	19	11	16	38	84	16	72	43	35	48	23	100	25	88	15	94	13	56	39	65	80	92	72	98	45	63	83	21	95	85	59	36	87	26	32	57	46	47	72	26	61	73	23	61	66	24	56	59	77	56	100	49	44	57	72	72	44	79	62	43	88	14	60	71	92	43	75	25	38	16	61	67	95	77	48	22	37	85	86	23	19	26	30	69	13	20	63	22	12	65	30	73	44	10	60	41	70	18	22	21	100	13	23	15	12	54	64	27	58	94	85	71	98	32	39	75	44	84	85	70	60	38	91	17	71	19	54	85	90	97	90	72	35	95	23	15	78	64	90	32	52	23	93	98	50	35	92	78	86	60	82	46	72	34	11	64	86	51	11	40	24	61	52	83	74	76	94	11	27	97	67	25	24	29	16	24	74	20	70	77	48	17	46	81	80	65	48	25	99	22	65	26	29	57	75	28	30	90	83	82	95	98	67	39	75	12	53	39	47	61	34	85	22	43	71	44	43	55	49	25	22	79	13	16	87	73	49	89	71	89	46	60	49	18	73	40	44	50	56	31	63	59	92	74	12	16	58	78	10	22	89	74	51	86	99	55	94	38	88	62	56	27	26	68	44	25	12	82	78	68	65	79	55	14	20	61	27	19	94	17	84	62	67	89	64	23	22	47	77	60	77	43	54	77	33	50	27	29	75	95	40	76	68	12	95	30	85	83	52	92	21	28	52	43	18	75	31	18	66	55	82	35	38	36	93	95	80	11	13	12	89	56	72	91	19	11	25	59	25	38	16	70	61	53	62	70	30	91	81	99	88	77	18	16	66	66	64	63	89	93	43	39	86	46	45	85	67	40	43	71	84	63	86	68	62	88	21	48
43	66	42	62	61	29	55	56	39	26	75	34	68	75	36	29	33	54	62	82	23	72	15	38	70	41	79	22	36	85	51	11	77	72	91	80	81	92	51	74	95	47	80	11	36	20	41	87	50	49	44	30	15	42	88	62	100	13	61	65	32	45	38	29	81	69	37	63	17	85	64	35	25	94	26	92	18	20	62	16	12	89	17	83	20	25	59	62	73	47	90	20	33	43	76	40	93	36	39	91	46	84	24	27	24	25	77	90	97	63	93	23	71	82	47	34	46	67	93	47	37	63	47	52	20	29	43	43	100	39	35	45	18	18	28	65	95	14	95	87	90	60	85	34	79	69	93	83	79	62	16	62	36	39	87	26	14	27	53	98	31	77	71	62	53	86	14	97	93	15	35	63	36	18	16	45	19	68	26	73	74	66	56	84	63	18	62	46	29	99	41	30	14	64	32	34	65	79	15	91	56	63	35	74	23	75	35	39	81	29	62	94	54	60	55	88	82	96	71	66	55	96	22	44	13	61	11	93	52	60	78	17	68	74	32	83	98	25	73	59	84	24	51	46	17	12	45	94	100	68	90	73	27	57	16	29	19	55	78	20	33	44	88	13	58	62	53	11	86	12	72	49	34	95	20	82	95	26	98	27	56	95	53	52	87	92	49	67	41	14	54	37	94	58	79	39	15	50	25	52	52	16	60	61	41	25	29	97	25	65	48	18	84	63	44	97	48	33	27	82	57	37	71	99	63	62	32	15	18	36	21	24	87	82	25	30	30	66	82	27	38	95	55	68	91	31	60	72	52	43	35	36	88	67	75	62	80	76	49	17	52	76	21	78	93	40	16	87	48	26	30	90	46	40	34	28	27	26	28	28	41	55	27	53	44	78	54	72	56	97	38	27	84	73	88	18	58	67	99	27	40	16	43	12	55	66	100	65	55	55	48	57	20	51	68	57	58	37	55	15	48	16	20	23	63	11	79	80	48	94	59	29	43	76	60	11	87	37	58	15	76	88	75	79	45	19	82	87	83	52	71	55	15	80	61	59	76	14	96	23	75	42	38	67	85	93	28	70	87	78	60	20	83	37	18	59	70	51	40	97	35	89	23	46	61	39	69	99	91	33	92	97	78	50	78	11	27	37	27	35
98	63	19	55	67	59	71	92	90	30	60	50	78	79	29	72	47	49	37	57	18	60	38	13	69	41	77	72	51	13	12	71	78	97	95	58	89	52	63	11	50	11	60	48	20	92	44	40	37	23	34	42	66	27	79	78	45	33	60	54	11	31	44	39	66	92	50	90	26	10	59	90	13	98	66	41	86	77	26	58	87	26	29	93	42	27	53	61	84	19	32	92	14	38	53	96	15	39	14	46	65	19	27	84	100	49	72	59	92	82	94	96	58	66	94	16	72	57	78	84	66	35	22	31	60	93	38	23	35	44	98	62	90	39	28	30	91	78	56	71	13	51	80	54	37	57	98	83	50	78	23	17	25	35	97	37	45	56	49	92	26	81	70	51	14	94	36	84	19	35	56	38	38	64	22	44	10	79	22	86	91	57	20	28	66	74	26	18	75	71	80	44	52	37	39	53	30	19	29	56	68	27	30	86	20	91	48	41	47	90	80	21	51	49	41	22	45	30	76	58	76	91	75	18	55	84	37	82	45	11	68	80	44	62	41	92	98	45	51	11	72	40	56	72	68	95	76	18	75	21	59	66	80	71	83	95	32	41	39	44	82	76	97	69	93	75	61	31	61	72	37	48	52	85	92	81	59	84	44	41	85	70	84	85	39	40	60	74	88	92	91	46	97	59	82	100	44	73	57	36	64	91	31	76	46	46	61	100	73	62	46	97	49	84	24	34	47	53	24	24	69	22	48	40	97	56	17	78	25	10	59	70	18	93	98	24	57	56	31	41	95	77	87	25	85	13	45	38	68	27	76	34	50	56	26	88	22	30	85	13	67	33	94	84	87	10	62	89	49	98	58	85	81	19	42	26	32	91	20	84	10	81	96	53	54	48	46	67	97	30	67	52	68	61	24	41	67	66	76	22	38	29	26	93	79	48	35	68	59	12	89	55	57	62	67	23	64	34	92	96	100	15	73	36	38	54	22	53	56	35	71	95	65	73	20	89	24	52	76	48	60	80	42	10	27	49	10	29	28	28	32	88	53	34	99	51	42	81	11	92	99	96	39	78	56	62	64	13	82	65	58	53	84	28	87	93	13	91	10	87	57	94	73	23	92	49	68	21	98	30	54	37	12	61	80	17	47	36	89	47
34	86	81	44	36	26	24	75	22	66	38	83	12	12	13	11	21	24	35	58	19	45	70	65	19	34	65	94	48	48	98	20	29	66	14	41	76	75	89	19	90	12	90	95	24	43	96	11	36	28	59	23	82	21	12	75	60	43	21	37	44	76	73	25	79	82	82	24	50	90	17	72	53	19	86	72	54	31	52	75	78	60	94	69	14	41	28	55	92	99	56	40	56	80	25	37	37	55	74	76	62	47	97	56	25	41	92	85	61	85	73	55	21	70	90	23	89	63	64	25	96	99	88	53	78	43	55	46	75	39	84	97	60	51	97	96	41	41	65	19	72	90	40	79	36	43	80	87	90	50	29	56	64	72	95	57	18	52	69	84	84	62	69	50	87	77	41	95	45	58	66	95	23	68	23	42	16	87	25	49	59	54	81	49	35	76	28	95	90	92	49	55	68	47	45	82	55	78	63	18	27	45	91	98	56	52	43	38	71	91	82	99	26	15	30	14	52	39	36	81	98	52	79	29	45	85	46	84	71	18	91	38	16	61	27	77	96	29	36	55	60	52	42	54	93	12	56	23	44	87	20	27	68	15	57	94	48	84	80	25	60	13	67	42	16	55	26	83	36	21	13	81	57	67	36	95	77	47	96	16	71	48	15	64	28	80	97	89	23	17	82	46	98	61	46	49	97	62	87	31	22	97	30	86	23	78	97	70	97	73	42	13	14	26	14	39	42	49	69	10	55	59	82	97	57	99	25	50	77	78	100	51	41	42	16	26	29	15	84	62	17	52	27	22	64	84	78	84	35	26	38	97	55	72	10	32	35	58	74	16	23	96	85	67	97	32	36	88	81	42	60	83	64	73	67	87	62	28	48	99	54	75	11	76	92	60	17	49	13	50	64	48	96	77	52	97	11	66	60	66	29	35	59	22	52	59	64	63	30	96	93	11	61	94	24	14	56	60	37	26	52	56	75	85	13	53	63	58	12	46	45	42	32	38	52	72	49	10	31	94	75	10	25	81	41	62	11	72	91	16	18	37	36	94	65	58	73	66	32	82	85	46	78	52	79	20	35	62	88	21	97	27	67	38	74	67	12	37	39	48	15	87	85	48	64	63	46	94	89	16	18	64	50	44	64	81	20	31	90	60
51	34	72	42	65	87	25	59	23	66	68	95	50	94	36	36	71	14	100	88	87	93	56	11	64	64	88	53	83	99	96	51	95	88	74	83	54	14	98	40	43	67	74	41	43	93	83	95	88	43	53	13	63	76	67	10	85	87	15	16	81	41	23	68	10	87	56	25	70	78	59	90	89	75	84	55	49	26	75	13	44	36	27	41	64	16	24	60	59	11	67	80	88	60	58	17	98	63	30	35	15	50	42	38	33	78	85	35	44	94	82	35	19	21	22	65	41	17	59	10	35	16	66	60	99	87	65	67	81	53	35	26	17	21	21	88	66	29	34	35	33	75	61	32	51	27	39	77	86	60	82	59	20	31	79	63	80	98	75	36	10	97	52	44	94	36	12	13	15	75	99	16	76	78	31	93	59	88	28	35	56	45	55	79	85	55	27	67	74	98	11	81	96	86	70	33	55	97	61	89	60	16	78	76	73	52	54	25	86	66	38	18	80	61	74	13	96	93	52	42	57	32	83	97	74	83	67	99	37	84	29	37	49	88	20	13	22	49	24	68	14	47	92	60	60	24	49	67	77	52	36	89	72	84	79	71	76	21	85	90	27	45	37	39	76	88	55	86	26	79	23	28	31	79	95	73	33	26	63	37	59	94	60	92	44	33	92	37	18	43	68	100	46	28	11	97	46	65	45	64	41	27	62	92	62	69	99	18	86	66	82	29	48	45	34	12	47	88	14	40	73	86	20	76	18	28	83	37	53	76	62	97	92	24	32	38	62	40	93	59	49	97	28	98	91	92	51	12	38	15	69	86	83	90	68	38	31	33	45	59	30	57	83	59	47	79	27	22	88	37	84	31	64	39	65	46	68	45	19	13	25	25	56	92	37	79	22	22	41	70	94	79	77	64	66	90	46	93	68	60	70	86	78	13	27	52	40	31	31	62	57	26	65	76	81	67	65	82	28	37	20	43	99	22	89	22	39	63	27	20	15	48	68	14	53	77	87	11	12	36	16	36	74	49	69	30	31	78	63	96	20	85	25	30	69	38	46	24	19	82	27	58	65	61	15	11	12	43	72	94	35	40	35	84	43	72	57	42	78	85	18	25	69	38	67	91	40	99	69	19	13	98	57	41	46	22	23	22	25	28
53	89	21	63	90	14	73	11	70	85	86	86	96	21	61	89	99	46	17	25	12	11	36	65	46	15	38	25	76	62	39	22	58	15	77	83	62	35	11	80	45	73	22	19	20	76	95	29	89	12	67	79	34	34	36	11	31	99	22	42	46	28	59	89	64	63	81	54	34	22	54	63	63	90	67	87	89	61	69	84	57	33	63	92	89	55	13	58	76	66	84	17	47	36	44	31	89	30	24	60	35	99	76	15	19	19	58	63	69	38	58	18	46	89	59	54	72	65	34	72	69	89	63	14	52	36	25	61	31	22	14	84	11	91	20	86	68	38	22	24	56	99	55	71	44	79	100	44	32	46	85	21	81	18	13	94	69	57	13	48	20	43	16	51	28	81	58	84	57	88	42	95	88	66	90	70	26	62	20	29	21	26	49	60	55	93	42	97	44	71	33	17	19	81	76	17	19	72	48	78	63	97	77	12	93	13	47	59	28	73	89	85	56	22	63	89	27	34	73	27	82	18	80	63	39	78	97	79	47	53	24	29	23	57	100	26	28	55	97	23	25	40	53	47	52	46	73	95	83	45	55	78	86	28	51	50	59	77	37	47	40	72	19	38	38	74	85	68	58	34	66	21	26	75	59	98	20	89	26	61	70	26	52	82	60	70	33	53	39	71	55	32	16	72	80	90	49	81	92	31	31	93	92	82	72	14	96	71	68	94	67	91	61	88	16	63	51	78	59	70	77	77	61	58	31	67	34	47	42	49	58	11	27	74	63	43	67	64	13	18	26	21	25	30	42	15	11	51	64	60	88	68	97	13	61	81	46	80	75	11	36	82	83	26	31	32	99	21	94	33	58	13	37	66	57	41	37	82	42	55	24	47	57	11	56	16	90	93	58	37	56	21	16	97	18	77	61	98	66	35	27	28	80	20	12	36	61	76	14	33	90	25	77	96	57	32	27	69	22	66	33	70	62	33	30	38	19	79	42	46	67	93	28	86	58	25	32	62	92	70	46	52	43	83	44	92	50	19	79	59	36	36	41	51	30	66	25	30	60	17	34	23	69	20	60	99	47	23	95	67	86	63	92	71	90	96	96	67	19	63	100	97	82	49	96	51	14	40	59	22	91	53	59	100	52	23	59	89	84	39
58	70	75	29	38	35	59	42	80	15	45	29	68	36	54	24	58	15	15	22	32	86	14	64	31	24	89	52	30	92	29	44	39	28	94	67	59	77	22	98	24	21	76	12	80	89	73	67	95	84	16	63	42	41	48	26	64	28	30	91	83	78	90	98	89	66	79	33	54	82	99	95	83	61	72	78	37	78	13	81	84	21	96	14	28	65	27	68	82	32	62	33	81	50	88	81	43	74	43	71	40	59	88	90	76	70	99	56	73	29	88	32	61	42	26	83	29	56	87	90	67	45	96	66	17	25	32	74	35	97	45	53	43	61	11	39	75	75	28	75	77	53	25	37	49	45	28	43	17	78	33	14	84	85	73	71	98	29	31	57	68	17	91	37	39	49	99	17	76	77	24	78	22	22	25	98	70	93	19	74	68	12	11	21	49	93	43	40	55	66	77	24	94	76	96	32	21	40	59	56	92	11	14	52	91	49	46	18	38	39	90	93	51	79	26	11	43	58	83	66	88	56	74	89	30	71	93	32	46	52	49	20	65	88	89	58	57	49	97	34	19	93	84	90	23	58	29	17	96	57	84	80	54	88	85	16	13	88	75	28	85	36	21	52	25	30	37	24	16	98	58	57	66	34	54	12	100	95	69	37	89	58	89	82	68	24	27	22	49	79	74	98	58	51	29	38	38	14	48	53	30	56	56	73	42	25	16	51	32	56	59	36	51	68	16	70	95	29	59	90	46	51	47	30	75	30	37	44	83	16	97	48	65	23	29	17	81	57	22	52	63	46	49	19	38	98	87	25	47	28	24	52	76	75	31	78	52	45	95	45	23	78	85	22	85	78	51	91	94	39	93	96	77	76	26	96	32	61	16	85	76	46	16	41	80	82	20	20	55	82	78	47	92	34	31	77	68	87	41	80	97	94	83	17	18	10	14	60	37	69	32	81	75	88	46	79	37	64	80	51	19	40	36	96	76	45	47	75	18	54	16	62	54	20	33	67	10	60	30	80	31	83	44	39	81	21	15	71	96	83	81	34	84	52	81	43	38	30	51	90	10	64	11	35	63	95	64	44	18	45	14	51	56	55	38	46	48	84	14	76	89	67	41	15	78	97	65	52	82	11	37	52	96	45	53	92	36	53	22	26
97	76	78	12	53	51	94	69	22	72	41	94	100	53	68	78	93	25	98	50	83	54	38	44	35	93	13	56	62	18	29	12	94	39	60	12	81	79	45	57	16	34	33	72	72	26	74	63	53	45	65	11	87	33	36	37	61	12	76	18	41	31	87	62	10	41	42	74	82	18	84	48	38	40	79	27	80	30	46	76	30	12	10	71	47	34	48	19	47	86	75	85	50	28	50	77	39	12	33	61	68	77	41	74	24	56	41	69	29	56	77	59	29	94	50	24	55	38	31	67	16	37	89	80	50	28	91	64	71	22	63	44	97	61	13	37	67	34	48	41	39	74	72	27	15	88	89	82	16	26	45	46	30	54	82	61	25	50	42	54	68	95	13	17	66	57	95	61	62	71	69	66	84	56	43	25	14	50	91	68	24	62	55	53	49	46	49	56	11	69	91	86	84	26	18	59	36	23	71	57	26	37	27	16	64	18	92	39	26	10	20	80	82	18	12	21	28	13	48	88	56	59	19	73	48	53	53	40	91	60	18	31	86	40	19	61	27	45	61	28	89	89	60	28	33	49	71	80	15	41	27	89	25	25	29	39	32	11	52	98	60	63	73	47	14	50	98	48	91	80	91	39	84	62	58	23	78	89	95	22	47	28	92	32	37	69	62	96	39	86	60	84	98	44	99	45	91	96	55	19	58	60	31	32	53	12	25	22	17	97	56	76	75	46	12	57	52	81	41	48	90	69	75	11	53	36	71	33	87	69	29	98	58	94	59	45	89	61	33	88	17	91	61	14	57	84	25	48	27	79	51	65	42	24	79	76	90	57	73	21	94	92	66	24	64	100	35	77	25	90	89	77	23	85	25	80	24	46	68	63	14	76	88	31	80	54	76	26	41	16	81	90	68	75	91	33	90	53	57	24	18	66	97	96	30	40	65	38	24	56	12	12	53	21	77	69	17	53	85	86	84	83	41	51	28	78	93	10	14	30	56	98	95	95	76	31	34	48	61	77	29	46	42	48	62	97	98	52	71	62	58	40	46	43	84	34	56	71	12	12	85	90	12	70	12	27	89	15	67	40	88	96	11	43	91	38	49	20	24	70	34	89	78	11	39	25	25	15	80	51	23	42	13	79	89	64	77	95	16	75
66	88	58	97	37	19	90	87	75	55	29	37	27	12	50	92	73	29	29	33	52	53	51	21	23	20	66	28	55	69	83	100	65	69	36	38	17	47	24	58	93	94	50	53	35	49	17	51	13	14	98	88	60	74	37	46	89	10	99	50	27	28	63	28	20	63	65	48	49	88	40	29	56	99	10	29	93	96	51	61	37	45	42	81	64	22	23	29	92	24	53	36	16	58	60	75	79	32	100	97	83	20	47	89	46	26	44	65	51	11	15	68	83	66	11	71	13	28	82	50	99	38	32	15	30	10	51	47	80	21	31	87	67	65	16	24	41	72	82	16	34	80	28	61	32	48	37	41	48	80	80	36	72	24	95	54	43	47	19	42	88	50	58	82	82	87	96	99	91	42	73	67	34	94	72	23	75	75	87	94	17	25	66	67	77	38	35	38	86	98	39	50	99	45	45	21	78	76	75	72	35	36	65	78	93	61	74	90	66	56	37	68	50	16	34	63	17	68	23	96	71	56	95	26	48	83	41	39	68	61	47	59	23	74	78	12	20	79	72	59	60	80	43	34	60	20	26	56	17	57	58	83	68	20	75	95	74	92	94	35	28	75	84	63	26	84	60	69	82	98	33	25	36	30	47	28	99	10	62	12	26	92	100	52	87	69	13	54	52	65	56	38	50	14	73	44	34	99	10	58	42	94	35	74	67	98	19	47	76	38	59	50	30	85	56	39	14	70	55	70	57	77	83	46	97	49	83	68	85	13	75	71	24	70	57	26	95	30	77	72	47	43	91	79	94	60	93	28	63	47	51	95	32	77	16	75	24	51	49	46	70	34	80	10	66	38	62	20	94	43	91	32	81	67	53	40	94	66	31	61	51	99	37	56	81	25	33	53	33	11	12	58	75	81	43	45	80	91	21	22	96	18	31	78	64	87	69	52	14	30	69	31	40	21	95	97	47	51	98	29	93	52	48	62	97	80	15	16	88	57	42	68	48	75	43	95	49	57	52	60	68	100	41	29	89	35	48	20	11	17	86	34	53	69	12	35	19	99	87	29	14	22	100	76	35	45	89	52	59	23	51	25	53	94	81	28	93	79	60	29	57	24	61	38	10	25	89	70	30	74	81	63	54	92	18	58	49	52	67	87
33	75	99	68	75	92	71	65	79	94	89	89	79	20	34	32	24	92	40	18	65	13	17	21	63	92	47	28	96	35	91	50	55	89	23	82	73	75	31	22	59	61	93	59	98	58	62	11	69	42	17	18	88	43	17	70	26	63	11	35	88	41	25	44	83	81	79	75	78	40	76	37	80	12	53	78	91	79	44	11	60	53	90	82	36	45	94	78	83	73	91	51	76	90	52	63	73	17	52	97	79	19	65	51	70	90	87	79	34	58	73	21	69	88	13	46	32	64	33	64	87	13	64	16	42	35	70	79	45	32	81	52	91	62	39	61	80	97	18	72	76	88	21	65	14	54	45	64	90	20	90	41	43	77	36	69	100	18	79	29	34	82	57	26	55	30	97	87	31	58	14	52	88	24	96	87	32	90	68	89	61	60	32	100	48	94	26	88	26	100	32	23	51	58	31	66	68	28	35	80	33	64	77	57	32	98	70	97	100	86	12	46	43	67	37	82	60	88	89	91	89	63	73	52	23	75	85	49	30	69	88	75	77	86	44	52	71	86	72	47	31	73	58	67	13	63	49	62	87	77	59	34	17	61	25	89	62	99	39	57	69	39	51	12	10	25	54	58	78	59	85	82	50	10	59	46	51	60	95	76	34	36	82	49	35	86	28	35	82	48	66	99	77	79	47	36	45	39	17	11	61	74	99	28	13	39	21	45	61	55	28	60	25	92	91	77	55	23	67	27	43	16	52	80	92	53	20	99	74	19	48	95	88	40	77	17	66	29	50	83	84	65	96	35	53	35	85	90	65	50	53	55	11	75	11	45	74	38	73	18	95	26	17	13	35	44	35	35	81	67	13	45	70	51	67	81	88	61	69	45	28	95	32	95	84	41	66	13	65	78	11	22	17	33	99	55	21	35	89	50	39	94	60	71	73	76	31	22	50	65	55	79	49	57	70	18	73	68	62	27	27	64	17	67	14	20	13	51	73	83	61	64	68	70	17	17	88	35	27	16	58	12	79	38	12	82	46	29	42	78	54	34	27	91	39	92	39	45	20	48	37	42	25	45	77	79	38	70	23	97	92	26	56	46	92	71	14	47	65	83	75	77	68	25	81	56	30	54	27	83	24	49	16	36	39	78	32	44	88	76
44	15	95	44	92	63	68	65	78	28	72	21	52	73	82	14	86	94	72	96	46	85	53	15	51	28	43	56	62	35	28	44	27	94	94	21	46	42	23	80	68	96	40	35	56	79	57	65	46	48	29	51	80	77	29	45	18	73	21	14	49	85	97	73	78	37	88	48	79	32	65	74	30	22	26	42	33	93	37	43	65	13	38	30	18	77	75	90	33	96	49	41	73	79	56	21	38	93	11	39	50	62	60	62	74	43	79	36	20	24	49	30	18	80	67	23	48	58	73	95	73	67	17	90	63	85	80	36	31	79	67	90	60	28	46	94	15	43	84	52	72	37	67	93	30	24	98	79	13	36	16	39	19	34	68	33	87	34	31	39	46	82	27	18	92	91	84	46	91	91	68	90	31	64	55	85	57	57	82	16	24	89	79	22	30	64	14	73	89	95	19	20	45	40	31	43	57	26	57	94	94	36	40	100	43	20	60	12	21	88	17	31	93	46	17	97	90	70	70	56	64	77	68	47	65	99	11	13	56	53	72	84	86	13	85	58	49	32	64	39	70	80	18	31	98	49	15	88	74	27	57	59	40	45	33	66	13	13	96	58	15	95	68	77	46	73	91	36	51	97	30	64	51	77	63	62	56	66	100	99	100	91	37	16	58	97	79	51	95	49	79	24	59	88	79	98	90	83	38	73	73	37	28	14	30	82	74	77	43	37	64	50	36	57	26	11	80	83	64	18	91	60	97	36	41	27	66	15	29	41	48	82	60	10	16	35	22	72	37	96	89	59	32	58	79	37	17	28	63	99	53	30	44	97	86	85	16	63	79	77	62	18	44	17	73	11	78	40	36	75	51	47	85	89	91	77	70	19	23	51	49	31	55	60	34	14	53	18	17	88	97	92	68	20	30	66	22	75	29	94	52	92	63	54	44	58	96	53	56	60	65	17	98	96	70	15	54	84	54	66	46	12	19	93	86	84	93	19	40	37	61	58	18	34	35	51	48	14	69	30	75	62	58	87	15	38	43	23	37	17	90	34	59	67	58	99	34	29	28	81	59	51	97	93	47	69	60	14	29	19	32	45	28	11	89	23	61	56	24	16	94	64	48	18	34	89	17	29	93	36	44	40	61	43	20	31	56	93	56	54
wj																																																																																																																																																																																																																																																																																																																																																																																																																																																																																																																			
45	20	77	64	7	27	37	52	64	5	16	86	49	85	85	38	66	57	87	33	99	95	79	46	85	29	72	41	99	28	62	80	20	25	37	73	55	32	99	77	9	48	27	46	24	96	87	98	45	86	61	31	99	40	45	53	50	70	53	47	2	94	31	57	12	73	6	86	3	36	91	72	94	61	52	65	86	7	71	83	3	62	8	87	22	30	71	87	41	62	95	35	71	45	94	44	85	31	42	95	68	8	51	11	55	38	4	34	1	4	64	43	22	92	69	15	26	82	56	50	51	99	32	83	42	26	36	53	38	92	89	25	27	47	62	16	54	57	99	19	41	94	93	76	32	4	82	66	54	97	63	92	3	52	10	46	38	81	4	93	90	18	22	53	96	39	12	87	4	52	33	23	77	71	21	64	29	12	20	60	28	5	23	85	96	42	57	41	79	89	64	92	14	46	5	38	19	79	88	23	75	73	34	16	62	38	49	54	95	48	39	55	40	58	76	67	21	47	60	41	33	67	65	100	91	3	71	48	95	92	21	55	57	26	16	69	71	7	33	10	84	52	56	74	2	44	98	83	32	45	45	59	71	59	64	97	23	55	49	89	54	95	60	73	79	61	3	96	70	51	75	82	78	81	28	51	67	19	89	60	39	72	61	71	2	60	5	36	62	19	51	27	59	8	21	63	67	48	97	61	68	28	93	40	32	29	87	65	28	78	55	93	45	29	3	99	77	41	69	27	50	78	53	36	46	43	27	19	79	85	66	40	20	80	28	53	47	54	74	16	42	43	62	20	20	76	61	77	62	9	69	93	2	12	24	8	83	96	56	59	30	68	3	57	94	51	86	86	74	8	66	54	48	14	74	42	98	64	43	16	86	42	30	86	59	34	26	59	10	24	11	94	72	71	55	76	95	72	23	98	33	4	93	79	29	33	15	98	50	3	40	7	42	40	26	53	44	90	98	18	15	26	38	2	92	23	10	73	32	84	23	57	88	93	54	96	88	77	54	66	15	57	78	49	54	87	32	93	50	100	67	89	44	22	63	94	33	42	60	91	93	47	12	99	64	33	51	19	91	81	48	2	84	56	8	56	95	44	67	35	41	93	31	94	33	60	51	40	4	88	2	60	23	19	21	35	9	52	18	22
