pij																																																																																																																																																																																																																																																																																																																																																																																																																																																																																																																																																																																																																																																																																																																																																																																																																															
47	48	49	50	54	45	46	51	50	50	46	46	48	53	54	50	54	48	45	51	47	48	46	50	48	46	45	46	46	52	53	49	53	49	52	55	49	50	50	49	54	50	50	52	50	52	55	47	53	52	51	49	51	51	45	53	49	48	51	48	50	52	50	54	51	54	53	48	54	48	47	53	46	46	53	55	50	53	49	50	50	51	53	52	47	47	52	55	55	47	47	51	51	46	53	49	54	49	52	46	49	52	49	52	52	50	50	47	47	52	48	51	52	46	53	50	52	50	54	51	46	54	51	49	47	53	50	47	49	46	53	50	54	48	46	45	47	45	47	45	53	53	46	52	46	48	54	55	51	49	46	54	48	54	51	47	49	54	45	54	54	53	53	47	50	50	52	51	52	48	52	48	52	54	48	49	54	47	47	46	50	54	51	45	46	46	47	48	53	50	47	46	45	47	52	48	49	46	47	50	54	47	53	46	50	45	48	54	52	46	50	47	54	49	47	54	46	52	52	52	53	54	49	47	53	54	48	46	46	45	48	54	46	52	54	50	49	48	50	52	51	49	50	45	52	46	50	52	53	47	50	52	47	50	48	46	51	54	47	48	46	51	51	48	51	47	46	51	54	50	53	51	52	50	53	53	48	54	51	53	55	51	53	48	54	48	48	48	51	54	47	49	54	52	45	48	48	49	53	45	52	46	48	46	52	49	45	49	55	47	48	47	52	46	50	47	51	52	47	46	51	48	46	54	48	52	51	51	50	52	50	52	47	54	46	48	52	46	51	47	52	47	52	53	49	53	49	47	47	51	49	49	49	54	50	50	47	45	50	53	51	49	52	50	52	50	53	53	51	48	46	46	49	54	53	52	53	52	47	51	46	53	52	50	52	46	55	45	50	50	52	48	46	51	50	54	51	51	47	49	54	46	51	47	49	50	50	48	52	53	52	48	49	47	49	54	47	53	52	55	53	50	47	47	52	48	52	52	49	50	47	48	49	47	45	53	52	51	49	54	51	48	49	53	51	51	46	54	51	51	47	53	52	52	46	47	49	52	45	46	48	53	52	53	51	48	51	48	49	53	49	47	48	50	47	52	48	55	49	54	51	54	54	53	52	47	47	51	52	53	53	54	47	52	54	48	50	53	50	46	47	47	45	55	53	54	49	51	46	49	55	46	55	48	54	50	48	49	51	48	47	55	46	47	50	51	49	46	53	46	46	52	52	53	52	53	52	51	54	53	49	55	50	48	50	49	52	50	47	46	49	55	54	52	53	50	52	52	46	52	52	54	52	50	48	48	53	48	49	46	48	45	48	45	48	49	53	52	49	51	52	53	49	49	50	53	48	51	52	46	49	51	55	49	47	52	54	45	50	49	51	49	45	49	53	53	49	46	51	47	49	55	46	49	48	47	49	52	53	50	54	54	47	48	50	53	53	46	54	55	48	55	47	46	51	46	53	46	55	47	45	53	46	49	49	51	54	51	50	54	54	51	53	49	48	53	51	54	45	47	54	55	49	46	47	48	48	51	52	51	51	47	54	51	53	49	48	50	51	53	52	45	48	50	49	51	52	55	47	47	51	46	49	50	45	54	52	53	48	53	46	49	47	54	49	49	47	52	48	48	52	50	52	52	47	45	52	47	53	50	46	46	52	49	52	46	53	50	45	48	47	46	54	51	47	50	47	55	46	54	51	54	53	45	52	54	46	54	48	48	52	55	51	48	52	51	46	55	49	46	51	49	50	53	47	55	49	50	51	54	55	48	45	48	50	49	46	50	47	50	48	46	51	49	48	51	52	54	54	46	53	46	49	47	45	50	50	54	45	51
62	68	61	66	63	65	66	70	64	70	62	65	67	66	70	64	67	65	62	66	62	71	61	67	61	63	63	67	70	61	63	68	67	69	63	65	68	61	70	67	62	64	63	65	71	65	70	66	64	61	68	64	67	67	69	63	68	61	65	64	63	61	65	68	71	65	69	62	61	69	70	68	67	63	70	69	63	63	63	70	67	65	63	66	69	68	68	65	71	69	70	69	61	65	69	67	70	62	66	65	70	63	68	68	63	71	70	65	67	64	66	68	62	67	67	67	64	65	69	62	66	62	65	71	64	66	63	63	62	64	68	66	63	62	69	67	61	66	69	63	70	65	67	63	65	64	63	66	65	61	71	70	63	65	66	64	64	69	68	64	68	70	71	70	65	69	68	70	66	69	70	71	65	65	66	63	63	67	70	71	64	67	64	67	70	66	69	63	65	65	63	68	63	70	67	71	64	63	68	69	62	68	70	64	69	68	67	68	70	67	63	70	63	67	62	67	66	65	70	66	63	63	69	71	69	63	62	68	65	66	64	69	70	65	62	67	64	67	61	66	68	71	65	61	65	66	67	62	65	65	62	69	64	68	69	69	71	67	70	71	65	70	64	71	64	65	71	71	67	69	63	69	66	68	66	62	62	64	61	69	69	71	62	66	70	62	67	62	61	70	66	68	65	68	67	67	65	66	68	65	62	64	63	63	63	67	62	63	62	70	69	65	64	71	68	65	69	68	61	63	63	69	65	67	63	62	63	70	61	66	70	65	65	63	66	71	70	70	69	65	71	70	63	64	68	66	66	63	66	63	66	63	62	64	70	61	70	67	70	63	65	64	64	65	61	62	62	69	68	70	68	71	67	68	62	62	70	65	71	67	63	63	61	67	70	66	68	68	62	71	61	61	64	65	62	71	61	64	65	62	63	68	70	64	63	70	63	69	64	62	65	71	66	63	68	62	63	61	64	64	69	61	68	68	65	69	65	65	67	63	66	69	65	68	70	71	62	66	66	63	66	63	67	70	61	65	69	67	67	71	65	68	62	68	62	65	62	62	64	67	67	62	65	69	69	69	69	66	70	62	61	70	64	67	70	63	67	68	70	62	65	70	65	66	64	62	62	67	67	66	67	63	70	66	70	66	61	71	70	63	64	61	65	67	66	67	61	67	63	61	69	64	66	63	66	65	68	61	68	68	69	64	61	66	66	64	69	70	69	68	63	68	62	67	66	66	68	71	67	68	63	63	64	62	64	65	67	62	64	63	66	70	63	71	62	70	66	67	62	62	70	69	65	61	71	64	61	66	63	71	63	65	66	69	71	62	61	62	63	64	64	65	64	68	67	66	65	70	69	67	66	68	66	69	65	65	68	64	62	68	67	66	70	66	67	61	67	66	69	62	64	68	71	71	64	70	71	65	70	64	69	68	63	66	65	67	68	70	62	63	67	65	64	70	65	65	63	66	68	66	67	67	69	64	63	62	67	66	62	63	64	62	71	71	71	69	65	69	69	67	63	61	62	61	64	71	68	69	69	64	66	68	70	67	66	70	63	64	66	68	65	69	62	70	67	65	62	64	69	64	68	71	70	62	66	67	64	62	69	71	64	65	68	69	66	65	64	64	68	69	70	67	70	70	63	62	66	67	65	70	68	64	70	65	68	71	67	69	66	69	65	62	68	62	63	62	65	68	65	68	67	62	69	65	68	62	66	68	62	69	64	65	66	67	67	64	61	66	64	66	69	61	64	62	64	70	67	65	66	63	67	62	69	63	62	62	63	65	62	67	70	69	62	66	62	63	64	63	61	64	68	65	70	63	71	62	65	70	65	67
11	17	14	14	12	14	20	12	10	11	11	18	16	18	11	17	17	12	19	17	19	11	17	10	18	11	17	11	19	19	12	11	16	10	16	12	14	14	14	13	11	13	14	12	11	14	19	19	18	18	13	13	20	14	20	10	18	18	11	15	19	18	19	12	19	19	18	15	18	12	11	19	12	11	10	14	17	15	14	18	13	15	19	15	14	14	12	12	15	16	18	18	19	17	16	10	14	13	10	15	20	19	11	16	11	19	12	13	13	13	16	17	11	17	17	15	18	12	18	15	11	11	19	17	11	18	14	15	20	17	16	13	20	18	14	12	18	11	15	18	13	11	14	10	19	11	20	10	12	15	13	11	18	10	20	18	10	20	13	15	15	18	13	18	10	18	19	16	16	20	16	14	11	16	11	14	11	14	15	19	13	15	12	11	14	18	13	20	18	12	14	14	11	10	15	10	16	14	18	13	12	14	14	12	17	10	10	12	19	12	12	11	19	13	15	19	14	12	16	19	11	16	11	14	13	18	14	16	18	18	16	15	16	17	16	11	11	12	17	14	19	20	16	16	17	11	15	14	13	14	10	17	15	14	14	13	13	19	11	15	13	19	16	20	15	12	15	12	15	20	17	11	16	18	18	15	14	14	15	16	19	19	11	19	17	13	13	11	12	18	19	19	13	19	16	18	18	11	12	12	17	14	15	18	14	17	12	20	12	14	14	15	12	11	17	14	12	15	12	13	12	18	17	18	15	10	19	20	11	13	10	17	15	17	15	13	13	13	12	13	17	11	16	19	13	16	10	13	19	11	12	16	15	18	13	16	13	14	13	13	12	19	15	14	17	17	11	12	14	11	16	15	18	15	13	12	19	12	16	14	11	16	14	16	16	11	13	12	14	17	18	13	14	19	11	15	16	17	19	18	17	14	12	19	12	16	18	10	10	16	19	14	15	13	20	12	18	15	18	11	16	19	14	12	17	17	10	12	18	10	15	15	17	18	16	16	10	13	14	11	14	12	12	19	18	11	12	15	16	12	16	13	12	17	18	18	11	14	15	17	19	11	13	12	15	20	12	19	17	13	12	12	14	14	19	18	14	17	13	14	12	11	11	14	19	11	13	12	18	14	14	20	15	15	17	14	11	14	16	14	10	12	12	14	20	15	19	18	19	17	10	15	18	16	11	14	12	20	10	16	10	14	11	18	10	17	19	10	15	11	20	17	11	18	16	13	12	16	13	12	11	15	12	13	15	17	13	19	15	10	17	17	18	14	18	17	19	13	11	15	10	19	19	20	14	14	11	14	16	19	16	11	20	12	18	13	10	20	13	18	18	19	18	20	18	13	19	14	17	15	13	14	15	13	19	13	20	11	16	11	18	13	13	16	19	10	10	11	13	13	18	19	16	15	11	11	13	13	19	18	11	11	14	18	11	18	12	18	20	11	15	10	19	13	15	13	12	15	20	13	17	13	11	15	18	16	16	13	12	16	17	11	18	19	17	12	14	17	12	10	16	18	14	11	17	18	18	12	10	13	17	13	18	18	11	12	19	20	11	13	15	17	12	13	19	11	13	10	17	14	15	16	11	11	19	14	19	13	11	10	15	19	18	18	11	16	14	14	13	13	15	12	12	13	19	19	19	15	14	20	17	18	18	12	14	19	15	18	18	18	12	10	15	18	15	18	19	13	11	14	12	16	11	11	16	16	15	13	20	11	19	16	17	15	17	11	16	13	13	13	14	20	12	16	16	19	19	16	18	16	11	17	12	14	12	12	17	12	15	12	19	12	15	14	20	17	15	17	19	13	18	10	18	10	11	18	18	13	11	18
24	24	21	24	26	21	29	27	25	27	28	25	28	25	27	22	29	22	26	27	23	25	25	23	27	26	23	26	30	24	24	21	21	27	27	28	23	29	27	26	25	26	29	25	20	20	28	24	21	24	22	25	20	29	29	27	25	27	25	22	29	25	23	26	25	26	23	26	22	22	21	23	27	25	28	28	23	21	24	27	23	30	24	28	25	27	22	24	28	23	29	24	22	29	28	21	24	22	25	27	22	23	22	28	23	23	26	29	22	27	23	26	23	20	22	23	27	22	29	25	25	25	20	25	22	27	26	28	24	29	25	30	27	22	21	27	25	22	29	27	21	28	24	22	22	25	29	26	23	29	21	22	30	21	22	26	21	30	27	26	20	23	29	27	23	27	27	29	24	24	27	25	28	24	23	23	21	22	21	27	22	29	25	24	21	29	22	27	24	29	28	25	24	22	27	21	21	28	24	29	26	24	23	23	20	24	30	29	26	22	21	27	29	26	21	20	25	26	27	25	25	20	24	29	27	22	28	30	29	24	22	28	28	29	29	22	26	24	25	23	28	21	21	27	29	23	25	24	28	26	21	24	25	20	22	25	20	29	26	23	22	26	26	22	22	22	21	22	23	23	28	20	23	23	27	28	26	25	24	22	22	21	28	21	23	29	29	29	24	25	23	28	28	28	27	24	23	24	24	25	28	28	20	25	22	29	29	21	23	28	30	29	21	20	22	28	26	22	29	23	28	21	29	26	25	22	24	26	26	25	23	30	26	25	28	24	21	29	30	29	22	23	21	26	26	23	20	25	24	20	22	23	22	25	25	27	30	27	23	29	23	25	27	29	26	23	27	25	29	21	27	21	25	25	29	24	25	28	24	28	28	21	21	26	29	25	26	29	25	27	25	28	29	22	24	28	25	30	23	22	24	22	23	23	21	28	21	29	27	22	25	26	23	25	28	23	20	28	22	23	22	24	23	20	25	24	30	26	22	21	28	27	29	24	25	26	24	22	22	27	28	30	25	27	26	24	23	26	21	28	20	22	29	26	29	22	23	25	23	22	25	22	27	21	22	22	22	28	21	21	25	23	26	25	23	28	23	23	25	24	24	29	29	21	23	25	22	27	28	30	27	27	29	28	22	27	23	27	21	23	28	24	22	26	20	29	21	30	29	21	25	26	30	26	27	23	25	26	20	24	23	21	22	23	20	28	24	25	23	30	25	27	24	29	22	23	23	24	26	28	29	30	22	23	30	27	26	29	22	25	27	26	29	28	21	28	25	23	25	25	24	29	20	23	28	28	22	21	26	24	29	21	22	26	26	28	28	21	23	27	28	21	24	21	23	21	26	28	27	24	29	27	25	22	28	28	26	20	30	23	29	27	26	22	29	28	23	20	25	24	24	20	21	29	27	20	25	28	26	28	23	25	25	29	28	28	23	22	25	20	26	26	27	25	24	24	28	29	20	28	24	26	25	25	24	28	21	26	21	22	21	25	27	22	23	21	27	23	27	24	22	27	21	22	22	21	25	24	24	20	25	27	22	22	26	28	29	24	29	23	24	28	23	23	25	21	29	21	28	20	25	21	28	22	29	21	29	28	21	24	27	24	22	25	20	24	27	23	27	25	24	25	29	24	26	22	27	24	21	29	21	22	24	27	29	23	21	26	28	21	27	30	27	20	27	25	25	27	27	28	27	29	21	30	21	20	29	23	24	22	27	22	24	28	21	29	25	29	28	23	21	27	29	26	28	25	23	28	28	28	26	27	28	26	30	29	22	23	26	27	27	23	23	28	28	23	25	25	20	29	28	20	25	29	21	29	29	30	24	28
26	32	23	30	30	22	30	31	26	23	28	24	31	30	24	25	31	30	29	32	28	26	25	29	32	26	22	27	29	25	28	32	32	24	27	26	24	27	32	32	30	25	26	31	30	29	26	27	27	30	22	30	25	29	27	23	29	29	27	28	31	24	31	23	30	23	29	29	30	30	24	23	30	30	23	28	25	28	25	27	25	24	30	31	29	26	26	26	31	23	28	29	24	30	27	27	23	22	29	24	27	25	27	25	23	27	30	23	29	31	26	30	27	23	30	25	29	31	29	31	28	27	26	31	26	30	26	30	32	31	24	30	29	26	23	24	30	30	25	31	24	30	26	27	23	29	28	25	25	29	29	27	28	23	23	30	24	29	30	26	24	24	23	30	29	26	28	30	25	27	26	25	30	24	27	26	24	26	30	29	25	27	22	22	26	32	25	25	26	27	32	29	31	31	25	27	29	28	26	23	27	27	26	23	29	31	28	24	29	23	31	25	24	26	25	32	24	31	27	31	28	23	26	26	22	32	26	31	29	23	25	29	26	23	32	28	24	27	29	31	24	23	24	27	22	30	24	28	27	30	23	22	28	23	22	28	30	28	24	32	30	27	28	24	23	24	24	27	24	30	30	30	29	29	23	25	28	31	31	30	28	23	26	26	31	22	24	26	22	31	24	25	31	30	23	32	23	23	26	27	27	24	26	32	30	28	30	23	30	27	32	31	23	23	31	26	30	27	24	24	25	25	29	29	24	27	24	22	27	27	31	27	27	28	26	27	29	28	28	25	25	28	30	23	31	23	24	30	23	25	24	29	30	23	25	28	31	25	25	30	23	31	28	30	27	25	28	30	24	32	30	28	22	29	23	30	22	31	22	26	22	23	25	27	31	22	26	31	29	24	28	29	23	32	25	28	31	25	28	27	27	28	31	26	22	30	27	23	28	22	30	22	25	25	24	30	31	26	24	31	28	25	28	28	31	24	25	32	28	32	26	25	24	25	22	23	31	30	23	26	30	24	31	22	23	28	31	24	23	32	28	24	29	25	23	28	31	26	30	26	28	28	26	31	27	27	30	26	23	22	30	24	31	28	26	26	30	26	24	31	29	22	29	32	23	30	26	25	26	28	27	24	31	24	27	23	24	28	28	24	30	22	30	30	22	29	28	31	31	24	23	26	24	23	23	23	30	27	28	30	23	22	30	25	29	25	27	22	30	24	24	24	22	28	25	25	29	25	27	24	24	28	25	23	22	28	24	29	28	28	23	24	25	29	29	31	32	29	25	26	23	23	25	25	25	25	32	29	29	27	25	31	29	32	24	22	29	23	28	28	31	28	29	24	30	27	31	28	27	26	25	23	24	24	30	26	29	31	31	26	22	27	28	32	31	28	31	29	31	23	31	31	27	28	28	25	22	27	24	27	29	27	27	23	30	26	30	32	25	31	23	30	28	29	26	27	31	25	23	32	26	25	29	29	31	23	29	24	26	27	26	25	24	23	25	23	27	28	28	28	22	27	29	24	30	24	30	28	24	23	25	25	28	22	26	25	27	24	27	28	31	29	25	27	23	32	24	27	32	31	29	32	27	26	31	25	32	25	27	27	29	30	25	31	22	32	23	28	25	29	24	26	29	26	23	29	28	30	24	26	31	26	24	24	23	26	27	32	32	25	23	25	27	30	24	24	28	29	23	28	23	31	30	31	26	28	26	27	26	23	24	32	27	30	27	27	27	23	24	32	23	26	26	28	31	29	24	23	23	28	22	22	23	26	28	24	28	25	25	26	28	28	31	28	25	31	27	29	23	24	27	25	27	24	24	28	26	23	31	30
11	7	7	12	11	2	3	12	11	12	7	2	10	9	6	9	7	7	2	11	7	8	7	11	8	2	2	8	3	2	6	9	4	2	3	11	5	3	10	5	3	10	9	5	10	6	8	2	5	11	8	6	10	8	2	6	7	2	11	8	11	8	9	9	5	3	7	6	4	2	9	9	12	8	2	5	9	9	3	10	9	10	6	6	8	3	2	11	10	4	11	8	3	3	9	11	10	6	11	7	4	3	2	2	8	10	7	10	4	4	4	10	8	12	9	7	12	5	3	4	5	5	6	5	11	6	4	3	6	2	7	8	6	10	8	10	12	7	7	3	9	12	6	7	6	2	9	7	5	10	7	6	3	11	3	6	7	7	10	3	12	9	5	6	9	5	10	7	5	4	11	10	8	9	10	9	8	9	5	6	8	10	3	6	7	2	9	5	2	4	8	7	11	10	10	7	11	3	8	7	6	2	8	7	9	12	5	9	3	6	12	3	3	10	8	2	8	8	3	10	3	9	7	11	10	11	10	6	5	3	6	11	6	9	3	11	4	7	9	8	9	9	8	7	4	8	4	9	9	5	3	5	8	7	3	9	6	5	7	6	5	4	10	3	4	7	3	10	9	4	2	8	9	10	5	9	11	5	3	7	6	2	5	10	6	8	6	3	4	3	9	9	12	4	10	6	12	4	8	6	10	12	6	8	5	8	11	8	11	5	7	11	10	9	5	7	7	6	8	3	10	3	12	8	4	11	6	5	5	4	7	5	5	9	11	5	9	8	7	12	3	6	11	11	5	11	11	9	2	8	8	9	12	7	11	4	8	9	2	10	10	5	9	2	11	3	7	5	5	4	11	6	11	7	7	11	9	7	4	3	12	5	7	11	5	4	7	4	11	4	4	2	2	8	9	8	9	6	9	8	6	10	10	11	6	9	7	7	5	11	3	7	8	7	2	11	12	12	10	2	7	11	7	4	7	3	7	10	6	2	10	3	4	9	2	11	10	3	2	9	5	6	7	11	3	7	3	9	8	4	6	8	3	9	10	3	4	3	11	6	5	6	4	5	8	5	12	4	9	5	3	4	9	11	5	8	10	6	9	4	5	11	8	6	8	9	4	10	6	9	10	7	6	3	2	5	4	7	4	3	12	4	8	8	11	12	7	11	11	11	11	5	5	3	3	9	6	5	9	3	6	10	11	2	9	9	3	7	10	7	3	5	11	6	10	2	8	10	8	12	6	9	11	7	11	10	2	11	12	4	10	7	11	6	9	11	8	4	7	11	12	11	9	6	2	4	8	10	8	12	8	10	5	8	3	12	8	4	2	5	3	8	9	9	9	8	4	8	8	7	8	9	4	12	9	9	12	12	5	8	5	11	10	10	2	5	4	10	6	8	7	9	5	4	2	10	11	4	5	10	4	8	11	7	4	9	11	4	4	11	11	5	8	7	8	3	5	7	9	3	3	8	3	7	5	10	5	4	5	12	5	11	9	7	3	12	11	5	7	2	7	5	3	8	4	5	8	2	10	10	5	3	6	6	2	10	11	11	9	10	4	5	8	11	9	9	11	3	2	4	8	4	11	4	10	3	10	10	12	10	8	5	5	4	7	3	5	11	3	8	6	12	6	11	11	7	3	2	9	10	3	5	3	6	5	8	9	3	2	10	10	3	11	10	11	6	3	10	4	3	11	4	3	10	11	5	11	10	8	10	2	11	3	8	12	12	9	10	6	7	9	6	11	11	3	5	6	7	8	2	2	5	10	9	11	10	7	9	6	4	8	11	5	6	7	4	8	6	12	4	6	7	8	7	7	11	9	7	5	7
81	80	83	80	77	77	77	77	74	78	74	74	82	82	80	76	78	78	78	81	74	79	78	76	81	82	73	80	76	80	81	73	83	75	80	83	81	77	75	81	80	81	73	82	78	76	73	81	79	77	75	82	80	75	81	79	81	78	77	81	74	77	77	81	78	76	75	79	78	83	82	80	75	76	82	76	77	74	73	77	81	74	78	77	79	81	75	73	81	79	81	79	75	73	75	75	75	74	78	73	75	82	82	83	76	75	79	81	75	78	82	76	79	76	75	75	77	83	78	82	76	76	81	76	74	83	73	82	74	79	80	83	75	82	82	76	74	73	82	78	77	76	80	81	81	74	80	79	82	81	79	74	75	78	74	76	76	81	74	75	82	75	82	75	76	76	83	79	81	83	79	78	81	79	75	77	76	78	80	82	77	78	79	80	80	77	83	75	77	74	74	81	77	77	81	82	77	81	73	73	83	77	75	75	80	77	74	74	76	78	77	75	81	74	76	75	75	75	81	82	78	78	74	81	74	74	81	76	79	75	80	79	76	81	73	80	79	82	76	81	82	82	77	82	81	76	83	76	82	79	81	79	75	80	75	76	82	74	78	79	74	80	79	77	79	74	76	78	79	82	77	75	73	77	76	78	80	81	77	77	83	74	79	78	78	79	81	73	77	76	75	82	74	75	81	75	74	80	74	81	74	78	73	77	74	81	75	83	81	78	74	76	77	76	75	76	75	74	77	76	75	82	73	75	79	75	78	81	82	75	82	82	79	82	79	82	81	82	81	80	74	74	82	74	83	74	74	77	74	73	75	78	77	79	78	82	77	76	78	73	76	80	82	73	73	81	80	78	77	82	74	79	73	78	77	82	75	82	74	78	82	79	77	82	75	79	75	74	75	82	83	74	76	77	76	75	80	83	76	83	77	73	75	79	73	81	78	75	80	76	78	79	73	78	81	74	79	79	83	80	77	79	79	80	80	82	81	83	80	75	80	81	77	78	80	83	82	74	78	80	79	82	79	74	79	80	77	80	83	79	76	76	77	77	82	74	82	75	77	83	82	80	81	79	73	78	78	83	82	78	73	76	77	75	78	77	79	75	78	81	81	75	79	80	79	82	74	79	80	78	77	79	80	83	80	77	77	81	79	77	80	79	81	73	79	77	75	82	77	81	78	80	79	76	75	75	77	80	79	76	77	79	83	74	75	80	82	74	75	74	79	80	76	82	81	74	75	78	74	81	75	79	80	77	79	78	78	80	81	79	80	78	75	81	83	77	76	82	74	77	77	81	77	82	81	82	79	74	79	81	74	74	81	73	80	79	79	75	75	77	82	78	81	77	75	78	82	73	79	81	78	75	79	80	79	77	74	82	74	81	76	76	79	82	77	79	82	80	77	76	76	80	81	82	80	77	80	75	78	78	76	76	75	74	82	81	83	75	81	81	82	82	83	83	74	82	83	75	83	81	76	74	79	78	78	74	78	80	81	76	78	79	80	78	74	81	82	76	73	74	81	77	76	73	80	82	76	77	81	78	82	81	79	82	78	74	80	81	75	74	83	74	80	78	78	82	76	74	75	83	77	80	78	76	73	78	81	80	78	75	74	75	74	82	75	81	75	73	73	83	79	80	76	74	74	74	81	82	77	75	82	80	79	73	76	79	77	76	75	75	75	78	79	82	78	76	82	78	82	75	82	80	81	75	74	82	79	81	80	79	82	78	76	75	82	80	75	80	76	80	78	74	74	75	83	77	74	81	74	78	82	80	78	74	74	83	75	73	77	79	81	81	78	75	80	81	73	74	80	82	82	80	75	75	74	81	76	83	75	80
37	41	41	41	42	33	41	35	42	39	40	33	36	33	37	40	40	39	40	34	35	38	35	35	34	32	40	34	33	39	35	35	36	35	35	34	35	41	33	32	35	34	36	33	32	37	40	40	36	40	39	36	39	33	36	33	32	34	42	36	39	42	36	34	36	38	36	38	35	40	35	34	37	38	40	37	37	37	39	36	36	40	38	41	40	32	36	40	41	32	34	39	37	34	34	39	37	33	37	35	36	34	41	37	34	42	33	35	33	32	33	40	40	41	34	42	38	39	37	33	34	34	34	36	41	41	37	41	35	35	37	39	41	33	39	33	38	37	37	38	38	35	34	36	35	38	39	39	41	32	39	42	36	35	34	36	36	40	34	39	37	35	37	33	38	35	34	32	34	36	40	41	34	32	34	38	41	34	37	36	40	32	39	40	36	36	36	33	41	38	34	33	34	38	42	40	34	41	33	38	39	36	35	36	40	42	35	41	38	39	35	39	37	37	32	32	41	36	41	37	32	39	37	37	42	40	33	33	41	41	42	39	39	40	38	34	39	35	41	38	40	33	36	39	37	41	38	33	34	35	35	38	33	36	36	37	35	41	41	33	41	40	37	38	38	39	41	38	36	40	42	41	32	32	33	39	35	35	33	40	38	34	35	35	34	40	41	38	38	35	36	38	34	40	41	40	40	40	38	36	41	42	33	40	36	34	34	33	39	34	32	32	40	39	32	39	35	38	36	39	35	41	37	35	39	32	38	37	32	35	39	40	39	35	38	37	32	38	37	34	37	32	37	35	34	42	37	37	40	41	32	36	33	35	42	41	35	39	41	40	42	41	34	37	40	35	39	36	39	34	35	38	40	40	40	36	40	39	41	36	39	41	33	37	35	33	40	40	34	35	38	41	37	35	33	37	40	37	37	37	36	36	41	35	37	42	36	38	38	34	41	32	39	39	39	35	39	36	36	41	41	38	39	36	32	36	34	39	40	33	35	40	39	41	36	34	35	39	40	33	38	41	37	33	40	39	33	37	42	37	35	40	41	42	39	37	36	34	33	42	37	35	38	34	38	35	37	35	34	42	34	36	35	40	37	41	38	35	39	35	35	38	41	37	33	33	33	36	36	37	41	36	35	33	36	35	38	42	40	35	40	32	41	38	36	36	38	37	42	41	41	34	42	40	35	37	37	37	33	39	39	35	39	33	36	40	35	42	37	33	38	33	40	38	37	40	37	38	34	41	36	38	34	39	40	35	40	36	40	37	33	40	36	32	34	40	39	39	34	41	38	34	35	41	33	36	36	38	33	39	39	37	34	40	39	38	37	42	41	42	34	34	40	41	40	40	41	41	36	39	35	37	34	34	33	41	38	40	41	39	39	36	37	38	42	32	36	40	33	38	37	42	33	38	33	39	33	40	39	36	38	32	37	33	41	32	41	35	32	38	34	36	40	35	40	38	36	35	35	39	38	32	34	36	37	35	41	42	32	36	38	42	40	32	39	41	33	42	38	32	35	33	37	40	41	41	38	40	37	38	35	32	41	41	40	36	40	37	39	35	41	35	39	33	38	41	32	33	37	35	33	32	38	37	34	40	40	40	41	41	35	41	42	42	42	38	39	42	36	39	41	37	35	34	41	38	34	33	32	41	39	35	39	38	34	39	39	41	42	35	35	33	35	32	38	35	32	41	38	38	36	36	34	38	40	40	34	39	32	37	39	42	37	33	33	36	41	37	34	38	40	42	41	38	34	39	38	41	32	38	37	37	35	35	33	33	35	38	37	41	39	33	37	38	39	35	37	38	34	41	33	38	37	33	35	38	39	34	36	33
100	102	103	98	96	96	95	98	99	102	101	100	100	94	102	101	96	95	98	94	101	101	98	103	99	97	95	95	100	100	100	102	95	102	102	99	99	102	103	104	95	102	95	95	95	97	98	97	95	103	99	95	103	98	102	96	97	103	99	101	94	96	98	97	95	102	95	101	100	97	98	95	96	101	102	100	96	98	104	103	98	96	95	95	95	98	96	102	99	101	97	96	104	95	95	97	100	101	103	102	99	97	101	95	95	94	100	99	101	99	95	103	98	99	94	97	99	99	103	99	97	99	98	102	96	95	95	101	96	99	100	100	102	94	99	95	97	103	100	98	101	101	102	96	103	96	95	99	98	98	103	101	95	102	95	99	94	104	97	103	94	95	96	99	97	94	98	102	98	100	95	103	102	96	96	95	101	101	96	102	98	97	104	94	101	102	96	101	95	96	98	95	103	98	102	95	97	96	94	95	102	96	102	96	95	99	95	100	104	99	99	104	97	98	102	95	95	99	103	94	101	99	102	100	99	102	98	100	96	100	101	98	96	100	97	96	103	101	98	102	100	99	95	102	99	101	97	99	95	99	102	97	102	97	103	97	97	102	104	99	102	100	100	104	101	103	99	95	99	97	94	103	104	100	98	98	97	97	98	99	101	100	104	98	94	101	99	94	98	95	98	100	98	100	95	94	97	102	99	96	102	100	100	96	96	100	96	98	104	100	98	97	103	99	100	97	102	95	98	98	100	100	96	102	97	100	98	97	103	95	101	103	97	95	94	101	96	97	101	98	102	100	99	98	96	98	97	102	97	95	97	100	102	96	97	95	97	101	95	101	99	96	102	103	98	99	102	101	96	100	103	99	98	102	103	101	100	100	102	94	97	102	99	99	97	97	98	99	96	104	103	103	102	94	103	98	103	94	103	96	95	102	102	96	98	102	99	96	102	103	94	97	102	95	101	100	100	103	104	95	97	98	97	98	99	96	97	97	94	101	102	98	95	96	103	100	104	99	97	103	102	97	103	103	96	101	98	96	100	103	95	94	97	102	100	96	95	103	96	101	100	96	97	95	99	100	97	97	100	104	103	100	94	100	99	103	99	99	100	101	96	101	99	97	103	98	101	98	102	102	103	95	102	94	103	95	103	95	102	101	95	96	97	97	95	103	96	94	104	100	102	103	96	100	96	99	98	103	96	103	98	103	101	95	103	97	100	98	103	102	103	95	96	98	99	104	95	99	102	100	101	101	95	104	95	104	95	101	96	95	100	94	104	97	101	103	102	98	95	103	94	95	101	97	102	102	97	98	95	97	96	97	99	95	99	99	96	95	98	101	97	104	97	102	96	99	103	98	96	103	95	98	94	98	101	95	101	96	94	95	96	94	100	96	103	97	102	95	96	103	95	96	100	104	102	100	103	101	104	102	98	100	104	98	100	98	97	96	103	95	96	95	94	97	101	99	94	96	96	96	95	96	95	100	104	95	103	97	98	95	97	103	102	96	97	101	100	99	98	102	103	100	103	103	100	103	94	102	101	95	97	100	102	102	102	97	96	102	104	97	95	104	103	102	99	97	95	95	99	102	102	101	102	95	95	100	102	97	104	102	101	97	95	100	100	104	98	103	100	104	101	94	99	94	99	102	103	101	98	102	101	95	99	101	97	102	98	99	96	101	98	94	95	97	99	94	97	101	103	102	95	97	94	96	102	103	104	96	95	104	101	94	98	98	99	99	97	103	104	101	94	104	95	94	99	95	103	103	104	97	98	98	100	94	100	97	100	97	104	98	103	95	99	103	100	94	102	101	97	98	100	99	102	100	95	98	101	99	95	98
82	89	88	89	84	82	89	80	82	85	83	81	84	83	85	87	85	83	83	81	83	89	86	81	87	87	83	87	87	81	82	84	82	82	84	85	88	82	81	86	87	80	81	83	87	85	89	83	87	87	88	89	84	81	82	87	85	84	83	81	90	89	82	87	85	89	82	89	84	85	82	83	84	88	85	82	89	90	88	81	81	84	85	83	82	88	84	83	80	86	85	87	87	88	82	81	81	85	82	87	83	86	85	88	89	84	86	82	86	87	89	82	84	89	83	84	89	85	90	88	87	84	89	81	81	87	88	89	87	85	86	82	82	84	84	82	85	82	87	83	86	84	82	85	84	86	81	87	85	83	85	83	88	89	90	86	81	90	84	87	87	87	83	85	85	90	86	81	86	82	87	88	88	89	87	87	87	83	87	87	85	89	82	82	87	85	84	86	84	89	89	83	88	86	86	86	83	88	82	86	81	86	82	89	88	84	82	87	84	80	81	83	84	82	87	85	83	81	87	83	88	88	82	84	84	83	87	88	81	85	81	82	83	88	90	90	84	85	86	85	88	81	85	89	83	86	86	89	88	81	88	88	84	82	87	80	82	87	88	80	86	83	82	84	85	88	82	85	86	81	85	87	81	89	89	81	89	88	82	88	84	88	81	86	86	87	88	87	83	90	86	82	87	85	86	88	84	87	84	81	86	85	81	88	81	80	89	86	82	82	87	86	87	81	84	80	86	82	82	85	85	87	89	81	80	85	88	84	80	81	80	83	83	82	88	81	82	83	90	88	85	88	80	82	89	90	86	81	80	86	84	90	80	80	86	83	80	82	83	83	82	83	81	81	86	84	88	85	82	85	84	85	82	83	88	87	86	88	87	83	90	85	83	86	82	81	82	86	82	85	82	83	89	84	88	90	88	86	84	83	84	87	84	84	87	80	87	89	85	86	87	89	90	80	87	87	89	85	85	87	81	81	82	89	86	88	82	86	82	81	84	87	83	85	88	84	81	84	88	87	84	88	83	89	87	88	83	84	80	85	80	87	81	86	81	85	85	84	88	82	90	86	81	87	88	88	81	89	81	82	86	82	83	88	80	81	88	81	81	90	89	89	87	84	88	82	89	85	85	89	89	82	82	80	87	89	84	88	88	82	83	89	90	85	86	80	81	87	80	86	83	89	90	85	86	83	80	84	86	84	81	84	88	85	82	87	88	83	86	88	90	85	81	86	84	88	83	82	83	86	89	87	89	83	86	87	86	81	89	85	87	88	87	85	83	85	85	85	82	83	89	86	82	80	81	82	81	80	89	86	82	88	81	88	89	80	82	83	81	86	82	88	88	82	86	81	84	86	85	84	87	81	81	87	82	86	88	88	90	87	82	86	83	82	83	82	90	82	86	87	88	88	85	88	87	81	85	86	85	81	85	81	90	83	87	81	81	85	85	83	84	81	90	89	85	82	88	89	80	87	85	82	81	85	82	84	86	81	80	84	84	86	88	87	82	82	90	88	87	83	87	89	85	85	86	84	89	84	86	88	85	87	89	82	87	85	81	86	80	83	87	85	82	84	86	86	86	80	80	85	88	89	85	88	81	87	84	83	83	84	84	82	90	82	86	88	89	81	84	88	90	86	87	84	86	88	87	84	81	82	88	85	89	81	81	89	83	86	83	90	89	89	81	80	81	88	80	84	88	89	85	86	82	86	86	82	83	81	86	88	87	85	81	82	87	83	87	85	88	89	81	80	89	85	84	88	86	84	88	82	85	88	85	87	85	84	85	83	82	87	85	81	89	86	85	83	86	90	89	86	89	84	83	88	90	80	81	84	86	83
23	18	19	20	17	21	23	25	25	24	18	19	18	22	23	19	19	25	19	16	16	20	19	18	26	23	22	19	20	18	16	17	19	24	25	18	25	20	25	18	22	19	24	24	17	24	25	17	24	22	19	20	25	21	21	19	22	22	19	20	25	26	23	20	22	24	23	24	18	21	17	18	22	22	21	16	22	22	22	22	21	23	24	18	22	20	16	24	21	19	17	19	20	18	26	26	18	20	19	18	18	19	19	23	17	24	26	20	20	21	20	25	20	19	22	16	22	25	24	20	19	21	24	25	25	22	19	19	24	26	17	20	20	24	17	22	23	25	16	17	24	18	26	23	22	19	17	25	22	22	17	25	19	25	17	20	17	18	23	26	24	22	19	17	26	21	25	26	25	20	21	23	19	17	16	18	23	19	18	19	24	26	25	20	19	16	23	24	25	18	22	25	23	24	17	23	17	25	18	26	17	21	17	20	22	25	16	25	25	16	24	25	24	17	26	24	24	19	23	19	19	22	22	18	16	26	20	23	21	18	18	23	19	16	22	23	17	25	26	17	17	20	19	23	23	25	20	23	21	18	19	25	23	22	17	22	17	20	25	21	25	21	22	20	23	20	20	25	18	17	18	20	19	21	19	21	18	21	22	25	18	23	19	26	19	16	26	23	18	23	24	21	16	22	18	25	25	22	22	16	21	18	20	21	18	20	24	17	16	21	24	20	17	20	20	19	22	25	21	23	20	26	17	25	16	21	24	24	25	18	20	18	25	26	18	18	25	23	24	17	19	20	25	23	25	20	25	24	26	19	23	21	18	26	17	17	18	18	18	23	18	20	26	23	17	18	20	18	19	24	17	25	20	22	25	18	22	24	21	23	26	18	26	17	18	19	19	20	24	17	20	18	21	25	19	23	18	23	22	21	20	22	17	18	19	20	21	20	17	25	23	25	18	22	21	24	18	17	23	23	16	20	21	17	18	18	18	25	19	25	17	25	24	23	21	21	25	19	16	23	20	24	17	20	16	23	23	23	21	18	24	21	25	26	21	23	19	21	17	24	21	21	25	23	20	20	19	23	19	22	25	18	16	26	25	16	23	18	23	16	23	17	25	26	20	19	24	18	25	21	18	22	20	16	25	24	18	25	18	16	19	23	20	23	20	25	19	20	26	17	18	20	19	24	22	20	23	21	23	18	21	22	22	21	18	22	25	20	18	17	25	25	25	22	23	23	22	18	23	18	22	23	23	23	16	23	25	21	25	21	23	16	18	22	18	19	22	19	18	23	17	24	23	16	25	24	23	20	17	26	25	23	19	17	25	18	24	16	25	25	17	18	23	23	21	20	20	25	23	25	23	26	19	22	24	22	17	20	18	24	26	24	24	22	23	20	18	25	22	22	21	16	26	23	23	22	19	21	17	25	16	25	24	19	25	19	24	22	24	18	20	25	24	25	25	17	21	21	20	25	25	19	25	22	26	26	21	22	25	19	21	18	21	21	17	25	25	18	24	25	23	17	24	22	25	19	21	24	17	22	18	18	21	18	17	19	17	17	21	24	23	25	17	24	21	25	25	23	19	20	21	22	17	25	20	23	18	22	23	19	21	26	16	25	24	25	24	26	25	20	18	22	23	24	21	20	23	17	23	18	26	18	17	16	25	18	18	24	22	20	18	21	22	26	21	26	17	21	18	19	20	21	23	24	16	24	20	24	23	24	20	23	18	19	23	16	23	24	24	24	19	16	19	24	23	17	22	20	18	24	19	19	19	20	22	18	22	18	17	21	21	21	16	21	19	19	23	26	17	24	24	26	22	19	25	17	16	26	21	16
92	91	93	84	86	84	85	92	87	89	93	85	90	93	89	84	88	94	86	93	93	91	94	87	94	94	85	87	94	93	92	86	85	87	86	89	91	92	88	86	89	87	86	85	89	89	86	87	88	89	90	88	90	87	89	87	92	91	87	92	87	93	86	88	88	94	87	88	85	87	92	91	92	87	85	88	92	86	93	89	89	85	92	90	94	85	84	93	91	86	92	89	87	85	94	89	89	86	94	87	92	93	86	91	87	84	89	92	91	86	90	90	91	93	84	94	87	90	90	89	85	86	92	88	85	89	91	93	89	93	86	88	90	93	86	84	89	92	89	84	87	92	91	90	86	94	92	85	86	89	89	88	87	84	89	87	87	94	93	93	88	91	91	87	85	91	93	87	90	90	89	86	92	86	85	93	91	89	94	93	86	89	88	93	84	87	89	86	93	92	90	88	93	84	87	84	89	90	89	84	89	94	92	89	88	85	93	86	87	92	92	86	93	85	93	90	86	93	91	85	91	85	93	89	89	92	91	89	89	86	85	92	86	90	91	85	85	87	92	91	85	92	85	92	86	92	92	93	94	84	92	85	85	89	86	88	84	91	94	87	89	88	89	93	84	93	85	87	92	92	90	86	90	89	91	93	86	94	90	84	91	89	93	86	84	94	93	93	89	87	92	90	93	91	92	93	92	91	90	92	93	86	84	88	91	93	94	90	86	85	85	92	91	93	88	94	88	93	93	89	92	84	93	91	93	87	84	91	88	90	88	93	87	91	93	94	88	91	88	88	90	93	88	89	89	91	92	86	84	88	92	87	84	92	93	87	85	88	85	89	90	93	92	92	93	91	93	88	86	89	89	91	88	84	87	89	93	87	86	94	85	93	92	92	90	92	88	88	92	88	86	90	86	92	85	85	85	93	90	89	88	90	89	87	90	86	86	93	85	86	92	87	88	88	86	85	89	94	90	92	88	88	85	93	89	91	88	88	93	86	89	93	89	88	86	89	90	88	89	92	94	89	86	85	89	89	92	91	85	93	87	90	92	90	88	89	85	90	86	85	84	90	84	88	92	88	84	89	84	92	87	88	92	85	87	88	87	85	88	93	94	86	88	89	94	92	91	87	91	85	86	87	89	92	93	87	89	90	86	90	87	85	87	93	90	85	84	90	88	84	91	90	89	91	87	90	94	90	84	94	91	93	93	92	90	87	93	85	86	92	89	86	88	89	94	88	93	94	85	88	93	93	88	90	93	86	84	87	90	88	89	89	85	86	88	87	93	87	91	88	88	86	87	86	87	92	92	91	93	84	92	94	87	94	89	88	92	90	92	90	84	90	88	85	93	91	91	87	86	88	89	88	85	86	85	93	86	89	89	91	94	92	85	92	85	92	86	87	86	92	89	94	89	92	85	89	90	84	88	94	90	87	88	94	91	90	85	91	93	87	89	85	87	92	89	89	93	85	85	87	89	86	89	90	87	85	92	88	89	86	89	92	91	88	89	93	87	92	90	86	85	88	89	88	91	87	89	90	89	90	88	87	90	88	92	93	93	86	92	88	84	85	86	92	90	84	88	91	94	92	90	86	91	87	92	91	89	92	92	91	89	90	87	93	94	84	90	91	92	85	91	86	93	86	85	85	89	85	88	89	87	93	90	93	93	90	91	90	89	85	84	85	91	89	88	92	94	94	92	93	90	88	93	92	87	91	94	93	86	91	87	92	92	90	94	92	89	90	94	90	93	89	86	86	89	94	91	93	87	89	91	91	85	92	93	91	86	91	92	85	88	87	94	89	89	93	89	86	92	92	85	91	94	84	90	90	87	92	88	90
38	40	38	33	32	33	40	41	37	32	35	40	41	35	39	41	38	35	39	34	42	36	36	33	40	34	38	37	40	42	41	42	32	40	38	40	37	37	33	33	41	36	34	40	33	33	41	32	36	34	38	41	39	35	39	41	35	32	39	40	34	33	41	34	36	35	33	37	34	35	40	34	39	40	39	41	40	37	38	35	41	38	38	40	36	36	36	36	35	33	34	35	38	35	37	36	35	38	40	41	33	33	41	33	41	39	39	35	37	39	40	39	39	33	34	35	41	32	38	32	41	38	38	41	36	39	37	36	33	35	36	35	38	39	38	33	38	37	34	41	32	41	41	41	33	42	37	42	42	32	38	33	33	41	32	34	33	35	39	34	39	36	42	37	41	38	36	36	39	38	39	37	39	39	35	40	38	34	34	42	33	36	40	40	38	40	39	33	41	40	40	34	33	39	39	36	32	39	32	42	40	35	41	36	37	35	33	35	41	39	41	32	33	35	41	33	38	33	38	39	41	38	37	38	36	38	32	35	38	42	32	33	35	37	39	38	37	39	34	32	32	35	34	38	33	37	37	39	32	35	33	33	33	39	41	37	38	38	37	35	35	38	38	38	33	38	34	36	35	35	36	40	34	38	35	40	32	37	34	38	37	37	38	41	39	38	35	33	34	35	37	34	40	35	35	35	34	42	34	38	39	37	36	37	37	36	38	42	39	35	41	33	41	37	37	33	34	41	39	39	33	33	37	39	36	35	35	34	37	33	38	35	37	41	34	36	34	41	32	36	40	33	35	42	40	35	37	34	35	38	41	41	34	32	40	34	37	37	33	40	35	36	33	39	36	39	37	39	37	41	35	42	36	39	36	37	36	32	39	38	41	35	35	41	42	33	41	37	34	39	33	38	35	35	35	33	36	38	38	36	34	37	41	36	34	38	35	36	41	41	36	40	35	33	37	35	34	36	39	41	39	39	38	39	35	32	35	35	40	41	40	38	33	41	36	38	34	38	37	35	34	41	34	34	33	33	35	38	35	37	34	34	35	39	34	35	34	36	33	41	38	35	42	41	34	37	42	34	35	39	40	40	40	36	37	37	33	40	40	38	33	32	33	40	33	41	33	32	33	40	42	38	34	39	40	38	32	33	34	39	41	42	35	34	33	33	39	39	37	41	34	35	35	40	40	41	42	40	39	38	34	42	42	32	36	35	38	41	36	39	38	40	36	40	36	34	41	37	38	41	40	40	40	39	33	36	42	40	36	40	35	41	35	39	32	33	33	35	36	40	41	41	42	38	37	35	37	36	37	40	41	33	34	36	36	38	34	36	34	38	37	35	32	39	42	35	36	41	40	34	40	38	41	38	35	41	37	35	35	41	39	37	35	37	40	42	41	42	35	38	38	39	41	40	36	33	39	38	34	36	38	38	39	38	38	38	32	33	36	33	35	40	39	38	37	40	33	34	40	37	36	41	36	35	34	37	38	39	41	34	35	39	35	41	39	41	40	41	36	41	38	36	39	37	37	35	33	33	36	34	35	39	38	41	33	42	34	37	38	41	33	33	32	40	40	33	35	41	39	35	37	34	36	33	34	39	33	41	41	41	34	40	35	39	40	35	40	40	41	38	42	37	32	40	37	34	34	34	37	34	33	32	34	37	35	37	35	42	41	38	42	35	36	41	40	37	36	39	37	37	39	39	34	42	37	39	41	36	41	42	37	37	33	41	37	38	35	38	40	41	39	40	41	34	36	34	41	40	38	33	33	37	38	36	34	41	40	36	34	37	36	36	39	36	41	35	38	35	34	34	32	35	41	36	34	36	42	33	40	42
18	19	19	22	21	19	25	23	24	23	21	20	26	23	17	20	19	23	21	19	20	23	25	16	17	24	22	22	18	18	24	19	17	25	22	17	17	20	19	22	25	19	24	25	18	21	17	17	18	16	26	24	19	17	21	16	26	24	22	18	16	17	24	19	23	26	16	22	18	19	16	26	17	17	23	20	18	26	19	22	18	21	25	25	19	20	18	25	19	21	20	18	22	25	17	21	23	21	23	16	26	18	18	24	18	21	20	26	21	25	18	21	17	24	17	21	21	23	24	19	24	17	19	24	22	17	23	25	20	26	20	25	20	18	19	19	16	24	21	26	17	21	18	24	22	17	16	21	22	23	22	20	25	24	19	19	23	19	17	22	17	19	24	24	22	25	20	26	24	16	20	16	22	26	18	20	25	22	17	24	24	17	21	23	19	23	19	25	20	22	17	19	23	23	24	25	25	19	23	20	23	20	19	22	16	24	22	20	20	23	26	21	25	16	24	22	24	25	25	16	23	16	26	21	23	23	20	20	24	24	21	24	21	24	21	18	16	17	19	23	16	18	21	25	21	20	21	24	17	19	19	17	17	23	23	22	22	18	23	18	22	20	19	23	16	17	20	16	24	17	21	16	20	21	19	26	23	21	21	20	21	22	17	21	24	19	24	17	21	16	23	20	20	20	23	22	18	20	19	20	22	20	25	22	26	26	26	24	25	25	18	25	19	22	22	19	24	17	17	20	25	17	22	24	19	25	19	23	21	21	17	18	21	20	24	21	25	17	25	19	18	21	20	24	25	21	17	25	25	18	16	22	25	26	18	16	20	23	18	22	21	19	17	21	24	20	26	22	25	24	17	21	17	23	19	24	18	17	22	18	22	24	24	24	22	25	26	22	23	24	20	20	19	25	21	26	20	26	25	21	23	21	23	19	22	20	23	21	18	21	22	18	20	17	25	26	19	21	24	18	17	24	23	19	23	19	25	20	18	25	25	24	25	19	25	19	26	22	24	16	25	22	17	18	19	19	26	18	22	19	25	20	19	19	21	25	22	18	19	17	22	17	20	17	26	25	24	20	18	25	20	22	21	23	25	23	25	22	23	18	20	19	18	24	21	25	25	20	23	25	16	18	21	17	23	26	17	21	17	23	16	18	24	19	25	17	19	18	21	19	22	20	23	16	17	24	17	23	23	19	23	20	21	20	21	26	16	23	17	25	17	22	22	18	26	25	21	20	19	23	18	25	26	18	17	20	23	25	26	19	19	18	20	26	23	17	25	22	24	19	23	18	22	20	25	19	19	22	26	26	25	20	17	17	20	22	23	21	20	21	26	24	20	24	19	24	17	21	23	16	23	24	17	22	21	17	19	26	18	25	18	25	18	21	16	17	23	16	17	25	17	20	19	21	24	25	18	19	16	22	22	25	24	22	26	20	25	25	19	17	16	19	24	19	25	23	22	23	23	23	20	21	20	24	18	18	21	19	21	18	24	21	22	25	24	25	17	21	19	26	24	17	24	21	21	22	19	16	23	25	17	21	19	20	18	19	23	19	23	26	25	24	25	17	16	20	24	21	25	18	24	23	16	16	22	21	19	16	20	21	24	23	20	17	22	22	21	18	23	22	17	24	22	16	24	20	23	24	18	24	19	25	18	21	23	20	16	20	22	20	22	16	20	19	22	19	20	17	26	19	18	20	24	25	16	24	21	24	23	17	25	24	18	17	21	24	26	24	25	23	18	18	24	26	22	18	18	18	17	20	18	18	17	22	22	26	26	24	20	17	17	19	25	18	22	20	23	17	21	18	23	23	25	24	17	25	17	16	22	17
81	78	78	75	80	79	81	79	79	79	73	81	81	76	74	76	82	82	78	81	78	80	74	80	80	77	78	74	78	83	78	79	75	80	77	75	73	74	74	78	83	80	76	82	73	80	73	82	80	81	75	79	77	77	80	81	78	82	80	78	76	80	75	75	78	79	73	82	82	83	80	73	80	80	81	81	74	78	82	78	78	77	77	75	81	74	78	79	81	79	76	78	76	81	77	81	80	79	80	80	77	79	75	73	82	78	79	74	78	78	75	79	78	77	74	78	79	79	79	79	78	77	78	74	83	79	76	74	81	75	79	81	76	77	73	76	82	83	81	74	80	79	76	82	80	74	78	81	74	81	81	83	81	74	74	76	83	83	82	75	79	80	73	79	82	82	77	77	80	81	82	80	74	80	80	74	73	77	81	81	80	80	77	76	82	76	77	79	81	82	83	74	83	81	80	78	82	76	76	78	76	80	74	82	79	81	82	74	81	78	74	79	76	73	76	75	78	79	74	79	76	73	79	81	78	79	82	80	75	76	75	79	75	74	80	77	74	83	78	78	73	82	75	75	75	77	80	80	82	75	74	73	74	81	79	80	80	80	73	80	73	78	81	78	76	74	80	79	82	75	78	78	82	77	75	74	78	74	80	82	78	82	82	75	73	78	79	73	76	79	82	77	75	74	82	80	82	74	75	80	79	80	83	80	79	80	79	81	77	82	80	77	73	77	82	80	80	79	81	75	75	77	75	76	79	75	80	78	75	81	81	74	81	80	79	74	76	75	81	76	83	81	79	75	78	83	81	82	82	76	77	77	76	76	80	80	74	78	79	81	78	79	75	75	78	81	80	76	74	79	78	82	83	76	82	83	73	77	80	77	80	77	74	75	76	82	76	80	77	76	75	79	73	76	75	80	79	79	75	75	78	79	75	79	75	74	81	76	78	81	79	80	75	80	79	79	79	78	76	73	81	77	73	80	74	74	82	78	80	81	81	74	74	80	78	80	80	82	75	80	78	78	76	75	82	77	77	74	79	74	74	76	74	73	80	75	78	81	79	81	77	78	80	81	78	75	81	75	74	83	77	75	79	76	74	75	74	82	74	78	76	77	79	75	74	77	83	77	75	81	78	75	74	77	80	82	75	75	81	73	78	77	81	76	80	82	75	80	74	75	74	82	79	82	81	80	77	78	76	80	74	79	81	79	82	78	80	78	77	75	74	75	75	80	82	81	80	83	78	80	78	78	79	81	75	80	82	77	73	77	81	81	73	82	81	75	81	73	76	79	81	83	74	75	76	76	77	82	74	78	80	74	76	79	82	83	80	75	79	77	79	83	75	77	81	75	76	74	73	77	82	76	82	79	78	81	79	76	81	79	74	80	82	79	82	77	78	76	74	82	81	82	75	74	81	80	73	78	81	75	74	75	80	78	77	81	74	81	77	77	75	75	76	77	78	81	81	82	79	74	74	81	82	78	76	76	82	80	81	80	78	74	83	79	78	77	79	76	75	78	79	83	80	81	74	74	80	78	80	75	83	76	81	79	83	79	74	77	78	82	80	74	74	75	75	75	83	83	74	79	76	74	74	77	76	74	82	74	83	83	81	79	74	82	75	79	80	76	74	80	78	76	74	82	74	81	80	79	79	74	77	81	76	81	80	81	78	75	73	75	81	83	82	81	77	81	81	82	80	82	79	80	80	81	79	82	75	73	75	76	81	75	73	79	79	78	80	82	76	79	83	77	76	76	79	79	81	82	74	81	75	78	83	78	83	80	78	80	78	78	82	76	74	79	75	80	80	81	82	75	82	78	75	77	81	76	81	83	82	79
58	50	51	50	58	59	53	56	57	56	52	53	57	51	59	56	51	57	51	59	54	53	56	50	57	59	55	54	55	54	58	57	58	56	50	53	51	59	58	55	55	53	57	52	53	51	58	58	51	49	52	51	56	52	52	54	56	52	54	58	56	53	53	52	54	52	53	57	59	58	54	59	58	51	57	58	55	49	52	50	54	58	54	49	57	53	53	54	55	56	52	50	54	52	58	50	55	56	54	57	51	58	52	54	54	55	59	51	54	54	51	49	58	58	59	59	52	55	57	53	56	51	55	57	54	52	51	59	50	55	51	53	51	58	56	53	55	58	57	54	52	55	58	52	50	55	56	56	54	50	50	55	54	51	51	59	51	58	56	51	55	55	55	58	57	54	55	59	53	57	54	57	58	53	57	49	51	57	59	56	58	51	58	50	59	57	51	53	53	54	55	54	49	55	55	58	50	58	49	56	56	58	55	55	53	52	56	49	58	56	55	54	50	49	51	49	56	51	59	54	49	50	54	53	56	54	52	56	55	55	52	51	57	51	51	55	55	57	58	51	55	59	52	51	58	52	56	49	52	56	50	55	49	54	57	53	53	57	51	54	54	58	50	56	51	57	53	56	54	56	55	49	58	50	50	52	51	50	50	59	55	51	59	56	59	53	58	51	54	55	57	58	58	52	54	53	53	50	50	55	57	59	50	57	57	51	54	50	53	51	52	52	50	56	59	54	55	54	49	51	55	53	56	54	52	50	54	56	50	57	50	57	53	54	59	58	56	56	54	53	58	58	52	51	55	52	56	54	49	55	50	55	52	56	51	56	58	51	55	53	51	58	55	53	51	55	52	49	53	50	49	53	50	50	57	59	57	56	57	49	50	55	59	58	53	55	58	51	57	59	55	52	49	59	54	58	50	57	57	55	55	54	57	57	51	54	53	55	51	53	50	53	55	58	51	57	49	56	51	49	51	52	51	54	51	57	56	51	50	51	53	50	58	56	49	53	58	55	50	50	55	53	59	51	59	52	50	55	50	53	54	50	56	49	56	57	53	50	54	50	56	58	50	56	57	53	49	49	56	56	53	50	51	55	52	57	59	51	58	51	53	54	55	52	59	53	56	54	50	51	55	58	56	51	54	53	55	50	58	58	51	51	55	58	54	52	57	51	59	59	53	54	50	50	58	49	53	51	53	54	55	51	57	52	56	59	51	54	53	50	57	54	56	51	55	49	49	56	55	56	56	52	57	55	54	55	54	52	50	51	54	50	54	55	53	49	57	50	58	52	55	53	58	56	51	58	50	52	51	58	51	58	54	52	49	53	58	55	49	50	53	55	50	56	59	59	50	56	52	53	56	55	49	51	50	54	56	57	59	52	56	49	53	56	53	57	54	50	55	58	58	57	55	52	51	52	56	55	52	51	55	55	58	53	56	50	55	57	56	54	54	50	58	58	49	53	52	54	56	59	58	53	55	56	56	52	55	56	50	57	57	55	54	58	54	58	51	54	56	52	58	58	53	55	53	54	54	58	50	58	56	50	54	49	58	58	49	57	56	49	59	57	54	51	52	51	56	56	56	58	57	52	51	54	55	56	52	54	58	58	50	52	51	55	56	54	57	54	57	55	53	55	53	53	58	51	58	54	49	57	52	54	57	55	56	52	57	58	55	55	57	54	56	50	56	57	57	53	53	59	50	58	52	56	58	58	50	49	54	49	49	59	54	55	57	51	50	59	57	51	53	52	56	56	54	55	53	52	59	53	53	50	58	54	58	53	56	58	58	50	57	57	55	57	58	59	50	51	55	57	49	58	56	56	53	56	58	53	55	51
77	70	75	74	74	76	69	70	78	77	69	69	69	78	72	76	78	73	73	71	75	79	75	74	71	77	77	77	77	78	78	71	72	72	78	73	76	78	77	78	76	73	70	77	70	70	75	78	71	70	73	74	78	76	71	78	78	70	78	70	74	76	78	69	76	74	74	72	71	73	74	69	76	71	78	77	74	76	73	73	77	72	70	78	78	72	78	77	73	72	70	77	73	71	78	72	78	69	71	74	72	73	73	72	74	79	78	76	69	70	75	72	78	74	75	79	76	72	71	75	72	77	74	78	74	71	75	72	71	76	69	78	71	77	71	75	72	76	69	76	74	70	77	72	70	72	76	70	74	72	72	73	75	74	70	70	76	71	72	70	71	69	73	70	76	74	74	73	76	70	75	70	75	74	73	77	73	71	75	73	78	77	79	77	77	71	74	78	78	69	69	77	79	73	78	79	70	79	73	76	70	79	74	77	74	73	71	72	73	78	75	74	74	70	76	76	76	79	74	77	75	75	77	75	70	70	78	78	71	75	70	75	76	78	70	73	70	73	70	70	70	79	70	72	71	74	70	70	75	77	77	70	72	70	74	72	69	77	78	77	70	72	73	77	74	76	78	74	74	73	74	76	74	72	77	79	72	72	78	75	74	70	69	78	75	78	77	71	72	78	76	78	75	77	72	77	75	77	77	76	73	73	70	78	74	78	74	70	75	73	71	69	79	75	76	75	76	71	75	79	69	76	71	76	69	72	76	76	72	76	71	73	79	77	70	76	76	70	78	72	76	70	74	77	79	78	73	75	74	76	69	79	79	75	73	78	79	78	73	78	79	78	73	78	75	73	73	79	74	72	74	79	75	77	78	72	79	72	78	70	77	79	77	69	78	71	74	71	75	71	74	72	71	77	73	70	70	79	74	71	72	77	74	75	71	74	73	77	70	75	74	79	69	75	75	75	76	73	79	76	69	73	75	70	71	71	72	76	70	72	77	74	72	73	70	75	73	78	78	72	71	77	74	72	76	78	71	77	77	75	75	76	73	78	79	74	74	71	72	76	76	77	70	77	76	73	69	76	73	79	75	70	71	78	79	74	73	75	73	77	76	79	74	71	70	75	73	75	74	74	72	72	70	78	79	71	70	73	69	78	70	78	77	76	75	71	78	71	73	76	76	77	77	70	74	77	74	78	79	70	77	76	72	78	78	74	78	76	73	72	73	69	72	71	76	73	78	76	76	70	74	76	76	71	79	73	78	79	71	71	70	70	71	76	72	77	78	70	75	77	77	69	75	73	75	77	78	70	70	75	71	72	79	72	79	74	77	75	75	76	77	77	74	71	72	75	72	73	79	77	72	71	78	76	75	77	77	71	70	69	70	76	73	72	76	72	71	73	79	73	72	79	74	73	76	72	76	74	69	73	71	77	76	75	73	75	75	72	79	76	78	76	77	72	78	69	75	76	77	73	71	77	77	72	79	74	77	72	76	72	73	69	75	76	75	69	72	78	73	70	79	76	76	71	77	74	74	79	74	71	74	77	77	76	72	70	78	74	71	71	75	75	71	76	75	73	76	79	77	73	73	74	76	76	76	71	79	73	78	76	75	70	76	74	77	75	73	70	70	72	74	73	75	73	71	71	76	71	78	75	74	69	78	70	79	78	76	74	76	75	77	76	70	78	77	70	69	74	75	76	75	71	76	75	72	73	78	74	75	69	77	75	75	74	73	69	73	71	70	75	75	69	72	74	74	73	74	75	76	72	69	72	76	70	74	75	76	75	75	79	77	77	77	70	76	70	73	74	79	73	75	74	70	73	69	74	70	70	71	77
13	9	15	7	9	13	10	12	9	13	6	14	9	8	13	9	8	7	12	8	13	8	14	12	11	14	9	5	11	14	11	14	6	13	14	7	15	14	8	6	14	10	9	12	14	6	6	7	8	12	12	9	10	14	12	6	10	6	9	13	13	9	7	12	14	5	13	6	15	8	9	11	8	11	6	10	14	6	10	11	8	14	9	13	12	9	6	9	14	6	10	10	13	13	10	14	14	8	12	6	13	5	10	12	5	12	10	13	11	13	11	5	8	14	13	12	7	10	14	8	12	13	13	5	7	10	11	14	10	14	7	10	12	13	5	14	11	9	12	5	7	14	13	12	8	13	10	11	12	6	6	8	11	9	12	6	12	5	11	8	5	14	8	9	6	8	6	7	6	11	9	12	7	13	8	12	14	9	8	9	13	8	14	6	12	14	12	8	5	9	7	8	8	8	11	13	6	9	13	6	5	10	11	9	15	9	8	14	10	10	6	11	8	9	10	8	10	9	5	14	9	8	12	11	8	7	13	14	9	6	5	13	13	14	14	6	8	12	9	10	10	10	12	12	14	10	11	7	14	7	8	11	7	6	9	11	5	6	7	6	7	6	14	6	11	12	7	9	11	9	14	13	9	5	11	11	13	6	11	5	13	15	13	9	6	9	7	7	12	8	15	12	6	13	12	12	6	6	10	15	6	9	9	7	6	14	9	8	12	13	8	10	8	11	13	13	9	14	6	13	12	13	11	9	13	10	11	12	7	14	10	10	10	12	13	9	13	15	14	11	5	7	13	14	8	11	13	13	14	13	7	11	7	5	12	14	9	6	13	8	8	9	11	13	15	13	15	14	7	11	11	13	8	11	13	14	14	14	12	13	9	7	8	15	9	13	13	12	13	9	11	12	7	8	6	12	8	10	11	10	12	8	13	8	9	6	8	14	11	11	11	11	9	9	13	5	15	8	7	15	11	15	6	6	14	10	10	7	10	11	9	12	8	11	6	8	10	12	8	15	14	8	6	7	13	11	13	12	9	14	5	13	5	10	13	9	14	12	7	9	8	5	14	13	14	7	8	7	13	12	8	9	7	15	15	12	10	14	12	13	11	7	9	7	13	12	11	6	5	5	14	11	10	13	8	13	15	12	11	8	6	6	10	12	6	11	5	10	13	12	7	6	12	5	6	14	6	8	14	9	6	10	12	7	6	11	13	10	7	12	6	11	10	10	12	5	8	10	11	5	9	7	10	14	8	12	8	6	6	5	12	7	10	10	12	6	10	14	11	11	13	6	7	6	9	11	14	12	15	5	12	13	10	15	11	11	13	12	12	9	13	12	10	12	6	11	14	6	6	12	14	14	12	9	14	7	7	7	13	6	9	11	9	10	5	8	13	9	12	12	8	6	10	10	13	8	5	6	15	14	10	8	10	14	10	15	13	12	5	10	11	5	13	14	11	11	9	14	8	10	10	10	6	12	8	12	9	8	7	7	9	9	14	10	5	14	6	9	7	13	5	13	5	9	12	6	6	7	12	8	9	7	12	12	10	8	13	8	11	7	8	14	10	14	6	6	9	11	13	10	12	10	8	13	6	9	12	6	13	5	14	11	11	12	10	13	15	15	9	6	8	10	12	11	11	11	6	7	7	10	6	13	6	9	8	12	8	13	10	6	10	10	9	9	5	8	12	7	12	8	10	13	8	7	11	15	7	11	8	6	13	13	14	10	7	12	12	7	13	9	14	7	8	12	13	12	9	12	14	11	13	13	9	7	6	10	14	12	13	9	6	10	11	11	6	14	13	11	12	11	6	9	12	8	12	15	9	6	8	8
54	57	63	61	60	60	54	61	63	56	59	56	54	56	58	62	62	55	59	56	59	60	59	57	55	62	56	55	64	63	63	56	60	61	63	63	59	61	55	64	62	56	63	64	58	60	57	58	61	58	58	58	57	60	55	55	61	61	62	57	55	63	60	60	61	60	61	56	60	60	55	61	59	58	59	63	61	61	64	62	61	57	61	64	57	58	63	62	60	59	58	59	57	59	55	55	61	55	56	64	64	58	59	57	58	61	56	63	55	57	57	54	57	57	56	62	59	57	56	54	58	54	59	58	57	56	58	59	55	63	63	63	63	55	56	54	55	56	64	62	62	58	56	62	61	58	55	56	57	62	63	57	57	60	62	56	60	59	59	54	56	58	62	60	59	63	56	61	61	59	56	54	59	61	61	63	63	63	58	57	55	58	62	61	61	56	57	58	54	57	59	62	61	59	56	56	60	61	59	60	59	56	62	64	58	62	57	56	57	61	60	62	59	61	55	54	60	60	55	63	62	55	54	63	58	60	57	58	56	61	54	63	64	60	60	54	64	58	55	57	62	59	58	58	58	57	56	62	55	57	58	63	60	62	57	62	63	62	63	57	57	55	62	60	56	59	64	58	60	54	59	59	59	55	61	59	54	61	56	61	56	64	63	59	56	56	60	61	59	61	61	58	56	62	59	63	63	60	55	55	60	54	58	60	58	56	56	63	56	61	55	57	57	64	61	61	58	60	56	57	59	59	58	60	56	61	60	55	56	62	62	58	61	60	59	58	61	55	63	63	59	64	58	62	56	57	60	54	63	56	54	62	60	56	61	57	58	58	56	59	61	62	63	61	62	60	61	58	62	57	58	57	63	57	62	55	56	55	60	62	62	59	60	56	64	54	62	60	63	57	63	57	60	64	58	60	57	59	63	60	55	63	59	63	55	56	63	57	56	64	60	58	58	58	58	55	56	55	55	60	56	59	62	55	58	64	58	56	62	59	59	61	57	62	59	58	62	64	55	64	61	55	62	61	64	64	59	62	63	60	57	56	59	59	54	63	63	61	54	63	55	62	59	56	59	64	63	58	63	55	57	56	62	57	59	60	58	62	64	63	61	56	57	54	62	55	60	57	56	61	63	61	62	60	62	62	59	58	62	63	61	62	57	56	61	60	63	60	63	61	56	56	59	56	59	60	56	59	55	55	54	60	59	56	55	56	57	54	63	58	64	59	55	57	56	55	57	64	61	63	58	56	54	62	61	64	58	61	58	62	57	57	62	55	57	54	58	61	60	64	61	60	62	62	63	61	63	56	55	62	62	57	58	58	64	61	55	63	60	57	61	57	62	64	56	59	55	57	57	59	57	60	55	57	63	56	59	59	59	59	60	60	56	55	63	62	62	57	58	59	59	63	57	58	61	55	58	56	58	61	59	57	63	57	62	64	59	62	61	59	60	61	61	61	62	62	54	59	54	55	58	59	54	55	58	58	63	55	61	60	57	57	61	63	64	64	61	55	62	57	60	63	62	58	62	63	60	64	63	57	62	61	63	61	60	59	57	58	59	56	55	59	55	64	56	63	56	59	57	62	63	56	56	57	61	58	56	56	63	61	59	63	55	60	55	60	60	57	62	55	63	57	61	62	59	57	62	58	61	56	57	64	63	57	55	63	56	60	61	60	64	59	57	56	57	63	59	61	57	56	58	55	64	56	55	56	58	63	61	58	54	54	57	62	54	60	57	57	57	56	54	56	61	56	61	64	58	55	56	54	54	62	57	59	63	57	61	61	55	58	63	56	61	56	63	61	62	57	63	57	62	63	59	60	57	57	56	63	59	54
100	101	99	98	101	97	107	99	104	100	106	104	103	102	98	102	106	98	104	103	107	100	106	98	100	103	101	107	105	99	98	97	97	98	98	101	100	97	106	105	104	107	97	105	103	104	103	102	101	100	101	106	104	102	107	99	99	105	98	106	100	101	100	106	99	99	101	101	103	106	104	99	107	100	103	103	97	105	104	106	99	103	99	103	105	106	104	105	102	106	98	107	101	103	107	106	101	98	99	100	105	106	107	100	106	103	106	104	105	107	103	98	98	106	100	101	101	107	100	102	97	104	102	104	106	103	100	103	99	98	99	104	99	105	100	106	102	100	98	98	101	101	104	99	100	97	97	101	105	101	102	99	106	103	107	106	104	106	100	104	101	98	101	105	97	106	107	103	104	100	102	106	105	99	102	98	102	105	100	106	106	103	98	98	102	101	104	101	105	107	104	99	98	101	102	99	105	98	102	106	97	99	97	97	100	107	98	99	97	103	98	99	105	98	102	106	99	106	101	100	103	105	102	100	101	98	98	104	100	99	106	99	98	101	104	99	104	105	99	99	106	107	107	103	102	102	100	102	103	103	105	104	103	107	103	103	104	103	97	107	106	100	99	106	106	98	104	102	101	106	106	99	99	104	103	101	102	105	105	99	99	103	100	100	98	105	106	106	106	105	102	100	103	102	106	98	100	103	98	107	98	99	101	100	104	97	97	101	100	105	99	99	103	101	107	101	102	103	101	106	104	103	105	102	98	106	98	102	104	99	100	100	105	98	105	99	98	104	100	101	101	98	100	99	100	100	104	105	101	107	104	107	102	105	106	102	101	98	99	106	105	104	100	102	106	101	98	100	107	107	99	105	101	99	100	100	98	99	106	105	101	98	105	104	103	99	98	99	102	98	101	106	105	101	104	102	102	101	99	102	97	101	101	100	104	105	101	104	99	100	98	100	98	98	104	101	107	100	98	98	106	105	99	101	99	107	99	106	102	104	102	100	101	100	99	103	97	105	100	99	104	100	106	97	103	104	103	102	106	97	98	103	103	99	99	105	100	106	97	99	97	104	104	98	102	105	102	102	103	105	106	103	105	104	100	102	97	105	99	103	105	105	106	102	98	102	97	102	104	102	106	99	106	104	106	101	105	107	99	103	104	98	100	100	100	98	100	100	102	102	99	100	103	106	106	100	100	101	98	102	103	102	105	98	97	105	100	105	102	98	97	103	105	99	105	106	103	106	99	99	105	103	99	105	98	103	105	106	103	106	98	107	98	98	101	97	105	106	98	101	105	104	102	102	103	104	100	102	97	102	106	102	101	101	106	100	105	97	106	105	106	100	106	102	98	107	99	101	105	106	101	99	99	102	99	106	99	97	102	107	101	98	97	102	100	105	98	106	107	106	101	100	105	102	104	97	106	98	100	103	104	99	106	107	98	98	104	103	100	105	106	103	99	106	99	101	106	103	107	105	100	101	106	99	100	106	105	101	102	102	106	105	97	98	101	106	98	99	103	99	102	106	99	100	98	107	101	100	100	104	101	102	104	100	105	101	106	98	106	107	98	106	104	103	106	100	103	99	105	98	100	107	105	105	105	104	105	100	98	103	105	105	98	103	101	101	98	99	103	105	104	102	106	103	98	105	100	106	106	101	101	98	104	104	101	97	100	99	106	100	98	107	107	97	104	102	104	104	99	104	99	99	97	106	101	99	99	101	104	107	105	105	104	101	104	103	102	97	99	102	102	107	106	98	99	99	106	102	103	102	102	103	99	102	98	106	105	103	106	99	104	99	98	99	105	103	100	101	105	102	102	97	105	107	98	105	106	106	101	103
wj																																																																																																																																																																																																																																																																																																																																																																																																																																																																																																																																																																																																																																																																																																																																																																																																																															
30	83	98	70	7	6	22	36	3	53	52	68	54	94	73	63	84	13	7	46	15	1	63	60	31	42	82	7	11	69	33	55	76	15	10	16	96	33	31	73	99	31	54	72	36	1	76	11	47	97	31	46	48	94	91	79	90	65	96	27	69	56	9	53	99	65	59	39	15	59	19	60	51	48	15	87	83	89	58	90	29	48	67	87	35	25	67	74	56	60	30	64	78	70	62	12	82	34	13	27	75	24	8	8	33	41	29	10	95	25	49	40	37	75	5	24	49	99	49	57	84	86	36	62	71	74	23	74	72	4	3	92	37	91	66	3	9	14	26	47	97	61	24	76	61	83	7	19	59	27	51	31	27	73	27	6	42	85	25	2	34	72	9	26	47	78	38	20	71	38	58	6	24	20	38	25	44	94	84	18	55	75	20	55	76	28	6	80	66	35	32	19	78	49	59	59	13	79	70	50	70	52	68	90	33	67	17	50	34	48	87	70	49	54	22	75	59	36	47	35	79	17	17	70	42	90	83	96	47	60	47	63	33	93	81	42	36	39	76	59	43	29	95	67	86	55	80	5	84	88	50	91	73	89	5	68	88	90	95	77	65	5	38	3	35	76	67	56	48	30	35	90	69	83	33	51	37	85	79	71	36	54	31	46	66	60	41	58	47	11	50	6	5	2	3	6	19	94	27	49	28	15	29	16	62	1	81	63	49	14	91	96	17	90	72	23	49	84	75	48	93	84	31	60	11	23	15	22	70	47	25	68	41	20	42	84	75	29	13	88	3	57	55	71	18	29	18	38	68	96	67	26	97	52	10	87	59	8	1	17	43	98	54	50	20	27	9	23	74	57	83	97	89	67	32	92	23	90	54	59	40	86	11	96	99	80	31	38	6	55	51	21	62	31	98	37	62	49	19	56	45	66	63	95	28	63	34	9	19	93	41	20	35	59	30	19	23	30	38	87	73	44	79	31	85	26	43	81	89	97	47	14	20	88	48	35	42	75	97	7	8	78	65	19	83	19	20	75	92	41	4	34	97	27	62	96	11	63	46	99	6	41	54	62	31	88	32	52	41	7	18	44	63	9	48	97	45	81	81	57	44	37	86	64	50	94	43	91	85	50	78	95	11	68	93	83	74	29	58	51	71	50	62	36	10	88	71	100	47	76	15	85	89	77	33	54	36	65	58	74	31	96	24	88	44	86	10	66	58	58	7	100	76	32	8	41	36	42	15	16	44	59	14	37	14	48	46	14	86	18	2	61	43	13	25	46	67	73	82	49	34	4	77	53	91	72	76	24	65	71	65	54	35	13	13	39	89	41	36	52	52	92	71	77	74	3	8	19	15	64	17	49	49	36	9	66	32	38	55	38	60	5	17	43	21	83	27	37	45	78	51	6	84	5	32	81	33	25	81	32	76	65	60	95	60	53	59	14	72	94	61	2	30	91	95	48	15	51	38	86	14	12	52	83	82	82	8	76	79	46	60	95	45	34	35	58	79	46	30	42	42	13	10	30	98	99	41	83	27	100	4	51	30	84	26	70	37	84	7	48	37	42	88	53	51	97	46	90	67	100	49	10	52	77	60	60	43	65	23	43	34	99	8	33	84	18	64	73	45	90	80	26	60	18	31	17	65	1	51	76	34	48	10	99	25	63	10	40	32	97	17	58	28	76	11	37	48	75	51	33	61	52	6	76	82	8	31	20	72	69	60	94	4	17	9	18	82	71	82	97	46	81	69	60	17	82	33	51	40	48	39	17	35	31	18	30	83	90	6	49	58	56	19	83	70	93	75	52	18	22	40	81	35	41	42	89	14	8	20	40
