pij																																																																																																																																																																																																																																																																																																																																																																																																																																																																																																																																																																																																																																																																																																																																																																																																																															
63	67	63	66	69	65	63	64	67	70	70	62	66	64	64	62	65	61	64	64	70	65	62	65	70	71	63	69	65	61	69	65	67	68	65	67	65	71	70	68	65	67	70	67	65	66	67	68	64	70	61	62	67	63	61	63	68	62	71	62	63	68	66	63	62	71	61	70	62	64	62	63	69	67	70	65	65	66	63	64	68	65	67	64	69	62	67	64	63	68	65	66	62	63	67	65	68	62	64	68	67	67	71	66	62	63	64	70	67	66	65	62	63	67	64	61	66	66	64	70	68	64	68	71	70	69	66	64	62	64	62	63	70	62	69	65	66	69	68	64	70	62	66	71	71	70	65	68	62	61	68	61	61	64	69	66	70	69	71	67	62	70	62	62	63	61	63	67	65	70	70	68	65	64	66	64	67	65	69	66	63	66	68	63	70	70	70	63	66	68	70	65	70	65	63	65	62	62	61	68	67	70	67	61	67	65	70	66	61	63	63	66	63	65	66	71	66	67	68	67	67	68	71	71	65	64	70	67	66	63	68	66	71	67	62	64	63	65	65	62	69	68	68	63	69	64	64	62	64	65	63	70	68	63	68	61	67	65	66	68	64	62	65	66	67	66	64	61	62	71	68	63	64	71	61	61	70	69	70	65	67	71	70	67	70	62	64	64	70	61	64	64	65	70	64	68	69	64	64	63	62	65	65	69	61	66	69	67	67	66	70	66	68	64	71	65	68	68	70	66	68	62	71	67	63	63	63	68	62	61	62	70	66	66	62	69	70	63	65	66	62	66	68	67	62	62	69	62	69	70	69	69	70	62	62	67	70	66	65	63	71	66	65	67	66	66	63	65	67	65	63	70	63	67	63	62	65	66	67	67	62	70	70	69	64	68	61	71	64	70	65	66	62	63	66	66	69	65	67	61	69	62	62	69	62	66	70	62	62	61	64	68	65	69	63	68	69	65	69	62	63	65	65	71	70	69	69	68	66	65	69	71	67	70	71	70	63	65	69	71	63	65	65	62	62	67	65	71	64	68	67	65	69	68	67	61	71	65	62	67	70	68	69	62	66	64	68	63	62	70	70	69	65	69	62	67	62	62	65	68	66	67	70	65	65	63	69	68	66	70	65	62	67	67	61	63	68	69	71	66	64	68	69	70	67	63	62	68	64	64	68	65	65	63	65	66	68	66	68	64	68	63	63	66	70	63	62	64	67	64	62	63	63	69	70	65	62	63	66	64	64	70	63	65	70	70	69	64	69	67	64	63	68	67	65	64	67	62	69	63	67	67	67	66	67	62	66	67	70	62	67	63	66	67	61	64	66	68	65	70	65	64	61	68	70	67	64	70	69	69	66	71	69	68	66	70	68	63	63	63	61	68	69	66	64	64	64	68	62	66	66	63	66	66	62	65	64	64	69	64	62	65	71	70	70	65	64	65	69	69	69	65	63	67	68	70	64	70	70	61	67	64	67	68	61	70	70	68	64	62	62	70	67	65	68	66	64	70	71	65	61	62	68	62	67	62	69	65	70	62	70	62	62	70	64	71	68	67	63	63	67	64	67	69	62	63	66	70	66	62	66	70	62	68	66	70	68	63	65	61	66	69	68	68	61	66	70	68	68	70	64	69	66	63	65	64	69	68	64	69	66	68	65	71	71	66	63	65	70	66	66	63	68	66	71	70	62	68	64	69	61	69	70	64	63	67	69	69	70	67	65	69	67	68	65	69	66	65	68	67	70	69	69	69	64	70	62	62	65	62	68	67	62	70	69	67	71	70	63	67	70	62	69	61	68	66	70	63	64	63	63	68	63	69	71	69	66	65	61	67
82	90	85	84	84	89	88	87	88	84	87	87	89	91	92	84	90	88	86	85	86	86	90	91	84	82	89	86	90	84	83	84	89	87	87	86	91	86	83	90	84	92	88	87	85	84	86	84	89	89	90	89	89	86	85	88	90	85	86	86	84	86	84	88	87	91	83	86	84	86	87	85	88	91	91	89	87	90	86	90	88	91	83	83	90	83	89	88	87	91	91	87	87	86	91	90	91	82	89	88	85	91	88	84	83	86	90	83	88	82	87	91	84	89	88	85	87	92	85	89	91	83	86	91	87	86	85	86	84	89	91	85	83	85	84	88	88	82	84	87	92	88	82	90	92	89	85	84	84	82	89	92	90	86	86	90	90	85	89	84	88	87	84	89	88	84	83	91	82	84	88	88	87	86	90	86	83	84	87	90	85	87	90	84	92	86	87	90	87	91	89	92	89	90	87	91	87	89	83	88	83	82	88	86	87	91	89	91	85	83	87	86	89	91	88	92	87	87	88	85	90	84	84	86	86	90	84	89	83	82	87	82	85	87	87	86	84	91	92	87	83	82	86	85	88	88	86	90	86	92	85	84	91	85	86	88	85	86	85	88	88	89	82	85	85	87	83	90	89	91	82	86	87	85	83	91	83	87	87	89	85	85	89	88	91	88	91	87	87	91	92	89	90	85	89	85	83	92	89	85	91	85	92	91	92	90	84	88	89	88	90	91	88	89	83	82	84	84	89	91	88	86	83	87	90	90	84	88	84	91	90	84	90	86	86	89	87	83	87	84	82	84	89	87	87	89	87	84	88	87	88	84	87	85	88	82	84	87	89	89	92	92	84	91	91	85	83	91	88	87	89	84	87	90	84	83	90	87	86	89	88	84	87	89	84	86	87	82	91	87	89	85	84	88	86	85	82	92	83	85	83	88	83	87	91	90	88	89	85	90	88	88	83	88	84	91	87	91	89	86	91	88	88	84	90	84	83	88	88	83	88	89	85	83	89	84	84	90	88	89	88	89	87	85	90	84	85	83	88	91	91	89	91	84	83	91	82	88	88	89	85	86	89	86	92	86	88	87	83	91	90	91	90	89	83	82	85	86	85	90	91	83	83	85	84	92	88	86	91	87	84	86	90	83	82	90	86	90	82	91	91	86	82	87	84	85	87	87	84	83	84	89	86	88	84	83	91	85	92	92	90	83	82	83	88	86	82	84	87	91	90	84	84	86	90	82	87	85	90	88	92	91	88	84	88	91	85	85	91	85	91	92	86	87	83	88	87	87	84	84	89	87	84	86	82	87	87	86	90	86	84	86	89	89	85	84	92	86	87	87	82	89	87	89	89	89	92	90	90	89	87	84	89	91	84	84	82	83	92	83	86	84	85	82	89	83	83	85	88	88	85	83	82	84	89	87	84	84	82	88	90	92	83	92	91	88	87	90	89	91	85	87	89	87	85	85	87	82	88	84	89	83	91	92	88	91	91	89	90	87	88	88	86	91	90	90	82	83	84	82	86	90	88	88	89	86	84	91	83	82	90	92	92	89	82	83	90	89	91	84	91	83	86	89	89	89	89	86	85	87	92	88	86	88	83	91	82	92	86	90	92	85	90	88	89	88	89	90	88	88	89	90	85	83	90	91	90	90	92	88	88	87	87	86	84	83	89	89	83	90	89	85	89	83	83	92	82	90	85	84	92	84	84	83	84	92	84	88	82	87	91	82	85	82	86	86	89	90	90	92	92	84	91	83	85	91	83	89	90	88	88	84	86	85	91	87	92	87	84	85	91	85	91	88	90	85	85	88	91	82	85	86	91	85	87	88	91	88	84	86
10	5	8	10	6	4	7	4	8	3	8	3	6	4	8	2	10	3	2	6	9	11	6	9	7	3	4	1	7	2	11	8	3	1	3	5	7	2	2	4	9	7	3	1	9	2	5	4	5	8	2	5	3	7	9	10	8	7	8	4	3	9	6	11	7	10	3	2	2	10	9	7	8	5	4	4	4	10	2	3	5	7	5	3	6	9	6	2	6	5	8	10	4	4	5	10	9	11	4	8	4	8	5	4	7	3	11	6	5	6	3	7	4	8	5	11	5	8	8	5	9	1	7	3	4	1	10	9	2	9	8	9	5	9	3	9	11	8	10	9	8	2	6	7	10	1	10	7	1	3	8	3	1	6	9	2	9	7	3	3	5	8	10	11	5	4	4	2	7	9	11	6	10	10	1	5	2	9	5	3	10	2	5	8	4	10	3	5	7	5	2	5	7	7	3	8	3	8	2	9	10	6	11	7	1	10	1	7	11	10	11	8	3	5	6	5	9	2	5	4	3	1	4	3	2	8	7	7	4	10	7	9	3	6	5	9	6	8	6	4	5	8	10	4	2	2	1	8	4	10	3	3	2	6	9	5	2	5	5	7	7	8	3	2	3	9	10	6	7	2	9	6	10	9	3	7	2	9	4	7	5	7	8	4	4	2	7	2	6	10	8	2	3	10	3	3	4	6	10	4	8	4	6	9	10	7	8	7	7	10	2	8	7	7	2	5	3	6	5	1	3	2	10	2	4	1	1	2	5	5	10	7	4	3	5	8	7	4	5	4	2	10	7	6	1	5	3	1	6	3	11	10	3	8	10	7	6	7	10	4	4	10	5	10	9	9	3	3	6	5	2	10	8	4	4	9	8	7	5	6	10	7	9	11	7	7	7	8	7	8	9	11	10	5	8	5	8	10	4	4	6	4	6	2	5	6	6	7	7	10	5	9	10	7	7	5	3	6	8	1	2	8	5	1	8	3	6	2	7	7	7	4	8	11	4	3	4	9	5	11	6	3	2	3	5	4	6	5	5	5	11	11	2	10	8	10	4	3	10	8	10	6	3	3	8	7	2	2	8	9	7	5	6	3	11	10	6	6	6	11	3	4	3	5	6	4	6	5	2	9	9	10	4	2	1	10	10	5	6	7	10	6	2	9	7	10	1	9	7	7	5	10	9	5	8	8	8	7	11	10	8	2	9	1	6	6	8	2	7	5	11	3	4	7	2	11	3	8	9	10	6	6	2	9	2	11	4	3	3	4	9	2	11	7	8	7	5	3	9	8	2	9	9	9	7	5	8	5	4	4	9	1	5	6	9	9	9	2	6	4	8	5	9	9	4	5	7	7	5	11	9	11	4	8	7	3	10	3	6	6	6	1	5	4	6	2	1	3	8	4	2	2	9	9	5	8	1	9	8	9	7	2	4	4	9	9	4	6	2	3	2	7	5	5	3	9	7	3	3	8	8	6	2	8	6	5	10	5	6	10	9	9	2	6	3	7	5	5	5	9	3	9	1	7	7	8	7	8	6	9	11	8	10	5	5	6	4	10	2	4	10	7	3	11	4	11	3	3	5	4	2	10	9	5	3	3	6	7	5	6	5	9	6	11	5	9	10	4	10	2	4	6	4	8	7	5	2	9	4	9	7	3	4	9	6	10	8	9	4	2	7	7	4	3	10	9	6	8	3	4	4	3	8	2	1	8	8	1	2	8	11	11	6	3	8	11	9	5	4	3	3	2	1	11	5	3	3	4	8	5	1	8	5	9	2	11	4	7	9	1	7	5	9	10	10	6	2	11	8	3	4	9	2	3	6	5	3	6	10	3
28	24	26	21	31	24	21	21	27	24	25	23	27	23	26	24	25	29	22	21	29	26	22	31	25	30	31	28	30	26	24	24	23	25	28	23	23	27	28	25	23	28	27	27	23	26	30	21	27	23	29	27	26	26	26	25	27	21	26	29	30	29	26	22	28	25	23	27	26	29	26	29	22	29	30	28	24	30	30	29	29	29	29	23	31	25	23	29	25	29	29	28	26	22	26	31	24	28	21	25	28	23	29	23	26	30	29	28	31	29	22	28	29	23	26	21	26	26	21	25	24	26	23	22	23	24	28	27	30	25	25	22	31	28	27	23	30	28	23	22	29	24	24	28	24	29	21	26	25	24	31	30	25	27	27	31	26	22	25	26	27	27	23	26	29	22	28	24	23	26	29	31	27	24	25	27	22	23	25	21	30	30	25	25	27	29	25	30	30	29	29	28	24	29	26	29	30	25	30	31	21	23	29	29	27	28	24	27	31	29	26	23	28	21	29	23	25	24	28	23	29	22	26	29	28	30	28	31	22	25	23	21	25	23	28	23	29	26	22	22	26	25	22	28	28	28	25	23	26	21	21	30	25	28	29	24	26	26	27	29	30	25	27	29	28	27	26	29	29	23	28	30	27	31	24	26	30	25	29	23	22	22	22	24	29	22	21	27	28	27	29	25	31	25	24	27	30	28	27	22	30	29	26	26	25	24	22	29	22	30	25	21	31	29	27	29	29	29	29	23	23	22	24	29	26	30	27	29	22	22	22	30	27	24	21	25	27	28	23	26	28	22	29	28	25	30	26	26	25	24	29	25	30	27	23	23	24	30	26	24	29	28	29	28	24	27	22	27	24	27	31	29	28	28	23	25	25	30	28	27	27	27	22	26	24	22	31	29	30	26	30	28	29	24	26	23	25	24	27	25	24	28	31	31	26	26	25	22	31	26	28	28	24	28	31	26	24	21	25	24	25	27	23	21	25	30	27	26	27	27	24	31	22	24	26	28	24	23	27	31	27	29	30	28	25	31	26	28	24	27	29	22	28	26	30	25	24	22	30	24	24	22	28	26	25	31	26	22	21	31	22	26	27	22	24	24	28	23	28	25	24	27	26	27	27	22	28	30	24	31	23	24	30	25	21	22	28	26	28	28	27	21	28	31	29	24	22	22	25	23	30	21	26	29	27	25	21	28	28	30	23	23	27	23	27	22	29	24	27	28	22	30	30	25	30	28	21	22	25	26	30	22	24	27	24	29	30	31	22	22	29	30	25	25	29	29	25	24	26	28	23	22	28	25	22	28	28	27	21	28	27	29	24	24	22	21	25	30	21	28	23	27	31	27	23	27	28	22	22	27	29	28	25	24	29	31	26	22	29	29	28	31	27	26	21	28	28	23	27	29	27	25	24	30	30	26	30	28	22	22	23	31	25	28	22	26	23	29	27	27	24	27	31	25	31	23	31	26	30	27	26	21	22	25	27	30	25	22	22	22	23	27	30	22	28	28	26	21	30	25	23	25	27	22	22	27	29	22	26	25	22	21	31	29	25	29	31	22	23	21	27	29	29	24	21	28	30	21	29	29	28	28	27	29	27	30	31	28	28	26	27	29	30	26	30	29	30	28	27	22	24	29	23	22	30	21	25	23	23	27	27	23	22	26	28	27	23	24	22	22	27	23	25	24	25	24	28	22	29	23	26	22	24	22	23	27	26	21	31	30	25	27	29	31	22	27	23	27	27	28	29	28	29	24	29	24	30	24	23	25	27	30	27	29	28	26	25	29	22	26	30	23	24	23	28	26	23	27	27	24	24	29	26	23	25	31	21	28	24	26
29	21	25	22	22	22	23	27	29	29	29	26	23	26	30	28	27	28	29	23	22	21	25	28	25	25	21	28	25	26	24	25	29	24	25	27	25	28	22	21	29	22	24	26	25	28	24	28	27	24	24	21	29	26	22	27	21	23	29	21	27	25	27	24	25	24	24	26	24	25	27	21	21	27	21	22	24	24	27	20	22	29	27	23	22	20	28	24	22	28	28	28	22	26	25	23	28	30	29	28	25	29	26	26	24	23	28	22	30	29	23	20	27	24	25	26	20	26	29	26	22	25	28	28	22	20	22	27	26	27	22	26	22	21	29	26	28	22	28	22	22	26	24	23	28	27	28	24	23	22	28	24	26	23	22	25	22	27	29	25	22	21	26	30	27	21	25	22	22	23	23	29	23	25	22	27	21	25	24	23	27	26	29	28	23	27	29	24	21	23	24	20	26	24	25	29	25	28	20	25	26	27	20	25	21	29	26	29	20	24	20	28	21	24	28	23	24	27	26	26	30	24	21	29	22	28	21	27	21	24	21	21	22	22	27	20	27	29	22	21	24	21	29	27	26	23	27	21	28	22	23	22	26	21	30	27	25	23	24	27	22	23	24	25	21	24	21	27	25	29	24	23	24	26	24	28	22	20	20	29	24	27	30	25	26	22	21	20	20	29	20	30	27	27	26	24	29	29	21	25	24	23	26	24	29	24	22	23	28	21	25	22	26	26	29	30	22	29	24	28	28	20	20	28	29	29	22	22	29	25	24	25	24	29	28	20	20	20	26	30	27	28	22	28	25	26	23	25	23	22	25	28	29	29	23	24	27	23	25	29	22	27	23	23	28	22	20	23	23	30	22	26	29	28	22	23	23	24	25	22	29	21	24	28	25	28	24	28	21	30	28	23	25	24	23	22	27	23	30	30	27	24	21	24	23	20	28	23	28	30	26	25	23	29	20	24	23	23	22	25	23	29	30	26	30	22	27	26	27	30	22	25	24	24	29	23	24	27	30	26	24	25	23	26	21	22	26	21	25	22	30	21	27	22	21	23	29	27	28	29	23	23	27	21	26	23	21	23	21	27	24	29	29	24	29	29	25	22	27	23	23	26	22	20	30	30	24	29	27	30	24	21	24	30	22	30	27	22	25	29	20	25	22	21	28	28	20	29	28	24	23	21	20	23	25	26	27	25	20	29	26	28	24	25	22	26	24	26	24	25	24	22	20	23	30	21	30	25	24	25	25	24	27	25	21	24	23	30	20	20	25	25	24	23	20	30	23	24	28	29	29	23	29	22	23	29	22	29	24	30	27	30	23	28	28	25	26	26	22	23	30	21	28	30	20	28	27	29	27	29	27	25	21	27	25	28	22	22	29	28	23	20	29	25	27	23	21	21	22	28	27	23	29	28	24	22	23	28	30	26	28	22	21	30	24	30	22	28	25	20	20	26	25	27	21	30	22	26	26	27	20	27	20	21	24	27	27	24	22	23	28	21	21	25	25	20	23	22	22	24	29	21	22	29	21	27	21	20	24	23	29	26	29	30	30	26	25	22	21	24	30	30	22	21	25	26	23	29	30	20	28	21	25	24	24	27	24	22	29	27	27	28	23	27	27	28	24	20	23	29	26	24	24	26	22	27	25	23	25	28	30	24	29	28	28	30	29	21	24	22	26	29	28	22	20	27	26	29	29	23	21	23	22	23	30	24	21	22	24	25	25	29	30	21	20	26	23	23	29	22	27	25	21	28	28	29	23	24	27	25	22	21	23	24	30	24	24	23	24	22	20	30	24	26	28	28	20	20	28	28	27	24	30	30	29	27	26	24	27	23
58	55	56	60	58	63	56	59	61	55	59	61	54	54	55	53	60	57	58	59	57	62	60	56	58	56	53	53	61	53	59	57	59	57	63	59	60	55	56	57	55	55	59	59	53	60	61	62	58	56	58	54	61	55	60	58	53	56	59	54	62	56	62	53	60	55	58	57	58	63	58	57	55	57	61	59	58	62	59	61	58	53	60	55	54	53	58	61	56	55	54	60	56	59	58	61	59	62	59	61	56	54	62	55	53	59	54	56	55	57	60	62	53	62	62	55	56	54	60	63	54	53	58	56	57	62	61	54	54	60	60	56	58	63	62	58	56	55	55	55	62	60	57	62	60	53	61	60	54	55	56	58	53	55	56	60	54	61	55	57	54	63	63	55	55	55	53	58	55	60	59	56	55	56	56	61	58	62	56	63	62	62	55	61	62	61	53	59	63	55	59	63	60	58	62	57	58	61	62	62	60	58	56	62	54	56	58	56	55	55	53	55	58	63	53	62	56	62	58	62	59	58	53	61	57	58	60	55	57	56	54	60	57	57	59	60	61	59	60	59	58	62	57	62	61	59	62	54	56	62	61	57	62	61	62	55	54	54	53	60	59	59	57	54	53	54	60	55	62	63	56	55	53	58	56	61	57	55	59	59	54	57	59	58	59	57	54	57	62	56	56	55	60	53	54	60	56	57	55	58	58	54	60	55	53	60	61	63	55	59	54	60	62	58	61	63	55	55	57	56	53	58	62	55	58	60	55	62	54	55	59	61	59	60	59	59	56	63	58	60	61	60	62	58	63	58	59	56	54	54	63	60	61	56	54	59	54	59	61	59	57	57	61	59	61	58	58	62	57	58	61	62	61	57	53	55	62	57	62	61	57	60	58	57	60	60	57	61	63	60	54	54	55	54	55	62	57	60	57	55	56	54	60	62	57	54	55	57	62	59	60	60	59	62	60	57	58	61	55	55	56	60	62	54	60	54	56	54	59	57	57	58	63	58	55	61	61	63	55	58	55	57	61	56	62	54	57	59	60	57	54	58	62	62	54	58	60	62	56	60	60	62	59	61	57	57	56	59	56	54	59	60	57	56	62	54	53	63	60	59	58	54	57	54	54	54	59	54	62	56	54	60	63	60	60	63	59	58	54	58	54	54	53	62	61	59	57	59	55	57	58	56	58	57	63	60	62	56	63	54	58	54	61	56	61	59	62	62	62	59	62	56	60	59	59	57	58	61	62	57	62	58	62	57	60	54	60	58	59	61	58	54	60	55	59	63	60	62	53	54	62	61	58	56	57	54	60	62	61	63	62	55	59	56	55	55	61	57	59	56	55	57	59	61	61	55	59	55	55	53	55	55	59	62	62	61	56	59	56	54	53	53	61	61	61	60	60	59	63	60	57	54	60	61	61	62	59	58	62	56	54	54	56	57	60	61	56	63	58	57	54	59	58	61	55	56	62	58	63	62	53	55	56	57	54	56	60	57	63	56	57	57	59	56	55	61	56	61	54	57	59	57	59	55	56	55	55	60	54	53	56	54	59	53	60	61	61	62	57	63	60	58	58	56	56	54	59	62	60	62	54	58	56	59	55	57	61	60	57	57	60	54	53	59	62	54	60	60	59	57	62	57	61	61	58	58	59	55	56	62	60	59	62	61	59	53	58	61	56	59	54	57	55	58	56	61	53	54	55	62	54	61	54	56	54	55	62	62	56	58	55	61	59	61	61	58	56	53	61	62	59	61	59	56	56	61	54	54	57	57	58	55	56	60	55	57	53	57	58	55	60	55	57	54	61	59	58	57	62	63	62	58	62	53	58	56	53	56	59	60
26	25	23	26	25	29	21	26	31	29	26	22	27	26	25	23	28	31	31	24	27	27	25	24	22	28	29	22	25	30	23	24	29	29	30	28	27	24	21	31	25	24	21	30	31	23	30	31	23	30	24	28	31	21	27	23	30	29	25	24	28	26	25	25	22	22	22	28	27	31	25	26	21	23	21	26	31	22	31	23	29	26	25	28	28	29	25	22	28	29	25	24	27	22	30	30	25	27	29	22	26	24	27	30	23	29	21	28	21	30	27	29	26	25	31	28	24	25	28	22	27	23	30	22	28	21	30	26	23	27	21	30	26	24	22	27	29	23	30	22	25	28	29	24	29	25	28	22	28	26	22	21	28	29	25	27	27	31	27	29	28	26	25	22	29	23	26	22	26	31	23	26	21	25	22	25	27	30	27	27	23	21	31	23	29	30	24	28	25	31	30	22	30	27	23	25	27	25	23	25	24	24	27	24	24	21	25	24	28	29	25	28	24	21	28	24	23	21	27	27	26	21	24	30	24	26	28	22	30	24	23	29	30	27	31	30	28	29	28	22	21	31	29	23	23	25	28	26	26	22	23	31	26	24	22	29	29	21	26	23	29	22	23	27	23	23	28	29	24	26	31	24	24	24	27	29	21	24	24	22	23	29	31	30	30	26	27	27	24	26	24	22	22	23	23	25	23	30	26	22	21	21	21	27	23	28	29	25	22	29	30	31	30	29	25	28	28	22	23	24	24	25	25	28	26	30	30	25	31	26	30	29	23	28	22	22	31	26	25	22	23	28	24	30	29	28	22	30	28	27	29	25	24	24	26	25	31	21	24	30	22	29	26	25	22	30	29	21	28	28	29	24	22	21	24	24	24	22	25	28	23	29	28	31	23	31	28	24	25	25	30	26	21	27	23	21	27	23	29	24	24	29	22	28	27	26	22	28	22	28	30	27	24	28	27	29	25	30	21	22	30	26	28	24	24	23	30	24	24	22	26	30	28	23	25	28	23	28	23	27	23	23	27	23	29	25	28	24	29	27	28	27	30	31	23	27	30	23	25	25	26	29	29	23	25	27	25	28	23	25	27	31	24	30	27	30	23	21	29	27	31	30	30	23	24	29	25	25	30	24	24	24	26	26	23	21	22	26	29	29	23	31	23	21	24	23	25	27	22	26	30	29	28	24	23	25	26	28	30	28	27	29	25	25	30	28	29	23	22	27	24	22	26	24	22	30	24	24	25	26	26	22	24	21	27	27	22	22	31	24	27	24	27	26	27	26	31	27	22	23	30	29	28	26	30	29	30	31	30	24	30	22	27	29	25	23	25	28	29	27	27	26	29	23	26	22	24	26	27	24	29	24	25	26	30	21	28	28	31	27	22	23	28	21	30	25	25	21	26	30	31	30	24	24	29	25	21	27	22	23	27	26	30	24	26	28	26	28	27	29	26	28	25	24	26	22	22	28	27	23	22	25	25	28	27	31	25	24	23	23	30	23	23	31	25	28	25	22	25	31	22	26	30	27	27	28	28	30	26	28	29	28	22	31	29	27	30	29	24	25	30	30	30	21	23	30	25	22	31	23	22	27	27	22	21	24	30	28	29	25	22	24	24	23	24	22	27	25	28	25	22	31	28	26	28	27	29	31	27	26	30	23	29	29	24	25	23	24	28	29	25	29	23	31	27	24	28	24	26	30	24	24	29	27	28	25	30	24	26	26	28	25	29	27	28	23	23	26	29	28	25	29	26	28	24	31	27	25	21	29	29	21	21	27	28	25	26	29	29	22	21	25	26	28	27	31	28	29	22	28	25	27	23	26	24	28	25	28	25	28
97	99	97	92	99	100	92	100	92	97	101	97	91	101	95	96	98	99	99	101	100	95	96	93	95	98	99	100	97	100	95	92	91	95	98	100	93	93	98	97	93	99	97	94	91	101	100	98	93	96	93	92	98	99	99	98	100	96	99	94	100	92	98	100	100	94	100	92	101	96	100	92	96	96	93	96	97	99	92	95	93	97	99	92	101	100	96	94	99	100	93	95	100	92	93	92	96	95	97	99	93	96	99	98	92	99	92	100	91	94	94	101	95	101	95	91	95	94	94	99	95	100	96	99	100	94	98	95	96	93	92	92	100	93	94	92	97	100	92	95	99	100	97	100	93	96	96	98	93	92	94	94	100	92	93	96	95	92	98	100	100	96	95	91	95	92	98	92	93	96	93	93	99	92	100	93	93	96	93	94	92	92	95	92	99	97	96	92	92	95	94	92	100	96	93	95	99	101	95	91	93	95	97	101	94	100	99	100	91	95	91	94	100	97	99	98	100	96	99	100	98	91	95	95	96	93	101	92	96	98	100	92	97	97	98	93	97	101	100	98	96	97	99	93	93	99	101	94	98	97	95	94	93	100	100	92	93	96	96	96	99	96	92	99	96	101	100	94	94	93	100	96	95	94	93	101	97	100	95	98	94	98	98	99	101	97	99	95	92	92	92	92	94	98	95	100	94	100	92	94	100	96	93	94	100	99	93	93	99	96	96	93	93	95	96	101	99	95	91	92	94	92	91	98	100	99	99	92	97	92	93	95	99	97	96	94	97	100	100	96	92	96	99	94	98	94	95	95	99	99	96	97	92	97	93	100	101	95	97	97	101	99	101	99	98	93	100	101	96	99	100	96	98	100	94	91	97	93	97	96	93	93	97	99	92	99	97	93	92	99	92	101	93	99	95	94	96	98	100	97	100	96	101	99	91	100	93	98	100	94	96	95	95	101	97	96	92	95	95	96	99	98	99	94	94	92	92	93	96	95	96	93	96	96	98	97	93	95	93	97	99	98	99	96	94	96	91	100	100	91	96	98	93	95	99	99	96	97	94	97	92	93	93	97	92	97	100	99	95	99	92	99	92	98	100	101	95	100	99	100	99	97	100	95	93	94	97	99	99	97	92	101	94	96	97	93	99	101	97	99	91	99	96	91	99	97	97	95	93	100	99	99	100	96	97	94	95	100	92	98	93	95	98	95	99	98	98	92	98	94	96	94	96	97	95	93	91	99	99	98	99	100	97	92	97	101	93	95	98	95	93	97	93	92	96	99	97	99	100	98	97	100	101	94	94	98	92	98	97	96	99	92	100	100	96	97	98	93	100	93	101	99	96	94	98	98	95	98	91	96	91	96	92	101	97	94	92	96	95	99	94	94	91	98	93	96	96	93	98	97	97	93	100	93	97	93	93	94	97	98	96	94	93	95	96	96	96	92	94	93	97	98	101	99	100	92	95	100	91	100	99	92	94	98	101	97	95	99	96	99	101	92	98	100	100	99	92	92	98	92	92	100	92	98	98	97	92	93	93	96	92	99	96	94	97	97	100	101	96	95	95	92	91	93	93	95	101	97	99	95	100	100	94	96	97	99	101	101	97	98	99	99	91	91	96	94	101	98	98	98	96	95	95	92	100	92	97	97	97	97	96	98	98	97	97	93	98	91	97	98	94	100	97	94	97	96	93	99	93	93	95	95	94	94	94	96	100	93	99	93	94	101	99	97	99	93	97	99	97	98	96	99	92	91	98	100	98	96	92	92	96	101	93	92	93	94	91	92	98	96	92	99	92	96	100	98	91	98	100	93	100	92	100	99	97	96	92	95	97	99
49	50	50	44	48	48	49	49	47	42	49	47	42	51	48	46	42	44	44	45	47	43	44	49	48	51	47	51	43	46	44	46	48	49	43	41	48	48	43	44	45	51	49	44	45	47	47	45	47	47	42	49	48	50	43	44	51	50	43	43	41	50	45	49	47	43	45	50	47	48	46	44	43	44	44	48	42	45	45	48	50	47	51	47	42	46	43	42	48	47	44	43	46	50	46	45	42	43	51	45	51	44	43	45	47	42	49	44	42	47	48	49	50	50	48	41	45	47	47	44	50	43	48	50	49	50	43	48	42	41	49	45	46	43	46	49	49	46	48	48	42	44	48	41	41	47	50	41	45	45	48	50	49	47	45	49	49	50	42	47	44	49	49	44	51	46	46	42	42	49	46	47	48	47	42	43	47	48	43	48	44	50	43	44	49	46	42	50	48	49	48	45	46	42	44	49	49	44	42	44	43	50	41	43	51	49	45	45	49	48	48	44	50	47	51	45	48	46	47	41	45	45	42	46	43	51	49	50	42	50	43	48	51	50	47	48	42	47	49	50	43	51	49	44	42	44	45	43	41	47	41	47	47	43	42	46	50	50	48	47	46	49	43	42	50	47	41	49	47	50	50	42	49	44	49	47	47	42	42	49	50	42	48	45	44	45	46	50	47	41	50	46	42	50	51	42	49	42	50	48	46	48	50	47	41	45	42	45	42	43	42	51	45	45	44	47	45	49	51	48	44	45	50	50	47	49	47	42	50	48	42	43	46	48	46	51	45	41	43	48	48	50	47	44	46	41	47	48	42	41	43	50	49	49	48	50	50	42	46	41	50	48	44	44	48	42	42	42	42	46	50	49	42	48	44	49	50	44	43	45	48	50	51	45	45	49	47	47	43	47	47	44	43	47	47	48	42	47	48	45	46	47	47	42	41	46	43	45	41	50	45	47	49	49	44	49	44	42	47	47	44	50	50	50	48	41	42	42	45	42	50	50	42	46	42	47	49	49	47	42	48	50	42	50	43	45	46	48	50	50	45	43	41	46	50	48	42	43	46	45	50	44	42	50	43	43	50	44	50	49	51	43	44	48	47	49	45	49	51	41	45	43	48	44	42	45	44	45	44	42	44	44	48	45	47	48	48	46	46	50	42	50	43	42	47	46	45	49	50	47	48	49	46	47	50	41	48	44	42	43	48	50	44	44	42	45	49	51	49	47	48	47	43	51	42	47	42	45	47	49	48	46	42	42	47	44	47	49	44	47	47	43	44	51	49	42	48	42	45	48	41	47	49	49	50	47	49	48	44	44	49	49	50	43	43	44	48	45	48	47	45	44	49	48	43	42	50	50	41	50	47	51	41	47	47	45	50	50	45	47	51	44	42	47	47	50	51	41	46	45	47	46	47	47	45	46	44	44	49	46	43	45	49	48	49	50	51	48	43	45	48	44	47	45	43	45	43	43	44	43	51	43	47	48	50	50	43	46	44	50	41	47	43	48	47	48	51	47	43	45	45	43	46	48	49	46	47	50	42	48	49	46	41	46	43	50	44	43	45	44	48	49	50	48	47	42	45	42	44	50	45	50	47	49	46	45	48	42	51	50	47	41	49	46	44	48	50	49	46	44	42	43	49	45	50	51	49	46	45	41	48	49	44	43	43	46	44	50	45	50	46	49	50	47	47	43	41	42	43	44	44	43	48	47	43	47	50	46	47	43	42	49	43	45	44	44	47	44	45	50	48	46	47	46	43	42	43	43	43	46	47	44	49	41	42	49	42	50	50	46	50	44	48	43	49	46	46	50	41	47	49	49	49	45	47	43	48	43	41	45
14	12	19	16	12	17	16	18	10	15	14	17	11	13	13	13	17	13	11	19	18	13	11	14	14	12	15	10	10	12	16	18	19	16	18	17	14	14	14	12	13	16	15	11	19	9	16	11	10	18	13	15	15	9	19	18	16	16	16	11	11	18	12	15	11	15	18	14	12	15	12	16	10	16	10	10	11	15	10	18	13	10	15	12	19	17	9	12	16	16	14	17	16	15	16	12	12	16	15	11	11	11	16	9	10	11	18	14	19	13	15	15	10	9	16	16	13	12	11	19	16	17	14	12	16	16	17	13	11	11	19	9	17	16	18	12	12	9	11	10	15	17	14	14	15	10	14	15	10	15	16	18	13	18	14	12	17	18	15	18	11	12	11	14	11	16	12	17	18	13	16	9	12	14	18	19	11	13	15	12	12	12	11	10	15	10	10	12	15	18	13	17	16	13	13	12	14	13	10	16	14	9	11	13	11	13	14	14	9	10	14	15	10	13	10	14	13	14	9	10	16	16	17	16	15	12	14	12	9	12	16	15	18	18	14	11	12	18	17	12	17	15	11	14	12	14	15	10	11	18	11	17	9	15	11	12	18	16	9	15	19	11	10	14	18	13	11	19	11	13	12	11	15	15	15	10	10	11	12	15	11	18	12	13	18	14	19	14	16	12	10	18	17	17	10	11	15	16	13	17	12	17	17	11	13	12	15	11	10	11	18	16	17	17	17	15	15	17	15	10	13	12	17	13	12	15	11	13	18	14	14	10	19	12	11	15	18	17	14	9	17	10	12	11	18	12	18	12	9	10	13	10	17	10	13	11	11	15	12	16	13	14	18	19	18	18	19	17	13	9	19	16	12	18	11	18	19	15	9	11	18	14	13	12	12	12	13	14	12	17	15	13	15	18	17	15	16	10	13	16	12	16	16	16	17	11	18	17	18	9	18	16	15	14	13	19	10	18	17	17	14	10	12	11	15	13	10	15	15	10	10	15	18	16	18	17	14	15	12	14	9	16	15	14	16	11	16	15	11	18	11	13	11	11	18	10	15	12	19	11	16	15	11	14	16	14	16	17	11	10	17	14	14	12	14	10	14	16	11	14	10	11	13	19	11	16	12	17	11	14	13	14	15	19	13	14	18	14	12	18	12	19	18	19	14	17	9	18	13	13	18	17	17	15	11	11	10	11	15	11	16	13	17	15	19	16	16	11	12	18	11	16	10	15	18	13	15	16	14	11	17	13	16	9	17	12	18	16	14	16	12	14	14	18	11	15	15	13	14	12	17	17	9	12	15	18	15	14	16	18	17	13	14	15	11	15	13	12	9	16	11	19	17	14	10	12	10	13	18	18	18	17	12	18	18	17	10	11	18	12	12	16	9	11	11	15	13	19	13	12	9	9	12	15	17	11	15	13	14	14	15	15	10	11	15	17	16	16	14	12	19	14	12	16	14	17	9	9	16	14	17	15	11	11	16	17	13	19	16	15	18	9	16	10	11	12	18	13	14	10	12	12	10	14	15	11	12	9	15	9	11	18	11	18	11	13	14	14	11	18	14	11	13	11	17	19	17	17	14	18	15	18	17	12	11	16	12	16	10	11	13	17	12	9	12	10	13	11	19	13	9	14	18	10	16	10	17	17	18	18	14	18	18	17	10	13	19	13	17	11	10	14	14	15	9	17	19	17	11	13	15	19	18	13	16	12	16	11	19	11	10	16	18	10	15	17	17	14	18	13	16	17	18	11	14	18	15	15	13	16	17	16	13	12	13	11	14	10	11	15	18	19	14	17	10	17	15	13	16	16	14	10	10	13	11	10	10	18	14	15
80	87	85	83	78	83	84	88	86	86	79	80	86	86	80	87	79	82	86	83	82	84	82	88	86	78	84	85	82	87	81	87	79	81	82	80	80	84	83	82	83	80	88	84	81	79	84	84	83	87	86	81	88	86	84	87	81	85	79	87	83	86	85	84	78	85	83	87	85	85	82	82	84	86	80	86	85	79	82	84	80	82	84	78	83	79	83	79	88	82	86	82	81	78	82	85	83	85	85	85	80	82	78	88	85	84	82	83	86	82	80	78	79	87	80	86	80	83	88	80	81	79	82	80	80	86	80	78	83	85	81	84	79	83	78	83	84	80	84	81	81	80	81	88	82	87	78	82	85	82	80	83	82	86	78	78	87	85	88	81	79	84	81	86	80	86	82	88	84	84	84	84	79	83	82	80	80	79	84	84	87	83	84	80	82	79	86	78	82	79	87	83	88	83	85	78	84	82	83	84	80	83	86	83	88	86	84	78	86	82	86	80	79	80	84	79	84	86	87	81	84	86	80	79	87	87	83	87	79	80	86	84	83	87	81	79	81	78	83	85	83	81	81	84	87	81	83	82	85	80	80	78	86	84	81	82	87	78	85	88	82	82	83	80	81	86	82	86	86	84	87	82	84	83	86	80	84	86	85	82	87	79	88	83	80	79	88	78	88	78	80	81	83	84	85	83	85	80	83	80	83	79	83	78	86	83	81	85	83	85	85	80	87	85	80	87	87	86	87	82	83	85	86	84	84	85	85	81	80	78	87	78	87	85	84	86	81	84	80	82	81	84	84	83	82	87	79	86	85	81	79	84	78	80	80	83	83	83	81	87	81	82	85	88	81	85	80	82	83	87	83	86	84	81	84	86	85	79	82	82	88	86	85	81	82	82	81	79	85	79	87	79	80	84	86	79	84	83	80	86	83	88	80	79	79	79	79	87	87	87	87	83	82	88	83	80	87	83	85	78	81	79	80	85	78	84	84	82	82	84	82	79	85	85	81	86	83	79	85	84	83	88	83	79	88	88	82	84	83	82	82	81	84	79	79	80	86	82	88	80	80	79	84	79	86	84	80	81	86	86	85	84	85	83	79	81	79	86	78	83	87	85	87	79	83	86	85	79	86	85	84	81	87	80	78	84	86	82	84	80	82	86	84	80	85	83	83	82	84	84	83	80	84	85	86	87	80	84	81	87	81	80	81	88	84	81	79	84	82	78	80	82	83	88	88	81	82	83	80	78	80	81	79	81	78	86	82	88	79	81	84	86	81	87	87	80	84	82	87	83	84	80	86	85	79	78	84	87	79	86	79	83	83	81	81	79	88	88	82	83	85	88	88	80	86	85	84	85	82	85	82	83	79	78	83	85	78	83	80	85	88	84	78	82	78	79	86	87	83	83	86	86	81	86	80	86	86	87	84	86	81	81	86	81	84	79	84	81	86	85	80	81	85	85	86	81	83	78	82	79	79	84	80	84	81	88	88	78	86	83	86	79	83	84	85	78	82	81	87	83	84	82	85	87	81	80	78	87	80	87	80	80	87	80	83	82	78	84	80	88	87	81	82	88	80	80	82	83	80	79	86	87	85	86	84	78	86	80	84	81	84	80	87	86	81	83	87	84	88	78	87	79	87	79	85	88	82	87	80	82	79	83	79	79	82	79	79	86	78	80	79	88	87	88	86	79	84	79	85	83	85	84	79	85	81	80	87	86	88	82	87	84	79	80	81	82	80	79	87	86	79	83	82	84	78	85	85	78	87	88	82	83	81	85	83	81	87	85	86	79	83	86	86	85	83	88	87	78	83	87	87	84	84	85	80	86	86	82	82	82
56	53	55	62	60	57	56	61	58	61	52	55	62	59	60	58	54	54	61	53	55	56	60	55	60	55	55	62	54	62	53	57	54	61	53	56	61	56	59	59	61	61	52	57	58	61	61	61	53	61	59	57	54	59	56	60	57	57	55	58	56	61	54	61	61	59	55	60	59	60	62	55	58	53	60	58	53	61	56	56	58	61	60	58	55	54	53	55	61	53	61	56	61	59	60	57	56	58	59	54	61	62	53	62	57	55	54	55	56	54	61	62	58	62	58	61	59	61	56	57	61	61	60	61	58	59	59	61	61	53	60	59	54	62	57	56	54	54	52	58	61	59	58	52	59	62	60	57	55	59	56	58	60	55	52	55	61	60	54	60	58	56	60	62	59	59	57	54	54	60	55	60	58	54	56	59	59	55	52	61	53	54	57	54	54	58	62	60	57	54	61	57	55	53	52	56	57	57	57	56	55	60	55	53	58	60	57	57	60	60	61	58	58	62	56	56	52	57	59	55	57	57	60	61	58	53	62	61	54	53	55	57	56	54	55	53	54	60	54	54	61	61	55	61	55	56	56	53	62	61	61	52	57	54	52	55	52	61	61	59	53	53	53	60	59	59	56	55	58	54	57	54	60	61	57	53	61	52	58	52	61	61	56	61	56	56	60	53	53	55	61	52	58	62	56	60	53	52	59	54	54	53	54	53	61	53	58	62	56	55	60	60	57	53	61	57	53	59	61	60	56	57	59	61	53	55	57	56	61	56	59	57	53	53	61	59	61	56	57	59	60	53	56	54	59	58	54	52	58	55	53	60	57	60	57	54	58	57	57	56	61	56	57	58	55	53	56	55	60	52	56	55	54	62	59	57	54	60	61	60	60	57	54	61	56	59	59	56	53	54	54	59	58	61	52	53	56	54	53	57	55	57	61	53	61	61	57	57	62	61	57	61	60	58	60	53	53	61	58	55	55	58	59	55	60	61	56	58	61	56	62	55	61	52	52	52	55	55	55	58	60	60	53	57	57	56	54	52	58	53	56	61	57	54	58	54	55	57	58	54	60	54	59	55	53	61	61	56	60	54	55	60	61	56	61	57	56	61	53	56	55	58	61	61	60	58	59	53	59	58	60	61	57	58	57	54	53	60	58	62	60	58	60	61	59	55	59	61	59	57	54	62	53	55	56	54	56	55	59	62	55	59	59	54	59	55	61	58	54	55	55	58	56	60	54	62	57	60	61	56	57	54	58	59	59	54	57	60	57	58	61	55	53	58	60	61	56	60	62	52	55	57	62	62	62	61	58	60	59	54	54	57	53	59	59	53	62	61	55	54	60	53	60	60	53	60	52	61	54	59	61	60	60	58	55	59	58	55	55	60	61	55	60	57	54	53	56	53	52	57	53	57	56	53	59	55	60	57	62	60	61	61	61	58	54	57	53	60	53	58	61	62	54	61	61	55	56	61	57	55	58	54	54	55	59	61	62	59	59	59	60	55	55	54	62	53	55	53	56	55	56	52	55	59	54	60	55	60	60	54	57	59	57	57	57	54	55	55	53	61	55	62	56	55	55	59	55	60	53	53	52	61	59	57	57	55	60	57	59	58	61	61	57	61	57	54	54	54	61	57	57	61	60	59	56	52	60	56	54	52	56	56	61	54	54	55	57	59	56	52	54	55	54	58	57	56	59	60	59	60	58	53	59	61	59	55	52	57	54	61	59	60	59	57	54	60	52	58	60	54	58	55	57	52	55	57	53	61	59	58	59	57	54	54	53	56	58	56	61	61	53	55	54	61	58	57	58	60	57	61	60	58	60	53	60	57	60	58	55	56
91	85	87	88	83	82	83	88	86	88	87	91	90	85	89	89	82	92	85	85	89	90	83	84	88	84	88	89	85	87	84	91	85	85	88	85	83	82	82	86	83	88	86	87	85	89	85	88	90	82	84	84	91	87	88	89	90	85	88	89	89	83	88	83	86	89	89	91	86	91	88	83	91	87	86	82	86	86	85	91	89	91	91	84	84	84	82	87	91	89	89	91	86	85	87	86	90	91	84	89	84	83	92	89	91	89	86	85	90	84	90	91	88	86	85	89	89	86	91	83	83	84	82	90	92	86	83	85	88	90	84	86	89	85	87	89	86	84	86	88	91	90	91	87	89	91	87	88	83	88	85	91	87	90	86	88	83	84	88	90	92	91	83	83	84	88	85	91	88	83	88	84	89	87	85	83	85	83	92	85	90	83	83	87	88	89	90	91	85	84	89	90	86	91	86	92	84	83	84	87	90	84	89	87	92	85	89	90	89	87	87	85	88	87	85	90	87	87	87	89	84	85	87	84	84	89	89	90	91	86	89	86	88	91	86	85	83	85	84	90	85	84	88	83	88	89	84	87	92	89	90	91	85	90	86	88	87	85	90	84	91	85	88	91	87	85	82	91	84	92	92	91	89	87	90	86	91	90	88	84	85	91	91	84	91	87	86	86	82	85	91	91	83	83	82	91	92	90	85	90	89	87	86	90	88	90	90	85	88	89	92	83	88	83	92	83	92	87	92	85	90	88	85	89	83	87	88	82	92	86	84	86	87	89	92	90	87	86	90	89	85	86	85	86	90	89	91	90	90	90	82	89	89	91	88	86	86	84	87	86	90	91	91	84	85	91	88	91	90	86	87	82	82	92	85	86	85	90	90	87	89	91	88	91	90	91	87	83	87	82	87	89	91	86	92	87	89	87	90	84	90	83	86	84	89	85	86	88	90	84	85	83	91	86	88	84	87	89	84	87	84	88	90	89	90	91	82	84	83	85	90	90	86	88	83	89	85	89	83	91	83	89	84	85	91	89	89	88	82	91	83	91	91	85	86	88	82	85	90	87	84	88	88	89	92	90	84	89	84	89	83	92	87	84	92	88	84	91	88	83	88	82	86	85	88	91	86	90	87	92	89	91	84	86	89	83	84	84	87	89	91	86	85	91	92	86	83	84	85	82	88	86	92	90	91	83	83	91	84	87	91	92	90	87	87	84	85	88	91	86	91	90	91	91	83	88	89	84	92	89	86	89	85	87	83	84	87	91	90	91	85	91	85	85	89	92	90	83	88	84	85	88	82	90	85	86	89	91	91	86	87	91	89	86	90	83	88	88	88	86	90	83	85	85	87	87	88	92	84	90	89	90	88	88	83	88	91	87	85	86	84	83	88	89	85	86	82	92	86	86	86	86	91	86	91	89	83	88	86	83	92	86	92	86	86	82	88	89	92	92	87	84	83	89	91	89	90	87	91	88	88	83	85	90	86	89	87	91	86	84	88	86	88	82	83	88	86	87	86	87	84	89	84	85	88	83	89	84	84	88	84	89	91	85	90	89	88	90	83	84	83	91	87	84	84	84	86	83	87	87	87	83	86	91	91	85	91	89	83	91	91	89	92	84	89	85	92	86	84	82	85	84	82	86	85	91	85	88	88	85	88	86	85	84	83	89	85	90	83	88	89	89	84	89	90	84	86	87	83	90	86	86	84	89	83	86	85	85	88	83	91	86	84	91	91	92	87	91	85	86	88	84	90	91	84	91	89	83	89	83	85	89	88	86	89	83	88	90	84	89	86	91	88	86	83	84	85	85	83	84	91	86	84	87	91	87	84	84	84	90
79	83	87	87	82	79	87	80	83	79	86	87	84	80	79	84	79	79	85	80	79	88	87	78	83	83	83	82	82	87	82	85	86	85	88	80	86	84	87	79	85	81	83	80	87	85	82	85	81	83	86	82	88	85	84	82	83	86	82	81	79	87	83	84	80	85	84	83	84	83	81	80	88	83	87	85	79	88	83	80	82	85	87	81	84	81	87	81	78	82	81	79	82	83	81	86	83	80	83	85	78	84	82	82	79	81	84	81	82	85	82	79	78	85	80	85	84	83	87	83	79	82	87	79	83	81	86	80	85	85	79	83	78	86	81	80	81	85	85	83	79	84	87	79	81	88	80	85	79	83	83	85	84	79	83	84	82	87	82	82	85	83	80	82	80	78	84	86	78	86	82	87	88	81	83	81	85	86	84	85	85	86	80	79	83	87	88	81	78	85	81	78	87	87	87	87	86	88	86	82	79	81	85	80	80	81	79	80	78	79	85	87	82	85	85	84	81	81	80	81	87	87	87	80	87	84	78	79	83	85	79	83	87	82	88	84	87	84	81	84	88	80	83	78	86	81	86	84	85	85	78	87	83	88	79	79	87	87	80	79	87	83	80	84	86	85	79	84	81	84	82	84	82	88	79	88	79	86	81	82	78	86	82	80	85	80	82	79	84	87	84	79	82	87	81	84	79	79	84	86	86	79	85	83	82	84	80	79	87	83	82	80	87	82	82	87	79	81	81	81	84	87	83	87	86	82	80	85	88	88	88	80	85	83	81	82	86	85	80	87	81	85	84	82	82	83	81	85	79	78	84	83	83	80	78	81	81	79	80	85	79	79	84	87	81	83	83	78	82	81	81	82	81	80	88	87	86	84	86	87	87	84	86	83	80	84	86	85	86	83	84	86	81	82	81	84	80	79	86	83	80	87	80	83	84	83	79	88	84	83	84	79	87	82	83	84	81	85	81	88	79	78	81	83	80	80	80	87	79	82	81	79	81	78	84	80	78	85	87	80	82	81	83	78	83	88	82	86	78	85	80	81	81	79	83	86	83	87	84	87	79	81	79	79	83	87	87	86	87	84	83	83	84	81	88	80	82	84	84	84	80	87	82	78	80	80	87	82	82	83	87	82	84	83	84	87	85	87	87	82	87	81	83	79	87	79	81	87	82	84	83	83	78	86	82	85	82	86	82	88	84	87	80	80	87	81	84	83	82	87	86	87	85	83	85	88	79	86	82	84	82	81	83	83	78	87	81	81	85	82	86	81	87	88	79	85	84	84	84	82	79	85	86	79	84	83	79	82	85	85	83	79	88	80	87	82	87	84	83	85	87	83	87	79	80	85	82	85	86	86	87	85	84	82	86	81	83	80	87	85	82	80	81	80	86	80	84	87	81	82	87	88	83	84	85	85	81	83	86	83	80	87	83	82	79	86	81	85	82	84	83	85	84	85	79	82	81	79	79	82	86	78	86	84	80	81	80	81	80	82	87	80	78	79	81	85	88	82	80	87	85	82	83	87	83	79	87	87	84	83	79	87	87	79	88	87	79	83	88	86	87	87	85	81	87	85	84	84	86	82	79	86	84	86	84	86	84	86	79	87	84	81	81	86	86	88	82	88	80	79	83	78	82	82	83	78	83	88	81	82	81	81	80	86	87	84	79	87	79	87	87	79	78	85	79	84	81	80	82	84	79	80	79	85	80	79	82	81	83	82	87	83	87	86	85	87	79	79	86	81	84	87	80	86	80	82	80	78	79	84	86	84	83	84	88	86	81	81	83	81	84	79	82	85	78	81	81	84	87	83	81	78	79	80	86	87	82	79	78	86
24	25	29	29	26	25	29	32	29	31	29	32	33	28	34	33	32	29	26	30	26	26	31	29	26	32	26	32	33	29	26	32	25	27	28	25	31	29	26	30	25	33	26	32	30	24	32	32	34	32	33	32	29	30	26	25	26	27	28	26	33	33	29	33	31	25	29	29	34	30	29	29	31	31	34	27	26	28	27	26	24	26	29	26	27	26	27	34	27	31	29	25	28	29	32	27	28	25	30	27	30	31	31	26	32	32	30	32	25	31	33	26	24	32	28	25	24	28	29	28	27	33	34	29	30	30	26	28	28	28	31	30	30	30	28	28	25	24	31	32	27	27	31	24	31	25	26	30	33	29	29	27	33	28	31	31	30	29	31	30	25	25	28	30	25	31	28	32	32	30	31	29	33	30	28	29	25	29	32	26	32	30	26	29	31	32	32	26	32	33	29	26	28	29	27	29	28	28	30	25	30	25	29	34	30	24	31	26	29	29	32	28	28	34	26	26	28	29	31	27	30	33	25	33	33	32	32	28	31	33	25	26	33	26	24	27	31	30	25	26	34	27	27	24	27	29	31	27	31	27	27	28	26	33	29	31	29	27	29	33	26	28	30	29	29	24	28	24	28	30	29	33	29	26	33	31	32	32	29	26	28	32	26	29	25	29	25	24	34	30	25	25	28	24	27	30	25	31	26	32	25	28	31	34	24	32	33	27	25	26	32	33	31	33	25	30	33	30	24	27	32	34	31	32	24	28	33	26	27	28	33	28	24	29	25	25	34	31	27	29	29	27	29	26	32	26	27	33	29	25	30	28	28	29	25	33	31	25	26	25	26	30	34	29	32	25	26	30	32	30	26	24	30	30	26	26	28	26	34	28	33	29	28	29	33	31	31	28	28	27	33	26	31	30	34	30	28	34	27	33	27	28	28	32	31	29	33	24	28	30	27	28	28	31	29	31	31	25	26	29	28	33	34	30	27	28	32	24	27	28	27	26	28	30	27	27	29	24	30	31	33	27	31	32	24	29	31	28	32	32	29	32	26	27	32	30	27	32	29	30	34	26	25	31	30	28	24	29	27	25	30	32	29	29	29	30	29	28	28	26	34	31	30	26	30	27	28	30	29	33	33	25	33	31	29	27	28	25	28	31	29	29	31	32	30	32	27	27	26	34	24	33	26	32	29	31	33	33	25	34	29	30	25	25	25	24	33	33	33	31	24	32	31	32	25	24	31	31	25	26	33	26	32	34	25	25	34	26	24	26	28	34	31	29	26	32	25	32	34	32	27	33	30	30	29	27	26	30	30	33	30	34	33	31	28	29	25	26	25	28	34	28	29	30	29	28	26	25	31	25	30	26	32	29	31	28	25	32	25	28	30	30	28	32	28	28	34	28	31	25	27	29	29	31	26	25	28	30	31	26	26	32	28	27	32	32	24	31	24	28	33	34	29	28	31	27	34	33	34	25	26	27	24	31	28	30	31	27	34	32	30	25	32	25	30	29	25	25	28	30	24	24	32	27	25	28	34	28	29	26	26	32	31	27	33	26	32	26	25	33	26	32	29	30	31	31	34	32	25	26	30	31	33	31	34	32	24	30	31	31	28	30	25	25	32	33	34	27	32	29	27	26	30	33	30	28	26	31	30	33	31	28	28	31	27	31	29	27	26	28	25	33	26	26	28	29	33	28	30	25	29	31	24	25	25	26	27	30	32	31	26	24	31	27	30	29	27	27	25	25	31	30	28	31	29	28	26	30	27	30	27	26	27	33	29	28	33	25	32	29	27	25	28	30	34	31	34	25	34	27	28	29	27	26	25	29	27	28	32	33
10	12	12	7	15	10	8	11	10	13	14	15	11	16	9	14	8	15	16	8	12	16	7	10	10	13	10	8	11	9	12	8	9	8	9	11	15	17	16	17	16	8	14	17	16	10	9	11	11	8	13	14	15	11	8	13	8	16	14	7	15	16	11	16	10	11	12	14	10	16	14	14	12	16	17	14	16	16	13	13	11	12	14	10	10	8	13	14	13	16	14	15	16	7	15	16	17	13	13	9	9	13	7	11	9	17	12	10	15	10	9	11	13	9	12	9	16	15	15	13	12	8	8	13	8	10	13	11	11	14	7	7	9	11	15	10	7	14	17	15	9	9	8	11	14	11	7	7	15	9	9	16	16	11	13	9	8	14	16	17	12	11	13	9	15	14	16	10	14	8	14	12	11	16	8	14	12	16	13	15	12	17	9	10	17	9	9	13	15	10	9	13	10	14	15	8	9	13	12	13	12	13	9	9	14	17	8	10	11	15	16	13	8	12	10	12	11	8	9	8	15	8	13	10	10	14	11	10	16	16	16	10	9	8	13	11	17	15	8	8	8	12	11	10	14	10	17	9	13	17	13	8	7	13	8	11	8	17	16	14	17	10	13	11	13	14	9	16	14	12	10	8	17	14	12	12	9	13	12	12	9	12	15	11	9	7	14	16	8	12	10	11	11	9	11	12	15	10	17	16	11	10	10	14	8	7	10	10	9	10	9	10	10	11	11	10	9	11	12	14	14	13	16	11	11	10	9	16	16	12	13	15	12	14	16	10	16	12	11	10	14	7	17	15	7	8	17	14	7	17	14	15	13	15	16	15	16	17	7	7	11	17	12	10	11	12	17	15	16	17	16	12	15	10	10	12	8	14	8	17	15	10	12	12	10	9	8	12	17	16	16	10	14	16	8	10	7	9	12	16	12	7	10	10	10	8	11	9	8	14	14	8	15	16	9	15	14	13	12	13	8	15	12	9	13	13	9	14	10	12	12	8	13	12	8	15	16	7	15	9	10	11	8	9	12	16	10	16	8	16	11	12	14	11	13	13	13	17	9	12	8	15	7	8	15	9	14	8	11	12	17	13	16	12	17	11	12	10	16	16	9	8	13	10	12	12	14	12	16	14	10	13	11	15	16	10	14	11	8	16	8	17	15	11	14	14	12	14	7	8	15	15	9	7	13	11	13	17	17	12	12	17	11	15	10	10	8	16	13	16	8	11	9	10	10	16	9	13	12	9	13	12	12	9	10	16	12	10	8	10	15	10	11	9	8	13	8	11	15	8	16	14	12	14	16	15	12	17	11	7	16	12	17	13	17	15	12	7	14	8	11	12	16	9	8	16	12	17	16	9	8	17	14	16	9	8	9	8	13	9	9	9	10	7	14	17	9	7	7	9	9	7	14	12	11	11	14	14	13	17	17	12	9	17	16	9	12	14	12	11	13	14	9	10	9	13	11	8	9	12	11	16	8	7	10	7	17	13	8	16	15	10	14	17	10	17	16	8	15	11	10	9	9	9	14	12	9	16	11	11	12	8	12	12	9	7	15	14	8	9	17	10	9	17	7	15	13	12	9	10	17	12	11	16	8	7	14	8	14	10	15	11	10	8	8	10	16	8	15	16	16	8	7	11	12	15	11	13	12	10	8	17	11	16	16	8	7	17	11	17	12	9	9	8	12	12	14	7	10	8	9	10	10	11	10	16	15	15	12	15	14	15	10	17	12	13	11	13	12	16	13	15	16	13	10	14	16	8	9	13	15	9	14	11	10	9	15	12	10	11	16	10	11	11	8	13	15	7	13	12	15	9	12	16	16	13	8	13	15	13
32	34	36	34	31	37	30	38	30	35	31	34	34	33	32	38	36	36	32	31	30	32	29	37	35	37	37	35	36	34	35	38	38	33	36	29	31	37	36	36	35	33	36	33	32	35	31	30	31	37	35	38	35	34	35	29	32	32	35	36	30	30	36	31	37	35	33	34	34	39	31	34	32	35	29	32	32	32	36	31	35	38	30	36	32	37	31	33	32	34	34	38	39	34	39	31	38	30	34	38	36	32	38	31	37	32	37	39	35	36	32	30	38	29	33	33	31	33	37	36	36	38	33	36	35	36	33	37	38	35	32	33	38	32	32	30	35	32	35	33	34	37	31	30	35	33	31	38	36	31	38	39	32	35	35	32	39	31	31	33	37	34	38	35	36	29	36	36	39	36	37	38	35	33	35	30	35	31	33	30	32	39	35	34	31	30	32	38	33	38	33	36	30	35	36	30	39	30	37	31	30	33	33	29	33	30	30	37	31	30	33	38	35	30	32	37	35	36	35	34	37	30	32	36	33	32	37	36	34	34	29	30	35	30	34	31	32	37	38	31	36	31	35	35	33	35	35	35	31	32	30	36	34	30	30	35	31	32	31	34	35	31	33	38	35	34	36	38	30	29	38	34	34	34	31	32	37	32	38	33	31	30	34	31	34	39	31	39	38	34	37	34	34	33	35	38	37	35	38	30	35	35	31	31	33	29	37	32	35	37	32	33	38	32	34	30	34	31	33	35	32	34	31	33	30	32	31	35	32	37	30	32	38	37	30	36	36	38	35	38	34	31	29	39	32	33	36	38	35	32	37	39	38	37	37	32	38	35	34	34	33	33	32	37	38	37	36	32	36	38	31	29	36	30	35	29	29	29	30	32	29	31	38	33	30	37	36	30	36	29	34	31	36	37	32	30	37	38	30	32	36	38	33	38	36	35	38	37	36	35	39	32	30	34	37	39	39	35	37	36	29	34	36	35	29	38	37	34	35	34	30	37	32	31	29	38	34	38	34	33	30	37	33	36	30	34	35	34	32	39	36	29	35	30	31	35	37	30	39	37	30	38	30	33	30	37	37	35	33	36	38	31	38	33	29	35	32	35	36	39	35	32	34	30	36	36	37	31	36	32	36	35	32	31	31	36	29	32	29	35	39	37	36	37	31	29	37	36	35	36	31	30	30	39	34	35	30	38	38	39	36	32	36	33	31	36	34	29	31	32	35	37	33	31	35	37	32	38	32	33	38	30	35	30	37	39	33	35	34	38	31	31	29	39	29	30	36	32	37	37	34	31	32	31	32	30	37	32	31	38	34	30	32	32	38	32	37	31	35	32	30	34	32	35	37	33	38	30	38	33	32	35	38	32	34	35	35	35	35	38	29	35	37	38	34	35	35	38	38	35	34	32	35	38	31	39	29	29	29	33	36	39	30	34	33	37	32	36	38	34	36	37	30	33	34	39	34	30	31	32	39	37	32	32	35	33	34	29	32	33	30	37	36	37	37	33	34	30	32	32	34	30	35	36	32	39	30	38	36	36	39	36	38	32	29	30	33	36	32	34	33	34	32	29	30	31	38	32	37	31	30	33	30	37	30	31	35	38	36	32	33	38	31	31	31	30	37	39	37	30	34	30	38	34	33	37	38	32	32	29	34	34	38	35	31	36	35	31	33	33	34	30	39	35	33	39	38	38	36	32	31	32	37	33	34	33	32	34	34	30	30	31	36	38	31	33	36	30	30	35	37	37	37	31	38	36	39	38	29	38	31	34	34	35	35	34	33	35	33	33	33	31	29	37	31	35	30	36	33	34	39	33	35	37	38	35	29	32	33	32
87	82	87	80	85	88	80	85	81	81	89	86	85	80	84	84	86	82	82	87	82	80	88	84	81	80	87	88	84	82	80	83	79	82	86	82	88	88	88	87	85	89	89	87	82	87	88	84	85	79	82	88	80	87	79	81	81	88	87	88	81	88	82	80	81	83	88	88	82	82	82	80	80	82	79	88	82	86	88	82	89	86	87	86	88	89	82	83	80	85	84	82	85	83	88	81	86	86	85	84	82	88	80	87	84	82	85	82	81	82	87	86	85	84	88	79	84	82	82	86	89	81	85	81	80	79	87	84	83	87	84	85	79	88	80	88	83	87	88	81	85	86	87	81	88	82	80	89	88	84	87	80	80	82	86	81	83	79	88	89	89	86	84	85	79	81	88	81	88	81	89	86	83	81	87	82	82	88	87	85	86	88	89	79	84	84	83	79	81	86	79	86	85	83	88	83	83	87	84	80	83	84	82	82	81	87	82	82	80	86	86	84	88	82	88	86	88	87	80	81	83	86	83	87	84	81	89	89	81	89	86	81	81	87	88	81	84	80	80	81	87	87	80	87	89	82	81	85	80	79	80	84	83	83	85	82	83	88	88	83	79	80	87	84	81	89	88	85	79	83	80	86	82	81	85	79	87	82	88	81	88	80	79	84	86	79	86	81	80	85	80	88	83	87	84	81	82	85	85	80	80	85	80	87	86	88	88	88	87	86	79	82	85	83	80	79	83	80	86	81	86	89	88	81	85	87	85	81	81	85	79	80	89	82	82	79	82	86	83	81	85	85	84	81	87	81	85	80	80	88	86	85	82	82	81	81	85	88	81	87	85	89	79	81	82	85	87	88	80	83	82	86	87	82	82	87	86	81	82	83	86	87	83	80	81	86	87	87	88	85	89	79	80	88	89	81	82	86	84	82	84	81	82	81	83	80	89	85	80	80	84	84	80	82	88	81	87	84	89	86	85	81	85	88	84	81	82	81	88	83	88	82	82	82	86	86	83	80	84	79	83	88	82	82	81	89	88	89	86	89	88	87	80	85	86	83	86	81	87	82	81	86	84	81	88	86	82	87	81	79	82	87	83	85	81	88	88	84	83	87	81	83	83	84	80	83	87	88	83	80	87	86	82	82	82	81	87	81	83	84	79	80	82	88	88	83	82	85	86	81	82	86	83	85	84	80	83	82	86	88	85	84	83	80	79	87	82	86	83	83	80	80	84	88	84	86	79	87	82	80	88	80	86	81	87	88	82	88	89	86	85	84	89	86	89	83	82	83	84	87	87	88	82	83	82	87	81	83	82	87	87	80	80	80	83	81	85	84	81	80	80	87	81	82	88	81	87	84	79	80	85	82	85	84	81	86	82	89	88	80	86	84	85	85	81	85	85	88	84	84	81	80	89	82	83	88	87	87	83	81	88	86	80	84	84	89	84	80	86	88	79	81	79	85	85	84	89	86	83	81	82	82	83	81	83	83	84	84	87	87	88	87	85	84	87	87	86	86	81	88	86	80	82	80	86	84	85	88	87	85	83	88	87	85	80	84	83	83	84	81	80	86	83	79	81	80	87	80	79	83	82	83	81	84	89	86	85	85	84	88	89	89	80	84	83	82	85	87	82	82	82	81	80	81	83	87	89	87	83	87	82	83	88	80	88	85	84	83	88	83	88	89	80	83	85	87	88	83	86	88	81	86	88	83	80	80	83	79	84	88	81	80	84	85	88	85	83	82	83	81	84	86	85	85	81	85	84	82	81	87	83	85	83	89	79	86	88	79	82	86	83	85	82	88	87	86	89	84	88	89	84	79	80	88	82	79	80	82	79	85
14	8	10	6	7	9	12	14	11	14	10	12	5	14	15	7	8	13	11	10	8	7	9	9	12	12	8	6	9	10	8	7	7	7	15	12	6	14	5	14	10	7	5	12	13	14	15	9	14	12	7	11	13	14	15	8	13	13	8	11	6	7	6	7	11	12	12	6	11	10	9	8	6	10	9	12	7	14	15	7	14	13	8	14	13	7	10	6	6	6	9	8	9	12	7	11	5	12	10	12	8	15	12	9	10	11	15	9	6	9	13	11	13	8	11	11	14	13	10	15	12	11	9	13	12	14	15	14	14	9	10	11	14	9	9	9	11	14	11	7	14	7	15	13	11	12	13	12	7	6	11	5	12	11	12	7	8	9	11	10	12	15	13	11	8	8	7	7	5	11	14	12	14	8	5	13	14	10	14	6	8	12	9	9	10	11	5	13	13	13	7	15	6	12	11	10	6	11	8	7	6	8	9	13	11	10	10	9	7	14	6	7	14	10	9	11	14	11	9	7	12	10	12	9	11	7	6	9	13	9	11	10	14	14	14	9	8	6	7	13	8	14	6	7	14	15	7	15	9	13	8	8	12	10	14	11	11	7	11	7	5	7	7	9	14	9	10	6	10	9	9	7	6	11	8	11	9	6	9	13	9	12	10	5	10	10	7	15	14	11	5	12	13	10	14	13	6	11	12	8	7	9	10	9	9	7	6	8	8	11	9	12	10	7	12	10	7	8	14	6	8	8	9	8	7	15	14	6	12	6	9	5	9	10	8	14	13	13	10	7	6	9	13	8	8	15	11	14	14	10	12	12	10	5	13	13	11	8	9	13	8	13	5	15	11	8	9	12	7	10	10	14	10	14	12	7	10	9	7	10	14	8	6	11	7	12	10	12	6	12	14	13	10	9	14	9	8	13	15	14	13	8	7	14	10	7	6	11	11	8	6	7	10	14	6	9	11	7	9	7	8	8	12	5	14	10	9	8	11	6	13	5	12	10	12	8	10	11	11	12	7	12	13	13	11	11	14	11	11	10	8	9	8	13	8	14	13	10	13	12	10	12	10	12	6	7	7	8	8	7	6	11	14	7	8	10	9	13	9	7	6	12	7	11	13	9	13	5	10	7	14	12	13	5	8	8	15	7	11	12	15	9	12	10	9	11	15	8	11	14	6	9	7	9	10	14	14	15	9	9	9	13	6	7	11	14	9	12	11	10	15	10	11	7	5	12	8	11	7	12	14	12	13	12	14	14	6	7	8	13	9	9	10	10	11	6	14	6	14	13	8	13	6	14	13	9	5	12	7	10	10	6	10	8	12	13	9	7	7	11	13	12	11	10	8	6	7	7	11	15	11	13	12	8	12	7	15	14	6	15	12	13	13	15	13	10	11	10	8	13	13	6	14	11	5	9	15	14	8	13	12	12	6	14	6	15	13	7	7	6	6	12	13	12	6	5	6	8	15	15	13	13	6	15	11	11	11	8	7	12	13	6	12	13	14	10	11	13	6	15	8	10	8	12	12	14	12	7	10	6	13	11	13	11	14	8	8	14	15	8	15	8	11	12	13	13	14	5	14	12	10	14	11	6	10	6	11	6	10	5	9	12	9	7	8	6	10	5	10	6	7	14	10	8	14	5	5	5	13	9	11	9	5	11	6	14	11	13	14	10	8	14	14	8	6	11	14	5	13	11	8	11	13	12	6	15	10	11	10	10	14	10	12	5	15	13	13	12	14	10	7	13	6	9	8	15	8	7	12	11	8	6	9	6	8	9	11	8	6	7	5	15	15	12	12	12	13	5	11	12	5	13	9	12	6	12	9	5	9	12
44	43	45	43	44	47	44	50	41	43	45	49	45	50	44	47	48	46	46	44	42	46	44	46	45	43	50	50	46	44	45	44	50	42	41	49	45	42	48	48	44	42	47	42	44	41	41	48	42	50	46	50	46	48	44	41	48	50	43	49	49	41	47	43	46	41	47	44	51	49	44	46	42	49	41	44	43	46	48	50	48	49	49	42	47	44	41	46	43	46	47	50	50	42	48	45	45	47	49	42	50	48	43	42	42	44	48	50	48	41	50	43	45	48	50	44	48	44	47	42	45	50	51	46	51	43	49	48	43	48	49	44	45	50	49	49	41	51	49	45	45	43	41	47	45	48	42	50	49	44	46	49	45	46	47	41	44	50	48	44	46	46	47	49	47	49	51	47	45	47	48	49	49	45	49	50	41	47	47	41	50	41	43	41	49	43	51	42	46	51	44	47	50	50	46	45	50	45	45	48	45	43	50	47	46	44	46	47	50	44	46	48	45	47	41	46	47	42	46	44	46	46	50	42	49	47	42	42	45	45	42	42	50	49	43	49	42	49	45	49	48	49	44	41	45	42	47	44	48	49	47	46	47	45	41	46	45	45	47	48	46	51	43	50	48	42	50	43	48	44	46	44	47	44	48	46	45	46	46	42	49	46	47	47	50	46	43	47	50	45	41	41	49	46	50	48	44	42	49	47	45	49	44	50	46	51	44	50	43	49	47	51	45	45	48	42	45	46	46	45	50	50	41	49	42	48	51	45	43	43	44	47	49	46	48	42	47	41	45	51	51	49	41	46	42	45	46	49	49	46	49	47	43	50	49	48	48	46	47	46	44	45	41	50	47	50	49	50	48	45	46	41	42	46	47	47	45	49	44	48	47	44	44	49	48	51	43	43	42	49	48	44	42	43	46	48	47	51	50	44	42	44	48	43	47	44	48	50	42	46	41	48	50	49	41	43	48	42	49	50	42	42	50	51	44	42	45	46	47	48	45	45	46	49	49	50	47	45	42	45	45	47	46	46	50	49	43	49	48	45	51	43	49	46	50	42	42	43	47	47	46	43	49	49	46	42	49	42	41	47	46	44	49	49	50	45	42	45	49	51	43	44	43	42	44	46	45	48	44	49	49	51	46	48	41	47	49	42	46	50	45	42	43	47	42	48	45	43	48	47	44	45	51	51	48	47	51	44	43	44	42	47	42	47	46	49	49	43	47	49	42	45	49	47	50	45	44	44	50	47	51	46	47	46	43	46	42	41	51	47	45	48	45	43	50	47	42	41	48	41	50	48	41	46	49	45	46	48	42	42	42	48	45	43	46	44	44	51	43	43	46	44	46	49	42	47	43	46	46	50	51	44	45	46	45	48	42	47	48	50	42	47	45	50	45	46	50	45	42	42	46	49	42	41	43	49	42	44	50	48	46	46	45	48	50	45	45	42	48	42	48	51	44	45	45	47	48	48	48	51	48	44	43	47	47	49	50	47	44	43	51	45	43	47	48	46	46	50	49	42	45	46	47	49	42	50	51	46	49	50	45	46	46	50	43	43	45	42	48	48	46	43	43	50	43	42	49	46	47	50	45	50	45	41	50	43	45	41	50	45	48	42	47	44	47	44	49	44	47	41	48	43	43	43	51	48	50	44	43	46	49	47	42	47	42	49	44	48	45	46	49	46	42	50	46	47	41	43	51	49	44	49	45	45	45	42	50	41	46	51	46	42	48	49	43	50	42	44	42	42	50	43	47	46	42	47	49	44	46	42	46	50	43	42	45	49	49	50	50	41	42	46	46	44	42	44	43	45	44	49	48	50	50	44	51	50	50	49	49	48
wj																																																																																																																																																																																																																																																																																																																																																																																																																																																																																																																																																																																																																																																																																																																																																																																																																															
63	61	72	17	39	81	13	65	98	75	36	42	86	11	13	87	39	4	44	23	90	48	9	56	33	91	7	74	46	51	15	35	38	16	9	25	24	68	26	24	85	15	24	65	54	41	41	64	71	55	40	56	25	70	50	58	44	35	4	9	62	43	99	87	95	69	72	44	99	76	97	4	94	61	69	68	21	75	13	59	4	65	5	81	11	89	46	11	32	15	24	23	10	67	32	56	26	34	60	91	89	74	76	74	73	38	42	64	97	92	25	42	90	40	9	26	22	71	45	89	76	23	83	21	48	22	71	94	86	48	15	21	88	29	4	16	42	11	17	12	16	97	32	43	59	56	30	46	33	35	55	28	26	81	15	89	70	76	19	4	19	61	34	60	86	93	62	46	77	71	71	11	33	29	58	8	95	32	26	34	84	41	39	6	59	15	35	92	6	70	58	43	27	98	54	6	5	96	90	21	56	1	30	41	11	10	3	15	73	46	82	7	47	95	9	45	15	30	75	52	32	9	69	68	37	99	7	90	58	91	42	16	67	69	80	93	74	47	72	61	70	63	82	71	29	71	13	77	67	35	48	53	37	83	84	94	66	16	60	29	9	51	51	14	83	45	68	97	6	48	13	76	36	17	90	96	79	93	71	20	94	35	18	77	10	72	37	46	92	80	9	84	77	81	51	19	7	16	9	13	13	31	2	88	35	6	43	93	22	53	74	86	42	27	17	11	80	40	96	47	60	76	76	29	67	16	32	27	83	29	49	72	85	99	8	59	36	19	87	72	13	83	93	96	27	83	59	75	35	50	38	31	78	35	46	81	50	31	65	40	57	79	89	82	21	50	7	87	60	3	31	53	82	68	92	66	5	77	44	28	62	89	73	50	13	3	52	21	76	62	98	93	23	24	24	57	8	37	80	81	46	54	35	37	92	9	76	24	78	78	63	98	26	91	81	4	69	95	12	62	44	52	31	27	16	60	62	51	24	51	46	91	22	52	98	35	72	21	36	80	52	47	20	71	74	81	4	91	36	84	77	49	44	68	34	58	10	15	45	49	95	6	45	73	84	23	33	64	4	45	25	33	3	1	41	14	64	70	46	9	22	26	57	14	48	29	5	52	64	46	28	59	31	69	2	40	97	84	90	33	48	8	5	90	39	5	4	34	39	3	70	55	2	80	95	50	16	30	10	74	5	45	61	45	50	12	19	51	99	97	95	23	93	5	10	99	54	29	46	35	12	77	21	25	94	36	84	86	27	80	66	52	30	72	75	52	56	69	37	71	31	83	8	78	50	85	79	97	75	50	70	61	34	97	76	5	32	43	33	88	26	49	50	35	17	82	84	9	2	14	62	17	58	53	76	19	64	98	69	71	93	13	52	90	24	74	67	50	13	6	30	61	21	23	67	91	62	82	58	38	50	24	71	79	28	33	88	74	86	49	12	48	48	20	32	60	28	92	73	97	98	74	56	85	3	83	14	47	25	98	30	3	52	29	58	92	19	47	30	87	77	30	41	78	91	14	84	50	30	91	82	82	90	84	95	89	51	63	20	76	71	63	62	92	75	11	18	31	43	7	64	14	28	94	56	85	33	94	72	40	40	69	77	81	50	63	83	33	98	54	95	20	2	67	31	28	5	84	68	63	44	66	17	64	91	39	56	25	2	44	47	56	43	26	31	48	54	13	61	36	45	53	79	2	68	56	13	45	96	49	28	92	6	48	95	50	67	38	30	91	73	10	69	5	95	42	45	79	49	16	87	92	10	15	12	89	51	64	79	92	69	9	66	18	7	18	85	99	46	58	34	96	17	20	68	71	70	40	57	78
