pij																																																																																																																																																																																																																																																																																																																																																																																																																																																																																																																																																																																																																																																																																																																																																																																																																																																																																																																																																																																																																																							
97	22	23	69	41	24	81	37	100	15	26	14	21	24	97	48	36	22	16	82	43	44	53	82	66	21	30	73	66	68	29	10	21	79	45	77	91	43	71	62	56	51	64	61	25	36	69	61	53	50	32	15	28	31	31	41	86	25	46	40	92	56	18	34	94	22	14	51	40	54	63	24	94	44	18	95	93	86	25	45	67	27	36	46	50	46	50	14	30	11	30	22	22	85	93	43	24	69	57	38	21	39	15	41	27	62	32	74	84	93	69	13	75	92	58	30	49	51	53	24	22	50	38	83	63	47	60	29	63	46	40	67	97	95	13	78	89	16	27	49	68	32	19	37	95	65	70	53	19	25	29	96	34	20	21	26	36	59	89	83	15	15	84	42	12	83	71	33	73	43	64	99	68	81	89	22	70	65	24	15	89	48	13	81	37	55	26	61	22	31	25	23	79	52	42	97	21	40	71	22	63	53	51	92	47	69	84	97	40	17	19	42	86	13	55	34	33	80	14	65	49	62	37	52	93	53	92	26	35	71	57	35	59	36	47	10	53	38	64	67	26	32	26	56	88	61	24	69	55	63	50	30	22	89	28	26	95	69	79	92	56	22	80	14	43	59	33	29	80	96	66	18	54	46	20	86	24	41	98	23	64	98	100	42	36	93	76	76	81	45	64	20	95	62	39	81	86	53	77	35	21	54	99	39	58	14	17	78	90	68	87	66	44	15	59	30	69	54	86	76	30	27	69	86	98	87	71	53	83	82	16	23	46	67	69	70	85	64	71	37	19	21	44	84	28	65	35	35	99	62	67	44	37	15	70	76	83	52	62	44	59	15	44	10	18	45	20	68	59	64	35	33	19	48	63	81	79	91	30	80	99	89	33	46	41	33	26	66	65	82	19	10	95	98	32	35	87	37	42	49	24	94	45	99	60	61	80	72	82	37	82	27	11	30	28	40	90	69	69	95	66	81	50	91	11	81	19	26	58	67	48	33	55	75	23	70	92	84	10	91	83	99	39	28	72	39	83	40	88	71	39	25	48	29	47	15	79	23	67	59	15	87	79	47	69	47	41	95	37	61	91	47	71	27	63	30	83	57	51	38	85	77	97	13	47	67	33	75	95	95	61	52	95	63	84	57	95	82	58	51	69	84	95	81	39	42	44	67	13	71	78	90	94	56	54	65	13	73	80	82	53	77	24	89	71	87	11	15	49	43	26	57	54	59	53	40	95	53	93	60	81	54	24	13	25	52	11	28	98	49	96	24	28	59	28	29	46	61	66	93	12	89	40	72	15	21	39	73	42	74	35	65	57	68	39	83	93	86	97	13	28	42	36	73	11	68	80	14	65	32	76	18	14	49	11	46	59	32	86	54	47	66	88	88	98	77	69	65	48	59	40	58	16	65	78	27	53	58	92	43	22	15	83	94	69	74	39	65	73	57	41	93	46	43	48	91	39	15	67	15	63	11	59	37	99	88	69	23	11	58	52	31	11	94	25	74	81	83	97	23	56	45	30	74	12	11	76	49	71	42	56	11	18	39	100	78	28	12	27	22	69	70	88	38	37	44	73	33	13	98	91	79	24	52	67	25	54	52	24	23	94	33	44	28	52	68	73	39	41	32	70	37	85	44	93	52	57	86	26	84	18	19	25	26	26	21	59	59	37	99	98	16	88	16	48	56	25	47	19	78	66	100	99	89	29	87	69	31	28	38	20	71	53	72	44	67	93	17	32	83	22	10	22	77	14	73	54	77	99	69	34	67	56	81	12	59	58	39	71	78	98	61	67	33	21	20	45	30	73	14	68	46	45	14	91	56	14	75	24	53	80	35	80	37	97	16	21	58	49	17	96	37	60	34	69	72	24	39	14	65	49	98	53	83	46	81	66	86	96	24	78	19	72	59	32	50	79	56	43	29	61	48	40	88	78	67	26	84	55	66	11	27	16	98	78	46	47	70	41	90	35	98	61	11	78	53	53	44	60	72	59	59	79	65	53	82	93	53	33	87	81	83	33	18	13	71	54	16	86	44	62	62	67	19	65	15	85	12	27	29	55	68	25	17	29	85	89	36	81	77	80	68	50	31	36	77	70	20	24	80	59	67	48	11	36	100	19	45	96	39	57	51	62	11	43	82	61	45	48	28	99	22	53	14	67	54	21	24	65	92	84	56	66	35	98	18	73	83	59	96	82	49	46	26	84	19	35	31	26	28	64	71	96	29	58	81	89	80	62	64	70	71	63	80	71	50	69	61	76	84	31	32	82	69	40	91	80	78	77	18
82	16	96	39	78	19	41	65	24	16	93	66	40	67	45	87	51	78	90	59	10	91	92	20	73	27	66	39	17	55	30	60	58	79	94	55	12	91	34	16	64	79	47	68	74	35	44	48	100	76	63	80	85	27	64	91	19	44	74	12	60	40	40	59	48	57	18	84	21	85	97	31	47	69	90	73	87	90	34	23	31	59	82	77	92	63	97	71	12	20	94	93	62	53	37	62	52	25	15	71	56	12	99	47	69	19	48	71	55	63	36	72	25	49	94	39	49	34	98	65	50	95	53	51	22	61	33	53	93	23	15	57	98	75	92	94	42	46	30	100	20	40	90	38	65	52	48	40	89	74	30	78	56	31	33	67	54	58	95	19	44	19	61	22	50	28	53	81	90	88	41	43	34	13	43	96	54	23	28	16	21	13	64	77	37	95	46	69	11	73	38	35	55	58	83	69	83	69	10	19	58	33	23	51	55	98	54	63	65	61	10	93	27	65	92	82	28	59	91	19	10	76	13	77	36	82	52	63	36	92	97	54	75	47	25	98	93	13	66	45	84	30	49	28	65	50	95	25	52	10	37	12	35	99	33	70	57	36	64	36	79	56	89	68	11	15	63	44	93	85	73	61	27	28	42	82	30	88	33	29	47	83	45	87	63	99	15	75	53	95	94	55	34	96	25	93	93	23	42	72	39	58	70	92	35	52	42	26	84	58	28	14	46	91	63	57	15	29	88	38	54	31	27	15	23	11	51	30	49	53	61	48	98	39	32	14	85	65	84	76	94	68	49	38	12	69	41	74	74	46	65	62	51	96	11	40	95	74	43	24	89	39	83	25	33	87	26	38	55	71	69	41	78	76	41	75	67	78	78	95	80	91	61	92	64	85	11	77	95	54	75	11	93	12	24	16	24	63	77	92	69	89	17	56	38	65	68	92	37	12	67	83	12	45	18	58	68	24	66	99	53	58	79	22	49	16	85	41	25	25	65	32	27	48	93	36	16	21	38	20	36	15	88	64	89	100	76	17	24	92	51	37	24	89	71	37	47	93	64	83	81	94	74	98	94	42	49	80	36	36	77	63	15	38	31	64	17	25	32	95	27	22	98	50	19	12	80	43	93	82	72	59	96	79	12	40	45	74	91	43	70	13	43	46	26	25	46	65	53	76	48	73	72	60	95	62	19	87	97	88	63	75	54	46	23	51	50	18	45	81	34	38	51	47	79	18	28	29	94	66	22	42	59	25	57	37	78	15	86	98	50	16	11	33	56	63	69	16	74	67	14	80	91	93	72	85	28	91	63	60	52	76	48	42	20	52	96	87	50	20	15	90	33	60	39	92	23	97	28	11	59	83	46	57	83	18	18	36	48	15	50	36	46	72	92	27	38	64	70	30	84	78	38	66	81	61	25	72	14	11	41	47	49	95	35	78	63	11	32	61	28	43	71	59	30	68	46	97	75	20	32	57	66	100	81	81	66	19	50	27	69	39	26	50	24	67	32	18	61	44	30	98	40	52	58	47	11	15	24	87	49	22	68	41	27	93	84	52	31	75	43	80	77	84	26	68	46	87	53	89	51	71	82	75	71	79	11	58	65	14	91	81	33	35	49	86	46	62	52	85	91	18	46	37	89	66	33	97	40	59	72	79	98	38	74	39	93	11	27	29	51	46	17	54	42	80	50	54	45	61	27	23	99	74	24	55	38	92	54	94	84	56	59	39	45	99	20	17	47	59	91	92	27	94	94	91	77	20	94	69	58	90	46	87	25	20	85	58	42	13	77	81	66	14	49	35	58	20	60	45	69	66	12	57	74	93	40	18	85	59	36	98	20	73	96	57	17	11	82	70	68	97	43	16	40	92	24	56	55	41	78	62	69	87	23	20	25	28	56	49	61	87	88	32	96	66	81	93	24	17	39	30	49	13	46	86	57	98	45	11	64	11	97	39	46	23	72	39	69	64	93	86	50	84	84	33	74	66	47	77	70	87	51	47	39	30	47	84	25	15	68	40	43	13	27	90	32	29	90	75	44	52	52	52	85	76	70	63	50	99	60	89	41	73	47	26	64	53	57	62	34	86	29	88	21	44	64	35	15	97	61	80	82	89	12	79	33	42	98	27	75	12	40	26	10	65	40	27	35	99	33	31	77	33	37	94	84	66	95	26	47	68	52	85	49	36	33	86	66	97	42	94	76	45	27	30	40	76	37	76	66	88	85	14	26	73	18	30	47	43	22	34	57	76	61	29	77	23	73	51	86	42	55	79	14	55	53	32	77	27
93	77	33	90	46	93	38	96	63	39	85	99	18	95	52	11	60	48	85	70	40	92	81	48	33	28	55	74	20	76	76	90	83	89	84	72	26	21	36	26	69	42	13	97	89	74	77	34	80	92	44	78	53	19	55	47	58	59	94	66	28	61	15	87	66	63	72	15	95	74	22	69	68	22	16	56	40	52	22	88	81	74	13	98	77	24	17	48	43	99	56	27	17	27	67	32	30	30	45	31	52	66	79	95	16	43	38	38	75	61	62	40	65	67	27	62	80	42	69	92	91	40	66	94	65	34	31	86	70	43	87	17	67	23	60	55	27	42	77	34	63	54	36	64	66	14	60	69	95	97	80	87	84	16	50	39	50	18	90	96	65	33	14	59	24	50	19	90	31	75	95	92	17	21	46	93	57	67	74	76	83	64	36	87	53	15	75	58	72	73	74	86	99	96	14	52	91	57	24	76	35	52	79	68	87	37	94	60	22	28	27	19	42	54	31	26	47	98	52	96	71	48	57	75	71	63	23	35	59	33	11	46	86	75	26	17	50	76	26	47	70	91	50	77	85	71	36	43	75	75	21	21	22	26	86	86	16	98	86	73	78	33	86	62	12	70	81	75	38	39	16	84	53	18	44	23	98	88	41	83	50	53	11	67	59	68	71	87	62	44	31	56	75	45	91	36	70	78	68	77	11	38	50	43	38	21	22	39	49	78	26	92	53	15	70	84	57	41	65	25	52	30	96	33	41	52	54	63	26	14	55	24	75	79	77	30	92	53	84	54	55	19	29	65	51	77	77	77	18	95	64	91	15	75	34	17	24	13	74	97	92	85	42	57	86	94	76	85	24	90	69	26	86	59	38	57	52	45	26	88	49	86	42	22	40	20	73	41	15	24	92	88	44	22	87	79	18	12	71	83	68	33	59	83	42	36	41	99	14	50	43	45	14	39	14	46	74	56	53	19	91	36	13	26	47	13	66	22	94	60	98	30	77	80	25	50	64	54	91	95	41	58	19	72	62	11	16	66	48	11	14	67	18	38	20	85	83	47	28	18	18	71	84	12	11	65	43	52	85	95	19	16	88	38	58	99	54	35	77	68	78	65	23	84	88	86	19	71	85	51	41	21	34	70	38	37	97	87	33	41	35	15	14	21	56	42	63	60	81	57	23	59	97	60	27	52	71	37	82	72	62	27	46	76	83	86	34	31	17	29	69	52	27	96	22	95	54	15	56	81	29	23	27	44	85	40	17	87	27	71	66	33	45	22	62	49	32	32	34	55	85	95	16	57	82	29	89	40	43	91	40	46	71	98	79	31	36	97	46	68	72	80	63	25	97	48	42	77	66	77	100	36	71	49	65	23	12	86	37	12	20	82	60	35	44	63	66	49	48	73	72	73	15	88	27	31	78	16	76	78	80	77	42	54	85	37	44	30	66	32	72	72	18	78	46	78	84	11	20	74	20	91	66	92	43	92	79	90	69	81	86	63	40	23	77	23	49	46	74	17	34	84	49	74	30	80	12	34	57	88	50	19	40	75	21	17	13	67	93	13	53	90	88	11	96	52	59	40	46	22	67	42	75	71	18	89	55	45	94	70	12	81	25	91	12	18	16	41	43	95	92	72	39	58	88	64	73	20	90	15	55	47	71	11	66	56	45	40	72	84	10	27	95	66	57	12	65	36	37	81	19	16	96	14	26	61	63	87	33	99	42	95	60	20	61	27	89	66	90	29	62	81	45	72	48	61	12	47	71	12	41	31	58	74	57	55	68	27	62	30	90	20	71	57	50	52	28	90	47	16	12	29	67	48	71	84	98	49	31	47	83	69	81	88	22	76	63	22	74	94	96	40	62	96	21	75	75	62	11	30	65	84	65	52	38	100	13	46	29	40	66	72	37	28	47	30	70	92	75	71	71	20	59	11	44	74	86	99	38	29	31	75	10	87	43	20	45	17	49	66	98	26	44	11	45	21	11	86	13	93	68	71	16	62	31	56	15	76	53	32	43	75	97	64	10	57	53	99	86	93	49	51	79	31	44	13	61	51	26	15	85	44	53	34	29	35	32	43	55	25	49	24	18	82	16	47	79	17	22	38	54	14	100	86	53	97	55	50	52	21	65	69	14	60	14	58	11	72	42	46	36	78	24	21	14	98	38	28	29	47	69	100	78	63	37	45	62	50	58	64	64	97	66	54	43	63	52	86	48	74	21	71	10	41	58	37	41	23	87	77	83	79	69	52	61	71	93	75	23	36	27	27	45	58	99	54	18	47	40	21
60	23	13	29	84	80	95	11	26	69	90	20	85	93	93	39	17	44	48	70	76	81	18	10	44	94	17	51	71	60	71	68	25	81	63	39	70	73	61	20	62	79	72	85	97	58	83	20	12	63	18	32	93	61	35	68	55	68	14	53	37	74	85	19	59	50	23	44	20	48	94	14	34	41	61	13	59	59	37	50	66	68	48	99	55	46	39	35	98	88	65	16	99	53	63	43	31	38	21	91	15	93	79	34	35	55	48	40	95	90	100	48	84	50	40	46	92	44	89	95	72	17	83	43	64	96	64	68	87	96	64	32	54	92	27	92	22	81	47	29	85	50	40	15	37	56	14	15	20	49	15	36	51	15	99	78	24	46	80	68	79	65	70	84	10	98	49	63	68	18	22	40	87	65	41	72	97	76	80	34	100	52	66	16	72	22	93	73	54	77	73	53	43	46	37	33	73	73	15	29	97	66	46	86	78	50	89	93	40	72	77	20	11	25	72	52	59	77	42	32	52	58	31	80	45	78	19	49	62	16	32	80	28	60	91	60	68	94	28	75	83	28	41	24	59	71	72	43	44	19	26	37	65	46	50	12	35	29	19	42	89	81	55	99	33	58	20	46	60	44	31	79	97	30	57	67	13	52	60	64	13	33	33	60	72	56	46	48	91	67	26	83	12	50	91	92	30	32	59	78	57	78	73	91	70	13	97	29	31	38	55	36	65	90	10	35	20	52	75	86	12	53	55	41	11	38	65	60	31	20	67	81	78	99	23	61	71	74	47	19	60	19	57	50	49	81	48	99	66	87	81	65	52	22	73	81	98	64	34	36	88	43	22	71	66	19	91	82	20	47	76	33	69	25	16	53	89	20	43	14	77	12	28	26	76	77	69	93	56	71	52	65	89	64	37	47	87	41	100	24	76	11	30	71	31	41	74	57	94	59	20	44	92	58	22	46	85	96	14	12	99	95	26	62	79	36	72	59	11	81	38	80	67	62	93	51	24	81	72	72	45	48	37	35	99	30	42	15	82	88	81	49	67	35	17	88	61	63	94	13	50	47	95	79	14	58	21	67	22	66	72	53	60	55	82	17	10	43	49	24	25	98	38	85	30	91	25	91	82	73	98	53	65	77	58	14	55	67	59	45	11	18	56	34	31	12	86	50	48	74	97	86	11	44	17	94	14	94	27	94	40	21	52	98	83	99	22	19	90	14	76	57	24	76	16	72	34	11	92	29	51	58	65	84	62	70	67	92	41	50	42	36	100	10	17	74	20	90	80	94	93	67	87	81	31	47	43	10	55	47	57	32	40	49	39	53	29	47	28	99	56	69	49	20	49	41	37	26	23	54	27	13	76	66	58	65	21	85	52	13	68	41	65	96	20	22	17	28	26	31	75	45	31	22	67	32	93	20	77	16	39	54	53	80	26	27	58	65	58	55	56	68	92	54	50	41	78	31	77	13	80	31	21	22	80	15	19	29	64	29	31	21	28	64	30	48	97	35	31	99	40	46	16	78	91	28	77	72	29	39	32	67	29	50	58	28	75	91	65	88	50	23	81	100	58	24	36	73	79	25	14	95	56	18	27	39	16	72	88	75	70	31	78	36	99	72	89	50	52	76	38	60	67	87	65	49	83	50	15	58	91	15	21	64	27	36	76	73	72	42	46	70	56	23	91	45	34	79	89	100	61	56	51	20	61	76	38	18	46	40	67	40	36	14	58	74	71	42	77	89	78	33	41	63	64	79	60	83	74	61	29	49	61	96	95	84	35	99	49	25	25	42	80	98	79	46	85	32	37	38	74	67	42	66	22	96	18	93	86	29	27	18	45	13	67	68	16	85	16	79	18	79	20	74	23	90	42	74	13	13	65	99	46	81	49	86	66	83	64	31	66	67	32	34	73	42	54	63	32	42	97	13	88	46	40	76	50	22	63	13	93	19	23	77	85	71	11	54	78	36	14	28	39	98	73	64	98	56	34	72	89	51	92	100	68	45	66	90	38	29	59	74	65	24	84	28	83	57	70	81	100	35	84	16	95	85	63	46	93	42	81	81	20	83	97	32	98	15	94	31	55	28	86	56	60	84	48	65	60	24	79	11	20	69	69	95	69	61	88	48	97	39	83	99	70	44	33	59	62	47	79	32	24	35	74	30	83	92	42	95	67	34	98	38	38	46	85	69	58	86	71	12	71	16	21	40	38	60	84	91	28	90	49	36	70	60	34	51	45	88	81	42	40	74	56	93	35	48	53	89	66	41	73	79	77	83	45	87	73	42
12	74	71	13	46	10	77	69	39	73	70	55	27	21	22	67	72	90	70	66	85	93	68	84	71	87	74	77	66	29	67	69	36	92	86	25	12	72	80	94	61	83	33	68	83	32	65	75	49	72	54	64	14	45	28	99	73	77	26	94	67	86	42	15	52	71	87	16	10	14	50	56	40	39	24	84	48	98	61	17	48	60	35	79	84	48	47	85	37	95	91	86	34	66	55	12	32	15	42	48	29	13	87	83	75	60	51	16	92	89	54	87	20	81	60	21	44	74	57	72	68	95	47	16	70	46	96	25	11	38	80	92	23	54	56	60	50	50	70	52	48	98	66	66	67	90	76	21	31	63	89	47	96	45	71	33	11	71	22	21	77	77	81	61	51	96	33	85	60	47	87	68	68	35	84	19	54	79	21	77	30	10	29	96	28	80	93	67	35	94	68	92	56	37	43	34	20	52	52	91	97	63	45	79	15	89	90	12	63	36	36	96	70	87	91	62	66	82	52	45	56	62	92	77	22	26	50	97	53	62	59	60	56	32	68	83	48	77	84	41	85	66	65	47	66	33	28	61	58	89	54	61	63	52	71	74	95	80	49	62	52	86	86	40	60	61	57	27	71	29	66	96	91	75	40	95	54	48	54	81	30	21	18	47	99	36	13	77	67	15	94	80	55	22	18	60	90	98	95	43	90	25	19	23	19	14	36	91	40	86	16	99	62	31	34	79	23	29	16	33	16	47	18	82	82	48	89	53	73	28	17	16	93	15	84	77	14	35	44	75	85	46	72	67	89	73	79	19	19	64	96	33	42	69	49	82	45	41	73	76	28	63	45	42	96	11	16	19	23	91	61	76	95	54	74	53	71	20	61	75	40	89	12	86	81	83	37	75	80	29	29	11	30	30	27	97	37	68	29	26	45	18	75	30	42	68	49	74	94	40	21	36	56	23	40	63	29	33	28	34	53	100	60	46	37	61	67	14	56	77	84	84	17	37	66	27	74	48	30	80	29	63	71	50	67	26	46	23	39	57	63	34	60	68	79	27	85	98	29	58	39	16	18	20	19	66	72	55	15	42	30	50	74	50	100	97	85	81	20	39	28	16	32	56	68	38	99	74	26	87	70	31	38	43	85	46	23	98	61	53	12	14	67	86	14	42	35	40	25	32	34	42	33	47	58	80	18	66	60	54	66	77	94	98	48	91	40	58	40	57	56	12	91	77	17	64	76	86	68	51	88	92	98	91	11	22	47	39	34	17	46	57	65	21	80	98	67	15	57	71	57	93	41	58	48	43	13	80	21	71	95	71	98	26	93	11	90	13	13	40	65	53	66	80	39	13	77	28	63	84	49	32	46	47	90	95	29	44	92	84	13	30	22	56	51	22	48	55	50	70	75	80	59	84	51	88	83	65	42	83	36	27	75	33	92	18	86	19	38	27	47	99	20	52	68	93	40	91	51	60	81	90	10	23	68	54	44	30	24	35	48	89	53	68	97	84	82	42	39	52	21	86	23	12	72	54	73	82	30	91	44	90	51	14	75	15	30	34	53	27	41	62	73	27	57	43	26	12	75	83	29	39	22	36	64	100	52	44	48	94	49	42	72	48	55	16	69	48	16	66	12	44	92	32	21	87	34	94	89	51	63	73	38	79	82	78	90	63	65	16	15	45	44	73	50	80	29	25	83	83	69	40	12	21	76	14	49	71	51	43	33	99	59	100	25	23	76	98	11	31	63	25	16	52	80	34	72	96	10	44	75	30	33	25	71	32	20	21	75	45	44	92	91	30	27	95	67	21	74	42	92	68	17	29	77	30	96	71	14	75	95	39	22	67	11	36	84	60	75	94	75	83	51	37	49	73	54	64	71	100	77	35	76	85	63	73	58	45	100	83	14	86	68	39	24	30	68	35	90	62	93	69	47	48	96	98	67	89	36	67	11	19	74	83	55	95	80	70	97	39	40	55	66	68	13	27	73	65	30	31	30	22	63	55	78	42	15	27	89	40	31	17	73	39	61	37	68	16	12	73	83	26	96	57	35	57	98	31	41	92	31	48	28	65	71	45	46	68	53	62	73	75	13	22	43	73	21	97	73	85	14	11	45	75	55	100	39	61	70	49	28	23	78	80	34	64	22	43	53	86	34	61	57	43	45	25	93	41	99	82	58	75	13	97	64	86	74	58	70	41	35	51	13	29	38	37	74	81	75	25	78	25	72	74	41	89	76	25	100	42	90	16	70	49	51	27	39	43	97	10	54	15	19	57	50	31	25	66	60	51
26	78	63	99	51	84	64	89	73	49	69	57	65	52	34	59	26	54	91	39	13	43	24	81	99	33	82	95	55	20	41	41	67	29	56	98	69	60	69	27	42	32	13	91	72	10	80	28	95	17	27	59	79	47	99	82	31	91	28	79	11	31	14	74	67	46	26	56	15	55	99	11	63	79	96	95	34	11	33	81	82	49	29	94	71	24	61	78	87	97	31	12	83	27	60	94	11	89	93	99	34	65	19	36	68	71	93	75	95	32	16	62	30	61	100	66	25	47	56	52	28	48	92	13	70	57	89	81	49	56	35	82	96	91	17	21	47	37	81	45	94	42	69	54	11	48	22	46	92	29	39	30	57	35	92	79	91	28	99	37	25	13	56	84	100	79	17	32	95	64	29	21	91	93	14	62	83	60	70	62	10	25	74	38	52	69	19	20	62	51	77	51	46	99	14	15	62	64	93	93	53	40	22	36	31	71	77	60	53	32	99	27	51	94	14	35	42	61	63	95	82	45	41	82	99	78	66	40	10	96	55	68	25	82	86	62	57	84	91	81	45	88	45	22	10	82	56	39	76	33	79	44	66	27	48	47	70	80	80	30	98	24	66	16	45	36	47	74	59	26	84	66	82	27	49	24	61	96	25	98	94	56	34	74	18	70	45	19	100	93	18	87	51	69	87	32	79	37	18	37	51	16	23	35	70	12	81	90	54	40	68	37	58	37	96	71	56	16	46	60	88	64	10	87	33	74	17	87	69	90	81	98	27	74	62	60	35	41	84	74	55	61	25	40	31	91	65	95	77	34	84	21	77	89	58	38	20	84	84	81	44	24	70	70	90	52	90	17	96	67	72	21	47	49	82	79	22	20	54	81	43	90	17	52	85	20	37	99	65	80	34	34	23	39	96	40	31	64	75	90	34	89	14	11	78	29	88	82	49	77	79	43	56	85	64	15	77	34	84	81	21	51	27	33	95	78	53	39	76	18	37	91	11	34	19	69	60	49	57	85	28	79	78	51	13	57	14	51	27	52	74	59	19	96	47	74	16	60	27	94	97	63	85	75	21	79	64	91	62	86	39	19	44	86	80	51	86	91	79	83	71	88	26	88	17	88	60	69	66	80	83	22	39	79	11	23	76	16	59	20	76	98	54	60	60	99	84	85	38	78	96	84	54	67	14	31	82	65	67	18	43	82	58	61	65	45	38	38	100	57	29	86	17	86	12	76	26	26	45	38	33	56	64	76	33	37	70	56	40	21	84	57	34	65	51	60	73	15	23	37	75	97	83	94	41	46	26	46	37	18	48	77	79	13	82	52	47	11	14	83	73	87	29	58	38	24	32	57	69	12	30	15	65	97	32	54	32	54	45	50	26	86	30	69	70	25	72	60	65	97	84	62	52	30	45	78	98	23	37	85	21	98	43	75	52	17	73	84	68	27	35	56	88	41	19	36	19	85	100	34	66	20	92	58	75	43	12	94	79	50	18	48	66	17	17	25	31	82	68	61	49	66	14	75	57	83	96	10	92	37	98	93	17	61	77	100	30	12	58	28	93	80	36	13	51	77	52	75	50	15	14	55	19	83	14	27	12	74	12	41	23	61	39	63	47	42	96	45	71	73	24	43	12	88	49	77	96	79	48	29	70	40	51	81	54	94	69	76	96	23	33	33	88	18	54	29	27	54	33	32	84	94	14	17	76	47	38	19	76	73	92	19	48	27	20	73	26	24	21	13	47	52	15	95	36	19	81	26	59	74	38	45	24	80	30	41	37	26	46	65	56	24	19	79	24	100	53	89	87	41	85	87	35	29	54	30	38	50	18	13	95	22	62	75	48	77	84	52	26	43	71	89	50	72	18	92	15	37	78	45	54	23	80	48	31	21	18	25	66	69	98	62	50	69	20	81	35	24	19	38	21	25	48	52	67	77	48	59	59	44	19	86	50	22	67	51	65	84	53	18	66	39	23	33	42	32	19	71	82	38	13	97	92	24	68	53	15	76	91	65	11	14	80	56	14	35	53	14	13	54	46	98	98	68	45	39	93	20	97	69	29	80	49	60	76	25	20	46	28	67	61	75	42	13	83	37	78	87	41	26	21	99	87	58	19	16	60	55	96	13	38	69	39	11	51	56	28	33	14	23	35	21	12	13	13	79	34	71	36	48	87	13	56	19	58	51	69	22	51	73	54	39	53	34	22	85	61	22	99	33	47	25	73	50	61	94	26	57	28	14	81	98	60	34	14	34	20	19	91	29	58	87	84	91	75	63	23	26	27	39
80	90	59	51	68	81	28	79	59	60	41	96	98	21	96	99	92	83	56	57	44	55	22	23	72	49	74	41	72	16	27	26	31	86	83	46	15	70	13	26	60	70	24	71	93	34	33	38	39	89	31	92	30	49	91	31	99	81	90	31	11	10	15	25	21	81	73	93	60	76	26	46	83	26	54	59	66	98	54	67	94	89	29	50	23	85	41	64	62	75	62	45	52	100	90	77	17	12	34	67	28	22	35	85	57	22	34	28	37	80	11	78	21	26	88	96	98	56	55	38	51	96	30	61	25	62	12	38	21	84	18	48	17	15	75	76	71	43	92	33	62	47	26	70	31	37	10	50	74	55	18	43	63	48	32	13	36	87	74	91	70	86	77	19	14	97	99	44	50	90	31	23	83	24	16	82	44	33	94	81	42	21	87	70	77	69	90	38	85	19	48	79	10	57	87	16	95	29	35	39	76	26	65	96	43	99	92	32	77	56	18	44	30	75	17	17	83	20	71	71	36	32	60	98	18	90	35	54	50	18	66	80	13	13	37	49	83	60	37	25	13	75	85	46	10	44	23	75	68	38	68	87	70	71	72	72	65	48	87	64	76	46	30	84	78	63	60	41	77	46	90	38	88	86	54	22	15	68	49	37	94	19	78	20	96	26	50	78	100	30	72	94	39	21	50	70	68	90	89	64	37	24	33	90	54	59	83	85	77	96	92	36	65	94	59	90	26	81	54	99	35	18	75	49	88	22	81	92	81	81	39	79	86	64	88	22	13	14	34	34	62	80	83	27	10	75	88	59	97	81	64	84	43	87	53	10	39	53	69	62	24	24	63	14	29	37	48	74	77	26	66	11	13	75	88	87	45	17	26	88	72	15	68	49	88	83	46	43	40	28	27	75	22	40	100	73	54	59	16	57	40	92	28	68	36	87	21	76	28	85	52	20	39	64	30	88	41	46	33	47	94	35	54	38	90	43	71	42	72	65	12	65	25	44	70	76	97	63	77	48	29	43	16	97	34	50	61	78	62	37	15	21	46	38	21	32	47	18	25	71	89	45	29	25	69	30	39	25	40	53	43	26	31	99	54	51	61	63	91	10	16	33	82	37	23	30	41	35	33	47	22	27	70	88	83	21	37	74	12	94	41	100	45	96	54	53	46	66	36	12	36	62	13	82	48	29	100	12	35	65	64	93	16	37	79	19	20	21	59	31	56	61	75	62	49	34	72	78	40	32	62	41	33	67	12	81	65	63	36	88	60	68	11	63	17	28	93	34	82	78	71	83	90	41	91	86	50	17	53	63	59	96	97	21	71	20	47	10	75	82	77	29	46	23	100	63	65	30	71	11	86	67	30	69	93	49	96	57	99	81	76	99	48	72	97	96	21	34	39	61	72	47	44	25	48	32	33	15	60	74	50	73	42	44	93	68	45	41	85	81	47	59	19	12	64	15	36	20	88	92	55	85	89	99	52	24	27	38	79	89	65	99	14	77	72	13	28	28	10	75	23	80	56	90	56	54	67	87	62	58	63	54	50	53	82	25	66	56	60	24	50	87	59	28	99	91	93	62	12	39	22	33	52	97	68	92	96	19	43	40	64	93	76	38	91	44	50	70	58	94	13	47	89	36	65	88	52	94	29	46	93	85	86	82	29	41	37	85	22	61	80	94	13	23	12	38	73	21	54	87	41	36	22	77	19	49	47	21	44	78	93	31	56	22	79	70	56	25	30	31	31	71	21	100	87	31	87	50	19	91	16	25	82	95	33	73	55	58	14	40	86	33	81	95	68	54	33	14	29	83	41	23	32	71	87	54	81	12	90	76	98	58	84	12	15	51	61	86	29	52	51	26	96	77	79	90	98	96	56	45	79	28	83	65	87	76	94	21	23	20	62	45	84	90	16	25	57	57	63	95	36	35	95	26	36	20	20	41	92	66	59	76	79	69	79	48	24	38	29	78	96	43	55	20	87	55	23	50	76	86	81	24	40	44	28	45	22	29	89	72	87	23	91	50	77	52	64	65	41	82	95	58	84	93	19	45	65	16	94	59	19	55	13	39	76	73	52	70	54	51	78	81	64	44	88	62	51	74	49	32	69	37	87	59	87	81	38	58	17	87	24	59	83	76	99	86	76	56	100	76	62	95	33	15	75	28	71	45	11	56	86	56	74	52	18	46	60	76	51	65	99	61	46	82	48	34	26	91	20	33	24	81	73	57	78	94	85	85	55	24	89	93	36	97	36	97	63	55	11	26	32	78	59	10	25	66	54	13	71	65
99	28	64	65	39	80	76	55	13	54	30	79	83	61	26	70	18	93	32	96	48	100	13	76	98	70	14	42	25	31	96	28	32	78	59	39	45	72	99	54	90	11	75	71	78	30	48	86	76	38	68	24	49	98	88	36	20	77	35	24	98	99	96	86	95	56	81	21	48	59	22	87	48	12	70	32	16	14	27	18	62	99	85	58	67	59	58	71	24	41	68	18	40	22	24	86	67	79	17	36	33	60	73	45	17	10	60	87	64	46	41	97	85	87	58	14	69	82	63	74	23	30	27	44	15	16	86	84	37	37	86	59	53	87	21	43	43	11	24	19	71	99	64	44	26	71	65	26	32	93	28	16	67	30	26	22	41	53	30	76	85	12	48	52	87	18	73	30	64	50	79	32	19	79	10	81	73	99	95	23	20	42	52	82	90	28	74	68	18	14	87	11	46	10	65	48	25	19	63	95	40	89	19	15	28	74	83	72	27	46	11	96	14	76	21	45	10	46	28	61	24	70	68	10	99	70	30	54	82	71	23	93	78	93	23	54	77	23	86	28	94	31	98	16	34	19	97	53	38	18	49	78	70	74	71	87	56	23	83	90	62	44	44	56	96	55	23	100	90	34	64	74	21	75	98	57	61	98	88	64	19	73	30	24	86	79	34	31	51	78	100	77	96	11	38	63	95	88	51	98	79	33	86	83	58	55	19	99	77	58	54	20	29	74	14	57	16	20	25	23	64	78	65	27	43	18	21	84	19	97	56	80	82	83	76	44	66	75	14	76	85	77	81	58	11	26	65	18	34	95	12	72	27	86	65	81	56	40	90	27	57	50	45	61	12	72	65	63	96	59	56	84	79	74	61	38	67	47	46	43	99	79	28	94	96	20	72	21	87	86	90	51	62	26	77	41	53	47	99	75	90	69	20	37	63	83	73	98	63	89	28	77	60	62	90	61	36	84	70	36	16	75	49	30	31	41	70	62	91	90	16	83	39	24	33	24	17	17	96	21	93	40	22	79	14	58	90	85	81	21	33	49	86	59	54	17	91	28	75	30	90	47	27	62	41	33	21	76	12	92	16	82	45	74	36	16	63	58	93	55	85	84	50	55	28	83	47	94	97	23	75	85	58	60	69	64	34	80	49	44	28	65	40	80	17	12	69	39	88	69	60	77	54	60	42	77	45	27	35	86	39	12	41	13	72	59	56	68	75	32	13	22	46	55	79	69	12	39	66	40	63	68	86	91	58	84	89	76	39	69	29	58	60	76	55	72	30	45	23	91	73	38	92	51	33	84	93	35	91	78	53	14	59	94	87	34	25	88	98	92	37	27	100	62	12	69	93	10	23	51	32	82	16	40	64	34	40	85	64	91	94	42	72	79	57	37	14	98	47	61	69	36	81	71	82	60	29	58	40	37	93	82	49	64	78	49	60	87	86	63	22	94	17	82	23	11	72	81	72	24	51	20	19	62	72	84	48	99	72	80	62	93	32	82	42	86	35	88	29	29	66	82	21	16	10	13	67	58	77	72	61	35	38	15	36	37	11	52	15	95	83	86	75	26	22	71	60	93	33	89	63	75	84	61	13	18	65	62	72	68	37	20	55	57	16	43	52	32	58	26	76	54	88	11	95	17	61	44	19	10	64	27	58	92	73	15	100	84	29	29	77	93	45	44	32	19	52	74	83	26	57	55	74	24	83	83	73	29	35	87	73	60	53	67	18	82	82	91	10	81	26	84	29	44	37	27	99	84	17	77	68	66	85	70	98	43	84	18	50	54	56	31	92	57	83	94	77	61	72	26	25	79	74	46	89	40	75	37	23	49	20	71	73	37	73	89	37	66	72	17	37	24	11	64	85	16	47	58	84	88	100	29	76	13	59	11	26	44	49	78	86	67	56	59	56	86	47	24	63	43	23	93	10	11	53	90	53	21	49	45	17	27	69	95	99	69	64	65	38	38	88	59	88	19	64	25	99	78	42	89	62	48	60	90	64	26	15	10	61	50	13	73	27	66	74	58	75	33	18	45	97	21	60	22	94	28	84	75	91	87	65	47	25	72	93	76	98	61	42	92	11	11	13	21	13	89	83	81	55	43	50	51	72	89	76	70	78	70	70	47	35	36	22	73	41	77	44	92	98	36	34	49	95	57	92	94	57	12	64	80	78	86	27	86	48	70	70	33	93	34	46	33	17	93	14	46	54	65	40	62	17	96	15	54	51	95	30	64	59	71	37	51	29	55	85	41	35	91	11	24	73	85	29	38	85	29	29	45	83	42
100	100	11	99	98	27	35	51	42	19	53	34	86	82	66	21	27	57	45	47	32	40	30	49	30	16	84	39	95	25	58	95	33	39	66	23	68	89	74	92	51	40	100	45	37	12	97	59	23	85	11	86	83	85	90	79	72	15	27	65	48	42	72	13	97	99	25	94	87	72	35	81	91	98	60	34	29	56	11	56	67	88	54	37	91	80	47	15	25	98	43	44	24	80	94	82	87	13	86	50	46	68	73	15	96	54	38	36	20	96	19	56	49	58	87	50	85	57	47	54	69	42	50	86	96	28	42	16	83	90	26	42	51	81	95	99	22	27	87	20	54	93	83	99	94	31	15	93	64	87	56	24	72	16	19	19	84	96	53	22	82	19	89	63	38	32	85	86	89	14	65	37	18	26	82	28	96	16	38	87	36	74	96	48	86	98	98	66	26	54	50	85	53	24	93	12	32	76	66	49	28	33	55	90	93	95	31	29	79	17	83	13	15	76	67	11	28	18	76	49	48	28	15	21	24	85	59	73	86	25	76	65	49	67	67	68	64	95	98	98	63	38	30	21	27	80	13	43	88	80	92	99	78	84	27	33	32	81	69	23	85	38	74	24	71	10	64	28	82	77	39	41	16	66	19	25	23	50	74	93	28	98	75	47	10	53	54	52	87	16	17	50	48	69	14	51	46	86	34	46	42	15	91	20	42	38	33	37	10	14	54	85	36	50	64	28	85	48	83	87	22	66	75	68	31	15	73	78	28	48	29	51	25	73	86	72	90	55	69	25	29	79	29	91	86	58	87	90	13	29	79	15	20	17	96	52	29	29	66	95	15	93	19	22	28	24	39	33	49	89	46	46	67	48	59	76	99	96	47	42	45	51	49	98	57	21	40	48	61	82	21	21	35	22	90	66	12	33	10	90	23	27	68	67	61	90	49	28	83	45	22	52	33	33	63	16	38	27	45	75	15	99	78	39	99	77	38	86	23	94	71	62	20	40	21	83	90	88	86	90	11	76	75	30	58	61	13	94	69	35	63	86	88	90	56	37	84	25	84	51	52	30	60	25	84	83	26	44	58	23	17	18	11	76	66	59	92	60	91	26	27	28	34	28	44	60	29	85	14	50	11	59	59	79	34	27	32	50	53	67	30	32	60	49	73	22	50	23	46	97	19	21	55	99	73	34	46	27	45	51	43	48	19	93	10	13	76	38	56	18	64	17	15	56	80	38	63	70	47	53	83	78	23	76	18	20	97	67	56	95	81	67	19	29	22	43	63	96	64	44	13	49	68	61	78	31	96	57	26	95	66	75	45	33	88	65	61	66	43	15	77	47	55	79	23	70	51	83	94	83	89	89	44	23	30	88	96	42	29	98	78	62	50	88	34	78	71	30	26	74	28	13	21	56	35	12	69	79	65	78	40	93	36	72	31	40	66	19	18	62	95	43	81	50	73	54	33	55	45	32	72	35	76	90	70	99	65	41	26	46	68	38	89	77	26	72	91	61	41	82	100	88	83	34	91	94	22	37	23	27	20	47	74	58	50	30	52	46	69	17	93	59	15	39	50	91	52	51	83	57	95	28	65	16	88	59	33	35	96	72	29	40	34	92	17	81	21	99	58	77	53	36	53	48	36	46	22	25	16	27	34	16	54	50	33	91	16	74	49	80	96	26	27	61	37	66	72	38	89	45	75	59	57	55	69	63	17	91	29	79	14	89	80	62	71	44	30	24	21	36	40	88	81	90	72	83	38	90	73	15	23	80	54	64	20	63	58	67	28	29	70	42	90	62	13	45	50	27	44	11	36	21	48	24	16	22	68	46	62	56	75	56	39	78	49	94	25	41	85	43	47	59	54	46	55	74	91	57	92	96	25	27	51	100	32	96	34	98	70	35	81	66	53	19	30	78	22	21	37	88	37	54	87	99	14	15	35	72	11	74	36	82	27	37	38	60	32	50	54	75	57	99	68	84	49	26	16	62	87	94	18	19	50	48	42	36	14	42	23	12	35	44	73	83	72	99	13	75	41	95	33	61	76	98	42	43	12	12	60	69	21	99	59	36	31	70	56	85	12	66	94	47	74	47	82	14	48	68	96	53	66	26	55	83	36	77	79	84	45	13	28	24	70	75	41	87	19	50	18	90	85	12	71	26	94	63	47	25	54	92	60	81	41	83	60	97	84	62	86	31	86	10	64	45	97	78	29	39	91	56	11	89	20	42	46	38	38	14	21	33	59	65	79	98	30	30	41	50	79	76	23	83	22	95	86	36	63	53	48	23
48	16	44	64	43	12	18	92	94	21	51	69	65	94	50	94	65	55	65	88	80	34	62	17	52	58	30	31	92	64	38	44	21	19	52	41	66	95	33	16	70	50	75	14	44	47	76	55	31	89	55	44	51	83	35	14	74	72	44	71	100	91	75	87	26	43	36	39	52	91	26	76	17	27	76	27	72	86	24	77	87	85	97	46	79	44	58	17	46	82	93	22	76	27	28	75	88	98	78	70	16	52	42	76	64	47	67	83	77	91	76	55	54	68	87	64	62	47	98	29	11	81	87	95	42	40	13	43	98	81	74	53	47	25	16	22	25	38	15	64	69	62	78	12	28	93	88	49	93	84	50	22	52	83	27	39	13	60	35	16	17	18	15	35	72	82	95	68	48	35	47	77	13	85	85	54	36	55	37	44	21	63	65	91	11	46	47	32	23	83	10	88	12	76	87	61	92	99	93	27	39	96	31	98	85	36	33	96	86	32	13	80	33	50	20	27	19	20	12	11	84	88	37	73	53	55	75	75	14	16	61	94	81	14	72	90	18	85	74	32	53	17	59	76	76	21	76	27	21	31	28	40	94	93	51	26	73	76	25	40	48	52	34	52	33	60	57	72	17	76	87	69	45	34	35	50	48	77	38	25	15	16	57	88	51	28	82	97	37	95	86	39	75	93	11	73	15	58	17	65	93	18	77	78	64	29	86	31	28	83	84	35	68	39	15	93	47	32	75	53	46	68	67	12	44	20	80	82	49	12	21	73	84	82	53	38	98	81	93	94	14	33	81	82	44	41	30	13	16	39	98	40	92	19	27	63	26	78	92	89	14	27	83	27	63	29	49	18	70	20	60	97	17	98	95	17	56	81	64	85	17	86	67	98	99	85	87	47	93	45	36	49	31	19	42	36	37	62	55	83	98	93	93	24	70	69	15	67	68	15	12	96	78	30	75	10	72	18	88	43	59	87	96	75	64	64	55	54	85	55	57	23	13	15	43	32	13	46	58	56	73	55	19	80	17	77	67	72	77	17	79	56	94	52	88	55	70	31	47	39	53	23	80	76	47	34	52	93	66	85	23	34	50	24	97	44	94	28	76	94	56	75	62	88	66	12	57	40	24	44	39	25	50	39	72	46	49	20	22	47	22	26	49	30	73	73	28	38	62	85	59	62	41	28	45	20	54	88	84	52	99	51	33	89	79	39	68	22	52	73	61	40	22	37	45	86	77	81	13	39	47	21	39	62	52	67	81	58	24	31	36	12	99	87	41	43	48	24	69	57	32	13	16	67	47	41	15	25	14	92	58	23	57	43	93	26	61	50	89	26	77	39	39	33	33	71	33	25	67	36	70	26	100	37	57	26	87	81	27	75	79	21	82	63	49	70	80	68	24	74	65	73	80	97	67	11	89	87	83	33	34	22	82	13	40	92	41	15	14	26	31	86	28	44	14	70	14	38	11	33	80	34	90	69	60	78	80	63	81	90	15	44	81	55	84	56	94	33	81	25	65	32	27	13	38	59	71	38	59	54	21	63	25	100	99	88	74	66	67	18	51	39	71	54	90	41	98	75	16	39	87	36	72	31	93	63	66	42	57	64	63	21	28	85	38	47	64	81	86	16	96	33	32	82	17	31	60	85	68	17	15	79	20	64	80	41	14	97	90	45	28	21	53	85	21	21	25	97	70	90	44	80	27	60	65	47	24	78	47	36	15	35	60	45	71	92	68	65	34	45	49	11	72	78	56	96	26	70	81	53	48	38	33	99	44	93	61	49	12	36	21	46	97	84	29	44	82	46	65	61	22	39	48	43	85	26	81	57	22	23	70	24	72	16	29	68	41	41	37	69	69	62	13	39	45	61	37	16	76	84	92	13	14	46	65	27	24	86	59	48	32	32	71	63	56	97	41	55	11	52	45	97	12	80	66	25	61	42	97	95	27	98	52	30	22	98	84	82	71	24	17	40	21	17	16	79	45	16	21	26	99	84	72	12	92	38	72	96	15	23	92	93	64	19	95	32	46	61	92	25	52	13	42	12	30	26	28	40	59	94	82	79	20	84	47	71	88	84	41	80	14	26	78	61	28	20	14	77	14	71	93	14	83	82	11	13	32	14	38	65	67	21	32	78	69	21	24	70	16	24	88	72	35	53	18	53	51	81	58	65	20	45	99	16	79	22	52	69	16	63	39	56	21	43	25	34	29	41	58	18	34	19	48	54	96	58	37	19	86	35	41	64	73	82	35	41	34	51	77	27	46	17	63	76	58	78	59	76	31	19
70	53	14	74	26	68	71	61	46	24	35	66	57	47	34	85	79	78	66	33	75	36	91	23	28	71	12	11	25	20	94	47	28	73	69	30	43	90	29	62	84	62	26	98	54	53	96	12	44	71	35	87	90	67	72	34	52	69	46	77	69	36	40	42	19	72	11	33	44	69	25	78	35	13	79	55	49	85	52	68	76	76	71	100	42	98	22	57	43	63	38	91	80	77	65	96	84	70	80	85	26	81	75	65	28	41	23	32	92	42	63	82	65	99	30	88	69	81	22	63	40	74	83	76	38	52	58	77	28	20	51	70	55	25	22	58	22	47	98	60	69	67	25	25	16	79	21	73	42	81	96	39	16	46	77	53	36	18	58	31	95	20	80	73	58	24	36	72	96	59	20	42	85	46	71	33	29	38	53	51	20	58	31	40	91	99	45	61	29	31	26	81	21	72	25	12	90	63	46	59	89	65	56	72	35	73	71	87	35	75	95	63	28	32	85	43	96	44	19	44	80	35	73	42	54	60	34	73	64	45	43	79	83	41	76	29	30	35	64	92	11	35	40	48	57	79	95	99	89	61	68	15	44	41	66	33	86	88	14	14	69	19	60	85	25	29	47	61	37	52	75	46	65	79	72	91	42	94	93	60	36	94	13	77	68	78	90	98	58	45	47	37	13	79	96	75	41	43	91	61	89	69	38	62	76	65	84	33	25	36	55	40	52	12	49	38	77	86	98	71	59	71	70	72	61	13	79	70	58	65	95	52	27	55	28	43	31	19	54	43	46	50	51	56	76	49	52	22	27	24	86	64	46	28	14	89	35	50	33	33	66	56	32	99	14	36	62	12	44	60	46	35	29	58	70	22	43	11	52	79	30	71	27	80	69	63	26	60	42	42	98	59	74	35	12	74	89	100	16	74	28	55	44	40	38	23	62	34	82	65	53	56	14	62	48	98	24	51	66	91	22	32	27	75	18	45	35	33	49	36	21	44	73	74	46	36	59	64	64	26	25	27	83	60	18	76	37	61	76	99	89	61	96	94	58	90	78	67	37	40	16	26	75	58	55	18	60	21	73	76	41	21	84	43	21	13	70	40	76	59	42	97	28	77	11	22	84	61	70	42	38	87	29	45	39	44	76	33	44	60	96	47	43	21	77	84	70	14	71	79	71	79	72	16	10	71	81	95	60	98	59	95	92	62	10	87	71	78	95	78	81	25	62	32	50	55	67	39	18	89	73	28	80	15	22	29	20	91	15	87	87	15	29	68	64	62	30	40	15	32	90	11	11	74	65	51	16	11	67	41	31	79	63	67	11	83	97	97	15	72	50	12	28	62	74	77	20	78	79	88	39	22	59	25	89	29	81	25	19	77	62	14	59	91	93	31	80	96	90	11	79	81	92	75	67	68	75	88	55	82	22	14	78	69	62	72	60	46	67	26	91	11	30	87	37	55	61	92	18	52	92	66	21	34	49	59	29	32	76	96	96	78	96	92	79	11	26	96	22	84	88	21	67	22	70	80	59	92	93	20	59	30	38	25	87	60	73	81	27	97	99	68	89	78	71	87	60	81	11	54	52	37	72	53	48	37	35	84	98	48	47	24	79	85	87	42	72	39	17	41	35	14	50	42	46	60	84	84	59	21	87	92	15	36	30	41	70	20	19	54	46	98	41	26	79	80	15	64	65	23	78	81	48	67	31	50	86	28	62	37	23	93	57	23	64	82	70	61	14	91	98	33	71	56	58	78	70	27	39	95	51	72	32	92	12	28	75	68	63	99	80	23	38	86	22	45	85	54	95	76	46	99	70	98	27	37	50	50	31	87	91	67	57	42	79	26	29	39	36	20	17	16	49	76	81	72	91	75	64	87	66	74	87	63	92	100	17	68	25	44	13	82	98	34	78	66	20	15	61	66	85	15	67	25	91	87	57	86	72	33	89	40	77	99	13	87	25	58	37	65	28	18	89	67	91	78	54	41	22	40	76	54	32	35	76	75	71	81	64	94	81	37	77	22	20	65	67	71	44	12	28	56	79	62	98	85	38	26	34	57	82	26	78	37	49	18	61	38	57	29	71	20	59	44	19	30	30	12	24	84	11	59	61	100	34	61	70	10	69	77	54	63	84	10	28	12	16	21	87	79	62	43	23	23	81	13	16	27	79	14	39	52	13	26	57	19	11	18	28	95	53	79	82	59	25	32	27	46	38	38	15	30	91	26	76	59	57	59	68	74	57	47	89	89	87	60	94	61	99	36	29	99	99	39	12	18	92	22	98	13
56	86	24	59	15	93	76	69	39	31	50	83	60	87	11	50	53	43	85	46	34	71	64	55	39	74	29	46	68	12	73	78	96	25	16	94	78	48	79	92	43	61	97	88	53	90	63	63	50	95	29	51	17	23	65	21	82	33	65	66	96	40	80	64	66	16	64	69	43	49	89	51	29	16	89	59	67	32	89	73	47	53	95	82	97	13	55	57	62	54	13	35	70	57	38	60	94	32	79	95	29	30	96	75	52	81	84	62	88	94	78	17	84	36	71	82	29	97	97	18	50	58	59	39	45	14	100	18	46	48	35	78	40	29	73	42	39	22	76	44	68	69	76	21	58	36	81	87	43	98	41	22	27	61	79	35	91	55	90	85	72	91	21	49	11	23	47	66	91	44	61	75	20	50	96	70	26	56	59	51	85	30	94	95	22	64	49	56	71	76	16	21	65	41	46	69	63	22	76	23	58	33	59	15	57	34	49	41	88	90	91	74	82	81	73	37	84	74	98	36	29	90	44	25	32	98	29	71	11	90	78	83	74	72	95	21	22	15	42	78	38	51	11	31	59	31	46	39	67	37	76	36	54	75	40	65	82	31	85	70	45	72	40	79	88	96	98	24	39	98	85	50	65	16	45	49	95	84	74	46	98	60	46	19	33	69	93	55	23	72	83	61	23	31	14	63	82	55	36	44	74	49	51	16	75	45	15	28	72	20	41	53	44	84	55	33	88	68	81	50	98	73	36	51	79	71	36	92	69	74	40	35	100	24	42	89	96	81	90	86	65	12	73	90	59	20	44	52	20	17	86	79	91	89	33	61	75	33	57	23	33	99	73	20	33	56	29	100	98	60	75	26	93	92	62	46	38	92	57	65	49	66	33	84	45	87	60	28	71	32	14	37	58	70	49	12	65	42	55	61	77	17	99	33	44	41	86	97	37	92	37	90	91	92	99	26	73	59	64	40	55	17	80	89	26	34	34	52	63	86	51	41	57	14	89	26	72	86	55	65	78	92	79	83	70	96	17	34	74	55	95	10	17	42	78	44	74	36	20	69	87	79	37	20	63	73	18	90	10	97	46	27	80	18	11	75	11	24	92	32	28	55	12	82	63	25	19	86	76	82	45	85	35	21	35	39	51	74	39	90	64	32	84	82	56	77	32	73	50	79	80	29	65	14	80	58	35	38	54	60	35	69	92	72	95	57	69	34	100	49	92	52	59	48	34	14	19	81	72	43	44	22	93	49	22	53	85	72	31	19	19	12	95	81	11	77	59	56	55	68	30	33	100	73	18	26	86	55	25	93	88	33	22	36	42	64	20	84	59	100	95	64	79	50	91	89	87	25	18	80	31	45	69	98	64	91	50	79	16	99	13	61	93	11	15	48	99	70	39	39	98	51	95	53	71	66	97	70	86	86	30	79	58	43	23	12	51	90	62	48	20	51	46	96	84	42	48	22	40	42	77	95	50	53	29	91	93	34	38	61	30	73	76	50	53	63	21	74	59	39	46	25	90	44	51	30	65	95	87	62	15	21	78	74	11	40	76	38	64	22	46	44	82	77	42	65	18	29	38	54	55	30	14	19	16	69	39	62	79	27	88	52	25	100	26	56	51	69	23	38	81	36	27	73	56	43	83	94	78	57	53	77	71	10	86	61	80	70	23	24	50	99	10	82	78	82	23	42	55	59	43	76	68	75	46	33	39	55	40	32	47	82	56	62	64	28	39	87	70	60	71	37	41	82	58	66	15	99	47	62	48	94	51	63	47	31	11	60	29	21	88	55	87	69	30	94	17	55	86	94	26	17	51	45	88	43	83	58	74	66	52	50	18	11	77	68	77	26	78	18	66	14	54	94	47	74	45	62	79	30	49	27	25	63	26	43	92	11	18	43	34	36	90	13	100	62	81	54	75	78	71	40	82	80	82	18	44	76	33	80	33	28	31	62	36	91	36	43	97	59	95	91	13	71	22	83	62	69	48	67	46	32	95	32	37	75	52	87	96	47	78	96	28	19	50	19	66	99	54	47	52	20	94	21	71	49	65	76	39	79	49	78	21	16	15	22	55	71	36	46	60	73	85	82	39	66	52	83	99	20	35	79	23	91	52	23	24	49	94	78	19	77	67	39	36	84	65	56	51	37	48	27	33	47	62	77	10	12	74	27	36	73	42	11	87	40	38	19	15	97	78	20	53	52	14	56	47	59	49	34	90	68	55	18	63	33	38	89	39	28	58	70	96	99	91	42	67	84	68	74	100	93	34	15	24	54	32	47	38	10
65	91	29	31	60	31	25	50	21	81	57	40	92	85	95	25	29	22	23	64	32	73	97	58	49	35	79	36	65	79	25	51	36	21	15	48	79	98	61	23	86	20	30	51	29	53	51	76	87	84	14	22	56	51	89	13	95	80	80	55	95	52	88	65	99	40	78	63	43	32	95	30	73	98	49	97	33	40	58	36	54	85	13	65	24	81	58	15	83	88	25	18	80	17	65	64	70	93	11	51	34	90	44	97	69	73	46	51	64	42	82	25	97	32	89	60	76	81	26	45	20	69	25	54	46	99	52	25	99	26	90	93	83	79	81	64	35	31	38	23	85	51	83	36	68	54	27	69	59	37	47	33	49	80	37	71	94	77	55	41	71	39	68	21	28	36	70	17	51	65	74	26	47	16	67	33	36	12	36	35	51	89	76	50	53	46	95	94	45	25	35	76	18	58	94	51	88	55	36	37	17	20	73	27	52	46	15	39	63	28	20	30	69	78	33	77	23	35	31	26	82	58	61	56	62	100	78	22	69	51	73	48	97	60	59	93	26	67	67	53	16	37	12	54	61	26	30	71	57	97	22	47	17	26	43	47	94	39	61	71	93	38	47	67	45	36	35	19	66	35	33	97	86	54	36	100	54	62	77	57	47	60	41	45	55	52	48	21	88	69	24	93	20	15	60	45	82	16	74	51	91	11	32	73	74	32	27	27	30	86	52	90	78	62	67	98	53	80	24	97	30	80	56	64	62	27	46	59	72	77	76	48	71	87	31	82	18	38	81	15	74	15	20	69	78	76	48	15	83	69	13	24	76	97	85	68	11	30	40	74	73	37	45	27	63	32	51	55	44	32	72	20	16	52	13	47	66	82	70	91	36	79	14	51	17	86	75	39	90	46	91	50	28	41	89	21	93	82	57	20	31	98	22	25	45	65	16	92	13	18	55	34	95	47	36	81	52	78	34	39	61	45	39	53	90	56	62	90	42	42	36	34	72	77	53	14	71	94	40	35	87	33	99	80	19	44	96	99	98	14	58	39	48	82	47	17	86	81	71	74	77	92	42	80	69	39	11	40	89	32	48	59	56	99	60	21	97	81	77	43	19	23	97	38	16	19	44	85	97	14	24	16	69	93	18	97	25	56	79	32	80	16	53	10	16	37	31	32	66	74	45	30	89	53	46	99	41	81	65	21	33	50	77	51	44	66	65	41	57	40	84	90	24	86	44	70	15	86	19	43	93	63	48	47	20	98	88	29	12	41	46	87	74	74	65	26	30	96	15	24	98	22	49	36	11	79	63	35	70	75	62	37	31	31	96	62	98	40	17	83	79	61	59	28	81	85	99	80	51	85	42	38	36	39	98	42	90	43	13	67	63	18	42	38	53	26	90	66	29	45	41	56	58	75	78	68	63	33	15	94	38	36	88	98	43	85	54	39	17	34	35	65	39	69	13	44	71	63	80	84	27	93	91	47	26	67	65	41	86	59	95	55	36	29	52	62	17	70	61	76	25	58	27	11	11	76	67	98	18	82	35	52	25	19	12	37	72	25	43	82	35	26	37	85	18	24	98	73	52	64	61	51	30	36	72	32	65	55	78	61	58	78	14	55	76	58	54	87	87	52	39	91	99	87	53	28	59	55	31	20	49	23	39	18	47	88	18	56	98	41	44	81	17	83	98	51	61	95	26	10	31	49	23	62	74	18	90	23	34	97	72	81	65	39	75	35	23	24	26	31	58	82	100	96	54	28	91	93	54	91	33	44	31	38	99	84	67	34	80	35	48	19	43	16	32	44	44	40	71	44	23	20	37	68	86	34	43	80	58	34	72	60	63	44	54	39	93	14	97	51	89	30	94	87	90	46	23	96	41	47	39	21	83	56	20	85	15	45	47	51	42	28	91	47	49	39	73	77	71	88	37	69	30	54	62	39	47	12	66	57	41	40	73	92	88	95	20	91	53	33	44	27	45	28	93	63	91	36	36	83	71	22	54	87	92	46	44	20	79	25	40	30	43	59	88	39	39	66	75	43	59	31	94	57	66	95	62	86	29	89	57	69	86	47	94	17	33	66	98	44	89	46	70	24	25	76	59	88	43	80	31	89	69	60	55	54	11	47	83	31	84	78	39	48	17	26	40	39	42	30	38	42	47	57	91	50	31	35	67	27	72	97	18	18	41	53	18	93	27	43	56	40	43	29	36	95	85	17	89	54	63	56	69	71	64	77	56	38	75	23	15	97	15	73	21	76	42	66	90	33	84	74	88	12	17	62	38	42	50	66
51	29	54	28	39	20	99	46	50	38	78	97	28	12	25	26	39	76	59	84	10	67	28	42	31	70	50	78	58	85	29	51	91	34	94	35	34	24	59	19	100	11	62	34	55	32	74	15	31	97	97	21	33	41	99	71	33	63	24	17	89	89	62	26	79	29	62	92	15	48	13	25	46	23	94	47	51	50	70	75	52	25	32	91	31	57	52	79	33	45	27	16	36	93	16	93	39	18	22	85	47	96	68	36	94	66	80	45	33	74	73	87	21	22	95	28	50	19	34	63	52	71	50	29	23	82	38	85	14	32	71	31	90	44	15	41	28	80	47	23	42	97	55	48	90	91	99	55	41	95	61	64	24	90	98	74	72	91	33	82	91	69	82	100	20	23	27	20	30	90	69	71	35	35	61	87	79	54	63	21	70	24	64	43	99	77	12	63	21	26	21	54	74	53	50	78	54	62	27	10	32	44	27	75	78	84	97	32	86	89	12	95	61	40	27	57	45	45	46	96	44	58	31	30	87	86	54	88	92	52	34	33	70	71	94	34	91	98	46	35	54	12	43	18	84	41	38	17	96	78	98	47	18	15	49	69	21	28	73	26	73	80	23	94	41	80	49	13	35	56	33	55	13	63	11	84	13	96	53	46	100	72	52	93	91	16	66	70	18	27	55	68	87	100	79	89	63	82	16	16	61	29	76	31	19	73	21	84	32	10	66	53	53	42	37	10	31	43	39	49	29	51	88	41	93	93	70	18	48	25	84	43	39	54	89	51	62	79	82	26	71	84	80	72	51	25	88	59	32	15	89	12	72	13	94	27	18	31	70	51	36	97	87	60	55	30	32	91	37	83	83	48	42	63	40	97	51	20	42	55	19	42	73	29	96	53	70	62	82	64	82	44	76	36	84	29	54	48	14	17	15	14	59	62	56	70	28	41	45	86	75	46	36	55	78	99	20	37	72	70	75	63	85	97	21	87	65	54	34	52	94	73	87	32	19	51	46	63	55	52	61	21	72	71	71	82	96	99	95	25	89	69	11	78	33	60	14	76	50	95	45	89	87	61	60	85	50	42	99	25	52	66	99	50	62	60	63	86	81	15	31	50	96	51	83	71	48	40	21	58	61	64	24	86	42	17	69	96	88	68	33	27	45	93	96	22	94	79	20	40	34	50	14	95	32	45	41	91	26	83	72	31	75	74	69	14	81	13	31	12	51	94	54	16	48	36	70	24	41	82	67	31	59	65	89	92	39	50	28	37	76	82	73	24	77	48	69	60	17	54	55	82	43	13	64	92	95	35	51	59	89	40	47	87	48	52	89	13	42	10	51	51	57	36	59	43	24	32	20	69	23	82	48	96	22	79	38	34	12	20	51	32	83	22	77	32	89	97	32	44	72	84	22	52	89	31	62	61	19	10	87	93	83	43	24	66	94	66	25	91	74	54	20	62	20	86	11	91	41	82	53	43	35	18	71	94	42	15	34	13	83	48	24	53	66	23	77	38	92	26	51	60	78	98	78	76	42	48	67	92	41	14	70	46	88	55	32	82	86	65	87	47	28	66	25	83	59	58	53	19	69	42	59	18	22	60	82	48	22	27	57	56	69	16	62	46	30	92	53	45	86	73	89	13	91	36	83	36	65	72	80	88	84	71	44	57	46	41	84	38	29	38	62	46	83	100	88	37	20	93	35	42	96	19	39	75	30	20	59	12	98	56	56	72	17	24	13	48	13	87	93	86	55	99	88	91	88	78	47	54	21	21	85	92	38	54	65	82	78	98	28	10	38	87	95	27	95	64	44	78	39	76	33	72	61	10	78	60	33	15	83	64	64	100	64	97	24	79	87	61	80	55	54	91	75	27	45	24	85	86	39	29	27	66	54	84	97	61	32	19	84	73	99	77	91	75	76	63	76	68	95	81	92	39	47	51	70	30	16	66	26	97	84	57	90	69	14	97	32	98	13	20	95	60	65	61	52	57	11	26	23	74	92	34	87	63	82	92	24	45	31	83	84	81	20	24	65	11	63	32	56	47	55	11	51	99	50	24	61	92	97	32	44	20	59	81	69	96	81	51	61	49	97	68	12	23	33	51	92	77	38	38	56	44	36	87	100	53	59	22	70	32	81	91	60	69	73	92	37	77	18	50	42	21	94	50	89	67	53	43	48	63	55	29	47	77	25	11	79	36	67	79	32	97	12	18	60	27	59	91	71	29	52	95	99	97	90	53	36	35	51	64	50	97	20	93	94	61	76	32	86	91	77	57	44	47	36	47	32	86
23	67	68	55	47	24	88	88	19	78	31	13	31	45	82	74	76	11	18	13	87	86	73	86	14	91	31	60	35	32	98	72	14	99	36	97	71	84	54	46	96	18	47	21	14	49	11	69	55	48	73	11	57	89	47	42	92	88	87	25	50	29	44	39	25	11	28	77	23	81	20	19	26	91	78	78	97	56	95	51	28	80	96	20	79	53	26	18	11	34	24	87	65	26	72	34	53	27	87	73	76	84	30	82	94	49	30	99	97	24	53	49	68	80	15	56	43	91	21	27	31	22	14	37	53	39	60	15	59	66	64	93	81	64	32	50	19	62	69	75	29	46	38	26	76	29	41	25	98	46	69	38	29	87	82	70	62	22	43	96	35	28	71	97	97	78	76	74	64	19	12	82	73	52	16	59	50	94	31	12	74	76	92	66	17	86	40	32	35	43	63	94	67	16	58	84	37	90	15	24	45	53	75	80	54	92	37	81	94	35	55	61	25	16	23	98	45	99	49	16	65	57	64	72	74	91	84	85	54	15	48	42	30	66	41	98	24	53	57	84	76	13	84	15	32	78	25	71	77	84	51	63	80	72	42	14	38	90	83	11	55	60	46	82	67	46	42	72	57	47	29	92	68	65	76	53	62	37	25	70	57	30	55	28	28	95	24	64	10	50	20	73	73	93	70	30	82	95	59	43	94	21	24	90	30	57	61	68	67	83	44	11	31	87	86	55	20	14	63	71	84	54	95	79	14	26	20	83	63	39	63	52	54	64	79	27	87	88	94	96	27	88	92	45	47	33	49	53	23	95	53	23	57	69	31	15	19	98	12	91	83	26	46	45	58	81	34	57	59	62	55	85	68	95	46	61	87	60	80	37	91	47	79	75	40	75	18	26	10	22	73	56	51	26	78	32	89	97	76	17	96	35	18	68	87	92	56	86	15	39	79	82	31	26	29	27	12	47	94	77	28	45	13	80	33	16	44	57	38	56	89	92	37	96	47	86	59	58	66	66	88	12	47	99	48	45	87	67	74	37	51	79	22	99	44	27	87	66	48	41	23	87	80	13	67	40	74	17	74	27	15	32	23	48	39	75	74	21	60	81	70	50	47	52	28	39	41	28	82	34	14	11	81	17	88	80	11	40	73	54	69	74	24	97	95	26	30	25	16	56	20	25	34	32	54	73	53	55	92	68	21	85	84	46	62	38	66	25	80	38	39	78	38	79	70	26	43	86	29	30	73	86	49	72	81	92	59	81	66	31	37	55	94	27	40	90	53	23	34	16	91	85	54	17	29	11	11	95	73	85	72	62	90	28	88	69	22	64	80	49	22	13	12	95	28	39	52	55	38	21	65	41	83	60	12	60	90	55	37	30	25	11	90	55	35	63	41	71	28	89	95	77	96	41	98	60	13	34	59	93	40	97	76	25	17	36	11	73	98	99	100	62	91	73	76	32	78	42	31	29	43	94	34	36	97	46	78	97	98	38	27	33	23	24	50	41	16	25	92	51	75	28	90	10	72	70	80	14	18	84	54	79	85	23	30	66	99	85	48	69	53	79	82	12	83	15	27	76	31	98	31	96	49	93	64	47	63	45	99	50	50	37	44	89	53	51	41	25	44	18	73	59	34	52	49	38	94	56	22	21	29	25	17	44	36	50	19	73	27	42	90	25	49	75	59	63	100	78	92	99	44	30	34	17	46	31	39	59	30	67	87	26	19	77	59	66	14	39	75	69	45	67	59	98	75	60	99	19	15	86	64	62	81	94	18	49	29	66	39	37	45	76	68	72	59	69	29	45	40	33	78	83	35	97	72	19	29	44	38	55	74	18	14	44	99	39	34	46	66	16	15	62	46	21	99	40	85	97	72	72	20	49	46	53	37	21	28	65	32	64	67	91	39	99	62	54	52	26	59	29	48	78	72	83	71	77	41	92	62	57	35	30	25	85	92	29	23	61	21	55	65	87	43	50	36	81	59	84	54	75	91	92	53	24	51	65	11	61	19	62	68	78	38	94	11	68	98	99	94	37	66	57	71	27	42	45	89	80	80	49	78	73	46	51	43	99	28	98	40	63	23	73	12	59	72	79	19	36	76	40	34	48	48	90	74	61	55	79	83	48	63	61	29	36	99	33	23	98	69	19	80	17	80	91	25	78	44	93	17	11	33	21	99	83	25	46	65	77	32	39	22	81	41	39	30	31	81	45	75	27	54	47	72	58	17	25	34	15	51	90	70	82	12	71	14	41	72	32	13	38	32	39	53	42	79	52	71	58	75	19
52	11	58	95	98	71	90	17	36	85	54	24	66	15	24	51	20	51	73	81	56	73	94	15	55	87	19	30	71	51	60	65	43	48	76	72	26	74	31	45	47	27	23	63	45	51	18	36	92	92	19	26	58	61	37	73	50	56	78	95	44	68	70	10	58	87	30	23	45	77	31	62	92	18	34	45	97	72	34	57	90	17	38	95	36	71	12	94	80	65	75	84	27	92	11	14	97	80	46	39	29	54	42	52	62	92	38	89	26	77	74	74	72	91	85	66	79	70	48	71	27	66	58	18	79	87	84	39	25	40	79	18	30	13	10	39	25	60	21	48	43	76	52	46	97	24	95	36	66	20	75	28	82	55	91	64	14	13	73	67	99	12	36	81	38	50	32	36	11	33	18	31	30	67	20	14	47	14	57	86	99	31	12	77	86	91	72	39	12	72	95	54	87	43	56	29	12	30	43	95	88	25	80	15	62	52	54	25	19	63	14	92	87	45	98	36	41	62	23	96	45	35	89	89	32	47	16	68	12	69	16	94	13	99	70	89	47	71	30	63	54	67	19	80	14	36	43	98	76	18	52	16	89	44	32	63	26	86	44	65	73	96	12	42	11	63	15	63	45	57	24	74	27	67	30	64	85	77	90	46	10	29	37	93	66	47	59	15	19	51	70	63	65	35	25	86	98	85	58	46	39	13	25	76	77	84	32	36	20	54	13	11	17	83	73	86	92	76	93	37	100	77	79	28	77	20	38	93	45	61	22	18	22	34	13	95	78	95	84	80	61	64	71	30	53	74	80	46	12	53	42	36	44	32	91	94	37	86	50	49	16	56	87	36	70	84	45	48	94	46	80	39	67	81	52	88	67	94	43	53	26	43	99	27	60	99	84	63	59	72	55	80	12	65	64	80	79	50	91	10	13	95	94	96	79	30	36	83	82	85	15	23	30	99	32	12	10	52	36	92	60	34	80	30	98	51	63	35	65	42	98	71	28	33	88	80	86	18	33	54	87	63	51	82	83	13	13	64	54	92	11	29	51	51	26	34	37	78	70	81	86	54	100	79	21	32	92	48	75	36	41	85	72	83	85	79	69	16	83	36	80	53	24	54	97	50	11	59	68	98	14	19	16	70	15	56	18	90	20	80	24	42	42	25	75	33	46	46	33	92	28	50	96	65	85	25	39	45	13	37	53	91	85	100	68	77	41	85	11	99	17	74	51	56	47	44	96	99	62	16	23	27	24	54	32	87	60	93	39	26	18	29	77	64	26	76	76	41	72	58	99	19	23	86	94	22	99	31	49	72	87	71	39	47	79	75	15	40	89	14	27	39	53	70	97	47	94	37	58	68	70	98	44	61	78	70	42	66	25	20	69	91	25	88	71	77	23	98	89	86	24	63	30	17	43	23	57	45	71	85	98	99	60	72	82	31	55	90	78	59	27	61	41	60	55	15	86	66	60	84	31	57	31	10	22	28	36	19	92	89	34	41	32	24	45	81	22	93	57	15	63	94	12	46	56	92	96	91	68	93	78	14	21	97	52	10	59	33	82	84	96	55	91	39	47	54	77	85	91	61	27	89	31	39	53	59	99	69	21	95	58	76	72	72	63	73	14	81	81	54	84	36	68	50	79	81	37	50	97	21	27	88	76	67	83	29	45	89	49	85	36	87	93	36	96	42	95	90	30	72	39	39	68	98	87	13	43	30	43	57	19	53	39	48	91	59	29	42	14	18	92	68	68	48	84	38	56	45	41	52	60	53	22	73	75	93	60	85	30	29	55	79	59	81	39	43	40	56	39	39	47	80	94	40	28	79	25	34	27	42	39	98	51	75	75	85	23	68	87	48	87	63	11	73	25	24	86	73	97	97	73	50	73	39	55	98	30	34	29	25	94	57	80	77	19	20	42	54	33	64	81	87	78	93	85	26	98	34	94	44	53	25	100	43	16	61	36	88	31	51	10	24	100	36	31	44	71	72	41	91	98	45	32	26	56	27	97	43	18	69	39	84	88	63	84	99	18	48	89	93	16	11	51	31	52	69	50	67	87	16	16	59	92	21	96	26	18	48	56	19	55	79	56	25	81	37	18	53	48	40	49	40	49	26	31	22	63	40	66	97	87	82	16	27	41	78	88	52	93	20	11	60	97	61	51	14	21	91	24	33	62	44	41	60	47	70	36	94	58	48	20	88	68	42	39	27	85	100	82	85	38	29	69	20	90	95	50	62	33	36	20	78	67	56	61	40	22	69	63	33	58	68	55	57	58	100	56	34	26	24
52	39	30	58	70	61	68	70	57	51	81	21	78	70	36	37	24	65	75	53	38	80	31	77	44	37	53	68	43	13	98	75	56	76	30	59	73	58	43	44	51	98	23	64	62	31	78	29	39	30	37	56	15	67	21	27	72	93	74	68	23	75	18	32	86	46	54	44	56	83	92	56	22	79	29	34	85	21	93	14	14	40	79	59	40	69	14	33	23	87	40	90	11	72	94	29	40	31	98	50	35	68	90	59	11	60	63	62	80	13	68	87	18	41	37	28	25	96	55	86	56	91	72	46	93	70	65	44	25	49	37	46	22	98	14	97	34	25	80	31	71	64	98	39	37	72	58	13	45	75	63	97	34	93	70	40	78	73	63	95	42	48	42	80	98	58	48	38	83	34	74	70	62	72	16	78	36	65	61	89	22	41	52	41	87	56	64	92	85	79	64	98	69	73	73	12	71	13	82	70	67	53	19	47	93	99	91	18	68	28	60	84	37	42	52	89	33	85	14	91	71	22	70	44	48	65	37	13	64	87	48	94	98	89	18	53	26	43	93	61	79	87	65	44	66	22	53	11	41	92	90	90	19	21	73	76	90	48	19	63	86	82	40	62	17	21	15	36	71	32	36	60	64	42	68	36	75	86	99	62	62	80	78	88	11	63	37	79	85	69	95	58	80	65	91	40	25	31	47	60	35	40	86	86	97	24	63	22	46	16	58	39	15	95	33	11	11	14	92	78	54	93	91	16	49	59	69	79	13	61	81	70	40	17	90	34	66	78	88	32	49	20	68	63	48	98	24	20	82	72	87	66	90	68	13	63	59	62	51	60	62	86	63	30	86	81	51	18	23	82	51	73	60	96	39	93	10	69	17	19	99	88	44	72	57	61	19	69	10	100	93	62	47	35	14	53	87	72	48	51	72	76	84	34	24	71	80	36	24	94	28	25	49	75	15	67	58	49	27	16	63	57	95	88	93	25	46	21	93	90	87	69	65	85	47	26	99	52	92	77	56	24	89	31	59	13	11	83	78	35	30	11	38	18	57	80	56	81	44	51	47	98	54	19	78	76	11	49	37	73	21	60	84	53	82	14	63	90	45	93	50	40	52	19	71	90	15	38	21	88	36	72	91	14	84	54	99	22	34	96	92	25	59	62	29	21	34	51	17	86	33	16	76	74	32	74	80	49	13	76	20	62	14	64	88	44	20	53	60	19	62	56	63	37	88	62	10	26	52	84	23	65	46	41	79	91	14	23	95	50	92	83	53	14	11	77	36	64	78	48	83	11	23	66	94	62	70	88	70	73	60	80	10	35	34	65	63	84	92	74	32	31	49	79	14	29	60	32	74	79	30	14	15	31	27	13	99	37	86	71	84	17	73	70	26	63	80	48	33	65	92	87	35	24	88	13	78	45	26	12	75	48	64	46	93	15	66	36	43	37	13	47	74	53	46	68	17	92	12	65	72	64	90	95	44	29	96	37	63	74	86	61	42	42	79	56	69	52	32	71	80	77	42	12	85	92	53	40	98	14	56	82	23	82	76	32	27	45	13	81	82	92	17	86	56	82	53	13	41	74	21	98	35	20	61	84	47	12	70	88	46	34	97	47	42	27	51	79	91	70	96	73	18	15	22	28	33	77	71	97	34	86	67	42	67	58	98	93	81	38	94	49	61	49	49	16	12	88	95	97	79	34	47	34	93	83	46	51	54	19	88	49	54	97	27	89	81	48	54	100	25	91	55	43	53	58	24	85	52	18	96	99	29	33	77	98	46	65	30	76	75	63	16	37	31	70	57	83	83	23	48	24	46	97	53	98	98	82	71	91	38	74	66	62	27	57	17	25	12	74	90	22	46	75	33	59	85	61	42	11	29	87	79	12	57	72	90	27	65	42	86	70	71	50	26	88	15	45	61	65	84	56	28	62	64	89	94	45	86	16	82	36	89	80	83	63	98	18	38	79	19	29	64	28	64	80	70	24	74	41	31	95	24	42	47	51	90	47	93	25	88	44	96	77	34	59	19	84	78	26	58	81	52	73	22	18	25	98	28	30	14	59	86	76	68	14	71	97	34	24	61	75	32	20	56	31	86	75	97	58	42	80	84	24	17	57	27	26	80	17	87	13	60	19	99	45	76	20	55	72	11	72	25	99	53	89	48	46	78	61	33	59	97	80	23	12	72	100	87	29	62	52	27	71	47	23	70	79	80	95	31	61	26	17	86	71	67	33	49	35	26	41	80	28	98	36	30	49	28	16	13	57	30	57	94	80	38	39	20	56
16	42	76	55	33	53	45	64	62	61	47	37	62	99	80	21	86	69	56	39	82	17	10	75	35	89	18	16	88	32	46	71	71	11	24	47	69	36	96	18	17	15	53	88	84	42	90	57	81	30	54	58	22	75	69	86	85	58	56	64	88	34	19	89	45	33	47	26	62	70	48	96	73	65	17	22	48	78	73	88	42	24	89	37	90	50	37	20	45	62	12	61	56	24	56	29	17	35	12	55	82	45	91	36	49	75	20	53	61	20	38	90	15	61	56	41	17	35	98	27	79	57	46	46	72	50	15	71	83	67	38	37	90	34	70	85	54	97	10	66	76	98	93	63	98	34	73	61	64	66	99	67	52	57	12	80	84	59	89	88	54	50	58	67	55	27	30	64	13	97	39	37	76	43	53	42	73	55	23	14	94	40	81	86	24	88	76	25	20	79	95	89	93	27	16	21	11	87	35	20	47	82	54	40	60	67	75	84	42	73	77	19	30	97	73	50	47	38	46	67	61	88	19	17	83	48	84	88	30	81	83	71	27	71	51	86	87	57	46	15	66	84	57	31	83	59	21	55	49	68	66	81	57	89	60	59	95	78	81	76	38	12	62	11	79	99	87	45	63	96	16	26	79	67	58	37	93	84	76	93	81	79	51	70	72	98	23	73	99	36	16	60	80	38	40	71	17	89	30	55	73	92	41	43	77	12	28	78	30	65	18	98	24	15	95	65	27	96	36	26	91	81	39	41	95	34	32	95	18	89	15	51	61	53	69	14	89	51	30	18	93	87	72	88	41	46	16	100	20	22	94	35	95	85	77	64	60	14	46	85	68	29	43	67	14	37	64	24	59	79	47	90	62	52	66	90	81	63	92	26	12	40	18	34	20	56	20	72	13	59	46	98	89	25	19	88	38	88	15	39	31	17	29	42	84	60	82	22	72	94	76	55	57	99	14	81	33	92	35	48	92	95	73	53	84	98	68	62	62	65	45	28	85	86	12	31	23	70	20	38	87	33	67	84	11	43	14	37	37	60	39	72	78	43	28	76	21	54	68	19	24	59	97	73	34	64	99	58	11	85	13	91	75	51	16	29	15	21	49	75	28	27	91	69	94	19	50	91	78	26	91	13	95	40	19	45	97	53	71	33	58	66	36	14	40	69	47	36	94	65	94	83	84	83	33	92	81	32	82	58	91	58	22	77	47	24	32	62	29	69	26	96	51	54	40	23	16	15	44	65	79	39	69	17	94	44	63	28	23	97	84	71	22	59	18	14	82	67	75	65	24	66	79	14	93	74	85	28	88	93	65	59	64	25	53	10	50	76	59	61	95	65	44	50	100	28	82	39	38	46	67	35	78	54	46	64	29	84	79	37	64	53	60	45	21	76	81	22	27	40	73	35	51	64	21	95	29	66	56	99	95	80	42	100	59	58	55	54	54	90	27	79	97	97	83	67	78	29	79	52	73	97	40	38	100	31	97	61	92	85	36	70	91	71	61	15	72	98	12	71	74	64	27	24	93	24	33	70	18	36	97	63	12	59	81	16	99	75	29	70	21	46	91	27	78	41	48	98	88	74	41	11	78	89	18	29	98	91	98	98	38	69	44	96	95	29	74	91	94	79	38	37	25	59	40	40	26	19	90	54	25	32	51	84	35	17	40	52	23	20	64	59	37	93	58	54	55	73	24	45	74	67	77	56	49	65	18	30	93	12	14	15	35	56	29	42	49	89	37	48	70	89	29	79	80	29	26	79	59	89	27	79	93	33	79	15	94	48	74	23	76	68	15	43	90	39	37	32	52	53	86	34	34	11	41	64	15	73	95	87	59	36	82	82	79	97	46	34	62	54	62	50	68	81	23	92	52	70	55	84	44	76	63	66	83	83	32	77	90	19	81	63	16	65	82	50	60	35	27	54	13	71	76	22	12	31	91	26	18	74	19	24	99	29	87	19	90	10	87	24	12	18	93	85	70	18	92	10	93	43	80	30	84	38	31	57	63	52	66	77	26	53	69	87	53	76	27	54	68	43	89	79	20	88	31	63	71	64	40	78	79	15	53	61	92	82	53	43	47	23	30	36	48	28	56	85	32	95	52	99	17	79	83	48	36	45	58	47	82	36	43	83	43	20	14	28	35	51	86	73	63	99	70	70	80	10	12	94	30	85	50	19	57	13	78	51	15	47	86	44	11	54	98	29	24	31	61	30	94	47	85	69	92	25	87	28	92	23	47	80	75	13	34	46	37	86	85	45	74	10	42	16	14	98	26	24	22	44	66	97
56	57	10	58	19	61	73	97	99	52	15	81	92	25	57	34	12	15	28	22	63	45	61	26	53	41	66	86	45	24	82	60	92	66	91	87	29	25	52	97	15	28	34	43	70	64	86	76	99	97	11	89	86	74	42	12	31	47	99	16	26	94	82	33	16	40	39	10	81	27	26	35	63	43	63	96	83	98	20	22	11	64	36	82	30	53	22	11	12	99	28	68	31	91	33	48	36	46	53	29	51	96	78	15	23	36	74	13	94	47	60	88	66	68	24	99	85	63	85	59	79	70	35	58	20	70	16	80	53	12	44	38	39	63	84	82	37	61	48	96	32	23	38	10	83	97	67	47	72	31	14	77	53	87	33	27	42	96	38	79	21	81	27	23	98	49	40	21	47	48	93	93	91	11	78	63	59	59	20	69	18	12	48	83	22	88	39	28	95	47	94	33	93	75	59	21	91	15	17	40	75	32	47	95	98	11	19	78	68	10	29	69	63	44	40	50	19	28	34	34	33	16	21	23	62	45	12	70	95	85	61	92	95	90	15	56	37	77	38	43	90	13	65	99	62	13	32	21	20	16	29	16	37	48	34	98	52	86	74	25	39	42	14	52	35	52	87	72	29	52	42	85	22	13	20	72	21	81	40	59	14	63	43	16	12	50	95	28	97	40	82	35	96	72	95	38	86	99	28	50	94	59	72	46	78	62	84	82	93	38	63	29	45	70	58	93	24	65	44	68	59	75	47	26	68	70	70	68	71	82	67	63	64	99	74	77	24	13	94	43	14	84	68	79	44	17	74	36	93	89	53	66	44	22	52	80	90	47	62	67	86	70	70	32	37	25	44	57	34	53	20	27	30	40	67	54	78	53	60	49	30	29	60	19	82	62	86	72	83	96	53	56	40	87	94	96	20	53	81	100	58	29	21	56	78	66	65	20	28	51	44	47	20	11	76	24	44	78	33	72	34	23	82	69	19	30	18	56	26	22	74	61	70	81	27	94	14	35	80	27	99	52	99	54	36	95	72	96	65	73	69	37	95	90	58	86	80	64	89	75	99	52	96	64	68	11	93	19	73	52	49	78	29	57	39	67	67	63	25	70	12	73	92	75	90	41	97	95	59	18	52	31	96	98	97	92	85	84	84	57	29	73	82	82	81	88	88	15	79	87	67	99	75	69	95	63	90	62	82	19	61	53	92	91	12	49	27	11	69	60	82	50	72	24	84	49	35	40	81	72	34	21	15	20	86	54	85	27	70	37	85	90	90	31	41	86	21	68	12	49	45	12	66	24	31	67	68	21	10	95	20	73	79	86	65	31	10	41	84	51	35	25	49	51	53	45	62	52	81	70	41	61	64	100	69	88	45	74	42	63	50	32	29	56	19	50	41	49	49	70	40	37	25	19	51	74	39	85	10	36	47	31	12	75	28	54	69	79	82	33	47	50	48	62	51	36	42	57	82	21	29	45	68	61	55	20	83	32	54	92	51	79	68	31	91	23	17	33	71	50	37	68	42	31	25	62	59	19	99	23	41	56	76	62	53	40	93	93	44	65	81	20	95	74	89	14	42	78	87	12	70	64	38	51	52	50	85	27	91	74	41	13	95	50	12	55	71	21	23	25	21	67	28	51	72	79	38	78	33	24	89	72	96	56	22	51	88	87	13	56	79	47	48	60	74	31	63	36	90	85	28	10	60	93	78	13	35	70	95	88	23	67	96	14	65	58	49	97	22	75	18	96	28	65	37	31	57	67	68	57	61	95	50	67	33	67	49	22	68	48	92	23	29	16	35	63	92	69	25	28	69	68	26	97	59	90	14	41	73	91	78	60	66	100	85	79	98	50	23	89	40	16	74	14	19	80	52	41	51	56	85	23	76	75	53	50	62	70	97	14	37	21	73	25	21	88	16	79	35	82	17	64	14	36	11	38	54	22	45	43	99	17	65	71	65	90	40	45	64	81	20	65	67	83	74	90	56	88	16	38	53	97	39	21	15	69	75	33	23	95	61	17	67	18	33	54	69	74	22	21	56	48	37	69	89	60	41	96	38	54	12	57	64	17	86	17	99	22	64	23	56	91	57	68	88	50	30	55	23	15	29	60	91	36	59	65	60	95	27	83	82	49	68	71	74	71	90	18	86	55	85	38	29	15	85	33	82	69	55	58	60	65	45	93	99	58	82	81	28	51	61	62	28	31	86	74	36	23	89	21	87	92	75	41	86	28	12	95	81	93	69	16	57	92	25	79	58	87	61	31	87	98	78	99	94	69	68	24	33	18
57	51	32	20	16	23	60	19	93	43	28	81	74	80	16	89	53	67	66	29	13	71	87	69	78	90	90	54	51	68	15	20	14	63	29	49	52	21	75	82	87	79	60	78	71	29	40	74	56	10	85	17	89	90	11	30	28	50	79	57	91	30	42	25	64	24	91	39	64	81	96	44	58	67	58	80	80	40	43	47	83	57	70	32	71	52	35	69	38	80	73	30	33	24	71	30	84	30	64	51	44	22	89	41	77	30	31	36	14	58	36	64	44	41	42	11	34	89	56	52	27	89	39	91	89	52	12	92	70	40	96	32	85	32	40	65	93	80	76	99	14	52	65	45	78	63	11	76	48	73	69	28	79	11	50	24	53	90	85	64	92	69	48	67	83	35	92	92	74	37	59	48	20	80	79	86	63	66	85	41	24	61	91	97	14	68	52	63	54	74	65	18	79	50	62	76	23	38	98	12	34	71	56	37	99	21	45	86	84	85	36	72	12	95	52	99	68	41	52	92	83	98	59	100	42	52	81	81	46	22	35	79	49	87	38	85	31	77	65	84	74	64	29	78	43	94	73	33	100	87	28	62	97	67	86	24	62	60	40	35	91	78	33	84	83	92	59	98	78	54	54	59	52	51	93	78	42	73	61	42	96	34	97	64	99	38	12	68	52	55	28	91	87	17	71	78	43	58	76	58	88	69	33	78	72	70	37	65	76	24	70	67	24	85	54	75	94	86	84	34	97	49	94	60	27	43	12	50	30	39	98	94	31	56	70	41	57	31	43	73	30	31	86	58	37	85	35	84	73	43	97	69	97	39	69	91	74	67	44	62	32	65	15	65	59	77	43	31	68	39	33	83	98	52	19	81	72	83	37	45	37	14	74	24	56	25	36	70	13	63	20	63	21	86	54	56	42	14	32	12	33	86	82	53	43	88	91	81	58	45	29	65	100	90	56	35	50	53	52	84	30	87	37	58	100	98	82	80	41	43	39	14	60	22	11	52	57	28	47	34	52	91	38	51	12	89	22	72	76	31	18	89	22	95	60	91	51	88	65	34	39	87	80	75	85	12	35	60	98	86	91	53	55	76	39	59	75	45	60	70	76	88	33	61	33	87	24	41	17	83	42	62	64	22	35	36	35	53	51	21	12	22	76	13	39	55	63	78	91	75	31	88	38	85	33	45	41	97	92	22	29	44	17	40	15	11	30	57	71	62	39	80	28	84	42	76	47	64	38	71	49	51	72	50	74	63	85	14	77	68	73	54	29	76	26	14	98	91	52	84	69	11	79	45	70	13	18	65	87	93	76	90	64	19	34	53	37	97	67	76	59	12	37	99	58	26	66	42	54	88	36	99	69	64	28	40	78	11	26	45	41	43	78	90	33	94	64	44	26	13	60	11	55	21	10	20	44	15	58	81	12	63	93	67	28	75	26	38	62	61	19	66	29	100	37	86	46	55	75	41	27	84	39	38	29	72	91	72	25	82	99	34	81	97	38	83	35	72	73	90	63	58	27	43	97	78	95	41	37	80	39	89	12	100	51	21	75	31	23	44	53	27	18	21	57	52	56	49	56	31	81	43	73	30	30	39	37	31	63	53	45	96	32	52	61	100	34	39	86	30	20	31	65	50	70	23	79	37	59	82	50	50	74	18	63	80	76	52	60	31	47	87	52	13	65	46	42	76	39	46	35	89	83	72	71	69	41	19	41	20	81	77	75	60	57	13	33	64	27	21	41	74	16	62	37	98	31	33	76	17	98	88	20	77	38	96	68	52	90	19	84	19	87	77	90	30	24	56	57	28	93	23	67	84	36	76	70	68	13	75	92	93	100	59	17	90	65	100	20	86	35	75	95	78	99	68	47	97	53	50	26	58	42	34	14	94	78	87	59	90	16	53	23	15	69	17	28	70	44	91	70	94	71	22	63	100	69	69	45	21	23	24	57	31	73	55	35	26	54	68	97	97	14	55	97	67	57	13	37	71	34	44	63	85	14	52	38	82	39	98	29	75	90	47	81	40	13	61	85	18	67	88	48	80	83	12	94	78	25	93	73	19	29	59	68	90	15	90	26	74	36	31	31	52	67	52	85	44	53	24	100	80	40	46	62	14	38	49	79	95	28	77	35	11	69	92	73	47	63	90	98	83	79	40	84	44	79	97	36	21	96	91	85	66	17	24	73	92	57	27	48	81	31	87	44	16	79	34	17	84	33	56	52	50	94	90	25	59	83	73	28	60	98	11	68	79	38	43	66	38	47	91	16	31	97	87	20	46	17	95
wj																																																																																																																																																																																																																																																																																																																																																																																																																																																																																																																																																																																																																																																																																																																																																																																																																																																																																																																																																																																																																																							
89	25	93	84	69	81	5	33	76	25	75	67	24	85	5	44	95	69	51	42	40	32	35	79	45	61	89	23	56	47	17	51	88	52	16	69	23	44	11	11	90	30	79	91	28	79	67	28	89	22	48	85	75	39	40	98	23	68	66	56	69	16	62	27	78	64	99	74	72	30	37	79	39	94	28	95	59	19	52	16	80	10	80	68	89	84	56	33	53	6	93	88	86	51	19	90	51	57	92	32	76	70	52	52	73	15	41	43	79	60	11	98	5	57	63	20	55	47	91	74	18	28	11	90	77	3	25	7	83	45	12	83	93	86	67	58	61	88	49	13	40	62	37	75	19	47	61	8	77	91	89	79	52	68	35	88	41	84	31	22	8	89	75	87	35	2	13	97	96	57	6	8	25	16	97	5	18	73	96	20	81	80	43	49	67	5	72	91	45	3	62	67	54	51	76	67	3	24	29	81	96	60	83	95	62	88	50	28	25	76	40	43	22	71	14	7	86	28	61	73	54	82	21	4	55	86	51	69	8	89	1	17	40	26	50	66	52	39	60	66	37	38	33	93	53	68	75	79	53	4	42	7	25	61	5	50	77	76	63	40	58	49	32	22	95	56	49	42	47	81	40	89	34	51	85	87	15	1	35	75	87	21	64	30	12	39	98	29	84	1	55	20	95	33	56	81	57	58	36	2	52	38	49	31	57	76	37	61	78	28	23	38	36	59	38	25	70	42	72	29	79	17	35	90	86	29	3	32	74	82	25	27	35	70	12	89	64	20	79	67	91	53	30	4	96	72	96	23	10	57	39	84	37	12	63	43	43	5	64	42	18	27	90	66	76	67	48	15	99	24	23	21	12	71	43	77	30	42	12	53	25	99	99	65	57	27	49	71	79	43	85	99	95	59	58	56	53	27	60	27	90	86	98	41	84	31	50	94	94	21	53	45	62	54	23	72	17	88	5	93	15	9	83	60	56	29	91	38	89	25	87	11	47	5	4	67	45	92	94	83	49	68	88	23	53	23	77	53	6	45	62	54	21	18	38	98	67	73	35	47	64	14	49	35	71	11	92	17	40	27	2	4	32	93	28	61	68	85	73	83	56	85	25	22	12	82	44	20	97	87	48	30	13	56	44	22	76	65	60	6	98	68	17	80	79	28	30	65	33	92	63	99	70	46	74	33	77	39	75	11	31	78	86	2	56	75	11	46	65	42	92	47	72	73	40	21	65	45	88	86	95	7	65	49	88	10	17	79	61	45	97	47	45	30	89	81	13	76	23	5	86	63	5	24	73	16	64	89	94	23	43	49	64	63	14	27	57	21	81	41	3	77	50	76	36	89	55	10	54	96	92	9	78	65	84	87	50	61	87	6	96	78	41	73	34	45	15	75	95	74	85	42	2	13	66	33	73	28	70	87	68	91	3	89	67	47	20	69	49	91	61	88	2	38	81	4	78	71	83	77	31	62	36	66	61	34	19	66	88	46	80	49	76	27	37	96	58	25	53	44	65	53	75	21	52	69	12	7	76	7	59	46	46	53	28	78	5	23	85	96	26	32	98	30	47	15	5	67	44	20	36	5	82	24	14	8	16	82	22	86	58	61	19	26	96	65	73	26	81	72	76	96	28	78	83	83	96	46	24	60	39	93	17	27	80	33	56	13	49	29	59	21	7	78	91	66	94	31	54	92	87	26	30	24	68	3	36	87	39	38	3	31	91	68	39	61	88	45	42	41	81	46	58	15	51	40	23	95	46	45	22	62	97	17	49	5	29	16	34	58	20	94	65	39	50	7	62	20	81	9	22	12	93	71	64	80	37	3	3	46	29	43	70	9	97	66	83	92	58	78	51	61	82	59	62	51	96	49	51	32	89	33	75	91	77	50	13	19	26	22	14	74	32	95	39	91	45	70	93	65	84	91	56	36	15	6	86	55	88	50	93	45	43	43	81	46	9	54	72	71	24	95	85	93	27	28	54	20	19	61	94	92	37	68	23	94	72	81	36	83	96	94	92	94	11	54	2	45	18	31	72	9	73	42	31	13	71	88	40	85	46	19	59	67	14	42	71	10	10	32	54	74	8	9	3	30	99	78	27	82	94	23	89	42	12	53	23	97	4	4	52	12	69	51	82	85	83	38	81	35	4	86	54	69	63	23	22	80	41	80	51	18	17	95	22	18	75	22	96	35	6	96	47	8	64	36	46	81	66	38	93	4	28	11	20	81	39	77	18	82	34	99	92	20	18	46	21	59	20	30	40	72	14	42	78	64	12	14	58	42
