pij																																																																																																																																																																																																																																																																																																																																																																																																																																																																																																																																																																																																																																																																																																																																																																																																																															
73	89	89	88	84	86	83	73	73	88	82	82	88	77	79	80	85	89	16	75	77	86	80	74	70	85	77	78	85	79	85	78	71	81	79	80	78	77	25	20	72	80	83	78	84	86	79	84	83	85	83	89	88	74	83	73	71	73	84	90	80	74	71	87	86	84	89	71	78	78	70	72	83	70	84	82	87	80	73	24	78	82	74	76	76	22	82	88	83	75	77	74	89	25	75	80	77	81	74	75	88	90	85	74	85	75	87	79	83	83	84	81	75	26	73	72	75	85	79	75	80	84	83	85	80	78	73	76	87	73	81	89	79	85	76	25	90	75	84	74	80	80	83	72	19	80	72	78	79	80	78	78	80	82	71	79	79	74	82	77	77	78	71	88	82	85	76	86	74	88	75	88	85	79	80	80	75	77	88	79	86	72	72	77	76	21	70	77	87	81	89	87	71	73	75	73	82	88	76	87	82	72	84	84	74	84	86	71	90	19	82	86	72	73	81	89	73	71	72	73	72	73	77	77	76	75	71	71	21	21	78	73	90	78	74	88	82	86	71	74	90	81	84	86	82	78	71	76	85	87	84	80	75	87	75	70	88	90	76	84	70	76	82	71	72	74	70	88	75	89	20	79	73	81	78	73	74	24	80	76	84	86	72	72	77	20	83	71	73	83	17	90	87	87	25	76	70	75	83	77	88	78	73	80	74	80	79	81	82	81	78	80	89	82	71	73	82	89	90	88	71	74	71	76	78	75	85	71	72	71	76	81	79	75	71	82	81	81	75	78	86	77	72	73	85	70	78	87	78	84	82	75	86	85	85	84	82	85	79	71	89	90	16	86	89	81	80	84	73	77	72	73	85	74	84	87	77	85	72	73	88	80	81	89	72	86	72	83	74	86	72	79	81	74	74	75	86	78	89	82	88	81	79	80	88	87	77	90	89	79	81	73	80	88	83	72	86	86	81	85	79	77	16	72	81	84	74	86	88	73	82	80	83	72	71	18	83	81	83	86	87	80	87	86	89	85	81	78	82	84	76	82	85	74	86	86	78	78	25	74	72	80	79	89	71	76	76	88	70	83	21	84	75	72	72	85	25	76	76	74	72	87	70	83	89	73	71	74	87	72	86	89	80	88	78	77	78	80	72	73	80	76	88	83	84	71	70	78	80	86	87	81	83	88	80	79	83	75	76	20	77	79	73	75	75	87	87	80	83	77	84	85	20	88	84	79	74	87	78	72	89	89	83	87	89	73	85	87	87	70	88	77	72	21	85	89	89	83	74	72	76	81	70	86	79	73	72	89	88	77	77	75	71	73	80	76	88	20	73	85	82	76	80	85	83	84	79	90	88	72	71	77	82	84	75	75	86	78	87	21	90	80	90	85	79	77	73	90	87	83	82	84	88	17	80	83	73	75	71	71	87	79	84	84	17	79	71	76	84	84	87	18	86	89	84	90	85	90	80	19	81	88	75	73	73	79	75	83	88	74	71	71	87	80	78	89	88	88	76	25	86	72	87	71	78	82	89	84	84	73	90	71	80	89	79	86	75	88	78	72	89	71	77	74	76	88	75	71	76	83	70	71	84	80	88	76	87	89	89	86	83	80	79	74	85	85	79	86	87	86	82	85	87	76	77	81	81	77	83	84	73	79	77	72	74	84	82	80	70	77	75	83	86	84	86	71	70	77	89	86	85	85	77	85	73	83	80	87	73	83	90	84	71	82	89	79	74	90	80	79	81	87	80	85	76	89	90	77	87	82	72	78	82	84	76	78	85	78	74	73	77	75	88	81	75	84	25	87	85	90	90	73	78	83	76	80	72	88	81	27
84	80	83	82	85	23	85	87	87	82	77	76	80	85	81	85	85	20	75	81	79	89	81	87	71	87	70	83	85	72	86	84	76	82	79	76	85	18	72	86	89	76	86	89	71	76	83	79	78	25	88	24	86	88	76	82	70	75	87	73	79	72	85	76	71	80	77	19	86	84	84	80	87	72	85	75	89	74	81	80	86	78	74	79	72	72	88	76	88	84	79	83	76	82	81	79	89	86	82	84	88	88	78	75	75	81	89	87	86	85	89	74	73	82	22	75	70	87	86	26	87	74	81	78	77	70	76	25	19	79	21	19	90	81	86	88	76	83	16	79	76	79	84	85	90	70	90	73	88	73	88	75	85	84	77	85	86	80	77	71	76	71	79	73	70	72	73	86	86	72	84	90	20	70	71	19	82	20	73	25	80	72	20	75	80	78	81	90	75	85	79	71	71	89	82	89	85	74	83	71	83	83	28	78	71	83	71	72	78	78	78	89	88	77	80	74	73	29	86	75	80	85	86	86	78	70	78	22	84	87	73	71	70	86	75	79	21	83	89	80	75	81	75	79	75	75	87	74	87	79	82	25	83	70	75	82	78	76	71	83	77	85	80	77	22	75	76	78	71	70	78	79	77	75	81	71	89	81	86	82	82	73	81	88	73	85	79	77	28	90	87	84	70	74	80	77	86	21	82	75	84	87	71	79	80	77	86	81	86	90	77	84	89	85	20	20	81	86	85	84	86	20	74	80	77	70	81	77	75	76	82	76	72	80	74	80	82	71	81	80	27	78	17	71	78	74	81	89	20	79	77	22	87	75	90	75	75	85	18	71	79	82	19	77	70	22	83	83	88	79	20	70	73	73	77	84	24	85	78	86	75	72	79	72	85	79	82	73	83	73	71	72	27	82	74	87	77	72	89	73	87	85	85	80	82	73	89	76	79	73	88	88	85	76	72	77	90	76	89	87	85	90	72	84	70	86	88	74	76	23	80	78	80	80	87	88	71	74	23	78	71	25	83	80	24	74	27	76	72	76	79	71	83	72	71	80	75	81	85	76	82	87	72	79	82	76	80	83	79	80	71	76	88	85	78	87	28	73	80	17	71	85	80	71	78	80	80	71	82	88	73	72	88	21	86	71	85	20	84	73	75	86	74	82	78	86	85	79	84	84	80	87	83	79	82	73	88	18	18	72	15	86	74	81	73	23	89	75	76	16	83	27	82	80	77	72	89	83	73	82	27	78	78	80	82	21	20	82	83	77	73	23	76	86	89	77	84	89	82	88	76	71	75	78	81	71	87	84	87	71	70	76	73	76	80	90	21	84	86	83	71	72	82	88	17	23	86	78	74	85	87	74	88	74	78	89	89	85	88	89	82	80	75	25	71	76	74	86	77	88	78	81	90	77	88	85	85	82	86	88	75	82	73	87	78	90	18	86	78	72	73	77	71	76	73	71	88	82	83	81	89	85	72	90	80	79	74	85	85	79	74	72	78	75	79	70	72	85	73	74	74	71	87	80	24	77	86	75	71	81	80	86	81	72	72	83	76	22	84	75	74	84	89	76	74	80	84	88	85	81	75	20	89	73	79	89	24	90	79	78	82	89	83	25	78	86	88	20	76	72	83	83	75	17	87	81	84	89	89	88	73	24	21	87	74	25	75	84	71	88	71	79	25	87	22	80	84	82	87	82	19	71	76	85	76	70	75	87	78	70	88	80	71	71	82	89	21	79	89	89	78	87	76	90	78	84	86	87	88	19	90	87	20	89	82	79	18	77	82	84	18	86	79	22	78	79	73	77	26	83	78	75	88	89	89	79	73	87	23	28
80	73	76	78	74	88	17	70	71	22	73	75	84	19	84	89	77	79	81	79	79	78	74	74	87	87	79	88	74	74	70	27	85	70	82	74	88	85	87	82	79	23	19	85	77	72	73	85	17	74	27	80	25	77	74	70	89	83	80	20	80	80	73	85	76	78	78	86	18	75	89	86	72	80	87	21	85	80	26	80	84	80	76	71	76	77	26	73	81	82	89	73	75	78	81	80	90	77	77	18	80	23	79	71	75	79	21	84	72	83	89	70	74	26	77	71	79	26	74	77	73	76	81	20	71	76	72	81	22	82	90	83	78	89	81	84	23	83	83	20	74	80	76	79	84	78	88	71	87	84	76	74	89	86	76	72	87	80	78	81	85	80	72	86	83	23	86	17	78	78	73	78	78	90	87	71	90	74	72	80	20	83	85	89	74	84	23	72	83	71	83	83	77	85	90	87	80	89	75	75	85	90	89	17	72	71	78	26	72	78	70	86	82	75	73	75	73	70	76	77	74	79	18	71	17	71	85	78	73	70	73	28	81	71	82	73	84	84	74	89	79	88	80	86	74	82	78	19	84	86	79	83	82	77	83	71	22	80	89	76	75	15	81	71	82	77	83	81	82	76	87	18	20	81	17	22	88	79	81	80	85	75	84	84	83	90	79	82	72	85	87	73	77	81	85	80	79	77	83	82	20	73	70	80	23	84	75	81	86	86	21	80	72	84	82	74	90	75	73	70	77	79	88	88	19	79	78	89	90	81	71	86	83	73	72	90	83	84	88	79	84	72	81	73	85	79	74	75	81	77	84	24	79	25	73	89	85	78	74	70	27	72	80	24	85	20	88	20	85	76	75	73	17	74	71	73	77	24	87	76	87	90	71	78	21	89	72	89	85	77	85	82	87	74	73	81	75	80	78	71	78	75	77	78	80	75	85	88	90	80	88	74	87	72	18	18	84	16	74	75	70	86	15	85	86	82	83	89	88	88	90	88	83	75	71	86	80	22	23	72	89	70	79	77	87	83	76	89	74	71	87	76	82	83	78	78	79	88	90	72	76	80	85	89	90	16	74	79	89	89	83	88	78	81	89	85	84	73	85	74	85	78	19	82	73	88	88	77	81	81	82	85	72	74	81	23	82	79	74	74	82	80	86	74	81	88	74	81	75	74	70	72	76	79	84	80	84	88	85	74	84	89	75	17	86	82	88	70	72	75	72	89	86	24	74	72	82	21	23	80	79	70	76	85	24	82	85	77	82	73	89	89	84	84	89	70	84	79	72	84	21	79	20	78	24	82	88	80	77	80	84	83	89	90	83	21	73	78	78	71	90	78	81	80	73	76	77	83	24	77	83	26	88	26	90	84	24	83	77	83	81	21	70	84	75	78	85	90	75	83	74	71	24	87	84	85	78	20	22	71	84	75	77	81	18	82	87	80	72	71	74	71	88	86	89	82	77	86	80	84	87	86	22	73	83	71	79	85	88	78	87	77	88	17	73	89	86	84	82	76	86	82	76	75	72	84	70	85	87	70	77	24	23	76	79	76	71	71	74	80	71	86	84	83	78	78	79	85	79	86	72	79	71	85	82	73	76	87	72	72	89	80	86	75	83	72	25	73	85	78	83	83	83	86	83	83	79	89	74	90	76	83	86	78	89	84	89	82	86	18	74	72	82	87	85	86	21	23	89	89	79	89	72	82	86	88	23	78	73	17	17	73	71	75	83	26	85	80	85	87	89	73	73	79	87	72	76	87	24	86	73	81	87	87	77	76	83	73	82	86	79	75	76	79	80	89	70	20	87	72	73	73	75	82	76	78	89	21	70	70
82	84	89	79	89	82	74	70	87	71	90	78	73	71	75	87	20	74	75	72	16	75	28	23	84	89	71	77	15	85	75	84	78	85	70	87	83	86	78	70	88	78	82	24	20	71	82	72	89	79	82	86	74	73	24	86	21	74	86	82	79	89	86	71	78	89	83	80	79	85	75	15	76	85	72	83	80	77	25	25	86	75	18	83	80	82	73	89	75	83	78	71	88	74	87	88	26	84	82	71	83	87	87	74	71	22	72	26	87	74	72	89	79	73	70	76	74	89	27	81	86	74	83	79	77	72	88	87	79	88	23	83	77	87	72	84	84	84	73	17	72	77	87	86	87	75	78	79	87	73	82	71	71	75	90	80	23	84	76	71	86	87	78	86	71	72	83	18	79	19	71	74	88	89	76	71	87	82	75	26	89	76	88	75	76	77	71	88	81	87	81	87	70	84	86	76	86	76	70	84	70	80	71	72	83	82	76	80	75	88	88	22	72	20	84	84	82	71	73	86	79	82	73	89	90	77	22	76	86	89	72	79	88	89	79	75	83	82	79	79	72	78	86	74	70	22	70	87	25	82	85	72	87	83	76	73	72	89	79	80	79	82	76	70	90	76	76	74	85	72	71	74	80	73	80	85	23	89	19	88	77	75	77	84	74	83	73	23	82	78	86	88	74	75	77	75	75	20	78	80	88	78	72	87	83	82	74	76	18	82	79	82	84	81	85	86	89	88	84	76	86	87	72	74	88	73	76	75	71	83	89	75	87	83	86	78	78	74	86	76	74	78	78	88	82	90	84	73	78	72	72	72	87	84	73	18	74	79	78	76	79	81	71	70	86	74	84	86	73	24	85	89	72	74	77	70	79	84	79	79	83	73	79	21	22	81	86	73	89	83	77	71	85	78	84	73	81	80	85	75	84	88	74	72	25	78	71	85	74	78	83	78	70	81	77	88	77	78	87	76	71	72	74	21	80	77	73	79	84	72	72	74	78	73	86	77	78	83	89	76	76	84	82	89	84	19	86	88	81	78	71	80	25	85	72	76	77	21	86	73	78	86	83	87	81	81	74	73	85	74	19	72	70	17	75	81	86	72	74	72	71	79	76	89	85	86	83	24	82	70	79	81	77	76	79	88	79	83	81	85	86	84	79	71	80	86	85	75	87	75	80	89	81	87	90	71	72	79	77	76	82	80	74	74	22	83	76	78	72	79	79	79	20	81	73	72	86	84	73	84	77	84	80	71	83	86	75	85	87	84	80	75	80	86	90	82	76	77	83	87	88	26	71	88	76	18	81	74	80	76	77	89	84	21	79	78	83	88	71	85	72	85	73	81	72	80	85	77	87	73	71	77	84	72	72	76	70	72	77	84	78	89	72	73	77	88	83	74	80	20	72	76	70	88	72	79	18	83	87	75	89	71	86	74	89	74	77	88	71	83	72	82	25	84	85	83	85	78	75	88	88	89	84	89	76	88	85	73	87	89	81	27	75	90	72	78	82	78	78	81	82	72	77	75	84	74	83	25	79	80	86	73	85	19	84	23	72	86	82	72	82	80	79	78	76	19	77	89	85	86	90	23	83	77	75	84	75	87	81	82	88	85	88	76	75	83	78	86	76	90	89	80	86	17	72	77	90	87	90	78	82	86	77	81	78	81	77	81	88	77	89	71	75	72	75	87	84	74	72	75	82	83	76	89	78	86	85	25	78	77	72	83	89	79	74	80	73	74	25	81	86	73	87	89	79	88	86	78	77	74	86	76	82	83	85	26	84	90	85	79	74	26	74	83	87	73	71	70	73	76	83	70	88	88	79	76	80	76	77	90
82	19	21	25	88	89	76	88	76	73	88	73	72	85	89	78	80	72	76	76	83	76	72	87	75	72	89	19	18	73	82	73	74	87	21	88	86	80	71	78	26	90	73	73	71	86	86	87	18	80	78	73	73	75	74	85	70	83	78	74	19	72	74	72	76	17	81	71	85	22	77	71	81	84	73	71	86	25	90	75	75	87	85	70	77	83	77	89	90	27	17	78	89	85	76	70	76	83	73	79	76	83	76	71	85	76	83	79	80	76	73	27	73	72	25	85	80	73	78	86	70	84	70	77	81	73	82	77	72	78	88	78	18	73	88	73	81	77	78	86	87	25	75	76	76	90	88	90	83	76	82	84	75	76	73	26	73	83	87	88	86	86	71	81	87	85	72	83	90	72	83	70	75	80	85	77	83	86	72	88	75	72	85	78	89	82	82	73	76	78	71	82	82	88	72	74	85	74	77	76	86	78	83	90	84	79	76	86	73	20	88	74	18	73	73	71	17	26	89	17	89	71	79	87	73	77	77	86	86	76	80	76	78	75	83	89	83	76	85	84	90	75	86	20	84	81	88	79	86	88	70	73	73	84	88	90	88	78	81	25	76	75	75	74	87	71	70	83	86	22	20	85	78	88	71	83	73	87	82	86	71	73	82	81	71	71	71	84	85	86	86	74	74	85	28	81	85	75	72	85	71	70	76	72	70	75	23	79	86	71	20	77	84	85	79	20	74	76	26	73	72	78	76	82	81	83	90	74	70	78	81	72	78	86	20	86	78	74	86	82	85	78	77	71	89	86	87	26	89	81	82	81	82	74	84	76	83	85	71	87	88	21	84	84	79	78	88	86	75	86	80	75	72	24	74	80	75	83	84	82	76	73	78	77	78	86	74	82	74	83	73	85	77	18	75	72	72	79	23	82	76	74	22	71	72	82	81	80	86	19	24	84	17	74	80	80	79	82	73	25	82	79	83	86	72	89	72	23	89	85	87	25	20	25	89	76	21	84	89	78	70	82	23	82	86	86	82	76	81	71	87	87	89	89	23	72	80	81	71	75	20	21	73	82	78	89	71	77	87	78	79	81	77	81	74	23	82	86	81	87	73	75	78	84	79	83	89	79	72	83	83	20	83	88	85	71	73	83	75	89	75	83	19	79	18	86	80	86	74	76	74	80	83	76	85	89	84	20	84	74	70	90	71	82	79	70	22	73	73	83	81	76	77	85	80	85	87	79	24	86	84	89	83	73	86	86	88	86	16	75	77	76	73	86	90	81	89	77	74	90	81	85	72	83	23	90	82	78	88	72	22	86	24	77	77	80	75	80	81	87	73	73	77	74	71	22	78	78	81	73	78	78	87	83	81	80	87	84	75	75	77	83	83	72	74	82	77	85	77	74	83	78	24	86	81	25	79	70	82	72	17	76	76	88	79	82	85	87	71	71	79	77	86	75	81	83	86	86	84	82	86	74	86	89	25	22	73	19	73	22	82	84	78	77	81	79	72	88	84	85	75	79	82	86	83	22	85	88	82	79	72	84	81	78	86	76	78	73	83	76	88	84	87	21	74	81	22	75	72	84	76	77	82	73	75	81	88	70	82	83	88	85	88	80	81	86	73	89	84	88	76	76	70	76	75	80	83	75	72	82	85	74	84	71	89	74	85	89	21	75	76	73	81	81	87	83	84	80	81	80	88	84	70	88	87	76	70	84	87	70	74	24	82	77	78	86	77	88	73	76	15	86	82	89	70	89	73	25	72	73	87	74	85	88	71	89	80	79	85	84	71	81	89	82	77	72	85	75	78	85	80	77	79	76	73	86	70	77	89	71
18	83	71	86	19	74	70	76	16	86	86	77	19	21	84	76	87	85	82	76	88	81	85	77	84	83	74	73	79	77	89	82	19	89	88	70	81	79	78	84	86	85	86	83	86	75	81	76	88	86	81	84	70	82	73	72	71	83	77	77	74	81	80	90	81	75	88	81	75	70	86	82	84	70	75	70	80	72	85	76	90	74	72	24	89	86	78	70	85	84	87	74	82	25	89	24	74	81	19	87	78	72	81	79	80	81	77	87	78	18	78	84	82	77	84	26	85	73	72	88	80	71	81	72	80	85	84	83	87	76	80	90	77	70	81	84	90	81	83	88	79	77	81	19	75	70	79	24	82	20	85	18	78	71	74	81	73	86	87	88	77	88	86	89	78	79	79	80	77	84	85	74	79	87	75	82	75	88	82	80	85	86	81	83	87	73	83	89	72	73	89	77	71	79	84	81	84	79	81	73	74	75	71	75	73	89	79	71	73	70	80	85	82	88	83	79	83	76	73	83	89	83	73	79	86	74	79	80	19	77	80	77	77	79	73	74	79	25	79	88	81	88	82	74	19	83	79	72	80	78	74	79	82	85	19	19	90	75	81	86	17	72	90	83	78	89	88	82	83	80	73	86	88	90	87	81	77	77	71	87	88	74	75	85	25	76	84	80	78	90	90	80	20	76	74	80	82	71	83	85	82	73	88	80	22	70	74	81	77	21	88	85	78	83	80	76	78	83	84	27	73	88	81	88	72	77	74	86	86	25	84	82	86	29	84	90	74	88	72	19	73	86	73	26	79	16	77	72	76	80	70	83	80	74	84	71	75	87	70	73	75	71	80	80	88	81	84	84	82	86	78	75	85	72	77	81	84	87	72	77	74	72	89	89	73	88	78	72	17	71	89	77	79	81	86	78	77	19	88	78	27	77	82	80	84	26	90	73	88	82	85	77	76	23	72	72	80	75	85	86	72	89	89	22	80	88	25	78	76	83	87	80	72	85	79	81	72	83	73	87	88	87	79	77	82	83	87	85	18	79	77	70	75	83	76	78	80	78	81	88	89	86	74	76	83	81	75	24	85	72	83	74	81	71	81	80	81	79	78	17	88	75	85	77	72	23	85	77	75	74	75	75	75	86	21	79	83	86	87	70	72	88	73	20	90	87	26	85	16	20	88	73	26	25	22	74	72	81	73	72	80	71	74	83	82	79	79	77	75	77	76	77	79	74	88	21	81	77	90	26	84	89	74	78	79	84	74	83	71	86	72	84	74	78	79	75	19	18	85	79	23	79	84	84	77	86	87	71	81	75	81	79	90	89	19	89	76	80	79	18	76	79	87	87	88	78	72	83	80	89	80	70	74	78	89	85	87	78	75	73	70	73	86	80	75	88	80	86	81	84	19	76	77	84	76	78	87	86	72	88	79	87	73	88	82	88	81	88	79	18	83	76	71	79	84	80	27	77	73	87	85	18	80	20	90	72	77	78	88	76	85	76	80	80	24	88	22	87	24	83	20	72	74	78	75	77	81	87	89	83	81	25	77	85	71	83	80	74	82	76	78	76	80	18	76	18	80	86	81	24	88	79	71	20	83	23	75	71	80	89	86	89	75	87	75	78	88	20	71	26	88	74	88	76	71	80	70	84	73	80	86	70	86	74	80	76	27	80	22	82	85	80	73	89	89	85	78	77	26	19	87	79	27	22	82	87	80	84	84	78	75	73	82	75	79	85	85	89	77	82	86	74	71	74	84	20	84	77	87	74	26	79	89	81	90	85	75	81	78	75	85	86	71	75	80	88	81	73	89	83	83	84	83	74	83	79	75	90	82	89
73	83	75	83	76	85	70	77	83	76	74	74	83	87	88	74	89	74	86	73	70	78	82	74	84	16	75	83	72	81	89	82	85	77	71	77	84	77	79	75	77	82	85	90	81	82	81	78	88	81	85	74	82	81	88	88	76	20	81	87	79	90	79	78	71	72	70	75	73	76	73	80	16	85	86	77	86	72	78	71	81	19	80	87	89	88	71	84	79	83	80	81	83	82	87	87	26	71	73	80	76	86	75	85	85	75	88	80	71	81	75	81	78	82	70	74	27	74	87	85	76	83	75	87	72	87	20	77	88	20	84	87	81	89	74	77	76	73	85	90	71	79	85	87	21	77	81	82	86	81	89	73	25	81	88	72	76	71	89	89	80	82	79	88	84	86	76	81	22	86	86	71	20	81	87	80	86	82	79	89	81	70	72	19	80	75	86	79	75	84	86	89	77	71	79	77	18	18	71	73	86	80	73	72	75	71	26	87	26	86	84	76	80	82	88	75	84	82	90	72	75	75	77	81	74	80	73	85	77	85	80	72	86	71	25	88	80	70	71	81	70	77	70	19	73	85	84	76	85	25	87	73	89	81	74	70	90	78	83	89	82	83	90	73	85	70	75	80	85	88	86	71	88	83	88	72	86	22	75	23	85	15	88	89	78	83	75	74	76	81	84	85	86	76	88	85	18	76	85	75	82	88	22	23	82	74	77	71	78	82	83	88	21	77	79	86	84	89	75	85	24	88	22	75	20	82	79	85	75	90	26	71	90	74	73	21	73	74	71	75	23	82	78	72	90	86	21	78	81	81	81	73	89	74	71	77	79	90	77	74	76	88	73	79	89	89	76	87	71	81	74	77	89	89	80	70	81	78	78	71	19	89	78	80	72	81	75	73	18	74	75	77	81	18	71	77	90	86	87	82	71	20	80	19	73	26	24	77	74	78	76	80	89	83	20	85	83	16	87	72	74	85	86	77	71	80	75	72	23	74	83	89	86	78	90	76	23	82	85	82	84	83	89	22	90	72	26	74	70	75	78	83	88	71	86	27	85	75	84	70	71	83	87	72	73	90	75	74	79	90	72	87	71	18	90	86	87	80	80	74	21	73	83	71	81	75	75	71	84	88	89	72	76	22	76	89	86	88	86	78	87	88	87	70	76	26	81	84	72	19	71	75	75	86	74	71	84	75	72	80	77	76	70	76	76	75	84	90	80	79	78	79	74	89	70	20	70	70	73	79	27	78	81	26	90	75	18	75	85	73	77	80	88	79	25	77	76	78	82	20	79	89	73	89	87	71	80	84	82	84	85	90	82	78	79	24	85	76	24	88	82	88	27	77	70	81	71	79	72	76	75	83	90	88	81	75	22	84	23	84	73	71	24	70	82	74	80	20	76	87	70	83	78	71	82	73	76	74	90	76	72	77	73	79	89	78	86	84	76	79	79	74	80	86	25	84	84	87	22	88	87	71	71	86	70	72	79	81	81	74	76	80	17	88	70	84	87	89	72	74	74	23	73	18	78	75	75	81	86	79	77	89	79	72	87	88	85	85	81	76	77	79	77	90	87	89	86	72	21	88	76	83	21	17	72	73	70	88	71	86	88	19	88	84	76	76	79	72	79	82	83	82	86	77	76	79	74	73	80	84	76	79	83	84	80	86	24	26	85	77	16	79	79	75	83	75	89	81	74	75	85	80	71	81	83	75	78	90	86	71	72	84	16	90	22	80	75	81	84	84	82	88	76	73	71	20	89	79	81	84	79	25	70	86	16	87	78	72	84	75	87	73	79	72	24	29	75	80	84	72	76	82	86	80	73	85	76	89	71	87
90	85	71	78	74	77	84	86	85	77	84	85	76	70	82	84	72	24	80	79	72	79	82	84	85	74	73	74	77	79	20	78	80	75	89	87	87	84	84	84	83	23	17	79	90	84	73	88	73	25	83	81	23	84	83	83	88	74	23	78	89	73	88	18	72	76	21	74	86	86	81	18	71	72	70	72	88	86	83	72	20	85	80	88	22	21	87	85	89	82	72	74	89	78	83	26	90	78	79	88	90	82	76	73	71	72	80	83	75	78	81	89	85	81	73	80	85	27	76	84	83	83	89	76	78	90	88	87	84	78	83	83	82	82	26	83	81	84	80	80	86	80	88	20	72	86	76	88	20	89	27	82	85	72	87	73	78	81	70	80	80	87	77	72	86	82	80	79	89	70	24	78	79	21	18	90	18	71	83	76	22	75	84	84	19	19	88	24	84	70	79	71	73	81	87	17	72	84	83	78	74	78	76	86	71	89	87	78	73	74	20	71	83	72	84	90	82	71	76	74	80	83	89	83	77	88	24	79	77	79	81	88	71	18	79	83	90	90	17	89	76	89	77	87	90	87	78	80	80	77	71	24	90	20	82	87	80	74	83	76	72	79	86	85	89	88	80	28	75	88	85	80	70	83	88	73	86	88	83	74	84	87	88	87	90	74	84	74	80	23	73	20	86	80	72	84	82	88	17	74	74	86	79	22	73	72	86	25	71	81	89	20	79	80	80	83	81	82	81	75	83	80	71	86	89	79	85	70	87	72	74	76	86	70	85	75	83	80	90	76	74	87	84	81	86	90	77	83	76	86	21	83	75	88	86	73	24	71	86	90	82	71	88	79	80	86	82	74	19	72	77	81	83	79	25	87	82	80	86	27	79	74	79	79	86	88	78	76	89	71	80	87	73	85	82	26	90	80	83	90	70	72	71	81	73	83	79	21	88	81	22	74	83	80	80	76	22	77	26	81	72	88	72	86	23	73	81	22	83	86	82	23	79	83	20	87	77	73	74	19	85	70	89	82	72	73	78	86	84	78	76	80	83	72	81	81	81	72	78	86	82	71	71	85	23	78	88	83	78	80	87	73	74	73	85	83	85	24	72	75	72	78	88	77	76	90	74	73	20	89	82	70	83	88	79	70	76	83	88	22	85	18	88	82	81	82	28	81	20	84	81	87	27	71	90	84	85	74	75	86	89	89	85	85	87	77	88	88	75	76	79	78	71	84	20	80	19	80	72	73	71	89	90	77	73	80	76	17	86	81	75	81	85	74	84	87	82	78	87	81	81	89	71	75	85	90	86	87	18	89	80	20	76	74	80	81	21	20	87	80	74	74	72	78	81	78	28	76	72	72	74	87	85	77	71	84	78	78	85	82	16	76	88	82	22	85	17	17	74	72	85	75	86	72	72	70	79	75	20	73	78	72	71	75	82	83	89	18	90	89	87	89	83	74	81	74	75	27	86	77	72	19	79	75	83	87	22	72	88	86	84	84	80	75	78	76	75	73	89	75	87	74	75	81	89	72	89	83	79	89	79	72	86	82	73	72	82	81	77	86	86	76	82	73	88	84	72	27	75	87	86	77	90	74	79	78	74	87	89	85	74	72	87	89	82	77	25	87	73	79	76	86	84	89	85	87	88	77	18	78	77	74	90	79	78	25	80	77	72	76	83	18	83	88	21	83	77	83	76	22	89	22	86	71	24	75	80	73	86	80	81	72	16	88	79	83	18	82	85	87	70	90	85	27	70	89	80	24	88	84	86	87	86	24	76	80	82	23	71	81	74	76	77	81	77	83	82	71	85	71	73	81	74	18	73	83	75	78	77	73
20	89	79	87	74	73	90	76	86	85	79	28	71	79	85	84	81	85	76	87	80	82	81	76	71	73	87	80	87	77	80	88	87	87	19	24	79	81	74	83	86	83	75	73	87	78	87	25	78	80	81	24	74	89	72	81	89	71	86	89	17	89	90	70	74	86	83	77	76	84	76	89	88	89	78	84	85	26	83	74	77	73	81	76	72	87	87	78	74	81	79	83	74	79	79	86	84	19	85	73	80	89	77	87	84	78	88	88	73	85	87	78	88	78	83	87	77	76	80	77	78	75	77	19	80	83	90	74	73	86	80	72	19	80	84	83	73	78	79	80	75	76	85	71	89	87	70	70	76	82	84	88	82	85	84	72	79	77	85	77	76	71	21	87	75	76	86	83	85	89	80	23	88	89	86	80	85	75	81	89	90	71	84	75	88	82	87	73	87	81	70	23	80	25	75	86	77	89	81	72	78	77	88	79	76	21	88	80	72	90	74	74	78	86	29	77	85	72	78	83	79	73	89	81	20	88	71	87	89	72	75	77	72	75	77	22	86	81	80	73	72	80	77	83	88	89	86	74	86	74	82	78	76	85	87	83	82	80	71	86	85	72	81	77	84	85	89	81	85	83	83	73	85	74	80	20	78	87	83	76	85	88	83	87	70	72	83	84	85	25	73	75	84	82	84	77	87	71	81	27	88	19	90	74	83	90	22	88	77	74	83	84	23	89	71	83	87	22	75	88	73	82	70	86	90	89	20	89	75	25	25	88	77	80	71	83	78	90	26	85	88	88	87	87	74	76	74	76	86	71	90	77	78	84	75	85	85	18	82	19	81	81	77	80	74	74	88	75	89	88	82	73	86	24	84	81	87	81	79	89	75	73	90	72	83	86	73	73	72	74	18	76	80	71	88	75	71	81	80	18	89	79	74	19	83	77	87	82	88	77	73	75	78	85	79	76	73	75	77	80	79	87	85	90	24	84	24	71	80	88	88	82	81	77	81	70	71	79	86	79	87	73	81	24	77	87	82	74	86	81	72	17	88	83	83	78	87	90	89	71	84	73	82	88	84	18	73	79	80	70	73	72	83	73	87	77	71	83	90	80	79	70	79	72	17	82	25	79	70	85	83	90	84	76	77	84	82	88	76	88	76	77	83	84	74	79	85	75	79	87	21	84	89	83	89	84	83	75	83	75	71	75	84	81	84	80	73	78	71	75	86	75	87	82	78	82	70	84	78	80	76	74	85	82	90	85	72	18	72	24	79	23	86	76	80	76	87	77	84	75	83	80	82	82	84	88	71	22	20	18	90	84	22	75	82	72	78	84	73	71	77	83	81	71	77	84	78	71	80	84	86	71	85	78	20	74	87	90	73	88	74	77	87	73	84	85	83	88	81	20	76	79	83	84	80	77	78	84	75	73	70	20	78	85	74	21	73	79	85	17	73	72	76	72	86	80	28	90	84	82	86	74	76	77	71	85	84	21	76	87	84	70	73	85	25	88	85	85	77	88	82	73	78	73	86	90	16	86	74	89	87	79	75	70	21	77	27	78	80	74	75	80	20	90	23	86	21	76	80	77	70	87	71	74	77	82	86	75	75	82	83	73	76	87	22	88	85	89	85	86	27	89	77	89	74	78	82	76	19	83	87	88	75	83	20	82	81	71	80	90	87	80	83	22	86	88	80	82	89	77	79	88	80	87	81	88	81	72	90	84	76	81	88	20	70	73	75	78	71	72	72	80	82	71	78	77	71	88	84	81	89	78	89	73	72	87	76	84	86	74	71	82	25	79	70	81	85	90	71	87	16	77	24	73	73	25	75	79	82	77
89	74	78	77	79	77	83	85	89	24	89	80	19	78	78	88	73	72	88	19	74	89	27	89	24	80	81	76	77	76	83	80	74	76	88	74	74	73	74	21	87	81	88	22	89	88	76	81	79	80	82	79	90	86	83	84	73	84	80	87	79	26	83	90	73	73	20	83	76	77	78	78	86	88	85	80	78	74	73	83	88	83	74	90	82	89	74	15	78	72	75	81	83	85	74	90	80	87	78	85	87	74	80	18	17	83	22	79	74	82	89	81	88	74	81	78	76	89	82	88	82	79	76	72	80	84	88	82	80	82	89	79	79	74	86	89	81	84	73	84	25	85	27	81	72	24	75	84	77	85	77	85	85	24	71	71	77	80	80	74	77	89	73	73	74	85	80	85	24	79	85	77	77	88	84	72	75	73	75	78	83	85	83	78	87	72	83	80	27	23	79	72	90	72	79	72	86	74	86	84	88	90	86	86	81	90	76	89	75	84	79	71	78	86	85	20	75	88	22	79	76	76	89	23	75	84	79	71	84	80	77	83	23	88	70	21	70	84	90	18	73	74	71	81	18	22	81	82	80	74	75	76	75	75	85	75	75	73	78	73	87	17	88	79	73	20	20	26	85	90	71	74	73	78	74	77	87	82	86	77	87	83	82	70	26	78	74	81	25	88	84	75	87	80	76	24	70	86	89	27	76	78	79	82	87	25	87	90	89	86	71	90	83	79	76	79	85	76	78	79	72	19	83	26	74	90	87	78	79	78	80	75	17	80	86	78	70	82	24	73	87	70	79	27	81	75	77	81	22	79	80	72	85	86	23	21	80	83	74	76	75	88	76	81	17	82	80	82	78	86	17	75	72	88	84	20	70	76	74	90	89	81	86	72	84	84	87	87	77	72	73	72	86	87	84	77	20	76	76	72	26	76	81	84	78	72	82	79	82	75	75	81	78	25	85	73	79	70	79	77	27	86	84	84	76	78	86	77	73	79	81	84	90	86	84	72	83	71	80	72	71	82	79	77	90	18	85	88	79	80	71	80	87	89	78	88	87	77	25	22	72	70	25	80	77	81	21	80	24	86	90	76	74	77	70	75	73	85	81	86	81	22	88	23	90	81	74	86	71	22	76	82	74	84	90	20	89	86	74	84	18	75	87	79	82	75	81	84	74	86	85	71	77	71	79	86	79	75	79	71	72	22	86	20	72	80	75	79	27	87	87	78	87	77	19	88	89	84	88	27	73	25	27	88	87	83	78	78	85	81	82	73	19	80	86	84	88	79	80	80	86	80	85	87	89	77	70	73	76	79	90	72	81	80	85	82	90	75	22	89	74	75	80	82	77	78	86	24	24	84	90	85	78	89	85	17	72	88	82	21	76	84	74	84	24	88	88	83	85	84	90	84	87	78	22	26	75	84	80	25	86	74	70	84	86	76	70	82	77	71	77	76	82	85	76	71	81	81	87	82	75	86	88	86	88	90	82	86	72	87	78	88	78	84	88	79	72	71	86	81	74	78	86	75	77	20	74	82	20	84	87	81	74	72	73	89	82	73	25	19	83	78	83	81	78	83	73	76	74	77	78	72	73	75	20	81	77	79	70	71	20	88	71	89	87	74	83	72	77	84	80	71	88	77	86	88	72	70	83	79	22	89	78	81	73	87	78	76	74	74	87	85	90	72	79	80	84	74	88	78	21	88	78	71	88	87	23	81	26	89	79	26	72	83	86	78	85	72	70	71	72	78	81	87	73	70	24	85	77	79	29	85	82	84	86	79	79	22	88	80	72	82	71	79	78	81	73	83	84	77	76	23	76	78	71	71	23	80	72	75
83	18	76	76	88	90	78	84	71	84	85	87	87	77	85	74	84	79	82	83	88	82	85	72	84	90	89	85	77	85	87	90	80	75	77	87	84	72	26	73	25	73	77	75	22	75	82	25	89	78	88	73	77	15	90	70	90	86	80	18	71	82	78	88	76	18	86	88	72	83	85	87	84	19	21	83	89	84	75	87	85	90	79	74	82	86	82	87	77	26	84	21	83	84	90	77	81	19	79	72	83	87	84	78	78	80	71	70	77	79	90	85	74	80	75	28	89	89	78	78	82	87	24	88	78	76	77	78	76	77	85	72	90	77	79	89	21	85	18	88	78	28	75	75	85	84	83	21	77	20	77	20	76	77	82	74	73	25	74	72	20	77	72	70	77	82	71	78	78	87	84	83	73	72	82	88	78	89	79	78	74	88	76	88	18	72	84	24	84	24	83	71	80	87	73	77	73	87	27	73	81	17	74	75	86	72	83	78	82	72	85	78	74	78	86	71	86	86	78	75	81	79	89	70	76	78	77	70	81	74	19	80	75	83	78	72	71	80	74	87	74	70	83	70	85	75	74	72	73	87	82	73	73	86	74	77	71	86	88	88	75	82	77	21	89	89	76	82	87	74	70	89	86	80	75	84	74	79	73	22	27	15	88	23	81	76	83	89	86	85	71	76	77	80	77	88	83	75	83	79	90	75	90	87	84	78	80	78	70	85	79	77	87	84	73	76	75	20	77	77	78	74	87	24	72	81	86	88	22	71	83	83	77	75	77	71	88	72	88	79	82	87	74	82	72	84	82	73	89	82	72	76	79	77	22	85	73	88	77	83	89	21	87	84	87	85	72	83	83	89	83	80	73	77	79	20	87	89	71	72	89	73	78	86	88	89	24	74	74	84	90	81	88	84	80	70	21	89	87	74	82	78	76	89	87	74	78	76	74	84	83	71	80	85	77	85	77	84	71	76	89	19	86	77	77	80	82	73	22	88	79	82	71	77	76	81	87	82	82	90	22	77	88	88	83	76	90	84	73	84	74	20	71	74	75	23	81	74	75	89	21	86	72	74	70	82	81	73	71	74	74	86	85	85	83	73	73	77	88	86	87	85	73	84	86	77	70	84	80	82	83	72	75	77	70	86	76	82	82	78	85	77	90	77	80	82	90	83	77	83	76	71	71	87	72	84	89	77	88	85	78	86	71	83	24	76	80	17	77	73	72	71	74	80	80	83	79	80	78	71	90	26	86	73	90	82	80	74	88	86	82	88	72	82	24	22	75	83	90	87	80	81	83	21	81	20	80	85	81	71	85	85	84	74	82	88	71	79	78	74	20	78	78	76	71	81	76	86	85	26	77	85	77	84	87	79	87	25	87	84	85	21	83	80	81	89	87	78	72	70	89	86	86	75	85	85	75	74	72	25	16	77	89	86	90	80	71	86	77	84	73	86	73	20	76	28	77	71	23	72	74	78	90	71	83	74	79	81	89	81	75	85	81	73	87	71	83	79	71	83	75	78	71	80	83	86	86	89	78	88	81	83	89	90	82	72	76	73	73	20	84	71	71	79	84	82	82	71	78	88	23	86	75	86	85	71	81	24	27	26	85	84	70	85	81	83	87	77	71	90	88	77	74	75	76	77	26	79	73	87	71	88	86	71	70	80	74	25	85	76	71	18	81	71	84	80	23	73	77	84	79	84	77	88	71	88	87	88	76	75	77	80	83	90	22	72	78	85	76	80	83	24	71	81	26	81	71	76	73	84	86	28	72	86	80	76	70	79	89	89	89	73	71	85	82	74	83	74	77	21	73	23	81	74	72	72	86	85	76	71
83	70	78	84	86	72	73	72	84	75	85	25	72	73	19	77	18	77	78	17	83	84	76	25	79	71	90	87	71	72	81	76	73	86	79	26	27	87	74	78	71	90	72	79	70	28	73	82	89	77	83	76	85	80	23	87	82	73	88	74	82	76	71	78	19	83	76	79	76	88	24	80	71	86	71	86	76	73	89	74	78	19	70	83	82	78	75	84	86	87	81	79	80	72	71	71	84	82	86	17	80	25	74	72	84	82	74	80	22	19	80	27	23	70	75	71	87	76	89	84	76	74	74	86	77	23	76	72	74	82	87	71	83	81	27	76	85	76	83	72	71	81	88	79	76	73	76	88	89	78	28	80	88	89	85	80	22	75	83	90	73	77	89	23	19	82	86	78	77	76	71	72	80	80	16	72	82	75	78	80	81	24	76	80	78	70	87	81	76	75	24	74	75	26	86	86	18	86	75	17	84	79	88	78	89	74	87	89	71	75	78	71	87	20	80	76	17	78	76	83	20	70	20	90	85	79	87	89	81	83	18	73	22	20	72	90	80	85	85	80	80	77	78	81	86	78	80	76	72	78	75	78	85	74	80	70	19	18	76	77	72	90	90	80	78	77	77	87	28	23	87	80	85	88	83	81	80	86	85	87	70	80	84	85	83	73	73	87	84	89	74	84	78	73	83	86	78	89	18	83	75	72	81	75	71	78	78	75	75	88	82	74	81	70	85	73	24	77	71	88	24	89	72	88	83	72	87	80	86	71	78	76	18	79	87	90	84	87	77	20	83	83	73	88	88	81	18	74	90	82	77	75	83	89	83	86	24	79	80	75	83	72	75	74	75	76	81	76	72	75	76	76	82	85	82	77	83	77	73	87	19	80	85	87	86	80	81	74	82	84	78	20	83	79	83	84	89	84	74	81	86	80	76	85	84	71	81	78	72	86	81	76	74	75	71	79	79	83	83	73	87	78	81	76	78	19	80	86	80	86	22	81	70	24	74	73	84	75	82	90	87	76	77	75	71	85	89	21	82	74	88	73	75	75	71	83	24	85	83	71	79	86	86	89	85	89	79	84	79	75	79	71	90	89	71	88	78	75	22	76	71	88	73	72	79	24	80	71	76	75	77	86	75	87	73	73	83	75	72	90	82	80	78	77	83	73	84	90	71	86	83	76	71	88	74	80	84	89	84	76	79	83	76	84	79	73	75	75	79	16	83	86	76	75	75	78	88	75	81	81	86	71	73	74	24	73	81	77	87	79	28	82	18	84	71	88	87	79	26	86	87	86	84	84	88	77	19	70	73	85	84	84	83	89	81	86	71	82	89	77	20	16	74	24	21	76	75	87	87	86	77	82	16	72	89	79	83	25	77	84	76	89	75	82	79	87	16	70	87	85	78	19	87	88	88	90	78	81	71	82	83	73	80	89	75	74	77	75	23	73	74	77	83	90	88	74	76	85	73	85	73	76	84	76	89	79	85	89	72	72	18	23	77	71	83	20	87	83	87	72	82	86	73	79	85	82	18	85	89	82	82	80	76	80	77	81	90	23	85	90	84	72	20	75	79	74	77	88	80	24	78	75	86	72	82	71	77	84	87	71	78	82	89	24	80	85	72	79	25	74	28	79	80	73	25	84	82	86	84	75	87	84	89	81	20	73	87	75	72	90	74	88	75	83	80	27	77	78	80	89	87	85	73	80	89	89	83	77	89	86	17	87	81	74	87	27	76	86	87	71	77	73	25	75	79	83	78	80	87	83	77	71	72	85	83	84	18	78	79	88	82	89	26	77	82	72	71	81	76	70	76	89	76	83	79	90	88	90	75	85
72	78	90	75	90	89	88	70	80	72	24	85	88	80	20	23	79	76	79	89	82	18	76	71	78	87	73	73	78	21	23	76	73	76	82	90	81	89	79	70	79	77	87	70	85	77	74	87	75	84	72	70	90	73	80	78	80	77	85	86	86	76	20	83	18	82	86	89	84	81	72	71	76	82	85	89	79	80	80	81	83	80	81	87	78	77	84	86	84	77	74	89	74	89	22	76	74	75	86	78	79	79	85	88	16	24	72	87	79	71	72	81	89	76	79	85	84	84	77	72	83	75	78	78	17	83	20	87	90	81	81	76	71	80	80	86	89	85	74	75	26	73	88	73	73	84	72	85	87	73	80	78	72	88	74	79	78	86	73	18	90	23	72	87	89	90	21	73	85	17	87	24	82	81	87	82	81	80	84	77	81	26	78	77	74	76	86	73	84	78	74	23	72	85	71	19	87	78	27	82	27	86	73	74	25	85	74	74	70	84	71	87	20	89	25	83	71	80	76	78	20	88	88	80	88	20	72	26	88	76	72	84	73	81	77	72	82	81	73	78	76	71	81	86	72	75	85	88	80	72	82	89	87	19	83	76	76	84	86	76	84	80	86	74	22	80	74	83	84	75	77	85	82	86	75	73	87	71	88	86	89	85	24	85	89	74	86	25	85	71	85	19	80	71	75	79	87	86	80	84	75	80	76	83	76	88	76	76	84	75	87	84	75	87	87	83	76	90	81	88	76	72	25	77	81	74	75	71	22	89	76	29	89	82	20	77	77	20	79	81	79	26	74	87	85	73	89	83	84	23	90	71	70	84	76	86	88	74	18	86	88	90	72	87	87	83	78	82	71	85	83	74	78	79	86	83	77	89	20	71	89	76	80	73	89	79	79	88	82	71	19	17	76	74	71	89	75	89	70	16	83	21	25	79	25	87	72	85	72	75	85	23	80	75	77	77	21	71	72	71	82	77	77	75	83	76	84	88	78	79	79	86	20	85	74	81	73	82	76	81	82	83	73	72	78	80	70	77	87	82	21	83	86	28	23	85	74	78	84	87	89	90	77	27	81	79	90	71	27	79	78	73	88	89	78	81	78	73	83	78	83	22	82	25	18	75	83	88	72	77	88	85	20	85	88	88	86	82	80	22	82	18	74	70	16	85	80	87	82	81	84	78	89	87	85	88	73	80	71	71	88	73	71	89	84	72	74	78	80	72	81	75	84	83	76	87	80	70	72	74	88	87	72	71	81	84	90	82	85	82	75	73	83	74	84	21	77	78	75	84	74	81	83	74	74	73	21	76	78	70	81	81	79	73	86	82	78	90	89	17	71	85	80	90	82	76	75	22	71	76	80	88	74	85	73	80	83	81	86	79	83	73	74	75	71	86	90	72	88	75	82	74	70	90	70	75	17	86	73	83	84	19	76	77	83	81	72	83	78	89	20	72	72	74	75	90	72	75	75	74	88	86	71	19	73	84	70	87	25	85	75	85	83	81	72	82	82	84	87	83	78	82	76	81	75	73	84	87	81	72	71	75	79	87	77	21	70	89	82	89	71	90	89	90	82	80	80	87	71	74	84	90	82	89	18	71	87	73	24	82	87	71	88	87	87	87	81	84	83	72	85	24	83	78	81	88	80	73	87	75	77	78	83	88	80	79	88	82	82	86	85	74	80	79	71	27	73	79	84	89	80	77	81	71	79	74	87	75	81	77	73	88	86	89	86	86	78	17	25	71	72	72	80	75	86	89	87	72	76	81	71	73	89	71	85	83	88	81	18	82	82	71	87	80	70	27	76	88	76	72	86	82	87	75	78	24	72	75	76	73
73	73	84	87	85	83	72	79	76	84	89	79	73	81	85	24	75	76	82	84	81	73	83	80	81	83	86	72	86	81	80	78	72	89	85	72	26	73	90	88	81	73	80	83	88	84	85	87	75	76	89	77	85	85	77	72	85	75	26	73	78	27	84	88	72	85	88	84	71	80	71	83	18	88	76	71	86	76	87	89	75	71	83	86	70	86	83	17	76	72	81	74	76	73	71	78	87	86	19	89	74	77	85	85	75	81	79	88	76	72	71	89	86	77	74	78	88	80	79	73	81	73	80	73	20	75	74	23	86	75	81	77	72	78	73	80	72	89	78	89	75	87	89	85	87	85	79	78	19	90	76	71	28	80	89	77	86	22	19	74	88	70	84	25	81	86	80	75	73	83	78	76	84	87	75	73	19	21	25	73	86	89	77	78	73	87	88	74	77	77	24	84	79	77	71	90	80	85	73	75	27	70	80	90	79	78	79	83	76	85	88	78	73	88	88	75	80	88	80	20	89	71	78	72	77	86	83	78	78	23	75	82	87	84	85	78	85	83	77	17	70	81	23	89	89	85	87	89	75	73	77	79	20	88	72	89	75	73	73	71	83	76	26	85	80	78	84	81	80	74	87	89	89	73	17	75	76	87	72	73	78	87	79	20	87	82	84	78	89	70	81	90	88	70	90	26	70	74	74	71	18	80	21	78	84	87	76	80	77	73	74	82	72	82	72	89	86	78	75	81	72	73	80	84	77	79	76	79	79	71	79	78	83	86	88	23	79	71	77	79	83	87	72	75	80	72	70	86	85	77	82	85	15	86	86	76	87	83	85	76	85	72	71	79	89	80	80	81	72	80	89	83	75	79	88	78	78	76	20	25	87	79	71	71	88	21	81	77	87	75	81	78	72	82	84	27	70	85	76	74	83	71	89	71	78	74	82	81	78	70	90	71	78	71	83	70	80	73	79	74	82	75	84	71	76	81	82	73	88	74	79	78	81	80	73	84	78	86	80	80	87	87	83	71	24	74	82	89	84	22	82	84	70	84	82	82	24	78	81	77	79	80	77	29	76	71	23	78	70	21	83	20	84	82	80	25	76	83	87	88	79	75	87	82	72	71	84	24	22	20	88	84	22	81	70	76	25	75	84	82	87	80	74	84	89	75	85	72	77	81	85	22	76	71	89	79	70	87	84	71	76	75	70	79	72	24	84	87	27	84	84	80	78	83	76	78	18	89	79	86	72	74	89	71	71	19	83	85	17	85	28	80	82	78	88	75	72	74	74	17	86	26	85	71	86	72	76	74	87	87	79	77	88	77	86	84	79	71	88	88	80	18	77	89	89	90	71	89	86	89	25	81	80	83	72	19	88	77	22	86	77	77	74	72	80	87	73	71	85	87	77	83	82	84	84	73	85	70	71	88	81	71	76	78	84	79	84	89	85	81	81	86	74	77	85	88	79	76	71	75	85	80	77	71	87	79	85	85	90	71	18	77	70	88	89	89	83	87	74	78	18	85	81	89	74	90	88	86	83	89	24	86	88	72	82	86	75	86	90	73	84	18	77	77	79	80	71	82	84	89	80	83	78	78	73	22	72	75	89	76	80	77	81	77	70	78	78	79	24	77	78	76	73	73	81	87	25	78	88	19	88	25	81	72	81	74	89	70	75	79	18	86	23	88	76	77	81	80	79	74	77	73	87	73	87	77	79	78	78	86	75	75	75	77	85	82	71	76	73	78	83	86	85	75	73	82	74	71	74	85	73	85	88	78	77	72	81	87	16	87	88	27	90	73	25	73	79	83	83	75	71	79	25	75	86	87	82	71	79	86
79	84	71	83	83	90	87	76	17	71	73	88	86	83	74	70	77	82	70	71	19	85	88	75	84	74	81	90	88	80	76	74	79	75	83	81	83	90	73	77	81	70	88	72	76	84	82	81	76	74	90	74	82	87	85	27	80	86	88	90	70	77	89	85	83	89	86	72	75	81	26	70	84	83	83	86	25	86	87	71	78	83	72	80	74	74	89	73	89	85	88	21	82	87	74	76	70	78	85	80	74	75	72	76	87	78	76	89	77	89	19	82	79	72	74	78	84	89	27	25	74	20	23	75	75	79	80	76	76	84	80	83	73	73	77	80	88	24	86	75	74	72	86	87	77	83	89	78	75	78	74	78	82	85	84	73	78	83	77	84	85	79	89	78	86	88	78	73	81	72	70	75	75	77	87	86	76	74	79	87	75	70	73	80	72	89	27	72	74	83	71	87	79	70	80	81	81	18	82	78	76	18	84	82	72	80	87	78	83	83	88	75	87	75	75	76	72	81	88	76	74	83	86	83	80	18	75	76	84	80	72	75	83	76	85	85	78	22	89	87	82	85	23	89	82	86	82	84	86	24	78	77	83	79	89	20	74	20	87	83	17	89	78	83	84	85	21	76	88	89	80	73	74	24	81	80	78	83	88	72	88	75	74	71	86	81	71	81	80	74	85	83	22	79	86	81	70	81	78	79	70	76	82	82	71	83	89	80	79	78	90	81	78	88	19	70	83	88	83	27	82	74	88	76	75	73	82	82	82	70	76	72	73	89	75	82	19	72	76	74	84	80	84	70	20	90	88	26	76	23	18	76	85	90	89	83	90	89	74	72	75	75	83	89	76	90	21	18	82	87	79	76	19	83	26	88	77	85	87	74	70	77	82	86	84	71	87	19	78	72	78	80	74	87	27	89	71	76	88	76	80	81	84	72	80	76	84	74	27	71	70	79	71	84	74	76	72	81	76	84	28	72	87	85	76	88	80	74	70	71	88	71	75	86	19	73	85	80	72	18	23	86	85	77	77	76	73	86	90	76	19	75	81	78	85	88	79	82	70	74	80	88	75	74	23	90	77	90	71	70	70	72	72	78	83	74	74	24	76	77	20	82	81	84	85	82	76	76	83	89	85	22	87	78	72	84	72	72	88	81	77	71	84	18	79	26	78	71	89	76	21	76	85	89	84	71	75	79	82	80	80	86	80	86	75	83	81	90	76	86	86	74	86	74	78	72	84	73	71	78	72	84	78	26	81	80	71	72	80	75	87	85	84	81	83	89	19	81	70	79	85	73	87	80	80	84	82	89	77	20	24	81	74	83	76	72	72	81	76	85	77	88	82	79	82	84	78	82	73	78	75	89	78	23	84	89	77	73	81	88	84	73	24	86	73	22	73	87	75	90	83	86	88	85	76	83	82	23	77	89	73	74	85	71	85	24	83	85	71	73	80	87	79	81	24	77	85	28	71	83	79	80	75	76	83	74	84	73	87	85	77	75	84	87	72	90	82	17	26	75	78	85	82	80	76	74	78	74	84	74	82	75	76	73	80	71	86	74	84	71	29	73	85	85	22	70	82	85	71	82	24	80	72	78	74	77	81	77	75	23	21	17	18	79	77	71	72	86	89	23	70	82	24	76	74	72	86	74	87	82	24	89	83	76	84	72	79	82	90	17	72	88	76	22	79	87	71	23	26	75	77	80	77	76	21	19	88	88	83	18	74	83	86	80	85	76	71	88	83	23	70	74	83	78	86	70	72	87	88	87	72	87	84	83	88	75	77	84	84	71	84	84	86	71	82	90	87	82	88	74	87	87	79	90	72	80	24	75	80	89
72	87	23	71	82	90	86	27	71	85	78	89	84	77	72	70	85	74	71	83	83	17	75	86	86	16	72	18	84	85	79	74	76	23	77	82	74	86	82	85	77	85	70	86	84	83	28	80	82	71	83	83	72	88	75	79	87	20	89	78	76	84	78	19	76	76	74	87	84	74	84	90	84	74	21	86	28	75	73	89	75	73	78	21	76	82	70	76	22	74	79	89	71	74	77	78	82	78	72	72	75	73	71	89	87	72	86	28	88	81	83	85	71	72	76	79	26	85	81	86	81	77	81	85	84	24	80	84	71	86	79	70	74	25	84	80	82	79	86	81	76	77	71	75	71	80	77	74	75	82	85	84	83	24	18	72	86	78	72	71	19	87	21	73	76	89	77	83	71	81	88	82	89	90	82	20	86	82	24	70	73	79	87	87	77	75	74	78	89	79	76	82	81	77	78	77	73	89	81	16	85	84	26	83	74	88	84	84	26	74	74	21	75	88	88	78	82	83	86	83	76	77	87	79	77	80	86	76	77	79	86	89	85	77	77	71	84	89	17	82	73	21	71	79	79	77	86	71	90	73	81	89	87	71	85	89	80	80	26	82	80	84	72	88	83	75	72	80	76	84	71	77	74	72	86	90	75	85	15	80	83	88	23	77	88	72	80	85	85	75	71	81	82	23	71	80	74	86	78	81	90	73	84	79	78	87	83	77	78	84	81	78	80	21	79	75	73	75	77	82	72	85	77	81	83	84	84	72	84	79	70	74	83	90	70	77	71	77	80	77	79	76	71	87	23	86	88	81	83	89	85	79	17	83	70	75	86	19	73	77	79	77	89	71	20	71	74	77	76	77	85	19	79	73	83	78	75	78	77	81	89	80	81	20	71	20	79	84	70	80	85	85	77	76	88	83	71	78	21	75	82	82	87	81	78	90	85	84	24	89	70	74	86	73	73	18	70	89	85	25	89	73	84	83	76	86	74	82	75	79	74	71	78	78	81	80	89	78	77	80	81	72	88	74	76	73	80	20	82	72	77	86	26	29	77	90	80	74	85	71	85	79	83	81	74	76	86	80	88	74	89	77	16	84	90	86	80	84	21	76	78	83	17	75	83	88	26	71	71	83	89	86	74	77	85	76	85	19	72	88	19	73	80	87	88	77	75	26	89	77	74	79	71	72	71	23	75	88	89	20	81	87	87	85	84	86	90	74	73	76	25	83	88	89	84	89	81	20	78	85	89	76	82	86	89	87	74	82	71	74	72	72	76	19	90	79	84	81	71	83	87	80	82	72	85	76	72	81	71	74	76	20	88	72	84	82	79	81	73	88	83	85	87	25	84	85	78	77	74	86	74	89	72	86	73	76	85	73	81	87	88	71	80	79	87	23	73	89	88	71	70	81	87	78	23	89	78	76	85	88	89	81	22	89	89	77	19	73	90	87	18	21	82	88	74	75	86	71	73	72	26	74	22	82	24	83	25	85	80	88	87	71	18	73	76	84	88	87	83	84	82	27	76	74	75	90	90	80	84	82	72	86	75	71	74	87	88	87	72	76	26	19	71	83	75	79	89	27	83	84	71	77	23	72	74	78	71	76	79	73	71	85	81	80	19	24	81	83	81	76	73	89	81	81	27	81	74	74	77	88	90	89	76	73	74	80	75	81	78	79	87	75	88	83	85	88	74	78	85	82	77	80	76	88	77	83	89	88	27	83	79	76	74	71	70	87	75	72	86	83	81	23	89	27	84	88	85	79	81	75	76	71	78	72	74	84	81	89	80	71	71	77	75	70	71	73	89	90	27	87	85	84	74	84	71	82	88	86	85	84
85	80	82	78	16	85	83	25	83	75	90	87	89	79	88	80	75	73	80	72	82	79	79	79	73	80	25	78	77	75	76	76	18	26	87	84	77	78	82	77	82	81	90	90	81	26	72	73	87	80	84	72	89	18	75	24	80	85	83	86	74	80	78	90	83	79	83	73	19	21	71	77	77	23	80	21	71	84	77	90	72	73	71	74	81	73	82	78	18	83	76	70	21	80	24	74	90	89	81	83	85	79	72	71	74	80	80	77	84	84	81	72	86	88	79	74	73	89	84	72	24	77	76	77	83	83	81	85	80	73	87	19	87	73	85	76	85	75	76	86	87	76	75	85	81	73	24	89	80	72	71	84	88	71	16	90	76	71	85	79	90	23	76	81	22	74	21	80	78	71	87	84	90	84	76	78	78	90	74	81	72	85	72	71	73	77	70	76	87	78	76	76	18	79	17	83	77	82	83	73	84	88	90	82	84	88	74	79	76	84	20	82	81	73	86	80	84	71	89	86	86	25	85	23	72	86	82	85	87	77	75	87	86	86	26	88	86	90	90	79	24	79	82	89	80	71	86	71	89	75	25	83	74	77	86	78	83	77	84	74	85	72	24	73	83	78	75	72	85	86	84	72	77	73	79	76	24	82	76	88	75	76	73	77	72	23	17	76	73	71	79	85	70	25	80	78	77	84	87	76	73	84	74	87	78	74	79	88	89	85	80	21	85	80	88	77	27	82	79	82	74	90	74	80	71	24	81	24	72	73	86	87	71	89	75	76	76	87	79	78	86	74	19	77	81	89	85	79	83	74	75	77	79	75	89	78	79	83	71	87	82	88	85	20	81	89	79	74	88	78	73	16	72	78	87	87	87	89	76	73	88	26	73	79	87	73	84	76	87	72	75	76	74	73	77	80	82	85	82	88	87	71	75	87	79	71	84	78	83	79	81	77	16	89	87	76	84	79	24	81	84	79	82	78	88	81	86	84	75	82	79	76	80	87	82	73	88	73	79	76	76	25	24	75	79	75	70	79	19	74	85	89	87	84	87	83	82	85	78	22	81	86	25	76	83	70	85	81	74	22	86	89	90	88	23	86	75	80	72	71	74	75	86	87	74	74	90	72	73	83	87	86	76	84	82	76	26	84	25	86	88	72	90	78	80	88	77	78	76	86	90	90	84	25	22	84	24	83	73	72	86	24	89	70	80	84	74	18	72	78	73	89	72	79	89	71	78	72	70	90	86	70	86	83	75	77	80	80	89	88	83	74	71	72	82	79	89	84	82	88	72	89	18	22	77	77	75	85	76	82	80	75	77	22	21	72	81	89	76	86	71	83	87	72	75	71	27	80	71	80	86	77	87	79	75	85	77	82	72	86	84	71	88	87	88	83	73	74	82	87	75	76	72	81	81	86	90	84	83	80	76	79	85	21	74	89	75	85	88	81	77	82	26	89	75	73	71	74	88	81	24	82	86	84	84	90	78	72	86	72	88	87	76	80	73	78	20	73	76	88	78	89	18	77	23	77	81	79	90	22	24	89	71	76	79	76	72	84	76	87	85	85	76	71	85	89	74	84	19	73	72	84	86	79	76	89	76	83	76	88	72	85	17	87	79	71	83	88	81	71	83	89	24	89	73	28	75	73	71	87	85	75	87	84	77	70	82	84	86	88	71	83	86	83	73	82	78	81	84	86	72	89	88	25	75	77	81	71	85	78	89	83	89	78	78	87	74	86	75	85	87	89	23	82	85	73	79	86	77	20	72	77	71	71	83	87	87	76	88	18	80	82	75	74	73	81	86	84	81	81	85	80	83	20	27	80	87	84	88	78
72	74	82	73	88	79	18	84	76	75	87	74	71	85	88	84	87	70	72	83	78	80	78	77	74	80	88	73	89	23	78	26	84	83	83	77	81	86	87	75	86	89	85	85	81	84	84	73	76	83	24	72	90	75	76	85	20	74	73	87	77	75	83	75	84	80	86	78	87	75	78	75	81	83	86	75	81	80	76	90	21	72	16	70	79	87	77	77	87	73	71	75	77	86	72	88	82	81	79	83	22	71	26	89	82	85	83	71	83	73	82	81	23	80	72	86	84	83	76	71	23	71	89	86	79	81	70	77	88	22	85	80	88	24	82	24	76	73	80	71	71	85	76	71	71	26	83	88	77	73	84	79	82	80	81	26	83	73	20	18	74	79	74	75	88	74	75	86	80	82	90	74	73	87	81	71	76	81	88	87	80	87	78	79	82	79	88	74	86	72	77	78	20	83	84	88	78	73	73	79	87	87	84	18	87	20	74	28	75	74	83	88	82	76	84	79	71	87	89	75	89	78	76	88	87	80	77	83	85	87	75	28	74	80	82	79	20	80	84	71	78	81	89	79	76	82	23	75	25	86	87	74	83	83	71	89	82	86	28	75	76	88	88	20	88	21	85	73	71	74	76	18	21	80	84	79	77	84	88	79	81	83	73	76	80	88	76	87	87	80	82	88	86	80	76	74	22	82	84	84	87	19	75	89	85	23	78	23	16	24	78	87	88	20	75	83	89	75	26	88	85	81	82	90	74	71	88	88	80	72	84	79	70	79	87	79	72	19	73	87	85	71	84	77	79	84	77	82	74	70	78	75	80	26	90	79	72	84	82	86	75	87	80	84	90	83	76	72	18	83	80	84	76	79	73	79	21	86	81	84	71	76	24	75	75	73	77	19	74	18	86	83	85	88	27	79	73	89	86	76	71	88	78	82	72	70	77	76	88	90	73	87	81	89	76	89	77	82	85	72	72	21	87	89	85	20	77	86	71	85	76	83	73	78	71	88	71	20	89	88	70	81	75	71	84	75	83	81	80	23	83	71	77	80	77	77	88	19	74	73	89	22	83	73	76	85	73	81	80	82	79	78	74	79	71	73	77	71	84	86	80	81	78	72	90	87	74	75	87	76	25	87	77	70	72	78	81	75	27	78	71	71	84	85	82	70	90	72	81	82	82	71	76	87	86	26	26	76	21	87	82	80	20	84	82	72	77	89	84	82	82	73	86	23	89	88	73	73	74	83	88	81	27	81	73	75	77	90	82	25	74	72	81	82	82	73	73	18	26	81	74	72	71	86	85	71	87	72	74	84	75	72	70	79	75	83	75	89	79	89	73	82	82	75	78	86	72	72	82	75	84	26	82	73	77	86	72	75	83	77	18	72	88	81	81	81	87	83	23	87	70	21	76	80	83	81	73	76	75	76	76	74	71	87	71	83	85	20	25	76	75	75	72	19	79	89	89	81	77	90	84	89	79	85	71	22	73	71	26	23	85	81	78	18	79	73	85	18	85	71	88	79	73	84	86	73	80	23	77	23	76	75	86	82	89	82	89	79	23	81	77	87	73	88	73	83	77	87	70	77	71	82	75	80	74	72	22	83	79	81	72	82	87	84	89	78	84	84	87	89	73	71	78	79	72	27	77	22	71	70	88	72	17	18	87	82	73	74	72	77	81	85	86	87	80	74	80	74	72	80	87	71	76	74	81	75	84	26	78	77	75	81	88	82	86	79	86	72	75	84	16	72	82	78	88	74	77	74	87	77	82	87	76	26	79	27	72	71	71	75	16	88	85	79	84	80	81	18	86	82	78	86	79	81	84	80	80	78	86	89
86	83	87	84	72	83	72	80	74	77	72	83	79	86	78	75	72	90	19	74	89	73	74	81	81	84	26	85	77	82	90	74	72	73	72	86	74	16	70	76	83	87	73	88	79	83	25	84	87	71	85	90	86	74	74	86	81	74	85	83	71	81	20	76	87	83	88	21	87	87	76	89	78	78	75	76	80	72	77	79	79	87	89	78	20	78	26	85	81	81	20	76	21	86	75	82	88	72	87	80	83	87	27	87	87	78	76	81	24	73	75	83	89	80	80	73	71	80	88	89	85	20	81	86	80	71	90	89	90	74	87	76	85	79	76	86	73	23	84	73	88	82	27	85	75	71	21	89	82	76	87	83	74	81	84	81	74	81	78	77	72	71	76	81	75	84	70	88	86	83	27	89	75	79	77	88	76	78	81	79	79	72	77	19	71	75	71	70	23	70	75	85	87	73	83	90	82	87	78	71	74	79	88	85	28	84	23	80	76	88	70	71	87	89	81	71	83	84	21	75	70	89	85	81	85	71	71	81	79	90	75	77	74	81	81	82	81	72	85	70	25	22	88	85	88	88	21	78	73	70	26	83	20	76	73	77	86	77	81	80	74	72	83	77	79	75	75	83	28	73	88	82	86	27	75	78	82	74	78	75	26	75	87	76	77	73	87	76	81	85	19	83	81	80	72	78	88	86	71	72	87	89	83	85	89	73	74	83	86	83	85	73	79	71	82	86	81	84	89	87	77	77	75	83	74	25	19	23	87	80	84	84	79	28	87	74	19	87	87	78	84	26	82	88	78	86	76	84	74	84	76	87	72	79	77	82	78	82	75	21	78	75	80	84	85	89	20	76	79	22	86	78	80	87	84	76	75	71	81	77	78	27	24	89	74	84	26	77	85	19	76	82	28	71	71	85	84	86	81	78	81	74	90	81	85	76	24	20	85	16	77	27	71	81	73	81	78	77	77	71	89	74	76	88	80	76	84	85	81	26	23	71	86	78	80	90	88	75	87	78	86	88	72	78	74	75	88	76	71	90	86	83	74	86	77	83	72	85	79	82	79	77	79	77	77	90	78	26	77	74	83	22	87	72	86	89	88	80	83	84	71	81	71	80	83	77	87	71	81	75	25	75	84	85	21	82	71	87	78	90	89	73	80	82	80	79	89	26	81	73	78	84	74	85	88	84	76	85	77	77	81	76	23	77	73	75	24	77	87	72	27	27	77	70	82	78	79	89	76	76	70	74	78	77	82	75	78	71	83	74	79	76	79	71	77	73	80	82	86	88	80	73	81	77	83	84	83	74	89	89	79	87	81	76	71	76	90	79	80	80	81	89	27	79	85	81	77	86	82	26	25	72	18	75	23	81	85	85	73	78	88	82	70	77	83	87	72	79	25	79	23	71	85	86	84	71	85	88	86	75	77	84	24	21	86	83	89	80	88	84	85	86	88	84	81	27	74	89	77	72	79	89	73	71	81	86	79	72	90	84	76	76	80	72	88	81	75	88	81	76	79	79	81	83	73	80	88	74	22	78	88	84	22	17	74	90	28	77	85	79	70	72	89	78	73	84	82	78	83	84	71	77	73	77	73	88	79	25	76	72	81	89	71	82	83	26	77	74	71	84	89	24	75	81	76	81	71	74	87	18	74	72	79	78	89	79	90	71	83	77	72	85	82	77	88	72	85	75	83	83	73	22	26	80	89	22	90	83	86	72	76	73	75	90	77	85	71	16	72	27	86	79	75	87	23	72	83	85	71	74	75	81	73	82	85	74	71	84	75	81	88	75	74	21	84	70	26	89	74	21	83	86	77	86	24	75	89	18	73	89
83	80	70	26	89	21	84	86	85	86	24	86	74	71	79	79	84	75	85	82	82	71	76	81	23	76	80	81	73	84	85	80	83	79	75	70	86	71	71	76	76	76	78	73	76	90	82	70	73	75	74	75	90	77	75	73	77	79	77	74	80	90	83	77	74	75	72	71	71	76	70	81	71	75	76	72	72	89	74	85	84	76	77	81	77	86	71	72	80	82	73	78	82	76	87	86	74	71	85	81	20	87	72	21	71	90	87	74	79	74	21	72	85	83	79	88	87	79	85	75	86	71	76	89	89	76	72	84	86	73	73	80	83	84	77	89	83	81	85	74	78	72	86	72	81	83	82	73	87	76	83	79	86	78	80	78	84	88	83	84	81	90	85	71	81	21	86	77	89	86	70	73	85	22	86	76	84	70	71	70	79	75	18	77	78	86	83	82	78	70	75	86	72	87	17	82	76	76	84	77	86	74	75	79	72	86	79	87	78	72	78	76	83	73	88	18	75	71	77	74	89	23	86	87	86	80	82	80	75	90	72	76	75	78	76	80	83	88	82	89	75	70	86	82	70	80	84	22	83	76	77	89	87	71	16	83	84	87	86	24	70	77	90	84	89	80	87	86	83	76	75	87	76	72	72	73	85	80	78	90	71	81	87	89	89	86	16	73	89	82	81	87	88	78	78	84	76	89	73	74	86	78	75	81	84	85	73	90	83	77	81	74	84	74	80	72	84	78	76	87	74	83	86	86	89	79	71	84	88	86	75	28	75	79	89	82	85	70	78	84	88	74	79	89	73	19	70	80	81	72	80	82	85	74	84	77	74	81	72	80	25	72	80	83	90	74	79	74	85	72	80	86	90	76	77	83	71	25	85	74	81	79	82	84	79	87	81	84	83	82	77	90	88	79	76	85	77	20	71	88	71	79	80	82	89	75	82	87	89	73	77	76	83	86	83	83	86	86	83	80	82	76	78	85	75	84	77	88	77	71	75	76	85	82	86	16	87	88	82	79	78	81	87	72	88	75	77	87	81	87	88	85	78	83	83	87	73	76	88	79	85	79	87	81	75	77	83	76	80	82	85	83	18	74	25	87	81	78	78	76	80	82	74	89	89	88	78	83	71	82	87	88	71	72	82	73	71	87	84	86	73	85	18	85	72	71	82	86	83	85	82	23	73	84	72	76	83	88	77	80	17	80	89	86	83	71	90	79	76	79	71	76	86	73	89	87	73	73	71	89	74	84	89	88	77	87	74	79	83	70	80	76	70	70	85	81	85	82	85	85	71	75	71	81	73	71	70	24	74	85	79	83	81	81	82	71	89	78	83	79	85	83	83	71	75	81	75	77	88	78	82	82	70	83	81	77	75	82	79	71	85	72	87	24	82	85	71	81	81	89	79	86	82	20	89	85	81	82	71	82	75	89	88	77	87	78	71	73	80	86	76	80	77	87	87	89	76	87	73	19	85	75	74	82	82	81	76	85	88	76	76	79	78	78	71	20	71	84	75	27	80	71	21	16	79	82	78	79	86	88	82	83	86	86	22	85	72	75	71	87	79	89	76	89	74	84	76	83	81	75	71	80	77	82	73	80	86	74	80	87	78	89	82	72	77	79	81	84	89	82	81	84	81	75	87	72	71	21	73	82	90	77	73	19	81	90	71	77	73	83	77	74	78	80	79	89	84	85	87	85	76	76	84	78	76	82	73	71	86	81	80	70	85	17	72	78	82	78	84	73	82	73	88	84	89	72	23	85	24	72	84	87	22	73	18	72	79	79	81	19	84	81	75	88	83	86	89	77	78	79	16	70	76	81	86	79	78	88	21	76
wj																																																																																																																																																																																																																																																																																																																																																																																																																																																																																																																																																																																																																																																																																																																																																																																																																															
88	17	95	15	11	8	14	55	30	68	17	42	91	89	49	37	2	20	6	43	69	60	24	34	44	5	51	19	36	30	41	41	41	23	10	18	54	43	50	48	76	34	43	43	76	40	33	66	94	15	47	90	26	4	11	83	30	84	55	99	33	71	12	15	77	50	19	18	51	52	44	43	21	57	6	73	33	20	44	44	22	69	65	2	35	57	46	60	13	64	93	28	88	17	37	95	20	39	70	65	77	60	93	43	19	72	90	95	46	29	41	56	85	99	51	79	4	25	47	47	42	19	61	2	92	99	77	79	53	9	100	39	82	68	60	36	52	32	43	40	22	3	15	45	43	49	80	15	26	31	55	73	49	56	57	75	12	72	64	31	59	52	99	34	20	80	85	100	70	34	98	73	60	15	34	38	70	95	74	29	35	88	85	28	51	97	4	24	56	29	14	30	80	60	45	86	80	70	66	68	33	67	48	17	53	60	11	66	9	76	52	99	99	57	25	86	80	19	51	3	67	21	81	51	56	36	32	37	26	54	83	11	19	51	44	10	72	39	100	96	55	30	91	45	84	87	15	93	42	18	86	75	56	81	37	71	79	19	30	66	6	50	11	70	95	90	76	4	41	56	53	60	76	47	19	20	96	31	21	33	26	64	2	58	61	52	11	51	72	27	14	48	64	59	67	52	62	67	33	93	49	91	47	44	43	91	83	64	54	99	60	34	37	24	77	79	21	11	12	39	15	63	70	11	16	3	76	53	78	5	72	82	23	77	41	89	33	19	15	88	39	39	45	94	8	74	13	83	26	33	61	14	17	9	98	10	38	80	51	26	93	61	39	4	23	44	72	60	29	74	13	54	54	73	35	73	41	64	74	18	91	38	3	95	5	34	21	84	67	11	18	35	42	89	10	49	73	30	71	78	87	31	13	71	66	46	83	35	22	92	46	85	90	81	78	79	27	21	16	49	65	83	48	43	18	20	21	14	26	71	33	91	14	15	19	6	16	83	56	88	17	7	55	32	4	22	33	70	100	55	69	78	51	76	17	71	70	32	36	11	6	93	83	16	25	47	18	95	34	52	53	10	86	58	6	8	3	53	94	44	71	54	35	37	66	99	20	77	2	91	60	1	53	39	99	71	4	29	95	17	47	56	82	12	48	96	27	60	90	83	45	86	83	46	46	47	38	81	70	20	3	49	54	58	45	88	48	5	19	42	18	83	65	4	59	23	70	25	65	26	36	2	21	22	78	65	12	82	64	64	62	39	46	57	86	30	97	7	79	45	77	66	18	61	28	20	88	38	54	21	82	69	58	75	71	65	15	46	46	80	86	53	40	85	59	8	49	57	77	94	64	17	9	73	76	84	78	57	37	44	37	54	80	7	94	6	81	73	91	23	46	67	22	14	63	9	70	16	15	17	79	52	14	72	11	52	22	2	38	76	72	85	39	65	14	3	85	82	40	42	51	71	51	29	84	16	47	54	73	80	92	84	67	76	66	25	59	85	39	95	94	31	49	80	49	43	90	34	58	90	60	2	24	70	41	80	38	94	8	43	76	47	16	27	19	48	25	12	45	45	96	6	28	81	96	50	17	17	59	51	46	47	73	94	46	21	68	73	87	73	61	48	78	85	55	90	31	13	4	66	35	14	12	13	80	88	6	14	54	50	10	56	41	14	89	20	31	33	68	66	92	59	18	98	74	7	77	14	84	91	75	36	84	60	30	35	76	4	91	34	33	56	25	27	95	40	84	52	23	39	28	28	74	70	90	33	80	31	53	92	40	96	75	23	64	28	28	37	21	29	43	66	77	15	18	23	44	48	94	51
