pij																																																																																																																																																																																																																																																																																																																																																																																																																																																																																																																																																																																																																																																																																																																																																																																																																															
75	82	71	81	79	75	82	77	82	74	82	76	71	23	79	73	85	75	80	82	88	24	87	81	88	84	88	80	71	78	76	90	75	80	87	88	82	87	89	88	87	73	76	81	86	73	74	73	80	70	70	78	74	89	72	75	18	78	79	89	77	78	81	72	70	77	78	80	86	84	82	85	88	72	84	82	75	71	80	82	86	75	86	74	79	80	80	82	74	79	76	85	81	84	80	26	80	72	83	88	83	86	80	88	71	90	77	82	87	84	75	72	72	71	75	79	85	74	82	81	80	78	77	87	87	70	74	85	87	83	75	80	89	88	81	84	74	74	72	80	72	73	76	88	89	79	78	82	73	71	78	73	74	75	76	83	70	74	88	84	80	84	72	85	85	77	78	89	81	78	20	79	86	75	83	86	81	77	88	25	83	89	23	24	80	74	81	86	78	72	73	89	89	81	83	70	87	88	26	80	71	85	76	74	85	86	75	76	74	81	78	83	82	78	86	88	82	78	88	85	80	84	79	75	81	78	75	80	71	82	70	79	72	89	81	87	73	86	71	78	74	84	77	87	17	89	71	80	73	72	90	71	88	85	71	75	79	77	71	77	77	19	87	82	83	70	84	74	87	82	87	72	88	76	76	90	83	70	82	72	71	85	78	74	78	77	78	70	82	84	89	81	86	23	87	79	78	71	21	80	86	76	73	82	72	74	89	82	84	80	89	90	84	89	90	77	77	22	76	80	74	81	81	82	90	88	79	88	83	80	77	24	17	77	89	81	86	75	78	80	73	89	83	83	72	84	78	88	82	85	85	71	87	77	89	86	82	75	79	86	77	81	72	81	80	74	83	72	83	81	89	82	78	20	73	80	89	76	73	78	82	80	86	87	24	89	85	82	88	72	76	20	81	27	79	75	83	79	79	78	79	87	89	70	87	76	79	87	73	82	80	84	80	88	89	89	84	86	86	77	70	87	87	90	28	75	25	73	84	84	85	72	74	75	76	74	19	80	85	72	78	78	84	72	85	81	75	87	79	19	73	82	84	77	73	81	81	78	79	82	82	71	75	86	86	88	90	74	87	70	88	70	85	79	82	74	19	84	89	88	76	71	78	80	82	88	72	85	27	85	88	82	90	88	72	76	77	89	79	86	87	76	73	19	72	74	79	80	79	79	70	81	90	71	71	78	84	20	87	74	82	83	90	75	82	70	76	72	70	71	85	86	87	84	81	76	79	86	70	77	75	82	83	81	73	86	88	88	78	79	86	85	83	70	89	80	83	83	87	71	89	78	83	73	77	83	87	83	90	22	70	83	77	89	88	82	75	85	70	82	77	76	72	81	73	73	77	81	22	27	86	88	84	74	78	85	76	77	72	73	86	81	90	82	79	85	85	88	70	82	71	74	76	20	82	75	75	90	73	75	85	78	77	75	74	86	76	90	72	70	89	73	80	85	76	73	82	84	90	19	86	87	87	89	81	77	79	71	81	79	83	75	76	76	89	71	81	80	71	80	72	80	88	83	84	85	75	76	73	81	84	89	75	73	74	25	77	72	84	70	81	80	90	79	88	87	73	75	82	70	77	80	84	82	81	87	83	82	71	77	76	85	90	78	87	84	84	90	76	73	84	24	71	25	74	73	84	22	83	74	90	84	70	19	86	73	78	77	74	75	84	88	89	18	77	84	75	82	77	77	82	71	78	84	73	73	74	89	75	71	73	79	83	85	82	72	86	81	83	19	84	78	78	82	79	76	28	89	88	90	82	73	82	83	80	89	77	74	80	80	75	70	84	83	82	80	86	89	83	78	86	75	19	88	89	23	83	73	77	76
81	89	83	88	88	75	18	74	90	73	86	84	90	74	74	74	74	85	89	71	79	86	83	80	74	17	74	83	79	83	70	71	88	84	77	89	75	72	84	24	75	86	71	75	74	85	77	72	77	82	88	83	87	71	84	84	78	88	24	70	74	89	72	80	77	86	77	88	22	24	84	86	81	80	77	83	89	77	88	72	83	82	88	84	81	82	75	89	74	84	75	82	71	86	77	72	20	82	80	79	85	24	83	89	79	71	90	79	73	78	89	78	76	87	78	82	21	85	84	86	72	85	89	81	75	81	80	18	71	73	73	81	83	23	89	71	77	77	20	90	81	78	84	74	79	85	83	82	74	78	76	83	79	83	83	83	77	89	82	79	20	74	24	75	84	89	89	72	80	72	70	87	90	70	83	71	84	88	83	79	74	82	89	73	78	86	71	82	87	24	23	25	88	81	76	76	80	77	81	83	19	89	81	73	83	88	75	81	87	79	72	72	84	80	86	74	86	80	89	89	17	90	77	87	77	76	76	78	86	27	76	77	78	75	81	89	79	86	23	83	79	79	82	82	76	81	70	86	86	85	73	71	24	86	77	71	90	18	84	73	19	23	76	79	79	83	74	82	84	88	87	70	79	70	24	88	75	76	71	75	75	73	29	73	76	72	73	18	90	72	71	90	74	87	73	73	83	71	77	73	82	88	73	70	82	78	77	76	86	75	74	74	88	89	84	77	85	72	71	85	17	75	70	89	86	80	21	80	87	74	71	78	72	74	89	83	79	82	80	76	77	82	88	80	84	22	84	74	22	84	24	86	85	26	76	20	71	81	17	83	73	20	81	82	84	80	24	70	76	83	87	87	80	71	79	78	76	72	83	71	72	80	85	70	84	73	88	73	88	85	70	84	88	74	80	86	85	77	85	90	82	90	78	86	82	86	82	74	84	23	82	86	24	79	80	76	83	85	73	76	74	78	88	77	71	73	89	85	81	87	89	78	90	86	85	83	88	77	79	82	81	74	88	83	89	84	27	82	76	77	86	85	83	82	75	86	72	77	76	75	72	81	82	76	73	76	84	75	80	78	83	90	71	74	71	19	76	21	76	87	79	78	74	75	85	81	73	89	73	70	71	87	72	78	88	21	82	76	84	86	81	79	75	78	82	77	71	78	25	84	71	79	73	17	79	86	85	84	77	80	85	82	89	70	70	86	81	85	85	22	72	86	82	82	72	84	78	84	78	74	70	79	27	73	85	73	79	87	76	79	73	83	79	83	76	87	17	76	80	87	74	73	74	72	84	72	83	79	84	73	79	73	77	85	83	83	84	84	72	86	76	87	75	87	83	82	85	85	75	86	85	75	89	83	81	86	86	90	87	89	84	77	72	84	20	82	73	77	83	84	83	75	85	88	71	29	72	73	72	87	73	72	87	19	75	75	84	80	86	77	75	86	80	75	85	85	78	74	82	81	72	82	88	88	73	70	81	86	70	82	87	80	81	81	84	89	70	78	86	90	74	84	82	84	87	82	82	89	80	84	85	87	71	86	70	79	76	17	86	73	83	83	77	89	88	78	76	76	80	72	90	23	71	77	85	89	75	78	25	88	86	79	86	79	85	76	75	86	73	17	79	86	79	71	84	89	76	80	82	76	84	84	79	72	78	73	80	70	24	80	81	89	88	87	81	83	76	78	24	87	85	26	84	20	87	71	79	84	26	87	71	81	85	84	84	72	89	88	79	85	77	74	80	80	71	88	74	73	71	83	77	82	72	82	88	70	26	85	73	79	85	74	19	82	81	81	18	79	18	72	80	90	85	87	74	83	77	84	79	87
22	82	87	72	85	21	83	71	79	74	89	70	72	87	73	85	71	88	86	80	20	88	79	87	22	20	86	80	81	88	72	82	83	74	74	73	85	90	72	88	80	77	79	87	19	86	75	78	78	89	76	78	82	87	88	85	82	89	23	71	77	25	82	76	86	88	25	86	83	89	21	78	79	77	79	25	80	76	74	79	83	71	73	86	24	70	75	77	81	24	86	25	89	81	82	82	78	78	72	70	89	82	79	79	18	83	70	80	19	83	80	82	77	21	87	87	81	85	90	85	25	86	85	74	87	83	80	81	25	89	79	78	89	26	82	26	73	85	88	82	71	72	89	80	73	82	76	86	21	77	81	79	70	76	24	77	77	71	83	81	72	77	81	72	83	73	72	86	84	86	72	22	87	70	76	19	79	71	77	79	88	80	77	76	78	18	71	76	85	74	74	81	82	17	25	29	20	20	71	83	75	23	74	75	19	75	83	71	88	88	80	85	76	80	85	73	70	26	25	86	83	89	84	90	74	71	88	89	86	78	87	19	90	77	81	80	85	76	74	26	81	88	26	71	85	80	86	83	72	84	74	74	81	74	79	76	81	78	86	87	83	78	17	23	84	79	89	75	89	81	85	88	83	90	83	71	83	83	75	73	22	82	80	88	22	80	85	81	77	80	81	80	72	73	18	74	71	83	80	71	89	82	89	86	73	72	78	83	74	82	26	73	85	72	71	83	90	70	86	82	88	89	82	22	84	83	76	87	90	27	89	87	77	77	74	89	76	73	78	78	70	88	76	76	90	89	89	77	73	83	74	87	72	72	19	84	79	82	17	84	75	83	19	85	73	84	72	20	76	73	22	71	71	78	78	87	72	82	90	17	71	82	81	87	80	83	88	81	80	19	89	88	89	82	84	84	79	71	89	71	83	17	76	88	74	70	81	74	80	87	89	87	89	73	74	73	85	82	73	25	85	24	74	82	28	72	90	22	85	76	87	73	74	83	77	80	83	77	83	72	81	78	76	76	81	74	27	87	18	84	87	71	83	82	71	83	74	72	23	84	82	77	73	82	74	84	80	78	83	74	72	89	74	89	25	75	80	72	77	71	82	83	71	79	81	89	19	72	89	73	87	74	73	22	17	85	70	87	75	19	24	86	86	81	89	75	75	75	85	88	84	70	88	83	75	90	74	73	90	72	70	75	77	71	72	85	18	73	88	88	72	76	77	80	85	73	84	75	88	74	85	74	70	84	78	82	77	86	88	75	20	89	75	80	21	78	72	84	89	87	89	90	78	76	79	19	79	26	82	82	22	75	77	71	86	87	77	87	74	89	77	71	23	73	77	20	76	90	79	78	18	75	88	85	75	73	88	89	80	86	80	72	73	86	74	72	89	75	84	75	86	87	80	77	82	75	72	83	83	79	70	81	76	74	78	22	78	88	71	85	75	86	81	82	89	71	88	76	85	86	23	88	71	74	86	86	75	78	84	84	81	79	18	73	78	24	80	75	80	73	70	83	77	19	77	83	73	87	79	81	72	77	79	23	79	79	71	71	74	85	88	76	79	71	82	79	81	87	86	90	85	77	79	81	87	71	74	73	77	79	78	87	20	88	26	83	78	72	75	75	90	85	77	86	79	87	71	79	19	87	72	81	86	85	81	88	89	73	73	74	86	82	82	84	79	73	83	72	77	81	72	73	81	74	82	88	74	85	74	89	21	23	81	88	90	20	78	74	87	85	85	71	84	80	85	76	27	74	81	89	89	84	77	90	80	79	23	74	71	76	22	75	87	89	71	77	87	80	71	81	71	82	80	81	84	89	85	81	85	73
75	81	78	84	75	70	78	20	74	80	80	83	75	89	73	76	88	79	81	24	81	88	85	87	78	87	89	82	84	83	89	77	77	77	76	82	87	87	72	71	21	84	84	71	86	73	80	80	88	88	78	80	73	87	76	72	77	73	76	82	80	74	72	20	88	78	81	71	78	81	71	82	20	71	76	76	78	23	86	83	76	22	85	79	24	76	74	72	71	73	74	83	80	84	80	74	73	70	88	23	84	72	76	82	81	74	72	76	75	82	81	23	75	83	80	73	72	20	85	77	74	78	89	25	85	78	24	79	88	89	75	77	70	72	88	70	72	77	18	84	90	23	20	84	80	81	85	26	82	74	87	26	75	85	71	72	84	24	74	77	77	86	24	78	83	88	77	89	81	73	78	74	74	83	87	72	75	73	70	73	74	80	83	80	17	79	80	75	70	72	73	89	90	85	70	80	85	87	74	78	84	74	73	82	90	82	70	80	74	84	86	80	78	77	71	80	19	83	73	79	82	87	77	19	74	16	89	87	26	71	83	88	82	22	77	74	78	88	70	78	76	71	77	71	71	89	84	84	88	86	84	71	81	25	77	82	84	85	71	87	78	75	81	71	88	75	17	82	84	72	82	89	82	22	89	77	73	85	81	21	85	71	71	75	84	20	87	77	19	71	89	73	26	81	87	75	72	80	89	85	71	18	80	80	87	74	70	18	86	28	26	24	75	75	86	84	70	80	86	85	78	76	75	80	74	71	88	89	80	75	82	89	74	78	18	82	81	83	73	80	75	87	80	71	27	88	76	70	70	78	71	81	79	78	75	79	86	88	70	79	24	76	88	88	76	87	76	89	84	74	82	21	72	85	25	75	83	74	80	90	71	83	71	85	81	77	80	72	21	85	82	72	81	81	85	76	82	86	87	71	73	71	73	89	74	74	79	87	72	89	76	86	89	86	83	87	20	73	85	86	85	86	80	78	88	85	87	89	80	89	81	81	76	25	86	79	74	87	73	20	82	82	82	89	77	87	70	88	75	78	76	77	82	79	72	81	82	89	87	77	26	26	80	74	83	80	77	78	24	75	27	76	20	89	84	79	75	20	84	80	85	83	77	87	78	24	84	82	74	87	84	73	74	85	81	79	75	78	87	85	78	78	70	74	80	86	86	88	86	84	78	18	84	88	17	71	82	74	75	78	77	83	86	72	78	85	86	27	83	74	86	74	81	18	74	79	23	78	75	70	71	75	83	75	84	84	80	80	74	71	18	90	76	84	74	79	85	87	72	74	73	73	84	87	76	82	20	78	75	74	90	77	89	79	88	85	80	77	79	90	75	75	72	17	82	90	78	23	75	78	78	72	71	88	70	80	78	87	72	18	75	76	76	83	87	70	82	72	89	85	78	82	83	76	81	83	71	88	76	71	76	84	75	87	21	80	72	22	76	84	76	77	83	77	84	87	87	83	81	73	71	83	17	74	82	19	85	20	85	70	74	71	72	25	83	71	77	80	80	78	81	72	83	77	74	83	82	79	88	81	26	75	75	75	77	88	86	86	82	74	83	71	90	77	77	28	82	77	84	83	85	89	84	84	71	79	18	20	74	74	81	16	84	21	83	80	75	16	85	87	80	84	89	79	87	86	89	87	71	76	75	84	73	83	84	79	74	89	87	86	79	82	88	88	86	23	87	88	89	76	88	86	74	87	75	26	84	85	89	78	22	88	78	71	77	86	80	88	70	77	77	87	89	87	81	83	82	85	82	80	85	88	84	23	86	87	85	24	24	24	71	19	80	83	86	72	81	80	72	84	73	77	82	27	78	24	86	87	86	72
88	85	83	85	80	73	90	81	21	73	77	72	83	80	88	75	87	80	90	83	71	81	22	85	83	75	90	75	80	81	85	86	84	70	24	76	88	85	85	73	86	71	24	72	76	85	17	87	85	89	71	73	84	82	85	83	81	74	79	88	74	72	78	79	84	81	89	86	71	73	89	79	71	75	85	76	78	77	77	76	87	75	26	81	71	75	78	83	88	78	74	82	71	70	84	89	76	84	79	80	85	85	89	21	76	86	70	88	77	71	76	25	72	86	82	74	85	74	70	76	71	72	72	81	83	21	78	73	79	76	73	20	81	87	81	71	74	73	83	86	71	74	80	29	78	74	71	74	70	88	85	75	81	20	73	80	78	83	90	83	75	89	87	83	88	22	23	74	71	80	84	87	71	71	82	72	84	89	83	74	21	75	89	76	71	79	72	87	73	79	72	89	83	80	74	80	83	88	88	71	78	87	17	18	82	82	78	74	73	89	89	85	73	85	75	77	86	76	82	87	20	77	74	81	74	86	71	72	82	86	84	90	21	71	85	15	80	80	74	87	84	75	76	18	89	25	72	74	89	78	84	27	81	78	21	87	74	21	75	90	74	87	89	89	71	72	84	19	88	71	23	72	20	82	84	75	27	25	79	88	78	80	78	20	80	71	89	72	72	86	28	85	84	87	83	78	25	18	81	72	80	77	24	76	80	77	85	76	86	72	83	73	73	83	26	88	82	76	78	73	85	85	74	78	73	75	87	73	87	88	81	24	83	78	75	78	74	74	71	89	81	74	77	74	89	78	87	75	83	74	82	74	82	73	77	81	25	70	84	88	73	70	79	90	73	77	79	81	83	85	71	70	79	87	26	89	72	22	21	83	19	75	71	89	86	77	72	74	79	78	84	86	84	76	79	71	82	23	18	83	76	77	74	86	78	73	71	89	86	70	85	71	77	19	76	80	85	26	72	85	76	25	71	75	74	72	78	87	72	75	73	88	88	85	85	78	74	87	76	82	85	71	86	74	79	23	77	82	89	83	25	71	72	76	80	18	84	77	71	82	78	86	83	77	84	74	78	85	70	85	90	79	70	87	24	74	84	71	85	17	27	82	25	84	89	73	78	78	86	90	77	83	74	81	86	74	75	87	80	75	76	72	73	74	71	71	85	88	79	25	75	80	76	70	84	26	25	77	90	82	84	26	74	84	72	73	87	75	87	24	79	84	86	80	81	27	84	78	82	71	87	81	85	82	87	89	83	78	85	24	83	74	81	72	74	72	87	70	23	86	19	72	85	86	18	87	85	75	73	77	90	18	71	78	76	71	22	73	85	78	83	80	77	90	88	81	70	83	76	79	73	87	86	29	18	23	88	25	90	71	90	78	71	20	75	78	76	84	23	89	19	23	83	88	25	74	19	73	84	84	75	87	89	73	79	80	24	83	85	76	85	84	23	88	82	71	79	88	24	89	76	78	70	22	89	76	75	74	88	83	84	84	87	82	74	76	88	73	85	74	19	79	78	74	74	75	24	81	72	20	85	73	73	84	75	87	75	75	82	76	27	23	83	78	81	71	22	79	83	81	88	74	74	25	73	90	83	79	75	83	21	80	74	76	85	71	83	89	79	84	71	85	76	73	71	78	21	72	75	25	81	87	83	20	73	73	88	82	22	23	80	85	75	76	81	72	74	71	77	86	20	23	87	78	80	83	87	85	78	90	87	89	78	18	76	84	76	81	20	73	76	82	71	87	24	83	70	87	89	87	82	26	77	84	78	78	83	83	82	23	70	85	89	85	74	79	78	27	73	71	71	73	78	71	79	72	74	84	86	75
86	27	18	75	74	89	17	85	79	24	76	71	90	80	89	76	72	79	86	83	88	89	78	84	79	76	73	87	79	87	79	83	81	70	81	87	72	76	72	79	88	19	83	85	82	71	87	83	74	74	79	86	81	79	70	87	77	21	75	83	23	77	86	75	84	18	81	83	86	22	81	84	84	86	87	78	87	78	74	79	73	76	26	84	81	77	83	85	89	74	76	83	18	79	80	80	82	89	22	78	76	70	75	81	74	83	83	83	88	18	86	83	85	73	73	71	81	80	78	80	71	80	73	77	79	83	23	83	88	80	76	74	74	77	89	82	26	71	81	75	87	90	81	29	74	88	72	82	78	77	75	71	17	82	86	90	81	74	23	89	71	85	79	85	73	74	76	88	77	81	87	22	79	74	27	71	20	77	79	73	77	20	71	72	73	81	85	21	71	78	22	87	75	86	83	80	81	81	88	88	79	23	78	85	89	82	25	78	87	82	74	89	76	78	79	81	70	84	81	84	74	82	23	73	29	81	88	76	75	79	70	76	76	80	26	74	73	26	88	81	81	89	77	76	81	71	81	71	80	84	26	77	85	76	76	81	85	71	78	73	83	78	88	87	80	79	74	74	74	87	80	84	74	76	74	73	75	82	82	81	72	74	70	83	20	71	83	86	18	84	84	86	75	89	78	70	75	80	86	80	85	81	84	87	82	23	85	87	26	72	87	79	79	79	71	83	28	88	26	90	78	82	83	88	89	71	72	79	79	73	80	83	71	73	83	81	83	85	88	82	17	74	78	90	88	71	71	89	80	74	75	73	90	73	77	70	88	74	71	79	77	87	89	77	77	85	84	74	74	79	78	73	70	74	73	78	88	84	73	76	79	19	86	85	90	72	82	82	73	73	84	82	81	87	89	71	85	81	87	73	87	80	75	89	20	80	75	84	73	75	71	82	85	83	76	88	88	84	82	76	24	87	84	73	75	20	79	78	17	80	87	84	74	70	72	70	80	89	89	88	76	82	72	84	89	88	77	82	71	83	74	82	22	85	71	82	78	82	87	72	79	75	84	78	76	77	24	70	81	80	81	19	89	77	74	83	79	78	89	75	88	76	86	87	23	75	86	77	72	20	88	82	80	75	78	82	74	78	82	19	71	78	71	81	20	73	84	18	84	75	83	73	87	90	72	79	84	80	70	74	85	82	88	88	21	71	73	80	24	77	24	25	71	74	89	72	79	78	86	26	85	80	85	80	20	85	82	85	70	83	84	88	18	19	84	80	83	73	83	83	83	86	83	80	86	81	79	89	27	85	89	77	22	87	81	77	84	20	79	74	83	76	79	88	89	80	15	74	87	79	86	79	78	70	86	74	79	77	90	78	75	83	80	72	84	26	74	20	81	82	83	70	27	71	88	77	70	76	86	77	86	89	87	76	86	80	85	83	80	89	88	20	88	80	76	70	18	88	82	87	88	82	78	22	82	90	81	73	76	78	26	82	83	84	73	70	72	85	74	85	80	72	88	76	75	85	72	82	19	84	27	78	84	76	20	79	73	76	26	73	89	83	84	72	79	77	74	86	74	80	90	87	87	89	78	89	80	78	79	75	86	75	71	88	82	82	75	90	18	20	20	87	76	76	79	75	80	73	78	83	86	85	85	86	80	23	28	83	77	70	79	90	86	86	71	89	83	23	74	87	86	88	19	21	16	89	84	70	73	76	72	79	79	82	90	76	88	82	73	75	76	73	83	82	74	73	72	75	86	74	89	85	77	89	88	90	85	87	70	88	72	17	78	79	81	77	88	72	85	88	72	87	72	75	79	88	81	75	83	27
72	77	76	85	86	76	88	71	77	80	89	72	20	81	24	88	74	75	88	81	19	73	73	88	74	82	81	83	78	87	79	86	80	84	73	85	26	25	78	74	90	76	77	88	85	83	82	79	71	84	82	21	86	84	88	71	80	73	79	76	79	90	88	86	82	72	75	26	74	89	84	79	90	84	79	76	88	77	83	23	25	75	86	74	81	81	79	74	71	82	70	79	87	73	75	78	82	78	79	76	85	70	79	90	82	24	76	85	80	83	78	85	71	77	21	23	80	79	72	85	23	80	73	81	73	78	72	83	81	81	87	72	89	87	82	79	72	27	87	76	82	82	80	87	87	89	80	74	25	81	75	83	86	81	89	18	87	80	81	82	71	77	79	87	74	80	84	78	87	23	84	78	74	20	80	72	83	75	24	77	74	76	78	77	76	86	85	90	86	78	83	89	72	74	78	74	74	82	76	19	89	74	74	76	82	77	78	88	86	76	80	86	82	21	75	78	74	79	87	87	81	83	89	82	71	76	77	77	73	70	74	86	71	82	81	87	22	76	89	25	72	90	71	71	72	70	87	79	86	79	80	81	77	73	78	73	75	71	77	77	86	88	20	85	20	82	83	78	84	80	75	78	71	72	73	79	75	71	72	87	71	89	78	81	89	87	70	88	81	79	88	82	83	87	76	78	75	88	77	72	26	17	82	70	81	80	83	75	77	27	80	76	80	88	89	77	85	89	84	82	77	80	89	72	85	73	83	79	73	86	83	89	79	87	82	87	88	72	76	89	19	81	76	83	80	76	18	81	79	19	78	71	23	74	82	82	80	82	87	74	88	89	83	20	81	21	76	89	87	72	83	71	24	70	85	74	71	80	77	90	86	89	74	90	71	80	25	70	84	73	87	82	86	89	71	77	83	86	84	88	88	19	82	71	72	74	87	74	86	81	80	21	84	88	77	25	86	82	86	80	71	80	71	80	73	73	78	72	84	85	79	84	87	82	82	84	88	72	72	78	86	25	86	84	76	85	76	87	75	78	21	86	81	76	85	74	19	86	72	21	77	73	81	85	86	74	71	70	88	23	72	81	86	77	73	72	72	77	85	81	75	88	73	87	85	78	81	79	24	70	88	81	74	80	86	85	86	71	79	84	89	70	75	79	78	79	25	81	81	86	22	76	80	83	17	83	71	19	78	20	83	75	23	86	80	18	76	77	88	75	77	78	82	73	87	84	77	81	22	70	20	75	84	88	78	75	71	73	70	85	71	19	16	89	82	28	85	86	90	78	83	84	71	19	78	18	86	25	86	87	88	83	72	83	24	71	75	78	71	20	18	83	89	87	76	85	89	24	73	90	81	76	89	89	83	90	89	80	25	87	23	80	73	82	75	73	74	74	73	81	89	77	25	79	74	70	85	80	76	76	86	89	78	86	77	78	24	87	82	75	81	89	83	70	78	83	89	71	78	85	83	19	73	80	24	87	83	86	84	23	81	85	75	84	27	87	71	75	84	77	71	85	20	89	79	84	83	83	81	82	78	81	78	77	77	74	88	73	78	72	87	76	72	20	86	90	71	19	85	70	70	21	87	90	82	87	70	72	89	72	77	74	72	83	79	72	77	87	88	74	86	80	27	86	18	21	84	72	73	73	19	77	78	84	85	83	75	73	85	22	79	79	25	85	88	90	84	87	71	85	77	84	78	77	79	70	72	74	77	76	80	85	75	76	80	83	80	83	72	80	81	84	85	89	72	80	80	73	85	23	81	76	85	90	82	82	76	73	25	73	80	89	19	75	72	73	88	81	73	86	73	72	82	71	76	79	88	81	74	76
87	87	73	26	73	81	79	89	71	80	81	73	79	87	73	24	83	87	71	84	82	74	85	83	87	73	77	78	88	71	18	81	74	72	75	85	86	90	27	77	80	85	74	79	85	77	78	77	90	90	22	17	88	86	23	70	86	87	86	80	85	80	85	90	86	82	27	73	86	74	89	77	81	73	80	75	76	74	80	74	77	73	73	20	84	23	20	78	20	81	88	88	86	71	19	86	86	78	81	74	75	86	74	78	88	74	82	83	86	89	75	70	81	86	72	90	81	75	76	20	71	87	76	74	75	85	87	80	81	74	89	73	89	85	80	85	76	86	85	85	90	80	78	88	82	79	76	71	87	76	75	81	88	85	79	84	24	71	77	83	75	79	76	23	85	88	75	77	80	76	89	88	84	88	79	72	88	84	87	80	87	19	81	77	73	70	88	84	80	86	81	72	83	78	75	80	86	77	83	89	87	81	74	77	20	83	87	86	71	89	25	88	72	73	80	82	81	79	78	77	83	20	72	78	76	88	80	83	88	75	86	75	82	77	87	88	23	81	80	81	76	85	73	19	83	74	82	87	80	76	82	78	70	89	78	80	75	83	89	88	84	83	78	87	78	80	70	70	82	80	85	71	72	76	73	81	78	85	87	22	84	82	79	77	82	21	82	82	73	21	84	81	79	83	75	80	76	83	85	73	73	88	81	81	72	80	76	84	82	78	82	79	73	79	82	84	83	89	78	75	84	80	89	72	75	86	84	77	89	25	76	81	20	22	79	75	79	17	18	71	89	75	71	23	87	70	89	86	86	85	86	75	74	88	89	77	71	19	74	26	74	71	87	84	70	78	87	77	80	81	86	77	81	72	73	80	19	81	24	89	70	84	89	74	87	20	78	71	78	84	89	80	18	71	79	79	78	82	72	78	74	80	79	89	88	80	21	82	86	89	70	75	72	81	86	73	83	71	73	22	90	80	21	74	79	86	75	89	81	84	70	72	79	88	88	89	78	87	80	20	72	72	84	70	82	80	81	20	76	78	74	72	72	75	81	72	81	71	90	78	75	77	89	87	72	86	81	88	23	73	77	84	88	79	71	77	87	89	85	88	71	75	85	77	82	86	88	72	73	73	84	87	88	77	76	80	71	78	73	82	26	84	76	74	85	18	79	81	71	89	89	81	89	71	82	75	74	85	88	71	74	71	75	76	78	85	77	79	76	85	78	78	70	71	21	26	73	87	85	71	74	84	79	75	72	71	73	88	18	86	81	77	90	79	19	83	72	86	75	72	21	73	82	82	87	83	81	85	74	83	76	79	80	81	76	26	73	76	78	78	79	88	84	80	20	82	89	77	88	72	89	87	17	78	21	71	87	73	75	83	75	81	22	81	73	88	86	74	76	83	84	79	90	79	71	26	82	78	84	85	78	87	23	80	71	80	74	77	81	72	82	78	72	83	84	85	70	73	83	75	89	72	16	72	88	72	74	85	71	79	80	21	86	83	77	75	74	76	73	83	75	79	74	71	80	25	84	76	89	70	71	76	80	80	86	73	82	82	72	87	73	24	85	78	84	77	83	88	77	71	80	84	88	87	89	87	84	78	24	87	89	83	86	76	82	80	85	89	74	72	84	84	82	74	88	76	79	85	77	77	86	79	70	78	72	80	76	88	71	78	81	75	70	90	75	73	86	89	90	70	71	77	82	74	74	87	82	86	88	89	79	74	72	82	78	86	84	75	75	19	88	78	72	81	88	74	77	71	86	26	82	72	79	76	75	84	76	81	88	78	88	72	80	77	90	75	77	80	18	75	72	20	79	78	76	84	72	78	70	26
82	86	73	25	19	22	76	81	71	84	85	73	82	89	25	84	82	90	86	89	81	86	74	86	75	72	78	86	90	86	70	75	88	87	84	70	80	78	71	73	75	84	71	72	73	88	84	76	87	75	78	88	71	70	77	73	83	82	86	74	87	70	81	88	71	21	71	82	78	86	20	77	75	71	25	81	16	73	71	70	82	76	78	83	84	81	86	79	74	89	20	89	85	74	89	79	78	79	75	70	81	71	85	24	77	81	77	90	80	81	71	84	26	89	81	85	80	18	78	73	89	75	80	89	74	74	71	89	88	83	73	80	87	71	84	84	80	78	72	20	19	72	71	80	23	24	86	73	75	86	83	75	83	88	85	79	79	86	86	25	78	24	73	89	88	21	89	77	24	21	90	85	76	74	89	82	75	85	82	22	23	78	85	87	74	16	87	86	23	75	72	82	73	84	77	88	23	89	89	76	77	72	75	90	88	90	74	78	84	17	79	81	73	80	20	88	21	82	80	73	85	20	89	88	82	89	78	19	87	76	86	84	87	84	77	80	83	88	80	80	82	88	75	76	87	85	89	82	87	88	85	75	76	86	84	86	83	80	86	86	86	82	79	77	83	70	81	75	20	86	78	21	78	72	75	74	74	86	74	82	84	82	80	83	79	82	28	79	71	73	72	86	89	75	71	81	70	71	79	20	86	81	85	85	75	23	24	77	89	77	85	73	89	81	77	81	29	84	74	26	74	76	71	89	86	89	79	79	20	89	24	82	84	81	82	76	89	86	86	76	82	78	19	87	84	82	86	75	89	88	74	71	72	80	87	81	73	17	72	86	75	71	77	84	25	84	89	76	82	70	72	74	83	80	78	89	82	84	72	85	88	86	18	88	71	80	88	81	89	77	72	18	85	88	85	87	84	78	74	88	86	84	17	28	89	77	70	73	78	25	76	21	72	74	83	89	81	83	71	71	75	85	72	79	81	89	25	88	79	81	87	20	21	78	73	75	18	75	72	75	84	89	83	23	73	74	78	75	74	89	77	90	78	74	77	79	90	88	22	84	87	84	17	84	24	87	27	76	82	77	28	84	84	20	88	89	76	79	87	75	81	76	72	84	72	22	76	19	79	76	27	73	72	22	18	84	72	87	81	88	73	78	77	75	78	21	80	79	75	71	70	78	72	71	89	78	73	82	71	87	83	86	80	89	87	77	71	82	79	86	80	86	19	83	73	76	80	75	71	87	19	86	74	88	20	89	88	75	77	80	77	73	78	77	90	81	77	86	74	77	71	71	23	78	72	76	83	74	85	72	84	72	83	73	25	78	82	22	75	76	82	80	23	78	71	81	83	80	73	86	75	85	75	76	80	76	82	84	80	81	20	87	84	87	85	80	74	76	77	86	75	75	88	70	29	86	77	90	72	75	81	90	76	73	87	81	71	71	86	71	86	73	80	84	83	82	76	86	23	78	84	90	77	71	89	88	82	86	81	73	76	89	81	86	72	87	75	72	27	89	90	81	89	78	82	78	89	18	77	81	86	22	71	82	78	88	84	82	84	70	81	73	74	75	86	72	88	87	23	87	88	72	75	75	23	20	79	71	77	88	72	17	89	72	71	23	90	83	89	79	72	73	82	83	70	76	86	71	80	75	82	82	73	83	85	89	27	81	89	76	84	25	77	79	79	85	88	76	72	77	76	80	87	72	19	80	87	90	72	80	75	84	70	86	21	82	19	80	78	89	74	75	75	84	78	90	74	79	74	70	88	71	72	21	85	77	83	84	78	81	78	88	88	76	77	70	71	85	89	87	75	71	86	85	20	76	28	90	83	86
78	86	74	85	73	73	80	80	76	22	88	24	90	22	73	78	16	87	79	73	78	23	74	76	77	76	76	29	75	18	77	84	17	77	90	71	87	82	28	83	77	86	89	76	80	89	18	80	21	72	86	77	89	82	89	80	74	71	74	72	82	78	76	80	25	76	78	87	75	77	70	77	81	89	76	28	83	81	87	89	78	78	85	88	80	83	70	72	78	81	88	24	18	87	89	85	71	83	77	72	78	83	89	77	88	78	86	21	76	87	19	78	83	78	71	25	70	86	90	81	85	79	78	78	24	83	77	73	70	80	75	18	78	79	73	87	87	85	78	74	84	84	88	72	83	79	17	25	83	84	73	80	85	88	87	72	74	80	73	87	74	80	73	72	21	83	25	84	23	86	72	73	15	84	71	79	85	83	87	89	74	75	76	25	76	84	77	82	21	72	74	24	72	75	86	72	89	82	78	78	81	88	88	20	82	78	89	25	74	74	90	81	25	80	79	87	74	89	89	72	83	80	82	75	76	17	85	80	82	88	77	73	77	86	77	83	87	26	84	86	72	77	81	78	81	84	22	76	27	78	84	78	74	73	86	25	85	71	77	77	75	70	85	86	72	71	70	16	75	77	89	86	75	72	82	88	84	76	77	77	84	72	75	81	82	82	72	86	80	77	86	81	82	22	90	74	74	81	83	77	88	74	81	89	77	73	85	79	74	82	89	89	23	20	85	20	76	82	74	86	80	24	78	81	71	80	88	86	72	87	75	74	75	79	17	22	81	89	75	20	73	74	85	75	85	74	88	76	75	73	88	74	87	79	75	84	82	75	82	72	81	82	88	85	80	85	87	74	20	82	70	19	86	83	90	89	82	71	90	74	71	88	73	80	71	78	79	75	87	19	24	71	72	28	75	17	82	86	85	76	72	83	80	78	90	84	82	24	78	72	18	70	23	78	78	82	77	85	85	81	86	75	85	78	77	74	87	73	83	85	74	81	86	75	72	20	83	88	74	87	86	75	23	76	26	90	84	82	79	88	80	19	81	80	26	89	85	85	79	88	82	84	89	24	76	29	83	77	80	87	75	85	75	84	82	71	80	76	79	73	84	78	83	83	79	84	83	88	79	80	26	77	71	78	75	76	87	84	77	75	88	87	79	71	71	82	80	78	79	81	75	73	84	90	84	81	85	77	73	89	89	86	70	81	73	76	85	81	80	83	74	84	87	70	23	89	89	24	21	90	88	88	86	82	85	81	84	78	87	73	71	77	77	75	79	83	79	24	81	79	81	78	88	79	16	74	84	89	88	76	90	89	20	72	74	89	75	86	86	78	89	89	88	72	87	75	73	72	72	89	88	71	74	88	73	75	15	71	80	73	74	25	71	70	85	80	81	79	84	85	75	89	74	78	75	80	78	75	21	71	83	75	75	78	75	85	86	71	83	71	76	90	73	79	82	76	79	89	75	74	88	17	79	71	77	73	83	72	73	77	77	77	19	70	72	81	28	74	73	82	74	72	90	86	76	76	72	77	89	75	76	77	28	80	89	80	83	15	88	71	81	82	81	71	17	73	89	86	74	75	79	70	72	86	25	90	80	76	86	78	81	73	20	83	87	87	70	71	81	87	88	81	74	86	79	22	78	73	88	24	70	82	24	76	78	86	76	70	88	82	27	71	85	90	78	85	74	85	71	83	88	76	80	85	90	82	88	85	77	83	88	83	88	72	76	71	76	90	80	75	85	72	72	73	86	74	89	88	20	82	19	27	25	83	21	18	72	81	88	82	84	73	82	74	88	74	80	82	79	85	79	74	86	87	80	84	71	86	80	84
73	75	82	83	86	88	88	76	72	87	89	75	88	73	71	70	79	78	80	79	80	75	76	89	87	82	73	25	19	90	77	86	86	77	84	84	85	83	89	25	76	73	83	20	89	25	74	84	75	88	80	75	27	18	71	81	75	78	70	76	85	84	18	75	89	76	89	87	81	72	76	79	85	89	29	84	81	84	75	81	78	89	78	80	87	89	86	20	86	72	81	73	74	72	20	82	83	80	80	71	21	73	82	72	18	76	78	70	82	18	75	82	82	80	20	81	71	85	76	74	76	74	24	26	78	82	86	81	88	81	84	81	86	88	17	26	75	71	89	82	86	82	22	75	73	85	81	86	77	84	89	81	87	73	81	76	74	75	79	71	77	71	74	81	24	72	81	75	89	87	76	79	17	76	86	73	18	75	75	85	79	72	87	72	87	84	83	75	88	87	80	88	80	77	73	87	83	87	78	20	74	87	16	84	74	87	83	83	21	85	84	88	74	81	76	23	88	80	81	89	71	84	81	71	81	88	20	89	82	74	82	88	86	81	24	74	89	73	74	83	76	23	89	88	71	75	76	88	90	70	76	86	78	84	83	25	83	77	17	86	83	77	73	78	78	83	84	86	86	26	73	80	88	21	82	19	70	83	71	82	88	23	88	80	71	77	81	17	79	89	86	87	89	84	84	87	81	84	82	90	79	87	87	75	80	84	90	83	79	79	90	25	25	79	85	90	89	81	83	87	79	88	73	23	80	84	84	16	89	72	84	70	77	73	80	79	75	84	88	76	88	73	85	73	78	70	75	72	73	80	86	74	87	88	85	80	72	80	73	83	84	22	19	77	73	75	89	86	75	23	87	85	84	70	87	80	76	74	71	17	72	80	75	77	75	74	80	76	82	86	23	71	18	74	86	83	24	83	83	80	26	74	71	89	87	81	88	81	21	81	77	78	71	87	73	26	70	78	72	78	89	89	71	23	74	85	77	81	82	88	75	72	75	76	25	75	81	82	85	88	23	87	22	73	26	73	83	79	20	89	80	19	82	83	87	79	80	73	75	89	77	81	90	27	90	25	73	70	70	24	79	89	71	21	77	20	82	89	70	90	27	20	25	77	74	79	73	85	74	79	80	21	72	71	74	75	74	78	71	89	86	71	88	72	75	76	73	79	71	89	75	78	20	71	84	84	74	73	71	71	18	82	87	82	78	74	71	80	79	88	89	74	85	71	77	73	75	90	87	82	82	71	88	85	89	17	73	90	83	71	85	77	81	73	71	78	75	75	89	73	79	88	85	75	88	77	77	78	80	23	80	82	76	88	74	84	80	86	19	82	90	80	81	86	78	71	73	70	72	90	87	77	84	77	71	78	75	25	80	72	89	78	78	77	86	88	73	72	72	22	74	79	72	81	74	73	86	73	88	72	73	82	89	20	82	73	82	75	25	81	81	76	75	88	74	87	89	77	77	90	74	78	83	77	22	86	18	74	16	83	77	81	82	73	80	83	71	83	76	22	72	90	90	74	72	88	85	89	88	71	85	72	26	85	87	72	18	72	89	26	72	82	85	86	79	78	80	87	84	73	71	86	87	23	80	77	80	83	83	80	79	85	85	80	77	70	77	20	79	74	72	78	82	81	20	70	87	81	71	83	74	87	70	85	82	72	81	83	90	81	79	75	83	87	85	82	71	81	80	77	79	81	86	72	88	82	82	74	87	86	90	84	23	18	83	77	79	81	83	75	84	24	18	88	73	24	83	25	89	78	74	85	74	85	86	78	70	85	77	79	71	89	89	71	88	83	84	86	71	84	72	74	80	25	88	88	71	79	90	82
23	73	90	71	20	81	87	76	89	70	88	74	78	79	74	83	82	75	81	76	88	71	24	83	89	86	23	86	80	79	88	83	77	90	84	80	70	24	87	85	81	75	25	71	79	22	88	81	84	73	21	75	88	74	83	19	82	80	76	73	82	71	19	81	80	76	82	86	78	83	83	27	18	89	76	89	79	81	75	73	81	76	77	73	77	72	87	77	78	86	19	76	77	73	89	80	84	71	76	86	85	71	76	83	71	79	89	20	20	89	21	70	83	74	83	78	70	80	76	77	77	72	79	76	88	77	77	73	85	84	22	79	83	80	90	74	83	75	74	87	81	86	78	84	21	70	83	75	80	26	80	74	89	16	86	72	71	22	80	24	71	24	71	89	81	74	87	24	80	83	20	80	72	81	85	79	87	87	77	90	74	74	78	77	89	70	26	76	82	89	72	70	24	80	80	88	86	88	80	85	86	77	81	77	76	76	80	79	80	16	72	22	77	83	20	72	71	89	76	71	79	80	74	81	72	74	20	90	76	88	80	81	82	89	86	83	82	90	74	79	78	71	85	87	85	79	74	21	75	73	85	75	75	85	75	75	90	80	70	86	74	78	80	85	80	86	70	71	78	88	75	90	84	79	77	89	74	71	23	82	72	82	73	76	78	70	26	74	85	70	77	84	84	76	76	81	76	89	21	82	83	80	74	77	24	83	87	72	22	76	83	81	72	78	75	84	89	82	87	71	76	76	82	89	78	73	82	78	87	87	89	90	81	79	73	81	79	76	71	90	72	27	87	22	77	25	70	72	88	86	74	24	70	23	20	71	75	84	86	26	85	74	88	84	23	77	82	70	72	85	82	86	83	74	76	88	70	85	84	73	87	22	73	18	82	80	75	72	90	89	85	72	89	87	71	78	83	70	72	84	89	71	76	83	20	79	81	79	71	72	85	80	71	71	17	74	72	73	18	77	83	89	88	75	70	84	72	73	87	84	80	78	81	82	89	76	74	76	83	88	81	78	75	77	89	24	78	73	81	83	75	71	86	72	86	77	83	19	70	71	76	75	19	89	24	84	82	84	88	79	81	19	21	89	87	79	87	72	77	73	83	86	89	89	76	73	84	78	88	72	85	23	80	84	70	85	27	82	81	75	70	86	21	70	77	88	86	80	78	74	73	77	79	87	76	87	72	76	18	81	74	26	72	24	79	84	76	88	78	74	81	73	20	84	85	75	75	77	85	80	70	81	82	87	74	71	87	77	79	25	80	77	71	82	89	27	87	75	75	88	74	83	23	89	87	87	76	88	83	89	19	89	85	89	82	77	80	77	71	73	73	87	78	83	74	80	72	84	76	73	88	70	83	83	72	88	79	77	85	84	78	71	80	20	82	89	80	89	87	78	79	81	76	70	79	89	80	16	72	83	82	26	70	87	75	76	79	71	77	78	81	80	75	72	75	81	75	83	79	74	81	78	78	71	83	77	77	72	74	22	83	81	80	76	84	80	77	27	88	74	88	78	77	78	79	73	85	87	87	80	83	78	89	88	81	24	17	85	86	81	74	76	80	75	79	89	89	21	24	75	84	78	77	89	81	73	20	82	81	71	21	87	73	78	71	72	79	81	82	78	83	70	25	88	72	70	73	24	88	81	88	74	74	88	80	81	73	74	79	77	73	78	83	21	73	73	20	76	23	73	71	89	86	82	79	75	71	85	83	21	90	25	84	88	24	80	75	83	74	71	86	87	74	18	81	86	77	85	87	90	19	85	89	74	83	70	74	88	71	81	86	80	80	89	18	19	17	77	71	20	89	78	72	82	78	71	89	72	23	83
83	82	88	79	89	80	89	75	89	76	74	71	77	83	80	87	83	72	26	78	88	86	80	73	78	77	79	85	71	85	85	83	83	82	84	80	74	84	77	86	22	86	83	17	19	73	83	73	18	87	80	88	89	77	75	70	90	74	76	24	87	77	87	72	26	73	83	81	86	87	71	73	90	23	86	90	87	89	26	26	86	22	78	71	72	75	83	20	84	71	89	76	88	87	87	81	70	89	76	72	75	74	72	75	78	71	77	87	75	85	83	79	81	17	77	84	82	79	81	89	73	19	74	79	76	24	87	73	70	77	88	81	73	81	90	89	71	75	78	81	72	71	78	74	79	22	81	78	78	86	80	80	70	78	23	21	86	71	84	83	17	86	73	24	82	78	89	23	73	78	89	82	82	82	86	18	73	82	86	72	77	85	24	86	71	76	90	79	81	83	82	87	74	76	80	88	80	83	79	76	88	78	87	71	71	79	85	23	75	81	77	77	84	75	80	81	85	77	86	18	73	85	77	87	73	70	87	83	73	75	17	78	79	72	72	82	88	84	83	73	77	78	72	89	76	89	76	75	88	80	81	82	88	75	70	73	85	86	20	25	83	85	76	78	19	80	71	82	79	88	88	19	90	73	23	80	85	22	81	70	71	88	89	19	87	72	71	85	88	72	84	74	74	73	82	72	73	81	83	73	73	87	71	84	73	79	72	71	85	83	76	82	87	76	81	89	86	19	75	82	75	84	73	74	86	22	86	85	83	79	82	72	74	87	72	78	87	78	16	21	82	78	87	76	81	79	74	23	83	76	81	89	85	87	77	20	71	77	73	89	81	78	74	81	79	80	84	72	89	81	87	85	25	21	77	24	16	82	77	88	73	88	85	70	89	89	86	70	71	75	87	76	89	71	28	72	85	70	80	71	89	74	79	78	80	74	23	85	75	72	72	76	87	82	80	86	72	76	87	77	81	79	89	73	85	84	80	80	74	19	72	74	75	86	80	84	89	89	85	85	83	85	87	25	88	81	81	19	83	80	80	84	80	89	73	90	85	83	78	83	87	77	82	77	78	74	86	77	86	89	85	78	80	80	78	74	85	79	85	83	73	87	80	81	79	82	86	70	87	83	86	78	27	80	88	90	77	19	29	74	79	83	78	17	74	81	28	80	83	82	80	78	82	87	86	86	71	72	72	77	78	87	86	75	79	82	77	83	77	74	80	85	86	88	87	83	80	26	84	82	78	79	86	83	71	18	79	18	86	70	73	89	84	84	76	73	76	23	88	76	89	19	74	84	83	75	19	78	76	70	74	20	85	21	72	85	74	76	17	72	71	83	81	86	76	88	76	76	76	80	90	70	18	84	71	73	84	74	83	81	81	22	83	78	73	78	90	87	72	72	70	77	71	81	74	83	82	84	78	25	87	25	76	81	71	86	89	22	88	84	25	82	77	24	72	76	20	73	70	70	80	70	79	80	78	81	79	86	76	83	73	80	89	24	71	74	89	85	77	83	76	82	71	85	84	72	88	72	18	89	82	19	82	86	86	82	83	82	70	24	83	81	86	89	81	76	88	83	89	87	87	88	71	83	79	72	72	89	79	17	82	84	72	80	80	72	27	84	70	76	71	20	73	72	85	70	71	89	71	82	79	71	89	80	85	81	74	77	90	84	70	75	89	77	73	90	81	70	85	87	75	83	86	87	80	78	84	88	72	70	76	70	88	72	84	75	78	84	81	81	82	83	89	83	86	25	80	77	72	87	77	72	89	87	76	79	87	89	80	73	89	76	71	86	75	74	89	85	78	72	72	88	88	81	77	70	70	17	84	81
79	26	84	88	73	82	77	76	84	77	19	75	90	75	79	24	18	76	23	27	73	89	74	84	73	86	86	79	80	18	70	81	76	25	75	79	76	77	82	72	83	89	90	77	85	88	75	79	72	22	75	79	76	86	74	20	77	19	83	73	80	86	83	78	83	71	86	83	83	87	72	78	72	77	82	81	88	79	75	73	76	90	81	77	71	72	85	77	87	71	76	89	82	23	72	86	71	24	83	73	71	74	25	70	88	22	78	75	79	79	72	71	25	84	81	80	71	87	79	90	75	78	90	74	72	74	77	84	88	25	83	88	73	79	85	89	73	27	78	79	80	81	71	75	84	80	79	80	77	72	81	75	80	83	81	76	25	80	80	77	85	86	70	87	89	71	71	83	82	71	72	72	74	71	81	75	88	86	87	88	76	81	73	76	78	85	79	85	88	89	83	72	77	76	71	72	85	79	78	77	73	82	77	76	77	24	76	78	70	70	85	78	83	82	80	87	72	77	88	89	86	72	85	77	79	74	72	72	73	79	90	78	86	72	88	84	86	75	82	70	21	78	74	86	76	78	74	82	24	76	27	85	22	85	76	81	78	85	79	85	74	76	74	78	87	80	85	77	75	26	77	90	90	84	82	77	27	77	86	81	74	89	27	85	77	71	86	85	87	87	25	20	85	79	75	71	83	16	80	19	81	75	76	90	78	82	75	75	80	84	80	79	89	76	87	86	84	76	86	23	80	74	74	76	22	21	75	89	76	71	81	89	82	77	87	77	23	72	72	89	78	84	77	85	70	84	81	22	82	75	73	73	23	84	87	76	71	82	83	71	83	78	73	81	83	22	22	73	20	80	86	85	79	85	89	71	72	79	73	86	81	72	19	84	85	85	88	84	84	90	72	83	70	84	85	76	23	26	83	84	27	86	87	83	79	76	83	79	87	73	82	88	78	20	87	88	18	82	89	87	75	81	20	70	71	72	85	72	16	79	73	74	78	25	72	87	89	21	17	79	75	25	79	83	78	87	81	75	79	86	75	80	74	83	25	85	84	78	71	89	71	70	73	79	76	85	76	76	78	90	85	77	84	80	86	83	86	70	21	18	74	19	81	18	24	83	89	71	89	85	72	72	77	71	71	75	81	18	89	87	81	87	89	88	74	76	74	80	27	21	21	73	77	78	71	83	87	89	77	71	86	85	78	88	73	17	20	75	75	81	78	81	89	87	72	81	21	83	74	87	76	75	26	86	78	89	70	90	73	81	83	78	74	17	81	78	81	76	21	83	89	82	86	80	74	70	78	87	76	72	80	78	74	85	72	83	81	88	89	19	19	17	76	18	86	89	73	88	71	27	79	21	82	74	81	83	77	81	24	80	76	86	80	77	82	87	82	75	71	83	80	89	87	18	88	83	78	82	88	25	80	86	72	78	79	88	83	89	26	76	87	88	83	82	22	77	83	71	80	71	80	78	89	71	84	20	79	82	84	82	87	74	72	84	23	72	82	28	85	72	76	22	89	20	19	80	83	88	86	86	71	83	83	89	76	87	90	79	84	81	76	79	71	18	19	86	24	89	79	85	78	76	80	78	71	74	75	90	78	83	72	76	80	79	80	71	84	88	88	70	77	88	76	75	79	86	89	80	85	88	19	75	80	86	24	89	90	71	72	77	83	23	86	88	84	76	89	86	83	78	80	80	84	83	82	88	88	19	86	20	73	88	88	72	77	71	74	90	71	83	23	88	17	76	79	78	79	81	79	72	86	71	77	74	74	81	73	24	83	71	70	83	71	77	16	86	75	83	73	75	90	73	77	85	82	89	28	71	90	83
83	74	88	84	71	72	70	81	89	76	80	75	75	84	72	75	73	74	83	77	89	78	85	74	78	87	86	77	85	78	78	87	77	85	76	22	80	76	70	86	74	80	70	77	83	88	80	77	72	74	75	74	85	82	79	79	19	80	71	83	84	76	86	74	84	76	76	88	82	81	72	27	81	87	72	88	79	72	71	83	85	89	76	76	89	80	87	81	85	72	87	81	74	87	74	82	73	25	74	79	75	23	75	82	81	74	86	71	82	75	74	73	70	88	72	77	85	83	70	78	84	88	85	77	84	73	85	16	89	80	86	86	84	82	76	72	76	88	87	21	76	90	80	85	84	82	84	71	73	73	20	77	79	73	70	80	81	75	81	77	71	72	80	72	84	79	76	75	72	88	73	85	90	88	27	87	85	17	81	78	86	72	70	74	86	89	24	86	71	86	73	74	71	78	25	76	76	90	78	88	77	77	80	90	89	81	90	72	90	87	85	21	24	23	70	79	83	81	84	70	77	88	24	79	83	86	71	72	79	70	89	81	22	78	72	81	90	79	81	87	78	72	72	88	81	81	82	90	75	18	86	87	86	88	80	70	26	80	84	71	71	81	76	83	84	23	21	85	19	85	77	86	81	82	84	89	88	81	80	76	23	74	88	88	84	90	89	71	88	75	78	80	81	75	88	79	85	83	83	81	74	87	81	88	70	86	86	76	77	82	71	78	85	80	74	76	78	85	73	74	20	25	23	75	78	72	76	18	76	88	23	88	88	80	78	90	23	80	80	71	74	80	74	78	90	78	89	84	78	85	79	20	72	78	85	73	84	88	75	77	87	80	81	80	83	72	83	75	86	25	80	84	73	71	81	73	77	74	88	73	75	74	71	75	72	72	72	23	70	84	73	83	90	82	26	86	85	71	79	88	74	77	16	27	88	77	89	82	20	79	70	89	77	77	89	82	79	71	72	87	82	70	84	72	73	83	80	79	87	20	76	71	83	88	82	80	86	76	79	78	80	89	84	90	71	84	85	80	87	20	73	79	22	20	89	90	71	79	78	84	77	26	84	72	88	79	88	73	81	73	78	75	77	76	75	77	85	76	78	82	83	70	83	20	82	71	87	19	80	84	82	85	70	72	71	78	72	71	70	79	85	21	81	82	78	82	90	87	78	76	87	75	20	75	76	80	81	75	86	81	17	89	74	82	71	76	72	82	72	80	26	26	77	21	71	81	84	80	87	27	73	84	86	75	79	87	77	87	84	73	90	72	77	81	85	89	75	83	83	76	84	72	79	75	83	73	77	85	71	88	74	75	73	85	76	82	79	74	82	75	76	82	80	82	78	89	18	79	86	83	77	88	79	89	85	73	73	77	83	75	75	74	88	89	79	26	71	76	85	22	90	25	77	87	89	77	84	19	85	89	21	76	72	72	90	82	70	75	73	87	26	78	81	87	87	23	81	78	88	78	88	84	89	73	74	75	75	82	17	77	27	73	81	87	84	23	84	79	78	72	89	87	87	70	87	83	85	88	70	79	83	86	75	88	71	71	73	86	79	81	29	73	20	75	87	27	85	84	70	82	71	70	70	85	88	78	70	75	72	81	81	77	84	86	75	90	88	71	80	77	77	80	89	86	74	87	81	70	85	73	73	19	88	87	80	88	76	80	70	87	23	87	76	75	25	76	22	23	81	18	78	76	87	76	84	90	78	82	85	78	88	74	81	81	84	82	20	88	21	87	76	70	79	81	82	80	86	82	80	80	77	78	85	73	18	84	78	72	75	85	74	72	82	84	74	74	71	27	72	77	19	78	89	76	86	87	74	72	25	75
73	85	19	79	80	88	86	71	23	80	89	85	21	85	89	79	81	84	83	79	71	84	82	19	22	89	84	81	78	77	77	25	73	89	88	82	25	73	75	77	76	78	76	84	84	72	90	76	84	23	83	82	85	87	74	78	75	88	82	73	87	23	74	76	84	79	77	25	89	73	83	71	81	84	70	74	71	24	25	78	75	82	78	79	77	20	89	86	21	75	75	76	73	80	71	84	77	77	88	82	85	88	72	81	73	72	20	72	72	71	75	75	84	89	86	70	89	71	25	77	75	78	27	88	71	76	90	81	26	88	75	80	80	86	90	73	88	80	74	80	83	81	78	89	85	88	88	90	81	83	76	71	73	83	82	85	80	72	89	82	82	82	71	86	88	85	88	89	78	88	79	76	77	70	90	84	78	78	28	79	90	78	79	85	87	81	74	79	89	83	76	74	78	86	85	76	70	73	82	71	77	86	87	71	70	75	90	87	77	76	74	70	76	73	81	75	84	85	73	85	86	77	85	78	84	85	86	79	73	84	79	71	74	77	89	71	81	84	24	78	86	25	88	76	19	25	78	80	87	76	78	89	79	89	75	82	78	86	90	79	72	76	87	82	75	75	77	73	73	82	23	73	79	81	73	70	81	90	82	70	81	85	72	85	87	83	88	71	86	85	75	85	75	74	85	80	78	75	75	85	73	90	21	85	73	77	73	18	84	73	84	87	73	77	79	81	90	78	75	89	78	88	75	72	86	88	82	75	86	71	83	87	73	22	79	73	71	75	77	75	81	85	72	87	78	86	73	84	22	80	27	77	74	89	85	87	24	75	80	80	25	76	71	88	78	89	88	21	80	72	72	82	74	76	78	70	74	82	79	75	19	76	82	81	78	86	78	88	84	79	79	82	74	88	84	76	76	86	83	25	87	72	79	81	78	77	75	22	88	77	72	86	85	71	73	75	75	76	86	86	24	80	73	77	86	71	76	22	82	81	18	23	85	86	84	90	76	21	89	75	24	77	88	72	84	82	70	79	78	86	85	84	86	17	86	85	88	17	86	19	73	71	79	77	85	89	85	25	76	82	70	70	87	80	70	72	70	79	86	72	88	75	74	76	78	80	72	83	83	79	76	76	80	85	89	90	27	84	29	74	80	81	88	72	75	78	71	74	83	76	71	83	83	82	71	77	74	79	80	87	77	89	23	89	83	71	73	76	88	72	89	81	74	88	77	70	82	77	85	89	73	24	73	19	76	86	81	76	77	73	74	83	80	90	88	73	20	75	78	75	81	88	80	86	73	75	73	78	25	79	84	79	81	81	74	79	87	75	70	78	78	77	86	75	84	90	74	74	79	80	81	82	88	29	89	71	17	74	81	73	88	81	79	80	73	87	26	81	74	72	77	72	83	74	78	83	79	85	87	72	75	70	24	78	83	75	81	83	73	88	70	73	76	20	83	82	86	79	87	75	80	76	89	76	83	71	85	79	72	90	81	75	76	79	82	72	73	87	81	81	20	74	71	76	71	90	23	71	82	17	89	75	75	82	85	75	90	85	26	82	73	87	78	79	84	81	79	82	83	27	71	75	19	85	75	82	76	74	90	19	75	71	72	89	74	80	86	72	84	72	90	79	71	73	82	80	84	77	73	90	79	78	76	71	76	24	83	17	77	86	74	85	80	83	85	24	77	81	75	77	22	89	80	84	89	74	79	83	80	74	72	88	22	79	82	20	80	72	87	78	82	81	71	86	21	74	72	88	79	76	80	86	76	85	71	77	76	71	87	84	81	77	90	84	77	18	83	87	74	74	71	81	77	86	81	75	87	16	89	89
87	82	79	77	79	82	84	75	87	77	86	81	87	90	84	89	85	20	84	74	85	82	84	77	76	76	85	77	23	88	70	85	83	25	25	22	76	79	75	77	74	90	85	74	72	78	78	77	78	80	82	71	80	74	88	87	74	73	79	74	86	71	89	90	77	79	72	86	83	75	80	77	72	24	81	75	79	86	71	88	84	73	79	84	71	76	89	81	86	80	76	79	85	89	90	78	83	85	86	25	87	78	88	88	83	90	81	82	80	72	78	83	82	88	81	87	74	79	23	20	77	19	90	81	27	79	83	76	76	90	78	80	24	75	86	87	27	72	84	70	22	26	89	88	89	84	75	77	84	87	73	27	87	79	88	77	81	79	88	75	80	81	75	74	89	86	70	84	81	86	85	73	88	23	87	78	78	70	86	87	84	77	79	71	17	81	73	88	85	24	89	86	86	82	89	73	78	21	83	79	86	88	87	80	76	26	88	83	86	88	86	70	90	71	80	22	83	84	77	87	78	79	76	80	71	80	72	71	25	26	81	74	86	81	72	17	72	79	89	71	75	78	81	88	73	76	81	75	77	72	84	25	78	79	90	85	83	76	86	87	78	72	82	73	75	21	88	79	75	82	74	87	75	83	81	18	89	73	86	71	74	87	88	74	83	80	70	83	71	88	87	22	26	72	87	25	76	86	74	82	73	73	89	80	83	72	85	71	77	81	73	72	71	87	80	83	71	89	78	86	78	80	22	74	82	84	23	72	75	82	83	81	90	81	74	24	87	77	76	76	72	81	20	74	29	74	88	70	72	70	84	81	80	88	84	84	75	72	87	71	75	70	77	19	88	85	74	85	71	85	83	79	85	74	84	76	76	24	71	87	87	89	85	78	80	82	24	25	23	73	73	88	78	81	85	18	81	71	18	83	80	78	80	85	78	26	76	81	79	73	88	73	87	71	72	78	80	24	86	79	85	85	77	86	84	72	87	83	78	86	73	85	78	70	25	17	76	77	19	78	73	88	77	72	81	84	87	71	83	82	75	83	84	79	78	85	90	81	87	77	81	75	85	82	71	85	73	70	81	75	77	90	80	74	74	88	89	86	85	72	73	72	71	84	89	78	80	78	83	88	90	73	72	81	76	74	83	85	88	81	88	24	21	74	77	73	74	20	70	87	74	75	80	79	90	74	80	89	21	88	88	90	80	22	22	72	84	26	78	76	73	86	77	70	87	89	72	90	83	78	77	88	86	72	75	73	86	81	18	81	73	15	73	86	74	75	73	84	90	24	89	17	75	22	89	76	74	84	84	82	84	79	85	81	73	90	72	74	72	74	80	77	78	73	73	79	81	84	77	83	89	76	73	71	75	73	72	80	80	78	87	79	76	70	78	89	85	90	76	88	75	75	79	79	89	77	73	72	86	83	75	83	85	86	89	82	83	84	76	19	84	74	24	85	89	71	88	26	85	85	24	78	74	83	78	83	85	18	89	88	72	84	75	89	87	73	79	83	84	85	84	76	20	85	21	79	74	16	86	74	73	86	77	83	79	79	86	76	80	79	89	75	83	71	90	87	79	78	85	89	81	79	87	79	75	89	86	20	89	77	88	71	79	77	82	72	88	75	83	72	86	78	89	75	89	87	82	84	80	75	73	22	76	72	23	85	76	83	85	85	84	86	24	89	24	77	78	74	71	17	76	90	89	71	84	26	78	18	75	86	86	82	88	72	86	89	77	27	87	78	74	22	74	16	90	82	75	75	18	73	86	84	87	73	78	79	73	86	77	81	77	90	71	21	78	76	81	77	83	22	79	21	73	78	78	82	77	90	84	72
84	81	79	75	86	82	83	85	88	71	17	24	79	81	71	83	75	75	85	73	79	74	70	74	84	90	23	84	87	78	18	82	17	87	74	86	70	83	84	80	76	72	89	71	85	89	86	71	86	78	89	87	77	78	24	73	76	80	73	74	89	75	81	77	84	82	84	87	86	72	78	79	72	74	71	89	86	88	70	77	83	80	78	80	71	82	87	70	86	88	72	87	74	20	81	28	21	79	77	75	83	89	87	87	70	79	88	81	71	72	78	71	78	79	73	88	74	84	73	73	82	83	86	86	89	84	83	74	76	75	87	85	26	84	76	70	87	73	83	85	84	86	74	89	80	88	84	72	70	76	21	79	16	86	76	75	84	79	85	80	84	72	78	87	89	83	90	71	78	72	85	72	72	89	81	82	82	76	90	82	87	89	87	82	86	73	76	82	81	81	82	74	25	21	70	74	80	83	26	73	86	80	76	76	90	79	27	82	88	87	84	73	84	88	70	71	88	28	82	76	72	84	87	20	70	82	71	71	72	83	79	23	72	77	80	70	90	88	74	79	70	75	27	89	88	85	25	21	83	87	83	76	78	90	74	83	25	76	90	85	73	71	72	23	87	71	70	82	87	86	75	84	85	88	89	75	74	81	88	73	89	88	76	76	79	76	84	90	77	78	75	86	80	76	80	88	26	76	88	83	79	79	80	79	22	88	75	79	86	85	78	80	70	23	86	75	84	87	84	81	75	75	72	74	74	89	82	89	21	81	77	79	85	86	71	90	80	76	77	81	81	27	89	75	85	77	83	79	84	85	71	81	88	87	72	81	79	88	82	73	86	73	79	89	71	73	78	81	82	83	72	72	83	88	89	88	88	76	74	79	86	70	89	77	74	74	77	77	88	78	88	75	80	89	90	82	74	82	78	88	81	77	76	88	83	23	76	86	70	84	86	73	81	85	19	83	85	82	84	88	83	85	73	79	90	82	77	78	85	75	88	89	87	86	71	85	71	72	82	73	77	77	70	82	88	79	73	70	79	90	72	73	78	87	88	17	83	84	75	77	24	76	89	81	81	71	74	90	83	79	84	85	78	85	70	74	19	84	89	80	74	82	70	82	83	71	19	82	90	73	78	78	89	80	85	18	80	76	82	86	74	74	73	83	83	88	84	81	88	90	79	19	81	77	78	25	24	73	82	74	74	83	75	86	73	79	88	90	71	73	73	88	81	72	89	82	70	74	78	72	83	82	84	21	78	78	74	75	78	84	79	81	82	81	78	72	88	82	87	77	77	81	72	79	72	76	71	85	86	75	89	86	72	18	75	25	84	73	80	76	87	77	74	71	80	21	80	71	77	82	19	78	73	78	77	81	82	80	86	19	73	80	86	81	89	79	81	74	77	81	80	89	76	74	79	83	77	70	84	72	19	84	89	73	73	73	84	71	76	19	82	73	85	89	86	88	82	86	76	77	86	74	80	89	85	75	19	82	85	83	79	23	77	83	76	86	84	84	27	87	85	78	74	74	75	73	81	82	77	81	73	74	79	79	73	78	78	74	83	79	81	80	19	71	78	71	78	83	90	72	18	74	73	71	79	80	81	84	83	76	87	89	80	79	24	21	89	78	73	89	22	90	75	27	81	72	18	89	20	89	76	82	85	78	85	77	85	89	84	78	86	76	80	70	82	72	88	82	77	74	75	83	87	80	87	84	20	84	80	87	72	86	89	81	75	76	74	27	75	83	77	90	79	76	86	80	78	81	82	74	73	75	26	81	89	17	80	76	83	71	83	81	82	21	83	85	83	88	80	82	74	87	78	71	73	82	82	71	88	87
89	73	83	74	76	73	85	86	74	81	72	74	72	76	72	73	73	83	70	83	76	86	85	82	70	79	73	71	90	85	86	23	85	84	82	88	86	79	71	84	74	19	75	74	74	84	80	22	80	81	75	74	76	17	81	73	78	82	89	25	24	74	74	20	73	77	88	84	24	78	81	76	79	75	79	76	20	89	72	89	24	74	71	18	88	82	19	84	71	86	87	77	73	78	85	75	87	85	79	83	75	84	26	79	85	76	21	87	82	88	82	87	79	81	70	88	85	73	81	77	70	75	77	90	89	75	86	90	76	73	20	87	81	70	17	76	87	86	80	82	73	90	79	85	88	71	16	71	88	25	70	79	75	71	70	72	77	86	21	80	82	79	76	71	78	82	71	82	88	70	85	84	78	72	74	85	71	89	74	84	84	88	71	73	81	81	84	21	87	86	81	74	83	85	74	27	75	85	89	87	20	75	74	78	88	74	76	71	83	74	71	84	90	87	77	87	90	76	75	18	71	89	78	75	29	87	74	21	87	86	17	81	80	20	80	80	71	82	74	75	79	86	77	84	78	80	87	83	80	16	80	72	73	27	19	72	74	84	90	26	17	83	80	88	81	88	76	76	80	87	77	80	17	83	88	88	73	71	20	85	77	23	80	86	72	84	83	73	74	73	83	81	71	77	73	25	70	71	72	71	25	89	84	26	83	73	21	82	89	81	78	73	79	73	24	20	73	86	26	87	84	75	84	75	73	89	85	74	71	80	82	81	82	89	73	77	70	20	85	76	82	72	75	80	89	72	80	88	86	17	88	83	89	80	84	80	77	89	75	77	77	71	78	86	84	72	73	79	80	86	22	86	75	77	72	24	79	76	71	85	81	82	78	19	24	20	84	73	87	71	88	77	77	70	88	87	76	72	70	23	73	82	88	72	85	88	74	81	80	86	19	81	76	79	71	72	82	81	20	87	71	82	71	87	80	19	77	78	80	79	76	74	19	71	77	84	83	71	78	89	84	74	79	80	84	83	87	90	75	79	79	80	78	73	72	71	19	84	85	80	79	84	89	77	89	72	82	28	74	89	71	87	80	70	80	75	76	72	20	83	82	77	84	82	71	90	74	80	86	24	78	80	25	86	83	77	89	72	82	80	85	80	75	87	87	80	76	85	72	76	84	87	70	17	81	79	87	83	78	80	79	77	89	75	78	72	73	71	23	74	85	80	72	89	87	88	86	86	76	82	79	22	75	74	79	80	20	19	84	81	83	73	85	72	74	78	86	79	88	88	75	71	84	80	88	74	70	82	86	87	81	71	85	83	70	75	21	72	82	75	78	18	87	78	20	75	88	70	74	72	80	21	89	84	79	24	79	88	82	70	78	80	23	86	70	82	24	83	89	86	19	83	89	72	89	85	21	84	21	74	76	82	86	75	80	71	85	86	90	72	77	75	87	74	84	83	89	27	70	19	74	80	82	89	76	89	78	80	89	81	72	71	86	76	89	75	28	76	89	78	88	25	81	83	72	87	77	87	84	89	76	83	84	24	21	85	72	83	89	77	82	89	86	89	88	80	72	77	79	24	19	88	77	84	70	88	80	76	85	78	82	75	79	22	82	79	83	77	87	81	77	79	86	80	77	84	82	86	76	88	82	82	25	82	88	73	82	20	74	79	82	84	90	81	73	82	77	78	86	71	72	86	20	81	88	80	17	78	25	76	83	83	87	86	78	76	74	79	81	81	90	90	85	73	75	87	80	76	79	90	79	84	70	70	85	82	72	70	79	86	19	72	76	79	74	77	74	86	81	84	22	77	20	89	20	71	73	82	82	76
76	77	86	84	76	85	76	24	80	83	84	89	85	73	78	90	75	20	79	83	75	78	87	19	74	89	79	73	85	71	79	83	75	80	72	83	88	80	88	73	70	77	89	82	78	74	76	21	81	89	85	89	27	84	80	74	78	73	86	71	71	76	79	72	71	72	83	74	71	78	75	79	83	90	85	78	75	73	76	74	77	73	77	82	75	75	87	85	85	21	84	89	86	77	81	87	77	75	19	78	21	79	79	89	82	75	74	88	80	77	78	71	83	76	89	78	23	71	85	84	88	83	76	82	74	87	78	73	85	25	82	88	88	78	85	74	72	73	81	74	70	87	87	78	75	85	82	70	83	82	86	71	87	86	90	87	89	79	86	71	82	82	83	78	87	70	78	76	76	78	71	78	80	79	72	86	73	17	86	73	72	76	82	82	72	85	73	71	83	84	71	73	75	83	82	78	78	79	74	89	76	85	87	72	74	76	75	84	17	86	26	71	72	88	76	72	75	76	24	70	90	87	90	90	84	76	70	76	73	77	89	89	84	71	78	85	73	83	83	77	20	83	71	82	82	88	89	70	84	79	74	80	74	90	72	85	87	78	71	85	84	87	74	73	87	89	81	81	88	84	89	83	79	76	71	88	82	79	84	71	71	82	73	85	73	86	77	87	80	22	77	87	73	76	21	77	86	74	79	80	74	89	77	23	87	83	76	70	88	80	81	79	84	88	86	85	86	80	81	75	73	87	77	74	22	72	78	74	71	79	85	84	86	85	78	79	75	89	71	76	79	72	79	77	88	82	16	75	71	88	88	79	78	71	77	73	88	73	78	78	78	83	71	77	80	85	84	82	76	82	85	84	86	78	83	87	81	88	90	88	74	82	78	71	78	78	70	84	73	81	89	80	84	72	82	89	70	88	81	90	74	76	88	85	72	89	79	75	71	73	84	71	84	86	86	76	81	88	90	85	88	85	78	21	76	83	89	75	88	86	20	81	87	80	83	71	86	77	79	83	88	75	71	72	83	88	87	83	77	79	72	83	87	82	81	76	83	72	79	79	76	87	87	88	78	88	81	79	83	85	85	70	70	79	70	78	77	71	83	82	73	71	78	79	89	87	74	76	83	89	87	83	82	88	82	76	76	90	82	88	80	84	85	88	20	80	88	72	76	80	77	85	88	89	84	71	72	71	84	20	83	86	81	78	78	77	81	90	77	80	87	85	76	71	77	85	71	77	82	83	74	85	75	80	70	87	17	79	85	78	84	88	85	72	87	81	84	87	78	25	89	71	86	88	73	82	77	72	84	77	70	76	90	82	84	90	85	78	85	74	84	88	88	84	82	72	83	73	22	76	85	82	84	82	86	72	76	89	71	88	73	82	80	82	19	87	73	18	26	75	86	81	77	75	89	74	79	81	81	86	88	84	85	76	19	19	80	78	80	89	71	21	76	86	21	23	80	88	82	81	88	79	78	76	70	73	79	78	83	81	85	86	79	77	88	72	77	82	78	24	90	85	81	78	77	27	77	82	75	80	87	83	83	82	75	89	73	82	73	79	74	82	88	81	84	79	89	79	86	77	85	87	19	90	70	19	84	79	73	77	85	73	83	70	79	75	25	77	16	80	75	84	87	85	78	78	82	74	72	89	73	87	88	85	77	81	73	74	81	80	90	79	90	87	85	88	83	87	78	80	89	85	77	89	73	77	85	90	87	80	74	84	73	73	76	82	74	88	71	90	25	83	80	89	72	81	83	29	84	79	78	73	84	83	89	76	79	74	76	77	81	89	76	77	78	79	81	77	80	77	73	71	82	71	85	74	85	72	88	79
wj																																																																																																																																																																																																																																																																																																																																																																																																																																																																																																																																																																																																																																																																																																																																																																																																																															
52	27	37	91	55	77	92	47	98	45	80	95	24	59	3	47	64	84	95	95	91	23	57	100	66	46	45	98	48	42	74	14	38	93	28	40	91	96	32	81	43	37	46	74	88	19	46	66	16	39	12	3	88	36	42	93	1	36	65	88	63	28	16	30	28	88	15	30	17	53	60	64	16	98	34	7	30	5	9	32	20	65	93	60	34	99	15	44	96	42	98	13	81	61	89	95	60	54	78	88	38	36	76	57	4	25	45	96	45	39	4	39	48	30	30	74	35	40	13	85	44	26	20	44	58	22	1	79	63	99	10	12	62	30	29	47	46	18	28	10	50	90	81	23	4	52	31	63	15	60	64	33	92	70	46	20	87	65	95	55	35	62	41	22	43	6	51	23	27	42	18	11	3	42	2	19	5	68	82	80	64	2	11	6	18	42	39	37	48	64	20	15	48	98	62	49	77	96	26	89	57	63	14	25	60	77	60	9	6	78	22	26	66	74	73	59	52	34	59	92	20	34	22	98	71	4	40	23	57	48	69	42	84	46	56	55	72	85	78	91	53	93	85	23	9	11	3	42	49	29	28	30	38	86	90	55	86	32	37	74	86	30	59	48	57	87	55	15	79	39	76	49	47	43	8	78	21	67	92	55	11	12	91	94	15	24	40	94	94	39	97	41	37	55	44	87	60	83	6	86	20	41	41	96	71	59	18	69	32	43	72	7	71	20	45	27	89	31	99	24	31	66	80	64	17	31	9	41	50	50	15	96	93	83	97	92	58	62	54	54	84	25	87	71	80	52	95	39	41	19	93	48	80	3	70	51	44	14	24	21	36	22	43	11	82	9	59	38	51	20	54	32	53	55	96	46	16	97	39	39	62	11	33	77	26	16	6	38	43	89	63	7	35	22	17	4	62	85	83	84	32	85	52	13	35	98	17	65	83	16	2	7	77	28	14	76	73	26	63	61	60	70	95	8	62	3	58	15	50	41	26	67	69	10	89	93	20	93	81	5	33	100	2	16	10	62	90	21	43	30	99	21	8	40	64	74	34	55	45	93	4	27	52	76	50	60	14	14	33	92	99	21	53	67	39	23	64	22	76	86	91	91	97	37	77	94	99	33	3	45	11	43	98	68	65	69	68	92	16	42	99	35	39	42	50	67	86	2	25	100	19	58	5	62	41	2	72	96	68	5	22	23	99	35	34	11	97	69	6	99	18	69	20	88	84	91	33	30	26	27	25	57	64	56	4	85	87	72	38	85	39	5	21	42	13	95	94	4	72	10	18	12	36	93	20	78	68	41	83	21	26	23	63	12	13	45	18	62	70	89	73	44	36	22	24	89	6	93	4	67	41	2	9	97	64	60	76	62	47	89	7	23	78	1	67	75	87	6	64	11	19	55	77	45	58	84	41	87	23	87	72	77	44	93	30	87	23	92	87	47	99	99	43	38	72	37	85	50	10	49	8	17	28	76	8	57	3	95	44	2	80	44	62	56	58	66	64	96	5	6	65	20	39	31	58	54	93	78	40	43	13	63	72	69	29	40	15	23	92	34	65	34	29	22	43	49	55	26	35	41	64	4	86	10	99	21	59	14	18	18	87	56	2	13	24	40	5	67	39	92	16	62	95	61	44	8	73	66	68	14	94	92	46	11	64	15	95	86	80	46	59	46	94	34	79	83	88	9	63	82	2	43	2	32	22	21	61	2	46	21	15	74	99	90	88	99	81	3	64	87	98	27	91	24	15	20	83	27	42	99	27	59	14	43	7	37	7	51	17	17	24	44	34	97	44	95	93	15	37	75	32	1	19	34	75	57	97	13	40	67
