pij																																																																																																																																																																																																																																																																																																																																																																																																																																																																																																																																																																																																																																																																																																																																																																																																																															
87	86	83	79	75	87	83	81	17	87	82	74	81	83	79	83	88	84	75	73	74	87	79	83	79	25	72	79	20	77	83	75	86	81	83	78	72	71	71	84	74	75	70	76	19	76	74	89	88	77	88	72	72	77	89	78	76	78	88	84	89	71	81	72	89	19	86	73	86	74	70	75	84	71	70	82	83	77	86	73	83	87	77	83	72	85	79	71	76	83	83	73	73	76	83	71	71	83	82	84	78	76	73	85	82	83	85	78	24	71	88	87	82	85	83	73	71	71	89	81	71	89	76	88	73	75	83	76	72	18	78	84	76	77	82	71	81	70	70	84	90	77	82	81	81	74	76	75	71	81	83	90	78	71	78	81	78	83	73	83	85	81	81	72	79	81	79	75	80	76	87	87	21	78	73	82	85	84	81	75	77	71	81	80	86	24	80	70	89	83	81	82	89	79	84	74	81	19	74	81	77	89	79	81	89	19	81	89	77	77	78	83	89	80	72	84	78	77	81	84	84	90	76	88	81	75	85	82	85	72	81	83	70	86	71	86	75	89	74	72	78	90	79	88	23	85	82	86	89	77	85	86	84	72	71	77	73	85	80	73	78	86	77	77	18	89	78	73	80	88	73	71	83	76	73	77	70	76	79	71	83	71	82	71	87	83	89	85	84	83	73	82	79	83	88	79	85	81	89	76	89	81	71	71	83	89	77	82	74	22	83	84	74	79	25	87	70	81	72	76	83	89	89	80	87	88	77	90	82	77	79	88	81	78	81	80	72	85	84	86	89	74	79	27	83	86	76	79	86	86	86	73	87	73	89	83	87	74	72	89	78	80	90	75	89	77	81	77	70	74	85	77	83	89	77	19	87	82	77	84	79	86	71	82	88	71	16	85	72	20	74	89	88	72	78	89	76	83	88	85	86	78	77	90	85	26	86	76	24	79	84	82	78	74	72	72	75	87	79	71	79	88	88	87	74	70	79	75	81	76	83	87	84	25	70	78	70	86	88	82	88	73	82	71	86	81	83	79	70	83	72	70	89	90	76	81	78	81	77	84	71	83	82	71	74	83	73	78	87	76	73	72	78	86	81	81	74	80	81	84	71	73	72	82	77	85	76	76	89	83	72	86	80	76	83	72	82	80	82	79	70	85	74	77	83	76	74	86	83	89	77	80	83	81	71	75	80	86	89	86	75	75	77	74	70	76	89	89	79	72	81	88	75	78	88	76	79	25	74	85	83	89	72	78	78	75	71	76	89	85	73	87	75	75	74	79	76	72	88	70	70	74	77	81	78	87	21	71	84	89	87	85	81	86	70	89	84	73	83	81	79	77	73	89	71	71	89	85	76	73	85	72	19	73	87	89	90	76	71	82	75	87	85	77	85	82	75	86	81	70	80	74	84	81	71	88	75	83	89	78	79	86	90	85	79	81	76	73	86	78	72	71	72	77	88	27	88	90	75	72	74	76	79	77	74	84	70	87	85	75	28	79	80	75	77	87	75	84	76	71	83	81	15	70	72	79	88	88	83	89	82	71	26	76	24	87	81	73	75	72	77	73	72	74	76	75	81	76	85	80	72	76	88	76	74	73	73	89	23	76	71	87	24	78	76	82	73	82	79	85	74	78	83	76	86	87	89	19	76	89	71	85	84	76	89	86	78	89	18	90	73	85	70	71	85	74	76	78	79	78	90	85	74	89	81	73	87	77	79	81	71	24	74	83	87	73	71	79	83	86	74	86	81	85	82	88	80	24	76	84	72	84	87	90	89	87	24	85	79	88	90	25	75	74	86	78	79	72	75	79	77	89	89	82	81	81	81	88	72	78
71	77	87	86	75	88	85	77	86	77	83	74	88	24	76	75	77	74	83	19	89	84	72	75	78	77	87	86	82	20	22	75	75	20	71	86	76	70	27	77	71	26	18	23	72	84	78	85	84	19	74	27	77	22	86	74	85	84	87	87	76	81	83	84	81	81	72	81	87	24	71	77	80	85	79	76	89	85	86	81	83	81	73	86	77	77	17	77	82	75	74	76	84	77	82	89	78	78	79	84	84	73	76	70	84	82	78	86	77	83	71	71	25	74	82	89	85	73	79	23	83	85	78	86	23	25	78	90	83	20	17	17	71	83	86	71	27	85	82	80	27	83	85	87	23	71	84	75	79	87	88	74	89	88	27	24	85	25	79	83	71	83	87	80	19	20	17	87	89	80	73	90	82	72	78	90	72	72	87	82	21	22	71	83	83	84	84	71	27	79	74	80	84	87	76	77	71	79	78	75	81	23	74	70	86	78	87	78	73	70	80	72	86	75	84	85	82	88	78	83	82	20	73	77	24	75	75	80	80	71	88	86	19	20	71	86	88	87	23	85	80	85	75	85	90	86	73	71	79	22	74	81	77	81	86	75	72	86	79	83	89	84	77	84	75	82	77	80	83	76	26	87	75	81	87	22	87	22	77	78	73	19	76	85	79	86	80	87	15	88	70	19	78	72	85	80	22	73	87	86	85	89	84	74	80	89	82	23	74	81	87	70	89	80	83	28	80	88	76	78	75	81	22	74	72	84	82	83	76	84	20	81	19	87	83	80	20	81	75	76	79	78	70	76	90	71	77	89	75	81	74	82	72	81	73	83	72	87	75	25	71	80	89	87	87	22	72	17	79	71	88	74	82	89	18	88	86	85	79	87	79	18	78	83	25	88	88	80	19	23	81	20	21	77	76	79	87	86	86	87	72	84	76	86	74	86	87	77	87	21	25	76	88	83	90	27	90	23	88	71	86	76	22	88	71	79	78	25	83	90	90	75	88	82	71	77	82	85	84	83	80	77	24	83	19	76	79	82	86	78	72	82	80	80	77	78	79	23	77	75	72	89	86	89	77	79	77	71	82	71	82	73	72	85	84	84	79	82	78	82	74	81	76	25	79	84	77	23	28	89	79	77	72	83	72	23	86	26	80	75	72	71	74	72	86	22	74	76	85	86	77	84	78	81	22	74	79	72	79	74	85	86	18	75	83	75	72	18	88	18	75	20	21	75	70	85	74	81	88	90	72	72	79	82	87	72	89	27	84	87	87	87	25	78	81	81	85	86	80	89	78	84	86	87	80	81	70	77	78	88	85	83	70	72	88	71	85	24	19	70	89	86	70	80	85	85	73	24	78	77	87	74	87	79	83	80	20	77	22	78	85	85	87	74	75	80	72	83	87	82	83	79	88	75	76	70	85	88	88	74	77	20	23	89	76	78	20	71	72	73	84	20	78	88	76	76	25	84	72	82	78	86	23	71	81	80	80	73	81	75	88	21	86	89	26	88	86	75	76	76	79	84	18	80	89	88	71	87	73	22	74	73	76	72	81	88	78	85	24	73	72	84	81	78	86	83	72	87	80	76	75	81	76	73	85	88	82	76	84	90	78	84	77	90	22	88	76	24	87	89	74	76	84	75	76	75	71	83	81	78	75	73	72	86	76	78	70	78	76	87	89	75	83	71	84	21	84	85	79	84	25	76	83	70	71	80	81	77	89	85	75	81	77	84	74	75	83	26	74	86	79	83	75	86	71	81	85	24	84	84	81	75	84	78	77	84	84	85	74	74	85	71	78	86	81	82	76	72	77	83	71	85	86	73	72	18	81	71	86	80
90	71	74	88	72	87	77	81	76	83	85	81	85	25	78	72	72	76	73	78	24	70	88	75	70	78	71	85	82	87	86	74	80	87	77	73	83	85	88	70	75	89	75	78	89	74	81	74	70	72	26	81	82	80	87	84	75	76	90	83	86	22	80	73	87	74	77	73	81	76	74	24	90	75	79	83	76	87	87	76	83	88	88	76	74	84	81	73	74	74	88	76	85	85	81	83	87	75	86	84	78	78	18	81	73	81	22	75	70	73	74	25	84	79	76	89	71	81	74	75	73	76	77	75	75	71	78	89	84	77	81	74	20	89	70	82	77	90	76	73	74	88	76	70	79	28	88	84	84	73	75	20	73	82	76	70	83	70	86	18	72	84	80	77	75	83	76	74	85	83	79	76	79	21	75	70	74	88	83	85	72	76	84	17	70	77	78	85	86	71	21	86	75	81	75	78	80	76	83	76	22	83	85	73	71	73	87	90	85	90	88	72	90	72	73	88	84	79	20	88	78	86	18	76	71	82	82	23	82	86	86	72	72	75	88	75	88	74	77	85	85	84	87	84	84	88	83	76	74	89	77	87	76	82	26	86	70	86	89	74	71	90	85	80	73	88	85	17	71	85	71	75	87	87	21	75	84	80	83	86	75	71	72	74	77	74	86	27	73	80	72	72	72	79	85	82	76	84	72	83	23	77	17	25	72	83	70	88	76	73	82	83	84	78	74	89	77	82	75	78	81	72	85	86	89	71	82	71	83	74	79	72	20	82	75	88	89	27	72	71	26	78	73	78	90	88	86	89	73	17	87	17	25	78	73	90	88	77	19	75	82	76	70	78	86	87	71	77	80	80	72	87	82	84	82	79	72	74	88	72	28	81	77	81	77	77	88	83	85	88	77	74	75	77	79	84	74	75	74	83	24	73	75	89	23	76	77	25	76	83	85	70	18	81	75	71	74	82	76	74	78	27	72	82	74	24	85	72	82	80	90	72	86	23	82	74	90	78	73	78	77	77	80	75	82	84	27	82	70	74	71	80	73	80	76	87	84	78	78	88	71	82	83	78	84	75	88	85	86	85	75	89	86	70	81	83	74	75	80	72	71	85	77	82	87	78	70	85	89	89	90	17	77	88	78	75	72	85	86	77	16	78	80	86	86	83	85	76	79	78	85	82	75	73	81	71	89	84	73	19	89	80	88	81	72	72	25	75	77	85	74	74	70	71	77	84	81	77	77	81	71	75	88	75	79	86	89	83	20	87	74	71	78	82	77	18	78	90	90	86	76	74	72	86	76	71	89	87	81	77	81	21	85	81	90	72	81	88	72	86	84	23	71	78	80	90	25	78	72	79	20	74	81	89	77	86	71	79	80	23	73	71	79	72	90	71	84	78	75	73	79	73	72	81	71	71	27	76	85	24	81	71	75	73	83	73	77	20	77	70	76	71	80	82	78	72	77	82	84	72	76	79	87	77	78	74	72	82	82	85	85	73	72	79	86	74	88	75	25	72	85	81	85	81	85	88	87	27	75	83	77	85	83	89	74	75	84	85	88	77	84	77	88	72	21	73	21	27	85	80	75	28	85	79	85	75	83	80	85	22	72	76	84	88	78	87	79	73	85	85	73	76	81	77	70	79	20	86	86	75	21	21	89	84	87	75	81	77	73	70	89	82	88	79	83	87	70	75	70	71	77	73	19	83	23	77	86	73	72	18	79	84	90	71	73	86	85	79	18	86	72	77	81	79	77	82	86	81	82	81	23	19	81	76	81	80	81	87	88	89	84	76	86	84	24	85	73	28	88	77	84	75	75	78	72	75	73	88	90	74
79	79	82	88	78	78	88	85	88	84	88	90	89	81	75	83	83	89	83	77	71	76	89	77	89	85	88	88	84	80	81	23	73	74	88	89	86	74	85	79	74	78	85	83	86	77	71	70	75	82	90	80	84	20	77	90	75	85	86	84	77	78	77	15	88	71	20	81	80	81	85	79	88	19	86	86	79	87	82	88	79	78	87	73	74	77	81	71	71	72	23	85	77	90	76	85	88	84	82	79	78	76	81	81	80	71	73	82	79	70	83	81	82	83	82	80	81	83	83	75	84	76	86	89	82	71	80	73	70	76	19	75	87	20	88	88	77	18	79	78	85	80	73	80	76	77	71	88	90	83	25	82	78	77	73	71	88	89	78	83	79	88	89	84	88	84	87	84	74	85	22	80	74	74	78	70	78	21	76	77	89	75	74	87	77	82	87	19	88	79	79	77	75	85	87	85	75	80	86	87	23	82	72	72	82	76	27	77	86	81	75	89	83	70	81	78	85	89	71	81	80	89	72	74	79	88	71	78	74	85	83	75	80	81	18	86	74	23	81	83	85	77	77	80	76	73	78	86	87	80	25	86	85	19	72	88	75	22	72	75	76	84	29	84	83	82	86	80	76	20	76	88	70	17	84	86	82	83	86	76	90	73	81	90	71	79	87	77	84	77	78	76	86	75	88	76	78	71	79	76	87	84	79	26	70	71	85	83	76	80	73	84	80	79	70	78	85	79	76	84	71	72	78	89	78	18	90	76	80	71	85	75	75	82	17	79	88	25	86	80	82	88	84	81	81	72	83	74	83	81	80	85	76	75	77	72	78	86	80	75	20	86	88	76	77	77	90	79	80	79	70	73	85	80	86	89	77	22	81	88	76	80	85	82	84	82	85	82	70	71	88	74	74	21	80	77	71	84	79	72	83	87	24	23	81	84	79	79	86	84	90	86	88	88	78	81	77	71	77	89	80	88	18	76	84	83	80	75	82	82	26	84	85	81	80	80	24	84	82	87	23	77	73	82	77	86	74	18	87	82	74	27	71	79	18	21	76	74	71	20	23	72	75	88	72	82	80	85	77	22	81	84	87	24	86	78	77	78	84	86	74	81	78	85	88	84	78	79	82	87	21	79	23	89	71	81	77	85	77	24	71	26	81	71	19	78	90	83	82	82	73	71	21	84	81	70	71	89	76	73	80	85	86	80	73	75	74	75	71	80	73	86	85	76	80	81	85	82	74	79	72	83	70	72	79	83	77	76	83	90	77	23	84	80	90	87	19	80	25	79	82	76	80	72	89	89	87	73	80	81	72	84	22	71	88	71	74	74	17	84	84	74	84	77	71	75	84	81	77	89	75	71	87	84	79	86	77	75	85	76	79	74	81	78	71	86	84	72	75	86	78	25	81	83	72	81	71	77	86	77	26	71	83	72	23	83	78	82	90	71	83	78	85	85	89	88	90	79	74	21	20	78	78	78	79	81	73	88	78	85	80	82	81	71	72	71	79	84	73	87	17	84	78	90	83	77	20	87	72	73	19	84	70	78	73	81	83	19	81	76	84	86	77	71	89	83	71	87	82	84	85	84	85	87	88	72	87	89	76	83	19	72	75	76	76	83	17	22	71	20	70	78	26	81	70	21	90	82	70	88	87	80	72	75	71	25	21	18	82	79	82	73	20	76	80	87	77	89	74	72	76	87	86	84	71	81	71	27	83	80	70	72	24	71	86	84	72	80	78	74	71	89	25	76	79	75	71	79	79	17	23	71	89	78	87	75	72	86	81	78	83	22	86	83	74	84	74	90	74	71	89	71	71	80	77	88	82	71	71	84
80	19	27	72	75	86	71	82	76	77	27	87	73	81	80	89	83	76	88	71	89	83	71	70	81	88	78	89	89	71	88	70	29	74	79	72	89	77	83	82	70	86	76	84	77	23	85	73	70	19	82	71	78	89	74	76	90	18	83	79	82	22	83	78	80	76	89	89	21	73	83	73	85	77	73	86	83	84	85	20	72	19	23	86	71	88	71	25	24	78	75	86	72	89	73	76	84	77	20	15	86	76	77	88	75	72	79	86	76	71	72	87	85	77	82	78	87	76	16	82	86	81	86	21	89	87	82	87	74	72	88	79	76	87	80	83	89	72	20	88	71	88	74	72	71	74	89	21	21	19	74	83	81	85	85	82	22	74	79	17	88	85	28	75	88	84	87	84	82	81	74	86	87	77	77	79	79	71	18	71	83	86	84	86	83	85	89	81	75	87	80	87	74	19	78	77	74	77	20	26	70	81	72	85	27	89	76	78	71	86	71	86	78	89	78	17	76	81	88	76	72	77	79	84	84	85	80	74	84	75	82	90	77	81	19	77	88	73	84	85	87	72	71	25	73	74	86	73	77	83	89	71	79	80	24	77	25	90	82	75	76	70	72	85	73	85	75	76	23	85	79	77	71	90	72	70	79	87	90	87	24	80	84	22	72	77	26	81	89	85	90	78	71	72	74	76	71	87	83	70	73	24	76	73	73	77	78	86	75	71	72	80	82	89	78	82	82	86	79	82	82	17	87	85	90	75	86	90	85	80	70	24	87	88	89	75	85	85	85	71	90	72	88	83	18	23	28	80	75	78	77	86	80	74	83	71	83	81	83	72	88	77	74	89	83	72	20	87	23	85	78	77	22	25	79	73	87	72	84	85	71	77	76	26	85	82	86	80	78	83	74	86	77	71	28	88	86	83	89	84	71	77	77	81	79	80	75	71	74	72	74	90	86	90	86	88	81	83	90	75	89	85	87	73	85	80	76	77	78	19	85	79	70	83	81	87	77	84	26	88	83	80	83	84	83	70	78	72	83	87	83	89	79	84	76	88	76	71	79	89	78	81	78	17	73	85	73	79	88	81	85	81	72	71	76	73	77	79	75	79	88	77	76	70	84	76	27	77	89	81	72	85	72	89	79	81	28	83	22	75	72	87	83	82	89	78	85	82	86	80	73	73	86	87	71	73	86	78	74	86	77	81	84	81	84	89	79	87	82	84	85	86	85	88	77	73	23	83	81	88	76	73	76	72	23	87	89	78	77	20	26	72	86	81	72	71	85	84	90	81	89	22	83	87	71	81	74	74	74	75	80	84	75	70	79	80	88	90	72	90	89	79	86	73	79	89	72	77	84	85	88	73	77	78	73	79	84	81	71	71	72	82	73	24	88	75	76	81	85	22	17	88	73	81	75	78	78	21	76	85	71	80	82	71	75	19	90	89	89	80	73	88	71	75	82	78	73	81	83	90	88	85	75	79	74	90	19	79	71	90	29	89	73	81	85	19	81	79	71	86	18	71	76	27	83	79	90	73	82	82	89	75	28	80	72	80	73	86	86	74	82	90	84	85	87	88	71	70	81	85	75	83	71	72	76	79	89	24	75	87	85	21	73	82	24	82	76	80	18	83	77	72	73	84	70	81	76	75	25	87	71	74	90	86	81	77	75	18	76	76	19	79	79	71	26	82	83	89	79	80	84	83	81	77	83	78	71	82	72	76	89	81	88	89	82	80	79	81	81	87	89	79	80	23	81	79	76	81	74	75	84	73	87	84	81	84	76	86	83	88	83	76	85	84	72	79	86	71	84	86	21	78	88	75	83	80	73	78	76	73
84	82	76	71	85	22	77	78	77	87	77	88	81	73	80	87	71	24	80	85	80	79	86	77	77	79	86	85	73	77	89	71	74	78	71	75	84	25	73	76	73	79	75	81	90	79	26	17	88	74	83	80	82	83	73	76	83	90	74	89	22	74	90	78	79	86	79	83	74	71	74	83	80	84	71	72	87	81	90	77	80	86	79	72	83	87	72	70	80	88	87	78	21	80	86	72	85	77	86	70	79	80	86	81	82	76	89	82	81	82	73	76	77	84	78	82	84	77	79	86	80	72	90	79	82	88	85	84	86	72	76	74	76	89	77	70	86	76	85	77	90	20	86	77	77	82	83	83	24	78	72	88	74	27	71	74	89	81	82	89	76	79	27	88	74	20	77	79	78	83	79	71	84	85	75	88	86	81	77	75	76	88	81	79	83	82	90	86	90	29	74	83	18	84	70	72	74	88	88	87	86	83	74	72	87	74	76	82	82	85	76	89	85	82	80	73	78	74	89	89	84	85	76	81	84	79	85	87	73	86	88	84	79	73	73	88	72	79	89	74	89	71	84	77	85	85	74	19	80	76	88	24	76	72	86	86	72	75	89	78	78	85	27	17	80	83	89	86	88	74	89	20	22	71	85	80	74	84	16	76	82	77	74	90	78	88	79	86	86	75	23	84	87	79	82	74	88	77	89	82	75	74	78	87	72	81	20	76	82	84	74	80	18	76	24	83	24	89	76	77	78	82	77	86	76	79	88	77	22	80	75	71	85	77	72	90	85	86	78	77	89	24	17	88	19	84	73	73	73	80	71	20	80	72	72	76	79	89	87	88	23	76	79	72	22	72	80	86	87	88	78	81	75	83	78	77	89	73	81	76	79	71	77	80	27	70	83	72	90	80	84	22	20	21	87	79	79	81	82	83	87	83	88	84	21	85	83	83	85	86	81	82	76	84	81	72	20	90	72	86	72	79	89	88	76	77	21	89	86	76	85	77	24	88	86	70	83	80	81	85	24	74	71	72	78	71	86	83	83	85	71	80	73	84	85	75	76	84	88	73	89	77	81	79	74	19	76	17	26	73	83	81	77	25	24	76	79	79	87	90	77	79	81	84	87	21	78	77	81	85	78	72	78	89	86	78	86	71	76	80	73	78	76	83	76	76	87	84	21	84	85	77	77	74	71	87	88	20	82	88	23	88	84	79	72	85	88	80	82	86	84	75	22	85	88	72	74	83	74	73	89	88	74	75	82	75	89	77	75	80	77	79	76	19	88	80	71	83	85	21	21	80	72	88	75	73	75	85	23	80	90	90	90	76	82	22	74	83	78	81	24	90	89	77	22	73	79	72	86	83	78	72	75	82	83	78	21	84	25	90	75	89	85	87	85	84	78	88	82	85	17	86	23	84	22	87	81	75	74	86	78	87	84	83	74	88	77	71	74	72	86	70	85	82	72	78	76	73	73	21	21	78	70	76	75	83	79	72	83	88	74	74	75	25	75	72	87	71	24	82	71	74	85	75	74	75	77	83	79	77	77	77	89	80	23	84	86	88	79	80	72	83	80	71	19	81	73	25	80	87	26	84	82	74	20	87	70	74	75	85	83	72	81	78	80	78	87	87	81	76	89	86	77	86	24	86	73	88	27	87	72	85	24	85	79	74	76	88	79	19	79	89	75	80	75	20	83	78	80	71	77	81	80	71	78	84	79	85	78	89	81	84	84	88	89	74	82	27	74	19	88	76	73	87	23	78	85	87	21	80	75	81	82	74	74	75	87	71	84	72	84	73	78	23	77	84	77	83	78	71	23	71	88	81	81	90	25	84	74	71
75	78	81	87	20	84	89	86	18	85	85	85	78	84	80	70	88	89	76	75	77	88	25	83	20	88	75	86	76	77	86	76	87	88	80	76	79	86	87	83	72	74	81	78	79	73	25	76	79	89	75	88	82	81	83	77	76	77	73	86	85	82	72	19	71	78	79	73	88	72	74	70	84	78	20	77	72	79	70	75	71	71	81	81	72	80	86	83	89	20	74	86	86	22	79	82	21	84	90	75	87	74	77	79	84	71	76	72	82	81	74	84	81	83	79	90	26	81	86	71	81	79	84	77	75	79	84	25	81	88	80	86	22	79	79	20	72	88	70	79	85	88	78	75	88	73	24	19	84	78	86	88	83	75	72	82	79	83	88	89	74	85	74	86	87	72	84	83	80	85	90	79	84	88	78	89	24	90	89	80	76	82	86	70	88	80	78	82	76	84	84	22	89	81	83	76	84	79	82	76	79	23	89	81	27	81	87	71	81	77	71	87	84	86	87	85	71	82	70	71	84	83	74	89	82	86	81	88	88	85	76	84	70	20	71	72	84	78	82	75	78	74	78	71	72	70	76	20	81	19	75	76	82	80	70	79	24	76	89	78	82	74	78	88	76	20	82	73	77	71	87	90	90	76	84	73	26	77	79	21	71	86	90	84	24	24	76	75	85	18	85	84	78	81	80	75	85	21	86	90	83	26	72	80	87	81	20	74	73	82	83	85	86	24	83	80	89	74	80	25	19	20	88	75	21	82	23	81	71	20	77	90	83	15	81	88	73	87	22	77	24	85	74	78	79	83	85	72	83	76	73	75	78	88	88	25	80	88	75	72	80	72	82	83	71	84	82	72	84	89	78	79	83	79	72	19	75	82	85	74	75	19	88	73	74	24	78	88	79	86	75	74	87	85	76	71	85	85	84	89	79	89	79	88	71	79	74	87	71	75	72	72	82	75	17	71	86	88	84	19	87	83	86	85	73	80	74	83	88	86	71	22	84	81	84	84	84	81	72	70	78	89	79	83	71	74	80	87	85	17	81	77	73	73	74	71	70	85	78	85	81	82	17	88	85	81	89	89	88	84	77	76	73	80	73	76	81	80	75	75	73	78	85	87	77	78	82	82	80	81	82	19	72	77	88	73	74	75	88	77	79	73	87	79	83	81	84	75	78	88	86	75	88	76	88	78	80	75	21	18	80	19	80	81	89	70	87	74	85	77	18	88	76	80	90	83	85	86	84	77	85	81	77	89	76	77	18	81	73	81	79	78	25	80	86	83	72	82	76	89	89	75	73	87	76	77	80	84	76	75	19	75	72	89	76	84	72	74	72	20	74	85	76	73	89	27	86	24	26	21	77	73	79	19	81	81	71	73	74	73	20	73	75	78	77	83	81	88	89	70	86	87	86	86	88	87	84	79	90	81	26	19	82	71	78	21	89	84	87	82	19	85	90	84	76	88	79	85	77	80	80	86	81	83	28	90	84	24	78	72	86	86	79	24	78	74	72	86	89	84	71	72	84	78	83	70	89	83	87	83	71	19	81	19	82	83	88	76	90	74	87	70	86	74	85	74	90	78	18	79	77	82	25	81	83	83	72	79	75	74	71	74	79	18	85	89	71	76	80	22	87	82	83	90	90	87	73	90	71	89	86	85	25	82	86	74	88	81	85	72	87	72	85	26	89	74	86	88	87	24	77	70	75	71	72	88	85	77	19	72	73	90	71	78	80	78	90	80	79	82	90	76	70	76	72	84	90	82	88	84	72	71	80	88	87	79	82	80	26	87	71	82	86	86	73	71	22	70	17	89	72	86	75	88	73	77	74	83	75	27
88	79	71	77	85	81	78	80	83	87	26	80	21	72	71	22	75	71	19	90	81	87	24	77	72	82	86	74	21	82	74	21	89	74	77	72	25	85	80	76	89	88	18	73	86	81	82	82	80	72	81	77	71	86	83	74	19	77	83	24	81	79	26	83	73	89	89	76	86	72	79	87	81	78	87	21	71	84	89	74	84	71	80	83	86	75	81	26	71	86	73	88	70	85	77	83	84	19	83	83	74	85	73	85	71	76	86	79	73	89	79	72	86	79	25	86	79	24	74	83	23	83	81	21	74	77	70	74	17	82	88	82	72	22	74	70	88	75	76	89	70	82	83	26	89	73	24	81	78	85	85	86	71	77	85	87	80	22	71	79	84	89	74	71	89	77	76	74	73	21	21	86	70	77	22	76	73	70	89	82	71	74	29	72	72	78	89	89	85	75	84	21	81	74	74	83	82	89	78	74	70	85	73	21	79	74	84	88	21	72	88	78	88	27	80	81	84	79	85	75	87	79	90	83	75	78	86	86	89	89	73	81	80	86	88	71	23	88	72	71	75	80	88	90	83	15	84	82	76	80	78	78	86	85	78	20	74	74	80	84	84	87	77	89	86	87	88	81	86	70	81	79	83	79	78	70	78	79	80	86	88	90	72	76	79	83	82	80	80	89	89	74	82	21	75	86	86	86	81	75	74	84	76	75	73	84	84	22	89	78	81	21	88	77	82	27	86	70	75	78	71	75	71	80	23	89	24	72	86	89	80	79	70	76	88	84	87	79	75	80	81	87	75	27	90	89	77	79	73	81	74	80	80	73	25	83	80	73	76	79	79	87	16	84	83	82	88	89	80	71	83	81	76	88	80	85	86	20	72	78	82	79	24	80	82	84	16	81	20	89	82	71	84	75	78	71	81	78	82	88	89	85	83	82	87	78	77	74	83	74	78	77	86	88	76	87	83	78	78	72	75	76	86	71	23	86	21	72	85	88	78	80	84	77	75	17	85	23	77	88	71	73	85	79	73	83	76	88	77	76	75	83	72	71	81	83	79	89	18	20	74	89	73	87	18	75	79	70	75	86	21	73	86	73	27	24	73	24	80	84	21	77	77	85	71	74	75	77	89	81	85	87	83	80	75	74	82	72	84	90	75	75	73	89	78	80	87	87	81	80	21	78	78	77	85	22	81	73	74	76	80	87	77	23	75	76	71	78	72	76	80	76	88	87	84	85	73	88	76	84	72	78	17	84	83	80	89	74	75	78	74	89	78	76	85	81	19	74	85	90	88	85	88	87	76	78	87	89	83	75	79	77	85	87	82	76	80	89	89	84	74	71	74	76	71	84	83	85	80	72	70	26	84	77	73	89	84	24	73	84	87	77	87	75	82	84	82	76	81	80	70	71	72	73	76	80	82	79	85	86	83	73	24	21	88	79	90	75	78	81	79	78	71	75	76	89	83	84	79	77	75	83	87	88	84	19	76	73	87	87	72	75	85	89	90	76	85	90	76	77	73	75	78	77	71	79	78	81	83	71	72	81	87	84	82	71	74	18	83	90	88	87	70	75	79	76	71	90	82	85	78	84	77	78	79	27	74	87	89	86	80	84	89	88	84	88	81	77	75	82	80	80	82	21	71	87	87	74	83	83	88	88	75	20	70	24	20	85	86	20	80	84	85	84	80	82	86	71	88	83	84	71	79	21	75	85	25	89	75	74	18	71	85	25	85	73	83	75	81	86	79	84	87	75	89	87	88	83	87	83	83	21	21	72	73	80	86	79	75	89	75	73	84	78	88	23	74	89	90	79	75	73	88	27	75	82	83	84	86	79
20	22	74	79	21	86	25	86	80	82	87	79	21	80	21	75	88	79	85	78	89	82	85	71	70	76	81	17	75	76	87	87	84	86	80	86	70	22	71	87	24	89	72	78	83	74	85	85	76	74	77	81	79	80	18	74	77	82	23	26	77	72	80	79	81	76	88	79	70	83	73	86	22	86	19	18	88	84	18	80	75	74	80	73	23	80	84	90	86	87	89	72	22	25	77	84	90	88	81	80	88	74	86	71	80	81	82	75	84	88	89	70	74	21	72	89	25	83	74	77	73	70	76	71	78	77	82	74	88	88	74	86	89	80	71	73	70	73	79	81	73	73	81	80	70	83	89	89	85	77	70	81	79	24	90	25	86	79	75	71	72	83	83	76	76	86	82	18	83	72	78	90	73	82	74	16	74	71	77	17	83	84	83	78	88	71	77	83	82	75	85	86	90	78	88	89	19	74	76	24	71	75	85	88	84	72	89	24	71	81	21	24	78	80	87	20	88	70	82	81	88	80	77	73	82	88	75	23	81	73	77	72	19	85	70	15	22	81	85	87	82	88	85	27	78	70	21	86	86	87	89	86	73	18	81	70	77	88	84	75	85	83	87	84	79	71	77	86	72	76	86	76	71	72	87	80	80	85	80	71	89	90	75	89	87	80	84	82	77	79	89	20	82	87	77	73	71	90	90	78	74	89	84	75	26	20	72	85	76	82	89	77	75	81	77	90	78	25	25	90	81	78	22	89	79	82	73	79	76	74	78	24	86	18	70	84	86	87	86	20	78	75	20	82	77	83	71	73	85	79	82	71	89	73	75	77	72	82	73	73	81	86	81	80	82	84	89	81	88	81	76	87	83	26	86	82	85	88	23	85	85	80	75	89	80	83	85	82	86	75	70	72	76	78	89	83	75	18	17	78	84	23	75	83	79	72	23	82	84	81	23	73	74	77	77	82	77	72	71	72	18	83	78	87	78	85	75	82	81	73	84	74	78	82	25	78	83	82	76	19	90	77	86	72	70	77	79	71	79	86	17	72	74	88	74	78	27	81	86	78	74	89	73	82	88	75	24	74	76	76	83	20	86	81	86	78	86	82	70	23	86	86	73	70	85	86	29	84	87	75	80	88	85	89	88	87	88	84	73	71	87	87	76	25	21	81	80	21	72	26	84	72	80	78	80	86	79	76	88	70	77	72	84	80	71	88	26	78	80	75	82	84	82	84	21	78	81	75	73	82	80	72	82	23	24	22	20	81	73	84	28	72	84	82	80	74	77	79	26	87	85	86	22	80	82	83	84	84	81	27	77	83	72	71	85	25	78	80	84	77	89	71	80	81	81	79	72	73	89	81	21	80	86	84	77	89	87	72	75	87	88	77	77	72	22	76	86	86	25	79	75	74	82	79	89	73	80	89	87	83	77	82	76	83	83	81	87	86	75	17	72	71	71	78	79	72	70	78	86	74	72	80	70	76	75	84	73	85	16	89	82	72	85	72	25	71	82	85	77	85	79	80	72	85	23	88	73	73	73	88	74	80	77	75	78	86	80	79	74	74	82	89	75	70	83	84	88	88	70	81	86	79	80	87	81	74	71	85	70	71	75	87	81	88	79	87	73	78	88	81	25	76	79	71	73	72	88	80	81	76	86	78	77	84	70	72	88	79	78	87	87	84	76	85	75	77	85	76	85	79	24	81	79	78	84	81	85	75	76	85	74	79	79	86	78	88	22	90	86	81	87	82	81	79	76	22	19	88	75	85	72	79	72	86	76	83	72	79	24	87	89	88	89	72	25	73	71	88	83	74	76	87	83	80	81	89	73	82	76	26
78	81	70	88	78	81	86	18	88	77	71	84	85	82	85	75	74	84	81	84	88	75	74	20	81	85	78	85	80	72	85	81	73	77	73	20	78	84	72	73	78	88	71	83	85	79	88	77	87	88	87	90	84	70	76	78	84	81	78	74	75	89	89	70	84	74	89	77	84	85	86	82	72	71	88	85	71	19	78	82	81	85	85	22	71	70	77	87	85	86	78	78	73	77	78	88	86	75	70	83	75	23	87	79	80	79	86	82	70	87	24	77	72	88	77	83	86	79	84	79	79	80	74	85	73	87	83	82	74	79	84	85	72	77	19	85	75	80	88	87	89	82	82	70	77	75	77	85	71	72	80	77	17	86	84	85	87	87	81	72	85	24	77	88	74	83	83	77	84	81	77	26	71	83	87	77	87	84	80	85	76	75	75	89	23	75	72	75	82	90	76	76	73	19	78	19	17	76	71	83	84	86	20	73	86	82	71	72	88	73	83	78	73	76	83	73	75	75	72	84	72	88	81	75	89	81	78	82	72	72	84	71	86	72	75	74	79	79	73	88	84	81	73	85	82	76	90	80	72	86	78	77	76	79	82	72	73	88	76	76	24	83	81	78	81	72	83	84	80	78	84	74	80	85	78	84	88	81	74	74	81	86	78	82	77	85	85	86	78	71	74	83	75	73	89	75	78	78	88	77	72	78	83	87	74	83	75	76	82	85	71	74	20	73	76	89	88	88	81	80	76	76	82	88	89	89	73	75	90	73	79	89	90	77	88	70	77	73	70	17	78	70	72	78	82	73	85	80	83	76	87	89	79	77	24	81	25	90	71	87	86	77	72	22	89	73	82	75	22	80	89	74	84	72	71	76	75	74	83	72	90	87	83	83	89	76	72	86	74	81	24	79	71	90	87	73	80	84	85	82	79	86	78	80	77	84	79	77	81	77	78	18	80	84	78	78	87	25	83	80	87	71	76	89	80	84	84	86	70	71	84	74	81	86	27	75	76	72	76	84	77	19	22	74	86	88	75	89	81	74	82	80	85	78	87	89	84	80	70	77	85	72	83	74	89	73	79	87	74	86	83	21	76	80	80	76	21	79	89	74	17	87	86	81	77	80	78	84	77	76	72	82	71	73	70	76	75	27	78	86	19	76	87	72	85	72	24	70	75	87	82	88	70	73	88	82	86	86	71	75	83	89	84	70	73	71	87	82	23	72	83	80	70	77	73	90	78	72	17	19	87	88	78	70	78	86	80	25	71	70	73	90	77	87	73	76	72	83	82	77	77	22	84	74	86	73	23	25	80	85	75	78	86	71	79	78	75	81	82	87	87	89	78	79	75	86	81	89	78	89	75	73	83	18	74	87	72	23	88	80	21	22	75	84	87	25	70	28	71	73	87	84	78	78	81	85	85	71	23	86	87	70	86	90	76	76	83	85	18	17	77	81	88	89	83	85	72	71	85	77	71	81	76	87	73	85	80	83	86	19	74	81	86	80	83	21	87	23	85	79	77	76	85	78	85	88	19	89	71	88	72	71	77	80	78	78	80	71	87	71	82	86	87	85	82	88	83	70	85	85	85	71	88	18	73	86	73	73	88	79	75	75	85	19	71	70	83	74	80	84	79	79	85	72	84	89	21	78	89	88	78	81	87	79	85	88	79	83	72	85	83	70	76	76	79	74	76	81	17	85	73	84	83	87	76	83	86	86	77	21	77	74	88	76	89	23	24	82	86	75	78	73	88	86	85	72	72	75	89	80	82	83	74	89	87	24	77	85	90	70	86	75	86	87	73	82	78	76	17	19	87	21	90	86	77	77	88	81	72	79
85	85	76	74	83	74	84	76	76	80	88	82	71	74	18	79	25	72	83	70	76	77	83	84	82	70	78	89	72	79	77	79	27	77	76	22	89	84	85	87	76	82	72	82	81	75	71	73	76	88	85	87	88	87	76	84	75	81	71	80	80	87	73	78	20	74	84	24	77	84	87	72	89	71	76	72	80	21	73	83	84	17	70	78	89	87	78	80	89	18	26	79	79	71	19	84	83	78	75	90	86	77	18	89	77	89	83	76	80	82	76	72	78	78	86	20	83	22	78	84	76	86	25	82	76	89	82	76	76	77	87	84	86	85	85	86	76	82	83	89	71	82	73	75	88	86	83	71	74	83	72	73	88	86	73	86	86	78	76	79	81	25	71	73	72	88	73	72	89	76	81	89	76	74	87	80	74	72	81	77	74	78	71	75	83	72	27	79	71	77	74	84	80	83	21	82	86	21	80	86	79	74	76	21	76	71	85	72	80	90	82	21	27	87	84	85	88	83	87	22	80	88	75	78	87	78	70	77	24	83	18	77	84	71	79	76	89	21	75	27	24	72	84	84	90	71	88	85	85	88	73	75	25	89	86	83	78	72	78	19	84	84	82	88	76	85	79	75	81	89	74	20	80	17	89	83	26	87	82	72	84	79	16	73	88	88	71	27	74	72	88	71	80	85	71	89	89	79	88	19	84	83	82	74	74	78	82	75	82	71	75	76	76	26	71	74	79	72	71	89	78	88	72	84	80	78	81	73	20	22	22	77	84	80	20	21	18	74	79	78	74	79	87	77	74	87	78	19	85	20	76	82	76	72	72	82	82	84	76	85	87	81	90	76	70	78	74	89	89	76	16	86	90	85	72	74	73	83	83	71	89	76	87	26	77	71	75	81	86	82	89	82	80	72	77	83	72	19	77	74	81	89	79	72	75	73	86	70	78	74	75	17	16	81	87	83	88	89	76	79	87	82	72	71	72	70	84	80	80	75	25	81	77	71	79	77	77	72	74	90	88	19	79	78	80	89	87	83	28	81	73	75	18	79	79	87	79	80	74	70	73	28	89	76	90	77	78	80	82	84	72	90	19	72	71	81	89	80	17	26	77	77	85	82	24	72	88	87	71	23	83	71	76	90	85	71	75	84	79	89	88	74	79	25	78	24	78	83	75	73	82	72	21	75	75	80	74	19	71	73	83	81	76	73	85	26	73	83	71	87	84	90	73	22	84	74	84	78	85	20	74	81	18	78	78	84	81	79	21	73	79	77	78	90	80	79	83	73	73	79	85	77	23	85	21	77	71	77	70	83	86	70	74	71	81	80	83	75	84	79	74	87	88	70	86	88	24	74	89	70	77	74	87	70	26	90	84	85	80	85	82	77	74	74	84	71	74	88	71	75	83	74	82	75	88	87	82	22	81	89	87	80	73	21	85	76	22	84	89	77	84	88	74	25	24	81	75	89	71	85	72	73	82	86	73	19	18	75	73	73	74	73	88	85	87	71	85	76	88	86	86	75	81	79	77	17	80	82	80	75	72	77	83	19	74	75	86	79	82	21	18	80	74	18	77	76	89	88	89	77	74	26	27	81	76	82	83	84	73	84	74	86	71	76	74	83	88	70	89	73	83	81	87	85	80	71	71	85	73	72	76	80	72	75	76	87	71	72	78	75	82	90	90	87	73	84	74	74	75	73	79	83	78	80	80	85	80	84	90	80	79	24	89	88	88	84	88	80	71	80	79	77	72	77	79	23	76	75	79	82	76	82	24	84	85	74	75	83	81	76	90	78	18	72	85	75	89	86	84	88	89	72	90	74	83	18	85	21	20	80
89	78	85	86	88	82	75	84	75	80	79	89	78	87	73	83	72	89	75	83	76	86	83	79	71	81	22	16	74	82	76	87	88	72	75	80	85	81	72	71	25	73	84	71	81	84	88	83	71	75	25	72	77	70	90	82	87	73	80	76	82	88	73	82	17	78	80	22	87	74	24	25	90	78	81	70	89	70	78	73	89	76	80	90	89	75	82	74	80	79	79	18	86	71	80	83	19	81	82	72	71	70	87	25	84	78	79	70	79	26	24	83	84	84	77	74	74	75	86	82	75	75	82	75	89	88	88	82	82	78	79	16	87	89	71	72	86	85	78	79	81	85	80	26	83	82	76	83	89	19	71	89	74	76	86	80	90	85	84	88	16	71	76	72	20	76	85	87	22	76	90	87	89	81	80	83	89	86	80	73	75	73	86	83	83	86	85	87	85	75	80	88	79	83	71	81	87	82	79	72	88	89	85	80	79	80	83	83	83	85	87	85	86	84	23	88	76	76	76	23	89	70	85	78	84	83	28	75	78	89	75	23	87	81	86	73	80	75	88	74	81	86	85	81	20	90	76	73	81	87	85	24	72	73	86	86	86	82	21	88	77	81	88	85	86	88	23	76	75	21	73	86	76	73	76	73	75	84	74	73	78	86	74	81	81	84	89	70	79	88	90	76	20	86	73	85	86	87	81	74	80	70	78	84	27	74	82	75	84	78	22	79	73	71	73	88	85	76	76	89	71	89	77	89	77	79	88	82	83	82	86	78	80	74	71	79	84	72	72	72	88	71	86	82	87	88	90	89	21	88	82	71	73	24	70	78	75	18	78	24	76	78	90	81	21	88	71	72	71	88	81	81	77	72	79	72	21	82	71	22	87	87	24	71	84	87	72	84	89	78	82	74	82	79	90	27	21	86	82	71	79	74	70	70	79	79	72	83	73	83	76	75	83	23	75	90	70	73	78	82	87	75	86	78	70	25	80	78	73	72	72	79	77	83	89	77	84	90	26	18	72	76	87	75	79	79	89	83	75	78	16	77	72	17	83	74	86	21	84	84	71	84	70	87	88	78	76	74	26	79	82	75	73	71	80	73	75	84	84	88	77	22	74	76	25	21	70	74	81	71	88	80	73	81	73	73	84	84	74	83	90	90	75	85	86	83	81	87	75	73	88	73	83	77	21	75	85	79	89	79	88	76	79	84	86	89	81	18	80	70	79	72	87	76	88	78	75	79	18	72	75	84	86	73	73	81	87	73	81	18	72	72	81	75	78	86	83	81	71	84	71	73	74	75	82	25	86	73	87	85	81	81	83	20	80	85	90	72	71	90	83	82	20	72	77	84	77	81	78	75	89	82	83	84	78	18	83	85	85	84	80	81	70	78	71	89	20	82	70	20	72	89	22	79	80	18	85	73	85	82	73	83	77	88	77	89	74	86	83	71	74	76	90	88	80	23	77	16	22	83	76	71	84	24	26	78	81	88	20	90	84	77	73	88	89	80	86	88	81	89	86	73	90	72	80	17	88	77	27	82	77	84	75	84	78	22	24	76	88	76	79	88	70	82	72	19	81	85	81	79	83	81	86	76	85	26	88	80	87	89	85	77	81	76	70	77	17	70	74	76	24	23	75	86	82	83	76	84	77	79	81	77	80	83	74	85	88	86	86	77	83	82	88	76	86	74	71	84	74	75	79	90	80	85	72	76	71	79	72	86	74	73	73	87	72	74	76	86	73	76	81	71	81	85	85	79	81	75	73	86	71	82	72	84	87	77	84	23	76	76	85	75	82	78	81	83	80	86	85	78	85	82	76	73	72	82	71	73	22	73
74	80	80	76	85	85	80	77	87	28	88	89	85	75	83	71	89	87	79	88	84	82	85	84	76	78	90	77	82	86	82	83	71	71	84	89	82	80	82	87	89	84	83	79	19	75	85	74	90	77	89	81	83	83	88	25	85	80	89	88	84	86	88	77	73	83	82	76	75	79	87	80	76	81	83	71	83	87	83	87	16	82	79	86	82	85	84	75	88	82	71	82	83	74	85	17	89	19	83	79	87	84	76	25	25	76	81	77	75	87	87	71	83	79	86	17	75	82	83	24	86	23	89	74	78	26	19	88	16	83	78	82	84	73	81	80	72	87	85	78	82	82	75	76	76	89	81	86	90	77	25	76	72	80	25	78	23	86	89	83	87	88	70	17	75	87	70	77	74	20	79	81	76	78	22	86	82	24	71	80	23	79	85	72	88	80	81	74	78	77	74	79	89	87	70	90	88	75	82	72	84	90	83	88	82	86	75	79	74	23	88	80	25	88	77	73	83	81	87	86	76	90	83	20	73	81	71	85	71	28	87	75	90	71	87	82	75	87	77	26	72	76	19	83	77	89	85	71	72	86	79	84	24	81	86	83	72	72	73	83	82	72	84	79	88	85	86	76	78	81	23	71	77	70	90	71	86	22	88	83	85	87	82	90	76	25	86	86	84	88	23	79	76	81	85	73	20	81	82	79	24	90	81	89	74	85	80	80	79	88	71	21	75	85	83	85	79	76	89	78	87	84	76	75	79	72	76	90	71	87	72	80	75	76	80	78	73	78	70	83	71	84	84	88	74	75	83	80	80	89	84	82	86	80	75	81	73	75	85	70	81	24	80	78	78	87	84	73	81	17	88	73	86	71	76	72	72	70	79	79	85	84	73	84	70	89	74	84	84	82	87	75	71	72	28	88	80	80	78	77	82	82	74	88	87	83	71	75	89	79	81	86	80	86	81	27	79	74	80	85	86	70	77	87	82	72	71	87	83	82	81	87	89	72	78	77	79	75	82	80	85	82	83	81	80	87	82	81	71	74	86	80	78	72	80	83	78	77	77	86	73	83	82	88	88	75	70	88	73	20	76	90	81	82	72	76	77	75	77	76	73	72	22	89	86	83	73	88	78	70	85	74	76	24	84	23	74	84	73	90	90	78	76	88	79	71	88	87	84	86	89	87	76	88	79	79	21	76	85	76	22	81	85	72	22	74	78	88	74	83	78	84	80	83	78	87	85	83	83	75	19	89	84	23	81	89	75	80	88	84	73	81	72	74	74	76	77	80	72	81	88	72	73	83	77	71	70	70	71	73	75	22	82	85	74	80	82	74	88	83	83	24	87	20	90	85	78	88	72	73	90	75	88	89	80	71	73	82	82	89	84	83	84	76	85	71	80	75	80	78	85	87	73	17	74	85	89	75	84	81	86	83	81	76	89	74	88	82	88	90	85	83	23	75	89	71	89	17	81	80	74	84	79	84	86	75	78	76	70	84	73	76	76	73	75	86	73	22	70	86	77	82	90	74	25	89	71	84	79	70	82	71	87	81	77	75	76	75	82	25	76	83	80	18	85	19	80	73	81	72	24	73	77	72	90	81	22	81	86	72	72	76	83	76	84	79	75	76	82	90	83	25	89	87	73	20	79	19	72	82	86	70	80	87	85	77	90	81	79	74	79	75	78	25	85	81	79	26	90	74	84	74	71	85	72	84	25	86	83	86	20	88	88	26	76	77	87	72	75	77	18	20	78	77	87	79	20	73	75	83	78	85	75	24	18	78	82	75	80	83	70	71	86	77	85	24	78	83	80	89	87	20	79	28	84	82	72	78	79	79
88	70	85	85	79	90	79	72	75	86	83	76	84	84	87	83	90	90	82	17	73	25	73	76	76	70	72	78	75	85	86	88	88	72	80	72	81	73	75	71	82	90	81	76	82	88	77	82	18	79	78	84	21	76	77	27	89	84	74	82	82	75	82	76	81	84	79	81	18	83	82	80	80	80	85	72	89	72	84	79	71	79	25	86	71	86	71	79	71	83	77	18	76	81	77	88	77	82	86	72	85	79	85	73	81	77	75	70	82	25	89	78	86	76	77	86	74	79	17	84	89	86	85	77	77	79	19	22	74	76	83	70	82	75	84	18	78	83	75	84	76	79	77	80	76	85	70	89	84	85	73	72	88	80	84	77	90	79	73	89	87	90	72	73	78	74	85	89	80	88	71	85	19	76	88	72	88	80	86	82	84	19	83	78	86	86	90	80	29	74	75	77	83	78	86	84	89	71	88	76	75	83	73	74	89	76	84	84	87	83	77	71	90	27	72	86	78	70	77	82	89	78	77	20	73	78	80	86	80	27	74	89	72	73	87	79	75	71	73	85	22	80	22	81	78	85	76	84	82	71	26	79	81	79	89	83	77	88	77	82	23	79	84	70	20	72	22	83	77	75	82	77	89	87	85	88	75	89	82	89	86	84	76	85	80	72	75	84	71	15	87	75	85	70	21	70	76	24	78	73	71	74	80	89	89	82	74	85	22	20	87	84	85	73	71	86	77	86	25	89	78	85	83	26	74	80	74	77	75	87	78	83	80	76	75	72	78	85	72	89	87	85	73	71	90	71	79	19	78	83	18	77	76	75	82	85	86	87	19	90	89	80	81	75	89	77	82	79	84	18	82	89	83	71	74	72	85	75	22	86	72	73	78	79	73	28	87	18	70	79	81	84	70	74	78	72	76	81	16	72	74	71	21	75	73	82	20	78	84	85	88	79	79	80	71	70	77	74	78	19	84	76	76	19	76	79	72	85	78	90	81	87	89	79	74	74	88	75	72	74	85	71	78	83	86	23	77	72	72	79	81	26	81	82	18	84	74	78	19	89	24	81	20	88	78	78	71	79	84	87	73	71	88	90	89	72	83	76	81	90	84	23	18	27	83	87	79	81	74	21	88	76	82	85	81	89	79	89	80	23	86	72	72	77	85	90	78	20	85	77	72	17	74	80	87	73	90	78	19	76	75	20	71	76	79	76	71	81	74	87	74	74	87	76	87	21	89	90	83	82	75	79	78	79	72	85	71	77	80	73	81	72	75	18	83	88	72	75	79	85	78	76	84	85	75	74	86	79	76	26	81	83	88	80	80	84	25	83	74	77	89	72	87	72	77	25	71	75	24	75	81	83	90	71	86	86	82	71	76	76	74	74	23	77	70	75	82	75	76	79	72	82	89	90	86	80	76	81	77	25	76	77	82	79	80	81	86	88	76	87	79	80	71	89	82	79	86	87	79	88	76	20	24	81	78	75	76	90	73	87	78	81	87	87	89	82	20	73	86	20	73	79	87	86	79	83	75	77	81	87	75	84	82	78	78	22	71	74	72	71	74	73	88	80	74	75	80	82	18	23	78	82	73	16	89	72	71	72	72	72	73	85	85	86	82	73	77	86	89	71	83	87	74	76	80	80	73	79	87	88	84	80	86	77	81	72	83	71	83	73	83	77	84	74	83	74	72	73	16	25	87	83	71	75	74	21	83	25	17	81	90	80	89	81	26	26	72	71	82	78	78	75	80	80	88	79	78	76	24	20	81	81	77	82	90	89	80	74	78	77	20	75	88	83	84	74	21	80	82	85	77	76	83	86	78	81	79	73	74	86
86	88	71	20	74	22	74	77	88	84	70	88	70	87	88	72	72	75	73	85	27	85	80	20	71	72	72	86	70	90	21	88	90	83	81	86	70	83	90	78	83	77	76	80	84	71	89	74	71	73	83	89	82	72	19	75	74	87	70	76	85	77	23	71	73	74	81	87	73	26	79	80	77	89	77	80	90	80	76	77	80	79	71	85	82	27	88	77	25	71	84	74	85	87	81	19	75	78	86	16	78	22	75	70	83	85	85	81	75	73	76	23	87	84	24	87	77	83	78	73	76	83	77	89	84	72	86	74	71	75	83	78	84	79	71	73	75	77	73	80	74	79	26	88	78	83	79	72	78	88	81	71	75	79	84	81	72	74	83	79	81	73	75	18	80	82	84	89	70	74	81	73	90	88	73	90	79	79	70	84	86	70	26	83	82	78	78	82	87	74	82	75	19	82	87	77	74	87	71	81	84	88	75	79	80	83	80	90	88	73	70	86	78	76	86	77	80	25	22	84	73	88	73	82	76	78	80	84	88	85	70	87	78	88	83	75	77	79	81	74	88	24	79	82	79	87	78	71	90	78	81	90	79	86	73	77	82	77	18	20	75	82	72	84	74	19	77	17	85	84	74	82	20	76	77	24	84	72	74	77	71	81	83	71	83	86	90	81	87	79	79	85	74	73	88	23	74	79	25	70	83	78	87	79	83	72	83	77	21	87	75	81	80	72	86	79	24	80	88	73	89	85	72	81	86	75	78	82	82	86	77	86	77	85	83	84	86	89	23	79	70	80	79	72	89	86	78	85	72	84	80	73	24	79	84	75	25	20	76	84	82	79	77	83	74	73	79	88	79	87	83	82	20	72	87	89	78	77	83	80	74	89	90	75	77	73	85	18	89	84	86	79	72	74	85	89	90	85	70	73	88	82	73	24	71	87	76	83	24	74	72	78	70	73	80	77	87	90	86	81	17	72	82	73	87	81	90	86	25	70	71	72	78	75	88	85	22	26	71	87	77	88	79	76	75	74	82	86	73	17	70	78	20	90	70	20	71	73	71	80	75	78	85	17	17	87	78	87	75	88	84	85	75	75	86	84	71	85	75	78	76	75	82	81	82	83	79	78	88	71	80	77	81	81	72	74	80	78	80	79	74	71	16	74	76	80	26	75	86	87	21	19	75	20	76	70	71	85	78	79	80	82	79	89	79	78	72	74	83	83	77	77	81	74	87	83	75	88	86	87	17	19	75	79	71	23	88	77	73	80	75	88	72	72	84	79	73	25	81	85	19	80	83	86	75	89	74	76	24	84	80	82	89	75	76	84	77	83	80	18	72	74	88	78	76	88	78	79	77	22	88	27	76	88	83	74	76	73	81	87	71	81	77	83	25	74	88	88	83	89	84	25	85	78	87	83	82	88	23	77	89	81	73	72	84	74	84	83	19	84	81	23	70	83	90	77	72	88	70	81	72	77	76	23	84	83	77	73	85	81	87	70	19	86	79	76	81	88	86	78	77	16	83	75	78	85	88	89	86	77	88	84	85	84	87	77	81	82	78	71	84	76	84	84	78	84	79	84	80	89	76	81	84	85	87	85	86	79	73	82	76	78	74	77	72	83	80	86	21	76	84	86	87	86	25	81	88	84	73	16	87	76	82	73	24	84	86	79	81	77	89	82	78	83	85	88	72	85	75	83	74	89	90	22	23	82	88	86	78	74	83	76	72	71	89	79	81	83	90	81	88	22	82	70	76	84	78	71	84	71	73	75	82	88	86	86	72	71	74	82	74	82	78	81	71	77	89	73	77	83	88	81	18	85	24	87	73	75	76	73
19	81	71	78	73	80	80	72	80	72	72	20	71	87	88	23	23	76	88	76	77	85	83	70	86	81	21	80	80	76	72	85	76	84	81	84	81	88	78	27	85	89	79	82	76	80	88	16	84	72	86	75	20	89	86	73	86	17	77	72	88	83	87	85	85	72	76	89	83	81	87	88	88	73	85	80	19	79	87	21	74	88	87	85	21	72	80	86	85	76	80	86	88	87	70	79	77	84	22	78	23	75	83	72	77	81	82	77	89	82	73	88	85	73	77	86	71	77	86	72	20	79	71	81	87	90	86	76	84	87	82	72	87	73	89	70	88	71	73	83	82	70	82	75	78	84	80	87	88	83	79	77	82	83	75	72	84	74	78	81	84	89	83	87	81	78	19	87	76	71	81	23	76	72	77	71	87	74	85	77	71	77	71	71	77	27	85	83	83	88	24	70	85	81	20	18	71	80	71	81	71	81	23	86	83	80	80	78	83	23	76	77	86	87	70	75	81	82	79	89	87	21	79	88	84	25	79	81	22	73	72	76	78	70	89	88	87	88	78	88	88	73	72	89	85	85	20	87	73	81	74	78	71	88	70	83	88	24	83	87	85	71	74	79	85	74	79	89	73	82	70	89	82	76	83	79	78	82	73	85	73	73	17	86	72	71	28	78	16	75	86	76	73	80	77	82	76	83	25	78	79	74	87	78	70	70	87	83	83	87	77	87	75	81	82	72	87	89	78	71	74	83	86	26	90	87	79	22	82	85	74	83	73	77	86	88	79	70	88	90	85	76	81	83	80	88	75	83	85	84	85	81	70	80	72	78	78	87	87	71	88	76	72	84	79	85	74	86	83	81	87	81	78	73	84	90	86	83	88	76	25	79	85	85	72	75	71	72	77	76	87	75	89	75	84	74	83	76	89	23	75	82	85	78	86	81	81	72	88	82	80	85	73	84	17	90	20	86	71	80	82	75	78	89	85	80	71	74	28	18	84	22	22	80	81	19	74	85	75	73	79	87	84	25	72	76	27	87	90	77	77	86	79	80	75	77	82	73	80	74	86	89	89	87	86	18	74	19	78	82	89	88	21	85	84	73	71	76	84	83	70	77	80	78	73	84	79	88	81	88	85	90	71	73	21	74	71	73	76	76	70	78	74	78	83	71	88	84	20	85	75	85	86	87	87	89	21	85	73	81	72	79	81	85	72	79	89	80	80	21	74	84	87	71	19	79	24	80	85	72	76	76	89	87	89	76	89	85	88	89	89	72	85	73	83	75	79	85	86	81	81	90	84	25	74	23	74	84	73	79	83	78	74	83	18	88	24	84	72	86	78	73	85	74	84	86	82	71	83	84	82	83	20	79	27	18	72	71	85	86	77	79	74	89	83	90	72	28	79	82	84	85	88	77	87	86	74	73	75	80	81	81	84	75	84	72	78	79	73	78	76	75	80	25	83	71	70	82	22	77	72	73	72	78	77	82	85	83	73	86	75	71	81	70	79	84	77	78	70	19	77	72	70	29	76	83	82	79	75	79	18	71	80	90	73	85	71	72	76	82	83	82	81	84	74	71	71	77	71	24	82	88	74	76	77	74	21	84	19	78	18	21	25	78	76	26	71	86	87	76	80	72	74	75	72	81	76	74	76	81	85	87	88	84	26	86	73	72	81	75	18	83	77	89	83	78	19	24	89	72	82	85	81	72	71	78	84	71	80	85	87	76	72	76	25	85	88	75	78	21	18	70	80	89	79	74	76	75	71	79	74	87	77	86	76	82	87	80	78	28	79	74	87	82	78	88	74	87	74	73	80	79	85	82	87	79	73	73	85	72
70	79	71	72	80	84	81	17	84	71	75	18	75	85	74	76	71	85	16	81	90	82	74	75	74	24	79	76	71	80	81	83	77	72	22	89	78	74	81	86	87	25	88	83	89	90	74	70	20	80	83	79	74	83	78	86	87	82	21	80	19	84	73	73	82	83	19	78	73	73	71	77	77	80	87	85	87	76	88	89	15	81	71	85	76	85	18	71	73	80	76	71	74	71	88	88	85	88	78	86	78	78	84	82	23	19	72	76	88	77	84	89	76	21	76	73	71	81	76	72	71	74	76	75	84	83	81	75	80	77	87	75	87	79	16	73	81	77	23	70	76	72	70	71	71	79	90	73	72	75	80	76	20	87	85	76	83	77	26	75	19	88	82	74	90	73	79	77	83	75	81	82	73	78	86	81	25	82	18	18	86	71	80	74	73	70	87	19	77	73	83	79	73	83	77	78	73	75	87	76	78	85	82	85	89	83	25	90	90	88	82	86	70	85	22	83	71	79	77	75	16	89	79	79	73	76	77	73	71	84	19	72	84	87	84	79	87	86	25	81	78	89	88	89	83	77	71	82	75	76	78	87	85	71	74	86	77	85	87	88	76	21	72	71	73	83	82	74	87	87	87	88	84	73	22	90	89	74	90	24	25	77	76	85	77	75	86	82	83	70	84	72	22	81	75	83	84	88	72	73	75	77	21	80	76	89	70	78	84	83	87	83	73	80	79	78	77	25	89	75	82	85	83	86	75	18	78	21	87	76	73	73	81	75	73	71	76	83	90	89	83	74	75	72	76	23	75	88	72	72	76	73	87	80	86	81	84	84	76	85	82	73	90	78	79	85	22	75	85	89	17	25	78	89	84	77	82	74	81	82	81	90	73	88	79	85	72	78	78	77	79	72	74	77	88	73	72	86	76	25	80	82	84	76	75	81	86	76	89	76	84	74	88	88	78	85	73	85	74	83	73	78	89	75	73	88	82	76	78	73	85	79	89	88	80	88	71	73	79	84	78	71	75	28	72	19	76	19	76	74	72	76	86	75	89	84	81	81	78	79	74	26	75	72	84	77	80	90	86	80	82	80	78	86	78	26	20	77	84	81	79	72	71	74	84	71	74	24	77	83	23	85	21	77	80	80	83	90	24	70	75	29	74	78	78	87	87	89	78	23	77	86	85	77	79	21	85	74	74	76	71	78	71	83	73	27	77	90	23	73	74	74	73	80	87	74	89	71	81	72	79	85	76	85	73	71	79	74	76	88	78	78	87	88	74	21	80	88	72	73	82	88	70	76	80	72	87	72	89	74	79	78	86	16	87	83	86	85	84	76	24	71	89	76	76	76	87	72	88	71	84	84	75	71	76	80	71	77	71	83	85	21	76	73	73	84	87	82	72	80	85	88	89	85	84	83	23	82	84	72	71	80	81	73	72	74	81	22	85	89	85	74	85	89	26	81	26	83	87	89	79	21	82	89	80	85	73	26	80	78	77	79	17	80	86	71	22	74	77	79	85	83	73	77	82	79	74	83	89	89	75	87	87	81	84	88	87	75	83	76	81	21	26	75	76	71	88	72	87	78	89	73	85	76	22	73	86	72	86	80	72	84	74	88	81	86	80	79	82	89	88	73	88	76	73	77	82	77	82	77	22	87	86	80	74	72	73	75	79	76	76	28	71	90	71	88	20	70	79	88	80	25	80	77	85	23	76	73	72	74	88	78	24	81	71	77	78	89	20	72	90	88	75	85	72	82	86	77	73	81	72	77	73	75	75	27	90	79	80	74	85	73	82	23	78	85	75	74	76	20	78	80	82	87	24	90	75	19	71	86
70	77	24	75	83	85	83	84	76	27	85	76	82	89	88	90	77	72	85	84	79	24	81	85	87	86	83	81	77	21	85	80	75	82	73	77	75	87	87	87	76	88	72	70	72	83	81	77	71	83	87	26	75	72	80	75	76	82	85	72	80	86	85	88	83	89	84	80	84	76	71	76	23	73	79	89	76	77	87	71	85	74	83	20	74	80	72	83	73	79	75	71	73	76	19	76	80	82	77	81	24	80	73	89	83	86	81	71	21	71	73	90	80	85	78	78	90	83	84	78	73	70	82	77	86	78	82	82	71	73	82	80	77	71	89	78	87	71	78	76	82	22	27	89	88	72	79	70	72	72	86	17	74	85	86	87	89	76	75	74	84	85	82	72	79	83	83	76	21	71	81	73	88	25	83	75	75	81	85	82	73	87	76	17	83	81	74	84	89	79	74	88	88	72	80	87	82	81	75	89	87	88	75	72	82	19	90	23	72	83	75	79	79	77	81	77	81	27	74	85	18	77	16	81	75	24	73	77	82	73	86	84	81	80	86	18	74	88	72	89	76	78	84	72	78	17	79	85	73	83	79	84	73	84	73	22	82	75	86	81	83	80	86	17	87	75	87	83	82	86	77	83	77	71	78	86	77	71	18	78	82	74	73	78	25	73	78	74	90	80	90	87	78	75	85	25	81	87	82	19	71	86	82	90	76	73	90	80	72	73	23	85	88	90	77	76	78	84	72	74	76	79	89	72	76	77	78	85	73	72	72	89	87	83	90	76	85	78	75	83	72	72	84	72	77	75	83	88	87	85	74	83	80	77	71	76	89	87	76	88	72	81	78	87	76	85	77	19	88	86	86	27	70	87	75	79	19	86	73	25	80	79	71	81	85	88	73	81	76	89	24	76	76	81	89	79	71	74	76	80	26	23	80	83	77	81	87	71	75	78	85	73	70	73	72	73	72	76	23	84	86	26	76	79	23	84	77	75	73	86	79	83	80	78	88	79	83	73	73	77	74	85	77	75	73	74	90	83	73	71	72	80	77	84	76	80	26	89	89	73	76	82	72	89	79	89	77	81	83	72	23	73	81	73	82	72	78	25	18	89	86	82	80	74	77	77	72	80	83	83	80	89	84	77	71	80	83	83	89	70	88	71	16	75	86	85	77	71	80	88	76	85	74	84	72	87	89	70	80	82	77	76	85	89	25	81	76	89	90	88	86	87	81	22	78	86	80	82	87	73	78	83	85	73	82	75	82	81	74	76	87	25	81	80	17	86	77	26	87	87	71	84	89	73	22	74	79	79	86	90	15	87	78	72	73	79	82	75	81	78	77	71	18	18	21	70	73	89	73	81	81	86	75	73	81	88	83	82	73	23	79	74	80	82	76	27	83	88	27	76	82	75	75	18	24	83	77	79	88	78	87	82	85	79	89	81	86	71	87	70	22	71	23	79	70	79	74	88	86	85	85	86	72	84	84	89	85	74	77	21	72	72	88	72	80	78	81	78	75	83	89	82	71	72	79	74	79	27	27	22	71	73	74	86	70	79	87	82	84	70	74	20	27	72	89	85	20	82	76	75	88	72	83	86	83	76	70	89	71	23	82	74	77	76	81	26	70	81	85	84	78	85	75	19	71	76	80	84	80	17	81	73	81	79	82	82	80	77	16	90	72	76	19	90	76	77	88	90	87	86	78	23	80	77	73	78	89	83	75	71	72	70	88	88	88	86	89	86	71	86	75	76	70	84	23	83	80	79	74	90	81	84	79	26	79	73	90	25	83	84	85	72	19	87	79	89	83	26	83	84	85	80	18	72	89	72	79	79	89	87
87	74	77	87	77	85	75	75	79	77	73	75	90	82	81	73	79	23	87	86	81	80	73	76	17	86	71	80	84	73	86	74	75	20	77	82	75	81	25	85	80	79	86	22	80	22	71	71	83	87	73	80	84	83	78	72	18	72	77	81	82	77	73	74	88	81	72	71	89	73	25	86	78	85	86	76	88	83	18	80	83	77	80	89	77	23	84	82	70	83	89	73	72	84	87	77	78	88	75	77	82	80	80	72	85	86	23	23	89	88	83	81	23	85	72	87	75	84	80	72	74	19	86	80	23	71	87	72	85	87	71	76	89	75	82	71	28	19	84	21	24	86	88	70	26	28	73	78	89	70	73	80	84	87	79	72	82	72	25	84	72	78	83	72	89	77	79	88	83	75	73	77	87	76	83	80	80	89	87	73	81	70	80	81	22	75	28	89	71	29	88	85	79	84	73	85	72	89	18	89	88	86	90	79	80	72	80	78	24	85	20	86	79	75	89	85	24	78	71	74	70	75	83	85	24	82	28	81	75	88	86	86	71	79	73	78	72	85	74	81	88	23	89	82	83	84	84	74	25	72	88	83	74	89	84	78	90	77	76	86	89	23	88	81	82	72	80	85	72	79	80	75	87	77	86	74	86	75	80	90	74	18	89	75	72	87	85	86	81	84	74	81	77	83	20	76	74	85	87	80	74	76	80	74	89	80	72	78	84	77	86	83	75	71	77	89	76	71	79	82	17	87	75	82	83	81	87	81	76	74	79	79	78	88	82	19	70	86	70	70	79	23	73	72	71	85	71	88	23	84	16	83	80	23	76	26	73	73	75	87	78	22	17	23	84	76	76	80	73	83	82	74	89	84	89	79	89	83	81	79	84	71	79	77	73	74	81	87	82	75	74	72	76	74	84	79	21	76	75	71	74	74	83	85	87	87	70	23	86	19	72	74	89	25	81	78	85	87	26	78	83	72	85	72	73	76	84	26	83	88	81	72	89	87	81	75	81	79	80	82	85	72	87	71	19	87	75	74	27	80	90	88	70	17	75	78	86	82	71	70	71	84	77	88	74	78	20	81	84	78	81	80	84	90	90	75	77	74	88	79	80	78	71	90	75	75	79	79	88	80	79	85	85	26	19	75	80	74	83	85	90	73	89	82	88	76	87	84	87	72	82	81	82	21	77	78	73	74	80	79	72	85	21	22	86	90	78	89	82	81	85	18	73	80	75	22	82	24	87	76	78	72	81	90	83	87	79	81	89	78	70	89	76	75	82	73	77	76	83	21	89	79	82	90	83	76	77	25	76	78	73	76	20	82	17	85	73	25	77	78	71	80	72	83	87	83	76	88	86	75	71	74	86	71	72	89	89	88	78	84	84	80	23	26	76	74	21	83	79	85	74	87	80	79	84	18	88	76	80	71	71	78	73	75	23	72	83	82	86	76	79	82	73	85	83	80	73	77	84	75	83	78	72	87	75	78	78	71	87	87	80	22	75	84	83	78	79	87	89	74	83	75	82	75	71	80	75	83	86	71	75	74	77	86	85	89	22	78	22	75	17	85	75	76	70	78	86	76	77	72	89	85	78	90	73	86	83	73	81	81	84	86	73	77	74	78	82	87	89	89	83	89	71	72	84	87	84	72	84	85	72	21	89	72	87	80	74	83	89	83	88	24	82	81	71	73	75	76	85	73	75	77	19	70	80	72	76	73	86	84	70	70	88	89	77	73	74	86	74	84	79	85	84	23	82	74	80	83	90	73	89	75	77	76	78	79	76	83	79	26	18	77	77	79	71	78	79	76	83	74	84	83	84	77	71	75	84	80	80	77
80	81	83	20	78	89	24	74	78	73	82	80	78	89	83	89	83	81	82	87	90	75	85	88	81	82	86	89	89	76	89	83	89	80	21	73	24	79	80	27	70	83	70	79	88	71	78	72	81	72	82	76	70	84	74	80	79	83	84	84	85	89	79	89	86	18	80	81	70	88	80	74	80	19	82	87	19	75	89	80	73	72	72	85	72	72	77	73	78	87	80	70	80	85	89	85	86	71	85	86	86	71	82	79	87	21	81	27	81	89	80	74	73	72	89	70	76	89	81	78	87	75	24	71	77	84	72	76	84	82	71	71	84	90	82	82	76	77	84	22	76	88	77	84	87	79	84	77	86	82	76	78	76	85	78	77	80	78	75	85	81	72	76	85	88	82	72	18	72	79	74	86	80	77	82	17	83	71	74	77	89	90	89	71	82	77	86	84	70	70	79	79	89	81	72	84	80	72	75	75	70	86	72	87	79	80	87	88	83	71	90	79	87	81	87	86	25	83	79	76	81	81	75	80	73	72	82	76	73	73	81	23	79	85	75	82	83	73	88	71	75	72	71	72	72	78	87	81	23	88	73	75	78	74	87	76	83	82	88	89	77	80	85	78	86	72	86	78	23	79	72	77	75	87	71	83	70	80	86	80	86	89	80	24	71	75	79	73	80	77	72	88	78	22	86	80	78	83	87	73	72	86	84	75	89	22	81	88	80	74	88	86	71	85	87	85	84	81	71	23	82	78	76	75	78	89	72	86	84	79	90	70	76	86	86	79	88	80	70	86	88	85	81	85	72	71	25	80	84	80	87	78	72	83	79	84	87	81	72	76	74	87	83	86	77	22	72	74	80	73	90	85	90	82	19	89	77	86	88	78	78	73	85	76	73	76	71	80	71	73	72	88	74	80	82	27	73	79	79	88	86	81	89	71	79	26	76	72	87	78	83	83	82	70	80	74	71	79	76	84	71	78	75	20	90	84	80	77	75	89	75	82	82	88	79	83	72	81	78	89	88	73	83	77	87	84	86	85	76	82	73	78	80	74	75	84	79	78	74	72	78	78	72	77	88	85	79	85	83	87	77	79	78	73	88	72	76	76	80	74	77	88	72	88	81	70	84	71	27	72	82	87	72	77	70	74	25	87	76	71	76	78	77	87	80	75	80	77	75	79	79	79	82	81	82	88	71	82	71	88	81	86	81	80	80	82	78	80	76	89	22	81	77	86	82	83	84	90	82	80	75	20	72	74	83	74	77	86	88	74	79	77	78	88	19	79	77	70	76	82	87	81	78	24	70	82	86	87	85	79	78	84	79	87	85	71	74	75	90	79	90	83	84	81	85	74	86	70	89	83	79	82	85	74	84	79	79	81	72	90	76	72	78	80	74	86	74	74	78	73	84	78	85	88	84	88	76	71	80	85	85	79	71	76	81	76	81	79	89	86	86	78	84	81	89	88	88	89	84	79	79	89	74	88	82	82	72	82	89	73	71	71	88	88	90	73	87	79	77	84	89	19	83	78	82	77	83	78	77	77	74	16	80	75	73	79	77	78	85	88	86	74	87	78	71	87	84	76	71	84	83	78	70	71	79	75	77	27	83	80	88	84	79	77	83	76	85	75	85	72	80	80	26	79	81	83	83	85	85	71	72	81	88	23	87	84	74	76	80	76	81	89	87	74	26	77	75	79	86	78	71	82	71	75	85	81	85	83	71	73	85	86	72	81	84	74	87	78	78	84	71	80	25	80	75	73	78	78	71	71	84	88	78	72	20	84	23	88	74	82	75	71	78	86	89	88	87	82	77	73	88	89	83	86	73	88	25	88	79	72
wj																																																																																																																																																																																																																																																																																																																																																																																																																																																																																																																																																																																																																																																																																																																																																																																																																															
93	61	46	29	48	13	2	15	98	84	2	24	4	22	60	68	44	24	7	83	66	9	21	14	57	30	49	26	59	71	79	31	67	39	69	77	52	21	88	77	25	22	4	17	97	64	82	79	43	98	2	16	2	70	74	1	30	40	81	40	35	31	76	22	94	25	32	82	56	38	72	39	74	45	5	14	26	51	81	30	11	81	38	87	73	15	76	26	20	68	7	18	87	97	9	55	96	6	11	75	67	65	50	53	31	92	85	54	88	48	42	6	10	81	74	71	46	47	88	90	42	30	58	37	41	58	81	53	47	31	67	65	70	71	22	12	5	41	44	21	40	14	98	74	15	98	39	11	71	38	94	85	68	81	100	9	38	32	83	17	26	78	98	32	30	42	77	57	35	6	48	9	40	89	6	97	22	4	6	6	81	57	35	52	98	57	38	90	29	33	43	11	41	36	21	72	9	32	95	11	49	32	76	58	64	15	72	68	8	18	77	48	9	21	76	75	46	15	8	79	84	2	35	58	8	53	98	34	26	16	51	63	77	82	13	70	63	20	76	63	46	46	1	26	24	16	96	96	39	29	86	97	56	31	78	91	40	32	82	32	74	57	49	43	72	2	41	47	79	20	93	50	7	1	16	90	36	12	73	20	17	31	49	62	63	90	21	17	59	13	59	89	4	49	79	35	85	46	45	73	16	58	49	27	42	68	6	50	52	85	95	58	89	79	81	75	52	66	3	97	52	57	94	98	18	4	99	43	97	98	37	66	62	24	74	56	69	85	2	72	3	60	54	48	99	63	32	94	40	82	59	90	2	77	9	68	18	8	84	93	9	23	72	89	76	60	60	2	48	37	71	34	71	50	86	67	60	38	41	45	22	44	77	32	70	90	56	22	71	31	15	49	87	21	57	63	32	97	76	29	85	8	56	90	65	83	20	74	44	75	37	6	49	3	18	62	23	49	47	55	19	84	16	94	19	6	63	86	25	14	18	81	5	48	46	67	21	87	92	22	95	36	66	24	26	90	13	27	52	71	70	24	27	74	32	71	56	27	29	94	34	60	97	58	92	45	20	75	28	44	55	81	41	40	79	73	23	26	60	36	48	68	4	49	18	53	39	48	42	54	4	9	75	66	96	82	40	67	80	46	7	91	31	35	33	35	12	24	32	10	15	88	24	24	31	91	99	31	81	16	49	64	99	70	65	4	55	11	84	9	46	45	34	11	7	26	16	51	21	94	58	10	10	34	86	77	61	3	57	30	6	91	79	98	16	75	41	90	12	68	100	99	37	33	59	61	51	41	21	15	77	23	13	74	8	15	26	70	63	7	4	25	21	67	88	55	52	72	90	46	36	50	39	61	48	25	79	67	1	51	6	42	56	100	29	65	13	55	8	40	15	26	56	51	96	49	3	77	78	45	56	69	47	73	85	13	2	83	26	5	6	9	16	67	89	81	6	71	81	69	3	65	14	19	25	45	11	44	36	38	55	94	23	61	53	40	80	71	44	23	88	85	53	56	46	83	4	41	88	60	59	99	18	16	22	33	83	34	32	77	48	32	92	98	89	11	18	29	71	47	54	52	13	92	12	78	41	92	37	29	38	91	32	17	52	9	60	66	88	45	56	53	47	46	30	19	7	29	10	50	63	85	81	6	100	18	75	92	51	39	51	10	22	81	9	72	85	62	36	68	84	51	14	8	44	33	93	11	18	33	41	76	44	2	94	13	44	59	81	49	8	37	42	19	14	32	30	43	4	52	17	56	73	2	73	99	40	73	92	32	43	8	80	13	68	15	70	72	53	31	1	83	71	90	72	76	33	75	36	88
