pij																																																																																																																																																																																																																																																																																																																																																																																																																																																																																																																																																																																																																																																																																																																																																																																																																															
96	87	91	96	97	97	93	88	92	96	95	93	87	89	95	93	91	94	94	96	90	96	89	96	95	89	96	96	95	89	94	97	92	90	87	88	90	96	95	91	90	93	96	92	92	88	93	94	88	93	92	94	94	93	93	93	92	93	96	93	89	91	96	92	96	94	91	88	91	97	93	89	95	89	87	94	87	91	96	87	92	87	95	89	94	93	89	88	95	89	90	91	91	95	94	89	94	95	90	95	90	90	91	93	88	87	94	88	90	88	88	88	89	90	88	96	95	88	91	92	90	90	95	90	88	89	91	94	88	94	89	93	94	96	88	96	95	93	93	88	88	88	96	95	92	91	90	97	92	92	95	90	92	93	92	96	89	95	93	96	93	89	95	87	87	93	89	88	96	94	88	91	93	91	91	89	95	89	94	89	93	95	95	92	90	93	89	88	95	94	96	97	92	90	93	91	88	95	96	89	91	89	94	96	89	91	90	91	89	91	91	93	94	89	96	93	87	92	94	91	88	97	89	94	90	95	87	93	93	92	96	96	91	93	96	90	91	94	90	97	90	88	92	90	96	87	95	93	89	94	88	92	96	95	90	88	95	88	97	89	87	95	88	88	95	96	96	91	95	87	88	97	87	94	91	89	91	95	89	95	91	96	90	93	97	88	88	89	91	91	92	95	96	95	93	96	94	90	93	96	92	97	90	88	87	95	88	87	96	97	95	89	90	95	87	92	95	93	92	93	92	88	91	87	88	88	96	89	87	92	87	87	87	93	94	87	91	91	88	91	90	94	94	89	88	96	91	90	90	89	87	95	94	96	93	91	94	93	93	94	95	94	94	87	88	94	89	90	89	90	92	89	97	89	89	89	95	94	91	87	89	95	91	92	89	92	91	88	88	93	89	97	91	97	97	96	91	94	96	91	90	91	92	89	92	92	96	89	97	93	97	93	87	88	92	92	87	93	90	92	95	87	94	96	94	92	90	91	93	97	92	91	93	95	92	88	96	95	94	92	90	95	92	93	88	95	96	92	95	92	91	87	97	95	90	95	91	92	95	90	93	91	91	89	92	91	88	96	96	89	91	88	97	94	89	91	89	89	93	94	92	92	88	96	94	94	90	93	91	97	92	91	92	91	89	87	95	89	87	94	94	90	94	89	91	89	96	92	87	93	90	88	91	89	89	92	94	96	95	89	93	93	96	88	95	89	92	89	92	90	91	94	96	88	88	97	95	88	90	93	88	96	96	93	96	94	87	90	94	94	89	92	92	89	93	88	96	93	92	93	96	91	91	92	93	95	94	90	92	88	92	95	90	96	89	97	89	93	94	92	87	88	93	88	94	88	89	90	96	93	92	89	92	97	93	88	89	92	88	94	91	91	95	93	95	87	91	93	93	90	93	88	92	87	88	95	89	95	90	88	88	89	95	93	92	90	94	94	90	93	92	91	95	95	90	94	90	94	97	88	96	88	89	95	88	88	89	94	88	89	94	95	89	96	88	93	95	95	94	90	91	89	91	95	91	95	91	94	97	90	92	95	91	89	95	90	95	88	90	88	89	96	97	89	93	95	93	89	93	93	88	97	97	95	97	90	89	96	89	93	96	90	93	94	93	94	88	97	88	92	96	94	93	91	92	96	87	95	92	91	93	94	92	94	93	96	96	89	90	94	90	95	89	87	97	93	89	88	90	95	91	92	94	89	95	91	93	89	91	88	91	89	93	94	89	94	90	95	88	95	94	95	96	90	95	89	90	90	87	95	93	87	95	97	88	93	93	93	93	88	96	91	92	91	96	92	93	90	93	87	95	90	94	93	94	92	92	90	88	90
61	59	54	62	58	55	56	63	57	60	62	58	60	62	60	63	61	59	57	60	63	59	55	56	55	56	57	62	63	61	58	61	60	55	63	60	58	64	56	62	55	63	64	63	61	61	58	61	61	55	55	59	59	55	57	62	62	59	60	62	54	54	61	56	58	59	60	57	58	61	61	63	55	59	56	54	60	55	56	58	54	58	61	60	59	56	59	64	60	59	61	55	60	56	56	62	63	61	60	64	57	58	56	55	64	63	55	57	61	61	54	59	62	59	54	63	57	62	63	61	59	60	60	62	61	57	59	62	55	57	57	59	64	64	61	59	59	57	61	60	59	58	59	63	56	62	61	64	54	64	57	58	61	56	60	63	61	54	57	59	60	60	56	58	58	57	62	59	60	57	58	60	61	60	61	56	56	59	61	62	61	55	58	58	63	58	62	62	61	61	59	57	62	63	61	60	63	62	62	59	55	59	61	60	58	59	59	54	54	55	56	57	61	62	57	56	56	57	60	62	62	56	56	63	57	54	60	58	56	56	56	57	59	63	64	55	57	55	54	59	54	61	64	55	59	57	63	58	58	60	60	59	64	63	55	62	58	62	61	60	64	56	57	57	55	61	58	60	57	62	55	58	58	58	55	60	54	59	54	64	62	60	63	61	56	59	60	63	61	58	61	56	64	56	54	61	63	63	56	60	59	58	60	61	55	57	62	57	61	56	62	64	54	55	62	63	62	57	59	55	62	64	61	64	54	62	58	57	56	57	60	60	55	61	55	58	58	64	56	61	59	56	59	59	56	59	57	56	58	62	57	58	59	57	61	59	61	59	62	58	63	60	56	55	59	61	60	63	63	55	60	57	56	58	55	57	63	58	56	56	59	59	55	62	63	61	62	60	57	60	54	64	63	57	54	59	62	59	59	61	56	63	57	59	55	58	55	62	59	63	55	63	56	57	62	61	60	60	56	59	64	57	62	62	55	62	63	63	60	58	55	55	57	63	58	63	61	55	63	56	62	59	57	61	63	59	64	62	61	63	62	64	56	60	64	54	55	55	63	54	61	63	55	63	62	61	58	54	62	59	60	61	57	62	54	58	60	56	54	59	58	59	61	60	55	64	62	57	63	59	62	60	63	58	54	60	63	55	56	55	62	56	57	59	58	63	62	61	61	62	58	62	64	54	63	56	56	63	55	60	60	60	58	58	54	61	64	59	60	58	56	60	57	58	57	59	56	63	57	61	55	61	57	55	57	63	63	63	64	57	55	55	58	63	57	55	57	63	62	64	60	63	55	60	60	57	55	56	60	60	62	60	60	60	63	64	60	60	54	56	62	56	63	58	60	62	57	63	63	60	56	61	60	61	59	59	54	59	59	56	62	61	55	63	64	56	64	55	56	59	61	56	64	63	61	56	61	63	55	63	62	59	57	58	62	64	64	56	54	58	59	61	63	55	61	62	59	58	55	56	54	59	61	63	63	58	56	62	60	64	59	59	62	59	55	54	61	63	63	63	59	62	55	63	61	61	56	63	59	63	62	58	55	64	59	58	61	60	56	61	56	63	60	60	57	63	54	56	59	58	63	54	63	54	62	61	59	57	59	60	58	57	61	63	64	64	62	62	61	56	59	59	56	59	58	57	61	55	59	63	54	61	59	57	59	62	54	62	59	54	54	61	60	57	58	61	58	56	59	56	55	61	62	62	60	60	61	59	61	58	62	56	62	63	60	60	55	58	57	59	60	60	56	62	63	57	55	63	62	56	61	64	57	54	59	57	55	62	61	62	60	63	63	62	59	57	56	58	59	61	57	58	62	56	61	58	60	60	61	63
79	77	76	74	77	78	80	79	75	74	79	79	77	80	82	82	80	76	78	77	80	80	76	82	77	74	75	78	78	73	73	80	75	80	80	75	81	77	75	75	73	78	77	80	74	83	82	74	78	83	78	78	77	75	74	79	73	79	74	75	81	77	77	79	78	79	76	76	75	83	82	76	83	74	81	74	80	83	79	73	79	80	80	82	78	82	82	75	75	78	77	81	82	79	74	80	80	79	80	77	82	81	77	80	76	73	82	79	74	82	79	76	81	81	83	76	79	78	77	82	80	74	79	80	75	83	79	78	75	80	77	76	81	80	80	78	74	76	75	81	82	81	79	77	74	75	76	74	76	82	74	81	80	82	73	77	75	83	80	80	80	82	79	82	73	80	74	79	75	79	74	76	81	74	77	77	76	75	83	78	78	82	77	81	77	73	80	79	76	76	75	73	80	82	78	80	76	78	81	73	73	80	77	77	77	82	80	76	74	75	80	80	76	82	80	80	78	80	77	81	79	80	74	80	78	75	76	80	82	81	79	79	78	80	78	79	81	80	79	80	80	78	78	76	73	78	82	74	76	81	79	75	75	77	77	82	73	74	74	74	79	75	76	81	75	79	82	77	82	73	77	75	79	75	80	75	82	82	74	77	74	83	81	78	76	75	80	76	74	75	78	81	83	75	80	79	83	73	80	78	83	78	82	78	79	75	74	77	75	79	74	82	76	81	80	79	78	79	73	75	81	83	78	78	75	76	82	82	73	74	76	78	74	73	78	74	79	74	74	73	77	78	80	80	78	83	76	80	77	79	79	80	76	82	82	74	80	73	78	82	74	76	78	78	77	81	80	75	76	75	75	82	75	76	80	74	76	76	75	76	82	81	80	77	77	76	75	76	79	82	75	82	82	76	79	76	83	75	73	82	79	78	79	80	78	75	81	81	81	81	79	79	81	81	74	79	80	73	79	82	82	75	79	76	75	82	74	79	77	76	80	76	81	80	78	82	82	77	75	77	76	77	80	79	78	77	78	82	80	80	82	74	81	77	80	78	77	76	76	79	77	83	77	81	74	76	76	75	76	74	77	75	80	77	81	77	77	73	83	78	82	74	78	81	74	77	78	74	74	79	74	77	77	77	81	82	82	74	81	74	81	82	73	81	77	80	73	78	82	83	77	79	76	82	77	83	77	74	82	78	78	75	83	75	76	83	76	82	80	81	81	76	75	74	77	74	76	83	82	77	73	74	77	81	75	82	76	77	79	82	80	73	81	73	75	74	80	80	73	82	77	79	79	82	82	73	80	82	75	80	76	76	75	82	79	76	79	76	75	81	81	77	74	80	78	77	77	74	75	76	80	83	78	82	75	79	77	80	83	80	76	74	80	79	81	73	80	83	73	79	76	80	80	76	78	81	83	76	80	77	79	80	75	74	77	74	80	75	75	76	82	73	81	78	78	78	74	81	79	75	82	75	78	78	80	75	82	73	82	75	78	83	82	79	76	79	80	76	83	75	74	81	81	75	82	76	76	80	81	78	81	73	76	77	81	82	79	73	80	74	82	78	75	82	74	76	74	78	82	77	78	82	83	76	73	82	75	76	82	80	77	75	83	74	76	74	77	75	75	79	82	80	77	73	78	73	82	79	74	80	76	82	78	82	81	79	76	76	83	74	78	75	78	77	75	78	80	82	77	78	78	81	79	75	76	80	78	75	83	77	80	82	79	74	81	74	79	76	74	75	81	78	77	83	79	81	75	74	80	81	76	73	78	74	82	76	75	79	81	77	82	81	82	79	74	78	74	80	75	82	77	82	77	81	80	76	81	74	76	82
83	90	87	87	91	85	85	85	86	85	88	91	89	87	83	84	90	84	87	91	90	82	84	88	87	90	84	83	84	85	89	84	84	86	85	89	91	89	82	88	88	88	85	88	91	83	88	91	85	89	87	85	83	89	83	88	83	91	91	83	88	91	82	84	89	87	91	91	82	87	92	87	85	85	91	88	88	91	84	91	87	84	91	89	92	86	91	84	86	83	86	87	83	83	84	85	91	88	91	92	92	90	91	86	88	87	87	87	83	86	85	82	87	83	86	84	86	86	85	83	92	84	87	91	88	88	92	87	89	87	83	86	88	83	85	88	90	87	87	84	92	86	85	92	83	83	85	83	88	88	85	84	85	92	84	83	91	88	87	82	86	84	85	89	84	84	83	91	87	89	91	85	82	89	86	86	90	92	88	92	88	84	85	85	90	86	84	90	92	86	91	90	92	82	86	84	88	91	86	91	92	91	84	91	89	87	86	91	87	82	91	91	91	91	92	88	84	88	85	84	87	87	83	85	86	88	90	87	83	90	90	84	83	91	88	88	85	85	90	87	92	90	86	88	86	85	86	84	86	83	89	91	86	86	83	91	82	92	85	87	91	87	85	86	89	92	90	87	83	88	85	86	84	87	89	87	83	84	88	87	90	82	88	89	86	90	87	82	88	90	87	83	87	89	89	92	84	92	90	92	91	86	84	90	83	86	83	82	84	89	82	83	83	86	83	84	91	82	85	87	89	85	90	90	90	88	87	92	83	87	92	88	89	91	85	87	92	83	87	86	88	90	89	91	82	88	84	83	83	91	91	87	85	83	84	83	89	86	83	84	90	83	84	84	87	92	86	89	84	88	85	86	86	85	83	83	83	85	84	90	90	87	85	84	85	84	89	84	90	89	90	83	91	87	91	92	86	82	84	85	84	89	92	87	85	87	85	89	87	90	85	82	91	91	90	90	88	87	89	84	90	90	90	91	82	87	88	87	87	89	86	86	83	86	90	87	84	86	92	84	90	90	90	85	90	85	85	82	85	88	85	82	86	86	82	84	83	92	91	87	84	91	92	83	90	85	86	85	83	83	91	91	91	92	88	87	87	87	92	84	91	90	83	88	85	92	84	89	91	87	85	88	83	92	84	85	85	90	87	82	85	83	84	84	83	91	89	92	91	86	84	87	92	88	87	92	83	85	86	88	84	85	90	88	90	85	86	83	84	87	82	91	88	90	84	83	85	89	84	89	83	89	86	85	84	87	84	87	83	88	83	86	83	83	84	91	84	87	83	87	92	83	92	91	83	88	88	89	91	90	89	89	88	86	84	83	84	84	85	84	84	85	91	89	86	88	91	89	92	87	84	89	82	85	82	83	87	82	83	85	87	92	84	91	92	88	87	86	83	86	90	91	84	87	89	83	92	86	84	86	86	90	90	88	83	86	82	88	88	89	92	88	83	87	85	89	92	85	82	89	85	86	83	87	91	85	90	84	86	85	90	82	91	91	83	88	90	83	86	85	91	85	83	92	85	84	87	89	85	92	88	83	83	91	87	86	84	84	85	85	84	86	86	85	91	83	86	91	91	90	84	84	83	86	91	85	87	91	87	88	88	91	85	91	85	88	84	88	83	89	83	87	84	87	86	86	83	90	87	83	90	90	88	82	83	85	90	86	83	83	90	88	86	86	86	90	85	91	84	84	86	90	91	88	87	88	85	91	89	83	82	88	89	82	84	89	91	89	89	84	89	87	83	82	87	85	85	85	87	92	91	90	89	89	82	84	83	85	87	92	90	85	85	91	87	88	82	85	88	86	88	90	84	85	92	88	82	90	90	86
104	104	97	98	101	99	97	98	106	106	102	98	98	98	100	106	99	98	100	102	102	105	98	100	103	103	106	106	103	103	100	104	105	105	99	103	102	106	105	105	105	102	102	105	105	99	97	97	103	101	103	106	105	100	102	98	98	102	100	98	98	100	101	104	105	106	102	102	104	104	101	105	99	104	106	102	100	106	106	106	98	101	102	104	104	99	103	101	103	105	102	99	104	106	107	105	100	101	100	100	101	105	99	98	104	106	105	105	102	98	99	104	102	97	98	98	104	101	99	99	107	107	103	102	104	106	101	101	100	97	99	98	104	99	99	98	100	104	105	107	103	103	103	104	101	103	102	100	106	103	99	102	105	107	103	102	106	101	105	102	98	101	102	100	106	98	101	106	102	102	107	98	105	98	97	101	101	98	107	104	102	104	99	101	105	104	102	104	104	98	104	107	100	106	104	103	100	103	100	104	102	102	104	99	99	98	103	102	99	103	98	101	99	102	101	104	98	98	100	107	106	105	102	97	105	100	104	105	104	106	97	100	98	98	102	102	106	98	102	107	100	102	101	102	107	105	98	97	98	104	99	99	104	100	98	103	97	106	106	101	97	105	101	105	99	107	106	99	105	107	100	107	106	99	101	105	107	100	101	97	97	102	107	102	104	105	101	104	103	99	106	106	107	107	100	106	103	107	103	105	101	98	101	102	98	97	103	101	106	102	101	100	105	99	99	97	98	98	98	98	99	103	107	106	99	101	103	99	98	100	105	107	99	102	100	98	104	104	104	97	101	100	98	107	100	101	104	103	99	106	102	103	104	103	106	99	101	100	100	100	101	101	107	100	97	101	99	104	104	100	100	100	98	101	102	102	104	100	101	99	104	106	106	104	103	104	101	100	102	100	98	98	98	101	98	107	103	101	105	101	106	99	99	105	105	103	105	106	98	103	98	98	97	100	107	98	104	103	101	100	102	104	101	100	102	99	105	99	97	98	100	100	104	101	106	101	100	102	98	103	99	97	105	100	98	106	101	103	98	98	97	106	103	106	98	99	101	101	101	102	101	106	98	99	97	103	97	99	98	102	101	103	99	104	106	103	103	102	105	103	100	106	106	105	100	98	106	106	103	100	106	107	99	106	100	102	101	102	105	102	106	104	101	100	100	104	104	98	98	99	105	103	106	102	103	106	106	102	103	100	103	97	100	104	103	99	105	106	103	104	102	98	100	97	98	106	105	107	100	98	106	99	101	98	106	104	98	104	97	98	102	101	98	105	103	103	97	106	106	99	105	102	105	98	99	101	99	99	104	107	98	98	99	103	101	104	107	100	100	98	107	103	103	98	101	103	105	98	100	98	106	100	101	102	105	98	100	99	102	106	103	104	99	104	99	106	105	104	102	101	106	106	103	103	106	102	107	100	104	101	102	104	101	98	105	100	100	102	106	105	102	102	107	101	100	104	99	106	100	103	100	101	102	104	98	105	101	104	104	102	100	107	98	106	107	104	97	103	102	105	98	103	98	101	99	102	98	106	102	100	107	103	99	106	99	100	103	98	104	98	99	100	105	99	105	107	107	103	97	100	106	100	105	101	104	104	104	105	107	101	101	101	102	104	99	104	107	106	97	105	99	102	98	105	102	107	104	103	103	102	99	103	106	104	105	104	106	98	98	105	100	98	103	107	107	102	100	103	99	98	100	101	103	102	99	99	100	105	106	103	100	100	107	104	103	102	99	98	98	104	102	103	104	101	103	97	101	104	103	103	105	103	105	106	103	103	101	102	103	105	104	105	101	100	100	98	98	106	98	105	102	100	107	103	106	106	106	99	106	101
27	23	22	28	22	28	23	26	24	23	28	22	27	28	21	30	23	27	26	23	28	28	28	28	29	22	22	28	30	29	26	28	28	24	29	21	22	25	23	25	30	23	21	28	27	29	27	23	24	29	27	31	23	23	30	31	28	22	24	26	31	25	25	30	28	25	28	23	23	21	28	25	29	31	31	30	27	28	30	28	23	31	23	22	22	29	25	30	28	24	27	30	23	28	24	25	25	26	29	30	29	23	25	26	24	28	24	27	25	30	29	29	24	22	24	22	28	23	25	23	22	29	25	25	30	26	27	25	25	31	26	25	23	30	30	24	26	23	28	26	22	28	28	23	28	28	28	22	23	28	28	22	27	29	30	28	31	28	26	23	30	27	25	31	28	24	24	26	23	30	30	29	30	28	28	31	24	25	31	26	22	27	30	27	31	28	30	26	25	28	23	30	25	22	31	29	24	29	25	29	27	27	21	27	23	29	30	31	26	22	23	22	28	27	28	30	22	23	29	23	22	24	31	26	28	29	23	25	24	24	23	31	24	31	31	24	24	22	21	21	24	27	31	22	30	23	30	24	25	26	28	27	24	21	27	30	28	29	29	29	26	29	30	26	24	24	22	25	29	24	26	24	30	22	31	26	31	22	23	25	23	21	22	26	26	26	28	23	31	31	27	28	26	29	25	22	26	28	27	23	23	28	24	23	29	29	26	24	23	30	28	31	28	25	30	29	29	27	26	31	27	28	31	23	24	30	26	31	21	30	31	28	24	22	26	25	24	25	28	30	28	30	30	23	30	25	23	26	21	22	23	27	29	31	30	22	23	27	28	23	24	28	24	31	29	26	25	29	22	30	25	25	22	25	24	24	28	30	28	29	25	27	30	23	29	30	30	22	22	24	22	27	26	28	28	31	22	29	29	26	28	30	28	30	24	30	27	28	22	30	30	22	29	30	25	22	25	24	21	26	27	23	25	31	23	25	26	23	24	22	23	23	28	30	26	30	25	29	28	24	26	31	27	25	23	25	23	21	28	26	22	30	28	23	30	28	28	31	24	23	25	30	31	24	25	26	25	25	28	26	30	24	21	23	28	22	30	28	25	22	31	25	29	24	27	25	29	22	26	26	25	26	23	23	22	27	26	27	26	28	23	30	22	26	30	24	28	29	24	29	24	26	24	27	30	23	29	29	25	24	27	29	26	30	30	29	27	29	25	21	25	21	21	31	25	31	27	28	23	28	27	28	28	22	25	27	26	31	26	24	27	23	30	29	24	29	22	21	27	30	25	21	26	26	24	23	26	29	27	22	22	23	26	28	24	24	21	28	30	24	26	25	23	24	30	27	24	31	25	23	22	30	25	31	27	28	21	28	24	21	21	28	31	23	25	27	21	27	24	27	22	24	31	29	28	30	29	31	23	24	28	23	26	24	29	31	23	26	28	26	30	27	28	25	29	29	23	25	24	29	25	31	24	29	23	27	28	30	26	22	29	28	31	24	25	23	24	21	29	22	23	31	22	23	22	21	26	30	24	26	22	24	27	24	25	21	28	26	27	27	29	24	28	25	25	22	25	30	29	26	24	28	31	26	21	30	29	27	24	25	30	29	31	22	30	30	31	28	29	29	23	30	22	27	27	31	28	27	29	27	25	26	26	28	30	30	28	24	27	23	24	28	29	23	30	25	29	24	26	23	27	25	25	30	28	29	23	29	28	31	22	29	23	23	25	21	22	23	29	21	23	26	21	21	30	31	22	24	26	25	23	24	23	23	29	27	22	21	24	22	21	23	24	21	21	29	28	27	28	21	26	26	29	30	23	27	28	27	25	23
67	68	69	75	70	75	70	70	73	68	66	74	68	68	72	69	69	72	71	71	74	69	71	66	67	70	75	71	70	66	67	71	67	69	65	66	70	65	73	67	69	75	66	72	73	70	70	74	74	71	72	69	72	72	72	71	69	66	74	71	69	68	68	66	71	71	70	74	65	73	74	72	75	75	70	68	75	67	73	74	69	73	74	68	68	65	75	69	68	69	74	66	72	72	74	65	71	75	69	74	70	70	66	67	74	68	73	74	69	67	71	71	68	68	73	69	67	70	65	66	71	69	70	73	67	73	66	67	74	70	75	70	73	68	73	65	69	69	70	73	74	73	66	73	71	72	75	67	70	68	67	67	70	68	69	67	65	71	65	65	68	73	74	66	69	72	72	66	72	67	65	75	73	66	69	68	70	66	68	71	69	70	67	66	66	67	67	67	71	66	72	67	67	72	73	74	72	70	69	70	74	73	70	74	70	69	67	74	74	71	70	75	71	72	69	74	74	70	72	66	69	68	72	74	67	70	67	68	74	68	67	68	72	70	74	74	70	69	74	75	72	69	70	65	72	73	72	66	70	70	67	68	70	70	75	75	66	71	67	68	74	73	73	72	71	73	69	67	71	73	74	74	71	73	65	75	71	65	72	73	73	72	66	65	70	71	74	71	72	74	67	66	68	70	71	74	73	72	72	68	72	67	68	68	66	66	71	69	73	65	72	70	71	67	71	65	73	69	68	66	72	69	72	68	66	70	72	73	71	69	75	67	70	66	72	66	73	69	72	75	71	75	73	66	68	73	75	68	74	67	66	68	67	73	71	67	68	73	67	75	72	70	65	70	68	74	68	68	66	68	67	68	66	69	74	67	75	74	73	69	74	71	69	68	69	71	72	72	73	71	69	67	71	73	69	73	71	73	69	68	68	65	72	68	67	69	66	66	71	71	67	72	66	68	66	67	72	71	66	68	72	68	74	66	65	73	66	72	73	75	66	71	74	68	73	74	68	68	72	74	71	67	73	67	70	73	72	70	67	69	72	69	68	66	74	71	66	69	68	69	67	69	70	66	74	71	69	69	67	65	67	69	73	68	71	71	72	74	66	72	72	66	67	70	73	74	67	74	68	69	67	72	65	72	75	71	74	71	69	65	71	71	73	75	68	68	69	72	70	73	73	71	68	66	68	68	69	66	73	71	68	73	74	72	69	74	65	70	73	73	75	73	69	67	69	72	70	72	71	67	70	69	66	74	66	68	74	69	68	74	74	70	74	74	67	65	72	70	74	67	66	75	71	74	65	75	67	73	73	66	72	72	68	71	68	67	67	66	75	73	65	71	66	67	66	72	69	68	68	75	69	72	66	66	72	74	66	69	71	68	73	66	69	70	68	69	71	74	67	74	70	68	73	72	68	70	73	75	72	71	71	75	73	70	67	67	67	72	70	72	71	73	68	67	71	75	67	66	70	67	69	67	70	69	69	72	74	73	67	74	74	72	69	69	73	73	70	70	65	73	73	71	66	69	75	67	72	69	67	71	68	71	74	75	70	69	66	75	70	71	68	68	75	66	74	69	68	66	71	75	74	74	66	66	67	69	74	72	65	69	74	71	66	67	66	72	71	73	68	67	72	66	70	75	70	66	72	66	74	66	74	71	68	73	73	73	72	73	69	66	70	68	69	73	74	67	68	74	71	73	68	68	69	67	70	72	69	68	73	73	68	66	69	74	75	67	73	70	66	75	66	72	73	68	75	75	75	68	66	73	68	65	65	75	71	65	72	71	67	69	73	69	69	65	75	68	70	71	67	70	70	68	72	72	69	73	69	74	73	69
28	30	26	28	24	31	25	33	25	31	27	28	28	25	30	27	30	27	30	23	33	23	26	28	32	29	27	28	28	26	27	32	28	27	31	32	25	28	29	26	28	28	30	26	24	29	32	23	33	31	23	24	28	28	29	32	29	32	26	33	26	30	32	27	27	31	30	27	30	29	25	27	32	27	31	25	24	26	33	28	24	31	30	25	23	26	29	29	24	31	28	33	27	29	25	32	27	33	26	27	25	33	24	24	31	26	24	29	32	26	26	26	27	27	30	27	26	31	32	31	25	24	32	32	29	24	28	25	30	27	27	24	24	25	33	32	29	30	31	31	27	25	30	31	30	26	26	24	33	23	32	26	32	24	27	29	32	23	31	33	29	24	29	29	23	29	23	30	30	32	31	31	29	25	24	29	26	24	30	28	25	33	25	27	23	23	23	28	27	28	33	30	33	29	24	31	30	31	32	28	25	28	25	31	33	23	26	28	33	31	31	27	25	30	24	30	31	33	30	29	25	27	28	32	33	25	29	30	33	29	29	25	28	31	28	29	25	24	31	29	26	33	30	23	24	24	33	31	24	29	30	29	29	32	32	28	29	24	24	27	23	23	25	32	28	28	27	26	28	33	29	24	31	28	32	33	31	30	26	30	24	30	30	24	26	23	33	23	26	32	31	26	26	32	30	30	31	32	29	28	28	24	25	27	29	25	27	26	31	23	32	32	26	32	27	26	23	26	27	24	31	25	29	23	24	31	27	26	32	26	29	24	32	29	24	24	31	28	28	31	32	24	28	26	27	25	32	31	27	24	25	27	27	28	31	30	24	31	29	32	28	28	27	24	27	32	24	29	31	29	24	24	31	31	23	32	27	32	27	27	31	28	31	32	23	24	24	26	23	31	28	24	31	28	26	28	27	30	31	32	30	29	32	24	24	24	33	31	32	24	27	26	24	24	23	33	27	25	28	23	31	29	24	26	28	27	29	31	26	24	28	31	32	24	23	24	33	30	32	23	30	28	23	33	27	33	32	30	25	31	25	31	32	31	30	28	25	29	29	31	26	26	26	27	29	30	30	33	25	29	25	32	31	23	25	26	33	28	32	26	27	30	32	27	25	30	26	28	32	24	30	25	23	27	29	30	32	29	26	25	23	24	32	29	27	30	23	23	31	32	28	26	30	28	26	26	28	31	26	24	29	27	27	27	23	29	27	30	24	25	31	28	26	25	28	29	27	29	24	29	26	27	25	24	24	25	29	27	32	24	33	27	29	30	25	26	33	24	32	24	29	24	25	24	25	32	24	27	26	27	24	26	31	26	24	28	29	24	31	24	29	31	33	33	32	31	32	24	30	26	33	32	30	24	31	28	27	27	24	26	24	27	25	28	30	31	28	27	32	32	28	24	25	31	29	30	26	25	30	32	25	32	31	25	30	23	29	26	31	32	32	25	24	23	33	27	31	29	30	27	32	32	31	28	28	25	29	31	31	23	23	25	33	23	33	27	27	33	30	28	24	26	28	30	26	28	30	28	29	28	31	31	33	32	32	28	29	32	28	25	26	23	29	25	26	28	32	24	30	32	27	28	23	25	31	25	24	28	25	25	28	32	24	31	25	24	29	26	29	26	30	32	33	33	24	31	25	27	24	31	27	28	28	27	27	25	30	26	24	32	23	31	26	33	28	31	25	24	29	33	25	24	24	25	25	32	33	27	25	29	29	30	26	30	28	24	30	23	25	25	26	27	25	29	31	24	24	33	31	31	29	26	31	31	26	26	30	33	29	33	27	29	25	31	32	26	27	30	32	29	23	30	31	24	26	27	28	28	29	29
40	43	40	42	40	37	39	36	40	36	40	40	46	46	41	39	42	45	45	40	40	44	41	41	45	42	37	41	43	42	41	40	44	40	41	40	42	37	44	38	44	37	39	45	46	42	44	45	38	40	36	36	45	46	42	40	45	43	39	38	40	37	40	39	44	42	43	41	38	46	40	40	38	38	44	42	44	37	38	37	42	39	46	43	44	39	36	39	44	37	39	45	41	41	37	45	40	40	45	41	43	38	39	42	39	42	37	43	43	40	37	46	45	40	42	44	41	46	37	44	43	39	38	40	45	42	39	42	44	41	44	44	44	43	37	41	41	46	45	46	41	36	44	38	40	46	38	42	43	44	44	37	46	43	40	40	38	40	38	45	38	40	39	42	38	42	37	46	41	41	44	45	39	44	36	39	38	39	42	44	41	42	39	39	36	40	45	37	45	44	43	41	37	45	38	43	46	40	36	36	38	39	37	44	42	38	42	45	40	42	37	37	42	39	37	37	38	43	45	39	42	44	37	42	42	40	41	41	38	40	46	44	37	37	45	37	45	41	37	42	42	37	38	37	41	39	44	38	43	43	37	45	45	38	42	37	42	39	43	39	38	43	38	43	45	40	37	41	46	44	41	40	43	46	37	39	45	40	42	45	40	41	38	38	38	44	36	40	42	37	38	42	40	44	36	44	41	44	36	44	39	41	43	45	43	44	45	39	40	37	46	44	44	46	38	44	42	44	44	46	42	43	44	41	44	44	43	38	38	38	42	38	39	45	36	40	41	38	45	43	42	37	42	43	45	43	45	41	38	43	37	45	44	41	42	44	43	42	45	39	37	40	43	36	38	45	43	44	42	44	43	37	40	36	41	37	40	41	39	38	44	40	41	44	40	42	39	43	43	39	40	39	46	36	45	43	38	44	46	39	38	39	37	39	37	37	42	44	44	37	38	37	42	40	42	39	41	44	43	38	45	43	38	46	46	41	45	41	45	43	42	46	41	39	46	45	39	45	42	36	41	43	45	43	40	41	41	37	44	46	37	44	37	41	42	37	42	43	45	40	39	41	40	45	39	42	39	43	38	43	42	41	36	40	44	46	45	45	42	36	40	38	37	38	41	41	42	43	39	36	37	46	41	44	37	36	43	39	42	37	40	42	45	37	41	36	43	42	43	44	38	44	42	41	43	38	41	40	46	41	44	37	38	46	45	42	42	40	42	40	44	41	45	41	45	40	40	45	45	45	44	38	39	39	43	45	37	45	41	36	40	45	39	42	43	44	45	37	40	40	44	43	39	37	41	36	43	36	40	42	40	37	39	43	38	40	42	44	40	44	45	41	41	37	44	44	37	45	43	44	45	40	36	42	42	41	37	44	45	45	46	41	44	38	38	45	46	40	46	39	41	41	46	42	38	43	45	43	46	41	44	41	46	38	39	46	40	42	43	40	43	38	43	41	40	39	42	39	42	39	42	39	39	45	45	41	38	44	46	40	38	43	43	37	38	37	39	45	43	44	40	38	38	41	46	37	37	37	45	42	42	41	44	43	38	39	45	45	42	43	37	37	45	41	38	46	43	44	38	41	39	43	43	40	38	38	42	36	40	38	36	42	43	41	37	37	41	41	36	43	40	45	42	45	38	42	42	45	38	45	38	36	45	46	45	37	41	43	38	46	45	45	43	39	38	46	43	43	45	41	44	40	44	40	37	37	40	45	40	41	45	40	44	39	46	40	44	45	39	40	43	44	41	40	45	37	38	42	40	45	38	44	43	41	37	44	44	43	41	42	42	38	45	45	45	43	45	40	42	45	46	36	38	40	37	44	43	38	41	40
63	62	60	67	63	65	61	67	62	60	64	61	62	64	59	64	66	65	63	67	63	65	67	63	62	60	66	63	66	62	67	59	60	68	64	67	68	63	68	60	60	61	61	68	59	69	66	68	66	64	65	64	69	67	61	63	65	68	65	65	68	64	68	63	62	62	64	60	62	65	63	63	66	68	64	60	63	64	63	69	66	66	60	68	63	66	69	64	61	68	61	69	63	66	64	67	68	62	59	65	63	60	63	67	62	67	65	67	69	60	65	68	62	65	63	64	65	61	68	66	65	65	66	59	64	61	68	69	64	65	62	65	62	66	62	69	63	60	61	59	68	64	69	65	66	65	69	60	66	65	66	62	63	62	59	62	64	66	63	65	65	63	59	64	62	60	67	61	59	64	67	62	68	68	62	67	65	61	63	67	61	67	65	59	68	68	67	65	68	61	63	63	59	61	60	67	66	60	59	63	65	62	68	62	60	67	63	62	62	67	64	61	60	60	59	63	68	61	60	61	60	65	67	62	65	65	62	60	63	63	69	62	65	69	65	62	64	63	62	61	59	65	67	62	69	67	69	61	60	66	62	64	61	68	59	67	63	67	59	60	60	61	66	67	61	63	63	65	59	63	60	61	63	68	66	60	68	66	60	66	68	65	66	63	62	67	62	66	68	60	60	67	64	67	63	65	66	66	60	61	62	66	67	66	60	68	64	60	64	64	61	60	68	65	63	66	60	59	64	61	63	64	63	66	63	59	63	63	61	67	60	63	65	60	62	66	66	63	66	62	59	67	67	61	61	67	62	65	69	67	60	66	65	66	69	61	68	65	63	68	62	60	62	60	59	65	60	65	60	64	65	68	61	67	64	61	59	60	67	66	66	67	68	67	61	64	68	67	68	61	66	63	65	62	64	65	65	67	67	61	61	61	68	68	68	68	65	68	61	60	66	67	60	68	64	60	62	64	63	67	67	66	60	60	69	60	67	60	69	63	61	64	66	61	66	66	67	62	67	60	68	62	66	66	61	61	63	61	63	65	65	69	63	59	62	61	63	65	65	66	66	64	68	59	61	66	67	66	66	65	63	61	63	62	64	60	64	61	65	64	65	67	60	68	61	60	63	64	60	66	64	68	66	62	61	61	65	61	68	61	61	65	65	65	66	63	64	63	66	65	67	64	68	60	61	62	66	68	61	62	66	62	67	63	60	68	64	60	63	67	63	68	68	67	62	64	66	67	69	62	60	61	65	66	65	64	63	61	61	59	61	61	65	60	62	61	65	61	61	63	64	67	63	65	67	62	66	62	66	68	61	64	63	67	66	64	67	62	66	64	63	63	64	66	64	67	63	66	61	64	66	67	64	59	61	67	62	63	61	64	60	62	65	65	63	62	66	62	61	64	64	60	69	66	69	68	60	66	63	67	61	65	67	62	66	69	65	59	59	66	59	63	63	67	68	67	67	66	63	64	61	68	63	62	68	67	62	61	66	68	67	63	64	67	67	66	68	68	67	66	65	64	67	67	68	64	61	67	67	59	68	62	63	67	63	63	64	60	63	64	67	69	64	65	66	68	65	61	66	63	68	66	62	62	64	62	60	60	59	65	62	65	62	65	61	68	65	67	65	63	60	65	59	60	67	65	68	60	62	62	64	64	65	61	60	61	65	65	61	64	62	66	60	61	62	61	67	63	66	64	65	60	62	63	63	62	64	61	60	59	64	60	63	59	60	64	61	66	65	68	69	60	64	65	60	60	67	61	61	69	65	61	68	59	62	68	61	60	60	67	63	64	60	67	63	68	61	63	59	59	63	65	68	60	61	66	66	69	63	62
24	34	30	28	28	28	25	32	33	31	34	26	28	29	32	25	24	31	32	25	27	30	33	32	32	33	29	26	31	25	33	26	25	27	27	30	26	33	33	32	34	27	34	27	33	34	33	33	28	25	27	26	31	27	32	28	27	26	29	27	27	24	32	31	30	27	34	25	25	27	24	33	29	29	31	32	26	33	32	30	32	24	27	25	25	27	30	25	25	31	28	30	27	34	30	26	34	29	32	26	30	30	25	33	29	25	33	27	27	29	33	30	30	27	33	26	25	29	28	26	33	27	27	27	30	29	32	32	34	32	26	27	27	32	34	25	27	28	33	28	31	28	25	28	28	25	33	29	33	25	32	33	32	25	27	28	28	33	34	31	29	25	25	33	27	27	27	34	32	25	33	25	30	25	28	34	25	28	30	30	25	28	31	31	33	30	30	29	30	32	32	25	32	24	26	32	28	24	28	30	33	25	32	30	28	28	27	33	33	28	30	30	29	28	27	26	26	30	26	26	26	33	34	27	26	25	29	26	26	26	30	27	26	24	30	31	25	30	24	30	29	29	34	25	33	28	27	30	27	28	29	27	31	33	31	31	25	26	34	31	28	25	25	26	29	29	30	30	27	30	26	32	32	26	32	30	25	34	28	32	25	34	25	24	29	30	25	27	34	25	34	26	33	27	27	31	32	24	33	32	31	24	24	28	34	32	28	31	29	31	26	33	30	26	25	30	28	32	30	31	28	28	27	29	24	25	28	31	32	27	27	26	29	33	26	27	24	31	30	28	25	30	29	26	34	27	33	25	34	33	27	34	24	32	29	27	29	30	30	31	25	34	24	33	31	25	27	27	33	30	27	31	33	26	26	29	24	31	28	33	27	34	29	30	29	28	33	29	31	25	27	27	28	25	26	27	27	29	30	29	32	34	31	28	24	32	30	29	28	27	30	30	30	26	34	32	27	34	27	26	34	28	32	29	30	25	28	30	28	29	25	29	25	34	26	26	33	26	29	28	25	26	32	25	29	32	33	33	34	32	25	33	30	25	29	24	28	30	24	27	34	26	28	27	26	25	34	26	27	26	31	34	29	26	34	34	32	33	32	26	29	28	27	29	25	32	27	31	27	25	31	29	32	25	28	33	32	32	32	24	32	30	33	30	34	27	26	24	28	29	28	33	32	29	25	25	31	30	24	29	32	33	32	25	29	30	33	31	29	32	27	29	32	32	30	33	31	29	33	32	32	28	26	24	28	26	28	27	25	27	30	32	29	26	30	29	32	27	32	24	25	31	30	34	29	29	33	24	27	31	32	33	29	28	31	31	26	32	34	29	33	26	32	27	26	29	34	34	30	30	27	31	25	30	34	32	25	30	29	26	28	34	27	33	32	28	30	29	29	25	30	29	28	31	31	31	33	28	27	25	33	27	29	30	25	24	32	28	27	34	28	30	29	29	29	30	30	25	25	32	33	24	29	27	33	31	27	32	31	25	30	29	25	26	26	28	27	31	25	31	33	26	24	29	29	25	33	32	27	33	31	26	24	32	30	31	34	30	33	33	32	28	25	31	26	29	27	32	31	24	28	30	27	27	25	32	31	32	33	33	25	29	28	29	24	25	25	25	30	29	30	26	31	25	25	24	25	25	30	26	24	33	29	34	34	33	29	29	26	27	28	28	33	29	34	26	33	33	28	27	31	30	28	31	34	29	27	32	26	26	26	30	26	32	33	28	24	31	25	25	25	33	28	28	25	29	26	25	31	29	26	24	31	33	31	32	25	34	27	25	29	27	34	33	27	24	27	33	32	33	27	34	28	33	26	29	26	34	28	29
98	99	95	95	96	97	92	92	93	98	96	92	93	98	98	91	96	91	97	96	90	100	94	96	95	96	98	92	96	90	97	97	99	100	91	99	96	94	99	95	99	95	93	97	99	90	97	95	91	100	97	92	96	96	96	95	96	95	91	99	95	91	91	100	98	94	97	95	99	91	100	91	97	91	91	98	96	92	95	94	90	94	92	95	94	97	99	96	90	95	96	92	98	95	97	95	99	90	90	91	94	97	95	97	99	93	93	99	93	93	95	95	90	96	93	95	96	96	96	93	91	94	99	90	91	94	93	92	93	94	91	99	93	92	97	91	95	95	94	98	94	90	100	93	92	90	93	91	92	97	90	96	96	91	95	99	91	98	98	95	97	100	97	97	94	96	92	95	91	91	97	94	95	94	95	93	97	93	98	98	95	97	99	92	96	98	95	95	94	94	94	98	91	98	96	92	98	95	90	93	95	97	94	95	95	94	95	93	99	91	93	96	94	97	98	96	99	96	97	92	91	94	94	97	98	94	92	97	91	98	99	98	98	91	96	93	98	96	93	94	94	93	96	97	91	92	94	93	97	95	99	91	99	93	98	99	99	98	94	98	93	94	93	98	93	95	98	91	99	94	93	90	91	98	93	92	92	97	93	92	99	93	94	94	99	96	98	95	91	90	96	91	90	99	93	100	94	96	96	93	95	94	94	98	91	93	96	95	91	90	93	96	92	97	93	94	96	91	94	100	93	96	94	97	95	94	91	99	93	100	91	99	92	98	91	95	98	98	95	92	97	99	98	98	94	99	96	97	99	98	98	91	92	95	99	95	94	95	97	91	95	93	96	97	97	94	90	94	92	93	100	99	92	98	91	93	93	99	99	97	94	91	92	92	96	98	100	98	92	99	91	92	98	93	97	96	92	96	95	100	90	95	100	94	92	94	98	92	98	94	96	99	93	91	92	95	95	99	94	94	100	96	98	98	90	95	96	97	91	90	98	95	96	98	92	95	97	94	97	99	92	99	99	90	90	91	91	100	99	94	94	91	93	99	93	93	91	92	97	91	93	91	93	98	98	96	91	93	91	96	98	96	91	93	95	93	93	95	97	92	92	98	96	96	94	98	92	100	92	99	97	97	94	93	93	97	95	93	91	95	96	91	94	98	97	93	90	99	99	97	99	100	93	100	94	100	93	90	93	100	99	92	97	95	97	99	94	99	95	91	96	95	91	90	98	98	91	98	98	92	92	91	97	94	100	94	91	93	99	98	97	94	95	94	95	98	91	98	96	94	96	98	91	93	99	93	93	94	91	93	97	94	100	91	90	98	93	93	91	96	94	90	98	90	98	90	99	94	92	92	94	91	97	95	93	95	98	95	95	92	98	90	95	96	95	95	96	92	90	93	96	98	97	95	94	98	92	99	91	99	93	99	94	98	90	97	96	99	97	96	95	94	97	97	95	91	97	97	95	92	94	95	96	100	91	99	97	93	95	99	96	97	90	91	97	94	95	93	97	91	93	95	93	93	96	99	95	96	97	98	93	94	95	97	100	100	91	99	100	95	94	92	96	92	93	92	97	92	96	91	91	98	93	96	96	91	92	94	99	95	97	97	98	97	98	97	91	95	94	96	97	93	97	98	98	91	95	99	99	98	92	100	98	92	93	91	91	92	92	92	97	93	93	95	97	95	92	98	98	99	95	97	93	100	93	96	91	93	92	90	95	96	99	99	91	90	93	92	97	96	95	92	99	95	91	94	98	99	90	93	96	97	96	92	99	99	95	93	98	92	94	97	98	94	95	92	95	100	93	97	98	97	91	95	97	94	96	100	99	100
57	60	54	53	56	56	58	57	55	60	53	55	59	55	57	56	56	61	55	57	61	60	57	59	58	53	61	58	62	62	60	59	60	62	53	60	60	61	59	62	54	61	59	60	56	54	53	57	53	55	55	54	53	57	60	53	60	56	58	59	56	60	53	58	52	56	59	58	52	58	52	61	54	58	56	58	58	55	61	54	55	59	52	58	53	57	56	61	53	60	53	56	57	53	61	54	62	61	59	57	52	56	54	59	57	56	57	53	61	62	57	58	56	61	62	52	53	57	52	60	53	59	54	55	53	54	54	53	56	59	60	59	58	58	62	52	55	54	61	59	54	56	58	55	53	61	60	56	57	53	62	58	61	58	59	60	54	61	59	57	53	55	53	58	57	53	56	56	58	53	56	53	60	58	58	56	52	61	57	54	53	52	58	61	57	57	53	53	57	57	54	52	59	60	59	53	62	60	56	53	53	54	60	54	61	55	58	54	55	52	57	55	56	58	53	52	56	59	59	55	56	59	61	54	58	53	57	56	59	61	53	60	54	58	53	54	59	60	57	53	61	60	59	57	59	57	52	59	61	53	56	60	55	59	59	53	52	54	60	56	56	59	56	55	52	53	54	62	54	61	59	54	53	59	55	60	61	53	56	58	60	54	60	52	54	57	58	54	55	56	53	61	52	53	55	57	56	52	54	57	58	61	60	56	61	54	57	54	56	58	59	54	52	59	59	59	52	55	62	55	57	55	55	56	57	60	59	55	58	56	60	60	54	61	54	59	57	55	53	56	62	55	58	55	58	53	60	55	55	61	52	60	59	52	57	56	54	59	52	60	62	62	52	61	56	59	56	58	53	62	57	54	60	56	54	61	57	54	58	60	62	61	57	61	59	54	54	55	61	61	56	57	52	56	58	53	52	58	57	60	62	58	52	60	55	61	60	58	59	59	53	60	55	55	57	58	55	58	57	54	60	56	60	56	55	61	58	52	62	59	61	56	53	59	56	61	58	59	60	61	61	59	55	58	58	57	53	58	56	55	61	58	55	59	58	54	56	54	57	59	55	59	55	53	57	56	57	61	60	56	54	54	55	58	62	53	61	61	62	53	56	58	61	56	61	60	57	59	58	60	61	56	59	52	53	55	60	59	54	56	55	55	56	55	57	61	53	58	52	54	61	54	61	56	55	55	59	59	57	60	54	58	57	62	57	57	61	52	61	57	62	54	56	54	55	60	60	55	52	58	60	53	61	59	55	60	58	57	59	62	60	58	60	57	59	61	62	54	59	61	55	58	59	58	54	56	56	59	58	60	58	61	54	54	54	59	57	58	55	60	62	55	55	53	62	52	57	58	54	53	55	60	59	52	59	59	61	58	54	58	59	56	60	53	53	54	53	55	60	53	60	61	54	59	54	59	60	55	54	53	56	56	59	53	59	56	60	59	55	56	53	54	60	61	59	53	61	61	61	52	58	54	61	60	57	60	62	59	58	52	58	56	59	52	58	59	58	61	52	54	54	56	60	54	53	57	56	55	54	54	61	58	54	60	59	60	53	56	58	54	56	60	53	59	53	56	62	58	57	57	56	53	60	55	54	55	58	54	58	58	53	57	57	59	56	53	61	59	55	58	54	62	56	55	53	60	62	54	52	56	52	54	54	58	59	56	56	59	59	62	57	56	53	58	57	62	53	57	54	56	56	53	61	59	52	61	54	60	61	57	58	59	59	54	53	58	55	60	53	55	61	55	54	55	62	55	59	57	56	57	59	55	60	56	52	59	58	58	53	60	60	58	52	61	54	55	59	55	57	55	59	56	57	56	62	57	57	58	53	56
59	66	69	60	60	62	60	65	60	67	61	67	65	69	60	60	67	65	59	69	65	66	66	65	61	59	60	61	66	65	66	64	67	67	68	66	66	69	65	67	67	67	67	66	63	66	69	63	60	59	64	60	66	67	65	61	65	60	67	63	60	60	69	66	69	66	66	60	63	62	63	67	61	67	67	62	60	66	65	67	63	62	64	61	69	63	62	60	68	63	62	64	61	66	67	64	63	65	64	69	64	59	65	63	63	61	63	64	62	67	69	66	61	63	66	69	61	66	59	62	64	60	60	66	69	65	63	67	66	63	66	68	69	61	59	61	62	66	63	61	68	64	67	62	64	63	59	68	63	61	66	68	69	65	67	67	61	60	64	69	60	59	65	60	60	66	59	63	59	63	63	68	67	60	66	61	61	65	64	68	67	64	60	67	60	59	66	62	64	68	67	63	67	66	62	68	60	64	61	67	59	67	65	67	64	60	65	60	61	61	62	67	60	66	65	69	64	66	64	66	68	65	66	61	67	60	63	62	60	62	61	68	63	66	67	63	61	62	59	62	63	65	62	60	59	66	65	60	63	63	66	63	65	63	62	69	65	59	66	67	63	63	63	67	67	61	67	61	69	67	60	66	60	64	67	67	65	60	64	69	68	67	64	64	66	67	59	61	67	65	67	61	60	64	60	60	61	62	60	63	69	66	62	69	62	60	62	60	59	60	64	66	68	63	64	67	65	60	63	65	63	65	59	67	68	64	65	68	67	63	67	64	61	66	60	63	65	63	63	63	66	68	65	64	66	63	62	60	62	67	63	61	64	67	68	62	68	61	68	64	63	63	66	60	62	60	67	63	68	60	62	63	61	61	67	62	62	59	65	63	64	66	67	60	61	62	66	63	68	67	64	69	66	67	61	61	62	64	61	68	65	65	69	61	59	65	60	69	64	68	63	60	69	67	60	67	63	63	64	63	63	65	63	62	61	63	63	62	60	69	69	60	63	63	69	66	61	69	68	61	61	63	66	68	68	64	65	67	61	59	62	63	66	68	63	69	64	59	59	65	68	64	64	64	60	64	60	62	59	61	64	60	64	64	64	61	69	68	62	61	59	64	69	66	65	61	66	62	64	68	65	65	64	63	68	66	62	67	65	65	66	64	63	62	67	66	69	63	67	61	59	65	66	61	62	63	63	61	59	60	64	66	63	60	68	67	62	69	69	68	65	65	65	65	67	64	60	60	67	63	60	60	60	59	67	61	61	61	61	66	59	62	64	67	61	59	63	60	68	68	63	69	67	63	68	64	68	66	61	67	62	67	61	67	65	64	64	60	60	67	65	66	69	63	66	61	68	59	62	65	63	66	64	66	64	59	65	63	69	60	65	59	68	69	66	63	63	66	65	69	65	69	67	67	66	68	65	59	61	65	67	68	62	62	69	63	65	60	65	61	61	63	67	59	68	68	63	68	65	62	67	61	61	63	62	63	63	68	60	65	60	66	66	59	61	67	62	68	66	59	61	61	64	61	61	64	59	60	61	67	69	64	67	60	68	63	62	65	60	68	66	65	65	64	68	61	61	68	66	68	63	66	63	60	60	65	68	62	61	67	68	68	61	62	60	62	68	60	63	64	65	66	68	67	60	64	68	62	68	69	62	60	68	60	60	62	66	61	61	62	64	59	68	63	68	68	68	60	60	66	59	65	69	66	64	60	62	60	66	62	59	67	63	61	64	60	61	65	66	61	66	64	64	62	61	66	68	63	63	59	60	66	67	59	66	61	61	63	61	65	62	66	62	69	69	65	68	63	68	60	65	66	69	68	68	61	66	64	62	64
54	51	51	52	54	52	51	52	51	53	57	54	50	54	49	48	53	56	55	51	56	51	55	57	57	57	51	48	49	54	54	51	54	52	55	54	53	50	53	52	56	51	57	52	49	54	53	52	50	49	52	57	53	51	49	55	51	56	52	54	57	49	50	53	57	48	53	53	56	55	56	53	56	51	53	48	52	57	53	48	50	53	48	55	55	51	55	56	54	52	53	53	51	53	48	49	51	55	50	55	53	55	57	53	49	57	58	57	54	55	51	53	55	49	49	52	53	57	57	51	58	58	52	51	49	49	55	57	58	49	56	56	58	51	57	51	53	54	52	58	56	50	57	50	56	54	49	50	56	55	57	57	56	50	57	56	58	52	53	53	58	56	55	51	57	50	52	49	57	50	54	55	58	53	52	48	52	55	54	56	54	52	51	54	58	48	52	54	57	49	48	53	52	53	56	54	55	51	52	49	48	50	49	48	56	52	58	55	52	51	54	50	51	56	57	52	53	51	51	53	56	49	57	54	51	55	57	54	48	53	55	50	56	52	50	51	54	49	49	52	57	56	51	53	54	56	57	57	57	52	53	57	49	54	49	54	58	49	53	56	53	55	57	55	54	57	55	56	56	57	55	54	52	58	54	55	54	51	48	53	56	52	52	49	52	57	57	51	48	55	55	52	55	57	57	51	55	51	49	55	54	54	51	51	57	51	58	57	53	51	53	49	55	55	58	52	55	49	57	58	55	58	51	52	53	49	50	52	56	50	49	57	50	52	57	50	50	57	52	54	52	56	52	55	50	52	54	53	51	53	58	49	55	52	50	58	55	52	53	52	56	57	53	50	50	54	48	55	58	52	50	57	55	57	49	53	51	57	51	58	49	52	57	50	55	51	51	54	57	55	49	49	56	50	49	55	53	50	52	55	53	57	51	55	56	50	54	48	55	51	50	53	55	51	54	51	51	56	50	51	57	49	56	51	53	54	53	52	51	52	50	58	57	56	52	49	56	50	49	57	55	55	50	50	57	50	55	57	58	52	49	58	49	50	53	49	52	58	54	52	54	56	56	50	52	56	50	53	48	49	51	50	57	57	56	53	54	51	52	58	54	55	50	51	55	54	57	50	51	54	51	52	55	52	50	51	51	55	49	54	54	55	54	53	57	58	52	53	49	52	54	53	51	56	50	56	53	57	50	50	55	51	55	51	53	57	52	52	49	52	53	55	56	49	53	56	52	55	56	56	56	53	56	55	55	49	56	54	53	50	52	58	53	55	50	50	56	57	53	55	53	58	49	52	49	53	56	51	54	57	49	50	50	52	58	48	52	56	53	56	57	55	58	53	54	56	53	57	49	49	49	49	55	50	51	52	55	57	54	48	51	58	51	53	50	52	52	54	49	55	53	55	52	52	58	49	51	54	49	53	50	54	58	57	51	54	53	56	54	49	49	52	53	55	57	51	52	51	51	51	55	56	54	57	52	57	50	54	49	54	51	57	52	52	56	50	52	53	53	55	57	53	55	57	52	51	49	51	56	55	55	50	57	52	50	56	53	57	58	49	54	54	52	53	49	55	53	56	54	52	57	49	51	53	50	49	53	52	56	57	49	53	51	52	49	54	56	54	52	57	55	56	49	57	58	57	56	51	54	52	54	51	55	53	50	54	53	53	50	53	51	55	54	54	54	49	55	49	49	56	51	49	48	53	52	53	54	52	56	48	49	57	58	53	56	52	58	54	48	58	50	50	52	55	57	53	51	50	49	50	53	54	50	50	49	50	52	57	53	51	53	53	49	54	49	54	51	56	54	49	48	51	51	51	57	57	50	49	53	51
90	93	93	88	94	92	93	89	91	93	87	95	88	92	93	90	91	91	95	94	91	88	86	91	88	96	94	86	87	90	90	90	89	91	92	88	92	94	88	91	93	93	87	89	91	87	87	95	89	92	96	94	86	89	87	94	95	92	88	95	90	89	90	89	92	93	87	89	91	95	91	92	93	93	92	92	93	94	88	95	87	87	90	89	90	91	89	93	86	87	94	86	92	94	90	90	88	90	91	89	87	91	90	89	86	86	88	94	93	87	89	94	89	93	90	93	92	89	90	89	92	89	88	94	95	92	89	90	87	90	88	96	92	94	90	93	94	87	95	87	94	90	95	87	89	89	95	87	88	91	93	91	88	96	90	86	95	87	89	89	96	89	91	87	94	86	91	95	89	92	88	88	93	90	92	93	87	88	89	86	90	87	93	87	95	94	90	95	90	95	87	95	91	90	96	86	90	91	91	87	95	88	91	86	90	89	87	92	88	88	93	96	95	87	90	95	94	92	89	89	94	94	91	95	90	89	86	95	95	91	91	93	96	93	94	86	93	87	95	86	92	94	87	89	91	95	92	91	93	93	90	92	91	93	86	95	88	93	88	87	92	95	89	89	96	92	94	87	88	88	89	95	95	90	88	89	95	86	93	91	91	92	94	88	93	86	86	89	90	88	91	88	91	87	86	95	95	88	88	92	96	95	91	87	89	91	96	87	92	91	94	91	92	90	86	92	89	88	93	87	91	92	88	94	89	90	94	88	95	87	90	87	88	91	88	94	94	88	88	87	86	89	91	88	93	91	88	92	87	94	95	89	95	89	92	95	90	88	90	94	92	89	88	95	88	88	95	93	90	95	93	90	95	90	94	93	92	90	89	90	87	91	91	92	92	90	92	91	95	90	87	88	92	91	94	86	91	86	93	91	89	91	94	92	91	94	94	88	88	92	94	88	88	90	86	96	88	87	90	92	89	95	86	88	95	93	92	94	95	96	89	91	93	92	91	86	92	95	93	87	96	87	89	94	87	94	95	95	91	93	87	94	93	93	87	89	96	92	88	92	93	94	88	94	93	95	86	96	87	88	88	93	96	93	93	89	89	88	86	90	92	91	92	92	89	88	96	95	93	94	96	92	95	96	92	91	87	94	92	87	92	89	92	87	92	93	90	89	87	87	90	91	89	89	95	89	94	93	91	94	88	93	94	87	92	88	88	87	95	86	93	91	88	93	95	89	93	91	93	92	94	89	94	88	92	91	96	92	92	91	89	89	92	87	91	95	90	93	87	95	87	91	88	93	89	95	89	94	91	91	95	92	91	92	93	92	87	88	90	95	90	87	89	94	94	92	89	90	94	92	86	96	92	90	95	91	96	95	89	87	87	94	93	90	87	96	92	92	89	86	88	95	88	91	86	96	95	89	93	94	91	89	92	87	90	92	95	95	93	96	87	88	88	92	88	91	88	87	95	90	89	91	87	93	89	93	93	94	87	91	94	89	93	95	92	95	94	93	93	92	91	90	92	89	88	86	90	95	86	89	90	91	95	88	88	94	96	93	94	94	94	94	91	95	88	96	95	92	96	88	86	88	89	89	87	92	96	88	95	93	91	95	94	87	90	93	89	89	92	88	95	96	87	93	96	94	92	86	93	90	94	93	94	94	90	94	92	95	96	88	89	95	92	90	96	92	88	88	91	90	89	88	94	86	90	92	95	88	93	92	87	92	91	91	88	92	88	89	94	87	90	95	87	88	91	93	87	89	87	86	87	94	87	93	91	91	95	94	86	94	94	93	96	96	93	86	88	89	94	88	88	94	89	95	96	92	89	86	95	91
56	50	57	58	55	58	50	59	59	52	56	54	56	57	51	60	51	55	50	58	51	50	60	52	56	59	54	52	57	57	52	55	53	50	58	58	53	56	56	58	57	57	55	57	53	51	57	50	59	53	50	55	56	60	52	58	51	51	55	60	59	60	59	58	54	59	58	53	50	57	58	52	59	57	53	59	58	50	55	59	58	56	58	56	59	60	58	57	59	56	52	52	52	55	53	53	58	51	53	58	52	51	54	55	60	57	56	54	51	51	52	60	51	56	54	55	56	59	58	53	54	55	60	55	54	51	57	60	51	57	60	60	56	58	55	55	51	59	60	57	53	58	50	50	59	50	58	57	53	58	56	56	55	52	60	57	58	50	54	54	54	51	56	54	55	58	56	50	52	58	57	53	52	58	53	55	53	56	54	57	54	56	52	51	54	53	58	59	56	56	60	52	55	58	56	59	60	60	53	52	50	50	57	55	50	51	54	60	59	50	59	55	55	50	56	53	55	50	58	59	60	58	53	51	50	52	60	58	59	54	54	52	58	56	52	58	53	55	56	50	57	54	53	51	52	57	54	56	51	56	51	52	55	54	54	58	57	51	52	54	51	50	56	56	54	54	56	60	52	50	59	52	51	51	51	57	59	55	60	52	53	56	52	53	53	54	57	53	52	59	55	56	53	51	52	57	51	54	54	54	51	53	56	52	52	57	52	56	55	52	58	50	51	59	52	54	57	60	51	58	51	57	55	53	53	56	53	55	56	56	58	52	50	55	51	57	52	57	52	56	57	56	57	55	53	54	54	57	54	53	56	53	51	59	56	55	50	53	57	57	54	59	56	52	53	53	53	56	53	56	55	59	58	50	59	53	53	52	54	59	51	55	51	56	59	59	57	56	51	59	52	51	51	51	54	54	59	59	54	53	56	51	51	56	52	59	54	55	59	55	55	58	51	53	56	53	53	55	55	52	56	55	57	50	51	52	53	59	57	52	51	56	53	56	59	52	54	58	57	58	56	50	50	55	59	55	54	54	59	54	51	57	50	52	53	59	54	51	59	56	52	51	51	55	54	60	56	55	51	58	53	50	58	57	55	57	57	53	50	55	50	52	57	51	58	54	59	50	52	51	59	52	56	52	60	59	54	60	56	54	52	56	53	53	54	58	51	58	54	52	50	50	50	55	57	58	57	50	55	51	51	52	51	60	55	58	59	57	55	52	60	52	57	52	53	60	51	53	58	57	56	56	59	52	51	53	53	54	53	58	59	56	57	50	57	54	51	56	54	54	56	53	53	54	59	51	54	54	50	59	58	58	56	55	53	50	55	50	60	55	56	50	55	53	53	53	59	58	51	55	57	51	50	51	53	54	60	57	55	54	57	54	56	54	54	55	54	59	56	51	58	53	51	51	57	56	59	56	50	57	59	50	60	55	56	58	50	59	58	50	56	56	52	58	57	57	56	50	58	51	56	60	55	59	53	56	52	55	51	51	56	52	56	56	57	56	57	60	59	52	60	51	52	56	55	59	56	59	55	59	51	59	58	59	53	59	51	53	50	53	51	59	59	57	59	56	57	54	58	60	52	55	52	58	53	53	58	53	50	51	55	51	51	52	52	56	54	59	60	54	51	60	55	58	56	60	55	56	56	57	54	57	56	59	59	54	60	56	57	55	58	57	53	53	57	54	59	58	54	51	55	54	55	58	52	57	56	52	56	50	58	56	54	59	55	57	51	57	60	57	60	55	59	57	56	50	56	59	57	58	55	59	52	53	58	55	55	55	50	60	52	59	59	58	54	51	54	58	53	52	52	52	54	54	59	58	54	51	52	54
64	57	60	58	59	64	57	64	55	63	62	57	61	65	63	57	55	59	63	59	59	64	59	55	57	63	64	63	65	64	60	61	62	61	56	57	61	56	60	64	60	59	60	65	57	62	64	58	57	58	58	60	61	60	58	59	60	59	61	62	61	57	60	57	64	61	57	64	64	64	56	58	65	58	64	61	62	58	59	57	63	65	59	56	57	59	58	63	59	61	57	61	59	62	61	63	64	63	57	59	56	59	64	56	63	59	55	60	57	64	64	61	56	60	62	63	59	64	62	61	56	59	56	58	64	59	65	63	61	58	62	60	63	60	57	62	55	64	65	61	63	55	59	56	62	58	63	60	61	65	55	61	65	58	62	62	61	61	60	58	56	61	56	56	61	62	63	65	61	57	59	59	62	58	56	60	60	63	63	65	58	64	59	62	58	56	57	61	58	61	62	65	57	59	60	59	60	60	65	58	64	62	62	56	58	61	55	63	63	62	61	59	56	60	61	65	58	55	62	56	59	59	60	57	65	57	61	62	59	64	55	59	58	62	55	62	59	62	61	55	56	64	63	57	64	55	59	57	65	57	62	59	57	56	56	59	63	60	56	58	59	63	55	64	65	57	61	61	64	64	55	58	59	59	62	57	65	63	63	63	56	55	58	56	60	62	62	62	64	60	59	63	59	55	64	59	62	61	57	57	62	60	59	60	62	63	57	55	64	63	61	62	60	63	56	63	58	58	56	59	57	58	63	55	58	62	58	56	58	61	60	64	57	58	57	59	61	55	61	60	61	56	60	60	62	61	62	60	55	63	61	59	56	60	56	58	64	64	64	60	59	58	59	65	63	58	64	58	59	61	63	64	65	57	65	64	62	57	58	56	59	58	63	57	62	59	57	59	62	55	64	56	59	58	64	60	63	56	56	64	63	63	55	60	60	60	57	55	55	61	60	65	60	64	60	58	61	61	56	65	58	59	59	64	62	56	57	63	60	65	60	60	63	57	56	64	64	60	64	57	65	62	65	56	64	59	60	61	64	60	55	64	56	59	63	65	63	65	55	64	58	60	61	56	63	60	62	58	64	62	57	65	60	64	60	61	60	60	60	58	63	55	57	64	59	60	55	60	56	59	59	56	57	64	55	60	64	58	59	56	60	63	58	59	59	62	64	63	57	61	56	57	60	60	56	60	56	59	60	64	64	59	57	64	56	58	61	64	62	62	60	61	60	60	60	56	64	63	57	59	65	63	62	61	64	63	61	58	64	61	55	56	58	64	58	56	58	62	56	57	63	58	61	59	63	63	63	64	61	64	64	62	57	62	62	62	59	61	60	56	59	58	59	61	55	56	61	56	63	57	64	61	57	58	56	55	59	63	63	61	62	61	60	57	60	61	63	59	57	58	58	59	65	60	62	64	57	63	58	59	62	62	61	60	56	62	62	63	56	59	62	62	59	63	61	64	64	60	64	63	62	57	60	56	56	61	62	61	62	56	63	61	58	63	62	60	61	56	57	65	65	63	64	56	56	65	56	62	62	63	60	61	58	62	61	55	56	57	57	57	61	63	63	62	64	60	63	57	59	61	62	63	60	55	64	62	63	61	63	59	64	60	60	63	55	61	58	61	60	61	61	62	60	60	57	57	64	63	60	63	55	60	63	57	59	55	56	63	65	55	56	59	57	61	60	62	62	59	62	60	62	63	65	57	63	56	59	63	56	64	56	56	56	59	60	56	64	56	64	57	62	57	63	64	63	58	56	64	63	62	64	64	58	64	56	62	55	56	56	61	65	61	58	60	57	62	56	57	56	64	57	62	64	56	55	57	58	64	61	57
94	89	93	89	91	90	94	88	86	94	90	85	85	86	91	90	90	86	89	93	92	85	91	87	84	87	86	92	85	91	85	91	85	92	84	93	91	93	93	90	88	88	91	91	85	89	91	85	93	88	92	87	89	85	86	86	91	93	90	91	85	91	84	91	93	91	91	93	87	84	92	91	91	92	88	87	92	93	86	92	93	88	86	91	90	90	94	94	94	89	86	86	88	92	86	85	89	85	93	84	90	85	85	87	87	88	92	93	88	91	85	92	91	84	89	92	92	94	92	86	92	85	90	90	91	91	86	86	92	87	90	91	87	85	92	92	93	86	88	93	87	92	85	92	84	91	91	88	84	86	88	88	87	92	90	85	90	86	93	92	90	87	89	90	91	84	92	86	91	94	94	93	92	89	86	84	89	90	87	87	85	87	85	87	84	92	88	88	89	86	93	86	90	88	90	94	92	89	89	87	84	89	88	88	86	93	92	94	87	84	91	90	92	85	86	89	86	92	86	85	90	87	84	86	90	91	89	84	90	92	86	92	89	85	91	93	86	90	87	91	88	94	88	90	88	85	88	88	85	87	92	87	89	93	90	88	93	86	87	86	89	92	86	88	86	89	93	93	93	92	86	87	91	86	86	88	94	84	92	89	92	87	86	94	93	91	85	90	84	88	85	84	93	90	90	86	91	88	91	85	91	87	92	93	85	94	86	90	89	87	92	88	88	87	88	89	92	87	92	85	90	90	91	86	85	89	93	86	87	85	88	88	88	89	88	85	87	93	89	84	88	91	89	85	86	88	85	93	88	89	85	85	89	88	86	88	85	93	90	86	94	93	93	85	91	90	92	90	86	90	85	86	90	89	86	94	92	92	87	91	87	91	92	92	87	86	86	94	92	89	86	85	91	87	84	90	87	87	88	94	88	86	92	93	85	90	91	91	85	94	91	85	85	89	87	92	87	90	91	88	90	86	86	87	92	88	94	89	88	85	93	84	87	86	92	91	87	88	93	93	90	85	92	86	92	87	85	90	87	86	88	89	89	88	86	86	86	85	93	90	88	89	90	85	91	89	84	89	94	89	86	94	88	87	93	88	88	88	86	87	92	87	90	90	86	85	93	85	89	88	94	93	92	89	87	88	88	88	84	86	86	88	86	87	84	92	87	85	87	87	91	87	89	91	87	85	88	93	89	86	85	89	93	92	91	90	87	88	84	90	89	88	92	91	89	93	87	84	93	87	88	91	88	87	90	93	84	91	86	87	84	88	86	93	89	85	85	94	92	92	88	88	88	84	87	85	90	94	87	88	94	86	94	90	93	91	92	94	93	87	88	84	90	91	87	87	92	88	84	88	93	90	93	89	92	92	90	84	94	86	94	85	90	87	87	91	93	91	91	91	94	85	91	86	86	92	92	90	92	92	84	89	87	88	90	88	86	87	88	86	85	91	88	92	85	89	87	85	88	87	92	91	92	87	85	93	85	87	86	87	85	92	90	92	91	94	93	88	86	85	94	86	93	85	86	90	93	87	90	85	88	92	91	91	87	91	90	89	84	87	94	92	84	90	88	91	88	92	86	85	93	84	85	88	91	89	91	85	84	93	91	91	89	88	92	91	87	93	85	88	85	88	90	87	92	94	93	91	90	93	90	88	85	87	88	85	92	89	89	86	90	93	86	88	90	92	88	85	93	88	94	91	90	89	90	91	89	92	86	91	91	86	92	90	92	92	90	84	90	88	88	88	92	94	93	88	84	91	91	93	91	93	91	93	90	88	92	94	93	87	90	86	87	86	84	94	85	88	91	87	86	90	90	92	87	87	86	89	90	92
82	85	78	79	83	83	83	85	83	80	83	86	80	79	78	82	79	86	80	83	80	86	79	78	80	81	82	80	85	83	81	79	78	79	84	87	81	83	86	81	83	87	80	84	79	84	78	81	80	80	80	86	82	86	80	82	80	81	81	84	85	86	82	86	79	82	82	80	80	84	79	83	87	82	79	82	88	82	80	82	82	88	79	82	86	80	80	78	80	88	83	81	87	81	81	80	78	83	88	78	83	83	80	84	80	83	86	86	87	88	84	80	82	81	86	84	86	81	82	87	85	85	81	84	80	82	85	85	86	86	85	85	87	80	82	84	87	81	80	85	81	81	82	84	83	78	86	87	84	83	82	86	79	84	79	85	87	80	79	85	82	81	80	85	88	81	79	79	81	87	85	84	85	83	86	79	85	82	84	87	81	81	82	86	88	82	88	80	78	84	83	85	86	81	79	88	79	81	86	80	88	88	83	82	84	83	83	84	85	80	80	86	79	83	85	80	83	86	86	83	82	81	79	87	88	84	81	80	84	82	87	85	81	83	85	82	81	86	86	84	86	82	81	83	87	79	80	85	82	87	80	87	80	80	87	88	87	81	83	79	88	79	86	86	86	88	86	87	85	79	80	82	84	82	81	84	83	83	80	79	84	87	87	84	79	80	85	87	78	86	83	79	79	79	86	86	86	82	78	82	80	86	79	84	86	83	83	81	82	82	85	82	88	79	79	79	81	87	78	82	84	88	83	86	87	82	84	81	82	84	80	88	85	87	79	86	78	88	80	80	81	86	79	78	78	83	79	84	79	86	82	88	84	79	82	81	80	81	86	82	88	81	88	80	81	83	84	83	85	82	84	86	80	82	82	85	80	81	80	86	79	85	82	83	81	87	82	79	82	83	83	82	86	83	79	80	88	78	86	79	79	83	87	79	79	84	83	82	86	79	83	78	86	82	82	82	85	79	83	79	88	85	79	86	79	81	85	84	88	84	83	85	78	81	78	79	87	79	80	79	86	80	82	82	85	79	81	87	82	80	87	84	80	78	87	79	83	78	79	80	83	86	81	88	81	81	88	82	83	82	80	87	85	79	79	83	84	84	87	85	82	81	85	83	85	80	82	84	86	79	85	79	81	85	87	79	84	88	83	85	80	87	83	85	83	86	88	84	83	80	87	87	80	83	87	83	84	82	81	87	83	85	87	86	86	82	85	80	83	81	78	84	84	86	79	81	82	78	79	87	79	78	88	80	82	86	85	83	87	85	85	83	79	84	79	83	82	86	82	82	80	80	87	81	83	86	80	86	81	82	79	83	79	84	79	79	83	79	79	81	83	80	84	81	85	85	82	84	80	83	83	87	85	87	85	83	79	86	82	81	83	86	87	83	83	87	79	85	88	81	84	85	83	85	84	79	79	87	78	86	80	88	87	79	80	79	86	82	85	83	81	79	87	81	85	85	84	84	87	87	81	86	85	84	79	87	87	81	88	83	81	84	84	80	82	86	86	85	83	85	87	87	86	82	84	79	85	87	82	86	84	84	83	84	86	81	81	86	86	78	79	79	86	87	82	86	80	85	85	80	83	87	82	86	84	87	87	84	80	87	87	80	79	81	84	85	82	80	85	87	85	81	78	84	80	88	88	87	83	81	84	79	87	84	79	80	86	86	86	79	84	80	83	81	82	86	83	85	80	85	83	81	83	85	87	78	82	84	87	81	86	80	79	79	86	85	79	87	81	79	86	86	81	88	83	84	83	79	81	81	84	78	87	83	83	84	82	81	82	81	84	86	86	84	78	78	83	87	88	85	88	81	87	83	80	86	81	81	87	84
wj																																																																																																																																																																																																																																																																																																																																																																																																																																																																																																																																																																																																																																																																																																																																																																																																																															
12	46	11	35	34	45	50	31	2	63	17	87	89	4	29	68	74	40	14	41	70	90	71	14	58	68	94	74	21	46	67	49	51	83	64	51	98	49	79	15	62	18	77	89	86	38	1	46	44	3	99	36	48	32	6	67	1	9	29	24	63	47	51	49	5	3	30	45	74	12	8	95	41	59	2	33	97	47	31	11	29	70	47	26	55	18	25	2	5	64	6	42	60	30	80	37	44	70	60	20	84	53	43	35	90	62	46	79	58	2	49	16	20	96	73	9	29	37	29	47	11	74	24	72	5	84	81	68	57	44	10	66	58	67	88	14	9	73	64	18	98	4	10	79	83	57	15	46	13	19	50	43	94	85	27	70	42	72	96	38	87	87	10	51	47	91	41	32	58	30	98	50	55	48	13	94	87	38	76	19	89	58	13	46	35	27	49	96	10	98	86	8	51	20	44	96	79	51	77	79	84	46	91	84	50	3	83	29	9	16	30	79	20	82	61	87	24	75	82	63	80	2	89	65	35	21	58	85	65	74	78	74	11	16	22	52	26	18	21	43	7	52	69	68	38	17	35	75	49	96	30	4	89	46	72	98	51	74	90	10	24	81	47	10	13	55	12	37	99	50	74	17	10	15	37	77	49	64	36	82	17	9	88	58	33	66	12	58	2	25	58	87	75	15	5	69	27	48	33	26	84	29	54	25	78	42	31	92	2	38	98	44	42	82	99	28	64	95	42	57	81	74	59	75	43	81	10	75	45	8	38	49	47	100	28	35	55	70	72	20	55	45	88	90	39	90	77	82	58	29	52	52	74	25	76	82	70	16	17	58	49	73	18	50	92	81	86	51	62	23	57	86	98	71	34	50	76	39	19	33	61	84	42	52	20	59	23	63	22	92	25	60	32	57	96	46	13	17	77	73	52	62	24	25	31	44	86	63	28	62	48	93	20	6	16	50	27	14	37	28	52	78	13	14	67	59	99	14	40	26	79	57	4	87	78	18	95	76	77	27	16	10	50	98	30	24	33	52	93	86	46	9	22	90	31	18	89	2	59	28	40	3	12	97	83	79	91	74	66	9	29	49	29	60	82	28	41	92	14	30	24	33	93	69	41	11	78	75	2	2	91	36	21	72	49	92	25	92	41	100	48	85	43	14	49	17	29	51	95	14	65	77	78	37	90	3	70	17	28	12	32	78	32	95	72	86	11	44	77	88	3	37	9	29	11	67	7	33	10	71	69	70	89	56	18	42	7	99	53	41	25	16	37	35	51	13	10	65	54	100	22	20	6	71	93	5	54	51	13	8	14	51	84	45	87	100	39	69	55	22	21	90	3	45	64	45	9	46	98	8	44	40	8	20	78	52	76	36	73	33	83	38	42	57	72	43	18	12	39	73	97	73	22	55	76	6	11	29	20	64	21	86	91	17	79	42	32	74	5	90	6	98	90	63	42	62	38	25	88	45	47	43	21	27	41	28	96	40	31	96	18	28	50	94	76	47	31	70	4	27	31	9	21	54	19	46	26	93	43	11	45	86	53	71	99	35	13	31	63	38	95	83	2	23	37	16	43	1	65	68	40	62	67	13	60	10	80	34	40	48	32	55	28	70	48	13	83	17	62	50	8	88	58	86	45	90	8	7	33	98	23	48	68	99	55	83	11	16	28	15	26	33	2	84	98	98	69	49	83	64	28	59	35	52	31	7	8	26	60	59	29	62	42	25	97	65	28	78	81	56	62	25	24	83	98	94	69	64	98	79	72	67	50	100	13	15	15	72	19	97	55	26	57	50	28	41	83	64	92	15	47	26	84	9	73	12	11	20	76	37
