pij																																																																																																																																																																																																							
26	18	81	64	57	43	85	49	87	19	84	18	86	22	38	99	55	91	45	16	84	20	18	62	70	17	39	88	46	32	33	37	11	12	86	13	26	11	40	82	36	73	14	27	72	87	66	17	61	40	25	36	56	12	58	85	30	52	30	17	83	32	18	45	96	53	57	87	36	42	29	69	36	30	65	65	29	47	80	68	91	56	76	99	71	85	70	39	19	14	14	60	59	57	11	26	13	17	54	65	45	97	37	100	92	20	83	57	83	57	37	36	31	12	86	50	52	11	17	14	28	14	79	13	27	94	99	60	84	83	69	91	16	52	23	72	75	29	66	42	89	70	48	81	96	74	28	39	82	27	26	54	64	61	55	64	69	68	27	25	65	14	45	52	58	86	31	12	12	73	42	79	92	93	38	25	92	21	16	13	97	55	89	87	35	72	34	38	43	87	85	54	29	11	71	23	62	74	40	24
47	27	68	100	65	27	88	13	93	63	48	69	57	28	98	36	37	31	13	12	49	68	73	17	75	27	56	87	90	61	69	89	78	28	46	45	95	73	80	98	25	65	14	65	70	93	85	55	87	87	52	42	33	24	25	90	21	37	92	63	27	88	75	32	27	34	78	86	33	99	91	96	14	37	73	13	11	95	41	36	75	91	92	66	42	84	19	37	16	31	84	66	51	60	28	63	89	89	54	42	37	25	36	58	37	56	28	35	64	96	72	26	94	53	63	50	58	99	52	95	64	96	18	26	28	42	30	53	86	60	51	65	19	53	74	12	12	97	81	15	73	77	91	25	19	72	97	23	32	37	60	99	25	29	31	34	60	36	83	39	98	98	13	48	41	43	63	88	92	87	94	58	50	52	89	23	75	13	22	48	89	62	80	88	40	55	28	66	67	30	89	92	81	36	62	47	79	88	10	71
99	37	97	49	33	85	72	93	93	17	98	96	71	55	65	59	26	10	42	64	94	44	59	50	29	44	47	14	30	91	56	62	46	72	19	18	73	18	71	99	49	51	58	79	24	96	95	60	29	91	25	63	75	25	45	93	92	24	43	77	66	47	90	72	43	57	44	45	70	57	14	26	58	74	12	12	90	26	44	47	16	20	24	11	69	90	89	66	75	24	37	24	11	49	11	72	81	79	10	91	69	99	16	99	74	68	32	69	66	98	80	15	96	11	72	10	16	26	11	65	48	34	14	63	40	41	23	22	50	38	24	38	25	47	16	47	96	54	30	47	20	57	68	92	33	36	25	48	77	48	14	14	44	76	94	80	30	74	41	16	83	64	75	95	21	24	64	76	84	95	92	27	31	92	95	12	27	33	17	32	71	46	99	85	91	71	19	54	87	65	63	89	64	40	42	59	77	20	45	62
90	20	73	28	84	99	87	15	43	53	19	60	93	78	97	30	39	28	59	55	54	63	36	40	60	34	97	71	56	67	24	79	88	48	45	51	67	17	54	69	25	80	61	47	37	11	43	34	48	57	30	71	32	56	67	92	56	18	46	91	50	45	22	99	89	41	59	78	32	50	23	62	47	80	29	33	67	67	76	31	86	75	35	17	79	85	93	53	32	70	66	23	79	25	63	65	81	22	23	44	57	28	40	93	53	18	96	31	73	15	79	34	52	100	69	57	26	85	36	54	54	24	74	58	92	49	91	52	68	95	84	34	53	37	73	24	90	78	66	63	70	95	23	39	67	11	40	79	62	87	98	78	48	62	11	40	66	14	44	22	18	75	18	99	70	45	66	94	15	19	90	36	70	54	38	84	23	20	73	79	73	61	31	44	16	88	91	22	43	76	29	39	46	64	88	49	22	79	95	98
69	14	20	42	97	47	96	59	60	75	14	38	57	41	65	51	91	15	55	53	50	70	28	94	83	20	55	74	79	43	83	21	81	70	73	95	40	42	64	78	66	55	49	35	87	35	81	23	66	78	87	24	59	25	52	55	79	98	89	23	94	28	39	15	50	72	90	98	37	55	45	30	75	26	22	74	42	98	63	50	49	94	25	79	22	16	63	91	38	67	22	57	90	62	76	14	20	94	52	44	70	75	72	63	75	81	50	32	20	52	63	58	45	96	32	99	44	28	100	18	27	33	24	77	54	88	52	69	72	21	46	25	28	82	71	84	54	89	84	13	58	45	80	15	90	18	57	47	23	31	21	42	99	28	65	57	75	46	16	66	20	71	32	60	41	21	80	62	54	91	71	43	69	77	66	72	16	61	35	40	99	66	91	38	73	77	82	55	23	65	37	84	55	88	76	86	44	35	41	72
13	52	21	30	34	17	40	62	29	38	41	87	21	11	26	32	18	67	18	98	62	75	86	82	79	47	79	56	41	72	27	66	67	43	18	93	82	37	87	80	65	94	95	50	37	39	91	50	38	17	44	20	38	15	52	22	90	53	52	93	11	50	99	25	80	17	50	100	54	87	50	16	63	93	79	34	91	82	95	54	89	84	96	19	92	79	23	32	77	71	52	80	83	41	71	98	85	88	41	93	65	83	53	66	55	93	10	26	81	52	69	83	76	40	63	21	48	16	86	47	65	71	31	16	34	99	61	70	88	64	54	42	28	23	12	58	68	28	58	26	94	81	71	69	24	43	17	48	29	38	54	98	44	38	77	85	22	55	40	57	99	92	24	54	91	25	86	68	30	19	81	21	63	84	37	94	41	38	90	13	37	23	76	59	31	47	96	15	61	50	35	43	57	83	96	61	34	96	63	18
52	57	58	97	33	90	17	60	47	45	26	49	12	31	46	81	91	63	97	66	77	22	74	31	74	90	21	69	43	43	90	32	93	17	92	34	18	91	37	53	54	99	83	61	76	42	97	13	50	95	39	25	55	31	89	70	26	76	33	50	38	95	92	19	46	35	22	41	97	48	32	36	57	30	60	83	43	50	77	70	78	71	26	73	54	96	19	37	91	59	96	71	87	47	42	33	99	52	69	72	74	100	70	73	86	63	11	28	78	12	93	17	84	84	51	69	57	80	17	36	46	99	65	60	86	61	43	90	97	47	28	34	38	98	44	95	87	100	43	40	75	12	76	14	60	81	78	32	18	17	47	78	30	48	30	11	95	63	74	72	11	52	85	37	23	21	57	63	63	78	27	41	30	98	35	97	80	35	54	29	24	30	48	25	57	13	68	26	88	21	64	28	80	44	43	13	95	32	34	67
35	51	58	56	76	51	34	68	80	74	58	21	95	60	15	20	22	67	52	86	42	18	59	56	70	77	56	50	22	75	72	92	76	64	38	80	32	32	28	52	23	44	13	45	14	76	46	45	63	85	37	77	36	54	64	84	40	79	27	16	35	84	83	25	52	55	92	54	27	85	50	85	91	82	38	61	75	16	71	86	26	24	90	79	28	92	73	93	69	35	46	46	76	54	73	89	77	80	63	59	78	12	85	90	50	23	72	97	50	34	51	49	23	48	36	95	37	67	73	39	36	32	69	83	48	77	35	67	42	98	45	22	77	22	50	98	52	54	66	44	48	87	86	61	25	67	19	17	92	24	45	64	98	43	84	79	100	23	28	68	76	60	42	64	42	93	53	33	71	25	76	92	40	49	37	15	55	69	76	86	92	47	58	32	50	68	22	32	33	13	71	16	73	73	46	77	75	11	85	92
92	11	90	100	17	18	70	23	84	98	48	51	81	38	32	94	72	29	40	44	67	75	53	53	98	81	11	90	92	93	71	79	23	62	83	66	36	73	50	72	54	56	46	10	81	61	47	26	18	90	13	68	20	46	54	53	86	96	81	59	79	30	56	62	36	74	28	71	88	20	13	16	65	18	31	56	96	99	21	91	84	83	54	80	52	33	42	95	20	98	85	27	31	26	46	87	53	61	65	100	11	94	31	67	34	39	35	58	87	69	53	45	10	39	71	80	25	90	86	56	91	14	43	84	47	64	17	33	50	57	86	30	17	71	81	22	55	90	81	60	51	19	78	80	50	86	25	42	68	40	76	94	11	13	26	25	47	22	77	69	33	90	28	25	71	85	91	31	88	13	75	62	28	27	66	81	73	73	94	20	44	85	15	39	87	85	99	38	80	71	98	17	67	42	55	71	87	96	69	58
52	66	18	55	56	66	55	53	64	62	73	80	83	68	36	14	66	20	73	72	17	74	78	27	14	85	19	61	82	70	77	62	48	70	60	60	91	25	84	28	86	71	76	34	66	24	56	23	65	28	16	47	86	73	73	29	44	61	12	73	41	99	41	42	47	73	84	83	39	65	72	52	58	100	98	80	53	42	62	98	57	89	22	12	43	11	92	95	69	36	38	65	91	58	61	35	61	62	38	28	32	24	13	40	95	20	41	94	50	30	98	74	62	11	59	38	54	93	46	95	20	63	37	43	87	42	88	98	48	72	85	95	76	80	29	13	53	67	44	98	22	94	72	99	65	15	60	74	89	50	67	56	49	42	21	25	68	63	21	95	66	31	100	22	36	71	23	20	40	18	14	50	95	65	71	99	66	65	15	69	30	90	97	71	92	82	38	90	99	65	87	67	38	16	45	35	41	38	57	16
48	21	51	77	84	89	71	34	100	65	80	18	33	25	29	93	88	57	86	56	32	97	60	59	54	56	31	29	72	39	41	36	77	42	30	89	14	37	36	18	61	49	11	96	71	26	40	83	93	36	73	78	40	65	46	86	66	66	20	77	33	16	95	50	56	47	95	44	41	76	23	57	36	41	78	12	53	11	63	16	14	69	68	83	29	87	43	27	65	88	59	29	33	19	55	99	70	69	37	81	58	46	24	79	56	53	14	15	82	90	41	18	75	50	41	74	65	33	53	92	11	15	57	61	72	30	69	17	40	44	11	58	28	46	84	36	18	43	46	60	27	43	100	51	46	95	66	73	22	37	66	97	49	57	79	43	79	68	59	18	43	66	23	98	70	79	19	40	64	33	36	19	70	68	48	66	73	91	83	64	53	43	28	51	74	25	49	44	87	38	70	97	83	38	58	69	28	51	74	35
40	33	33	41	22	37	60	12	35	84	86	84	100	35	97	79	45	22	83	70	88	66	25	54	82	33	32	64	12	13	19	58	45	81	18	58	10	11	69	27	36	25	71	52	78	32	56	24	23	99	71	18	34	99	67	28	69	26	49	77	46	38	82	93	45	15	75	78	40	36	70	70	65	63	14	62	63	23	11	13	56	25	43	34	56	78	91	69	92	26	37	51	17	88	32	51	89	11	71	34	16	38	72	70	15	35	52	13	50	97	65	50	48	24	20	56	11	42	65	11	62	74	75	86	78	62	96	73	71	20	14	16	17	30	35	36	28	18	72	30	51	27	22	16	53	86	91	95	47	79	60	64	69	16	65	25	10	65	77	48	33	96	52	62	21	33	42	67	35	19	54	47	19	94	93	86	83	40	29	85	75	90	22	75	66	79	95	41	43	26	87	100	94	50	82	30	20	83	47	25
21	38	32	20	39	83	91	35	31	24	84	39	81	52	69	39	69	18	97	58	89	26	39	84	25	83	33	82	65	46	78	16	40	25	87	88	34	81	44	80	98	90	45	21	54	67	54	71	83	85	15	13	57	68	28	47	11	58	61	75	31	78	35	57	79	71	24	54	55	60	55	31	76	36	71	51	51	44	91	50	100	29	86	79	86	75	21	39	99	85	35	22	55	79	46	16	61	76	37	83	92	19	77	35	96	58	56	13	70	23	79	16	76	44	65	94	44	15	67	52	22	39	79	30	30	66	62	54	63	16	76	82	13	87	14	51	94	47	67	65	50	66	30	13	40	24	53	41	67	20	64	38	53	41	25	99	27	88	74	11	78	88	20	69	82	64	80	18	14	26	24	91	19	39	59	42	31	30	100	77	31	84	40	92	37	67	28	62	22	57	41	42	14	84	21	19	77	65	32	37
24	33	24	53	21	19	84	12	13	26	56	50	98	89	11	42	13	44	13	15	21	23	83	39	36	96	44	60	77	13	62	36	29	32	86	29	32	93	84	47	81	21	46	89	63	56	46	96	83	64	48	83	57	98	77	69	92	26	58	63	65	66	13	14	24	76	76	91	67	98	98	68	14	98	69	90	80	40	43	80	62	83	32	55	73	46	76	19	74	48	29	53	32	16	68	67	32	91	37	14	42	16	81	29	81	23	36	29	76	57	60	87	31	63	87	21	94	20	63	28	94	36	17	76	58	43	72	75	49	43	41	41	66	66	14	96	75	62	32	90	63	48	42	40	37	45	57	38	15	58	55	24	28	64	90	99	72	96	37	30	15	16	89	15	43	40	71	84	80	18	23	95	39	79	75	16	98	31	40	95	61	29	55	89	56	66	36	22	36	28	53	50	18	71	28	63	67	38	66	61
56	37	92	42	53	46	83	92	77	66	58	53	42	10	51	53	48	21	88	62	44	31	93	82	83	60	10	69	77	29	23	33	33	35	60	35	84	39	88	23	92	46	26	84	86	71	46	31	32	100	15	40	90	40	31	55	21	57	53	93	87	87	42	13	31	69	26	71	70	98	30	90	10	60	33	94	23	76	75	29	78	83	51	41	71	85	59	90	52	14	92	95	88	87	84	42	87	46	33	38	100	97	38	62	37	26	57	85	22	77	21	100	72	63	80	64	51	60	69	16	60	30	62	35	16	68	87	59	74	50	83	25	13	40	81	87	79	58	37	17	36	26	52	19	32	12	72	26	34	33	55	54	39	49	31	43	76	77	66	31	70	61	71	41	79	42	43	97	21	53	78	37	72	73	81	53	42	69	15	46	44	98	72	80	70	86	37	91	42	60	70	68	64	62	12	81	80	74	46	11
84	24	98	96	12	46	86	87	92	74	96	55	63	10	41	96	17	60	45	49	70	69	100	64	71	91	59	84	39	38	33	28	97	72	66	96	54	33	72	31	57	75	42	49	40	24	16	64	60	95	80	84	53	20	95	56	100	18	100	28	78	52	25	72	78	74	20	63	35	80	36	29	92	54	73	35	24	24	67	17	13	68	29	41	54	49	75	61	40	49	84	66	84	76	99	11	100	54	32	68	53	62	63	96	57	17	72	93	50	54	58	88	34	77	98	83	25	20	66	19	40	78	54	93	24	58	22	92	65	87	24	58	15	63	54	32	70	67	45	88	58	59	41	78	56	62	35	94	33	72	84	77	25	79	76	54	77	28	22	34	82	73	49	80	73	91	38	58	38	95	74	99	78	82	19	27	82	29	63	57	24	31	92	58	22	85	68	76	48	86	43	15	11	97	93	66	11	40	67	42
19	42	12	40	69	87	48	15	30	51	86	65	96	22	58	39	12	66	17	47	42	15	73	94	23	86	65	58	77	13	21	48	11	67	45	84	17	73	93	50	93	18	52	21	98	57	88	85	50	30	93	83	29	63	81	42	79	53	80	63	97	80	54	52	13	76	11	87	76	25	46	36	10	27	50	14	18	25	69	93	92	48	37	80	79	22	84	41	99	29	98	19	17	60	28	69	43	77	89	76	34	59	20	82	96	18	90	44	79	53	65	52	91	35	34	97	14	81	52	17	34	67	21	79	58	48	94	99	72	53	85	69	86	51	46	83	92	46	37	66	78	47	12	48	95	35	45	15	31	96	19	65	58	76	41	12	17	59	73	80	82	35	66	67	87	82	54	17	94	39	17	29	83	46	40	94	63	44	81	46	34	50	46	38	57	52	71	22	90	18	30	75	25	16	24	44	45	48	77	27
15	77	86	96	80	74	71	86	20	62	36	19	89	60	53	24	45	74	19	73	69	86	83	39	50	84	59	51	97	81	56	27	47	18	39	47	23	61	81	40	67	29	29	31	82	89	84	45	85	99	85	66	68	75	17	34	41	76	73	94	21	54	89	37	73	95	52	24	21	46	38	76	96	59	74	31	21	61	90	71	97	47	86	12	83	43	77	68	81	90	16	11	18	13	84	39	21	79	73	27	61	61	69	77	28	52	27	92	14	53	49	84	38	14	24	58	75	92	58	30	35	85	89	23	31	44	25	15	75	85	33	92	61	50	85	86	12	27	67	69	28	100	29	15	91	59	78	56	84	38	79	82	22	72	20	69	48	41	75	56	73	50	60	73	57	16	88	32	25	74	10	63	75	31	91	16	31	53	84	55	51	88	20	19	58	24	72	13	80	23	95	46	37	50	30	90	69	32	56	19
67	70	79	64	21	84	63	72	90	65	47	96	13	76	97	21	41	32	61	16	44	73	44	22	83	41	38	32	58	74	23	47	79	28	45	40	23	22	76	56	68	83	71	69	58	44	40	61	55	84	72	23	24	49	32	61	53	40	57	20	21	55	82	74	26	54	42	45	41	63	29	31	73	85	13	63	98	55	11	12	13	92	95	60	67	31	41	50	51	17	15	26	72	87	62	53	56	52	36	76	15	84	48	29	81	45	12	97	31	45	76	69	41	50	22	85	90	91	94	43	66	95	30	48	76	49	56	46	89	72	43	64	47	40	97	82	79	94	68	50	88	78	49	97	86	92	45	98	67	63	89	39	69	30	72	59	15	79	14	27	21	40	22	27	78	27	57	19	23	39	76	88	46	77	70	49	99	36	12	57	47	36	51	86	97	54	38	66	39	60	37	20	88	79	22	75	19	57	94	35
78	54	17	54	74	95	56	94	89	17	35	79	14	26	61	86	63	62	77	96	76	55	86	31	24	100	75	100	37	27	52	21	94	99	49	71	33	25	77	98	48	68	28	79	82	33	61	26	14	41	82	50	88	74	62	73	25	25	83	93	11	33	29	69	64	48	55	55	92	68	94	15	77	82	69	48	31	12	62	74	68	50	24	33	71	44	58	33	89	37	76	67	88	56	48	40	81	52	49	27	95	68	34	75	79	41	60	76	57	48	43	21	37	62	46	45	92	80	34	97	39	72	78	31	26	31	24	42	67	38	88	48	32	29	24	52	92	33	90	56	60	36	53	23	21	69	23	35	77	68	18	32	77	15	44	60	60	57	64	50	27	19	13	33	69	78	13	69	84	74	38	100	43	53	61	61	30	18	93	36	87	25	62	74	78	27	49	18	25	94	59	52	24	16	22	60	71	29	97	89
wj																																																																																																																																																																																																							
21	85	45	54	66	8	54	19	43	41	4	34	78	5	37	41	24	1	67	74	64	53	70	60	48	41	8	37	4	54	44	27	78	59	71	92	1	32	88	13	29	48	56	75	59	6	13	63	97	77	74	90	54	66	23	52	36	39	21	59	95	71	65	47	46	98	97	35	87	47	20	72	16	59	87	55	6	7	58	54	81	59	48	20	53	15	60	9	67	56	37	94	20	87	88	7	91	44	25	34	82	22	68	23	49	48	17	57	67	34	83	47	50	97	37	36	75	48	75	34	26	17	87	24	48	51	59	89	62	17	84	82	49	29	10	46	74	82	43	88	42	43	45	18	15	5	4	40	19	20	22	2	46	81	85	52	69	76	3	49	37	79	46	23	3	6	80	99	12	41	2	53	33	33	12	23	74	58	61	62	50	92	35	53	83	80	64	40	11	17	46	3	2	70	78	75	84	63	67	72
