pij																																																																																																																																																																																																																																																																																																																																																																																																																																																																																																																																																																																																																																																																																																																																																																																																																																																																																																																																																																																																																																							
55	64	99	85	17	85	43	98	17	81	51	72	84	10	36	40	94	87	22	23	60	33	10	74	47	24	41	38	95	41	15	62	61	28	48	36	83	94	88	41	46	16	59	34	18	43	32	86	98	96	21	67	27	52	60	78	52	89	47	44	65	53	59	29	57	91	69	60	14	65	98	84	29	13	30	26	99	46	72	54	87	68	74	31	88	64	78	74	64	95	94	41	68	31	79	41	65	80	39	10	54	58	65	29	66	74	81	15	26	14	46	56	98	74	61	75	44	22	24	71	71	84	80	56	63	96	80	97	52	62	70	69	97	19	38	99	82	55	99	46	59	69	47	68	65	36	69	47	90	52	23	16	84	17	18	67	59	82	93	38	85	66	83	10	66	70	78	27	53	89	59	31	73	69	99	43	36	54	93	74	79	46	46	16	58	96	70	91	70	60	21	27	15	97	68	76	74	83	60	14	14	27	36	49	34	31	99	38	18	77	55	55	79	63	55	80	28	100	100	46	44	89	41	42	95	19	67	90	24	41	17	13	10	71	12	82	91	70	27	59	86	19	54	70	56	62	26	73	40	22	84	57	50	15	21	15	50	99	82	25	54	15	79	67	68	93	33	61	12	59	80	92	68	16	26	28	56	49	28	53	29	14	80	15	63	96	99	42	93	17	100	97	35	58	39	83	39	30	73	67	30	30	40	88	43	30	56	35	53	23	97	50	83	37	34	64	51	21	82	66	23	80	98	80	56	89	50	90	21	82	28	61	20	51	83	52	70	18	46	27	60	43	20	47	20	80	67	64	20	13	26	33	94	27	21	87	47	34	39	94	34	17	13	64	94	31	60	57	46	93	35	44	43	57	75	47	63	86	73	92	36	66	32	89	76	15	25	51	62	13	87	51	51	14	11	99	78	44	16	74	38	37	95	66	17	75	45	97	40	49	24	34	83	74	37	95	57	46	42	90	29	23	43	79	98	37	48	94	35	52	19	32	66	22	79	77	80	33	41	43	67	58	86	32	28	37	27	15	72	20	57	73	89	75	65	10	30	31	50	13	43	24	54	46	60	85	59	45	69	96	16	73	30	18	44	42	51	18	86	26	16	38	14	81	57	93	79	50	64	24	71	69	78	36	74	86	47	26	81	33	74	84	37	66	18	52	30	30	15	34	61	86	32	73	28	15	86	27	19	12	86	56	35	96	17	37	68	60	74	23	82	54	93	50	91	51	66	78	22	28	18	10	38	32	54	21	64	87	38	80	36	61	96	31	54	28	21	49	70	67	91	61	99	75	53	42	42	58	28	54	98	51	75	17	59	87	74	48	100	91	21	50	41	69	61	13	61	43	12	65	55	14	71	65	38	38	61	22	73	75	40	42	68	95	52	44	70	91	80	95	33	55	65	18	56	22	28	56	44	98	12	69	53	95	61	26	56	16	86	94	60	68	12	97	46	66	96	20	93	73	59	44	46	35	56	92	39	55	100	60	15	99	48	98	38	10	33	20	43	76	97	89	41	86	55	74	25	27	17	32	27	15	93	12	13	74	96	25	47	95	80	37	43	66	69	24	79	30	25	98	65	28	63	58	90	77	94	56	23	73	41	77	43	44	84	48	74	14	79	71	95	79	56	85	24	31	84	44	24	83	22	17	88	59	94	49	86	27	47	48	36	75	78	51	42	22	74	11	89	98	70	98	86	60	32	72	59	23	66	58	78	80	56	90	98	100	64	62	51	23	56	85	33	54	55	44	99	11	88	37	57	68	48	96	25	92	10	28	10	33	99	36	45	93	78	93	56	52	13	64	53	41	35	38	95	21	65	61	41	43	98	67	80	53	24	87	88	16	45	42	69	96	71	19	42	52	37	98	59	59	79	83	66	74	48	98	12	11	67	32	54	59	25	65	85	85	75	15	72	28	41	49	22	98	31	13	62	75	51	86	87	46	90	49	21	88	26	45	21	66	91	88	70	40	21	83	67	20	47	33	52	81	27	86	82	85	13	21	82	63	38	43	57	80	61	31	44	34	54	85	53	29	52	98	41	73	90	71	85	96	15	71	55	12	71	45	28	52	74	63	14	87	68	85	97	65	63	71	18	12	60	48	45	21	31	59	65	72	31	50	70	38	79	90	91	14	85	27	26	35	18	77	31	26	88	77	81	89	43	22	56	49	71	41	52	21	56	37	32	27	56	23	90	67	30	21	79	47	94	71	72	47	49	47	15	11	60	25	25	97	43	48	25	42	16	63	24	48	86	39	38	85	32	78	36	13	27	19	35	55
86	36	100	53	73	65	93	11	91	18	34	99	24	75	26	95	80	69	45	69	18	61	48	91	20	100	10	72	85	53	68	38	19	39	53	85	18	36	39	57	99	59	78	15	77	53	11	68	33	81	47	60	27	67	45	56	47	59	52	36	100	71	53	41	61	13	89	78	16	55	21	45	90	91	36	27	56	70	20	48	35	21	26	57	49	49	29	87	93	28	16	47	50	65	19	77	94	84	60	88	29	30	74	75	54	68	95	41	21	15	14	34	43	65	41	39	33	85	26	63	72	40	54	17	51	71	62	78	40	41	14	51	70	16	66	13	68	82	67	80	79	33	52	99	67	100	69	54	83	20	84	16	16	97	84	18	37	52	26	81	77	100	95	57	81	29	26	99	16	47	83	57	95	29	63	80	41	48	86	36	79	54	68	52	78	83	60	72	23	64	91	64	83	73	73	80	25	62	81	46	58	27	84	76	12	64	21	71	70	65	39	12	23	32	86	95	19	20	63	71	95	96	74	22	92	81	16	15	22	63	71	29	10	68	65	28	19	99	12	86	36	18	70	21	65	16	54	75	65	47	22	98	64	29	47	31	63	83	70	73	37	53	87	41	65	23	67	32	75	13	86	97	38	10	18	83	75	88	39	92	81	52	20	43	69	36	73	89	37	48	99	77	42	30	15	86	28	84	85	68	84	12	49	56	73	22	78	18	92	62	27	85	21	11	21	23	98	32	20	87	22	12	90	20	99	18	90	65	17	24	75	17	84	32	11	65	92	98	75	36	64	21	56	80	25	42	93	23	65	24	90	57	49	54	99	48	58	30	94	80	40	43	67	10	38	43	95	96	77	53	65	29	46	19	79	38	88	27	24	93	19	77	55	88	18	71	50	87	84	44	30	39	11	13	73	69	25	63	66	62	81	89	97	67	83	99	62	28	89	71	49	40	11	43	68	60	66	22	85	40	95	74	12	83	20	31	28	64	92	34	37	86	56	99	39	76	83	11	47	19	14	53	87	83	71	77	88	35	79	19	43	79	66	40	20	73	18	43	64	30	44	12	42	39	24	45	86	44	35	25	30	93	82	79	79	54	87	26	46	35	88	32	67	14	65	78	99	51	66	61	77	67	99	22	100	31	14	72	19	49	86	75	78	73	94	52	15	63	79	46	80	80	37	89	89	19	53	93	59	20	13	22	74	74	96	67	11	63	16	72	46	85	10	35	52	84	44	85	13	71	12	72	67	16	74	69	59	78	49	22	86	85	12	85	12	36	94	23	68	46	62	81	73	26	74	33	21	93	37	90	68	31	26	98	56	33	54	93	55	28	96	21	50	50	23	68	42	77	71	82	29	42	46	82	32	19	60	71	41	33	42	67	41	51	62	93	86	70	29	29	20	17	59	71	27	27	75	92	53	12	48	37	42	31	28	75	10	86	54	28	99	36	75	16	14	62	27	55	93	94	79	60	74	38	29	44	39	26	13	37	58	19	80	55	46	74	86	79	35	47	18	60	82	51	55	11	19	97	93	20	23	42	12	56	85	50	54	55	12	95	81	56	29	78	77	46	59	62	23	33	71	23	88	98	22	98	13	99	87	55	75	41	71	50	27	23	12	50	31	85	20	59	93	68	58	55	12	31	34	52	52	51	96	16	85	39	39	52	82	60	74	31	14	44	67	30	58	64	50	80	70	65	59	75	32	83	65	38	94	97	42	19	77	67	72	80	42	54	11	97	23	19	69	45	89	29	28	66	60	27	72	96	55	84	24	56	55	73	47	54	23	40	75	13	74	90	70	83	46	24	33	12	41	81	69	15	79	19	28	51	29	32	63	58	92	30	56	88	41	64	32	15	80	32	73	97	99	55	45	39	82	72	42	12	18	99	16	41	72	11	41	52	94	14	26	33	43	43	70	67	85	13	38	68	79	68	34	79	81	20	43	58	17	29	54	34	34	36	18	80	24	49	37	21	31	14	98	17	27	69	63	53	55	33	53	88	63	66	18	29	72	27	60	84	75	59	33	64	38	33	39	92	77	83	36	60	55	99	51	75	51	27	25	21	97	31	57	65	41	82	93	40	39	36	59	68	84	39	38	92	13	49	70	35	33	83	23	50	69	15	93	31	46	46	82	23	55	45	85	67	54	90	39	94	83	41	60	76	97	34	15	90	99	24	65	24	22	79	81	51	20	44	99	75	39	10	82	35	80	50	52	33	99	53	73	27	97	90	91	93	48	59	76	98	26	54	50	51	31	83	42	17	48	30	97	62	20	64	58	76
60	40	50	90	42	68	13	36	31	95	32	76	78	56	20	13	25	86	42	19	34	38	52	70	93	53	79	63	23	94	26	74	71	19	11	88	52	75	40	52	56	89	35	45	36	55	39	70	20	82	53	80	57	92	47	47	16	96	64	38	71	49	51	41	59	52	32	60	85	93	14	84	65	32	65	33	54	34	86	64	11	90	18	91	60	98	51	40	27	56	29	22	97	23	11	33	95	40	78	68	51	72	67	38	48	17	98	34	62	79	71	69	96	25	96	74	26	100	15	92	61	82	54	61	52	32	92	100	66	18	19	82	66	88	67	50	63	29	76	79	25	23	81	86	89	26	52	46	70	40	33	30	10	68	13	28	26	48	38	16	57	67	74	13	49	36	54	25	33	25	73	24	58	18	43	75	88	21	69	74	70	61	84	21	79	67	90	21	97	28	33	78	53	53	69	80	42	49	14	20	22	73	69	48	83	31	83	42	48	68	76	81	63	25	89	30	13	39	99	56	68	42	27	86	38	92	46	76	90	94	29	91	82	89	99	38	38	57	14	48	26	79	35	76	88	78	70	47	13	18	29	98	83	94	17	62	16	46	66	68	95	63	23	34	31	78	63	98	52	27	85	64	53	35	100	87	83	78	32	62	61	17	54	70	72	12	90	72	84	65	53	32	13	89	22	28	78	35	46	15	55	97	24	33	63	32	27	59	20	80	24	87	38	47	24	45	54	77	18	65	40	79	73	97	66	57	85	32	86	67	77	91	18	21	81	73	54	18	42	14	89	74	21	69	81	47	67	26	80	29	33	63	93	66	32	27	21	59	28	18	56	53	70	50	40	36	19	44	67	81	40	31	30	36	23	61	45	20	31	69	33	98	60	87	71	63	23	48	27	98	85	61	68	81	86	64	86	81	44	88	11	68	76	25	62	20	44	69	58	75	70	43	80	74	64	18	22	47	23	91	74	100	71	12	36	90	64	22	53	17	40	69	99	76	60	51	41	27	95	38	36	57	90	56	64	61	80	88	13	12	53	66	89	88	18	27	62	68	98	74	50	96	39	27	57	66	81	50	34	71	25	57	41	31	48	21	48	67	83	52	34	29	38	25	29	27	25	93	72	22	47	52	25	42	49	14	82	28	42	26	26	10	19	88	85	50	36	99	45	46	24	57	59	44	55	18	65	16	59	79	38	13	65	10	52	23	22	20	99	84	98	66	73	89	49	76	70	52	32	36	19	63	13	50	60	80	24	92	76	19	42	99	95	51	26	73	51	40	54	50	85	92	96	59	57	36	31	63	21	18	17	60	84	71	54	59	89	88	48	50	81	84	41	95	81	27	84	15	92	26	27	25	73	18	74	80	11	35	10	49	33	75	59	61	48	82	92	39	61	64	78	80	94	40	25	39	37	100	86	40	22	54	37	27	32	33	93	71	26	48	82	76	48	44	80	29	12	59	91	37	32	100	100	80	89	96	89	33	12	97	37	42	21	13	39	18	80	79	98	55	64	13	90	35	72	67	97	59	29	57	35	66	94	60	39	35	51	59	85	31	71	79	98	48	54	31	22	16	42	65	76	98	98	80	82	39	24	83	36	17	82	88	12	100	23	27	47	74	96	38	16	32	97	40	61	68	48	11	99	57	75	53	91	60	89	21	15	81	23	50	53	51	27	37	19	73	23	86	31	27	22	96	94	97	14	30	84	63	79	14	51	76	80	29	53	16	62	29	62	90	58	68	44	10	89	64	69	52	38	60	44	56	84	14	48	10	52	68	38	25	88	85	98	34	18	27	84	40	80	67	86	14	30	79	97	11	44	49	54	38	87	31	29	61	82	45	65	99	74	76	51	71	100	63	69	51	15	52	32	99	87	71	25	37	19	65	32	48	98	52	53	36	53	49	45	100	29	16	34	63	12	23	65	73	53	23	20	23	26	82	82	55	64	21	33	92	94	85	16	12	77	26	12	21	99	68	60	42	35	62	97	78	85	42	52	44	15	30	96	11	95	24	93	57	65	18	66	80	43	21	20	93	73	57	98	81	66	35	83	47	36	63	67	73	87	17	99	59	44	94	58	21	69	37	57	45	51	51	15	54	53	35	94	48	37	33	96	45	14	64	54	20	46	49	18	24	63	46	10	70	18	13	26	67	26	52	16	70	21	81	70	11	44	72	37	97	69	86	60	83	77	63	70	22	41	33	36	69	68	40	60	92	92	43	32	23	59	44	17	59	70	44	46	47	71	98	56	61	70	83	76	73	55	85	47	71	27	98	47	48
61	39	76	39	26	49	92	47	94	71	55	39	56	74	77	46	57	74	87	86	62	51	78	22	69	74	35	96	76	98	78	99	19	36	19	82	36	55	90	12	78	89	53	59	31	35	88	99	24	51	17	22	50	95	32	56	84	85	75	41	68	56	50	58	20	37	80	98	41	75	76	93	60	53	15	70	35	28	23	96	96	85	76	83	68	16	90	22	22	24	34	68	22	41	80	68	77	35	52	92	63	83	43	90	64	74	11	27	95	88	50	66	27	30	31	69	43	60	98	62	65	13	83	20	96	88	79	45	26	95	12	46	83	96	70	31	39	71	95	96	44	66	99	53	86	67	82	52	80	31	82	91	88	19	82	12	78	48	93	70	12	62	37	91	64	14	28	57	28	22	57	32	44	46	78	67	59	99	86	84	11	46	74	64	64	59	21	24	33	23	52	23	79	90	48	68	19	93	26	80	12	45	27	56	32	92	28	73	55	33	95	96	65	54	39	89	33	18	34	54	39	18	93	84	92	30	19	19	74	39	83	59	92	90	70	64	37	76	45	65	71	76	27	57	27	51	73	66	61	51	98	35	32	34	55	93	50	43	79	25	48	73	35	80	92	37	30	56	100	55	25	50	70	57	49	77	11	86	35	85	10	84	76	26	19	66	73	92	69	69	23	64	90	69	96	69	26	90	26	40	61	36	16	47	16	26	58	46	77	30	52	62	82	21	95	66	21	23	99	36	77	56	21	21	71	95	51	30	50	86	83	71	70	95	72	36	41	98	17	83	21	100	97	43	84	55	66	52	90	17	27	14	80	68	83	20	37	71	11	45	41	20	54	34	33	41	48	36	72	81	97	76	85	16	30	24	13	35	73	64	62	23	90	98	32	13	30	89	88	27	66	34	98	33	48	65	66	13	66	96	97	54	77	27	97	94	81	43	20	72	14	51	26	52	23	66	70	43	76	64	58	32	73	49	30	40	89	79	40	36	73	83	30	63	83	71	71	93	62	87	71	24	63	16	68	68	14	53	71	85	32	23	42	64	99	42	33	75	89	70	78	49	83	36	76	57	69	61	16	66	24	53	56	67	49	24	60	66	99	82	31	23	58	58	64	65	33	96	87	92	51	17	43	47	52	12	82	14	60	34	25	30	42	39	37	53	97	34	58	16	24	87	74	56	86	77	19	70	94	20	12	39	90	34	94	40	87	39	60	65	80	22	58	74	12	70	53	35	36	14	28	80	89	87	26	26	20	52	78	65	33	85	29	30	89	48	79	34	68	99	60	90	89	40	62	63	65	74	40	18	68	30	31	37	85	11	93	42	89	51	91	14	73	35	94	10	56	90	66	84	88	16	88	37	79	81	98	29	77	84	57	30	22	28	14	63	38	24	80	62	40	26	68	25	71	54	34	32	74	21	89	43	23	77	87	27	58	48	57	68	14	69	31	56	98	55	52	42	89	100	19	56	51	96	74	68	23	36	42	39	21	60	40	46	90	25	45	58	98	30	48	36	86	24	76	15	28	27	41	64	61	73	69	95	89	85	33	87	98	92	28	74	18	88	12	18	73	26	89	73	42	40	67	54	18	29	11	91	75	40	87	100	52	33	12	58	93	96	45	12	75	84	21	22	86	92	56	78	99	79	15	68	70	88	71	37	88	82	20	90	62	69	84	96	66	11	96	60	42	56	65	17	68	30	26	47	62	84	79	22	79	92	48	32	100	26	69	86	34	51	37	15	60	75	57	75	62	35	26	60	90	33	79	65	55	85	98	74	39	72	98	22	55	76	56	54	45	26	33	73	27	91	19	73	16	64	27	59	44	40	71	82	18	49	40	16	92	92	57	40	89	69	69	67	19	80	70	16	95	92	12	61	56	98	63	25	63	29	60	66	25	59	69	59	40	39	92	29	49	62	21	35	26	85	27	84	87	35	12	90	42	76	80	53	30	83	60	83	81	45	95	59	67	42	72	76	13	35	100	66	34	57	55	78	99	33	77	31	26	94	69	97	22	56	53	68	85	57	89	11	84	20	20	38	73	53	12	78	79	97	40	52	16	52	71	56	37	53	35	17	82	52	36	68	46	49	96	83	96	37	70	74	88	51	70	20	68	44	53	90	94	80	29	12	42	61	23	76	49	46	53	47	68	50	11	51	33	16	61	64	55	97	50	41	85	60	19	65	59	77	16	36	12	67	70	74	49	14	83	47	36	37	55	57	54	11	73	100	80	48	97	86	81	68	39	12	42	80	11	75	70	47	66	23	42	43	13	88	78	58
81	32	16	61	56	69	20	86	94	15	24	80	63	40	18	83	97	19	17	67	59	72	61	49	53	36	99	24	49	84	52	45	20	87	14	31	69	69	30	29	32	21	32	78	73	27	19	99	65	36	28	85	43	32	96	48	81	96	64	43	93	93	17	78	82	73	29	92	19	48	46	33	33	30	42	66	46	71	13	36	36	96	83	82	16	81	76	56	76	27	69	100	27	60	74	48	37	48	91	33	87	65	96	82	79	97	38	33	41	92	79	44	47	26	76	67	78	74	13	98	48	98	66	45	70	77	55	78	53	10	75	82	56	64	95	55	72	58	45	99	62	14	25	95	92	53	26	14	94	16	16	20	20	85	13	96	21	88	89	73	63	47	87	95	91	61	37	42	74	21	96	12	30	84	79	31	18	43	13	92	11	37	60	71	78	81	52	61	25	99	19	96	80	95	54	41	24	76	42	39	27	65	15	14	95	40	82	27	74	17	70	29	34	75	39	87	54	90	39	75	39	44	75	49	94	92	50	20	98	61	97	18	31	97	23	65	58	44	32	19	45	70	45	30	16	82	70	21	70	77	17	14	41	22	77	77	85	95	20	28	79	60	86	58	57	80	65	95	59	63	39	19	59	44	65	22	58	98	13	63	17	51	90	40	41	70	32	39	80	83	53	68	61	81	76	38	32	77	87	52	86	62	42	32	21	77	88	10	99	32	79	41	17	69	78	36	91	38	89	68	48	73	38	54	48	68	32	43	87	33	61	75	68	96	72	63	13	31	83	95	73	74	96	91	26	34	51	10	84	63	14	43	74	51	72	75	44	83	24	93	100	82	17	86	25	58	46	78	62	29	89	98	71	21	88	14	88	79	37	82	28	72	49	48	83	74	90	69	44	66	36	34	74	55	74	82	93	97	81	46	37	85	65	67	79	29	51	51	15	62	12	79	52	87	52	100	91	74	16	74	58	62	69	60	93	63	29	93	47	75	59	69	62	62	10	80	26	58	61	96	29	24	58	78	30	79	72	16	52	14	35	20	15	39	72	56	85	33	91	68	36	40	58	33	46	84	58	51	49	27	12	61	87	53	43	77	61	99	85	74	97	96	38	83	60	93	41	64	76	92	60	71	48	25	59	43	76	82	51	70	50	80	77	42	53	69	86	87	19	65	23	65	23	43	13	25	93	63	55	31	24	28	95	51	38	90	83	13	75	19	42	53	36	54	69	55	96	82	45	58	67	31	80	25	21	58	93	20	15	84	15	87	52	94	12	96	10	13	91	74	60	69	94	58	59	93	25	33	52	53	87	34	43	87	42	41	62	38	99	19	37	51	29	37	38	91	78	45	42	70	98	50	93	43	95	85	27	33	16	24	43	76	85	94	86	92	48	19	69	18	82	14	63	79	89	81	26	55	65	25	66	81	88	20	21	98	37	48	17	59	53	66	80	82	72	85	15	16	38	82	78	55	76	23	96	81	76	44	50	40	46	99	87	62	14	97	32	60	34	44	38	66	27	69	56	27	15	19	62	47	13	54	12	28	40	77	28	58	33	52	77	44	15	74	22	100	62	87	25	25	50	61	68	62	70	89	19	73	17	19	85	69	18	96	15	28	17	35	20	42	42	19	47	81	82	26	95	39	15	90	31	37	42	54	71	28	70	90	70	52	60	40	93	84	25	71	31	88	27	60	78	96	45	14	18	59	91	47	39	28	88	28	62	34	55	100	97	18	24	58	62	80	16	56	17	31	10	43	39	41	77	48	18	16	82	47	82	14	70	88	25	44	74	50	13	90	80	16	81	43	50	48	96	40	16	98	59	49	13	73	42	59	62	65	87	96	40	48	30	85	72	100	73	25	61	70	90	87	29	59	82	69	16	89	70	22	40	93	15	56	74	87	100	45	70	62	100	72	22	95	44	92	89	57	76	65	37	29	92	56	28	43	36	63	81	41	28	73	30	56	33	48	38	15	39	54	39	10	24	89	29	80	59	93	43	38	61	50	99	99	38	52	17	41	58	69	49	32	59	46	69	62	95	63	61	11	100	28	84	23	57	31	98	78	54	97	43	34	98	25	13	11	65	75	37	71	17	28	78	28	19	45	25	21	71	89	17	81	16	63	26	86	48	46	21	12	62	78	25	75	86	55	56	19	69	89	72	86	99	42	59	12	44	66	83	12	54	16	77	89	62	22	61	52	38	61	98	96	45	47	89	19	23	94	27	80	52	42	56	29	34	70	86	69	72	93	13	97	72	14	25	22	85	25	28	84	72	24	49	82
53	24	54	31	29	87	90	88	100	14	17	49	72	99	21	60	19	64	87	58	75	68	16	48	100	30	80	13	23	32	16	49	91	97	37	48	31	43	89	44	17	56	14	96	83	36	94	74	47	18	42	93	85	74	45	23	37	19	86	37	70	28	72	15	85	11	47	88	27	44	61	47	59	57	26	19	26	41	24	43	86	44	19	54	64	44	31	16	99	70	26	52	72	36	51	27	47	95	63	15	21	98	16	28	53	10	51	62	59	55	92	31	86	66	25	86	70	41	89	62	40	73	16	43	77	74	24	96	68	86	91	49	61	76	32	13	29	96	92	83	44	80	65	23	25	86	34	40	91	75	83	99	81	20	23	51	21	48	11	22	71	11	10	40	36	95	38	22	97	32	44	89	57	37	48	99	68	58	42	30	88	17	51	55	30	31	34	81	83	30	41	99	95	46	67	66	20	87	61	56	16	31	45	64	77	90	39	37	79	79	51	67	42	80	67	71	73	26	71	78	23	62	47	35	46	18	82	97	48	24	57	69	12	72	60	94	87	83	36	31	11	18	79	80	88	63	22	12	76	84	21	48	28	18	17	21	96	80	65	71	53	62	16	67	65	32	100	43	30	33	79	11	71	86	47	92	51	93	71	24	93	58	28	34	21	69	42	74	51	32	59	44	83	75	10	98	73	14	65	68	14	43	92	78	81	97	69	18	55	45	44	53	61	47	86	51	76	76	68	66	65	37	31	50	15	18	51	62	11	89	77	21	13	93	55	92	100	20	98	52	77	12	34	94	60	97	77	23	29	87	62	93	49	49	76	84	98	54	43	96	45	35	27	17	45	93	44	20	81	83	24	37	83	42	85	14	60	53	84	83	51	19	67	48	38	75	53	70	86	99	78	62	61	31	52	19	66	17	77	80	18	88	53	12	19	88	32	90	46	50	14	65	95	15	46	63	90	83	84	86	95	12	83	87	79	61	100	40	50	56	69	34	40	90	47	61	56	52	49	73	94	27	45	66	63	55	11	16	54	47	33	46	42	83	70	82	90	52	28	56	87	61	95	75	89	31	95	62	19	45	11	11	94	79	79	71	36	50	13	77	35	51	92	86	13	30	62	88	59	93	58	12	47	14	21	72	22	39	88	65	68	18	48	82	99	20	93	87	37	12	75	57	85	80	51	75	32	67	60	20	55	84	89	85	93	54	84	40	85	68	23	14	52	70	97	95	58	15	97	96	92	62	58	51	24	54	55	31	90	25	49	59	48	43	65	19	45	60	90	36	64	39	56	85	97	41	94	45	99	38	46	11	70	96	37	95	91	28	54	55	38	18	24	61	72	76	59	22	47	49	20	59	90	26	88	52	18	61	94	15	28	19	80	22	31	57	11	30	84	37	61	99	16	58	70	34	100	64	41	84	69	74	36	84	54	68	65	78	85	60	20	79	36	94	33	31	87	66	69	68	89	15	93	79	94	94	34	50	79	99	69	72	94	89	80	12	77	16	81	18	90	45	55	94	55	58	57	69	45	31	21	59	31	70	40	66	77	58	90	76	90	97	74	51	80	97	73	24	69	89	14	38	65	24	39	98	47	60	42	67	49	92	91	41	26	88	35	68	36	90	72	64	39	91	14	49	71	64	12	96	76	65	49	22	35	44	21	40	78	58	85	58	40	52	47	65	92	23	20	91	50	86	19	28	95	32	21	20	22	85	88	43	74	51	34	86	82	43	24	33	74	70	11	34	22	53	48	81	71	42	90	40	46	91	51	18	13	50	66	53	81	16	70	94	65	56	30	63	50	87	88	57	27	60	25	72	93	53	77	59	31	11	88	85	95	16	57	87	73	32	92	45	49	91	90	69	16	13	67	41	51	45	93	23	56	87	18	77	30	50	76	12	74	71	51	56	47	24	56	84	84	88	64	99	28	98	84	29	95	86	14	43	40	18	33	78	84	21	34	18	99	50	63	20	68	69	57	23	36	58	14	25	68	62	13	73	84	84	95	72	56	69	57	92	16	35	52	43	11	33	18	33	63	19	59	83	98	100	59	37	52	39	13	26	40	62	22	98	50	79	39	36	99	40	85	65	60	68	96	62	79	48	94	50	44	72	80	66	50	15	51	51	68	63	43	50	11	20	22	30	19	64	94	96	32	30	50	76	16	39	38	10	63	83	97	65	83	71	39	25	43	92	12	38	66	44	75	94	35	35	92	74	42	70	90	60	77	75	73	45	27	56	49	63	21	87	20	77	42	21	83	75	13	30	43	54	64	74	68	26
94	19	72	68	12	56	55	94	89	37	59	16	90	48	78	30	19	65	69	54	63	98	75	83	37	75	92	99	37	95	53	61	24	27	61	61	94	20	58	50	69	74	57	19	77	89	68	17	65	76	89	25	96	84	64	49	91	87	39	44	41	41	82	71	67	30	37	34	33	69	20	53	59	21	63	100	22	92	50	88	40	14	99	63	89	25	56	44	63	29	34	28	89	93	24	99	71	65	98	28	55	31	47	24	74	55	80	76	30	74	91	63	62	11	83	38	44	72	40	11	18	71	96	48	69	19	21	23	97	51	82	92	31	60	96	68	96	74	81	59	28	25	56	59	15	28	91	78	99	12	94	38	46	93	27	20	80	86	63	54	91	68	87	91	19	10	61	25	73	61	76	45	39	79	23	45	10	93	94	94	37	68	18	38	92	84	68	80	43	57	80	84	94	11	66	79	71	11	97	19	40	26	23	86	22	83	65	12	97	73	45	16	85	41	14	97	78	91	55	71	45	27	65	66	22	81	19	69	75	86	80	67	74	53	55	25	75	52	14	63	43	63	61	50	18	83	90	68	95	41	84	76	12	79	53	20	44	53	10	73	12	88	81	95	59	55	69	71	28	23	84	80	43	86	80	89	10	15	75	27	53	98	40	98	72	47	29	30	41	98	63	88	17	89	95	16	87	99	50	26	74	29	91	21	14	66	48	46	91	91	32	69	14	79	20	33	58	39	24	51	66	95	30	34	23	89	54	24	17	54	64	50	32	27	74	44	58	92	44	96	30	96	76	37	19	45	59	26	49	11	52	76	45	71	55	81	87	16	67	50	96	25	52	100	11	92	59	22	60	79	61	53	57	30	25	73	83	36	87	52	95	22	35	51	96	70	34	50	69	15	41	97	21	59	55	29	27	61	16	84	50	71	67	74	68	53	56	84	36	46	27	86	96	72	82	20	60	68	48	30	82	59	70	97	31	53	63	80	86	89	27	91	95	95	62	57	17	48	28	99	40	100	53	89	12	89	47	43	68	30	73	37	78	45	73	74	58	69	83	61	39	16	46	32	38	54	47	71	24	93	60	97	47	22	23	70	19	86	95	71	17	59	94	53	64	38	59	72	35	41	32	26	95	91	64	89	92	92	40	81	86	48	50	81	42	37	86	56	63	11	86	50	56	38	24	55	44	62	58	70	61	38	73	35	28	14	77	96	12	18	37	46	22	53	33	67	76	48	10	95	41	25	13	52	93	89	14	59	73	17	29	87	16	63	70	75	95	63	43	15	24	80	87	85	71	64	37	77	60	50	71	26	44	78	58	73	94	94	19	22	97	42	99	65	29	60	20	85	52	14	98	55	32	79	52	58	53	15	49	24	88	56	73	24	54	77	79	78	49	47	62	32	43	86	54	88	60	13	48	60	37	65	43	69	42	71	96	32	88	87	93	52	71	88	72	87	40	44	55	31	62	79	57	55	88	88	12	20	74	59	53	40	64	26	32	45	23	22	45	29	70	56	18	39	95	90	64	21	76	99	20	45	78	62	40	80	73	36	13	69	50	32	85	57	35	36	94	40	99	67	39	62	80	52	34	57	42	93	45	18	38	45	98	65	45	19	33	15	67	24	15	60	65	18	28	23	44	53	30	26	96	22	45	32	63	45	25	98	79	69	71	26	56	97	32	47	76	79	57	47	100	93	52	85	45	27	54	55	12	94	65	70	97	92	74	54	37	94	32	85	23	68	55	97	23	16	55	95	62	86	77	14	18	20	61	83	84	27	99	38	61	84	45	20	76	52	79	47	89	61	47	21	55	37	72	81	57	35	34	32	57	60	81	26	25	12	22	61	20	92	59	10	85	61	72	26	71	70	85	89	92	55	72	69	92	85	75	92	42	79	85	65	27	98	97	80	98	19	81	36	67	51	23	78	63	75	13	52	90	63	42	95	62	92	99	66	99	92	98	22	47	78	18	23	59	33	97	45	84	69	36	94	70	91	67	25	62	80	92	61	41	26	67	25	89	17	24	17	52	30	21	40	60	32	72	88	19	55	58	81	88	73	43	91	97	77	98	43	34	59	31	13	60	73	23	25	36	18	24	65	98	93	46	45	26	61	96	46	12	34	20	45	73	35	88	19	65	87	28	14	74	94	41	23	11	27	80	90	61	87	69	59	93	92	54	83	89	75	20	26	68	59	76	34	67	38	70	48	42	89	83	42	98	53	15	39	18	97	45	72	43	25	26	25	22	16	23	74	78	40	15	57	55	79	18	42	79	41	94	83
35	88	66	94	56	90	96	47	12	71	40	94	50	47	23	80	82	67	99	13	94	70	94	27	61	19	50	10	24	40	94	74	87	89	76	58	30	65	35	65	79	56	24	86	55	26	45	31	80	13	85	87	30	51	44	43	17	18	97	25	42	92	99	98	81	25	26	70	16	44	91	88	35	58	100	84	15	25	36	67	15	57	35	63	81	32	92	86	20	67	18	91	55	61	78	28	58	58	61	80	75	47	63	81	40	45	87	82	49	72	89	37	65	63	48	43	17	78	60	10	11	97	47	39	31	35	56	91	58	97	52	40	71	70	33	74	59	47	34	24	51	13	98	40	47	35	52	35	10	88	46	74	60	29	70	72	55	23	64	55	51	16	41	86	64	53	14	50	25	28	39	61	30	61	32	76	94	23	32	44	89	46	59	46	27	74	41	43	14	33	75	92	65	66	61	76	36	53	65	75	77	46	84	58	46	90	94	12	47	56	81	50	75	74	74	85	68	11	68	62	46	99	38	67	88	60	81	87	64	55	73	34	40	57	89	58	82	73	30	54	15	95	97	37	26	37	41	27	50	45	47	18	95	99	16	95	71	43	14	16	36	60	91	15	33	87	22	25	45	34	78	45	82	28	28	72	81	49	36	97	13	42	42	57	43	29	19	86	35	49	24	29	93	30	99	44	91	23	21	14	30	77	92	28	20	16	53	34	69	86	97	66	94	82	52	43	83	93	36	84	36	15	64	96	32	23	53	96	16	63	100	88	57	95	10	17	17	80	18	91	30	48	54	68	41	19	92	82	22	72	40	25	39	11	47	91	49	82	85	97	29	59	68	98	24	33	67	40	68	61	65	24	99	97	95	53	76	90	27	15	92	31	29	47	74	65	64	69	17	70	40	81	53	75	74	77	32	72	43	49	27	10	17	50	27	40	26	64	23	32	37	41	41	61	99	21	80	35	26	97	96	51	99	30	92	20	27	61	11	36	86	61	29	13	62	43	98	39	73	12	83	80	79	20	58	92	86	94	34	55	21	13	98	94	28	57	34	67	74	82	48	15	63	60	81	61	16	19	73	79	17	80	18	42	11	58	63	59	22	34	18	68	83	20	89	36	58	57	40	14	55	25	28	30	80	83	82	60	41	13	49	79	79	46	67	56	76	53	48	61	32	32	98	65	73	47	20	33	74	64	12	36	67	73	47	15	42	55	38	44	97	57	72	82	91	67	60	43	48	97	84	68	72	35	56	75	98	61	42	11	25	56	18	43	58	72	23	59	56	41	75	86	44	32	68	69	79	71	61	42	43	89	11	53	26	91	37	48	12	71	19	50	81	63	28	34	13	53	36	22	69	27	57	44	80	94	33	36	45	68	51	57	87	67	54	36	67	84	83	77	25	46	93	53	52	65	75	33	27	76	37	41	47	97	88	93	76	54	95	58	20	23	98	35	82	49	16	61	18	92	72	68	76	100	55	17	63	62	23	32	80	30	15	51	40	99	71	59	36	82	97	67	94	14	63	39	71	32	48	68	70	96	48	66	89	48	26	79	45	24	71	99	42	78	11	49	36	32	20	39	45	73	19	28	67	88	65	70	34	23	77	87	51	75	88	64	98	97	41	85	50	78	78	37	93	94	91	91	69	38	37	56	89	80	67	12	22	69	29	32	34	62	49	63	48	55	83	99	35	91	86	86	64	78	31	88	50	23	51	11	79	27	49	75	48	23	72	69	34	43	15	66	47	30	31	52	47	76	90	28	99	100	71	64	64	15	81	55	35	94	55	99	45	45	85	41	95	41	15	82	51	93	78	84	79	76	93	52	71	54	33	84	36	20	42	44	77	68	28	98	43	66	20	78	23	48	14	64	65	35	66	93	44	11	24	33	83	40	85	68	99	35	72	74	80	66	83	86	79	46	39	55	42	50	24	22	88	57	11	76	31	22	41	84	22	52	34	38	60	26	15	49	36	19	83	22	53	89	90	44	80	16	18	73	67	86	47	66	48	26	43	14	69	13	74	56	35	84	22	100	74	78	99	61	73	63	19	23	98	26	71	87	84	99	86	84	21	97	37	35	47	41	48	25	97	79	44	63	64	25	38	65	59	36	37	50	76	30	76	34	42	98	41	16	47	67	88	36	94	63	32	37	24	25	70	36	76	23	21	27	29	24	28	44	83	41	35	53	12	81	14	34	16	77	63	95	96	19	42	22	24	75	83	11	71	16	31	99	80	67	41	35	18	38	32	65	51	49	74	85	38	45	100	76	35	47	40	51	84	34
43	80	52	45	38	74	81	61	98	50	64	81	54	40	83	35	94	38	20	34	83	74	71	54	21	68	38	63	71	88	24	24	87	50	37	11	24	97	88	43	50	37	61	57	30	70	97	86	99	39	26	13	75	61	11	73	18	14	68	66	97	21	37	86	71	42	93	59	62	39	49	49	32	90	64	38	77	45	37	97	74	47	21	70	61	38	47	31	31	13	46	16	19	31	75	99	40	70	94	22	50	91	36	91	63	18	14	91	88	42	97	48	63	70	92	84	68	43	52	14	19	53	76	24	12	43	79	96	32	38	33	15	75	55	33	98	69	53	62	22	46	36	46	55	19	91	78	60	84	62	56	71	71	35	78	94	82	76	74	98	56	67	29	85	64	13	83	89	30	37	42	21	57	25	53	87	95	88	43	80	15	69	57	45	19	83	63	56	95	73	86	28	34	45	42	33	95	38	58	98	42	55	46	51	27	14	84	11	22	50	96	79	73	19	62	61	65	70	44	97	36	78	16	74	85	40	37	50	81	100	76	96	24	35	33	48	42	48	24	47	71	76	65	26	81	47	80	23	99	60	36	84	18	20	47	14	37	94	35	35	86	38	21	54	63	13	19	19	91	30	39	98	76	70	20	80	96	18	77	57	17	78	94	38	92	21	57	12	61	12	89	57	35	40	49	34	80	46	76	59	14	35	90	40	11	49	63	34	22	70	65	25	89	73	40	17	71	83	11	33	68	71	66	69	67	63	79	23	39	69	83	95	58	94	76	69	90	23	17	92	37	93	28	47	37	84	66	81	82	97	21	32	94	63	67	20	36	92	65	97	82	22	50	17	60	77	77	26	74	16	20	34	33	92	44	89	80	89	17	48	60	78	99	76	97	41	62	16	82	98	93	39	58	78	39	44	37	21	83	75	80	76	64	54	96	91	57	34	96	15	52	86	12	36	52	42	26	78	97	59	81	44	72	18	15	38	73	12	64	66	21	62	33	29	32	72	99	100	48	42	94	90	100	61	51	68	44	23	71	25	76	43	99	61	67	98	29	72	100	94	29	92	61	30	56	54	22	46	89	63	65	58	41	44	72	63	67	48	39	26	56	20	54	36	46	49	87	38	99	98	50	20	57	22	75	65	65	100	98	68	12	78	61	83	14	41	30	67	88	17	54	26	25	64	28	37	40	75	17	82	87	92	26	45	53	96	28	69	75	48	16	97	68	28	48	76	58	48	28	57	22	66	93	66	15	56	26	18	31	60	60	79	64	90	70	29	22	25	85	51	19	48	84	91	32	25	61	30	98	11	92	73	99	31	93	70	70	76	48	14	84	38	96	37	84	46	65	71	71	28	65	10	74	31	41	65	42	96	78	66	74	66	33	53	31	78	90	64	60	84	16	43	37	85	66	35	32	15	28	77	66	84	44	25	43	30	69	24	51	32	10	88	99	44	28	65	22	55	85	39	70	26	26	17	14	84	10	33	44	17	33	45	39	19	15	94	54	76	90	77	45	90	89	21	38	26	63	32	62	15	95	48	61	75	93	45	37	27	26	73	49	68	28	55	69	36	36	12	97	37	10	12	63	96	21	56	23	44	18	41	69	57	30	69	76	55	74	57	75	99	71	37	82	58	100	51	44	52	18	35	52	24	89	88	37	72	69	62	42	47	46	83	56	36	38	38	28	97	53	91	35	62	21	64	57	80	16	28	37	73	92	67	81	90	93	60	19	39	25	51	71	59	43	84	72	19	20	85	41	68	39	93	37	24	67	68	20	43	52	88	55	36	14	35	90	90	24	67	30	28	82	52	88	62	45	64	21	57	30	28	88	73	37	50	49	98	66	85	82	43	30	33	45	32	100	49	63	48	65	11	19	22	93	32	45	82	70	80	18	30	29	90	34	84	14	93	86	47	47	90	78	56	67	97	93	30	75	24	78	51	86	44	55	80	57	82	45	83	12	62	13	10	88	16	81	17	77	13	23	29	64	81	40	90	17	53	42	29	100	39	15	42	64	26	26	92	73	49	43	61	87	13	38	32	21	85	71	82	83	42	37	32	25	91	44	25	66	39	90	56	20	58	82	95	92	84	14	47	15	19	18	19	82	51	19	68	99	63	50	54	20	25	79	56	74	93	57	11	34	42	52	59	70	33	91	45	21	93	86	20	84	38	65	11	65	60	22	32	93	56	80	23	49	93	39	85	72	39	11	57	84	70	44	32	66	74	45	47	23	92	62	71	80	90	40	90	15	87	55	63	26	68	94	88	77	71	87	57	77	95
18	70	20	82	42	17	11	60	80	33	23	56	91	54	72	96	73	24	58	22	52	99	49	87	82	97	94	32	93	63	93	81	51	91	71	83	47	34	95	74	29	16	43	61	70	26	48	91	34	89	71	22	57	16	39	39	23	69	19	81	15	49	12	12	39	80	40	32	14	30	53	16	43	79	32	48	83	35	90	57	46	39	90	80	71	77	53	87	68	91	100	77	90	16	50	77	38	80	55	71	23	93	78	82	28	17	73	50	86	79	54	38	42	51	20	40	64	53	20	58	88	71	88	97	85	39	81	26	64	54	74	93	53	49	44	18	53	62	44	99	57	53	60	88	37	80	56	36	13	20	11	83	25	64	22	19	13	90	28	38	39	61	56	54	24	17	59	32	26	25	95	78	26	39	34	54	26	12	35	35	81	36	23	24	26	80	88	75	12	86	53	82	72	56	44	71	86	70	63	35	53	29	55	35	90	14	48	64	45	59	16	79	97	57	89	52	12	71	96	58	70	96	22	80	98	12	18	48	71	51	68	61	47	21	17	14	88	35	33	90	87	96	36	59	43	84	61	47	26	31	57	99	34	32	69	98	95	39	93	99	22	87	73	43	92	27	30	73	84	57	40	77	85	28	25	91	98	53	96	14	46	40	10	19	99	59	81	65	86	24	65	71	94	92	61	40	79	49	72	58	87	37	85	37	56	51	81	41	25	24	84	69	22	71	35	40	52	40	83	67	35	78	72	44	84	64	22	15	42	59	59	30	98	41	34	13	98	22	35	24	98	55	77	76	59	44	68	72	51	89	94	14	18	98	30	38	30	52	56	68	33	88	33	73	36	67	23	88	20	15	52	59	55	43	17	87	69	78	36	77	84	75	10	14	29	34	84	95	71	89	90	57	60	66	11	90	46	67	81	78	77	66	23	12	89	23	68	14	39	71	46	63	91	58	77	31	25	88	90	80	29	26	90	74	61	60	10	37	50	83	65	55	72	89	37	41	77	88	90	91	71	77	71	68	50	82	93	54	89	96	23	18	70	50	100	57	83	45	50	67	33	26	97	35	80	63	83	15	69	19	62	69	23	58	98	51	54	24	67	84	41	96	30	28	33	70	17	89	96	100	93	45	48	81	100	56	68	19	42	38	81	63	93	47	25	55	38	95	83	67	16	23	24	72	33	82	86	77	38	20	62	35	76	90	22	60	84	100	33	32	64	39	85	86	97	50	42	62	29	98	53	38	43	54	35	61	55	78	40	26	54	52	63	10	88	92	59	67	45	67	25	71	94	55	20	86	18	54	87	34	79	77	52	37	50	14	64	85	78	11	85	48	16	27	67	18	16	92	37	37	70	91	16	19	82	42	99	65	79	44	32	34	82	20	32	45	94	38	89	77	88	62	81	67	71	62	70	12	51	33	40	11	49	71	55	72	27	85	46	78	60	51	76	25	14	44	46	68	25	74	64	23	48	99	81	41	85	65	22	26	39	29	59	60	84	18	86	96	31	43	76	21	69	12	66	36	86	92	61	82	91	87	26	35	24	35	94	62	38	99	42	85	86	58	27	14	15	57	11	68	98	20	90	23	98	29	75	72	60	21	70	75	12	98	31	14	68	46	69	18	75	31	77	96	35	42	83	61	78	80	89	14	61	92	28	70	39	17	97	34	21	82	72	79	76	60	28	69	86	36	61	92	80	29	85	95	100	63	86	49	28	19	91	32	56	63	11	44	43	91	59	67	37	42	33	38	86	80	30	16	52	61	99	24	42	35	19	80	30	82	16	25	31	38	34	26	77	35	33	16	95	19	14	18	64	89	94	84	80	46	22	99	53	65	64	74	92	25	93	51	84	73	53	62	44	77	71	50	32	26	55	68	57	73	69	23	14	97	60	54	32	29	52	60	61	36	33	30	85	87	57	32	26	59	40	18	81	37	85	33	19	11	32	74	67	44	95	57	100	73	66	43	99	50	79	81	65	80	75	85	84	41	96	93	80	65	79	62	55	96	29	12	97	65	39	37	54	74	50	39	84	36	60	16	66	65	84	61	35	76	59	64	96	70	50	42	78	43	48	85	76	18	27	22	36	39	38	69	49	85	79	21	75	48	25	71	20	50	80	28	24	64	58	82	77	57	84	12	75	35	14	51	73	30	93	48	60	80	83	25	66	15	42	92	59	95	25	43	84	39	62	32	89	83	35	66	85	68	73	96	16	60	92	84	30	69	36	27	74	83	48	86	52	24	89	35	63	70	34	84	55	28	76	19	16	46	97	25	89	99
16	55	73	37	50	53	79	75	73	28	82	69	17	11	59	19	60	14	32	38	93	74	78	14	88	56	13	31	74	66	94	77	56	12	33	70	98	92	36	49	74	89	49	26	46	10	76	46	18	99	57	64	72	59	88	46	63	38	42	11	77	50	35	48	65	59	93	27	26	100	96	71	74	64	40	91	44	84	71	51	67	54	21	41	99	14	39	35	32	46	21	86	41	53	53	42	77	48	56	80	98	20	48	57	58	71	69	40	24	52	16	95	80	66	25	54	33	39	82	53	95	81	55	66	86	100	58	34	62	17	21	56	49	94	39	69	66	36	30	52	27	46	69	74	51	66	27	43	65	64	15	73	37	20	53	33	67	85	75	35	76	59	57	44	30	85	47	93	20	37	25	80	51	48	88	28	28	58	93	94	79	45	13	36	95	91	77	63	39	29	24	45	34	92	72	75	61	91	59	40	75	19	48	17	88	19	50	68	29	64	32	41	35	30	75	35	25	53	70	62	45	80	98	12	17	89	75	94	90	21	88	89	12	24	75	67	77	45	82	40	79	28	93	59	85	82	25	88	79	42	58	81	78	48	23	22	82	45	25	45	49	86	81	64	73	66	68	98	78	87	82	28	23	99	43	91	94	45	59	60	32	53	63	74	73	34	51	35	87	84	14	76	76	55	30	87	66	65	11	72	15	67	85	63	95	94	72	87	12	35	95	15	52	77	53	80	28	89	28	17	67	50	74	41	94	76	85	56	42	74	15	97	27	33	29	23	85	66	55	98	43	87	13	92	67	44	47	89	48	70	32	38	54	64	53	68	91	13	41	12	92	20	33	74	81	81	20	26	87	51	57	73	79	86	16	14	96	89	62	70	36	74	11	77	68	81	21	71	49	31	100	69	14	99	66	44	52	38	21	46	76	86	75	28	35	30	90	78	94	31	45	76	74	91	48	23	37	14	39	85	72	43	72	12	66	29	42	82	10	66	40	52	53	12	27	78	20	39	35	78	52	46	67	59	24	73	24	24	75	14	47	54	82	31	29	44	96	93	78	53	12	35	16	34	78	67	33	64	77	11	76	67	83	25	90	32	69	97	46	75	75	74	73	77	15	94	98	73	87	84	78	64	77	62	89	17	26	62	76	84	61	34	77	30	72	51	29	82	37	98	68	89	57	52	40	71	17	71	16	29	24	91	63	96	27	71	71	84	31	23	36	27	13	96	28	64	74	92	91	38	83	29	47	49	24	38	81	59	69	70	43	62	53	58	27	77	99	34	65	14	58	10	90	61	21	31	64	71	80	67	71	97	34	59	77	43	90	22	59	10	58	99	83	21	36	30	71	14	27	90	69	12	39	91	29	72	13	60	97	13	71	97	98	59	77	49	55	96	17	43	74	45	60	81	70	54	48	10	82	49	42	21	62	55	67	12	66	24	20	33	34	10	40	43	96	83	45	92	86	81	40	46	51	92	78	62	78	27	67	13	62	72	65	48	36	85	65	85	37	40	34	96	74	25	44	59	72	67	51	87	69	20	95	59	23	42	23	29	40	20	93	43	28	100	64	30	79	90	34	82	60	53	23	28	70	54	19	91	80	10	22	29	71	89	81	89	73	80	94	39	67	20	94	81	88	69	97	31	80	28	64	60	14	89	45	33	83	58	28	60	70	76	12	36	17	26	14	40	53	26	86	84	98	85	31	67	12	70	74	68	88	97	58	76	56	33	59	37	72	96	43	44	83	61	20	61	92	54	19	91	27	99	91	36	19	97	16	84	25	97	37	12	62	56	36	21	15	41	14	40	92	27	73	14	43	75	47	35	35	54	21	79	63	80	47	97	37	32	56	65	59	50	42	28	32	28	41	66	53	11	49	50	87	43	64	40	45	93	18	88	92	43	95	23	26	62	58	15	83	54	29	80	72	76	35	68	44	95	83	70	36	65	36	91	38	62	81	26	93	49	66	59	73	82	88	43	87	13	62	39	100	79	83	49	17	65	15	14	52	49	88	63	85	62	84	98	40	51	74	45	28	80	21	60	63	77	91	99	62	79	64	25	27	82	85	91	51	61	16	92	11	31	27	36	66	51	35	50	18	99	95	13	97	10	83	15	97	17	28	26	68	44	78	12	65	48	11	73	30	94	24	22	74	50	93	80	54	85	89	61	76	37	20	88	51	41	87	79	96	72	44	25	35	22	99	98	39	49	61	43	26	58	89	58	14	92	33	13	28	57	34	72	85	85	22	38	72	42	69	71	95	34	83	50	14	28	46	93	12	55
52	46	54	55	58	82	19	83	68	82	94	28	58	31	70	42	66	63	99	64	100	55	52	42	36	47	71	97	13	24	45	43	81	84	31	44	65	61	21	32	84	32	91	50	68	43	75	40	35	77	80	50	37	87	69	96	41	20	61	75	72	82	68	80	29	25	17	21	94	56	26	47	86	91	56	89	96	91	96	91	63	51	57	88	32	38	50	93	17	26	65	33	70	49	28	70	72	60	61	64	39	42	76	11	61	53	65	18	76	88	48	58	55	86	38	36	61	40	27	47	91	19	88	62	28	52	12	96	28	20	17	39	24	75	94	89	88	95	37	50	58	34	77	13	65	55	53	37	96	52	45	72	89	85	59	54	82	60	45	71	86	34	21	61	48	24	45	74	47	68	45	78	91	95	70	91	100	25	49	99	16	24	54	94	11	53	40	94	12	86	81	34	46	53	48	40	61	53	51	91	39	98	27	34	17	33	36	86	93	75	51	60	47	65	44	99	85	17	15	62	45	67	35	65	25	75	40	23	70	87	40	88	22	79	12	16	60	27	20	66	26	51	26	67	63	54	78	88	18	16	53	17	16	50	41	96	51	41	48	85	61	15	66	33	56	16	12	19	87	74	84	84	82	73	19	35	27	77	74	93	80	60	69	68	14	69	92	43	83	80	75	37	51	59	86	60	39	57	92	86	18	69	80	61	60	63	61	80	16	22	30	71	95	26	90	41	78	37	41	78	30	84	31	80	82	68	56	79	26	15	99	49	16	26	77	18	25	37	99	13	30	16	26	92	85	42	29	12	79	84	82	50	29	47	13	18	78	61	34	18	36	47	17	56	25	23	28	14	69	79	97	60	63	94	47	19	99	46	70	29	77	87	92	59	43	35	32	94	42	50	83	45	14	83	23	88	84	57	22	27	79	10	98	68	22	99	48	98	55	62	45	24	13	50	43	47	47	63	58	76	61	75	64	56	40	64	34	98	82	34	70	40	73	24	60	53	33	94	83	78	78	98	98	21	100	52	70	14	76	12	20	75	16	29	34	61	95	41	95	42	46	45	51	43	90	61	83	21	28	70	60	84	27	31	46	50	16	40	91	86	95	17	18	38	48	46	20	14	35	90	72	67	67	69	19	41	89	34	14	42	62	34	39	67	69	74	87	80	16	32	23	27	83	52	54	87	66	66	75	51	58	46	82	94	20	94	55	86	88	69	88	97	83	37	64	39	49	44	76	78	19	28	99	79	29	57	56	81	77	45	48	71	28	22	19	57	57	44	15	81	62	98	85	53	59	83	66	47	87	18	29	68	78	82	44	89	58	37	41	81	40	15	11	53	59	86	91	36	76	58	53	35	47	26	96	97	54	70	14	78	50	93	60	65	23	16	30	83	90	68	85	49	29	62	95	65	24	86	55	14	29	54	67	28	54	90	15	74	73	21	43	12	29	32	13	65	16	100	63	86	29	15	55	62	22	89	64	47	97	11	25	36	74	31	42	65	31	75	13	20	31	48	98	24	50	53	54	58	36	99	47	19	46	37	22	34	35	31	62	73	70	100	67	76	87	32	13	97	21	48	96	42	23	28	35	72	41	17	62	12	27	87	66	13	82	74	38	31	15	58	80	74	64	45	41	38	20	47	95	34	79	30	14	51	20	11	55	22	81	65	11	17	81	20	52	22	88	35	98	29	21	98	77	96	19	19	54	39	58	78	41	59	38	54	68	77	57	96	38	94	45	36	88	86	79	50	58	62	19	60	27	20	38	27	28	62	43	97	18	89	23	30	99	29	95	56	28	16	13	40	62	81	57	43	96	67	36	48	90	57	60	21	81	51	12	87	87	68	73	31	68	63	57	39	52	21	46	37	23	75	75	31	75	70	60	63	12	95	17	58	84	56	46	95	22	57	80	48	77	24	15	82	36	17	92	11	24	77	18	98	29	99	41	31	70	36	85	93	23	81	19	51	90	78	66	90	71	84	16	14	79	79	42	66	10	46	28	53	87	53	54	12	70	59	99	56	21	43	59	87	69	58	30	48	99	58	14	60	75	70	89	12	48	87	14	14	22	60	35	20	20	18	87	19	25	94	67	44	20	93	76	68	54	13	66	86	87	79	37	36	26	48	81	69	50	43	26	40	63	23	85	54	54	85	32	83	78	61	31	34	39	30	41	95	53	27	30	13	62	62	100	70	40	23	99	13	37	100	61	37	81	49	84	44	79	82	38	59	42	12	41	39	97	26	88	53	69	83	45	17	91	66	36	43	37	56	46	56	47	47
70	27	47	62	18	71	57	59	46	44	75	91	14	90	30	57	68	35	65	26	63	59	66	42	20	99	96	21	74	68	99	64	29	81	23	86	93	64	89	37	12	98	42	22	18	84	53	75	59	82	93	15	56	83	84	99	23	11	46	98	45	50	82	31	38	91	82	92	41	66	31	44	88	84	34	41	43	67	71	32	84	36	90	80	35	17	28	86	41	78	25	74	57	69	88	76	62	65	47	55	50	48	97	49	36	87	37	46	18	14	52	68	82	21	87	23	58	80	20	58	70	84	68	26	89	60	38	94	32	62	80	48	96	35	35	17	96	42	24	53	18	90	83	64	53	69	83	29	70	91	88	26	33	61	73	59	14	40	48	13	54	31	58	29	60	42	78	86	58	14	79	22	70	41	62	60	54	63	89	68	32	83	46	40	86	10	58	94	100	71	92	97	24	16	84	80	97	59	59	58	88	70	51	53	98	35	64	79	22	17	36	15	88	60	67	83	34	32	29	42	97	45	41	20	76	96	64	11	74	73	11	30	36	83	17	91	58	63	64	10	83	12	37	41	98	57	94	38	72	12	31	27	33	24	66	69	77	89	34	63	11	90	26	93	50	100	79	46	96	49	90	61	38	39	12	90	94	44	32	23	96	11	72	86	80	34	42	41	71	21	62	37	21	61	83	82	91	11	86	100	30	27	39	44	59	30	94	57	74	87	64	22	79	21	31	68	37	85	99	56	77	88	77	63	24	45	66	34	62	91	90	40	67	51	44	59	43	41	85	11	26	58	90	44	86	97	19	34	68	33	50	36	83	84	88	58	73	16	39	47	43	55	85	51	68	43	35	72	33	36	60	59	87	64	42	60	98	67	70	36	18	53	67	71	32	54	54	54	32	97	59	26	20	15	78	93	59	90	10	47	81	30	72	51	51	40	46	21	16	25	37	29	53	91	32	58	78	23	75	42	77	84	77	26	11	27	63	81	57	66	43	93	68	98	57	25	31	88	84	65	60	79	25	78	79	79	50	12	54	68	53	88	88	43	53	47	10	34	92	87	44	37	43	50	40	96	58	37	45	64	52	59	79	73	67	79	93	58	51	76	14	94	13	60	43	62	60	89	55	31	27	86	50	29	41	12	37	33	35	77	28	33	100	40	82	64	100	96	88	92	44	23	84	65	57	28	10	79	47	20	70	99	85	20	27	43	59	22	63	66	19	22	44	73	24	34	79	89	96	20	25	53	21	13	20	80	70	33	67	46	78	44	95	23	54	48	38	92	40	95	100	31	48	26	14	26	34	13	24	100	73	20	59	31	33	45	37	27	94	90	38	13	59	17	97	55	11	59	79	68	40	76	58	95	19	43	54	22	84	52	92	48	74	86	38	57	35	25	40	57	16	91	76	45	57	18	90	15	68	87	90	95	77	82	25	95	12	39	82	52	29	23	80	95	19	38	71	14	99	98	64	60	29	16	35	18	36	85	61	31	99	61	25	35	72	78	56	31	52	60	14	30	39	60	14	30	91	85	43	11	39	99	15	61	72	99	22	19	60	34	47	69	71	40	88	59	77	95	58	43	25	35	56	97	59	51	12	14	98	41	38	62	20	77	32	50	83	66	47	45	31	45	15	30	98	66	72	98	90	20	88	90	55	56	32	56	47	15	53	80	68	73	95	77	19	55	37	17	12	83	28	35	45	86	27	42	24	15	18	88	68	53	54	19	71	96	78	84	49	28	80	99	77	21	72	88	45	48	85	64	35	92	26	10	52	65	84	53	54	16	27	67	51	96	12	13	65	71	41	47	36	52	11	44	58	35	53	20	43	74	83	36	76	20	42	64	68	52	56	38	91	72	70	16	86	93	65	29	49	25	74	91	74	30	12	81	76	62	16	90	72	48	13	58	75	38	30	31	94	92	42	68	35	46	47	54	86	25	82	27	91	54	77	37	97	71	52	74	90	77	71	96	88	80	45	54	84	84	71	86	90	17	61	94	36	57	31	98	13	44	82	13	69	51	59	93	10	39	41	81	50	25	12	51	91	78	88	16	26	21	17	93	67	13	38	79	47	56	64	86	46	64	40	92	47	98	29	20	57	31	84	43	80	91	55	21	38	60	13	48	91	93	46	86	75	63	41	32	68	83	41	25	84	40	65	54	54	23	36	61	84	69	32	70	51	78	87	57	53	50	20	94	16	70	30	52	80	52	63	56	99	93	80	32	20	23	17	80	15	56	20	96	47	12	98	42	93	30	86	92	53	65	41	50	87	58	84	68	64	69
22	57	10	21	39	13	73	58	31	100	94	23	22	66	91	90	30	70	29	62	16	15	14	24	94	19	67	49	88	75	92	64	86	97	95	68	33	41	13	18	27	54	95	88	50	46	47	93	52	97	95	96	93	82	40	81	62	61	70	26	25	77	85	98	67	84	51	82	66	48	46	37	79	50	43	40	58	85	46	86	28	17	82	98	52	79	27	37	31	27	65	82	93	17	76	62	93	51	87	22	73	31	11	46	18	49	21	28	37	24	40	53	84	77	67	88	80	82	58	80	54	49	27	15	46	97	54	32	62	39	78	67	23	33	30	43	80	55	36	64	72	94	42	26	48	64	41	92	23	52	66	60	37	11	60	61	21	42	47	88	47	45	48	38	24	53	69	20	81	45	25	95	69	30	34	56	48	89	22	30	75	25	89	71	45	22	61	99	93	88	94	82	63	59	32	35	89	39	41	37	80	18	18	88	64	99	88	55	99	73	96	71	51	41	80	14	50	95	30	61	98	80	67	46	58	10	86	36	93	77	79	22	26	80	66	63	52	77	14	73	65	29	30	33	30	64	69	70	72	57	51	28	86	81	95	43	56	48	18	22	40	91	48	36	72	18	47	95	64	40	79	55	36	76	73	94	22	40	40	65	30	51	24	40	15	23	50	62	58	89	43	55	97	27	31	64	90	14	84	40	16	99	72	76	55	45	45	78	53	29	92	72	19	33	80	41	53	34	96	18	49	33	20	71	58	73	89	54	99	68	39	26	83	20	52	52	93	50	74	60	59	23	42	20	98	47	14	85	85	62	65	71	76	41	16	73	49	46	19	95	81	90	81	41	97	46	94	77	91	61	76	75	27	80	26	15	76	57	49	83	83	72	66	71	25	83	46	97	28	35	15	42	76	92	45	44	35	16	13	24	87	94	90	99	62	71	20	27	45	76	25	98	34	17	94	48	29	87	40	33	13	76	24	19	13	81	24	69	37	98	39	99	69	82	20	12	12	23	84	44	24	27	16	43	58	57	11	80	93	13	34	47	74	37	63	81	61	36	30	66	90	48	90	28	93	17	94	34	58	24	32	31	11	17	92	88	81	47	30	17	95	72	86	88	62	35	43	70	11	69	58	93	22	67	84	41	16	68	66	63	58	93	46	77	90	15	32	20	11	39	21	30	42	34	15	22	54	66	23	97	79	28	65	36	21	98	40	17	84	92	27	17	24	75	83	81	13	69	53	35	54	90	63	75	43	71	69	34	91	94	53	90	95	35	90	11	61	35	58	21	34	19	40	63	62	97	51	38	66	30	40	36	82	84	36	26	15	69	87	42	48	15	11	42	96	48	79	82	30	73	59	71	40	21	22	55	90	49	10	52	57	25	53	73	69	28	20	99	21	15	43	21	21	78	13	71	40	54	100	86	79	86	58	89	29	49	96	22	54	33	18	48	86	64	19	13	89	58	82	50	40	41	86	17	37	28	56	20	12	23	10	93	70	80	19	100	25	86	92	46	77	29	65	65	24	58	80	87	78	52	17	30	82	45	99	71	79	11	62	35	47	50	21	12	90	15	89	97	27	76	99	98	47	13	82	92	98	54	52	79	59	48	51	83	20	56	18	80	70	13	98	71	28	82	84	12	44	99	85	93	10	48	65	23	72	50	98	38	71	85	31	45	39	94	33	70	45	21	87	32	48	49	37	41	13	59	91	68	98	81	85	90	95	31	84	61	24	13	19	82	44	69	42	78	73	89	77	97	22	80	32	88	23	61	13	37	44	49	73	64	67	44	43	45	96	43	84	91	57	67	27	97	94	96	91	50	21	27	17	96	88	60	65	30	41	83	69	81	31	75	16	69	91	28	15	61	66	86	18	36	88	63	33	94	87	77	61	82	78	55	46	76	98	62	22	26	77	25	37	18	45	84	19	75	18	15	32	93	89	33	57	64	62	75	77	49	27	100	17	40	58	98	43	57	89	13	78	40	76	79	19	82	32	18	73	39	28	74	65	50	50	79	37	60	95	94	82	68	52	80	35	60	95	46	15	36	27	42	31	31	47	64	15	89	25	12	66	60	32	55	10	50	92	87	73	27	39	65	95	93	13	56	95	37	41	39	23	99	18	18	20	19	44	19	29	32	83	71	98	17	16	69	83	57	85	64	39	67	88	65	51	22	60	67	29	28	83	56	34	84	66	76	19	95	46	73	55	46	40	13	76	73	52	83	26	49	42	52	22	42	17	88	89	71	11	15	37	27	29	99	57	26	72	46	13	69	55	29	34	12
73	35	88	53	23	86	68	71	47	24	37	61	13	70	51	40	86	100	98	46	20	63	29	14	64	68	60	29	32	57	66	81	28	99	14	28	24	35	61	91	56	92	37	19	73	49	35	79	28	86	16	22	76	21	57	34	21	49	58	36	44	86	43	25	95	60	89	62	89	100	35	31	61	11	67	38	51	76	79	57	79	91	89	32	40	11	34	97	77	60	45	68	13	20	67	11	10	40	35	74	80	58	70	66	37	89	44	53	58	10	37	63	75	86	82	24	19	61	53	12	21	19	41	78	92	23	12	38	16	16	50	99	44	37	39	21	66	81	31	26	10	30	35	19	14	28	75	80	56	93	37	58	90	33	29	27	83	70	47	26	23	47	76	50	94	15	30	94	78	54	24	30	36	61	85	62	54	38	19	59	11	26	51	16	56	59	49	22	27	72	52	72	63	81	32	73	66	91	65	97	48	75	38	74	16	19	43	72	41	54	13	87	73	55	16	29	14	91	45	92	29	83	92	48	69	21	21	19	40	55	66	91	10	54	64	41	95	69	24	31	32	38	76	61	57	27	66	82	95	95	40	51	50	82	60	38	38	67	98	20	40	42	64	17	29	25	45	23	75	32	67	69	23	57	76	20	87	43	83	60	90	61	28	72	56	96	48	41	92	17	52	69	17	23	78	27	80	94	35	20	88	24	57	96	84	67	19	47	12	76	82	27	69	48	75	53	65	48	45	61	99	44	70	80	20	33	55	50	16	80	53	62	25	75	38	63	23	93	84	93	57	52	83	48	53	60	24	60	57	90	30	20	19	80	89	17	68	10	59	62	63	36	44	51	40	54	95	32	99	82	19	75	54	64	89	17	50	47	79	96	80	61	46	12	92	55	66	93	66	22	15	79	75	84	83	30	46	62	78	47	39	28	49	15	47	85	20	27	71	15	43	15	15	55	82	57	67	94	52	76	66	60	93	73	98	34	72	32	45	65	60	59	55	47	68	69	46	15	77	48	14	15	67	75	96	13	96	91	45	58	47	21	25	93	11	64	31	73	62	54	58	89	76	85	13	56	90	79	41	67	29	57	11	33	17	62	73	80	93	19	52	28	61	93	70	78	47	77	94	66	42	14	57	86	81	84	22	16	40	79	66	64	29	30	68	88	57	43	57	70	45	48	49	98	20	39	48	75	71	61	92	33	34	97	28	78	14	99	73	20	17	46	22	64	40	81	60	74	62	13	51	75	91	86	79	87	64	28	70	80	57	57	87	79	76	37	44	54	95	63	93	69	20	50	82	44	98	61	89	35	52	48	26	34	38	88	60	33	77	96	13	23	11	42	19	82	11	13	13	38	30	24	44	74	80	73	17	50	49	17	54	72	12	93	11	58	60	60	87	75	66	39	54	21	85	73	57	43	16	87	53	99	88	97	60	22	94	52	15	82	33	93	48	77	23	46	30	25	33	90	32	85	71	44	14	18	85	63	90	34	41	91	97	15	91	85	59	90	95	38	98	25	65	72	15	86	52	10	40	27	22	79	25	36	34	28	77	92	78	90	37	94	58	12	39	30	25	30	51	76	54	87	46	90	89	76	66	94	78	41	32	69	97	29	79	13	90	78	64	47	42	71	46	18	90	26	60	43	23	16	93	57	94	40	15	77	33	60	10	23	84	62	64	76	73	15	79	44	71	45	92	51	27	95	20	65	41	92	83	59	22	91	95	60	32	45	92	67	32	24	50	43	39	10	28	12	86	69	82	14	23	80	51	18	90	60	13	36	10	21	73	93	86	82	49	65	80	80	20	67	83	56	50	86	70	57	53	64	80	82	28	78	75	94	95	58	32	34	16	37	67	30	37	41	20	79	45	39	62	97	60	13	64	99	11	35	57	68	18	21	50	87	32	78	90	38	27	83	52	38	34	59	11	34	49	26	51	63	54	16	90	38	64	59	81	54	40	73	24	52	47	60	97	13	56	12	57	12	55	93	96	74	89	54	12	35	40	86	92	97	40	43	73	31	73	36	83	11	45	64	24	39	48	69	62	74	15	36	38	50	88	97	80	27	34	75	37	85	90	83	38	46	38	81	21	53	86	60	60	60	37	16	58	79	79	60	20	18	99	94	100	57	10	31	91	89	18	97	23	45	42	64	95	69	32	94	60	19	66	71	37	76	79	48	15	83	70	16	13	50	62	27	31	39	27	52	89	71	98	82	72	91	68	45	64	28	91	77	59	60	61	100	51	16	93	33	85	53	52	56	95	83	71	87	27	33	46	95	63	91
30	48	70	83	97	39	60	23	85	53	27	43	19	96	72	75	54	54	45	77	85	75	87	19	73	63	56	15	54	29	76	65	88	19	25	71	64	33	89	58	91	70	95	73	69	79	95	90	47	21	93	75	27	98	99	20	96	37	16	89	20	27	43	50	27	58	59	94	100	83	90	53	70	80	15	47	86	42	41	86	72	78	75	68	24	55	54	57	15	49	62	40	43	67	83	22	36	14	32	96	33	63	99	59	13	64	97	95	25	21	87	33	38	86	55	39	42	96	94	72	86	30	89	99	40	94	79	61	51	66	72	31	55	75	92	14	79	80	62	73	57	79	14	71	13	85	83	81	12	99	90	92	21	75	94	79	52	39	47	74	38	59	69	39	50	77	71	71	12	96	84	58	36	14	26	93	19	82	35	23	68	77	82	71	97	26	79	85	52	45	96	40	35	95	73	58	55	56	65	29	95	25	33	22	22	29	15	10	71	55	89	27	42	93	81	97	33	66	81	19	34	82	99	13	22	35	13	56	61	45	96	37	59	55	83	54	78	61	74	16	43	39	63	74	26	14	11	69	34	68	22	38	11	20	45	13	65	70	19	27	21	75	64	16	43	46	94	90	95	15	87	43	100	80	30	38	87	19	38	97	44	28	82	79	23	79	39	44	23	28	87	37	19	48	70	43	36	54	91	68	75	91	33	91	95	68	20	42	77	15	82	82	58	25	71	31	40	30	81	84	60	22	100	49	81	85	92	44	57	27	29	81	58	69	90	36	94	17	57	29	68	86	36	32	68	65	97	18	40	39	23	49	34	70	21	70	78	41	84	58	42	38	28	29	31	38	78	51	16	57	83	10	70	85	96	98	37	21	23	47	97	18	44	11	17	58	97	86	99	27	47	57	82	77	35	56	57	65	77	79	52	76	32	80	86	34	77	50	85	51	84	30	93	19	50	45	43	46	51	93	53	20	50	38	47	27	54	87	89	31	36	94	18	30	78	89	69	62	91	34	92	78	36	32	57	45	90	90	37	97	94	18	60	24	51	50	51	87	51	66	13	88	14	18	67	90	77	72	82	94	69	30	29	12	78	66	46	90	84	36	67	88	56	79	21	21	95	22	55	75	71	84	29	75	87	36	96	16	21	41	70	57	88	86	72	36	62	24	67	31	97	100	63	21	74	65	41	82	95	84	33	67	42	83	16	73	75	95	67	51	43	20	63	55	28	77	97	62	25	62	59	72	87	40	74	67	53	39	29	35	76	42	49	12	31	41	31	100	89	67	81	92	67	61	50	97	55	85	98	33	84	91	16	19	85	98	74	84	19	93	42	48	70	74	66	70	52	18	77	13	26	11	16	90	83	40	95	66	76	11	73	71	45	88	71	34	79	94	63	93	60	81	47	37	86	22	29	23	82	17	99	88	54	63	70	78	29	66	93	52	80	63	52	94	76	38	54	90	26	85	60	20	79	50	60	12	32	85	55	69	60	75	96	59	99	19	82	73	38	31	55	95	67	86	85	43	77	42	65	92	79	32	59	19	78	71	11	75	74	37	48	66	14	97	73	10	78	24	94	97	53	26	35	63	65	89	72	46	11	90	76	89	83	47	53	100	46	67	92	51	97	56	77	77	61	77	41	52	27	20	58	46	97	92	40	38	95	23	99	33	48	27	50	99	82	76	66	42	67	50	40	81	71	74	56	83	26	85	16	90	81	77	75	66	96	93	57	24	82	96	22	51	82	41	93	87	69	58	92	44	99	49	62	97	22	73	33	22	97	98	66	97	84	98	38	50	96	78	79	81	58	33	92	80	68	45	66	82	31	48	13	86	22	17	38	22	22	48	49	87	16	86	50	82	66	27	26	33	98	85	67	85	80	70	80	78	38	15	90	77	90	99	94	41	14	78	65	56	14	81	37	25	55	57	37	21	34	38	37	16	14	45	15	14	53	38	19	57	34	99	79	96	75	10	23	60	22	51	90	94	78	83	78	55	46	83	83	77	15	54	51	25	68	61	36	93	93	40	93	96	73	52	25	95	57	63	77	70	75	18	99	69	35	35	33	85	26	48	17	33	37	80	84	67	94	86	33	63	40	21	11	79	20	52	64	62	33	34	69	70	29	24	58	46	11	29	19	90	74	74	51	34	53	78	51	34	92	86	42	44	74	52	69	16	47	23	54	86	48	13	61	62	92	91	87	71	55	80	67	47	64	63	61	36	58	94	48	56	53	40	64	48	20	84	33	15	61	93	69	55	66	94	85	100	47	70	34	74	28	63
61	42	72	82	26	68	88	83	83	79	25	72	16	42	71	93	32	73	11	85	27	73	56	60	63	59	21	47	42	96	24	81	77	10	76	37	92	62	20	85	10	47	81	96	87	96	74	69	77	14	55	97	37	52	45	93	70	73	96	49	41	20	47	64	44	46	79	90	79	52	18	59	64	43	28	62	77	93	87	90	40	43	41	72	41	69	59	84	60	35	57	57	86	79	13	11	99	74	17	25	83	86	13	22	42	16	65	54	24	87	99	40	86	74	19	64	21	90	89	73	25	76	76	69	53	58	35	74	26	94	95	62	94	80	41	81	97	90	45	86	87	40	14	41	30	27	49	55	50	73	12	44	96	99	43	74	67	86	93	70	88	54	62	64	36	28	13	34	66	26	59	25	35	84	69	69	38	95	98	64	16	15	17	49	30	13	40	83	57	40	82	46	44	82	21	64	25	10	22	76	18	22	19	26	91	94	29	18	45	21	52	94	55	27	35	24	19	34	91	39	48	41	31	36	74	94	39	66	20	82	88	76	36	91	24	50	58	21	100	82	93	31	31	34	43	45	38	31	50	67	81	45	45	79	100	12	71	11	42	77	57	97	44	71	65	55	38	35	48	58	41	12	14	70	16	69	53	46	59	78	46	76	22	27	29	67	42	97	22	86	97	82	46	22	60	30	18	49	33	74	18	22	26	96	56	93	72	98	84	90	89	16	54	50	15	21	94	93	37	18	38	81	41	93	34	78	80	72	44	61	61	94	29	71	48	100	44	98	19	31	93	46	44	11	36	95	99	24	42	20	18	16	71	99	59	23	17	94	100	99	30	90	39	20	22	12	62	17	13	95	22	21	26	60	59	50	77	69	95	41	60	46	70	38	76	61	76	19	10	14	65	18	29	34	56	95	82	78	45	78	66	75	24	48	72	32	71	72	73	18	15	78	53	65	82	75	19	64	75	87	98	26	56	14	61	56	68	45	84	55	53	25	42	93	42	16	68	67	61	89	84	67	90	79	96	72	87	79	24	37	75	68	59	39	22	81	67	32	38	25	85	71	39	49	10	57	28	84	25	85	72	13	94	62	94	48	34	17	38	80	24	29	17	62	95	85	26	40	91	16	25	75	68	72	27	15	58	18	64	50	53	43	20	34	63	24	55	59	35	78	62	45	32	64	26	92	96	18	19	90	20	90	27	87	18	41	64	25	24	91	73	41	62	22	69	54	62	91	33	45	13	96	62	84	53	59	76	88	84	31	90	49	68	46	70	49	87	27	33	84	39	11	51	84	57	86	46	74	64	78	72	35	79	27	16	53	37	78	37	53	80	17	10	60	93	28	37	38	38	94	82	18	12	76	85	73	16	47	42	19	12	70	17	15	96	14	93	69	75	99	36	15	97	36	95	79	25	71	59	55	67	24	17	16	72	68	11	21	93	17	63	37	87	61	12	46	12	75	50	97	47	80	29	13	20	15	94	30	48	92	77	67	12	67	65	39	24	89	88	91	13	50	24	51	61	94	11	78	36	78	69	52	92	89	37	18	34	57	36	62	97	30	60	64	19	46	59	37	35	72	87	64	66	66	95	79	87	46	99	88	65	32	66	59	85	39	25	23	35	37	26	17	79	17	28	97	84	44	68	52	49	56	73	30	63	48	41	49	62	72	61	47	60	53	97	36	78	25	40	30	17	74	32	49	88	73	16	50	95	76	77	66	61	66	64	27	36	32	20	20	73	34	13	55	29	84	13	41	74	59	89	53	46	41	62	62	98	39	62	80	57	100	39	96	42	67	71	89	84	91	16	54	22	86	48	72	95	91	39	39	88	75	93	84	96	31	78	68	66	13	37	80	82	32	78	17	88	22	43	13	13	45	28	20	41	52	53	75	31	80	82	55	30	47	28	93	20	96	21	32	55	88	87	74	65	45	46	96	40	23	89	51	44	95	26	35	83	23	23	72	14	95	53	78	38	21	22	96	99	30	65	17	35	87	99	97	33	37	67	99	64	74	50	34	100	43	31	89	73	45	19	39	16	63	52	39	70	92	87	85	79	86	77	93	16	40	75	18	73	42	22	69	58	96	29	16	50	86	20	46	31	85	88	48	33	66	24	35	54	94	93	29	78	21	20	36	89	47	46	98	51	60	100	75	44	90	58	40	37	82	87	33	91	21	18	43	21	77	57	100	52	91	17	18	71	52	45	63	74	90	15	61	39	59	94	69	39	63	68	52	63	38	20	98	82	87	24	18	12	62	55	40	75	45	55	36	28	28	50	27
36	84	70	74	45	42	13	41	96	43	78	22	75	93	90	55	47	71	79	42	94	39	40	90	80	65	12	22	33	96	27	91	62	35	32	32	25	69	82	87	56	83	14	50	47	94	82	32	41	45	89	19	95	58	60	21	84	23	54	50	92	44	89	22	79	67	81	25	38	56	29	37	11	43	74	25	96	79	72	14	99	41	89	90	24	64	66	71	28	90	36	94	68	32	94	55	16	48	54	35	92	40	81	11	91	13	25	90	90	57	46	20	57	38	47	93	78	85	22	36	57	92	61	77	79	45	17	90	79	15	30	78	11	61	66	17	68	82	90	28	92	69	48	89	75	47	30	47	83	81	98	86	13	52	50	13	19	64	28	61	26	78	67	14	76	36	10	89	95	92	70	18	49	66	46	34	22	23	27	81	84	25	78	75	37	14	63	62	34	63	46	41	60	11	18	72	86	28	47	30	62	81	94	93	40	60	27	93	47	71	30	83	50	60	98	33	68	64	78	24	81	59	97	58	40	62	21	30	95	54	70	85	44	18	99	77	39	25	33	25	87	77	86	77	24	89	92	39	85	70	22	54	43	27	18	12	38	37	78	36	55	25	55	20	15	80	55	10	22	15	28	10	92	11	14	90	71	28	69	37	50	38	65	69	89	89	69	63	70	47	77	42	25	25	97	42	65	30	74	64	100	73	61	29	36	71	47	39	65	20	93	25	71	47	60	62	85	47	90	27	18	20	14	88	46	25	56	88	25	81	87	69	19	84	95	85	41	80	65	26	41	73	63	14	29	38	51	13	39	11	86	74	30	51	55	50	95	32	35	83	27	33	72	59	34	34	41	48	25	94	59	88	29	36	65	51	93	81	98	61	36	37	26	81	32	99	58	11	74	59	25	64	43	26	20	94	86	19	55	38	31	86	31	56	82	22	49	93	16	60	82	25	93	12	37	100	97	93	76	32	31	72	51	65	26	51	14	44	73	99	60	11	32	34	80	39	62	90	93	42	25	59	53	89	70	72	62	91	87	82	25	94	21	25	83	17	51	97	29	25	47	86	29	74	69	54	34	88	81	20	46	41	57	81	22	56	65	28	52	100	58	98	21	84	13	19	32	41	20	95	45	20	78	41	88	38	86	98	24	94	48	98	24	55	41	22	64	69	37	98	34	79	12	83	60	99	87	91	62	47	89	57	25	18	28	26	32	42	15	55	34	41	52	48	67	13	39	39	16	38	80	26	48	63	99	62	52	24	51	94	12	34	11	88	78	39	50	85	54	79	87	18	23	72	70	45	17	89	91	95	54	37	12	81	37	43	94	64	19	80	24	98	34	60	60	81	86	37	52	97	70	81	33	66	40	25	81	46	66	66	84	93	59	58	22	89	18	52	90	99	79	98	44	41	26	75	43	95	24	15	63	53	57	65	87	53	43	73	49	42	92	66	23	87	73	78	69	77	56	85	12	71	18	37	81	94	74	74	32	42	13	64	61	99	24	46	34	64	74	13	28	47	66	78	55	73	16	42	25	15	47	98	83	91	40	22	77	82	25	26	88	66	75	67	22	29	16	42	43	85	96	98	16	93	30	44	83	25	68	36	29	47	31	49	53	65	17	91	39	93	68	49	57	15	97	62	98	61	82	73	79	33	48	37	75	15	83	35	74	40	73	74	69	88	74	82	47	58	30	58	19	77	35	59	56	91	80	96	79	66	43	56	64	88	22	93	33	99	73	58	50	38	61	52	93	61	51	70	12	54	37	57	73	45	11	62	94	51	48	53	21	29	96	56	62	96	58	85	91	23	31	87	13	37	63	67	98	68	40	24	38	84	32	31	24	61	57	82	55	46	33	40	15	47	29	91	58	27	82	25	29	92	87	85	47	71	37	59	65	12	24	64	88	20	10	39	42	97	81	32	29	14	45	27	44	13	47	41	78	77	85	36	76	26	75	48	30	38	52	48	89	59	81	97	13	88	80	43	42	48	87	86	98	72	67	67	38	36	34	58	62	14	80	54	52	24	89	34	82	57	80	46	71	90	83	76	33	42	69	97	67	44	57	14	34	89	63	75	85	13	40	82	15	74	64	50	91	60	44	54	30	39	79	68	89	29	71	47	47	82	12	49	55	12	20	35	85	89	92	17	97	75	47	92	74	51	36	73	68	19	32	66	50	30	72	61	81	61	18	25	65	72	71	78	66	43	53	23	86	23	59	10	11	55	22	27	44	32	19	65	46	12	68	29	66	11	62	30	68	39	43	71	72	50	82	46	32	38	73	75
96	54	94	37	37	99	47	46	39	32	97	86	92	71	93	28	49	50	85	16	99	19	18	38	23	87	92	88	61	96	54	98	93	97	58	48	44	10	67	10	91	54	84	93	59	16	97	41	19	59	28	64	20	89	98	77	84	17	27	93	14	65	86	21	75	54	91	20	45	83	89	96	31	18	62	27	79	27	45	37	46	26	61	33	37	30	31	90	67	42	18	78	10	13	10	42	22	36	69	99	22	90	73	46	29	11	40	89	74	72	77	38	13	83	26	93	95	26	86	41	99	20	63	21	73	56	49	62	96	29	30	38	70	25	72	47	62	63	80	34	49	76	79	45	58	69	66	97	22	88	12	88	94	66	96	63	38	36	75	88	12	91	67	21	60	39	44	66	53	93	36	77	75	75	95	83	12	38	89	27	94	99	16	57	23	19	22	21	80	45	28	91	48	15	89	18	14	97	57	82	58	71	72	28	33	82	41	31	84	86	53	84	39	12	54	13	73	14	54	79	36	100	44	40	96	85	31	73	30	25	14	78	52	89	67	15	56	80	55	27	75	85	13	43	87	38	24	33	87	61	24	72	24	26	64	84	59	68	97	47	34	18	82	34	29	15	55	91	88	65	80	89	75	31	88	86	57	77	49	70	83	56	70	11	40	91	99	96	53	91	22	90	38	17	78	70	90	43	18	17	100	21	56	62	12	81	45	80	88	40	76	99	81	49	59	54	82	32	83	63	56	79	94	80	11	56	93	86	71	41	12	56	73	86	28	47	79	16	28	51	99	95	52	72	85	45	27	59	86	99	80	69	26	43	45	75	30	39	66	59	88	69	68	85	77	92	88	81	87	98	71	54	14	49	64	85	33	64	14	63	57	44	10	77	40	62	74	93	21	62	14	32	89	35	89	11	51	97	33	85	75	24	40	36	63	28	85	81	83	31	57	17	19	36	42	71	56	65	67	18	67	70	35	57	30	97	95	85	41	11	82	52	49	62	99	37	19	51	28	85	98	67	50	35	78	56	44	63	30	40	51	11	65	54	37	20	95	34	41	31	54	79	77	14	78	72	18	42	41	66	100	65	42	20	13	98	20	63	28	91	89	87	49	90	80	22	52	86	34	16	35	15	28	38	11	75	59	93	23	87	26	11	21	69	71	66	89	64	82	98	26	70	27	30	63	39	16	55	52	19	55	97	20	59	65	13	95	12	35	10	45	91	17	89	34	56	95	27	14	87	64	47	20	39	36	84	30	43	55	19	76	49	22	39	84	91	71	94	20	69	20	66	59	54	72	35	98	85	89	86	99	81	57	72	66	12	87	95	14	69	27	57	91	27	28	36	48	91	30	97	34	88	82	37	12	85	60	20	36	40	12	30	15	90	10	95	28	62	37	27	28	35	25	14	74	25	37	35	63	33	13	86	24	50	14	89	90	72	46	34	33	95	33	35	53	31	88	55	100	35	80	89	78	35	55	80	93	74	58	73	27	65	19	12	37	59	84	89	48	100	53	12	75	96	10	61	23	14	76	62	66	85	48	94	14	95	97	58	92	68	100	29	88	78	42	49	63	82	95	40	76	54	61	50	67	75	78	93	62	26	50	35	97	59	39	30	84	40	45	44	54	60	79	70	46	38	16	47	23	47	23	86	85	57	91	71	53	70	50	29	38	28	97	98	89	15	38	14	36	15	33	36	32	71	45	38	31	82	60	97	55	71	64	27	74	14	31	94	78	90	34	43	90	35	56	81	63	99	26	89	74	54	82	64	27	11	93	13	21	52	13	62	12	45	70	61	53	94	83	99	66	91	88	44	32	73	27	24	28	42	52	91	95	27	12	41	94	46	10	49	14	38	59	53	68	86	78	62	32	74	82	52	51	47	16	25	63	70	15	37	39	14	30	71	82	32	38	66	50	57	90	47	62	24	97	58	60	70	77	89	67	78	23	70	94	33	85	74	95	93	72	91	85	56	24	37	94	36	44	34	49	41	51	69	95	47	69	65	96	24	48	63	97	72	57	19	71	30	56	98	52	72	59	81	38	54	34	41	97	87	76	37	100	41	74	44	91	17	71	18	73	15	87	60	27	76	28	65	54	75	97	55	95	51	86	34	49	84	35	36	73	69	38	45	63	36	92	69	57	38	37	94	56	93	66	44	13	62	10	36	61	49	73	97	20	38	79	13	91	65	48	30	79	12	76	16	54	54	46	61	33	51	59	19	92	61	28	45	47	17	95	79	90	73	94	75	17	50	11	89	11	14	34	48	92	59	25	77	66	57
66	19	24	27	76	26	47	31	59	50	95	68	19	32	37	84	60	38	42	77	39	61	99	86	23	13	24	89	18	63	45	87	28	15	100	30	18	93	71	43	87	63	23	78	42	13	98	63	84	69	83	79	93	29	77	90	70	81	44	19	50	60	65	91	52	33	12	54	34	63	63	42	92	92	57	47	89	60	47	79	75	26	28	20	63	41	33	46	26	65	30	22	90	24	24	33	34	24	52	31	24	37	80	14	27	40	85	53	28	64	45	53	74	69	56	95	100	48	71	39	22	64	52	88	74	32	62	53	11	71	16	94	88	39	16	57	17	65	71	63	87	14	32	40	73	70	80	16	23	74	58	42	17	69	27	12	27	87	92	60	75	69	100	18	55	89	99	39	68	49	37	51	94	56	76	78	63	23	34	17	100	87	39	48	37	41	77	45	89	42	60	46	30	69	64	82	42	70	64	75	88	43	59	73	44	26	22	89	17	58	44	18	53	86	61	29	38	29	92	38	62	21	40	54	20	88	87	27	67	56	88	99	66	50	82	86	24	80	63	62	62	84	61	32	55	18	13	12	34	77	20	50	14	34	23	52	34	43	64	60	94	30	41	91	65	44	94	20	41	49	22	53	41	51	73	24	15	30	73	83	47	16	32	37	93	36	62	41	34	46	63	31	44	41	97	52	80	97	21	99	47	10	19	10	79	63	41	94	31	80	62	51	51	30	87	22	59	89	28	40	83	82	15	29	30	37	53	48	62	49	34	48	50	66	58	59	70	95	30	35	73	91	57	51	37	33	15	24	68	65	54	12	43	80	85	13	22	35	59	20	16	24	36	20	77	94	98	74	54	57	35	80	50	67	99	37	47	29	10	79	36	34	52	81	85	87	25	67	59	68	26	93	86	51	12	21	30	40	76	42	40	32	80	18	32	55	40	11	83	47	25	81	38	14	72	68	23	35	65	29	33	86	69	78	73	48	55	29	41	84	15	19	98	62	80	64	25	47	27	53	92	38	98	46	32	27	32	52	93	86	44	77	10	34	41	33	18	46	71	15	13	53	42	55	18	69	79	81	13	27	73	95	32	55	12	72	85	22	54	19	32	13	67	27	88	82	93	28	73	45	17	53	97	63	28	16	81	11	95	28	33	10	21	88	13	81	87	89	91	65	99	46	66	40	94	65	76	36	25	34	15	61	13	84	68	14	82	77	38	16	49	24	20	74	93	60	30	47	81	12	70	42	88	66	14	64	55	44	69	96	25	80	80	69	54	70	15	67	67	57	81	98	33	69	75	80	50	37	36	75	72	16	42	78	58	56	43	91	87	47	64	70	61	97	55	34	72	16	76	36	21	37	85	62	80	29	97	82	25	23	29	38	49	16	99	49	11	51	97	89	89	66	55	13	77	57	67	96	75	44	82	15	17	84	42	59	26	99	86	74	12	27	76	49	83	75	19	55	82	30	85	60	85	96	57	54	32	84	88	77	18	37	51	94	95	86	63	12	96	22	30	41	72	87	25	45	78	32	39	28	66	39	68	45	21	73	64	82	17	47	77	43	67	34	34	23	75	60	52	14	59	24	20	37	57	14	72	11	37	60	88	62	45	64	17	94	74	95	12	41	53	88	17	42	38	95	11	64	30	30	30	56	97	70	18	76	31	97	26	55	83	46	75	33	60	35	51	88	76	22	61	83	44	92	32	70	28	54	78	11	31	63	68	83	93	48	24	64	94	91	22	61	12	71	43	42	72	23	41	59	84	63	20	42	65	61	69	43	54	88	42	66	10	61	97	81	35	73	23	84	80	12	77	13	76	11	47	90	30	19	58	87	30	90	43	13	23	58	65	96	35	35	55	87	73	39	58	56	33	43	36	12	70	55	81	77	64	94	49	57	44	83	40	63	95	12	73	69	82	44	30	28	37	35	88	86	98	91	76	54	85	86	73	48	74	49	43	86	96	72	23	64	12	60	85	76	20	44	61	59	66	99	74	96	43	28	44	96	63	28	82	44	46	44	39	32	71	72	28	30	58	35	21	92	95	13	37	72	43	47	27	77	35	27	97	53	13	62	89	28	90	43	72	13	63	26	54	38	39	66	38	76	91	39	91	79	32	22	22	62	87	98	60	31	43	98	29	15	96	46	31	17	19	60	87	33	88	30	86	92	56	79	80	72	31	64	45	43	12	38	80	42	85	94	55	100	86	71	23	62	29	55	18	33	43	12	12	84	96	78	12	71	42	26	43	16	18	59	36	95	14	86	42	27	65	34	85	63	26	60
wj																																																																																																																																																																																																																																																																																																																																																																																																																																																																																																																																																																																																																																																																																																																																																																																																																																																																																																																																																																																																																																							
97	94	25	58	20	97	73	56	41	73	31	76	34	60	75	55	100	68	72	75	41	31	79	51	67	35	48	85	99	94	49	87	5	69	99	3	64	90	44	73	78	93	65	41	30	8	84	23	50	95	10	55	69	22	54	42	7	19	53	73	25	64	5	2	43	14	58	26	87	33	7	4	8	1	15	61	2	67	30	18	22	10	91	29	96	98	13	86	29	28	6	53	82	56	55	8	71	70	74	20	23	63	62	1	60	86	99	67	91	63	71	62	98	31	63	41	21	46	40	79	49	89	43	86	79	41	35	14	46	79	68	31	4	28	58	8	26	6	75	62	21	48	39	79	21	82	66	48	75	18	78	67	15	91	89	80	21	10	25	61	29	86	17	24	19	26	68	32	97	3	10	86	37	71	40	13	34	57	78	28	21	81	14	72	5	93	57	29	30	91	18	4	5	90	80	74	35	58	23	100	86	40	6	71	52	42	94	14	28	6	4	72	76	18	65	78	96	13	44	90	85	18	2	52	84	64	41	43	49	71	46	44	19	2	7	73	54	28	89	24	49	81	63	40	5	91	70	45	46	37	37	74	59	99	89	37	6	40	96	65	49	82	38	19	85	9	66	87	19	97	23	73	73	99	55	7	92	80	82	40	85	94	55	31	72	62	36	22	17	34	21	59	51	9	64	12	41	37	78	65	72	24	3	22	97	87	95	6	38	34	49	40	36	28	90	90	44	24	40	34	58	12	77	30	91	84	33	66	99	56	70	16	12	48	83	34	7	31	82	43	9	79	56	60	85	24	46	74	98	68	56	79	19	91	18	19	47	43	79	85	95	36	26	34	81	70	68	77	77	3	8	10	93	73	51	68	30	12	95	80	58	20	3	77	37	5	62	5	43	38	28	39	80	36	86	92	15	20	65	49	30	94	25	43	58	56	79	25	32	4	94	57	59	54	41	99	65	69	61	35	43	70	85	67	28	1	73	70	14	84	32	25	13	22	21	32	97	31	98	69	90	69	100	16	65	70	24	85	11	43	8	32	67	69	44	35	15	35	26	61	45	67	70	67	39	13	62	45	93	2	41	17	93	7	14	48	17	77	59	77	16	92	58	35	61	83	7	22	10	87	22	7	63	15	70	51	58	40	93	45	78	48	5	39	19	93	57	15	45	32	21	53	56	62	84	47	56	75	2	23	84	23	86	38	52	39	19	82	25	6	91	22	63	45	53	59	91	37	77	86	81	18	45	6	6	12	2	74	6	92	24	19	49	59	26	43	77	7	70	52	6	39	92	58	34	77	6	3	83	93	48	94	89	47	2	50	72	32	35	47	85	17	52	43	79	39	8	34	61	1	50	68	31	40	12	5	88	57	44	6	39	73	22	28	85	94	69	13	61	81	44	68	54	93	8	83	89	13	70	21	46	62	99	78	35	21	79	37	61	24	39	11	56	66	33	27	56	70	67	61	42	27	74	88	89	70	18	64	77	12	56	99	79	53	2	23	86	80	18	83	76	43	11	55	49	8	76	48	82	23	69	3	42	38	26	33	76	1	36	26	30	4	81	73	47	78	66	79	46	95	8	64	74	53	9	20	75	86	88	14	50	86	2	17	91	17	67	67	93	74	37	84	44	3	26	66	78	96	97	38	57	85	50	66	43	35	52	24	93	42	77	12	59	11	88	15	54	72	27	40	41	73	3	45	15	57	39	91	16	95	87	42	77	61	45	39	3	45	40	80	3	7	29	8	72	35	62	43	61	31	72	52	71	75	97	44	94	26	91	75	30	79	85	16	47	64	53	5	28	57	62	16	91	61	40	14	10	68	90	10	25	19	12	54	70	74	53	43	43	17	12	37	19	59	59	84	4	39	78	69	84	10	97	94	40	37	35	56	7	10	20	100	26	24	66	23	18	60	24	24	11	4	66	61	4	43	87	79	97	85	66	40	39	2	10	53	76	63	70	66	27	93	22	46	22	92	24	67	50	13	32	37	19	6	49	91	40	64	58	74	35	53	6	94	84	66	71	30	82	55	63	70	95	87	45	68	65	89	64	75	6	70	67	37	23	54	90	95	40	75	10	48	68	7	61	59	14	1	30	67	70	78	79	44	97	63	57	36	4	9	5	2	78	54	33	93	8	5	51	50	86	18	92	6	41	73	32	94	90	82	15	7	61	36	84	80	24	33	49	81	79	15	93	58	71	16	65	84	69	53	2	92	100	45	77	50	55	59	70	83	60	7	57	18	12	23	14	39	84	6	89	55	12	90	71	48	68	79	3	97
