pij																																																																																																																																																																																																																																																																																																																																																																																																																																																																																																																																																																																																																																																																																																																																																																																																																															
77	73	80	81	72	78	72	81	86	84	88	79	72	74	83	88	80	87	72	81	71	80	78	74	84	70	76	72	79	77	79	90	76	88	71	71	77	86	74	74	79	82	86	82	79	89	83	80	73	86	86	75	81	21	74	77	77	88	81	73	86	81	73	74	76	77	88	85	76	77	83	83	73	81	88	84	72	77	81	27	85	80	85	83	79	87	73	79	74	70	20	72	73	78	88	78	85	84	71	80	83	29	81	90	84	82	74	90	83	81	86	87	89	72	71	71	87	82	72	87	83	79	77	84	79	80	78	84	83	72	73	86	90	86	85	83	70	72	87	86	79	71	82	70	82	80	72	90	73	81	70	76	72	81	82	27	78	88	76	87	86	89	81	87	82	23	27	86	87	70	83	81	82	78	79	72	81	77	21	89	87	90	88	81	75	20	86	79	73	81	84	72	75	81	28	71	85	73	89	84	75	76	77	80	80	84	73	79	84	81	73	71	81	80	85	80	88	72	88	79	83	72	72	87	19	79	77	22	72	89	70	72	22	89	71	82	18	81	79	71	90	87	77	19	81	84	84	86	80	71	88	75	83	79	88	81	79	71	86	81	90	74	81	77	87	72	71	84	82	72	24	80	73	83	90	75	74	71	84	77	77	82	86	87	90	84	90	86	74	74	87	79	87	78	72	74	84	84	84	77	81	80	86	77	82	75	88	88	80	17	76	84	21	79	84	75	87	89	72	79	71	86	79	89	77	84	83	23	80	74	75	78	79	79	72	74	86	84	84	74	81	78	84	18	90	76	89	77	74	83	72	71	80	89	85	72	78	73	20	74	86	72	77	83	84	78	87	76	78	77	82	73	82	75	90	76	82	77	75	80	16	72	71	89	80	17	78	84	80	89	75	84	85	88	83	76	26	74	72	75	72	75	80	86	87	78	80	89	89	75	76	28	85	85	85	85	76	74	85	74	73	79	73	73	77	72	74	87	76	76	81	72	77	75	72	89	85	77	25	72	74	86	72	71	71	77	85	71	87	83	84	81	17	75	80	86	90	71	78	80	79	73	75	74	85	74	75	81	76	71	82	81	85	76	83	81	89	72	18	78	73	79	81	73	24	24	77	87	90	90	77	89	87	76	20	85	83	88	83	70	83	77	84	83	86	88	79	84	76	90	74	73	23	87	21	85	87	72	84	75	78	78	88	81	73	86	77	79	72	19	76	75	71	73	78	89	82	77	22	80	83	76	81	77	78	87	71	76	84	85	83	84	71	88	76	70	88	77	78	75	77	74	83	78	87	72	82	77	85	88	85	71	75	85	78	82	87	71	87	84	89	72	85	84	71	85	16	73	77	81	87	86	73	76	79	77	76	85	72	74	87	20	79	82	82	72	78	82	75	89	85	73	75	80	81	74	73	81	71	73	72	85	22	88	86	74	82	81	85	71	83	84	74	20	88	77	77	89	75	72	24	73	83	78	71	86	20	87	90	80	80	73	72	89	74	79	89	89	82	88	76	84	74	21	73	75	89	75	72	71	76	89	84	72	90	84	77	85	89	72	84	78	90	18	74	84	75	89	83	70	71	82	86	83	75	78	73	89	78	75	84	75	71	88	86	81	81	80	79	70	22	76	74	86	88	77	89	90	85	77	70	87	76	83	89	88	87	82	70	88	79	70	88	71	77	71	71	84	89	75	88	74	80	74	87	86	86	87	75	86	87	85	78	86	76	77	72	76	87	76	89	17	72	89	71	88	77	86	80	77	25	90	90	82	81	71	89	77	74	78	82	81	79	75	70	84	90	79	78	71	72	78	74	90	72	84	71	79	89	88
77	79	87	76	78	83	70	75	88	73	76	90	88	75	79	75	75	80	78	70	83	18	19	77	78	74	89	78	89	71	89	89	19	80	77	18	82	81	83	87	80	90	81	80	77	73	84	84	86	82	88	83	72	74	82	88	77	88	78	79	71	87	81	86	76	88	83	87	84	83	80	86	80	77	86	82	79	72	71	74	73	70	86	75	88	18	23	20	82	74	83	83	74	78	86	87	87	72	16	27	16	74	86	81	71	75	88	86	79	72	72	70	71	72	80	74	21	81	81	76	77	73	88	74	78	75	87	16	19	88	71	86	84	80	21	80	88	89	72	72	77	71	89	81	84	82	84	82	78	84	79	83	80	17	75	83	73	85	77	79	73	18	80	72	76	71	80	83	80	75	73	86	88	81	90	73	75	84	78	78	73	75	83	79	77	82	76	84	83	20	75	89	88	79	84	76	75	23	83	82	84	71	71	75	82	75	81	83	83	85	89	76	76	76	82	82	82	78	83	76	74	72	78	84	73	79	87	87	85	87	78	78	84	83	85	19	87	77	76	72	80	84	72	82	74	71	75	87	77	80	79	75	72	79	87	81	90	86	75	76	24	72	77	80	81	88	76	75	78	21	78	83	74	81	18	84	72	87	80	78	80	84	26	73	87	75	83	81	84	87	75	79	84	84	26	84	71	79	82	76	78	78	80	89	80	71	81	85	89	82	74	89	88	78	78	71	89	79	86	81	82	75	89	84	21	72	83	75	73	75	84	81	79	90	74	74	84	75	71	85	87	85	87	81	80	74	89	87	78	22	21	87	73	81	73	19	90	83	74	72	78	80	90	77	77	84	88	23	76	70	74	88	71	89	75	80	21	76	73	89	71	86	71	70	78	78	22	17	77	19	70	28	86	86	81	71	77	74	89	79	87	78	72	78	78	85	75	74	74	83	78	78	76	82	74	75	89	71	86	86	72	78	82	83	82	87	88	74	88	81	21	78	87	75	80	89	81	75	86	78	81	78	17	88	76	87	73	86	85	80	78	80	76	70	78	72	77	18	90	84	83	79	84	80	83	77	88	80	84	89	77	87	88	89	77	72	76	71	85	82	77	79	76	25	89	71	71	84	74	82	83	77	72	71	84	88	23	81	74	22	76	83	75	82	82	79	82	81	84	78	71	71	70	73	89	17	82	74	79	74	72	73	78	73	72	84	18	78	90	86	21	20	76	86	76	24	85	71	71	80	79	20	77	75	72	82	88	89	71	87	79	90	85	78	74	89	78	80	77	77	72	75	76	73	74	81	81	84	89	71	26	75	74	89	78	76	17	79	87	88	80	84	76	70	87	70	86	87	78	87	80	85	76	73	72	19	85	85	81	78	83	73	78	77	75	90	82	75	75	86	80	71	81	72	87	82	75	87	72	75	74	86	84	70	77	72	70	76	87	77	73	81	74	87	82	84	89	75	88	23	21	78	24	83	80	87	89	17	80	78	73	17	72	74	72	82	89	87	78	85	79	77	82	73	85	87	81	71	78	86	88	70	85	84	86	75	71	84	73	84	79	73	88	87	73	77	89	82	70	88	83	72	73	85	71	78	90	79	25	77	77	89	81	75	74	80	72	80	89	81	85	88	72	70	90	75	73	79	73	72	23	75	82	80	80	81	20	81	77	72	82	73	24	76	71	79	78	75	81	82	86	86	86	85	75	74	77	71	86	81	86	88	83	25	72	77	74	74	75	89	83	88	87	74	70	74	85	90	88	81	76	89	82	81	82	79	90	88	84	84	88	73	76	83	83	76	85	75	72	83	72	75	78	76	77	19	77	81	77	84
75	79	81	27	77	89	72	81	76	81	84	70	79	89	24	88	71	86	71	86	75	74	72	82	83	19	79	83	74	71	79	89	83	78	76	82	88	90	84	75	82	87	84	84	82	88	76	87	82	20	86	88	81	83	73	82	22	79	79	78	84	87	78	85	24	22	84	90	72	85	89	79	74	73	81	75	88	80	17	74	85	72	76	81	77	70	71	79	72	85	79	88	85	73	86	75	19	88	72	87	74	78	83	90	77	74	74	23	77	80	79	80	82	25	84	83	77	89	83	78	73	88	78	72	77	77	87	19	70	78	73	87	89	22	87	71	84	70	76	72	86	72	78	87	88	71	74	21	74	89	78	71	84	72	74	70	87	87	20	75	87	73	83	73	79	72	72	75	76	88	84	85	85	72	22	78	78	82	72	80	74	86	77	75	86	17	81	71	78	81	22	80	87	18	77	81	21	80	83	89	74	73	72	81	73	87	77	83	89	83	24	81	76	27	73	89	24	71	70	84	88	25	80	28	82	78	85	85	72	81	82	17	21	88	77	85	87	80	87	72	86	85	83	21	75	70	84	83	84	79	71	89	90	88	88	82	77	70	81	72	81	71	77	73	74	73	82	15	87	85	89	70	81	86	79	84	86	79	82	75	78	79	88	72	85	74	86	81	82	85	90	75	74	78	77	71	82	78	73	79	82	81	75	87	76	27	84	81	78	79	18	86	71	80	75	82	73	78	80	74	81	87	80	76	80	86	89	86	78	86	75	79	74	73	71	82	86	79	77	89	88	70	78	79	88	84	89	82	76	79	78	73	84	88	85	75	24	25	88	89	79	87	87	88	21	78	71	22	79	87	19	87	18	76	75	70	82	86	78	83	83	27	76	87	72	73	72	77	71	73	74	77	81	71	86	82	89	82	71	73	76	73	79	88	71	88	87	75	26	89	73	73	89	18	84	88	88	82	76	26	85	88	70	85	87	77	86	87	72	89	70	82	28	77	81	79	85	79	71	83	73	72	86	88	73	89	84	73	89	75	80	75	71	20	77	27	82	85	24	84	19	71	88	75	82	82	74	85	71	80	90	24	74	77	81	76	83	82	90	25	90	71	85	88	78	74	84	86	87	70	26	84	89	89	80	79	78	75	70	74	81	88	76	80	19	85	89	74	73	73	84	79	73	17	74	20	76	88	86	81	80	83	75	72	89	88	86	72	76	87	22	84	86	80	19	74	85	88	70	85	81	85	89	83	87	78	85	88	77	79	77	89	89	86	85	84	88	78	82	86	82	71	73	77	23	78	77	83	83	83	79	74	79	83	76	89	87	72	22	83	77	71	83	81	24	89	88	24	89	79	86	78	85	87	83	83	89	21	83	82	88	83	87	83	74	22	90	82	26	82	75	86	20	79	78	77	84	89	78	82	18	88	83	77	81	76	75	70	77	75	78	70	74	89	81	85	88	82	89	88	81	70	75	75	88	74	70	86	77	86	88	82	23	84	77	80	84	77	86	80	81	77	23	76	73	83	86	71	26	84	81	86	82	77	73	87	81	72	86	78	86	89	73	83	71	73	74	76	77	85	71	86	28	71	89	85	73	72	81	25	90	75	81	81	87	28	71	71	21	76	87	84	89	78	75	81	18	21	70	83	79	80	86	87	79	79	85	70	88	85	76	74	75	89	76	77	74	75	82	85	82	87	78	82	77	87	86	21	90	24	76	88	74	81	78	75	83	85	72	71	73	16	79	80	86	90	80	89	71	84	83	84	77	76	80	89	77	74	15	85	89	75	78	82	89	81	76	73	81	76	89	84	86	83	75	86	77	74	18	77
90	19	87	83	79	88	77	82	79	81	89	90	81	80	85	72	70	77	77	72	77	76	81	70	78	87	87	74	72	82	72	76	80	82	19	71	87	85	29	81	89	81	87	78	80	20	80	73	85	72	79	25	89	75	80	77	78	76	20	77	85	75	80	84	83	72	71	78	77	73	82	84	77	74	24	70	86	72	78	90	82	73	75	74	81	70	78	74	75	90	79	74	81	83	83	80	78	72	85	86	86	72	89	84	83	80	77	70	74	85	22	85	74	71	89	72	79	75	19	86	70	23	75	72	75	89	72	84	80	87	74	72	88	85	88	70	18	72	86	89	83	77	73	72	82	78	81	81	79	84	74	71	87	20	24	82	75	88	81	28	76	83	25	73	76	73	27	84	89	85	73	85	79	75	87	77	73	78	79	85	87	79	80	86	74	75	81	79	80	89	70	82	71	80	88	75	79	82	21	77	71	77	70	85	74	17	90	81	85	80	83	89	72	76	24	85	85	89	89	80	84	72	25	72	77	26	86	80	87	22	85	82	81	89	73	85	80	86	79	77	90	17	85	80	70	88	79	84	78	70	79	75	73	84	70	74	77	79	89	82	75	85	85	70	74	73	75	89	79	82	74	75	72	77	89	89	90	87	20	74	25	88	79	82	82	72	81	71	73	77	73	88	81	77	80	71	74	80	21	75	90	75	81	75	81	89	76	26	88	84	80	88	71	82	89	85	81	88	77	19	80	71	89	73	80	76	73	79	20	80	88	77	74	82	84	88	81	20	80	87	80	85	70	75	81	88	17	81	81	89	75	88	89	19	73	85	82	78	79	83	81	25	79	75	87	18	77	86	79	72	72	88	82	73	85	85	82	78	87	21	75	26	89	83	72	83	25	73	90	70	78	86	70	84	73	27	27	81	23	73	79	75	26	85	84	76	79	71	80	18	85	76	22	87	89	23	75	70	90	89	72	74	19	79	90	89	87	70	24	75	85	82	70	76	20	77	86	80	77	77	19	72	73	80	86	75	89	77	72	78	81	78	19	21	76	77	80	85	82	74	84	87	87	87	85	74	82	87	89	85	90	83	81	26	23	26	71	70	82	71	84	77	87	87	74	87	28	74	76	18	89	84	76	20	88	81	89	88	73	73	26	90	85	88	84	75	81	76	79	76	86	87	88	70	81	90	71	76	71	75	72	73	76	75	19	90	76	90	77	75	82	73	75	80	87	77	71	88	70	17	84	85	76	83	78	84	78	85	77	84	20	84	86	81	76	70	78	86	81	74	86	75	20	79	84	72	88	85	73	16	78	86	76	89	71	86	73	74	72	88	89	71	80	71	77	76	81	23	70	78	82	73	79	86	75	83	20	78	16	76	85	74	85	72	82	72	73	82	73	83	79	87	72	75	86	80	15	24	77	77	77	77	79	89	77	72	87	79	75	89	72	87	76	74	89	71	79	90	80	83	79	20	81	86	70	75	79	83	85	72	71	88	87	76	89	74	20	23	79	76	85	85	81	19	79	88	86	81	81	73	77	82	83	83	77	71	77	71	74	88	75	89	89	86	79	75	75	81	84	77	78	85	88	82	86	77	72	78	80	76	72	79	81	19	74	81	82	83	22	74	87	83	83	78	83	78	71	19	89	88	72	89	79	81	82	79	76	78	72	74	71	90	86	89	20	74	76	74	79	77	80	81	80	71	78	71	88	83	71	75	21	86	74	86	80	89	86	86	21	83	74	74	23	79	71	88	75	78	73	88	80	19	76	80	89	82	80	83	71	83	78	18	88	80	85	21	86	26	74	74	71	78	80	88	71	82	77	75	75	81
80	75	79	77	84	72	89	28	85	77	77	80	24	74	81	80	71	76	82	71	75	82	76	72	75	84	84	87	84	17	19	82	84	82	90	72	79	70	73	72	15	78	87	82	89	86	75	76	89	81	83	72	87	85	80	80	79	80	83	76	73	18	72	71	74	72	79	88	86	77	79	86	78	82	75	80	87	25	17	83	71	81	89	71	85	88	71	77	86	73	70	89	75	79	85	79	76	76	86	72	86	82	89	83	84	76	79	90	79	79	77	86	90	74	80	89	86	77	80	70	77	80	74	90	88	21	28	74	72	74	73	84	73	79	86	78	85	81	82	70	78	26	85	84	80	21	81	77	72	75	77	81	72	74	74	76	18	86	89	70	81	76	72	72	87	23	83	83	79	23	76	75	72	86	76	86	78	86	71	80	81	18	87	84	82	72	88	88	72	84	84	83	85	77	73	79	78	81	79	75	80	71	72	89	84	72	72	82	80	73	86	25	73	79	81	89	88	77	89	22	82	82	82	81	73	86	23	89	83	71	78	79	77	71	83	76	82	82	23	78	79	83	26	80	86	79	83	84	80	86	79	85	72	89	88	82	73	20	82	77	87	72	78	71	71	17	78	87	89	80	25	77	82	25	87	83	24	83	21	75	88	89	83	75	76	71	75	82	72	84	75	75	83	87	71	86	82	71	74	21	76	87	82	75	80	80	73	89	78	71	75	86	87	73	81	74	22	81	70	73	85	74	86	87	81	76	80	71	88	20	87	24	82	74	78	78	20	73	85	83	76	76	18	17	75	82	71	82	76	85	82	19	86	72	70	83	83	82	70	20	72	83	88	90	79	74	19	79	77	89	75	72	80	72	21	74	74	71	84	22	87	79	82	72	72	83	75	79	18	72	81	84	77	75	77	83	88	81	77	75	72	87	80	75	81	80	77	75	78	81	79	89	76	77	77	88	70	71	78	78	76	77	71	72	72	77	75	87	82	79	86	89	80	83	82	79	19	89	82	86	18	84	80	78	24	81	73	74	20	80	87	73	85	88	71	88	81	77	71	76	86	82	90	86	23	74	87	81	76	80	23	73	73	72	81	87	87	74	86	25	18	81	19	73	79	80	29	85	18	85	86	73	88	70	77	24	77	87	82	86	71	77	76	86	84	84	79	87	24	85	86	19	71	86	81	82	26	86	77	78	71	28	74	88	78	86	79	71	89	76	78	87	76	79	81	72	23	75	88	77	74	18	72	86	86	76	75	80	89	73	79	18	71	71	22	75	20	71	85	74	76	23	83	20	84	84	89	24	76	70	80	86	84	24	75	87	70	86	88	87	76	70	85	76	75	78	79	87	25	88	87	25	89	17	87	81	76	82	78	29	80	88	74	80	73	77	75	78	90	72	84	27	82	81	76	77	77	86	70	82	74	74	88	88	77	77	83	80	78	73	17	88	75	78	81	74	86	71	74	78	88	80	22	70	77	78	73	82	22	89	28	84	88	77	85	70	71	77	78	78	81	74	76	70	85	76	85	85	78	75	75	72	89	80	75	88	88	86	20	88	82	79	83	70	77	70	22	80	72	78	81	74	74	87	81	88	86	87	87	26	86	74	83	83	82	77	86	21	88	79	80	80	79	71	90	89	17	72	84	86	71	75	26	86	79	73	75	79	22	88	87	89	85	86	87	80	78	85	24	87	84	77	79	73	73	77	78	78	85	85	90	24	83	88	76	84	87	75	82	72	74	85	76	82	72	79	71	90	77	81	80	89	87	73	79	21	20	84	71	76	72	74	81	77	79	75	85	84	73	22	80	86	89	84	19	78	76	84	73	87
77	72	82	79	73	73	20	86	24	87	84	79	76	88	82	18	20	81	24	76	90	76	87	84	81	89	80	15	78	71	73	85	89	84	78	84	25	75	75	23	70	22	90	82	72	71	18	83	86	76	74	81	83	87	80	84	73	70	72	87	90	79	87	77	86	75	84	74	71	74	85	76	78	21	87	17	81	77	77	88	70	22	83	74	80	89	78	86	79	87	86	18	88	77	83	21	76	83	74	85	74	29	90	78	73	20	88	74	79	79	80	79	85	83	72	90	73	75	77	80	90	78	72	90	73	84	78	75	88	19	26	82	73	22	76	81	78	76	85	84	20	78	76	80	89	77	78	81	75	84	75	80	16	84	78	72	79	84	85	90	74	87	77	28	86	82	76	84	78	73	73	75	86	76	86	89	83	83	74	86	90	79	84	87	21	85	16	77	79	89	75	87	77	82	86	86	89	77	77	88	75	88	88	77	85	20	80	89	85	77	74	82	80	88	77	72	85	70	70	74	84	72	73	83	77	26	84	85	28	90	76	77	76	81	88	78	74	22	73	89	77	75	88	79	25	74	83	84	72	76	73	19	76	70	79	71	78	84	72	18	84	73	21	18	83	75	89	89	88	78	87	71	81	89	87	76	73	71	81	72	74	77	87	75	78	18	19	77	83	72	90	82	20	70	84	83	86	73	86	77	84	83	80	83	77	82	25	77	83	73	85	73	78	85	80	83	85	88	84	80	76	73	88	81	86	70	70	84	78	88	87	72	78	81	16	72	87	86	74	83	76	81	73	89	81	75	85	16	75	76	70	75	78	72	80	82	83	80	73	87	83	77	24	82	80	90	89	82	71	73	81	86	88	87	83	75	83	78	19	75	75	82	79	71	73	81	86	72	70	81	19	74	76	73	72	76	78	85	86	21	84	29	85	19	82	29	83	79	71	89	20	80	77	75	74	82	79	81	86	73	89	88	71	80	22	75	86	78	86	82	83	71	88	22	88	88	85	82	88	87	77	76	85	77	25	23	71	72	24	85	71	26	83	87	76	86	88	75	87	86	77	85	81	24	83	87	77	74	84	26	80	71	85	87	84	82	87	90	73	75	70	73	71	88	79	23	89	87	88	71	73	77	89	86	83	80	77	74	80	78	86	90	85	79	19	24	76	75	89	85	22	81	76	73	21	76	71	85	77	83	24	75	83	82	71	28	86	76	87	21	89	72	89	86	82	82	78	78	88	76	84	82	74	75	83	71	77	81	82	84	20	89	83	75	88	71	75	24	83	79	17	86	81	18	71	78	83	80	85	70	73	75	78	81	83	17	82	75	85	89	86	84	20	83	83	83	78	90	85	71	76	25	79	89	87	78	74	77	79	73	81	72	81	82	24	20	87	85	71	85	89	84	84	86	77	84	72	86	85	82	89	83	84	17	77	85	78	85	79	82	88	84	77	20	86	80	18	85	71	82	73	71	77	78	86	79	75	74	71	77	84	79	79	26	77	71	73	80	83	84	88	82	77	83	76	73	81	21	82	79	79	80	87	85	84	80	73	80	71	80	78	71	18	78	19	86	88	20	17	74	73	75	75	76	74	83	87	89	86	89	71	72	79	77	88	89	82	85	87	79	83	73	76	90	75	89	72	87	24	87	75	80	24	84	84	87	70	88	81	77	80	87	89	86	88	85	89	77	89	70	24	80	72	71	72	17	73	88	71	74	21	76	25	84	89	79	79	19	76	89	89	72	23	73	25	85	90	76	83	26	74	84	72	78	22	70	80	20	87	84	77	79	77	78	23	83	79	74	86	75	78	23	89	74	80	80	88	84	71	18
75	70	81	73	72	18	86	73	74	88	74	72	87	23	21	17	79	87	79	74	89	73	71	80	71	70	82	76	86	83	71	80	90	20	78	77	88	89	74	80	81	80	86	76	83	78	82	80	71	22	83	71	86	78	20	72	86	26	86	18	82	74	89	71	80	76	83	89	76	79	75	73	87	75	76	85	79	23	82	27	71	86	22	85	82	71	81	78	78	18	71	87	87	77	72	72	76	87	78	86	17	83	82	73	16	79	88	89	21	16	75	81	85	81	88	76	84	78	90	82	76	70	81	79	74	73	83	85	85	87	72	71	82	72	20	75	82	23	80	17	75	87	82	72	90	74	78	78	75	77	86	79	19	88	84	74	88	78	78	87	83	77	85	83	25	76	78	83	76	79	71	78	87	21	85	25	81	82	80	89	22	85	90	83	72	76	86	76	23	87	85	25	81	73	86	75	84	24	70	79	73	84	85	76	87	76	82	79	84	90	25	73	27	70	24	84	83	82	72	71	90	82	75	29	84	86	70	80	71	79	76	84	74	81	90	89	79	88	78	72	73	86	27	76	72	89	80	84	84	80	72	86	78	79	75	82	80	73	75	87	74	83	86	86	89	72	88	72	89	86	79	75	84	74	86	72	80	86	85	88	86	85	79	85	85	80	85	84	83	89	17	87	84	19	27	70	87	80	80	90	89	84	71	85	77	25	70	79	75	20	88	80	80	90	88	81	81	74	83	74	27	87	25	71	89	76	74	90	83	77	89	77	83	88	86	75	79	83	19	78	88	87	84	74	74	80	84	83	87	25	72	83	21	88	83	80	78	86	83	87	72	84	21	87	78	19	83	77	87	77	75	20	76	85	77	77	75	80	84	77	80	74	81	71	26	75	76	73	75	83	77	87	71	26	25	84	73	86	90	83	75	74	80	87	78	80	84	74	81	74	80	81	83	87	72	84	73	86	77	75	26	81	83	81	80	23	77	88	78	85	74	82	77	76	90	78	77	83	73	87	82	77	88	86	82	22	80	89	76	87	82	88	85	73	80	85	87	79	71	81	84	90	73	77	80	79	74	87	70	83	76	87	89	77	79	80	84	17	79	87	90	76	86	85	73	88	85	85	85	75	83	70	20	71	77	81	76	73	73	75	81	26	88	73	89	73	79	78	80	78	73	70	86	80	84	71	71	86	81	90	85	71	82	17	21	78	72	89	72	90	89	70	70	72	82	87	22	80	77	70	77	86	81	27	75	82	80	26	75	78	71	86	89	84	71	19	83	87	81	71	88	90	78	77	76	76	74	84	76	77	80	85	85	75	74	72	78	22	20	76	83	83	82	73	81	79	86	79	82	83	77	76	79	78	73	87	87	87	84	79	86	75	80	82	72	71	82	82	27	79	77	86	73	80	76	79	72	72	82	75	79	72	85	77	27	78	79	88	78	87	74	73	88	74	81	86	83	87	75	88	72	85	86	73	80	81	89	71	79	71	87	86	79	85	20	79	87	73	89	80	73	87	82	88	72	89	81	81	77	72	87	84	82	76	75	80	84	78	82	83	85	78	79	77	86	77	77	73	87	88	18	87	84	76	86	83	88	78	80	77	73	18	84	71	26	76	75	89	72	90	74	85	78	83	26	71	85	74	81	19	87	86	81	70	85	87	79	23	74	76	76	74	89	76	76	90	79	78	76	78	81	90	84	85	74	81	74	75	85	76	84	84	75	76	22	80	88	77	73	78	72	85	87	87	81	71	84	73	20	86	73	73	79	25	81	74	79	87	87	81	74	82	71	85	79	80	85	71	81	74	89	73	90	75	80	82	83	71	80	79
75	87	23	26	77	70	78	77	82	88	19	76	80	89	77	77	77	85	88	74	88	76	74	81	80	80	74	17	81	88	78	84	71	74	73	85	26	71	76	80	86	85	89	84	77	74	90	89	75	71	89	85	78	79	24	79	75	83	83	80	82	89	26	85	88	88	71	24	17	85	71	87	73	78	84	72	73	81	84	78	81	77	85	86	24	81	23	78	81	77	83	89	78	79	87	83	16	85	82	75	86	70	77	24	84	83	75	89	79	73	83	87	81	87	71	84	83	84	88	24	20	19	80	86	84	77	79	71	78	19	72	72	83	89	78	81	71	82	73	74	74	70	81	84	70	90	83	87	82	71	21	82	88	90	78	85	82	79	84	89	20	76	89	83	86	90	87	82	81	83	87	82	79	83	72	84	80	72	73	19	82	76	86	72	24	87	86	76	79	22	75	26	72	81	27	75	83	72	72	79	17	75	79	84	80	74	81	81	77	85	90	80	74	83	80	83	78	21	83	20	83	81	84	78	87	75	83	75	81	21	82	71	86	83	21	77	77	86	90	70	81	79	84	78	82	71	78	78	88	78	19	86	78	73	79	22	84	24	81	19	76	76	90	78	73	79	79	86	74	73	90	89	73	87	82	80	89	79	81	71	82	81	78	16	87	87	76	73	89	80	74	80	79	15	88	88	71	80	76	74	72	82	25	84	79	77	74	71	85	70	84	83	86	80	70	79	74	21	90	73	89	76	82	75	76	82	80	71	87	79	82	22	87	24	82	89	77	84	80	82	75	72	86	70	88	73	87	81	80	72	88	82	87	72	75	89	84	86	18	75	88	79	84	87	85	72	78	87	85	21	86	78	80	70	82	87	74	70	20	70	72	78	88	87	71	86	73	75	72	87	19	80	88	73	71	87	85	74	77	82	85	87	73	85	84	88	74	83	75	88	72	84	19	83	88	82	21	77	83	84	76	82	86	90	71	78	19	83	81	20	76	27	83	80	90	82	85	73	83	73	72	86	85	77	75	76	81	71	80	75	83	85	80	87	80	84	84	87	77	81	81	82	21	73	84	81	85	26	90	70	88	88	70	85	24	27	85	90	72	79	89	78	71	72	77	82	81	76	85	75	88	85	86	70	20	75	71	21	76	81	72	71	79	78	88	71	72	74	84	73	89	72	88	75	88	79	89	82	25	27	71	77	87	77	76	77	76	71	25	73	85	76	82	86	80	80	82	19	75	78	89	71	84	71	86	84	16	72	19	79	84	78	87	80	73	85	84	78	78	18	74	72	74	77	74	72	83	84	82	84	84	88	18	85	87	74	74	83	75	20	84	84	72	19	73	70	86	78	84	73	90	80	73	88	73	86	70	83	76	87	73	73	72	25	78	90	88	84	71	78	84	85	88	88	77	85	86	22	88	26	82	73	82	78	88	85	73	72	77	89	79	75	89	86	75	76	78	71	76	72	81	83	89	85	79	82	86	81	72	73	81	74	74	84	82	77	71	76	87	87	71	84	73	75	84	77	82	76	72	23	80	90	85	85	88	84	70	84	85	80	83	76	85	86	84	73	79	72	79	20	83	20	83	81	86	75	86	89	73	73	86	20	82	79	86	73	77	80	83	84	85	79	72	87	81	16	83	75	25	86	72	89	89	83	71	74	20	78	71	80	78	83	78	87	72	78	71	73	75	79	85	83	78	78	71	82	87	79	77	85	75	77	81	71	84	79	88	19	82	77	78	73	74	25	85	78	77	77	18	84	83	85	72	75	87	71	72	75	76	78	22	78	18	83	90	72	76	85	79	84	73	85	87	71	89	72	77	83	20	89
76	83	78	75	76	88	81	83	71	71	19	75	86	72	80	89	85	77	86	81	81	86	73	75	20	83	78	71	76	81	78	73	84	83	80	82	72	88	80	76	77	78	81	20	87	78	81	76	22	83	77	75	22	84	71	78	89	84	78	82	73	77	84	24	70	71	78	84	78	90	70	75	79	78	79	83	81	76	72	84	82	84	77	73	26	87	71	19	71	80	73	76	24	72	25	23	78	80	89	80	74	86	21	85	75	82	85	73	85	78	79	80	78	88	85	23	74	79	88	71	87	89	71	81	90	72	89	77	83	88	85	76	89	82	72	21	17	84	74	72	88	77	86	85	83	80	75	74	86	23	81	74	77	84	82	71	82	70	72	29	81	82	82	85	71	83	85	84	84	85	73	24	81	78	71	86	77	79	70	85	74	77	77	78	80	84	70	23	72	86	71	81	72	85	83	80	85	71	79	23	72	75	72	88	76	78	87	23	77	73	71	74	85	89	74	88	74	82	85	84	82	70	83	87	83	77	79	84	79	87	75	89	78	26	85	78	78	22	75	82	71	73	77	83	73	87	78	83	21	19	83	86	89	75	23	77	84	81	82	83	82	85	77	21	86	78	85	83	75	83	73	87	70	89	76	77	79	84	89	83	80	86	70	82	18	70	79	24	84	85	83	86	89	77	75	87	87	80	75	78	19	77	26	84	72	72	84	74	20	77	88	82	80	84	78	78	74	23	80	75	82	82	85	86	81	87	74	80	86	86	89	78	82	88	74	87	86	86	90	72	81	20	82	80	89	20	80	75	19	70	88	19	78	76	77	88	70	72	85	21	79	81	84	90	83	72	73	88	19	75	87	73	78	72	88	78	70	84	81	87	78	85	24	71	80	83	80	72	80	81	88	89	83	70	88	78	78	79	84	82	83	81	86	77	87	81	72	79	72	88	70	71	73	21	84	84	24	85	22	88	81	87	73	18	84	74	85	79	70	76	70	27	88	75	75	23	74	75	73	82	80	80	78	72	74	73	83	26	77	84	76	72	79	78	87	70	21	81	73	83	77	89	81	73	78	20	74	72	76	74	84	24	83	76	76	76	74	18	70	78	83	81	89	74	76	72	80	71	85	83	71	71	75	87	71	20	71	83	77	89	74	78	80	90	89	78	87	88	84	75	89	78	83	84	75	87	70	20	23	71	24	78	83	77	75	27	81	76	90	75	76	81	78	82	80	77	71	88	86	79	25	75	81	73	71	82	86	25	86	87	80	84	24	88	73	72	72	75	17	16	79	83	21	79	85	88	75	84	27	78	74	86	79	85	87	74	73	73	75	87	80	88	78	81	89	85	79	89	84	83	82	78	82	78	86	82	75	81	79	85	85	78	88	77	83	79	87	89	85	89	78	84	70	82	79	80	79	85	26	84	76	24	74	84	25	78	87	77	88	80	77	90	71	74	76	74	76	84	27	75	74	79	79	73	20	17	73	80	76	88	86	73	81	83	83	78	78	81	74	71	87	82	75	87	89	70	83	78	79	22	79	88	75	84	21	81	71	75	78	88	74	83	82	77	79	85	77	76	77	89	74	23	80	25	79	74	77	73	23	90	87	76	21	78	83	75	76	72	81	23	81	73	21	87	81	87	80	88	84	20	85	23	83	85	80	90	88	24	86	77	81	86	88	25	70	24	77	72	82	27	89	90	87	25	90	88	86	79	84	89	79	71	72	75	89	84	83	77	85	75	76	74	89	86	74	84	87	75	88	73	89	22	88	87	85	70	71	74	76	80	82	86	90	84	79	70	84	83	78	87	89	73	72	87	85	19	79	18	81	18
71	88	77	74	24	88	86	80	22	83	72	79	73	80	82	84	87	90	83	80	72	89	79	70	86	89	17	76	74	77	76	82	75	78	83	74	71	71	27	74	15	87	88	24	18	88	82	71	86	84	71	81	76	88	73	80	73	84	74	18	90	89	71	84	71	80	77	80	86	74	89	85	75	81	85	79	86	73	72	84	89	81	81	79	72	80	76	75	80	70	78	88	87	86	87	71	72	77	75	73	80	75	74	76	85	85	80	74	84	77	80	79	83	72	88	90	80	70	74	87	80	82	88	83	85	80	73	73	73	76	82	80	71	90	86	76	82	80	75	85	80	70	88	72	73	78	71	71	79	79	80	80	89	86	72	83	17	80	83	81	75	76	88	83	77	83	73	87	77	89	25	75	71	83	78	70	82	82	88	83	74	73	74	74	88	83	75	77	70	75	78	89	72	85	88	80	23	87	88	75	74	71	83	81	82	80	74	87	83	28	84	75	88	75	80	88	78	77	76	75	72	87	71	84	85	83	74	22	84	71	77	74	88	73	75	71	80	71	82	81	78	84	76	77	89	89	74	25	19	74	86	89	20	82	83	84	81	77	19	77	74	83	84	83	79	78	79	86	84	23	86	72	88	72	89	22	73	78	79	26	83	20	71	75	87	76	84	84	72	84	71	74	18	85	73	70	80	76	81	72	85	87	73	78	89	88	89	83	79	86	79	87	85	71	86	19	76	87	74	17	78	79	71	85	78	85	21	85	76	76	72	78	89	74	15	87	86	83	18	21	76	79	77	81	82	77	74	82	83	72	72	72	77	84	86	75	88	24	81	89	79	81	77	74	87	87	87	78	86	72	90	71	82	23	73	90	86	76	86	89	71	85	75	23	89	79	83	82	86	81	71	84	90	76	76	82	75	89	83	73	20	88	89	76	90	28	77	78	80	83	88	82	83	84	78	83	90	73	88	72	85	79	85	86	84	74	73	80	74	76	72	89	78	89	77	79	84	19	84	88	80	22	77	87	76	77	70	83	86	80	89	75	84	85	22	28	78	83	75	83	17	26	80	84	85	87	73	88	76	23	23	73	71	83	87	85	19	84	88	89	86	80	79	73	80	88	82	82	71	84	71	90	78	76	74	76	74	78	85	77	73	81	84	27	90	86	78	78	85	23	72	70	74	88	77	84	83	78	77	89	72	25	78	87	86	88	76	78	71	87	81	87	20	73	71	23	73	85	79	82	75	70	75	86	27	24	84	82	73	80	79	72	80	84	81	76	80	80	80	73	77	82	89	71	74	78	25	72	86	80	78	72	74	89	22	87	81	77	75	73	24	88	77	80	88	71	15	79	73	84	21	85	79	79	85	80	81	78	84	81	21	81	77	88	76	85	73	73	83	71	75	81	80	77	19	84	74	88	73	88	89	84	70	86	80	73	88	74	28	78	78	72	79	79	74	24	21	71	79	22	76	72	83	28	20	76	74	79	89	74	77	78	78	73	73	76	87	80	82	25	19	23	79	75	26	86	89	82	82	88	76	26	75	88	87	89	73	75	79	80	86	84	20	75	84	71	74	71	77	20	85	79	70	75	82	88	81	88	81	71	75	90	72	78	75	72	70	77	80	81	72	85	82	81	74	78	77	80	89	88	80	72	89	75	82	25	79	85	88	25	26	78	76	79	78	75	25	74	77	72	80	81	24	82	25	20	78	71	88	89	88	71	83	78	78	81	72	73	75	19	74	84	87	87	86	23	78	21	76	76	88	86	87	80	73	71	79	23	82	78	88	79	70	16	24	72	73	89	89	84	84	86	88	81	83	72	76	78	87	80
18	86	79	74	88	88	72	83	84	74	75	83	74	20	84	88	72	79	78	87	75	79	88	74	82	89	16	72	82	75	76	74	86	82	85	79	78	90	83	82	88	79	78	81	20	83	88	81	74	84	89	72	85	82	72	84	25	85	21	88	71	73	71	72	22	21	87	73	81	84	21	79	81	87	75	81	20	87	70	81	82	77	79	22	75	83	75	82	83	73	79	80	84	83	87	89	75	80	79	84	82	84	22	76	81	81	72	82	18	87	80	21	18	78	79	79	84	22	83	76	78	90	85	89	88	87	27	78	82	86	80	27	85	80	86	79	83	20	23	75	78	73	74	72	72	83	82	76	75	21	90	89	89	81	84	76	83	86	80	73	73	18	83	74	73	77	71	21	81	89	87	71	23	73	21	72	26	74	81	85	72	89	20	82	74	71	82	79	83	82	78	87	87	80	71	84	77	84	82	74	77	86	80	80	71	72	86	71	88	75	85	75	25	88	89	27	76	77	84	87	73	78	90	90	72	85	79	86	85	73	79	79	88	79	77	74	83	77	83	83	77	72	88	71	73	78	76	88	83	86	87	89	82	79	89	82	87	89	80	76	73	80	87	79	76	76	78	76	82	74	85	83	76	77	77	20	81	21	80	85	76	78	71	20	90	73	80	73	17	88	74	25	84	78	78	86	80	76	20	76	83	85	72	24	88	75	83	89	74	73	88	87	84	78	84	18	82	73	22	75	73	88	82	18	82	85	81	75	84	78	26	78	71	87	73	25	74	77	72	87	88	79	87	89	77	21	86	73	77	80	75	82	84	17	81	72	75	71	89	84	72	86	72	76	22	77	76	90	89	22	71	80	75	23	72	89	70	78	87	71	88	77	85	72	83	79	84	72	77	80	79	26	85	83	75	71	80	75	73	80	74	84	88	70	73	83	72	76	87	87	21	79	87	81	88	86	87	81	88	28	82	72	86	71	74	22	87	75	25	73	86	83	77	88	81	73	73	85	75	76	71	72	82	18	88	70	82	90	74	85	84	78	81	82	88	74	20	74	26	84	71	86	82	78	83	83	79	80	75	76	80	77	70	87	74	74	86	89	19	78	89	24	83	83	70	71	79	71	75	81	72	84	73	72	77	81	79	87	75	82	78	74	75	28	73	82	78	87	89	25	72	75	80	87	86	78	89	82	73	89	86	81	80	72	72	88	81	89	88	87	84	80	77	79	77	77	83	85	75	70	24	87	19	71	78	25	90	81	86	77	86	70	86	77	81	82	70	79	90	90	73	72	79	71	87	89	26	89	25	74	89	76	20	84	80	86	81	88	74	21	85	85	77	72	75	90	88	81	77	73	19	86	75	90	88	83	74	84	80	87	77	72	71	72	72	78	71	77	76	75	86	78	80	88	78	75	73	73	74	82	85	83	90	81	76	71	83	75	84	82	83	88	23	73	16	74	88	90	88	88	88	76	80	70	78	79	76	85	72	73	83	72	79	82	72	70	73	76	80	90	80	76	86	86	89	26	79	72	84	71	81	80	72	80	75	79	73	82	75	74	78	80	74	18	78	20	71	77	16	90	19	73	85	82	18	85	74	73	87	84	71	71	71	75	83	24	73	87	77	85	23	71	88	72	77	81	78	75	72	79	23	73	79	73	89	25	82	89	19	78	25	83	81	85	78	74	75	83	71	87	80	86	78	89	77	79	81	90	17	82	74	73	81	78	86	19	22	70	71	89	72	79	78	28	88	77	21	18	73	25	74	83	81	79	88	75	87	75	72	18	79	90	82	82	76	82	81	88	74	73	25	85	71	24	85	86	21	73	86	85
70	75	88	86	70	74	81	72	83	82	75	25	73	82	89	85	81	87	85	83	76	89	75	77	21	88	81	90	83	84	83	90	76	81	77	19	78	73	80	82	74	86	71	84	81	71	86	84	79	89	85	72	77	82	82	90	89	85	71	79	86	79	90	73	87	78	19	74	71	89	76	89	87	74	86	84	90	71	80	82	82	81	20	78	71	83	86	76	84	74	77	88	81	86	73	74	79	71	86	26	74	80	78	80	74	71	22	86	90	79	74	77	78	73	73	79	84	90	81	71	82	70	23	85	76	82	78	84	77	80	90	81	79	88	88	74	90	71	81	84	82	71	78	20	75	89	81	75	72	85	77	79	72	90	75	74	81	90	79	74	76	86	82	80	86	76	84	87	74	82	76	25	74	77	83	85	89	83	89	74	84	77	84	74	79	70	75	83	86	87	84	88	75	84	73	89	89	79	75	23	87	89	87	76	22	84	88	19	71	70	85	79	82	70	88	73	74	78	82	70	24	23	72	71	81	82	71	78	80	78	78	82	83	80	83	82	76	89	84	83	89	18	82	87	87	23	72	83	72	83	82	86	78	87	75	90	71	77	87	88	80	76	80	87	81	87	71	74	89	76	72	76	18	70	75	89	73	70	81	71	82	70	83	79	88	19	88	88	79	85	79	83	71	82	78	85	80	88	71	86	74	77	87	74	78	85	76	81	20	74	77	19	73	89	18	79	25	72	81	84	88	79	77	21	75	26	76	79	75	89	77	74	72	74	85	76	75	79	80	78	73	23	76	72	77	80	70	83	74	77	21	86	22	83	26	83	82	79	89	82	85	74	89	84	83	74	81	79	89	73	83	90	73	75	77	19	75	24	73	83	72	73	80	80	72	16	87	79	84	71	70	70	72	75	80	25	80	83	84	21	87	28	85	83	84	74	88	22	86	79	83	85	77	84	79	87	89	22	89	76	78	72	79	74	84	77	77	76	74	73	71	74	74	73	79	25	70	84	90	85	73	88	75	86	85	85	24	81	78	80	76	74	89	79	77	76	75	74	74	18	79	77	72	74	22	85	70	80	82	73	78	86	77	87	81	84	77	88	80	73	86	26	74	86	89	85	73	84	76	75	75	80	87	78	85	83	70	79	81	88	76	84	22	81	75	80	25	82	88	89	81	87	74	85	74	76	85	19	88	89	89	72	89	18	79	76	74	88	85	78	77	90	89	24	83	88	71	19	75	76	78	90	87	89	87	83	77	83	77	76	71	78	80	85	77	84	90	27	80	74	80	23	72	77	84	74	86	27	82	70	70	78	78	77	80	19	82	89	80	87	25	79	86	83	89	85	84	80	71	73	78	90	87	81	20	85	85	72	85	26	19	87	90	86	89	81	81	78	73	15	76	85	89	80	20	27	70	73	78	89	76	72	86	73	84	84	85	82	26	20	81	89	84	85	74	84	73	76	75	74	80	86	76	88	88	89	81	18	86	75	75	15	79	85	76	20	82	25	72	86	22	77	87	82	80	74	27	19	79	89	73	86	26	80	77	26	78	89	82	83	25	87	83	87	89	22	86	78	88	71	88	70	84	88	75	85	80	77	75	84	73	70	80	19	83	87	86	88	83	82	74	71	21	18	86	85	84	78	76	87	75	79	76	77	19	71	77	87	77	71	76	87	24	85	78	72	24	82	87	80	87	76	87	74	83	72	81	86	76	89	80	20	71	26	77	71	21	83	75	78	23	89	71	74	75	20	84	77	75	88	78	90	88	72	74	20	87	81	88	86	20	22	80	74	86	87	76	77	71	73	84	74	83	82	82	74	76	81	70	75
74	87	73	86	76	73	73	84	81	86	79	73	71	88	89	76	88	23	89	23	17	20	73	85	89	83	80	83	75	18	78	24	89	87	82	70	84	24	80	74	76	77	71	78	76	84	73	19	87	74	74	27	82	22	77	27	77	25	87	75	76	70	75	76	73	89	87	73	85	22	88	72	72	74	83	81	83	76	84	74	87	77	87	19	71	20	82	88	74	77	19	88	77	86	89	88	89	21	78	82	75	72	83	79	72	79	85	83	71	73	89	76	75	84	80	26	89	87	75	71	72	76	72	77	26	81	87	90	82	78	87	84	83	82	72	73	76	83	73	18	74	83	81	76	77	89	86	73	89	83	22	77	83	73	81	88	79	85	22	70	21	88	70	77	88	83	78	74	75	78	77	76	73	81	73	23	28	84	72	18	71	70	81	81	74	80	75	80	72	70	72	74	89	83	75	73	72	86	22	72	82	17	89	89	76	71	29	86	88	76	87	80	70	88	88	85	83	83	78	80	87	79	70	72	78	71	82	89	89	76	71	75	87	79	83	80	79	88	74	74	74	78	87	80	89	89	74	89	87	74	17	88	79	16	77	77	80	73	83	86	26	74	73	76	82	84	79	88	84	83	83	73	85	82	84	75	74	85	80	77	21	90	73	79	73	71	73	22	81	89	71	81	75	87	79	19	88	82	85	89	17	85	75	80	70	78	86	71	77	82	87	21	82	79	87	77	72	79	74	86	85	24	72	84	73	79	21	71	73	20	89	77	88	71	86	83	80	83	76	75	74	80	71	77	21	77	71	80	73	87	71	74	73	79	86	80	88	77	85	79	18	76	82	17	83	74	82	84	87	88	19	83	87	71	75	80	80	70	83	75	74	83	76	86	83	77	70	74	84	79	71	84	24	24	73	73	87	81	75	85	89	85	88	71	79	90	71	71	74	16	90	87	80	76	23	78	79	83	76	73	75	86	82	87	83	90	80	75	74	19	86	72	86	19	86	83	88	90	81	77	75	79	82	71	72	78	78	88	72	23	88	86	85	89	78	72	89	75	77	82	87	84	22	76	71	80	20	26	23	71	73	76	74	26	74	75	78	71	89	70	76	79	83	87	80	84	71	74	20	73	87	88	22	80	80	89	27	22	79	74	75	75	20	77	72	86	84	21	85	81	82	73	85	89	79	81	85	86	72	86	80	71	72	78	79	79	19	87	90	73	77	71	89	87	75	76	73	75	80	75	78	72	84	77	82	76	74	72	78	77	70	88	83	21	21	72	77	81	70	86	87	79	79	71	86	80	71	88	89	82	76	89	70	85	71	85	72	85	72	84	86	80	83	20	75	78	74	82	82	20	88	72	86	80	84	83	83	83	71	87	89	75	23	83	76	82	73	89	78	73	80	77	86	76	75	75	73	86	89	26	76	71	82	71	74	24	20	72	86	86	87	80	89	85	80	82	90	77	71	79	90	79	79	84	70	79	75	86	79	88	72	72	79	27	75	20	82	80	89	80	83	72	73	84	71	82	86	84	89	90	17	27	73	82	84	24	80	24	19	71	74	20	84	80	85	82	85	87	86	88	77	71	89	24	71	89	73	23	87	76	82	76	90	89	72	72	81	86	72	23	87	86	75	18	88	86	74	90	90	71	88	74	73	77	87	80	86	70	88	72	71	82	78	72	82	76	82	78	89	78	79	88	87	80	89	87	20	80	78	72	89	85	80	89	83	72	87	75	83	20	84	87	79	75	87	72	86	73	80	84	85	76	71	24	71	75	84	71	89	86	88	74	75	82	71	78	71	86	82	23	72	74	71	85	72	78	84	80	88	71
86	88	73	84	84	81	21	82	84	89	80	81	23	84	73	84	22	83	82	79	86	75	80	80	86	77	72	71	85	87	87	23	76	82	81	89	76	24	82	78	74	20	88	74	85	78	85	21	77	74	89	74	78	76	72	74	73	72	86	80	71	88	89	82	74	78	89	89	77	82	77	18	87	90	80	89	87	73	83	73	18	79	72	80	82	89	73	77	78	70	88	75	73	86	71	73	72	70	82	73	82	88	81	25	84	88	88	78	77	89	21	71	88	83	20	76	82	75	88	78	88	71	90	82	71	84	75	70	89	81	85	28	85	81	72	22	74	78	89	73	87	77	75	75	85	23	85	19	78	85	71	75	81	81	74	74	79	85	83	77	77	78	88	73	74	81	89	22	79	90	82	86	83	90	72	81	72	85	22	81	76	76	80	22	75	74	88	24	79	72	86	81	86	76	76	76	76	88	83	74	82	89	74	22	77	77	81	73	82	26	87	71	87	76	76	79	88	20	72	75	81	88	74	77	81	85	79	79	71	76	80	72	85	80	18	18	74	79	71	86	71	73	86	71	80	89	79	26	80	79	72	72	84	78	79	76	79	83	81	78	85	86	74	84	84	77	76	81	83	81	81	73	85	72	76	87	76	75	84	76	79	22	73	80	81	77	81	71	78	23	78	81	84	79	78	79	19	88	86	21	78	19	81	24	84	74	72	82	73	84	19	77	90	79	21	77	75	78	79	79	83	23	82	70	73	75	74	81	71	72	86	74	85	74	82	88	80	71	89	83	89	87	18	79	74	72	18	19	75	85	74	76	72	76	26	83	71	74	84	87	86	74	83	88	76	74	85	73	72	89	76	74	89	88	21	72	77	70	82	72	85	73	76	83	78	84	85	76	80	90	78	83	87	82	84	77	82	84	80	90	75	76	82	76	81	83	89	71	24	77	85	26	73	86	83	81	86	73	79	76	78	83	19	89	71	85	74	84	72	87	71	82	74	82	22	70	84	81	26	79	78	72	88	82	86	76	76	77	82	26	80	86	86	77	22	73	80	78	87	70	85	79	73	80	86	83	82	73	78	88	80	89	24	86	74	79	71	71	75	85	75	76	18	76	81	80	89	19	89	89	82	84	84	19	82	73	88	85	82	82	72	86	80	71	86	80	73	73	88	86	78	83	82	76	85	82	76	89	87	24	87	88	72	87	84	81	89	89	29	72	80	87	86	73	84	74	81	85	71	89	87	87	88	77	77	76	70	73	73	88	83	20	71	76	84	19	70	72	75	79	88	84	82	80	87	86	72	85	80	78	79	22	79	79	89	70	75	79	84	86	71	75	80	76	24	87	86	89	75	86	88	79	77	71	19	87	89	71	85	71	89	79	75	86	79	81	20	79	73	82	21	75	21	25	74	72	73	80	81	78	80	24	85	85	86	81	20	83	83	22	78	78	77	86	75	77	87	25	78	79	82	20	81	90	75	87	75	80	73	86	73	70	78	74	21	82	84	85	19	24	75	75	88	84	71	70	86	74	73	81	89	71	72	76	90	90	89	72	78	79	88	77	78	71	81	76	21	82	80	81	83	74	73	83	71	82	85	86	87	82	81	75	23	77	75	71	22	74	72	79	80	81	75	73	78	71	78	76	80	76	84	74	90	88	76	84	86	77	76	79	90	22	75	83	19	89	73	79	82	24	89	71	87	86	88	82	20	23	74	80	82	78	83	72	87	77	86	83	76	71	21	84	77	90	81	82	90	72	89	74	71	79	19	86	86	77	80	89	16	20	77	89	74	75	80	23	84	80	74	74	83	84	18	89	71	82	70	82	82	72
19	85	87	84	88	74	89	25	70	85	87	77	76	71	78	83	87	89	75	79	82	87	79	86	75	83	78	86	24	71	81	88	85	81	78	76	84	74	77	27	88	78	24	73	73	71	86	75	76	88	74	87	84	83	88	25	73	78	75	86	21	88	75	76	77	76	74	87	87	81	22	17	77	84	88	89	79	74	72	88	76	22	83	89	85	85	76	83	17	76	88	76	87	83	73	73	84	86	82	70	71	83	74	84	80	78	22	73	79	19	75	87	20	74	79	89	85	81	87	83	84	74	78	90	77	20	80	79	72	85	27	73	86	70	78	82	85	87	87	79	80	76	77	86	26	73	27	82	76	84	73	18	87	84	86	75	81	85	78	78	87	79	76	29	72	79	71	85	76	24	76	89	77	75	83	77	70	27	79	81	22	17	17	73	79	75	75	82	79	79	70	75	17	77	90	88	75	87	73	89	17	83	77	22	87	77	73	89	74	76	83	85	74	83	72	27	81	80	71	84	72	70	24	79	80	81	84	74	27	78	25	79	86	74	87	76	83	84	89	76	18	89	77	73	88	83	84	81	85	76	86	85	89	88	86	87	71	77	73	89	72	89	82	88	89	73	77	89	83	85	76	82	78	77	82	83	70	89	85	89	89	85	86	70	75	89	78	74	83	22	16	72	74	77	74	80	16	81	80	74	88	71	83	71	81	82	87	26	71	80	89	73	77	79	73	86	90	84	79	77	26	75	79	78	86	71	72	85	20	77	29	80	85	26	82	85	71	89	84	19	21	85	80	83	84	76	71	71	89	83	87	81	74	79	77	17	81	83	85	70	83	71	79	20	89	73	79	80	87	81	83	72	84	79	79	89	21	72	75	85	70	88	89	74	27	73	87	73	76	74	80	86	73	90	86	84	87	77	78	88	21	76	81	80	74	87	24	86	80	71	76	76	71	79	89	77	79	87	70	84	74	21	85	90	82	80	72	84	75	78	85	76	25	90	71	88	89	83	84	76	81	24	82	73	71	79	89	80	77	76	89	89	84	76	82	75	72	87	74	84	73	84	84	23	74	90	72	78	81	90	82	85	76	73	75	83	86	74	74	88	71	70	75	26	74	88	86	85	82	20	86	78	90	78	82	79	83	75	20	71	85	25	88	76	88	25	76	79	84	78	23	72	71	86	85	87	79	71	88	82	74	72	84	77	83	76	89	81	83	80	84	80	77	89	70	83	72	76	80	19	84	87	20	71	88	75	87	80	20	20	78	77	25	81	70	80	88	77	88	90	20	76	78	85	86	79	72	83	77	81	84	86	84	86	76	71	77	85	80	85	80	22	82	71	70	82	80	80	78	77	75	79	88	81	89	18	77	76	20	76	82	16	21	72	85	80	76	72	73	71	75	77	89	80	73	71	85	76	25	79	76	88	21	83	75	81	78	25	72	81	90	89	75	81	87	80	76	75	26	86	86	82	90	85	90	75	20	88	88	86	73	78	89	81	74	79	81	78	70	88	73	83	75	86	26	86	88	74	71	74	86	88	72	82	75	82	72	23	77	73	80	86	77	76	22	90	84	71	83	85	83	72	25	70	75	76	75	72	78	74	72	81	89	79	24	88	78	77	79	72	79	70	71	76	76	77	77	80	73	72	85	25	71	76	72	89	82	88	90	76	84	80	71	83	90	83	87	82	76	87	27	17	75	84	77	79	76	73	18	72	72	89	23	90	81	71	74	74	74	79	74	88	84	82	79	84	21	87	85	86	26	87	88	87	81	79	81	83	73	71	81	82	18	75	77	71	71	84	87	88	83	74	79	22	89	84	79	74	73	83
84	76	71	80	80	86	82	72	73	26	73	86	83	82	84	78	88	81	70	74	87	73	19	24	87	73	88	71	81	70	19	88	70	81	89	75	85	73	86	76	76	86	75	80	79	78	88	76	71	83	82	78	88	79	74	76	79	85	74	75	20	81	78	77	90	85	83	81	86	88	86	82	23	19	87	20	74	83	80	89	76	84	89	77	81	72	77	88	19	88	85	76	73	18	24	81	81	22	86	83	88	75	83	84	78	85	75	88	71	90	83	88	89	89	75	75	89	74	84	75	90	75	70	79	73	76	84	83	88	80	79	72	71	80	83	81	84	82	81	74	85	24	26	80	83	89	73	74	75	77	90	71	84	76	89	83	82	79	88	72	79	84	87	72	83	79	72	90	77	75	84	83	85	77	85	84	83	78	75	78	90	77	87	73	82	83	18	77	22	71	78	70	73	88	88	74	87	87	77	81	88	18	21	82	87	75	75	72	89	85	86	70	72	89	73	73	74	78	74	89	71	80	90	77	19	80	73	85	73	73	27	82	89	85	83	71	71	88	78	74	71	86	77	85	86	81	18	85	81	85	79	89	19	88	24	21	24	79	76	73	75	79	84	83	19	78	73	71	74	79	88	78	77	23	86	74	24	80	84	27	75	78	26	83	18	76	90	73	74	82	73	82	86	89	80	80	71	72	88	86	73	89	82	82	27	78	86	76	87	77	84	87	72	84	84	84	80	87	80	86	78	81	76	72	20	88	78	77	84	88	80	73	81	72	70	89	74	20	82	80	23	70	84	73	87	80	77	85	74	81	84	85	71	74	81	75	86	72	73	86	72	86	85	74	81	71	19	78	73	78	77	77	76	76	87	72	77	22	72	86	72	71	84	76	86	73	79	77	20	76	84	73	82	72	81	73	90	25	80	90	72	78	74	86	21	86	77	79	75	80	87	83	90	87	82	72	81	85	83	83	83	89	88	86	75	70	22	21	72	78	78	79	82	89	83	81	83	18	75	25	90	84	77	77	88	70	26	81	81	76	75	85	76	85	86	85	73	86	76	81	75	72	90	72	89	70	20	82	73	87	75	79	88	86	78	88	82	82	74	76	78	72	83	80	23	82	77	77	78	77	77	84	73	79	87	87	77	80	82	75	70	85	71	74	88	89	84	81	73	78	87	88	86	70	85	78	72	80	76	77	81	82	82	79	85	77	85	82	84	79	87	79	19	83	78	83	71	85	86	85	85	79	87	78	75	82	86	80	81	71	80	71	77	84	90	85	85	85	77	71	83	79	90	88	23	77	80	73	77	19	79	23	84	72	23	81	89	71	89	72	77	80	72	75	80	85	86	77	82	19	82	72	20	15	89	83	84	77	79	83	80	88	70	83	24	80	76	25	75	86	19	84	88	81	81	83	84	80	78	70	83	73	76	17	79	78	79	23	87	79	86	17	76	73	73	22	72	82	86	88	89	76	73	86	74	72	88	90	81	26	28	72	74	80	89	73	19	72	80	71	89	76	75	85	87	25	70	80	81	86	87	85	27	70	83	78	84	74	82	81	72	83	70	79	83	86	73	72	84	84	85	74	70	85	80	24	24	90	81	74	85	77	82	74	82	76	75	77	73	71	77	84	83	78	27	77	87	88	80	83	88	77	77	23	76	82	74	84	76	86	74	78	72	25	72	75	80	75	84	78	71	18	84	25	74	86	89	84	72	84	81	80	80	76	77	17	84	77	82	86	84	75	78	77	28	71	71	82	75	80	78	81	18	72	22	71	20	76	86	88	79	71	85	88	80	88	77	75	76	88	70	74	79	72	19	83	72	86	76	74
83	77	72	89	90	77	73	79	83	73	76	86	70	84	80	72	87	77	77	23	16	75	84	87	82	90	87	77	71	74	90	76	16	89	17	70	81	75	86	85	76	74	21	76	75	18	86	87	80	89	79	71	77	86	81	85	74	79	88	83	89	74	78	72	80	82	72	71	17	80	86	83	25	76	89	72	79	89	80	79	88	84	71	83	78	83	80	77	80	20	85	82	24	17	73	82	83	72	19	73	77	78	78	86	18	90	80	89	78	74	75	75	76	82	21	84	23	77	85	20	21	78	74	83	75	72	73	79	80	75	75	73	79	86	74	80	80	78	75	71	87	72	77	89	25	72	77	78	75	82	87	83	85	81	80	24	88	76	85	77	85	79	89	85	24	85	83	87	85	71	77	79	79	72	71	89	86	29	70	72	74	79	78	22	82	86	72	85	74	88	77	74	16	74	80	77	71	83	87	81	87	73	21	82	85	72	88	77	23	71	88	73	79	78	85	79	81	82	72	78	79	80	87	75	78	75	80	71	90	79	83	81	77	71	80	85	74	82	85	71	72	75	75	79	84	24	18	81	89	19	81	88	85	19	71	70	21	72	77	73	84	21	78	87	72	78	79	78	22	86	76	80	85	70	76	87	73	83	83	79	85	72	76	89	83	74	71	73	87	80	77	85	73	71	85	72	74	20	74	79	89	80	87	85	25	87	77	89	86	78	72	76	75	23	73	76	76	88	84	89	86	88	84	76	76	87	85	72	70	77	89	82	73	78	74	80	19	72	75	80	72	87	75	72	22	78	79	71	71	90	70	81	71	85	88	70	25	75	74	78	19	28	80	70	88	75	79	86	75	71	88	21	18	81	70	79	77	73	82	78	85	75	80	24	76	72	72	17	70	86	84	77	88	77	87	76	84	89	88	88	78	80	24	18	82	86	80	24	71	80	77	81	84	76	84	86	82	90	87	86	83	89	85	84	78	90	75	75	81	70	86	88	73	83	81	81	80	83	78	83	77	76	81	77	90	84	82	81	75	71	18	24	89	81	73	71	71	73	74	18	70	74	72	76	85	76	87	90	74	88	87	75	80	81	76	87	73	87	80	89	20	70	83	80	82	81	81	84	74	82	75	25	87	78	74	78	81	74	87	73	87	77	90	85	73	80	78	23	75	89	90	82	79	86	75	77	26	74	85	85	78	88	82	72	76	72	89	85	72	71	89	89	78	87	72	88	74	88	86	71	81	73	81	86	26	82	15	87	74	82	86	73	84	84	84	81	22	72	88	72	88	82	87	71	85	76	73	73	73	74	76	80	82	73	87	86	72	21	89	78	83	81	85	72	78	20	82	86	76	89	82	77	72	72	80	74	18	87	76	85	74	82	83	23	77	74	73	84	86	80	73	25	77	71	71	25	18	70	88	88	82	85	87	78	81	75	71	81	77	82	17	75	22	86	75	86	78	86	85	77	73	86	87	73	73	20	84	78	81	84	75	70	88	84	77	74	81	84	83	79	89	88	76	79	73	76	26	78	23	88	71	86	72	74	82	75	85	86	75	23	81	81	82	79	82	72	75	85	72	72	87	90	71	76	85	79	87	85	86	75	23	76	74	89	83	77	22	82	71	80	79	22	79	87	75	81	76	76	77	77	78	83	71	71	74	79	74	71	87	24	74	82	87	85	71	88	80	25	89	90	81	82	75	73	78	82	89	85	78	78	89	74	89	70	81	89	76	77	23	77	76	80	84	81	82	71	88	76	86	87	74	76	70	77	82	79	79	73	77	72	81	85	83	82	77	76	87	23	74	72	76	89	89	73	84	83	74	86	86	79
88	75	24	82	77	78	82	82	87	82	78	88	81	89	73	78	77	77	74	81	83	87	77	77	75	21	73	83	23	71	75	73	75	86	75	71	82	80	81	78	73	75	74	75	85	82	17	75	80	81	24	75	83	88	73	81	89	78	87	76	70	87	72	73	80	78	74	72	76	24	72	73	81	83	24	72	86	75	83	70	87	84	78	78	70	81	89	79	90	79	90	19	89	74	71	89	84	72	77	75	89	82	88	75	72	89	70	74	72	78	81	71	72	26	84	83	87	76	73	84	80	82	81	21	75	88	86	70	79	89	86	80	20	82	85	89	71	70	82	74	18	80	79	85	73	79	27	77	16	83	80	20	78	72	73	74	83	24	87	75	72	79	76	84	75	85	88	85	17	76	86	71	88	23	83	81	77	72	83	75	82	86	88	76	71	79	75	71	87	89	23	87	79	17	77	18	72	90	74	77	86	84	81	85	20	75	85	88	23	72	78	24	75	26	85	75	87	86	18	85	90	78	72	87	80	71	21	81	85	74	78	20	83	74	77	89	20	85	70	21	74	85	89	83	73	84	75	89	76	90	83	82	88	74	71	71	73	78	19	78	71	87	23	81	73	16	24	71	89	85	75	24	19	78	77	72	84	81	78	76	90	82	85	79	75	74	18	84	17	80	71	77	84	81	71	82	75	77	74	78	78	18	85	76	76	88	80	75	78	77	85	78	72	87	76	70	78	76	24	86	82	72	73	77	82	77	89	80	74	83	77	80	19	77	79	85	72	76	85	70	86	72	87	73	84	85	75	81	87	83	70	80	87	77	71	88	88	86	88	78	82	74	78	80	86	76	73	74	88	78	75	70	81	75	88	80	75	79	77	72	89	72	83	78	80	75	76	87	79	78	85	83	89	88	24	74	84	79	21	73	74	85	87	81	86	83	82	81	79	74	71	85	82	76	20	87	73	21	22	70	85	80	73	18	23	90	73	83	72	75	83	81	86	81	74	88	18	79	76	26	88	83	16	18	79	83	71	24	80	73	16	73	79	75	73	89	78	81	80	89	81	25	78	77	74	75	89	79	83	78	89	77	77	88	81	71	72	86	79	86	87	78	84	75	73	82	81	21	87	77	77	80	73	77	78	74	89	83	85	73	83	71	90	84	89	83	81	86	87	82	84	77	77	87	88	86	89	88	79	82	79	82	18	88	74	87	76	18	83	84	87	20	87	77	19	86	84	84	90	72	79	81	82	71	89	79	88	74	82	81	72	77	87	77	79	77	85	70	86	81	71	83	74	85	86	22	89	88	90	74	87	74	82	25	78	70	70	83	76	72	82	23	71	85	76	22	88	75	24	90	83	75	79	80	75	72	70	22	81	79	71	83	81	80	90	75	82	25	88	89	72	81	77	75	87	88	81	85	89	80	19	90	76	79	77	22	83	73	87	90	83	84	85	74	74	79	74	84	82	79	79	84	76	25	87	79	88	77	77	71	87	82	76	84	83	75	76	85	80	75	74	22	21	87	75	85	86	77	80	89	88	89	90	84	20	83	20	85	78	77	79	83	81	75	87	82	74	73	79	87	85	75	79	76	74	73	87	85	87	78	80	82	89	74	89	80	76	82	79	73	78	71	81	74	88	16	82	87	82	88	71	86	86	86	86	81	72	89	86	72	73	74	78	71	84	82	84	22	72	87	88	73	74	70	84	77	83	72	82	77	87	78	82	88	22	82	82	88	89	90	77	87	80	73	79	76	87	74	87	80	89	79	89	73	81	78	78	75	73	81	90	87	83	83	80	83	24	77	28	77	21	70	19	77	79	83	20	18	80	82
87	79	80	79	25	21	80	78	79	27	79	81	84	86	72	89	84	22	24	77	81	86	72	74	82	87	81	77	85	85	83	80	85	18	86	79	80	83	71	80	75	74	71	71	82	86	81	83	70	85	80	80	86	73	88	84	87	85	77	82	90	20	25	24	74	81	85	23	81	74	84	79	86	80	75	88	75	79	90	72	71	85	70	83	78	82	75	73	84	81	70	85	77	79	81	72	73	80	88	75	74	89	73	84	83	76	84	26	87	73	73	82	78	73	70	76	84	83	19	70	84	79	77	79	26	72	73	71	80	81	78	88	21	74	72	74	80	85	26	76	88	84	23	74	86	87	77	74	18	84	80	88	71	88	80	88	76	24	79	78	76	86	26	87	76	79	71	88	71	86	70	70	73	79	89	74	84	89	82	75	77	71	77	84	81	75	72	73	72	77	84	86	74	73	89	17	85	78	75	74	74	88	82	72	82	78	27	77	71	84	70	79	83	73	83	88	74	73	18	72	25	80	80	75	84	88	72	84	90	75	88	70	82	26	74	76	77	84	20	21	18	89	90	74	79	84	86	87	83	78	79	89	88	86	89	72	81	72	88	71	72	23	74	83	72	75	80	19	26	83	81	79	72	81	19	77	81	23	82	90	86	88	84	87	80	71	73	88	74	74	77	28	88	83	87	71	83	17	89	71	82	80	85	83	86	71	85	88	78	72	74	82	87	83	86	87	87	80	81	75	76	87	87	81	74	27	81	22	76	82	84	75	22	78	75	23	74	74	88	81	75	75	88	89	76	89	77	88	22	84	76	77	77	81	73	70	82	73	82	72	88	88	89	90	81	83	85	88	20	73	70	90	90	78	84	85	73	78	88	83	85	90	79	84	80	81	82	80	78	19	72	83	22	80	70	89	78	22	85	75	70	85	88	87	87	79	80	80	88	81	83	78	76	86	80	25	89	78	80	83	23	73	83	82	70	73	74	21	76	76	17	78	75	75	77	70	74	75	86	76	74	78	77	70	88	89	84	73	71	72	88	83	71	71	78	82	83	17	78	76	84	85	74	87	86	88	80	75	22	71	76	77	24	86	84	81	76	87	81	86	79	85	90	78	71	78	72	79	87	82	27	70	76	73	88	79	89	73	81	79	27	80	72	83	88	85	79	78	24	81	76	21	81	75	83	80	76	72	79	78	72	87	20	84	83	76	70	19	70	77	76	72	86	23	88	74	75	85	80	79	73	71	80	27	82	86	88	73	87	70	85	82	70	23	73	89	81	83	16	71	85	84	82	74	81	22	75	84	86	82	25	76	81	75	84	88	18	76	84	82	71	86	21	81	73	87	90	89	89	85	87	75	20	76	73	74	70	81	90	84	89	79	74	73	77	90	22	73	73	84	75	85	86	27	84	83	79	76	77	72	88	75	71	72	71	81	74	72	77	83	83	16	82	76	17	74	89	24	77	77	89	79	74	75	84	77	75	83	76	72	79	89	23	90	87	73	88	78	16	79	84	71	78	77	74	79	81	79	72	83	77	80	90	26	81	89	20	81	78	88	23	19	72	90	72	82	90	20	77	84	75	79	86	72	73	23	75	24	70	89	22	85	86	71	79	75	83	23	79	75	81	86	76	83	84	72	75	78	72	72	82	82	84	72	18	85	80	73	71	82	77	23	81	74	73	24	77	83	86	78	89	70	21	85	26	75	75	81	87	21	74	74	73	79	75	70	81	74	79	80	88	89	81	88	87	75	84	81	87	74	81	88	86	85	80	83	85	74	87	86	86	77	86	78	82	76	23	76	72	82	72	22	84	70	88	72	71	81	85	81
77	17	79	80	76	85	85	71	72	71	86	24	81	82	90	87	80	80	80	81	77	74	79	26	77	79	86	77	72	90	76	78	82	87	90	71	70	74	80	71	74	88	86	78	70	86	87	89	25	89	25	77	20	79	82	73	82	80	86	70	81	88	84	87	85	76	20	80	82	87	80	82	74	88	90	73	23	73	73	82	17	74	85	72	88	81	80	86	79	70	70	77	71	71	77	83	80	84	83	90	90	73	84	87	87	21	84	72	77	80	85	23	75	78	85	76	80	19	75	74	79	75	25	19	83	88	88	82	20	82	87	72	78	80	84	77	75	78	90	85	86	74	85	20	73	87	75	72	80	84	89	82	87	74	22	71	89	72	84	89	74	76	79	75	74	73	87	86	18	87	23	80	22	88	87	82	73	82	82	83	73	73	75	76	89	83	75	89	87	77	74	70	71	88	81	89	74	72	75	88	73	77	78	74	85	75	73	81	85	83	79	79	70	74	83	77	23	73	84	80	85	86	86	90	74	77	76	82	85	89	83	77	83	81	82	80	85	80	89	84	73	90	85	82	26	83	70	74	78	86	84	17	86	89	85	81	86	83	76	78	79	72	85	86	18	84	24	79	76	84	89	23	84	75	75	82	80	78	74	86	70	83	83	82	87	73	74	83	73	85	78	80	86	80	85	22	80	77	80	80	86	71	71	89	74	73	24	73	72	82	82	75	18	22	79	82	90	70	75	79	74	78	24	80	86	77	85	88	77	83	71	78	76	78	75	73	80	75	80	82	82	73	78	75	85	71	77	79	71	74	79	82	74	74	78	78	81	71	89	79	84	85	77	74	86	86	82	74	82	78	87	80	73	89	70	20	80	88	80	72	17	84	24	85	75	81	79	74	90	84	81	86	88	87	83	79	75	81	73	84	70	71	74	79	22	73	23	88	79	75	90	71	72	73	72	88	74	86	89	75	80	21	83	88	78	72	70	87	75	81	90	79	76	71	81	74	89	79	83	76	89	84	89	74	83	85	83	72	82	73	78	79	79	88	80	90	87	78	89	84	82	74	88	79	84	20	75	78	85	78	74	84	72	76	74	89	22	74	72	74	78	86	81	78	71	89	86	81	73	88	70	24	77	77	78	89	86	74	21	23	79	74	77	83	72	85	25	81	82	84	78	76	24	21	85	85	88	72	74	83	78	70	71	87	84	85	72	74	88	88	82	89	74	77	77	81	79	79	21	90	80	82	76	85	84	84	79	73	80	20	81	76	70	88	85	77	74	85	73	85	84	87	85	85	80	71	86	79	77	73	73	87	72	83	88	74	73	85	86	74	74	71	76	88	78	82	75	86	84	82	75	84	77	72	78	80	77	74	76	77	80	77	88	76	88	84	89	79	71	15	80	85	70	77	87	80	82	84	74	73	71	82	71	75	80	75	78	80	73	84	73	79	72	82	83	83	86	85	71	88	86	72	83	80	83	70	72	70	23	27	88	86	85	84	74	76	86	82	79	87	73	84	77	74	72	77	74	78	87	78	19	72	77	26	78	85	73	84	77	21	83	79	71	74	88	81	81	89	75	88	75	80	86	80	18	77	24	86	72	90	89	85	80	82	77	89	77	88	88	72	88	20	77	89	82	86	80	71	85	77	86	73	84	22	72	71	88	71	87	82	74	80	82	83	79	89	73	88	20	83	75	75	89	85	89	77	87	73	90	75	89	75	72	86	79	78	90	75	75	85	74	88	86	89	71	87	77	89	79	74	89	73	77	78	84	78	76	76	87	84	80	74	70	15	86	83	74	80	24	78	79	72	86	86	85	88	71	88	73	79
wj																																																																																																																																																																																																																																																																																																																																																																																																																																																																																																																																																																																																																																																																																																																																																																																																																															
75	49	80	4	38	38	28	85	44	71	90	88	99	36	13	97	30	89	56	37	7	25	25	89	62	74	82	42	91	78	82	6	14	5	36	49	36	67	43	2	68	56	12	83	21	54	14	49	61	42	46	78	62	7	39	27	97	72	81	50	89	30	48	78	37	27	22	48	69	83	80	50	4	69	5	85	76	32	35	91	92	100	69	73	62	17	52	28	18	57	36	90	58	71	26	5	31	7	13	32	34	69	53	61	14	70	42	94	47	85	7	66	24	77	87	94	14	38	31	38	81	86	15	23	66	82	65	25	68	53	28	66	38	63	31	78	40	93	45	58	90	14	61	47	46	70	66	21	32	77	24	64	99	41	68	87	58	80	87	86	23	90	7	49	32	4	89	14	64	32	4	77	69	25	88	10	80	8	38	19	58	71	48	72	4	44	60	4	53	29	5	88	58	74	10	60	16	22	28	25	66	50	85	79	41	7	90	22	54	5	19	1	35	59	98	96	88	6	50	33	58	39	65	5	42	37	32	24	64	4	75	15	38	98	54	77	95	9	83	78	58	75	94	87	65	52	61	28	50	25	14	67	2	90	26	40	57	49	80	35	78	90	87	71	84	7	18	94	63	89	13	49	71	75	94	54	46	5	56	11	92	44	76	40	50	7	32	8	60	82	87	33	1	36	36	74	29	90	63	82	83	15	82	44	78	8	88	78	85	24	16	9	21	32	76	3	26	24	28	74	15	28	37	39	23	91	12	24	57	87	25	76	50	70	29	78	39	27	98	30	27	3	3	86	30	61	48	87	14	36	58	87	28	46	4	14	21	49	6	2	54	22	41	24	32	65	74	46	79	50	39	79	67	60	25	31	54	13	21	17	52	45	48	76	5	41	87	70	7	72	62	35	14	30	93	32	2	80	70	25	67	12	31	35	59	27	11	68	19	12	18	14	95	72	83	25	60	17	93	92	50	87	75	36	21	82	58	7	96	7	6	68	25	7	44	40	84	35	41	26	12	14	15	47	90	93	40	2	80	45	77	7	76	23	5	16	89	96	68	33	72	63	56	55	17	20	22	74	8	71	8	33	83	39	10	46	65	93	93	31	80	77	2	53	75	98	72	29	8	49	62	17	43	86	17	57	51	7	35	3	92	95	82	89	65	47	45	61	13	75	81	47	7	34	38	66	83	47	6	60	53	4	68	39	35	85	26	34	20	45	76	95	21	15	56	4	51	9	63	18	56	31	64	12	45	86	71	53	47	17	32	3	60	60	62	58	19	51	58	58	74	82	31	33	25	45	77	70	42	93	23	19	43	88	39	97	28	49	44	12	49	77	73	69	21	31	7	52	61	93	16	52	39	81	73	86	68	26	79	73	81	20	80	29	44	78	69	63	66	31	52	33	31	65	53	74	82	20	26	89	85	21	32	51	68	6	48	14	60	85	42	32	40	26	49	11	83	43	84	59	79	27	30	78	13	88	83	3	52	88	66	45	93	49	73	2	85	14	59	24	75	34	98	19	78	63	53	100	22	98	32	63	8	36	60	75	52	68	60	54	47	76	45	41	79	56	79	30	40	15	54	5	12	99	58	11	62	92	56	42	16	19	41	31	82	43	99	87	57	26	60	7	97	65	13	81	45	81	78	57	13	13	9	84	27	41	49	70	81	63	41	48	24	27	9	29	72	30	89	53	100	7	89	100	16	85	99	66	56	57	37	77	89	98	55	39	13	95	69	50	35	41	22	51	38	18	21	29	16	10	68	72	83	50	4	39	33	70	66	89	11	79	53	59	60	64	89	89	17	10	85	82	53	33	5	76	56	26	87	71
