pij																																																																																																																																																																																																																																																																																																																																																																																																																																																																																																																																																																																																																																																																																																																																																																																																																															
88	84	81	85	83	82	79	85	84	85	82	79	81	83	86	79	87	78	86	87	78	84	79	78	85	83	81	81	88	85	83	82	80	80	85	87	82	85	79	85	82	85	86	82	85	79	79	80	80	86	79	83	86	84	80	84	85	84	86	82	86	85	83	79	87	79	84	87	87	80	84	82	87	82	82	78	80	81	82	87	83	85	80	83	80	84	78	84	84	78	79	81	81	82	87	78	83	85	84	85	83	83	86	81	88	84	84	87	87	81	84	87	85	83	81	84	85	80	82	79	88	86	80	82	80	88	86	81	81	83	81	87	81	85	79	83	84	85	79	87	84	87	82	80	79	83	87	84	87	82	80	87	82	82	82	87	81	82	85	84	81	80	88	80	83	86	81	79	88	83	81	88	85	83	87	86	87	78	86	82	83	81	85	87	82	88	79	78	79	87	79	87	87	86	83	86	88	82	79	82	87	81	81	82	88	88	84	78	85	80	86	80	87	79	82	81	79	80	81	87	87	85	81	85	88	83	88	86	82	79	87	85	83	86	85	84	85	86	85	86	82	82	81	84	80	85	80	82	79	80	80	79	84	87	80	79	82	78	88	87	82	80	80	82	79	84	81	88	78	85	84	84	83	80	79	86	78	81	88	81	85	81	82	83	85	78	83	87	85	85	87	85	81	85	78	79	81	85	84	87	85	86	82	83	84	81	80	88	85	84	78	86	80	81	84	78	85	84	86	85	81	83	86	88	82	82	88	79	80	86	85	86	80	82	87	86	80	87	80	84	78	79	85	88	84	86	80	79	81	80	88	79	83	87	82	81	85	81	83	86	84	86	80	80	80	84	83	87	86	86	78	83	81	86	80	81	86	88	83	84	88	82	83	80	87	84	79	86	79	82	83	79	79	79	87	79	87	86	80	84	83	85	87	80	81	79	88	86	82	83	83	79	81	80	83	87	87	82	79	84	81	81	86	81	78	84	87	86	83	88	85	87	87	82	85	84	84	84	79	86	87	79	82	85	83	86	80	86	87	79	78	80	78	86	80	83	81	88	81	84	82	78	82	79	79	83	85	81	86	86	81	79	86	78	78	79	86	87	86	83	83	80	81	85	79	88	88	88	88	85	84	79	78	80	83	88	80	81	86	79	85	87	85	81	84	85	86	87	86	84	84	78	83	87	86	82	88	82	88	80	81	80	81	83	80	79	84	79	87	78	80	86	78	83	87	83	82	83	78	85	79	83	80	88	81	83	85	79	78	79	80	85	85	84	79	85	87	78	87	86	79	85	81	79	85	82	88	84	85	82	86	87	88	80	83	83	79	79	80	79	85	85	82	83	88	81	79	84	88	78	84	84	87	80	81	85	83	82	81	86	79	81	86	83	81	84	81	79	83	81	86	86	83	84	88	86	79	81	81	81	82	87	79	80	80	83	84	81	84	81	79	83	83	81	78	86	80	79	79	84	86	80	83	81	84	81	80	81	80	86	86	80	83	81	86	86	85	83	86	84	85	84	82	79	78	82	85	81	83	83	88	86	82	83	84	78	78	88	85	83	81	87	83	79	81	78	84	88	79	87	85	88	87	82	81	87	87	79	78	80	82	86	80	83	84	82	78	81	79	87	81	82	85	78	88	87	82	80	88	81	81	83	80	85	80	84	81	83	86	83	81	80	83	78	82	85	84	87	84	87	82	87	85	83	81	79	83	86	85	83	79	85	85	78	84	85	85	84	83	81	85	78	88	85	84	82	82	79	83	85	80	79	78	82	86	85	83	87	85	79	87	79	85	78	82	82	81	79	79	79	81	83	88	83	83	88	85	78	84	84
55	54	54	57	55	60	58	63	60	60	59	53	62	54	54	59	62	58	55	58	56	61	59	53	60	61	53	57	58	60	60	60	55	59	56	55	54	63	63	58	59	55	55	56	57	56	59	60	62	60	62	57	54	63	56	59	54	59	61	58	62	59	56	56	62	59	60	56	60	55	63	55	54	59	55	59	57	58	56	61	58	55	57	62	55	56	59	63	60	55	62	53	58	54	54	62	54	57	58	62	57	56	62	61	56	53	55	53	56	54	57	63	60	56	57	60	57	58	55	59	55	57	60	59	60	59	57	55	58	53	56	63	62	63	57	62	57	62	59	59	57	62	57	61	57	56	59	62	55	56	57	56	57	55	55	57	58	58	58	58	58	62	55	60	54	58	55	56	58	61	54	62	56	58	54	57	57	53	60	55	59	59	54	59	56	58	59	60	55	62	57	56	60	56	62	56	61	62	62	61	63	59	58	54	55	55	53	62	55	58	58	62	59	62	60	61	58	56	55	61	54	54	53	57	62	62	55	53	60	55	63	61	57	60	54	57	58	60	61	59	55	60	59	58	63	55	55	56	60	54	54	60	57	57	54	55	54	58	60	57	56	58	54	62	53	61	61	59	60	57	57	60	56	55	54	59	61	59	62	55	57	62	58	61	54	55	63	55	55	55	53	56	62	58	54	54	56	53	60	63	58	62	56	56	53	62	56	61	54	60	62	54	60	61	54	56	60	61	59	55	56	58	59	54	53	55	62	62	62	62	62	62	54	53	54	62	61	53	58	53	60	54	53	53	61	63	54	56	55	58	57	62	57	55	56	54	59	58	62	60	58	63	57	61	59	59	55	62	54	62	53	61	59	63	59	58	60	57	56	56	61	57	57	54	59	56	63	58	54	59	56	55	54	56	59	58	63	55	56	58	60	62	61	59	56	62	62	62	54	61	63	61	57	56	56	54	59	54	59	53	59	61	56	60	60	61	61	57	58	60	59	58	59	59	56	53	53	56	60	54	58	62	61	55	54	61	60	59	54	57	60	57	54	60	55	56	62	62	55	55	61	61	53	57	56	57	56	58	62	63	59	60	56	57	55	53	57	60	58	56	60	54	59	56	60	60	58	61	61	58	61	60	55	62	53	61	55	55	58	54	60	54	53	61	58	61	62	55	55	60	54	59	53	60	55	60	57	61	58	54	61	58	62	61	54	58	58	61	62	62	57	63	60	63	54	57	57	58	58	59	56	61	55	60	58	60	55	62	58	55	59	61	58	58	54	62	63	60	57	56	58	54	56	54	62	59	55	55	57	62	61	57	58	60	55	54	63	56	54	62	54	56	60	54	61	56	62	60	55	61	62	55	57	56	55	58	62	54	57	55	56	57	62	57	56	56	62	56	56	54	56	53	59	62	56	54	58	57	54	60	54	61	56	61	56	61	58	54	53	56	60	61	55	57	58	63	58	54	59	60	59	56	60	57	57	63	56	58	60	62	58	59	59	62	61	63	55	63	61	60	54	63	59	61	55	62	55	55	61	62	56	53	60	61	59	59	62	53	59	53	54	59	59	62	57	57	53	62	62	54	54	59	63	60	61	60	56	61	62	59	60	59	63	53	59	55	62	59	57	60	57	54	61	59	57	57	60	59	58	61	63	61	62	61	57	60	55	62	55	54	63	61	58	61	62	57	62	56	53	54	62	59	61	55	55	58	60	62	59	54	62	54	56	57	58	56	62	56	53	55	57	56	59	55	57	55	58	57	62	56	59	60	58	56	55	56	61	61	62	54	57	61	56	63	59	58	59	53	56	59	61	56	55	56	61	53	59	58	53	62
33	37	34	39	36	35	33	37	36	39	40	33	38	38	33	36	34	41	39	37	35	41	38	39	34	35	36	34	40	32	32	38	41	39	36	36	37	35	35	41	38	39	38	40	40	34	33	33	41	34	39	37	38	40	38	40	35	37	39	40	39	37	34	41	33	34	36	38	34	33	40	33	41	39	40	36	41	39	33	34	37	40	38	41	35	39	40	39	40	42	33	36	36	36	37	40	37	32	33	42	41	40	42	36	34	35	40	39	38	40	41	36	38	40	41	41	32	32	38	40	37	39	37	37	38	34	38	37	40	36	34	37	36	37	34	36	35	41	40	39	41	32	38	34	40	34	34	41	35	41	33	39	33	37	33	38	37	34	37	40	32	35	32	38	34	41	37	40	41	36	34	35	40	39	39	39	41	34	38	37	34	33	34	42	35	35	37	32	35	38	36	34	32	36	41	36	34	38	39	39	41	35	35	38	42	33	35	35	32	38	39	41	35	33	34	39	32	38	33	36	41	40	33	40	38	38	37	32	39	38	40	36	41	33	33	34	35	38	38	41	40	38	35	35	36	38	39	32	37	34	32	37	41	37	41	37	37	38	33	32	38	41	40	35	33	38	40	32	36	41	41	32	37	36	40	33	37	38	35	34	42	40	32	36	42	33	38	39	41	37	38	42	42	34	33	40	33	35	33	40	35	32	33	37	36	35	34	33	38	33	42	35	35	35	40	34	37	36	35	33	36	40	35	37	38	34	35	36	40	42	34	42	40	36	42	42	34	37	33	34	39	40	36	37	36	33	32	34	33	42	35	34	37	36	35	41	33	39	32	35	33	38	40	36	35	38	42	41	38	38	34	37	35	38	38	34	36	34	32	34	36	38	34	37	37	38	38	37	34	35	34	36	34	39	32	40	35	32	42	36	36	39	42	34	36	42	33	32	37	41	32	35	35	42	35	42	37	40	34	33	35	39	33	32	36	33	36	40	41	35	38	32	42	37	35	41	33	35	32	33	37	32	37	37	37	35	42	40	41	33	36	36	39	37	41	38	36	33	38	42	33	37	40	36	33	37	33	36	35	35	39	38	33	35	39	38	37	39	37	38	36	39	39	41	34	34	41	37	34	34	33	34	39	40	41	38	33	40	34	40	39	40	38	37	33	37	37	34	38	42	40	39	34	33	36	41	39	40	40	41	41	38	34	41	38	40	38	35	34	36	40	38	42	38	38	33	33	33	33	38	40	34	37	33	33	32	36	34	41	34	40	39	35	34	42	32	33	36	38	39	40	34	41	35	37	34	35	34	35	40	35	36	33	33	35	36	40	38	38	34	35	36	38	33	32	33	37	32	39	40	39	41	42	35	40	39	41	38	40	37	33	34	33	39	35	38	38	35	35	41	41	39	36	32	38	41	38	38	42	40	39	35	36	36	41	35	35	41	34	33	42	41	38	41	35	42	33	35	38	42	39	33	40	36	40	35	34	33	36	40	37	36	39	36	41	38	40	41	34	42	38	37	33	37	41	36	34	37	36	35	35	33	33	35	41	34	36	38	40	41	33	37	42	39	38	33	38	36	39	38	41	37	40	39	38	32	34	37	37	36	36	40	33	37	38	38	41	41	38	41	38	41	36	39	37	42	33	37	34	33	41	34	39	41	37	32	36	34	39	37	33	36	38	34	33	37	42	41	40	38	34	42	36	34	40	40	33	39	40	41	34	40	38	42	36	36	35	33	33	36	41	41	36	36	34	36	39	37	37	42	33	36	41	39	32	32	33	40	41	38	38	42	41	35	39	33	38	40	35	34	35	39	41	34	32	35	38	32	37	41
4	4	10	11	6	4	13	11	9	6	6	8	9	6	10	7	7	8	12	4	8	8	9	8	5	3	9	12	5	7	4	4	4	11	7	12	3	3	6	6	8	6	6	13	11	13	9	11	9	4	4	7	11	4	12	6	4	8	6	12	7	11	10	10	11	11	12	4	6	11	13	12	9	4	11	13	5	4	10	7	5	11	6	12	11	10	9	5	5	11	4	6	12	10	6	3	5	13	8	10	6	13	3	12	3	9	10	4	12	9	4	5	11	12	8	4	4	4	3	9	11	5	11	4	5	5	11	4	11	5	3	9	9	9	10	8	10	6	6	7	11	5	8	8	10	3	13	6	13	13	7	8	6	9	6	6	11	12	11	12	3	12	6	8	10	7	13	12	4	12	8	12	3	6	6	4	5	11	11	12	6	7	3	9	4	13	3	7	8	9	12	5	5	6	13	5	13	8	10	12	5	11	6	11	8	11	12	10	6	9	10	12	4	7	9	7	13	11	11	7	7	12	4	6	10	13	8	7	9	4	9	12	5	4	8	5	10	10	6	6	7	5	11	4	9	9	3	8	6	5	11	11	5	11	11	7	8	5	12	10	4	10	8	3	8	6	12	13	11	6	11	8	5	5	13	3	5	10	4	8	8	3	5	7	8	13	8	8	9	9	6	7	10	3	9	8	9	11	12	4	4	10	10	4	13	8	10	5	10	10	12	13	9	5	10	11	6	9	11	8	5	9	4	7	12	11	10	11	9	5	6	13	8	6	8	9	4	12	11	7	9	6	6	11	6	4	12	10	11	4	13	8	6	6	9	12	5	11	4	8	10	11	3	8	6	3	10	11	12	12	3	5	11	10	7	5	5	10	13	10	9	8	3	12	11	7	12	5	8	5	8	10	13	11	8	9	10	9	11	10	9	9	6	4	4	9	7	12	13	11	13	10	5	10	8	9	5	9	10	5	5	6	9	8	12	10	10	7	10	4	12	9	9	4	10	12	4	11	3	4	7	11	13	7	8	10	9	4	3	13	4	4	6	5	4	10	12	9	7	4	5	12	9	6	4	10	10	10	10	9	12	12	4	3	4	3	6	9	8	3	9	10	13	4	11	10	6	8	4	11	5	8	9	4	10	9	8	9	12	4	13	10	5	7	5	5	11	5	7	8	8	3	3	9	8	4	5	13	8	13	12	5	5	6	7	7	5	13	12	5	11	5	8	5	8	11	11	8	11	10	6	4	7	6	6	4	3	11	4	4	7	10	10	10	12	11	8	4	7	8	10	5	7	4	8	3	6	3	8	7	4	4	7	5	6	9	12	7	3	7	3	9	9	3	4	7	6	7	5	6	10	11	9	3	9	6	10	8	10	4	6	5	6	8	12	3	6	11	10	7	9	11	9	8	9	12	12	3	3	6	8	6	7	3	6	10	5	9	9	10	10	7	9	7	12	11	9	4	11	3	4	10	5	13	10	9	12	6	4	3	10	3	5	4	6	9	7	4	12	7	7	11	6	4	9	7	9	5	7	10	8	7	4	10	9	4	10	9	6	4	8	11	8	3	4	3	5	11	12	9	9	3	8	8	10	7	9	7	12	10	12	3	10	7	7	8	6	5	8	12	6	9	10	10	6	11	12	10	9	7	8	10	3	5	12	7	10	6	11	13	10	6	12	12	3	5	4	5	10	12	5	9	4	5	3	10	11	10	7	12	10	4	13	10	4	4	13	9	4	12	7	13	9	12	6	4	13	4	4	9	9	7	10	8	10	7	4	6	11	13	7	9	8	8	7	7	12	3	4	5	5	4	7	4	5	5	12	4	9	6
53	55	53	58	52	58	57	54	55	60	56	57	53	54	58	54	56	59	51	54	56	58	53	53	57	58	54	51	58	54	50	57	51	51	54	57	58	58	57	60	59	53	56	59	57	52	52	58	58	57	57	52	60	58	57	51	60	53	59	58	58	52	54	54	54	50	53	53	57	59	55	52	52	51	57	57	56	56	55	52	58	54	59	56	57	57	54	59	55	53	55	60	54	51	57	56	56	51	55	53	57	57	51	55	56	59	50	57	55	54	56	57	56	50	51	57	53	58	54	53	55	60	50	55	53	59	58	60	52	55	54	50	54	57	54	57	52	59	51	58	53	55	51	58	51	55	56	55	58	52	52	55	56	53	57	54	51	51	50	59	52	57	54	55	52	57	59	58	55	58	51	51	50	51	55	54	50	60	56	51	55	58	54	54	51	58	51	51	55	57	55	51	50	56	50	52	56	54	57	58	58	59	55	54	50	56	53	59	60	52	58	52	59	51	60	51	54	52	53	57	51	52	52	54	52	55	59	52	52	52	52	55	51	60	57	51	60	57	60	50	58	52	55	51	52	53	53	51	60	52	51	51	58	58	54	60	59	59	54	59	59	53	55	59	55	54	59	56	55	58	53	59	59	55	53	59	51	53	60	56	50	59	58	53	52	56	56	59	53	54	56	57	57	56	54	52	59	57	51	55	60	56	59	57	54	57	52	58	55	52	58	59	50	57	57	50	53	54	54	59	57	55	55	50	55	53	57	51	55	58	54	59	58	59	57	54	54	51	57	59	58	53	59	55	51	58	51	56	52	58	60	56	58	57	53	53	60	52	58	59	59	56	59	55	59	57	54	56	58	52	55	59	51	58	58	55	55	53	56	52	59	53	55	52	51	57	59	55	53	52	56	56	58	54	55	59	59	53	59	50	54	52	57	57	51	53	54	60	53	54	53	51	51	57	58	54	57	52	57	56	50	50	60	57	59	52	54	51	51	57	58	55	59	58	58	53	52	52	51	55	55	55	56	58	56	53	56	53	54	57	55	56	58	56	56	52	55	58	52	53	51	55	56	52	58	60	60	54	58	55	56	55	55	54	53	60	51	59	50	52	58	53	51	58	54	55	56	53	53	52	51	58	56	54	56	56	58	52	55	55	59	57	54	59	51	51	58	60	55	58	50	57	59	57	51	54	54	55	51	55	54	53	52	56	59	50	57	53	57	57	55	57	51	59	57	60	52	56	53	52	58	59	56	58	56	57	56	52	53	56	59	56	57	53	56	57	53	51	57	59	51	51	53	57	56	58	58	60	53	56	53	56	56	51	56	54	54	59	54	54	57	55	53	59	55	51	52	54	58	59	59	50	50	52	53	60	57	55	54	55	53	53	60	57	56	57	52	51	59	55	50	50	58	59	59	53	57	51	55	58	55	50	51	58	52	52	60	52	54	59	52	53	54	59	55	52	55	58	56	52	50	56	53	52	56	57	59	53	51	57	59	55	53	50	55	51	56	55	57	50	53	52	55	57	59	57	57	56	53	59	56	51	59	58	53	52	57	57	56	51	57	55	59	50	53	59	55	53	59	51	56	58	58	58	52	57	51	53	56	57	60	59	50	54	58	60	60	53	54	60	54	59	60	58	52	60	58	59	58	57	55	56	51	50	50	53	50	53	56	58	56	54	56	56	55	60	58	52	60	59	50	57	51	58	58	60	52	57	55	50	56	58	51	57	58	56	55	57	57	59	52	57	50	55	59	56	52	57	59	53	52	51	53	59	53	52	54	60	54	51	59	57	53	59	54	57	57	55	58	59	54	59	58	51	59	54	52	59	54	58
4	6	6	10	7	4	9	5	6	9	9	5	12	7	9	13	9	6	8	11	6	8	9	5	10	5	4	5	9	9	4	5	9	13	6	11	11	11	9	13	11	7	9	13	11	6	5	9	5	11	12	7	13	9	13	4	11	9	4	6	13	13	12	11	10	8	9	13	6	14	12	6	11	7	6	13	4	13	7	9	10	4	4	6	11	12	6	14	9	8	9	12	12	6	11	10	8	9	8	14	8	9	13	12	8	9	9	13	13	10	7	12	11	11	7	8	13	11	14	9	13	9	6	13	5	11	10	5	4	14	13	9	12	5	10	6	8	10	5	9	13	8	6	5	9	8	9	11	12	7	10	9	11	11	10	10	10	13	9	12	9	8	9	5	8	12	11	11	12	13	10	8	5	7	7	12	7	13	12	12	11	9	13	12	6	14	9	8	10	11	12	10	6	14	5	13	8	7	12	9	13	10	6	9	12	9	10	12	9	12	4	12	13	11	12	5	13	5	8	7	7	11	5	4	7	8	9	6	12	13	4	9	9	9	8	13	10	7	13	7	11	11	7	12	10	12	6	12	6	9	6	12	6	8	4	11	6	6	5	6	6	7	5	10	9	9	9	8	10	9	6	13	7	7	7	5	10	14	12	12	11	7	13	6	13	6	11	9	7	12	12	11	13	13	8	9	8	14	11	9	11	5	13	8	11	12	8	10	7	7	9	13	12	11	10	12	6	7	6	9	14	7	14	7	13	8	13	11	5	11	10	5	6	5	4	5	10	10	12	12	13	14	10	6	4	13	7	9	10	7	10	14	7	4	10	10	4	6	13	12	14	5	9	7	13	10	11	12	9	10	6	5	6	10	5	9	10	10	9	10	7	13	8	7	5	10	8	13	6	7	7	8	12	10	8	5	6	7	13	4	5	11	6	7	13	8	5	4	9	8	9	5	10	11	9	10	10	10	9	8	4	6	6	8	9	12	6	9	8	10	14	10	7	5	5	6	13	11	14	6	13	7	6	8	11	11	11	13	6	5	7	8	8	8	6	7	8	14	6	11	8	14	12	6	5	11	6	6	6	5	9	11	11	8	7	13	8	10	12	11	10	4	9	13	9	7	13	12	14	13	6	8	9	13	9	4	8	10	7	4	5	5	8	7	8	5	10	10	10	10	12	12	12	8	9	10	11	14	13	6	5	7	7	11	9	11	7	8	11	8	10	13	10	13	10	13	7	5	6	12	7	8	10	10	9	5	9	6	11	9	10	14	13	5	7	8	12	9	6	13	6	6	13	5	13	10	14	14	9	8	10	11	11	8	13	13	14	14	13	5	13	6	13	9	11	6	5	5	9	6	10	12	14	14	13	8	12	10	10	8	9	10	4	12	13	11	12	12	9	4	7	13	7	7	8	9	9	10	11	13	8	11	11	12	9	5	9	6	12	12	12	5	5	5	14	4	10	5	14	4	5	12	9	10	14	10	6	12	7	12	12	12	11	6	8	12	7	11	5	7	10	12	10	13	6	8	6	13	12	7	10	8	13	5	11	6	7	12	10	8	7	11	6	7	10	5	10	11	7	13	11	14	5	4	5	11	9	8	11	11	6	9	9	5	10	4	6	6	11	9	6	10	10	6	13	11	14	8	7	13	6	12	7	6	11	12	7	11	5	5	10	12	14	6	4	4	12	12	7	4	8	9	12	10	9	6	11	8	5	13	13	10	10	11	10	14	13	12	13	12	11	5	4	7	7	7	6	12	6	8	7	6	5	14	7	14	11	8	5	4	12	9	9	8	9	12	10	8	6	8	11	11	6	11	5	10	14	12	8	4
20	16	15	12	17	13	14	18	15	10	16	11	17	18	17	14	14	17	15	11	12	19	13	19	16	18	16	13	18	19	16	10	15	17	16	12	10	19	20	13	17	17	16	12	14	16	16	10	20	10	18	19	15	14	17	13	15	11	15	12	15	19	14	11	17	19	17	11	10	12	13	11	14	17	15	14	14	19	12	20	12	15	11	12	16	14	16	10	14	16	11	19	12	18	11	18	11	16	11	15	18	18	13	20	18	11	18	13	15	11	15	12	20	13	12	10	19	18	10	10	14	16	14	19	11	14	19	11	12	16	14	17	13	10	14	20	17	16	18	17	19	13	10	13	11	20	12	17	14	15	17	14	20	18	16	17	17	11	19	18	13	12	20	18	13	13	15	14	19	17	12	20	15	10	14	13	10	19	17	19	19	13	19	10	12	17	14	11	19	16	10	11	13	17	11	13	16	18	13	19	15	15	15	10	14	12	15	19	16	15	16	19	12	12	13	13	12	15	12	17	12	15	19	10	15	15	13	18	17	12	14	10	16	12	15	16	20	15	14	13	13	11	16	12	19	15	19	14	15	12	18	15	19	11	16	15	12	14	11	11	18	15	20	11	10	12	12	11	20	12	11	15	18	14	15	15	14	20	10	19	18	19	13	16	14	11	19	15	11	12	11	12	14	17	10	15	20	17	13	11	13	19	14	12	10	14	16	20	14	10	17	14	11	18	11	14	17	14	15	14	17	15	16	15	10	12	17	16	14	19	13	20	14	18	17	19	11	10	20	18	11	13	19	11	12	19	12	20	18	18	15	14	19	12	19	14	11	14	11	20	10	11	14	15	12	13	18	17	14	15	12	10	15	12	17	11	18	10	11	16	14	19	17	17	16	19	16	13	12	12	13	16	14	17	10	12	19	19	17	20	13	12	12	16	14	13	18	12	14	12	17	11	15	12	13	13	15	17	18	18	19	14	15	14	17	15	11	11	11	20	13	19	19	13	18	18	16	14	14	13	17	13	13	14	13	10	10	16	18	14	15	14	16	16	14	17	17	15	12	15	19	19	16	18	13	14	17	18	18	14	15	13	20	15	12	11	13	15	20	17	12	11	15	15	12	16	12	11	12	11	10	12	16	15	17	11	15	17	15	16	16	15	13	14	14	17	17	14	18	11	15	15	13	17	19	15	19	13	18	14	13	18	11	17	14	15	11	17	17	20	14	11	11	16	17	19	14	12	12	19	18	14	14	12	10	18	18	15	18	20	14	14	13	20	10	19	19	18	14	12	14	11	13	11	16	12	18	15	16	12	19	16	14	16	16	11	18	13	13	17	11	15	17	10	13	12	16	14	15	18	11	10	19	11	15	19	16	19	12	12	12	18	17	10	15	14	13	12	18	14	13	18	17	16	15	16	17	11	17	19	10	15	15	19	20	17	19	18	15	16	19	10	11	14	16	20	19	11	12	12	11	19	16	14	12	12	16	14	14	15	14	12	11	17	13	17	10	16	15	17	16	16	12	12	13	11	18	16	18	19	10	15	16	19	11	13	10	15	12	17	19	11	20	12	16	11	13	11	13	20	18	19	12	17	19	18	12	16	12	15	18	16	17	18	17	17	16	15	13	14	19	12	11	18	14	15	15	14	14	14	11	20	13	19	16	11	14	18	16	17	11	18	20	16	13	19	10	11	11	14	13	13	18	13	17	16	20	19	13	19	20	13	17	12	13	14	11	16	20	13	13	15	17	20	16	13	11	18	12	16	15	20	19	11	17	16	17	12	20	11	19	16	18	11	11	18	14	12	16	17	19	19	17	15	16	15	18	11	12	16
14	10	11	13	9	14	12	9	5	14	14	11	9	10	6	7	8	7	13	13	6	11	10	9	13	14	10	9	12	13	10	7	7	7	13	11	10	9	12	6	10	14	6	6	11	14	6	11	11	13	9	10	9	8	14	9	7	8	13	7	7	7	11	9	5	11	7	14	12	11	11	11	7	6	14	14	5	12	10	10	6	11	8	8	15	8	8	6	14	5	5	8	9	6	14	11	8	10	9	12	11	6	6	12	14	8	10	14	14	8	6	11	6	11	6	5	15	10	11	7	9	11	5	8	9	12	7	13	14	14	8	11	9	9	12	8	11	7	7	14	12	15	5	8	14	14	9	14	13	5	14	7	11	15	11	6	10	11	9	9	10	6	7	12	9	11	14	14	9	6	7	6	14	6	15	12	8	8	10	15	14	7	13	13	11	8	8	11	14	10	10	6	9	13	10	5	6	10	8	5	8	6	7	11	12	15	6	10	8	6	12	7	14	15	11	15	8	10	12	14	9	10	7	14	8	6	12	12	10	14	5	8	12	7	5	10	6	9	11	15	9	14	13	8	12	12	6	9	5	9	10	14	9	6	12	11	5	8	7	12	7	6	15	10	10	11	15	10	11	14	14	6	10	12	6	7	10	11	11	5	6	9	7	14	14	12	6	13	6	6	8	12	8	9	7	12	14	11	7	11	14	11	11	7	13	10	13	13	13	7	6	12	10	13	11	12	15	8	6	10	12	7	14	6	6	6	11	6	10	12	6	7	6	14	14	9	11	7	12	15	10	5	9	8	7	5	12	14	8	6	7	7	10	7	6	8	8	14	6	14	11	11	11	8	10	10	10	5	9	15	15	6	10	10	8	6	14	5	8	15	7	13	5	10	10	9	11	9	9	11	7	11	7	14	8	8	11	11	6	13	8	7	9	14	10	10	13	7	11	14	6	15	12	12	8	12	15	5	6	10	8	15	11	7	5	10	6	14	7	8	5	9	10	8	8	9	15	6	6	7	14	7	14	6	10	11	7	12	12	6	8	5	6	10	15	10	7	9	8	9	11	14	8	15	9	11	14	7	6	11	12	12	13	5	13	10	5	10	9	10	5	14	7	14	12	10	13	15	10	7	13	8	8	11	7	12	5	12	14	12	11	8	9	6	11	13	8	13	7	14	13	6	13	9	9	10	10	15	6	11	8	11	7	11	14	11	10	5	9	15	5	13	9	9	5	7	7	13	9	6	12	6	14	6	6	6	9	9	12	8	8	7	13	15	11	11	6	11	12	8	9	7	9	7	6	8	8	12	11	5	7	9	13	8	8	6	9	11	8	14	15	14	7	9	11	13	13	14	6	13	5	5	9	11	8	13	7	7	15	13	11	7	12	15	9	15	10	7	12	11	8	8	12	6	14	11	11	6	8	13	15	7	11	11	14	10	13	7	6	8	6	5	7	11	6	7	7	10	10	9	13	6	10	6	6	10	11	7	7	13	9	8	6	11	10	13	8	13	15	7	13	12	7	7	11	14	6	8	14	13	5	8	14	12	8	12	6	12	11	11	5	9	10	7	15	10	13	8	9	14	10	12	11	12	8	9	13	8	14	10	14	8	13	14	6	5	14	13	7	7	14	11	12	15	8	10	8	8	6	10	5	13	5	9	6	11	9	13	15	14	10	11	9	9	15	7	14	14	14	12	7	8	8	13	15	10	10	15	9	13	6	11	12	11	13	7	11	10	13	10	11	10	9	11	11	15	5	8	9	14	6	10	12	5	13	10	12	6	8	14	9	7	12	8	7	12	8	11	12	9	15	10	6	6	13	11	5	13	9	13
13	17	15	9	12	10	16	10	10	10	11	14	14	13	18	11	11	17	10	14	14	16	15	11	10	9	15	16	13	17	9	14	15	15	9	12	9	10	13	11	14	16	12	16	13	12	18	18	14	14	18	8	13	15	13	9	17	12	15	10	10	11	8	10	13	12	11	8	10	15	16	15	17	16	9	15	15	18	14	12	12	14	17	16	15	16	9	16	12	15	14	16	11	9	11	11	13	9	14	11	8	11	8	16	10	12	10	12	13	18	16	15	16	16	14	14	11	11	10	12	10	11	13	17	17	8	13	12	8	11	17	13	12	15	15	9	18	10	15	14	12	15	11	17	18	18	12	15	14	11	12	14	15	9	12	16	11	11	15	10	14	17	13	12	13	17	12	9	10	9	11	13	13	11	16	9	10	12	16	12	14	10	13	17	9	12	13	11	13	9	14	17	10	16	9	9	17	14	13	15	13	14	14	8	14	12	17	18	9	12	15	17	9	13	18	15	9	16	9	8	11	11	12	12	12	16	11	11	16	13	11	17	13	15	12	11	10	11	14	13	9	11	12	11	15	15	11	11	11	18	8	16	8	17	15	16	12	9	14	14	11	12	9	14	18	9	14	8	13	15	10	10	13	9	17	12	12	14	15	17	15	15	14	13	17	14	17	12	16	16	12	17	13	16	15	11	15	11	16	18	11	12	17	9	9	8	15	13	14	15	15	15	10	11	11	12	10	11	11	10	12	18	15	14	12	18	9	12	13	14	15	10	11	12	12	8	11	14	17	14	15	10	14	12	18	10	17	16	14	13	12	18	17	15	8	17	9	9	11	16	16	15	16	16	17	13	15	16	12	12	18	9	16	13	18	12	12	10	12	9	18	10	13	13	17	8	10	12	14	18	8	9	12	15	15	16	9	13	9	11	18	10	11	16	9	12	12	17	15	17	12	11	9	15	12	13	11	12	17	11	16	12	16	18	17	17	15	17	13	18	11	17	15	15	11	9	11	8	10	12	9	8	16	15	13	14	16	14	10	16	10	13	12	11	17	16	12	14	8	12	17	8	12	14	13	14	14	12	11	14	8	8	11	14	16	14	13	15	17	13	11	8	16	13	17	15	11	16	18	17	11	13	15	9	17	8	13	16	16	8	16	11	15	16	12	17	15	12	9	9	13	14	14	15	12	16	15	13	17	16	12	14	9	11	16	17	16	10	16	17	12	16	11	13	14	15	17	14	17	13	11	13	17	11	12	11	13	14	9	9	13	16	16	11	12	9	10	12	10	13	9	17	13	18	10	12	9	12	11	9	15	15	16	9	14	8	15	13	16	18	9	12	9	14	9	12	8	17	12	10	12	13	16	16	9	9	18	14	11	9	16	16	16	13	11	17	11	11	17	16	17	17	18	13	11	17	11	18	13	15	12	11	17	18	11	14	10	17	14	16	13	17	17	11	11	8	14	12	12	18	12	17	17	17	11	12	12	13	12	9	16	13	9	10	18	15	9	15	9	9	9	14	14	11	11	15	9	12	13	13	15	12	11	13	13	13	18	16	9	9	10	9	17	18	16	13	11	17	17	10	9	10	13	18	15	12	14	9	12	16	17	14	12	10	11	12	15	15	16	13	14	10	11	17	16	12	15	11	17	11	18	8	11	11	10	16	12	13	14	16	17	17	16	12	15	16	12	9	14	12	12	11	11	9	16	16	18	9	11	14	15	15	10	16	12	13	18	8	9	10	14	13	10	15	14	17	16	9	13	13	18	12	13	11	13	17	15	16	11	18	9	15	17	15	16	17	12	8	17	9	15	11	10	14	10	16	13	15	11	8
63	55	59	56	63	61	56	56	61	56	57	56	57	56	56	57	63	59	59	58	56	55	63	61	56	58	61	56	60	62	56	56	58	60	56	63	59	61	63	63	55	60	62	57	61	63	60	60	56	62	60	57	59	58	60	61	58	58	61	61	59	58	58	58	57	58	58	61	60	59	57	60	57	61	57	59	57	59	55	56	63	63	60	62	61	64	62	62	62	56	63	55	60	62	59	60	59	56	60	59	63	56	62	58	56	58	56	64	60	57	56	57	58	58	58	63	61	62	56	60	59	56	57	58	59	55	63	61	62	62	63	62	65	58	57	55	55	62	59	63	56	61	64	57	59	60	62	59	64	62	56	60	56	63	65	59	57	65	65	56	60	55	60	58	62	57	64	60	57	56	62	61	58	57	63	63	60	60	62	57	64	59	59	64	59	64	60	61	60	59	60	64	57	64	61	60	57	56	57	56	58	56	57	59	64	58	61	55	57	59	62	58	55	61	61	57	60	62	63	63	57	55	56	58	64	63	64	55	60	59	63	64	58	61	55	59	57	56	61	59	61	57	59	60	64	62	57	56	57	58	57	59	59	65	56	58	59	62	61	58	62	65	63	65	56	60	60	59	60	63	57	60	62	58	57	56	57	61	61	58	60	62	57	64	63	56	56	58	57	59	61	63	55	59	62	55	58	57	57	62	64	63	64	57	62	56	62	64	64	64	58	60	61	61	64	59	61	57	65	65	56	64	57	65	58	56	57	56	56	61	55	61	56	57	57	59	61	65	63	61	62	58	60	64	57	59	61	62	64	60	65	56	55	62	58	57	64	57	56	58	59	64	59	58	60	63	61	55	57	58	56	61	60	59	60	60	64	63	63	63	57	61	59	62	60	60	58	64	62	64	65	59	55	63	59	58	56	56	64	58	64	63	59	59	62	61	61	63	61	64	56	63	62	62	64	58	56	63	63	57	65	59	61	61	56	64	62	64	62	61	63	58	58	59	60	59	56	60	58	61	58	65	58	65	58	65	56	57	63	60	57	61	63	64	59	62	65	65	63	58	58	56	59	58	62	59	63	58	61	59	60	55	59	62	57	64	64	63	63	61	64	63	56	60	58	61	58	59	60	63	64	64	56	60	63	55	60	57	65	60	62	58	57	60	63	59	63	65	59	60	56	56	59	57	58	58	55	58	64	61	61	62	57	64	61	56	63	58	64	63	58	58	59	59	57	64	63	57	62	65	57	64	59	58	56	60	60	56	56	57	56	57	58	63	62	59	60	59	63	61	59	62	58	58	62	61	58	62	59	61	65	56	62	62	61	63	57	60	62	56	59	55	64	59	63	59	57	63	57	58	57	62	64	57	63	60	57	64	64	61	64	64	62	62	63	56	63	57	63	63	59	62	62	60	60	59	64	55	61	64	61	59	61	56	61	56	65	56	63	55	57	61	56	64	58	64	65	59	59	58	65	57	60	58	59	58	55	61	55	57	65	61	56	64	62	56	61	58	60	58	65	57	61	60	61	60	59	58	59	65	59	58	63	58	55	65	56	57	61	57	62	62	64	56	60	58	62	64	56	62	61	62	58	60	63	56	61	60	61	59	60	60	62	63	63	63	60	56	65	57	62	57	57	61	60	62	56	57	56	56	60	61	56	58	61	59	56	58	63	55	61	63	58	55	59	64	55	64	58	59	59	64	59	63	58	59	58	62	60	64	61	61	60	58	64	55	61	64	61	60	65	63	58	55	56	64	56	59	61	63	55	58	56	61	57	63	62	62	60	57	57	62	55	65	58	63	56	56	60	58	61	63	58	56	59	62	63	58	57	64
45	49	54	46	54	52	51	48	48	44	52	54	50	50	47	44	51	51	47	47	45	50	48	50	47	48	51	45	54	45	46	44	50	53	52	48	47	49	48	46	44	52	52	52	46	49	49	52	49	53	50	52	49	46	51	51	51	50	46	54	52	45	44	49	50	54	46	50	53	53	44	52	52	53	46	46	51	45	50	52	52	50	52	54	48	46	44	45	51	49	47	45	50	53	45	49	51	49	51	47	47	49	50	44	49	50	52	49	46	53	44	51	47	51	50	45	44	50	44	44	48	46	47	46	51	48	52	51	44	51	45	53	47	53	49	47	47	51	49	48	52	46	53	47	49	52	53	46	45	48	52	50	47	45	50	53	49	49	52	45	51	52	54	52	46	49	46	52	48	44	50	48	49	47	49	45	51	52	45	49	53	53	45	46	53	51	53	45	52	47	45	53	53	48	50	47	52	53	44	47	51	45	51	52	53	45	53	48	47	48	53	48	47	46	50	52	50	52	48	50	46	49	50	53	48	52	49	45	45	51	48	45	48	44	53	47	48	49	54	48	48	52	44	49	47	49	53	46	46	44	46	46	53	48	48	52	52	51	44	49	44	54	50	53	46	44	50	44	51	49	54	53	50	45	50	53	45	51	44	48	46	47	52	53	53	44	53	49	49	51	46	54	54	50	50	50	48	46	44	47	52	49	50	46	53	53	49	53	54	48	54	50	53	45	47	46	50	46	46	48	44	48	48	54	54	52	48	49	44	45	46	48	52	51	44	48	45	50	47	47	45	52	45	54	52	52	53	46	52	46	49	47	48	48	45	51	51	45	44	52	46	45	50	47	47	45	48	51	48	53	47	44	52	46	53	45	50	51	49	45	54	47	51	48	53	47	49	52	53	51	48	45	54	46	50	49	49	49	45	49	45	51	46	49	53	51	51	48	45	50	45	46	53	48	53	46	50	47	49	50	52	48	51	53	54	53	52	45	45	47	53	49	47	52	44	49	46	45	51	52	54	45	47	47	53	52	54	47	45	46	52	52	47	49	53	51	50	47	45	52	54	49	53	50	47	52	47	50	49	51	47	53	45	50	44	44	46	54	51	51	53	50	49	47	51	51	44	53	53	51	49	48	47	53	52	54	53	48	53	47	48	45	46	53	53	52	45	53	53	48	47	50	44	46	51	51	47	51	50	46	44	49	47	49	45	48	49	45	49	50	53	52	45	46	51	51	46	53	51	47	51	46	45	45	49	50	49	44	45	51	49	53	51	47	45	53	51	53	45	53	52	48	50	49	51	45	47	46	45	47	50	44	54	53	48	46	45	53	51	54	50	53	45	53	50	47	50	53	54	48	45	48	48	46	50	45	46	51	50	46	52	53	46	45	52	48	47	53	48	50	47	46	48	53	46	47	48	46	44	44	48	51	53	47	45	44	50	53	49	49	47	45	49	45	45	50	50	46	53	53	49	50	49	47	45	50	46	46	46	51	47	54	49	50	44	52	51	53	45	51	49	47	49	46	51	48	50	48	47	49	47	51	52	49	53	44	53	44	47	51	46	46	50	52	45	52	53	44	52	54	46	52	54	51	46	46	51	54	48	49	49	51	49	52	52	46	49	54	46	46	47	49	53	49	47	54	52	48	46	45	53	54	46	46	46	53	45	46	50	50	50	52	49	44	53	48	48	47	53	53	50	46	53	52	45	53	52	47	50	47	44	46	54	53	44	52	51	51	50	52	50	46	54	46	53	50	45	53	51	47	47	50	45	49	47	46	46	46	51	50	48	45	49	50	54	49	46	45	49	46	53	51	52	48	47	45	45	49	47	48
74	66	71	70	68	68	71	75	72	68	72	70	73	75	69	72	66	73	70	68	73	73	70	69	72	71	69	71	68	74	69	70	71	67	73	68	75	71	73	72	74	70	74	74	70	71	74	73	74	73	67	68	71	74	74	67	73	69	75	72	68	70	68	70	66	65	74	74	72	66	71	70	67	65	69	70	68	73	71	68	71	72	66	66	70	70	75	65	72	67	66	67	69	69	72	66	65	69	66	67	68	67	74	73	75	67	69	70	69	67	68	74	67	72	74	70	73	70	68	71	73	70	67	75	70	73	75	69	72	74	67	69	66	70	66	70	68	73	74	67	70	74	68	74	74	67	66	75	69	74	68	68	68	70	67	73	71	73	66	74	71	66	67	66	67	71	75	72	75	71	71	65	66	74	73	69	72	74	74	72	65	71	68	72	74	74	73	73	69	65	74	73	68	72	67	65	74	71	70	73	66	72	68	67	69	71	68	68	71	70	68	74	70	71	73	74	65	71	70	69	73	72	67	68	70	66	69	71	68	68	72	74	67	74	67	66	69	72	70	70	68	66	75	68	74	66	74	66	68	73	66	69	69	67	67	67	68	67	74	67	71	73	71	66	71	69	65	72	65	67	66	73	69	71	74	74	67	72	71	69	67	73	66	70	67	66	68	75	70	75	70	73	71	69	67	72	69	66	73	65	72	65	71	68	72	71	72	70	72	74	72	73	74	69	68	74	74	68	74	72	74	70	74	72	73	72	67	70	72	68	69	65	74	67	67	73	67	70	74	68	72	71	74	67	67	72	74	67	68	67	68	71	70	71	75	69	71	74	66	72	71	70	65	68	74	70	70	74	73	74	72	69	70	75	67	74	70	74	73	71	65	65	69	71	67	74	71	73	74	65	69	71	74	74	71	71	67	75	68	71	71	71	73	68	68	67	74	72	71	65	75	73	68	68	72	65	65	72	70	74	72	71	66	73	71	71	70	75	72	66	74	67	69	69	72	69	74	65	75	74	68	70	71	69	73	71	67	67	72	66	74	68	74	74	70	66	67	66	73	73	72	71	69	67	74	71	75	74	72	70	70	74	69	70	74	72	67	70	75	67	71	71	72	73	67	72	69	67	72	69	68	71	75	71	71	66	73	66	73	69	67	66	65	68	74	69	68	73	68	73	71	67	66	70	70	68	72	68	72	73	70	72	69	73	69	73	67	70	73	73	68	74	71	70	66	66	74	66	67	69	70	66	67	69	70	72	71	69	71	65	71	68	73	73	68	65	65	66	65	67	66	66	69	70	70	67	70	73	66	72	73	71	72	72	70	71	70	72	69	67	67	66	74	70	74	67	73	66	71	75	69	71	65	65	70	66	67	73	73	66	67	66	67	69	66	71	65	67	68	67	74	70	74	72	73	75	71	70	74	70	74	69	70	72	72	72	67	66	74	72	66	73	66	72	73	66	72	69	70	73	73	69	70	71	71	74	69	67	73	72	66	73	75	68	74	67	75	66	69	72	73	66	73	74	66	65	70	69	66	67	74	73	66	67	71	70	72	69	66	68	68	68	72	66	70	65	65	70	65	67	67	73	68	72	69	71	65	75	71	68	67	70	74	67	70	70	72	70	67	69	68	65	67	65	66	68	73	68	69	67	67	70	70	69	73	73	73	69	67	69	68	70	66	70	69	74	71	71	65	65	65	68	67	73	69	67	70	73	69	72	67	74	68	70	74	70	74	65	69	72	72	70	73	67	71	66	73	71	68	74	74	67	65	68	75	72	72	73	68	71	72	70	73	75	71	72	72	68	67	69	71	74	74	75	73	71	71	66	72	68
98	98	91	98	92	94	99	90	92	92	95	93	94	91	97	91	90	98	91	92	93	94	97	91	98	97	89	97	95	90	94	90	90	89	91	91	94	89	94	89	97	98	97	97	91	95	98	91	98	92	91	99	94	96	94	93	90	91	97	89	94	94	94	91	97	97	91	95	90	93	91	90	96	94	91	91	98	94	90	94	91	94	93	91	96	95	89	90	94	98	95	94	95	90	95	96	98	89	93	93	97	96	93	95	93	89	90	94	96	93	97	89	90	91	95	97	96	91	95	96	96	92	91	93	90	96	89	90	96	92	99	96	91	93	98	95	95	96	92	91	96	97	89	96	90	91	98	97	96	93	93	93	90	92	98	90	91	94	91	90	97	97	91	94	93	98	99	91	91	98	92	98	93	91	91	98	96	97	90	90	98	90	90	95	90	90	92	89	98	92	96	95	92	93	97	93	99	93	93	96	92	93	97	92	97	97	92	93	98	99	92	92	97	94	91	97	98	90	91	95	98	98	94	97	91	93	94	99	97	94	89	96	97	91	98	96	94	97	91	97	96	91	93	92	98	95	95	91	89	92	98	96	96	95	99	91	91	89	97	99	94	92	90	91	93	93	95	91	97	89	94	98	93	95	91	99	95	99	96	95	93	92	91	93	98	91	95	91	90	89	92	91	97	90	99	97	92	93	95	96	91	98	97	98	98	92	92	91	94	98	91	96	97	97	90	90	89	89	95	92	89	96	89	95	97	90	96	96	92	91	98	90	93	94	96	97	98	98	94	95	96	93	95	97	98	89	97	91	89	89	90	91	91	93	97	98	98	94	94	94	91	91	97	97	99	95	99	93	97	98	99	91	98	91	95	89	98	98	92	91	91	89	92	99	98	96	92	91	96	98	98	92	92	91	97	91	99	97	96	94	99	97	94	96	93	93	90	97	94	94	94	97	93	99	95	97	94	99	91	96	90	89	93	97	95	98	96	96	98	95	93	96	99	98	92	98	91	98	90	98	97	95	92	91	98	89	94	96	89	96	89	94	92	92	90	90	91	95	96	95	98	90	96	94	96	99	97	99	95	94	95	93	93	89	98	98	93	92	92	97	95	92	95	96	94	98	92	95	99	97	92	91	91	97	92	97	97	91	92	91	94	92	91	95	92	91	98	95	91	97	98	98	93	94	94	99	98	93	95	90	92	95	96	96	97	99	90	91	91	96	96	95	94	97	97	92	94	89	96	98	97	96	97	90	98	92	97	95	89	98	95	92	89	98	96	93	90	93	99	98	96	91	95	90	91	97	95	98	98	93	97	93	94	98	89	95	95	90	98	98	91	96	97	93	90	99	94	98	97	96	93	92	95	97	89	97	94	93	90	95	89	94	94	91	94	95	93	93	96	89	91	94	96	97	93	91	89	98	95	96	99	95	92	90	98	92	93	91	96	89	98	98	95	98	92	94	92	91	91	89	94	94	95	89	89	94	93	94	96	90	95	98	91	97	96	92	93	94	94	99	95	96	90	91	95	96	93	95	90	92	92	96	99	90	99	96	91	96	95	94	94	92	90	89	95	90	91	95	99	90	93	97	96	90	95	90	90	93	99	89	96	96	99	97	93	89	90	95	93	96	90	97	94	95	93	98	91	91	94	91	91	97	91	97	93	97	93	97	93	91	96	91	99	90	90	97	94	99	94	91	93	96	96	98	93	99	91	90	95	96	96	98	95	95	93	91	91	96	91	98	90	90	91	93	96	96	89	98	99	90	96	89	95	95	94	98	97	95	93	97	97	93	92	99	93	94	99	97	98	93	93	90	92	94	96	97	93	94	96	93
93	92	89	93	90	86	86	88	94	86	89	86	87	88	94	94	87	92	92	93	86	88	87	93	91	94	90	85	93	88	85	93	92	91	88	95	89	94	95	85	85	88	94	91	93	89	89	92	89	89	92	89	86	88	95	88	89	90	87	87	90	88	92	95	93	86	95	94	94	92	93	93	92	92	93	86	93	88	92	86	89	86	90	95	91	87	92	94	87	91	94	87	90	90	88	90	85	87	95	87	88	87	87	89	89	88	87	88	86	94	92	94	89	86	92	94	90	89	94	95	90	93	87	92	93	94	89	91	92	87	90	86	95	94	92	92	95	86	85	90	93	93	88	85	92	88	94	92	93	86	88	94	91	94	87	93	89	88	94	88	91	86	85	89	86	90	91	95	87	88	89	94	94	92	91	90	95	88	85	87	94	87	91	86	94	89	92	88	90	92	94	87	92	90	93	87	92	88	90	89	87	94	95	93	89	86	93	88	93	89	85	91	86	86	95	95	94	90	88	90	86	89	94	95	91	94	89	91	88	92	87	89	92	95	88	88	86	91	87	86	90	90	85	92	88	88	88	90	89	86	92	86	92	90	85	95	87	94	88	93	92	92	86	92	88	88	94	94	92	95	93	92	90	89	86	86	87	90	91	87	86	94	85	86	92	87	87	94	89	88	93	89	93	92	94	91	92	95	95	94	87	94	89	93	91	94	93	91	89	89	87	87	91	90	87	93	88	87	90	85	94	91	86	95	90	93	87	95	92	87	89	95	86	94	94	93	90	92	91	90	92	90	88	94	91	93	90	90	90	86	87	89	93	92	89	89	95	95	91	90	93	89	95	92	92	87	94	94	93	94	88	90	86	89	85	86	92	89	85	95	92	92	88	87	92	88	95	95	91	87	91	90	92	87	94	94	94	89	89	87	89	89	95	88	94	90	89	92	91	91	94	88	88	93	88	88	87	92	86	94	86	87	86	88	92	94	91	93	88	93	91	93	93	92	94	88	86	88	93	88	90	92	89	89	86	89	89	87	91	88	95	88	88	95	87	94	95	90	86	85	85	86	94	94	86	86	85	90	91	90	95	91	93	89	91	88	89	87	92	89	94	87	92	91	94	87	90	92	93	95	91	94	93	89	86	93	93	94	88	94	89	87	92	86	90	89	90	93	89	87	88	93	93	88	88	86	87	90	95	90	93	85	88	88	91	88	88	90	92	91	87	87	93	89	88	88	90	87	88	87	88	89	89	94	91	86	90	87	92	90	86	88	86	90	91	87	91	93	90	87	92	88	91	89	94	86	89	91	86	89	89	93	86	88	93	87	93	87	87	91	88	94	95	86	89	91	91	91	90	93	88	90	92	86	85	94	89	89	91	90	94	87	87	92	89	94	94	92	93	91	91	88	89	90	88	93	94	86	94	92	92	92	89	92	90	91	87	87	94	87	93	89	86	86	91	88	90	94	91	90	86	88	95	88	93	85	87	91	95	91	94	85	91	88	89	90	94	87	89	94	85	92	93	94	89	95	94	91	88	95	91	87	94	90	87	86	94	92	94	92	85	88	88	90	89	91	85	87	94	91	86	87	89	90	87	86	90	90	95	88	89	90	94	86	88	90	89	87	90	90	90	90	91	86	93	89	90	90	90	90	92	90	89	92	92	90	88	88	94	86	89	91	89	88	92	95	88	87	88	85	86	85	88	85	87	89	88	88	88	89	95	91	95	86	90	85	95	89	91	87	91	89	85	94	86	91	90	94	90	86	94	89	94	88	85	88	93	92	88	94	92	86	88	86	87	93	85	86	88	92	93	87	92	91	89	87	88	90	87	93
39	40	45	44	44	47	43	41	43	41	46	47	40	45	40	44	42	40	44	40	41	47	44	41	40	40	44	46	47	47	44	39	41	44	38	38	38	42	38	43	41	43	40	40	39	43	39	47	42	41	44	41	44	38	38	42	39	42	39	41	43	42	41	43	39	46	44	41	44	41	43	37	39	45	45	38	38	41	44	45	46	40	43	43	46	45	43	44	43	41	46	38	42	45	45	46	39	43	47	37	44	43	43	37	38	41	45	40	41	45	41	43	46	39	40	39	39	45	44	39	40	41	47	43	39	39	46	39	45	43	40	39	47	45	37	45	38	39	38	45	42	42	43	46	41	39	46	43	41	39	42	45	42	43	45	39	40	39	39	42	38	38	42	47	38	38	45	41	37	43	44	39	38	44	44	38	38	45	38	43	42	46	42	44	41	45	43	38	46	45	44	40	45	42	41	39	45	38	41	46	42	43	45	46	39	38	38	47	41	42	47	40	43	43	41	44	41	43	45	42	46	41	39	44	42	38	38	40	44	41	43	47	44	40	42	38	40	44	46	44	47	38	42	44	39	46	39	41	42	46	42	42	42	42	40	40	42	46	38	37	41	38	41	43	47	38	45	42	43	45	42	45	43	41	44	41	39	38	46	44	40	38	40	43	43	46	40	39	40	47	46	41	45	40	43	38	40	38	43	39	40	44	44	39	45	46	40	43	38	46	40	45	38	44	41	43	39	40	46	39	42	44	42	42	39	41	45	39	46	41	45	47	45	41	37	45	38	43	40	39	46	41	40	37	38	45	45	47	43	45	43	41	38	40	45	42	45	44	46	41	44	46	43	41	41	41	38	43	42	42	37	45	39	46	40	42	42	42	40	38	42	43	46	47	37	41	40	40	43	41	41	43	44	41	41	40	37	45	41	44	45	40	46	39	44	38	40	47	38	45	39	46	46	40	42	43	47	46	39	38	41	44	38	40	39	45	44	45	46	44	41	39	43	41	41	43	46	40	46	40	46	42	38	43	43	38	40	38	41	45	39	41	42	37	46	45	41	38	38	42	41	43	41	39	39	39	40	37	46	40	38	40	43	46	41	38	41	43	43	44	44	40	43	41	39	45	44	37	43	44	40	45	42	39	37	38	43	41	45	42	44	39	45	39	44	39	38	44	40	41	43	40	37	39	45	44	39	39	43	37	38	39	46	42	38	39	37	38	39	39	46	41	41	41	41	37	46	44	43	42	38	45	42	40	45	47	40	38	45	38	45	38	45	42	42	40	39	43	38	39	42	45	42	43	43	42	39	47	43	37	46	42	44	42	44	44	38	43	38	38	44	45	41	38	44	43	47	40	44	39	43	45	42	43	38	43	44	39	45	46	45	38	41	47	47	44	38	45	40	41	46	45	38	39	47	45	39	44	41	43	38	40	42	41	40	47	42	38	43	43	46	46	44	45	43	38	41	38	46	41	45	44	47	46	47	45	42	40	42	46	43	38	40	43	45	42	46	44	46	41	40	45	40	45	44	42	39	38	43	42	43	39	46	38	40	38	43	43	44	43	40	41	44	46	40	44	42	40	46	44	38	43	45	45	39	45	41	45	45	42	41	43	42	45	44	44	44	46	41	39	41	42	42	39	44	37	45	38	41	39	43	43	45	39	40	38	44	39	42	38	45	41	41	45	46	44	40	45	37	43	38	46	42	39	45	45	44	47	42	39	39	47	45	47	43	37	47	37	45	43	45	45	44	41	43	46	44	39	42	39	44	37	47	42	42	46	42	47	41	44	38	43	41	40	44	46	41	45	47	39	43	41	43	38	37	38	37	45	43	39
38	37	33	33	36	34	36	40	39	39	32	35	39	38	38	34	39	38	35	41	39	40	38	38	33	40	38	40	32	33	32	39	41	33	36	37	31	38	32	31	38	34	41	37	35	33	32	34	40	39	39	33	40	35	40	33	36	40	31	34	37	38	38	37	31	41	41	32	35	40	33	37	39	37	39	37	34	33	41	34	32	40	36	35	39	37	38	33	35	41	36	40	40	32	35	41	33	34	40	39	34	40	37	35	34	33	34	32	35	40	38	36	34	35	38	32	36	32	32	34	34	40	38	32	35	32	39	39	34	41	39	35	34	34	40	36	36	40	38	41	39	36	40	40	38	38	41	35	33	40	36	35	33	36	31	34	33	37	33	33	33	37	33	40	32	31	35	40	36	37	34	39	31	36	32	33	31	37	31	41	34	34	40	38	41	40	40	31	35	39	32	34	36	32	35	33	37	39	31	39	40	33	32	34	37	34	33	40	41	38	37	36	38	39	37	33	34	38	32	33	33	41	38	34	40	38	39	32	37	33	36	36	34	40	31	38	34	37	37	39	33	34	37	37	41	32	32	38	39	36	34	34	36	39	41	36	34	38	32	38	33	35	41	35	41	31	35	39	34	32	37	36	34	37	33	33	33	32	32	33	32	36	38	32	37	40	38	40	33	36	33	31	33	35	38	37	32	40	38	37	38	31	35	34	40	31	36	39	40	41	40	34	33	37	40	40	33	32	34	33	31	32	31	34	31	38	34	34	35	36	38	39	33	41	40	40	36	33	36	32	34	40	39	32	34	37	37	40	32	36	38	35	40	35	35	39	41	36	39	41	36	31	33	41	33	36	38	31	36	39	40	38	39	34	32	36	36	34	35	35	34	35	39	34	34	38	39	38	32	38	33	33	40	34	35	32	35	37	32	36	34	40	32	40	36	31	40	33	34	36	36	33	36	39	31	31	41	34	39	33	34	38	32	37	38	38	37	35	35	38	41	34	40	31	33	33	40	37	37	36	41	32	39	36	38	38	41	33	41	33	36	39	33	31	39	38	37	31	36	35	34	38	40	35	34	35	37	36	34	31	38	35	34	34	34	34	32	34	34	40	33	33	33	34	31	31	31	40	33	36	31	31	37	36	31	36	40	34	35	34	37	35	34	33	36	32	39	40	35	34	38	39	35	40	40	40	41	32	39	34	32	32	31	40	37	31	33	39	34	35	31	36	31	34	36	37	33	35	40	38	37	39	38	37	35	34	39	33	32	38	38	38	39	40	33	33	38	33	36	37	33	38	34	37	38	37	33	34	41	31	38	37	39	41	38	37	36	34	40	36	35	33	40	38	35	41	33	37	34	34	40	39	34	37	36	35	33	37	39	34	31	33	33	38	35	32	39	38	38	37	31	39	38	37	40	36	33	35	37	32	41	40	39	32	35	38	32	41	35	34	32	38	32	38	35	39	34	36	41	35	39	34	34	40	32	38	38	34	32	35	38	33	36	31	36	32	38	41	33	31	35	33	33	35	32	34	41	33	39	34	33	38	38	35	39	35	34	40	41	35	31	35	39	33	41	35	32	31	35	40	40	37	38	37	34	39	33	34	32	40	36	35	36	36	40	31	41	38	35	39	33	33	38	36	32	36	39	33	34	33	36	39	32	39	38	36	34	34	32	34	34	32	35	35	33	41	39	37	39	39	38	32	41	39	33	34	36	35	34	39	36	35	40	32	35	31	31	35	34	39	40	34	33	34	36	40	36	32	36	35	37	36	38	33	38	39	38	40	39	39	33	32	38	32	35	40	32	33	33	39	33	38	37	41	41	35	34	34	34	36
106	102	105	100	102	106	106	100	100	108	99	104	108	104	103	104	107	103	108	107	107	103	102	104	103	109	107	103	104	103	100	109	103	101	105	105	102	107	107	109	107	105	107	101	109	100	101	107	100	104	100	103	101	104	108	102	101	103	101	106	100	101	108	104	108	99	107	101	108	100	108	105	100	101	104	104	103	106	100	100	102	101	108	108	101	104	104	101	109	103	108	100	105	107	100	104	101	108	106	99	103	103	108	105	100	101	105	102	106	108	105	103	101	104	105	101	99	108	107	107	105	102	99	105	103	107	103	100	104	102	107	102	108	108	100	104	101	100	101	103	108	104	104	107	101	104	102	100	107	106	102	99	104	103	105	101	105	108	109	103	102	106	104	101	104	100	105	101	100	104	103	101	100	107	101	99	105	104	102	105	107	103	107	101	106	106	100	104	106	103	107	102	106	102	106	104	102	100	106	102	106	107	107	105	105	101	108	103	107	99	103	109	106	101	99	107	106	106	107	103	100	102	107	102	103	107	103	107	101	106	102	108	107	105	105	105	101	99	104	103	108	104	103	101	103	107	102	108	104	103	101	107	99	103	102	102	109	103	103	106	107	105	100	107	100	100	106	106	107	107	103	101	107	104	105	108	106	101	99	104	107	103	101	103	100	102	100	109	103	101	102	99	102	99	108	101	104	105	100	104	103	101	104	107	103	101	101	107	102	104	102	105	107	102	107	107	106	106	105	99	101	104	106	105	100	100	102	99	105	105	104	100	108	104	101	107	108	108	105	99	107	107	107	107	103	103	104	106	107	105	101	100	100	103	102	107	107	100	106	106	107	109	105	102	105	107	105	102	100	105	109	107	100	107	106	105	107	101	108	100	102	102	101	101	107	108	105	107	102	102	104	103	106	104	104	100	101	101	107	109	104	105	107	102	101	106	104	102	102	103	101	103	103	101	109	101	108	108	107	102	105	99	101	109	101	103	101	107	107	106	100	103	102	108	103	109	107	100	99	103	107	100	107	109	109	104	109	100	105	105	101	102	108	103	101	103	102	108	101	107	101	101	105	104	100	106	104	106	99	105	103	105	107	109	109	108	100	101	109	105	109	108	101	101	104	108	104	109	101	104	106	106	102	105	104	103	109	101	102	105	105	106	101	109	103	102	99	103	101	100	104	107	100	105	103	108	102	102	104	108	106	100	105	99	100	107	106	101	100	105	102	102	106	100	107	108	104	101	101	101	109	101	100	103	108	103	106	102	105	109	106	105	104	105	107	99	100	100	99	101	109	102	106	107	105	102	107	103	103	102	101	100	105	104	99	100	103	101	101	106	99	101	101	106	104	102	102	106	104	109	108	99	102	101	101	101	105	104	107	101	108	106	105	108	99	106	99	106	99	104	108	102	103	102	108	108	107	103	107	109	103	108	100	105	100	102	102	103	105	99	103	100	103	109	101	100	104	105	100	100	109	106	103	100	105	101	104	108	102	99	106	100	108	108	103	104	100	100	103	109	105	104	105	107	104	101	99	103	100	104	109	105	102	106	102	108	108	103	103	105	108	108	105	100	104	104	105	106	106	104	101	102	103	101	104	108	100	108	104	106	100	109	100	107	104	108	108	105	109	99	102	100	101	108	99	104	100	100	103	105	107	102	109	109	105	104	101	106	107	104	104	109	107	106	102	105	103	104	101	101	107	104	100	107	102	106	108	101	101	105	107	105	106	101	105	107	108	105	107	102	104	100	104	103	101	99	107	100	101	100	100	102	104	100	103	103	103	101	107	108	101	102	101	104	107	107	102	106	108	100	102	99	100	102	106	100	105	106	107	109
28	33	27	30	29	34	34	30	32	31	34	30	34	26	35	31	28	32	34	34	29	28	26	32	35	33	35	31	31	31	32	35	29	31	30	33	25	31	27	26	32	33	32	30	25	26	27	30	33	30	33	29	27	26	34	33	26	25	34	27	27	30	33	28	33	26	30	29	33	29	28	31	32	26	28	33	29	26	31	32	30	26	30	29	34	26	25	31	28	33	33	31	31	33	30	27	25	26	26	28	26	29	31	32	30	33	28	27	31	32	27	30	29	35	30	35	27	31	32	32	33	31	26	26	32	32	33	33	30	30	29	33	35	33	34	32	31	25	31	30	30	32	28	28	29	27	25	35	29	26	31	30	27	33	30	35	31	32	29	31	32	31	25	25	27	26	28	25	29	33	32	32	27	26	28	29	27	25	33	31	26	32	28	29	30	27	33	27	29	33	27	27	28	33	34	27	27	26	26	27	35	33	30	30	25	35	27	34	30	28	27	29	30	33	28	29	27	27	27	33	32	26	31	27	32	35	27	29	26	29	27	35	33	28	31	27	32	27	29	27	31	32	26	31	31	29	31	29	28	32	32	29	26	33	34	27	26	31	26	32	26	30	33	26	31	30	28	26	26	31	29	26	34	34	28	31	28	33	25	26	27	31	29	27	31	29	30	28	32	27	34	29	30	32	34	27	28	29	27	28	27	32	29	31	25	26	33	30	34	34	32	35	29	27	33	26	35	27	32	35	27	33	30	31	33	29	34	27	29	33	29	25	29	35	31	28	32	28	33	29	31	28	33	30	31	35	26	31	31	30	28	33	31	28	33	34	26	27	31	31	28	31	28	34	32	30	33	30	25	29	33	30	26	28	29	34	26	31	29	32	27	34	27	27	32	31	28	34	32	33	32	32	25	28	32	34	32	25	33	25	27	27	33	30	27	25	32	25	31	26	26	34	29	29	33	26	28	28	25	34	33	35	30	29	32	27	28	34	28	27	27	28	26	29	28	26	26	33	29	33	33	31	28	30	32	28	34	29	32	33	33	31	30	31	30	26	32	31	27	31	34	34	35	30	29	35	32	30	26	30	27	26	33	25	34	25	32	31	25	33	29	26	35	33	26	32	30	30	31	29	26	32	32	33	28	34	30	27	31	30	35	33	33	28	30	30	27	29	28	28	28	32	25	30	29	34	32	26	29	28	26	31	29	32	27	27	27	30	31	25	32	35	26	32	34	29	27	26	32	33	27	26	26	29	33	30	29	28	26	32	34	29	31	34	35	28	31	26	26	26	30	34	30	34	33	27	26	26	30	25	26	31	32	26	26	33	30	31	31	28	34	34	30	33	33	27	29	28	35	33	29	32	29	29	35	32	27	35	29	35	30	29	30	30	31	33	34	26	29	31	34	33	27	31	27	32	33	26	28	29	30	28	28	31	35	30	31	28	31	34	28	33	26	27	27	27	31	31	30	32	25	28	32	31	31	33	33	27	35	27	33	27	27	31	28	31	34	33	26	32	31	26	26	26	29	32	28	34	35	26	29	32	34	29	28	34	33	30	35	26	32	32	28	32	28	25	30	32	30	33	34	25	34	27	25	31	28	33	35	31	33	34	25	31	28	31	33	29	26	32	26	28	29	32	25	33	32	35	29	31	31	31	29	33	30	33	25	32	25	30	31	30	32	26	28	33	29	30	31	32	29	30	31	31	27	26	27	28	33	31	31	32	29	28	29	33	30	30	32	32	34	27	26	34	33	29	31	32	28	28	32	33	35	35	27	31	33	26	27	34	28	28	32	33	30	31	30	34	30	30	28	25	33	31	35	32	30	29	27	26
33	32	34	26	33	28	31	32	27	32	28	32	30	32	28	34	32	26	28	34	26	33	35	28	26	34	29	29	30	25	28	29	26	28	28	30	32	28	25	30	29	28	33	27	35	26	26	31	31	25	26	28	29	32	29	31	26	34	31	32	29	30	33	33	27	32	25	27	30	26	34	31	26	27	29	26	26	29	29	30	30	28	26	30	34	29	29	31	29	34	27	27	32	31	33	27	30	30	26	35	28	34	26	31	31	32	26	28	32	31	34	27	28	29	34	28	28	33	34	29	32	29	35	32	28	32	25	30	30	33	29	29	27	35	27	33	33	27	27	32	30	35	35	29	32	27	34	30	30	33	28	26	25	32	29	26	29	31	28	26	30	31	31	32	30	32	29	33	31	26	35	26	26	34	28	32	29	33	34	35	34	27	28	28	30	29	26	33	29	32	32	34	26	33	27	28	30	28	26	28	30	29	32	29	32	27	29	26	34	34	33	28	34	26	28	26	29	27	33	29	30	30	32	28	32	31	26	35	25	31	32	33	26	32	30	27	28	26	28	32	29	27	34	33	26	26	34	33	29	32	35	27	30	34	26	29	25	32	33	30	32	27	30	25	34	25	35	29	31	30	33	29	30	25	32	34	27	25	33	34	33	28	33	33	33	30	29	29	34	31	32	30	34	32	26	33	33	26	27	32	32	28	26	30	35	28	27	33	33	28	33	27	33	33	32	28	32	29	33	30	33	31	27	29	26	26	28	27	30	26	26	28	31	25	34	32	30	29	32	28	33	33	31	27	32	35	26	33	28	33	26	31	26	25	26	29	33	29	30	35	31	30	26	34	29	34	28	29	33	35	31	32	28	28	30	30	26	35	26	29	26	26	28	25	34	30	26	32	34	28	31	30	34	31	28	27	32	33	27	27	28	33	31	26	31	34	29	28	31	28	32	26	30	27	29	30	32	31	33	29	34	33	33	30	26	29	30	29	29	30	34	34	33	30	32	34	33	25	27	31	29	31	29	26	31	34	29	33	35	27	34	32	31	35	27	33	32	34	26	32	32	30	31	33	34	34	34	33	29	33	32	31	32	27	30	32	29	28	26	34	31	27	27	26	31	31	31	33	28	32	31	28	30	33	28	33	25	29	28	26	29	26	31	34	27	26	27	31	35	28	28	25	29	30	27	31	29	27	29	33	26	29	30	27	26	26	34	34	30	34	31	32	33	30	34	32	27	26	29	25	34	25	27	30	28	25	34	28	31	35	28	34	27	31	35	29	30	35	31	31	28	34	31	34	35	28	35	30	27	31	25	35	28	34	29	27	31	29	32	32	29	28	27	28	35	26	33	32	25	28	32	33	30	34	28	34	30	31	29	28	31	32	28	31	31	32	34	25	27	29	28	27	26	29	32	26	28	32	27	31	27	27	31	30	31	26	32	27	32	33	33	29	30	28	31	34	29	26	30	29	31	30	26	27	30	31	29	27	27	25	27	32	35	31	28	25	30	29	30	26	26	30	34	29	34	31	32	28	32	30	33	35	29	32	33	30	33	32	28	26	32	31	32	33	32	26	30	25	29	35	31	29	29	28	25	30	32	33	32	29	32	27	33	30	30	27	32	28	33	28	28	30	27	34	26	26	28	26	32	27	25	28	34	29	27	29	35	28	31	26	29	27	30	28	32	33	30	34	29	30	31	33	30	32	30	25	35	33	26	29	29	34	31	31	32	34	28	34	34	33	30	26	30	27	34	33	32	30	28	34	32	30	28	30	29	28	27	33	31	27	35	30	28	32	32	26	34	28	29	31	34	32	32	33	32	27	28	33	30	27
26	28	25	30	33	28	33	33	33	25	32	29	29	32	25	34	31	31	29	25	25	25	30	33	25	30	32	27	33	27	31	34	29	32	25	32	27	31	30	26	32	31	27	24	32	25	28	31	31	27	27	29	25	32	27	34	27	30	33	32	32	26	31	34	34	26	30	30	27	31	31	29	33	29	30	26	26	26	31	27	26	31	30	30	28	31	32	27	28	31	31	31	32	28	32	25	28	28	27	31	25	27	28	34	33	26	28	31	32	32	31	27	25	25	28	31	30	30	33	30	29	31	25	33	27	33	26	33	29	30	30	29	30	32	24	30	34	26	33	27	28	27	26	26	34	27	25	28	30	33	29	32	28	27	28	32	28	26	33	33	25	33	34	34	31	29	31	27	30	32	25	25	31	27	28	32	31	33	34	30	33	31	25	29	33	30	30	34	28	33	30	33	32	30	28	24	25	33	28	29	26	30	28	29	29	25	24	29	29	33	33	32	25	30	31	24	32	34	25	32	34	25	33	27	27	33	27	31	32	24	28	32	32	26	24	26	24	30	26	26	34	26	25	27	31	28	27	34	28	34	28	29	26	29	27	34	29	27	27	34	28	26	30	26	26	30	33	27	31	32	33	34	25	32	30	25	27	29	34	24	29	27	30	26	31	25	29	30	25	31	33	32	32	34	24	32	28	31	34	27	29	25	27	24	27	33	30	33	28	34	33	29	33	33	34	33	29	27	28	31	32	33	32	29	34	27	31	28	32	31	29	28	25	31	33	25	24	31	25	32	27	25	27	26	29	27	25	28	26	27	25	33	25	25	25	28	33	25	29	26	25	31	32	24	32	33	25	29	32	30	26	28	30	24	25	26	33	28	25	32	32	28	27	26	29	26	26	34	26	30	31	30	31	30	31	29	30	34	30	29	28	31	32	28	24	30	30	24	32	27	28	30	28	31	30	33	24	28	32	29	25	29	26	25	25	29	28	29	28	31	24	31	27	25	29	24	26	33	32	25	29	25	31	28	32	29	32	28	26	29	24	30	27	33	32	33	25	31	27	32	26	33	32	26	24	28	28	32	26	29	27	28	34	26	28	33	31	24	29	34	31	28	26	31	29	33	34	27	25	25	32	32	28	27	30	33	32	27	31	27	28	32	25	25	27	30	30	30	28	24	31	31	32	33	27	26	26	25	29	27	33	32	28	29	32	32	32	27	30	33	33	31	24	34	29	31	29	29	24	32	24	29	29	25	30	29	27	31	25	29	27	32	30	27	33	28	25	24	31	33	28	32	25	31	27	25	26	24	27	27	34	27	25	26	28	29	28	33	31	25	28	33	30	25	31	31	26	28	26	28	29	34	32	30	33	27	25	28	34	29	24	25	28	24	27	34	25	33	33	27	24	29	34	27	31	33	30	29	28	27	25	31	28	26	33	31	28	30	25	24	28	28	26	32	30	33	25	32	32	33	31	34	33	29	24	34	26	25	25	24	25	33	29	27	25	29	25	33	29	28	31	33	27	28	34	25	31	27	34	33	25	34	28	29	33	26	26	29	31	26	27	27	30	32	31	24	25	29	28	33	31	29	31	29	33	26	27	25	32	32	34	28	28	33	27	32	33	32	26	30	24	32	29	26	30	25	24	26	26	33	30	25	25	29	34	25	27	25	27	29	33	25	32	32	26	26	31	31	24	28	33	31	32	24	26	29	30	31	34	26	27	31	28	29	26	31	32	26	33	28	29	30	26	33	26	31	30	26	26	29	28	33	26	28	26	27	31	28	25	28	29	30	34	31	29	32	30	27	27	26	33	31	30	34	31	31	33	28	33	28
wj																																																																																																																																																																																																																																																																																																																																																																																																																																																																																																																																																																																																																																																																																																																																																																																																																															
65	33	20	94	7	81	97	67	6	41	25	68	64	71	35	99	83	73	64	75	10	19	87	78	6	63	27	51	30	22	56	39	76	10	72	30	44	79	75	37	80	100	65	37	57	89	52	59	11	45	43	31	85	54	93	98	37	92	50	14	40	76	11	79	67	91	37	100	40	29	59	57	64	49	18	81	92	16	31	54	85	77	44	88	89	67	97	98	75	1	34	20	59	85	77	33	37	60	82	34	76	71	34	45	3	100	32	32	10	80	70	60	71	10	62	94	86	83	40	97	96	47	99	35	83	8	79	50	80	28	31	97	78	59	34	18	92	86	52	2	19	47	86	70	32	51	1	31	50	100	9	90	58	91	28	88	68	88	94	31	93	74	58	84	34	78	20	85	12	41	35	52	8	45	91	40	57	17	74	29	99	99	9	82	56	3	23	28	20	36	8	93	19	66	98	37	25	8	73	89	9	30	10	17	25	91	26	38	100	98	58	46	19	60	64	43	89	19	46	9	39	13	55	37	37	38	69	83	59	95	76	48	45	32	43	78	19	78	89	10	81	69	74	13	2	20	36	39	98	48	45	68	66	23	91	37	87	94	93	2	6	95	85	39	34	23	5	78	20	74	12	88	5	83	69	12	19	21	23	96	25	97	83	69	32	91	6	69	69	64	3	35	29	61	12	96	3	100	47	63	34	24	68	17	89	75	97	60	3	71	63	5	13	94	18	20	37	53	39	33	99	73	89	90	56	44	20	30	28	23	32	21	75	67	84	87	88	87	12	74	98	80	33	38	90	20	93	4	37	6	78	15	30	24	96	92	85	59	39	20	6	66	68	32	6	87	99	52	94	52	57	81	95	7	83	58	11	20	95	46	51	57	82	13	5	34	69	50	64	28	71	55	18	59	81	35	85	8	74	38	90	56	9	85	63	55	64	28	61	54	5	42	49	4	10	21	63	17	73	45	67	12	3	94	21	70	23	36	46	20	83	88	56	95	30	48	27	79	73	74	54	76	18	38	60	46	86	69	18	62	52	36	9	50	67	97	91	9	40	26	89	85	96	28	45	12	11	91	97	10	30	27	69	73	62	19	4	1	6	61	30	59	3	40	75	88	90	55	38	97	58	21	63	78	11	62	29	93	95	64	83	65	22	33	17	60	56	93	28	21	22	61	58	99	55	89	87	14	7	49	36	46	5	61	2	48	49	9	87	16	23	80	89	2	68	32	19	40	88	39	28	19	16	51	22	84	79	97	41	59	86	53	5	34	77	45	16	18	60	87	71	73	53	27	36	22	34	37	84	27	14	9	23	86	71	75	97	21	26	78	44	61	7	50	64	88	46	17	58	38	89	92	91	21	53	3	47	78	53	77	64	98	65	45	67	60	32	52	26	45	33	11	78	16	18	9	4	92	73	85	92	15	47	3	62	94	9	69	34	35	66	75	33	46	43	69	98	91	42	92	49	46	66	33	31	56	23	96	59	19	65	84	72	9	14	2	80	89	99	51	13	16	88	39	76	59	79	55	99	40	9	26	54	80	36	11	55	76	80	77	39	86	54	7	83	21	2	56	96	98	5	76	76	8	91	69	15	32	43	88	18	93	40	55	62	87	85	85	66	55	36	51	56	87	89	39	1	71	91	44	92	41	16	74	68	55	53	36	62	50	59	94	55	59	72	28	14	91	44	43	69	25	13	84	38	95	38	62	23	73	44	38	5	7	33	88	46	70	80	62	8	68	47	29	99	8	71	45	73	98	67	12	62	51	9	43	85	27	76	84	29	77	60	13	50	24	25	23	37	97	66	43	42	23	53	78	2	72	31	17
