pij																																																																																																																																																																																																																																																																																																																																																																																																																																																																																																																																																																																																																																																																																																																																																																																																																																																																																																																																																																																																																																							
96	51	84	46	88	26	24	32	40	12	44	84	14	29	53	31	19	19	43	58	68	65	24	76	33	56	52	65	13	98	75	98	81	53	28	38	85	70	74	72	73	73	95	81	60	66	19	91	43	40	63	84	46	84	96	33	65	35	46	92	65	50	55	35	98	50	53	95	33	99	96	64	89	50	92	77	44	52	78	31	56	38	92	81	83	42	34	65	27	55	74	38	36	30	40	14	87	69	56	26	90	21	93	28	58	32	80	25	64	85	76	79	23	38	94	68	27	67	53	52	78	40	35	79	35	63	57	38	74	40	12	17	15	75	75	100	85	30	74	55	31	53	36	96	57	48	67	67	65	92	14	96	82	13	42	28	74	57	59	46	89	61	73	43	68	68	55	78	12	48	37	81	15	69	90	88	70	61	55	42	25	54	60	99	80	12	39	57	83	16	64	16	19	15	62	96	26	27	51	91	55	43	86	51	29	27	45	95	61	77	27	73	80	97	61	74	94	31	20	92	92	78	50	81	20	85	37	94	57	69	58	83	86	80	31	37	18	95	80	84	36	67	58	85	90	69	56	93	67	87	64	62	99	48	70	22	43	30	13	82	83	78	19	73	30	69	35	45	15	30	22	100	67	36	84	35	56	22	77	72	26	16	64	63	49	83	89	73	98	10	32	44	11	62	55	22	15	56	82	30	36	38	14	29	75	72	43	79	68	49	43	21	94	47	43	54	22	84	24	52	17	24	70	99	44	55	92	22	83	83	59	56	72	65	95	64	89	90	49	64	73	36	64	49	44	58	85	78	66	62	20	31	42	72	36	71	66	54	30	87	100	65	52	62	74	58	43	85	58	74	95	81	51	89	94	86	86	82	57	27	43	88	87	53	37	80	83	92	25	26	21	12	27	62	89	91	81	15	31	86	75	72	96	67	16	79	48	79	95	55	97	78	10	40	92	83	28	61	58	51	33	95	51	68	63	46	53	29	93	81	63	75	52	91	99	78	95	29	42	40	77	16	36	33	96	26	62	24	85	66	78	100	24	88	51	73	25	11	36	86	20	49	56	97	98	41	43	96	27	89	47	67	25	79	59	32	79	65	61	30	48	91	20	11	12	36	55	99	26	91	79	27	33	45	59	15	81	51	17	20	19	19	19	89	11	49	33	27	70	67	17	91	35	92	51	97	14	20	55	59	40	86	35	24	17	82	76	22	16	76	56	67	25	80	92	66	53	69	98	80	34	47	78	31	85	45	97	11	90	51	54	97	30	90	92	37	42	75	45	56	60	64	14	42	97	66	35	52	89	83	34	96	98	94	20	32	81	41	89	16	98	36	74	22	90	14	39	28	25	41	78	39	39	74	60	45	98	88	44	26	22	68	50	12	46	38	36	91	25	60	49	23	76	86	30	43	39	69	79	42	32	28	29	67	57	57	77	63	39	38	84	44	79	27	64	20	22	26	60	41	11	73	62	40	24	69	76	35	48	73	82	57	12	66	82	42	37	75	68	71	94	62	53	29	45	17	93	55	54	27	57	36	50	44	58	44	28	14	73	34	94	25	14	57	75	31	46	21	96	74	42	70	43	10	78	27	34	45	60	19	90	79	83	21	94	54	37	82	97	61	51	82	95	28	53	29	73	98	81	24	83	32	95	21	12	73	50	69	44	37	23	65	53	15	55	68	78	83	16	74	61	31	46	19	41	54	94	80	97	99	52	57	98	68	34	72	71	69	50	40	42	97	60	44	24	72	20	89	62	38	96	30	49	33	33	86	67	67	86	20	41	53	35	48	30	41	24	35	31	45	12	74	90	36	95	46	75	98	25	52	64	48	32	87	86	42	43	40	23	52	39	85	40	24	67	82	28	42	26	32	89	13	35	97	64	90	62	20	48	20	62	39	85	48	17	25	79	85	53	56	52	29	48	38	68	63	21	18	98	59	47	31	82	63	28	96	11	34	89	75	26	73	11	80	93	43	28	19	94	62	43	67	39	27	90	93	74	79	94	22	98	71	76	35	77	73	27	88	30	19	83	13	97	87	50	50	85	91	19	39	36	70	91	42	33	100	11	19	88	88	78	31	98	36	86	65	60	19	58	21	62	62	35	26	83	87	86	89	52	53	58	19	35	49	77	32	40	80	12	43	18	85	54	19	65	96	45	62	52	50	23	32	79	64	12	93	63	11	28	39	78	85	26	27	23	60	56	13	54	45	51	61	100	55	23	47	63	73	87	62	87	88	49	97	74	76	81	94	15	11	94	95	44	70	79	84	25	11	54	78
99	60	43	70	30	79	46	62	47	30	74	35	45	58	79	21	65	70	10	73	57	52	64	44	35	32	30	83	44	89	96	29	52	83	100	83	21	91	14	63	80	77	13	59	64	16	25	36	92	68	15	30	21	42	56	26	98	20	80	15	85	38	41	28	59	12	82	42	11	77	64	12	53	81	29	82	60	98	47	24	71	78	85	24	100	27	35	87	79	75	92	10	36	53	79	62	80	77	75	91	36	27	51	81	80	88	97	32	26	90	78	16	51	37	88	23	30	15	40	46	27	23	57	90	74	88	44	59	100	13	99	98	98	39	64	52	92	46	48	51	99	46	43	67	51	39	100	61	52	87	85	42	20	31	24	73	45	87	76	13	25	31	41	79	60	41	75	98	37	72	29	14	42	56	12	93	92	94	11	97	18	22	47	48	41	100	26	83	57	15	32	22	18	76	90	27	24	72	53	59	42	11	87	20	97	91	98	84	14	22	18	66	37	52	50	14	56	45	62	75	84	45	95	32	14	17	16	26	62	54	43	38	74	52	50	33	59	51	88	68	25	94	32	47	28	39	32	37	61	21	21	21	95	25	56	28	43	36	96	29	28	37	54	17	77	50	35	70	80	35	12	31	55	38	70	42	26	26	50	42	16	52	78	90	41	95	72	28	27	68	12	31	21	23	30	70	48	99	50	57	18	100	52	77	58	16	88	50	56	95	21	89	71	15	23	66	69	17	24	26	58	64	70	14	73	74	97	17	53	82	20	44	96	51	78	66	65	94	51	80	89	80	95	52	79	44	95	11	58	76	20	77	20	77	59	49	17	41	63	84	60	97	33	20	14	91	91	94	83	53	59	76	15	82	51	32	43	72	38	76	16	51	78	95	93	39	60	61	24	66	56	50	67	46	54	78	42	84	20	11	52	67	55	73	72	54	19	42	36	53	23	83	32	18	65	35	51	78	39	24	92	51	15	75	41	89	24	15	82	44	15	73	98	69	42	37	25	36	41	53	27	62	42	51	46	36	62	67	10	31	96	75	53	92	93	31	70	69	96	57	74	13	26	21	41	16	63	52	70	43	67	40	26	100	22	40	56	96	13	12	29	22	19	44	64	64	98	15	55	13	20	54	39	40	99	70	69	52	12	44	27	49	56	45	26	83	87	37	89	82	89	74	36	64	45	89	56	89	51	30	64	52	89	27	55	43	97	78	37	12	53	79	22	31	59	78	85	47	81	66	55	77	19	56	33	93	68	41	40	27	33	97	23	54	37	51	13	44	19	50	55	86	37	40	69	76	72	54	81	56	89	15	39	90	76	89	70	19	86	13	43	55	61	30	32	13	83	64	20	99	49	36	92	76	60	55	61	80	22	30	68	74	92	70	22	96	91	16	18	27	30	89	70	43	83	70	52	61	85	59	15	63	43	61	63	17	74	38	19	56	17	68	54	39	19	16	60	13	77	26	66	84	28	60	31	63	16	46	68	98	62	50	34	56	84	60	32	14	43	34	55	98	19	54	36	62	86	34	37	33	84	61	79	28	20	55	89	57	33	82	50	72	86	82	75	41	59	44	95	70	75	47	41	43	98	27	82	81	59	42	96	11	65	29	48	14	81	29	89	81	75	35	24	82	58	68	87	71	50	87	37	14	56	55	58	17	64	19	21	92	51	24	83	72	43	45	21	94	92	16	84	26	17	44	61	40	63	12	46	86	14	69	65	81	43	15	26	70	45	19	34	52	52	42	84	69	29	54	79	60	38	25	74	43	11	84	22	13	26	40	59	91	51	45	60	15	79	63	56	72	90	36	69	92	37	32	19	39	42	26	63	87	41	15	88	75	45	49	11	96	51	62	66	44	98	47	91	95	99	68	24	60	61	74	82	14	30	43	86	18	78	86	98	52	81	19	64	55	62	70	24	58	32	68	32	90	73	47	63	20	81	26	50	44	54	30	17	51	33	32	87	86	60	37	58	13	76	70	91	22	74	99	25	68	71	92	87	59	63	63	92	65	60	80	71	54	27	26	85	19	41	67	86	64	67	17	13	40	23	38	97	52	42	43	51	82	87	96	19	89	55	28	51	40	23	50	68	54	48	41	66	22	16	12	89	11	51	25	52	37	33	29	76	19	94	84	80	48	87	66	13	46	35	27	31	95	59	33	96	69	75	65	59	73	24	20	53	93	54	37	17	87	14	45	34	79	16	91	30	31	37	14	55	26	79	77	55	49	87	55	88	42	41	37	80	71	18	85	87	96	16	75	85	71	39	66	43	15	51	92
62	26	63	98	95	89	30	62	76	24	62	20	50	11	90	82	82	37	59	76	67	29	86	52	69	21	78	25	69	68	71	29	77	72	40	100	31	44	71	73	26	68	84	48	38	99	84	95	43	37	58	85	89	94	98	63	82	54	45	92	59	63	28	78	44	49	63	19	13	90	11	31	79	22	81	31	39	44	38	66	87	66	95	78	66	11	20	69	92	16	52	28	35	58	15	20	21	23	52	72	73	90	51	67	96	88	94	44	51	91	17	71	58	46	13	18	43	56	26	11	24	73	84	95	99	54	40	90	78	18	95	96	86	81	70	55	26	86	34	52	82	15	67	15	63	94	24	28	99	76	80	60	84	25	64	53	52	93	25	51	32	85	27	86	89	43	12	39	84	61	62	57	33	54	66	34	30	58	84	27	11	69	48	95	69	90	97	95	67	62	30	73	18	43	44	17	24	59	93	47	66	80	82	97	69	59	21	42	87	13	97	55	60	79	40	37	48	93	98	45	46	74	62	81	16	99	39	83	33	34	68	25	99	100	40	19	60	63	93	69	11	34	14	43	21	70	77	65	91	69	25	86	98	19	92	21	95	90	34	63	49	36	50	15	57	34	56	71	84	70	12	84	87	43	17	53	85	19	62	85	59	37	23	17	93	49	11	15	17	38	91	20	16	12	100	47	61	38	25	30	57	58	55	13	20	84	52	17	34	21	42	63	59	34	35	39	55	15	74	64	90	69	98	58	42	92	65	13	15	61	15	62	59	86	42	66	28	94	60	32	33	26	34	80	65	42	57	96	68	56	45	87	43	81	82	60	78	72	15	90	60	32	88	85	83	29	47	61	100	96	40	14	59	42	25	10	48	72	81	27	92	100	18	44	11	69	13	45	31	38	72	94	30	60	39	51	87	96	22	25	26	20	48	30	31	50	97	40	93	30	63	29	79	68	73	44	47	38	23	37	90	58	84	38	37	35	15	32	93	74	15	83	42	77	13	86	74	84	53	50	94	28	28	41	12	75	77	86	14	36	83	63	61	89	94	43	99	49	27	19	23	39	65	52	48	54	50	12	35	94	17	10	64	43	93	85	90	66	12	44	90	29	14	67	81	32	60	60	90	12	28	15	63	17	70	11	33	96	78	69	39	73	33	45	33	100	33	63	31	85	17	78	61	74	41	20	82	95	43	21	97	64	23	99	60	35	37	74	82	44	24	26	74	78	15	65	60	85	72	62	98	26	85	64	79	46	88	85	78	69	58	70	33	88	46	75	93	97	74	38	82	88	43	20	52	25	95	28	32	99	40	75	93	88	28	62	18	71	57	92	84	62	77	35	18	71	91	57	45	39	48	26	65	45	82	17	27	32	70	98	32	22	83	58	55	74	19	66	30	47	13	39	15	95	83	79	62	28	13	36	78	65	91	65	77	64	59	40	68	90	56	22	51	52	91	91	54	79	88	64	51	47	63	35	68	93	40	85	50	64	43	96	83	54	73	30	47	31	17	72	99	50	73	13	73	96	49	19	27	18	96	20	87	22	70	73	43	18	65	80	43	90	66	72	73	32	61	50	87	12	46	33	33	49	67	77	56	40	57	86	68	12	36	68	96	18	93	28	94	21	89	17	65	87	17	44	24	47	16	14	96	55	15	47	62	67	64	51	59	34	55	25	90	41	14	22	10	33	72	15	41	76	65	78	50	56	75	57	92	87	54	38	13	10	57	67	53	73	50	22	46	90	21	62	59	21	72	62	63	42	42	60	46	15	86	83	20	42	35	42	60	56	70	65	24	92	85	77	12	70	52	68	13	29	85	82	100	67	44	23	55	28	89	72	28	95	19	44	82	20	23	33	57	43	99	89	74	12	79	75	34	74	36	80	97	55	57	52	46	32	54	29	30	85	55	74	45	74	65	17	14	58	41	93	75	19	44	93	14	21	43	16	79	41	68	77	12	74	56	94	30	73	17	13	78	84	46	40	35	30	55	28	84	64	12	31	68	12	56	67	91	93	13	98	51	11	84	56	45	17	20	79	90	27	75	90	86	84	91	17	17	84	68	18	64	61	40	29	37	43	20	74	48	65	80	21	27	27	12	53	66	73	16	13	65	34	18	30	37	84	76	82	76	13	98	47	94	99	16	94	50	89	15	40	43	30	94	31	20	34	44	88	56	16	73	13	71	17	27	81	97	78	81	58	58	83	56	58	87	33	48	11	42	12	92	42	69	58	27	29	35	51	80	29	46	25	87	99	71	54	63	50	22	86	94	94	23	24	66	21
92	56	51	62	65	71	67	49	70	96	22	53	57	87	78	41	94	82	35	49	19	83	64	38	64	18	80	80	23	36	23	36	85	41	43	93	57	28	31	85	51	59	21	55	25	96	20	44	61	29	92	25	45	73	97	12	53	31	82	50	86	13	41	40	28	87	14	63	58	96	59	71	20	76	91	75	59	82	69	12	60	89	36	35	49	18	82	73	53	22	39	88	18	85	42	92	40	13	49	68	98	98	42	95	18	27	11	95	50	46	31	27	19	26	32	20	83	24	48	26	15	65	22	42	45	13	78	50	100	55	32	41	24	73	80	91	34	67	56	19	46	73	73	67	55	72	34	70	20	59	82	37	80	52	75	65	86	35	15	76	41	27	22	23	77	44	73	82	59	92	67	88	20	24	39	52	42	29	40	36	84	89	34	53	74	25	34	14	93	30	60	59	48	19	66	34	75	62	57	20	56	43	60	37	57	46	80	37	70	77	83	62	67	63	46	71	12	21	49	64	86	57	86	90	57	79	32	25	72	56	98	22	99	81	34	51	66	81	21	31	96	67	15	64	76	39	92	73	93	49	41	26	19	22	65	96	72	15	11	81	21	79	33	28	32	14	29	54	86	83	77	27	71	48	35	99	15	36	36	74	67	44	89	26	17	54	93	37	62	41	46	20	29	62	94	72	99	20	20	67	19	30	80	86	21	62	96	58	63	92	55	65	82	85	31	95	25	44	80	90	57	18	91	23	19	13	99	19	81	84	53	16	30	56	66	64	25	99	37	78	27	62	84	75	85	93	55	79	34	98	93	13	75	68	95	42	40	18	26	58	68	24	53	77	93	77	100	93	54	13	97	19	73	86	23	50	42	21	21	71	34	26	98	11	44	40	71	60	88	94	32	21	47	63	33	42	100	75	75	98	18	73	54	84	63	24	14	33	26	45	61	87	11	17	30	85	42	45	34	94	62	19	85	27	67	17	71	96	12	97	74	25	81	52	84	20	38	92	54	61	70	29	34	80	80	71	30	81	85	50	96	41	71	49	44	51	56	46	87	94	95	30	18	17	32	18	83	60	95	57	67	88	93	97	58	20	81	71	52	72	43	54	49	43	57	88	31	92	97	33	40	67	53	61	21	68	91	62	13	41	64	95	55	39	55	88	13	29	84	66	98	49	39	94	85	75	71	55	93	28	97	72	36	68	15	60	83	94	17	51	16	33	69	79	28	36	95	82	99	23	37	75	13	34	20	82	59	37	53	61	23	65	57	31	81	37	64	17	42	98	72	41	47	85	39	27	80	86	100	65	35	95	85	25	57	21	48	91	90	54	22	35	98	15	70	72	86	37	48	48	79	76	28	14	34	13	30	68	87	80	41	57	71	62	72	69	77	14	76	94	44	61	50	69	81	17	22	66	48	53	98	91	70	56	18	59	48	53	49	98	89	31	24	89	40	47	56	91	61	16	28	62	90	79	40	32	64	86	67	29	67	45	63	85	49	17	62	13	17	12	31	96	50	24	24	75	91	62	97	25	24	55	36	62	19	82	94	73	90	25	34	96	50	78	18	16	78	82	78	53	41	28	64	64	27	13	51	97	96	36	58	31	42	94	64	16	30	65	16	29	49	41	21	86	83	71	68	18	17	45	77	84	71	73	92	43	86	93	42	99	71	22	33	45	99	15	27	61	78	75	37	62	10	19	59	49	90	18	79	91	41	75	69	39	16	32	91	87	41	68	50	96	80	54	34	73	40	34	76	31	34	72	81	34	20	20	51	80	78	36	40	55	85	19	78	95	51	96	55	39	41	49	27	100	26	44	94	19	26	68	63	95	100	15	35	57	54	52	58	44	31	20	96	55	53	69	63	64	41	43	99	16	86	85	12	38	56	54	24	53	30	94	49	30	17	40	29	35	92	75	97	32	22	74	38	34	19	43	99	20	71	44	81	94	54	86	54	62	20	17	48	14	61	80	73	33	49	92	93	32	49	41	79	33	16	98	87	88	94	38	51	83	86	77	73	53	99	93	78	41	25	33	29	85	13	98	32	67	77	89	13	78	66	44	57	55	100	68	50	82	67	76	74	35	45	38	28	82	67	28	99	51	84	38	25	88	95	46	63	21	54	90	97	95	66	14	75	80	63	13	79	33	20	51	29	100	11	81	34	34	80	86	57	87	84	38	17	17	86	89	19	30	20	38	57	74	95	92	83	85	50	60	49	11	84	77	90	69	50	18	63	41	46	15	59	24	38	65	31	31	49	89	77	73	59	51	26	83	30	57
43	51	82	38	46	74	14	99	56	92	36	40	61	76	91	14	60	81	36	88	41	29	33	41	48	19	63	45	77	75	47	70	21	96	65	70	10	61	45	72	70	79	71	51	87	77	22	93	62	75	75	19	93	87	30	59	49	27	21	52	96	72	88	12	42	36	79	44	53	72	99	37	71	77	50	62	74	70	13	60	28	36	67	100	57	48	41	96	51	44	76	37	81	76	73	59	28	83	94	47	43	40	58	23	68	54	27	57	61	47	45	15	65	60	56	35	14	25	11	47	64	12	46	13	96	90	11	49	10	73	37	40	26	31	39	47	55	47	45	20	11	69	88	29	73	46	57	93	65	79	13	36	10	54	70	80	63	24	76	88	64	29	37	76	27	28	54	65	11	61	38	38	36	71	34	78	44	52	38	46	38	53	76	61	53	47	63	26	93	46	100	44	46	32	30	20	40	63	18	66	52	51	34	35	21	73	72	18	91	32	83	63	88	52	97	65	83	93	78	15	60	78	54	96	84	80	81	77	61	85	51	38	91	46	44	47	13	18	29	89	26	31	26	82	60	41	70	22	89	56	50	68	18	32	32	32	50	44	57	19	66	62	28	60	77	57	28	79	79	99	80	29	42	85	51	24	30	76	27	54	36	16	70	94	11	28	58	97	27	81	58	27	46	43	20	77	62	37	31	59	48	26	74	77	75	38	68	48	15	63	10	62	73	80	33	54	33	74	76	42	15	47	49	20	58	89	13	71	73	24	52	53	44	99	51	96	35	23	44	73	73	51	12	90	66	30	46	32	46	32	42	42	96	55	26	62	77	46	28	97	11	86	34	90	46	44	35	24	63	50	77	96	18	56	64	91	95	83	98	17	53	41	34	59	62	41	15	79	72	65	37	92	24	34	56	85	71	18	12	61	98	61	82	17	64	74	23	77	24	18	30	49	33	16	82	27	54	55	13	19	61	13	72	98	94	68	65	24	96	17	93	16	23	66	51	81	54	24	46	78	75	75	69	74	94	73	78	52	87	28	99	76	31	59	46	63	27	52	34	69	48	79	18	85	47	72	26	53	40	26	23	86	18	49	22	25	24	30	88	90	85	97	83	73	65	94	14	62	95	92	53	69	37	61	78	89	25	47	57	41	36	18	75	61	36	38	93	68	49	32	34	59	34	57	40	50	68	42	37	51	96	57	69	47	62	91	16	78	73	46	85	44	94	78	17	99	93	56	95	46	70	45	20	11	16	29	10	48	95	91	85	74	20	59	66	52	89	88	54	53	46	36	41	71	33	37	51	66	52	18	96	71	41	58	46	53	65	40	31	19	58	80	50	61	50	50	49	97	72	37	57	86	58	59	15	80	71	18	59	49	20	37	23	37	75	56	27	89	60	74	56	91	72	72	37	76	71	86	39	60	20	42	54	31	69	32	47	37	83	31	23	47	58	38	40	11	88	74	43	60	34	31	45	56	19	99	31	87	85	25	55	62	65	82	28	29	17	69	34	35	14	96	60	46	67	14	48	51	80	94	43	61	58	86	71	54	90	86	17	67	53	56	83	67	68	32	24	67	26	15	79	95	51	68	17	85	58	39	13	95	16	24	42	33	60	71	51	58	21	99	73	89	90	39	90	94	28	28	54	89	82	93	13	77	97	98	17	22	79	24	48	79	61	14	44	24	61	76	10	52	22	11	90	97	61	38	11	76	98	74	18	81	51	21	63	30	18	16	60	80	29	34	72	25	94	70	16	61	63	27	28	81	40	60	14	88	30	51	13	87	75	28	37	36	32	43	97	18	94	75	52	31	12	20	86	94	61	56	93	66	82	71	63	91	65	43	30	42	47	37	42	46	93	35	79	81	83	71	21	50	79	21	52	71	73	97	48	59	48	26	71	41	60	26	12	57	73	42	77	59	25	41	35	24	48	50	38	75	38	14	28	71	57	45	53	44	70	90	98	97	29	45	46	46	76	57	90	84	84	66	27	95	84	89	78	72	78	60	61	77	37	91	18	82	14	11	19	89	90	15	23	62	74	14	33	38	66	32	27	59	90	38	16	31	37	79	24	26	31	52	94	37	81	46	86	47	53	13	30	49	45	28	100	24	33	73	67	56	14	31	96	65	23	30	19	77	22	56	20	94	61	50	21	56	94	34	41	36	59	25	61	98	68	11	59	73	21	69	27	82	64	31	41	100	72	46	68	80	76	71	34	46	65	12	56	78	82	60	26	46	21	62	60	11	40	84	41	69	52	34	66	48	67	31	82	34	64	47	82	70
16	82	95	32	26	48	98	54	47	26	87	85	22	61	56	23	66	31	76	77	89	55	71	63	15	12	27	75	74	21	89	23	97	38	30	77	55	31	67	32	87	55	87	51	25	10	79	10	42	12	33	36	66	44	25	96	64	15	43	28	99	42	49	42	41	47	38	72	44	39	84	29	53	33	71	12	47	66	66	20	13	52	58	57	34	95	14	16	33	60	41	69	86	99	54	82	95	56	20	45	95	49	31	78	95	86	10	56	47	49	65	14	52	62	36	12	42	81	57	74	87	43	71	43	32	12	69	90	75	49	63	17	64	16	85	60	75	33	19	35	92	74	80	65	84	90	60	72	59	68	23	78	57	71	61	39	74	51	37	49	39	96	72	31	47	20	35	86	93	44	20	87	96	71	95	61	54	58	72	72	11	91	54	94	84	84	87	44	24	79	20	79	11	13	82	79	22	60	80	29	85	57	51	58	32	41	63	80	41	36	48	74	30	66	50	59	65	45	70	64	75	99	17	17	70	81	56	84	43	54	27	82	54	51	28	14	79	14	13	20	91	47	39	92	89	47	66	62	37	100	14	16	57	23	14	56	99	32	93	32	10	56	85	98	80	21	68	63	26	74	38	22	35	32	78	55	39	36	68	48	25	16	19	40	78	59	28	23	36	90	79	81	16	80	22	23	94	34	19	94	68	76	77	46	75	75	46	21	65	82	57	84	43	97	91	17	97	44	54	33	88	58	55	16	66	92	46	80	77	31	85	29	25	97	91	89	56	38	77	40	88	38	51	38	64	68	29	79	69	82	97	31	13	25	19	39	38	27	59	87	93	60	49	46	90	86	98	70	63	29	68	49	19	42	92	13	54	90	31	52	98	100	31	24	39	26	49	80	27	30	50	60	15	92	11	88	92	70	30	74	66	83	99	57	99	31	21	48	39	62	42	85	61	17	60	55	64	15	32	15	37	56	20	33	98	47	12	28	98	91	69	52	28	87	53	64	42	49	56	72	80	48	96	69	68	39	39	65	33	99	11	19	54	91	47	96	87	58	34	19	40	87	33	30	46	36	52	90	36	55	39	89	93	58	73	49	89	97	93	16	96	89	59	15	80	28	74	45	100	80	51	80	49	60	82	28	26	37	74	23	96	38	50	55	48	95	94	72	97	91	27	31	89	93	100	47	37	71	83	65	56	44	38	20	21	86	25	20	44	76	12	97	90	76	88	19	59	40	49	73	65	95	24	54	34	43	43	16	33	16	60	89	62	29	68	99	24	43	22	49	92	39	88	29	17	50	11	77	66	79	68	93	21	20	73	50	23	12	22	33	80	53	68	20	89	63	48	78	22	30	91	59	31	30	75	21	67	65	73	30	59	65	17	60	93	38	17	54	86	19	46	70	87	56	96	39	59	84	93	49	20	53	47	38	25	46	42	65	24	82	94	62	28	64	62	91	89	11	81	69	94	53	19	66	30	66	48	97	16	87	38	21	92	71	84	70	23	50	64	87	16	94	33	73	11	88	19	34	14	46	53	22	14	70	70	99	66	23	89	63	31	11	70	34	95	39	76	74	31	54	21	91	85	59	82	21	77	81	19	69	88	38	83	20	57	64	20	39	49	21	60	50	34	82	33	24	58	16	97	73	72	56	95	55	62	74	19	71	87	31	14	60	26	48	68	84	41	70	18	72	22	21	28	35	21	34	90	71	71	86	29	52	65	78	14	94	61	37	44	13	36	70	29	31	34	37	72	52	46	66	61	80	64	37	71	69	45	25	16	99	55	42	65	33	32	56	48	80	74	17	55	12	98	38	87	42	39	19	90	73	17	66	29	53	19	77	38	50	81	27	47	20	74	87	78	98	12	47	29	76	32	24	57	62	32	83	50	11	58	91	80	64	56	53	27	75	38	76	62	71	13	63	57	34	34	57	65	51	100	17	85	26	50	16	36	51	59	70	76	100	57	56	45	55	44	95	50	33	48	19	57	72	97	21	30	96	26	34	36	38	70	80	54	98	94	78	21	74	48	87	69	29	68	91	55	43	32	84	42	74	18	87	44	32	34	18	85	38	55	66	78	23	35	87	11	59	35	99	31	55	96	44	24	43	53	75	38	19	98	34	14	55	12	50	56	14	55	75	27	61	73	49	88	37	43	93	65	21	96	96	40	33	91	38	31	35	85	100	63	11	61	67	36	53	54	41	55	14	26	63	48	68	44	85	89	55	20	83	98	26	64	10	68	80	20	37	70	93	19	70	98	91	91	92	84	41	43	89	49	22
62	45	52	58	67	31	35	73	72	42	30	52	25	14	28	15	14	16	55	66	37	63	81	33	24	39	73	29	20	71	29	77	95	64	43	31	31	36	43	91	30	33	99	88	91	52	67	99	75	28	95	64	41	81	32	99	36	97	90	39	59	40	87	23	10	40	90	16	60	99	43	13	28	61	86	68	41	62	24	95	65	36	26	90	33	25	22	58	14	63	62	65	50	72	86	100	74	49	19	93	65	82	79	70	89	25	24	68	23	95	70	87	93	26	71	54	55	82	78	48	54	55	28	90	13	40	24	70	91	19	59	86	72	82	76	54	38	44	27	80	84	26	58	76	54	79	91	64	64	85	96	74	84	89	56	26	18	12	49	70	59	41	79	80	53	69	38	28	61	75	72	85	98	79	97	85	24	94	17	29	100	14	51	75	49	55	37	27	81	67	86	76	11	21	46	53	76	64	36	17	98	97	17	35	23	31	12	49	98	54	37	41	82	92	10	98	46	67	81	21	89	100	12	85	41	10	16	41	25	24	23	12	86	76	30	32	16	76	35	56	90	92	45	75	19	94	58	40	22	33	85	94	81	53	11	20	67	40	98	51	32	55	37	23	80	18	68	87	19	28	82	64	58	16	62	19	85	20	78	81	60	10	88	75	63	25	35	100	69	100	57	71	46	36	13	27	60	15	22	45	34	48	68	37	20	32	45	23	54	72	54	83	84	67	37	60	53	77	88	63	78	52	54	67	43	60	46	100	49	28	84	31	55	43	84	47	55	78	85	63	69	34	35	14	59	34	78	19	82	61	49	62	98	90	36	98	48	78	43	57	46	70	55	74	47	83	95	93	86	64	54	60	14	11	72	95	47	47	83	85	90	16	97	11	33	48	36	54	55	10	31	38	54	71	72	63	45	17	94	24	50	59	58	58	74	10	48	20	61	35	15	75	74	85	67	74	39	94	58	31	43	92	32	34	12	21	72	74	52	28	57	65	12	70	29	13	100	51	92	66	66	59	14	28	51	13	49	31	88	32	41	66	23	23	63	67	59	26	20	36	25	27	50	40	12	36	49	81	60	22	47	88	91	82	81	64	13	12	92	83	70	68	52	39	56	44	35	42	47	59	88	98	71	67	36	19	31	44	63	63	53	32	30	45	54	73	80	58	39	13	97	97	64	65	42	11	14	17	94	66	15	62	86	74	28	51	92	89	15	92	68	38	13	57	13	52	82	68	78	70	14	67	74	28	59	11	18	76	95	99	92	19	38	85	11	26	54	35	40	41	72	38	60	74	76	79	86	52	57	41	80	73	30	66	82	74	20	88	76	16	24	50	82	57	32	36	100	72	82	29	97	67	97	17	86	96	50	57	78	46	37	11	20	23	17	83	48	58	23	96	90	26	62	64	38	24	20	99	74	26	50	69	23	88	87	67	58	16	13	85	15	75	26	71	90	55	29	42	48	40	58	27	98	64	51	37	23	97	37	44	14	80	76	91	43	57	67	17	65	98	56	88	85	52	47	64	72	62	22	47	29	64	68	91	63	98	32	39	73	88	40	52	22	80	99	48	77	27	88	90	69	25	56	77	52	93	99	12	42	36	52	36	89	46	32	91	43	44	64	87	69	29	11	96	71	58	76	63	22	98	57	29	17	73	94	62	11	27	63	79	82	58	67	63	93	48	59	49	56	80	37	57	58	87	37	39	48	95	73	14	55	47	70	40	59	54	51	38	14	97	72	85	82	83	11	21	92	27	24	99	49	97	49	93	26	24	25	24	46	85	42	83	12	95	79	19	14	79	25	30	69	65	53	44	31	33	96	10	13	60	61	48	51	17	85	59	88	50	36	38	96	90	75	21	58	97	61	30	12	85	48	72	54	42	11	99	93	50	31	18	17	40	53	70	55	88	64	19	56	87	77	79	96	20	29	70	97	43	48	96	50	67	63	34	39	21	27	65	26	33	70	94	31	25	59	36	82	16	62	24	71	78	58	56	36	45	60	48	83	77	17	78	78	93	56	82	61	56	67	21	70	78	21	29	64	39	77	81	27	72	96	33	76	86	23	39	99	23	26	56	32	72	88	30	67	77	65	23	66	35	63	19	23	41	26	91	71	81	86	63	49	23	52	16	29	34	58	24	35	54	66	97	66	59	83	47	12	60	50	46	81	25	97	91	81	83	87	86	98	77	71	18	32	53	85	39	98	35	36	92	43	76	29	70	83	50	15	13	23	92	11	72	23	41	49	81	36	50	76	59	97	47	49	80	95	65	66	45	56	67
69	43	71	65	89	39	47	63	51	47	24	92	70	29	87	83	53	42	79	72	51	92	38	31	23	38	72	29	26	18	45	96	42	54	87	68	74	12	11	52	19	99	71	53	41	29	19	21	68	51	49	24	24	75	74	56	66	34	32	62	77	12	65	24	53	60	17	43	45	28	39	92	48	25	26	96	53	88	21	20	83	45	87	89	31	28	60	56	52	35	17	93	70	16	30	10	94	14	43	79	77	25	71	57	88	11	88	77	43	79	44	77	32	74	78	46	70	61	78	67	62	38	95	72	98	19	58	40	87	97	24	29	72	67	23	48	27	27	33	91	84	31	24	77	10	90	25	20	73	81	88	45	50	74	54	91	51	20	79	47	32	55	43	35	54	62	59	13	40	94	85	46	59	16	48	22	12	68	32	100	11	47	61	61	98	57	31	25	43	66	19	36	33	50	97	91	56	96	97	15	46	80	87	87	64	92	53	47	86	28	22	37	99	41	13	96	89	70	52	82	49	11	47	53	76	99	59	41	51	86	42	68	52	58	49	72	62	99	89	52	16	55	71	69	33	30	64	22	58	17	84	98	62	85	53	15	88	56	28	94	70	38	71	92	20	78	66	39	16	96	16	93	49	69	29	13	73	24	16	47	20	20	15	53	24	94	79	24	29	72	92	30	41	88	60	22	88	96	94	18	66	93	14	16	51	99	62	42	22	49	68	77	62	78	52	62	77	51	39	40	52	34	65	85	43	95	70	11	75	59	76	21	73	64	45	13	44	46	12	29	28	12	15	51	15	89	47	95	41	47	94	87	66	88	31	86	41	32	72	41	17	15	69	44	39	96	53	52	62	81	63	53	40	49	87	93	84	12	12	29	64	20	81	69	76	85	65	99	57	81	35	77	31	23	49	63	17	87	38	26	25	14	99	59	17	54	59	70	45	55	89	68	35	99	97	29	61	88	54	80	32	50	57	27	32	72	20	13	74	24	79	74	52	74	86	82	37	85	14	80	86	20	85	43	79	76	45	45	56	64	69	80	96	41	37	94	88	65	47	84	63	93	50	11	85	82	31	88	46	68	26	89	63	83	84	92	14	22	17	38	42	90	15	20	53	58	83	52	21	12	97	59	28	19	95	52	75	27	77	68	60	46	15	38	23	87	83	44	38	44	69	77	80	91	11	25	50	50	96	16	98	59	52	26	43	29	78	59	15	88	94	91	66	38	20	86	18	43	83	20	18	67	26	20	90	90	86	73	38	94	42	45	80	65	82	41	29	67	36	12	74	71	63	36	41	21	17	65	90	30	47	34	34	84	35	83	99	15	93	70	61	14	72	27	84	98	21	42	48	13	32	20	51	84	97	74	68	56	51	39	89	18	19	33	43	100	44	99	100	20	15	12	43	46	58	93	15	54	82	44	26	91	45	30	92	91	72	91	27	62	12	38	22	48	51	41	84	47	99	30	25	46	36	97	53	21	88	84	81	60	90	72	77	24	31	19	31	80	68	96	36	81	12	26	79	19	45	56	72	84	14	14	65	42	89	46	17	34	18	10	40	21	48	84	19	71	57	38	25	94	67	82	65	10	69	24	65	53	58	15	37	97	21	21	76	26	69	45	84	92	41	35	82	12	26	54	59	86	61	89	88	32	34	30	65	78	15	19	39	40	14	64	28	26	24	40	94	79	21	25	20	76	94	42	57	95	74	78	90	51	77	70	85	15	11	11	51	91	50	26	96	10	33	84	23	12	28	36	22	74	14	70	86	27	77	11	91	29	63	45	89	59	93	78	38	64	17	86	29	15	75	95	17	92	54	57	92	24	70	63	38	31	20	41	23	75	20	98	91	96	55	76	51	84	22	90	66	17	97	58	94	42	62	11	38	83	82	31	69	53	48	20	60	43	26	55	72	78	26	73	34	96	40	23	69	28	15	24	13	12	65	51	25	94	62	60	46	63	88	57	11	85	71	84	93	37	80	89	78	52	73	23	30	86	84	17	20	36	94	99	97	79	49	38	91	66	54	32	20	56	90	53	51	45	79	72	65	43	42	58	36	27	30	76	37	12	69	59	17	89	83	64	56	45	93	49	40	81	99	72	16	72	92	16	93	50	83	61	67	12	70	29	15	24	82	60	17	50	53	96	22	61	79	67	12	45	56	16	65	55	67	78	71	79	54	79	15	29	84	89	80	99	18	96	76	91	92	29	71	14	25	27	37	30	68	97	59	90	24	86	56	77	61	91	68	54	35	47	80	67	18	83	98	71	79	25	59	63	90	95
21	96	54	34	37	29	13	26	97	76	89	11	41	97	45	17	72	61	73	21	56	63	40	21	66	80	52	13	98	84	22	40	98	47	67	19	42	69	42	95	72	79	13	89	67	21	19	61	66	10	28	25	84	29	70	99	89	96	34	76	80	47	53	25	98	56	66	43	38	39	55	34	30	18	93	68	66	45	17	64	32	97	55	38	71	90	62	100	51	37	13	49	99	82	10	47	32	11	39	41	62	83	47	97	29	37	69	42	20	24	20	97	42	89	73	24	42	56	91	21	47	58	56	54	13	41	50	77	98	30	21	42	18	62	72	36	11	36	25	18	41	12	65	35	67	33	41	87	90	49	94	69	65	89	72	28	59	56	56	25	35	89	93	84	21	80	50	80	80	90	100	24	97	100	75	61	37	30	12	91	91	51	85	82	79	12	15	56	96	59	75	83	65	66	75	48	96	53	78	56	68	71	97	45	18	58	91	68	79	85	13	16	81	56	15	76	88	89	20	97	44	68	32	25	33	34	83	76	92	50	42	86	73	30	86	79	72	96	99	58	12	24	75	89	95	38	74	40	37	83	44	50	92	35	20	56	15	39	13	19	70	43	89	63	26	84	36	28	70	96	44	81	48	88	35	71	16	93	54	27	89	90	81	57	90	77	13	32	54	25	61	91	58	79	78	62	73	36	97	50	66	94	49	40	40	41	10	69	34	53	22	77	23	37	98	40	69	58	61	53	40	76	88	45	51	78	66	10	43	58	21	95	97	86	47	43	99	12	35	80	93	79	20	85	18	48	91	13	93	97	56	97	42	39	15	60	80	41	75	15	57	52	90	93	95	61	30	73	20	30	50	48	17	56	47	11	84	93	49	62	16	50	81	93	91	96	52	48	75	90	17	33	79	69	67	24	25	84	35	20	31	81	13	47	45	57	45	69	73	50	49	76	82	60	27	12	42	87	36	45	56	76	99	78	17	78	83	80	31	45	69	28	85	85	90	24	90	43	31	40	90	55	37	87	44	96	17	80	89	57	79	47	94	33	95	90	16	97	78	73	45	71	95	79	60	98	100	60	60	24	55	71	86	56	22	18	96	82	74	73	30	67	61	69	63	30	38	66	72	99	85	52	44	39	84	76	68	10	81	97	75	50	81	77	28	30	81	66	36	74	21	89	84	34	30	29	89	52	36	54	98	99	46	11	86	71	52	11	46	33	54	48	45	95	29	13	70	100	30	23	58	72	93	74	61	20	54	83	15	89	20	38	76	16	36	90	28	73	53	93	53	15	40	83	62	29	53	18	64	48	76	96	88	81	11	37	19	21	47	23	38	95	91	43	74	49	29	31	31	11	98	83	83	14	71	39	74	24	97	80	25	16	88	63	80	58	38	57	80	35	18	84	41	32	63	78	32	11	81	48	26	52	36	92	43	58	97	63	63	90	20	48	63	31	37	12	63	68	87	83	90	79	15	42	89	30	69	66	77	95	18	74	17	16	94	41	66	57	63	95	73	92	25	18	31	72	58	31	18	59	43	44	73	99	13	76	30	39	86	93	80	15	36	14	30	15	24	60	18	90	14	79	58	41	63	98	57	28	57	75	35	28	90	64	85	48	48	56	19	93	79	88	25	19	31	50	31	27	28	22	16	44	100	37	29	51	12	46	77	16	77	80	50	50	91	99	32	50	73	97	39	68	21	88	96	15	72	79	43	42	79	72	11	55	75	60	64	33	45	30	64	40	82	44	99	65	12	48	49	33	20	80	88	71	94	62	36	91	61	68	46	78	24	23	67	96	88	24	85	47	95	94	90	19	13	86	99	67	15	22	86	32	58	88	83	33	91	77	33	91	89	34	13	81	73	82	45	22	67	66	43	77	93	88	88	79	26	21	47	72	73	28	37	100	70	73	99	52	64	61	76	59	21	98	29	27	16	52	54	76	19	16	56	98	80	50	33	26	11	89	85	82	63	76	70	18	60	39	77	81	27	66	75	15	52	95	60	49	25	25	50	97	19	90	73	18	86	59	21	33	68	76	62	95	65	51	39	74	39	91	80	50	91	74	74	21	70	44	73	51	54	29	28	96	98	41	77	42	11	85	36	34	38	80	36	99	61	69	50	34	79	92	72	97	12	69	38	46	89	87	97	22	52	66	35	30	58	64	55	61	84	29	27	57	11	99	33	61	37	80	81	84	88	75	82	53	39	76	47	52	97	49	72	79	24	64	53	78	38	99	45	11	69	65	71	25	21	46	50	20	71	81	15	16	27	87	85	95	68	31
88	49	98	70	84	63	86	55	97	94	79	27	62	82	64	87	99	99	58	24	99	35	40	59	88	38	60	84	74	96	44	14	17	96	94	74	29	66	64	48	58	54	97	23	95	67	14	26	98	37	75	82	25	40	31	76	59	90	22	49	51	29	93	40	41	50	88	77	40	97	74	83	56	20	21	91	75	30	45	44	58	63	18	92	64	94	32	61	98	49	97	71	28	31	59	34	97	16	64	68	69	93	39	14	37	22	11	79	14	34	83	99	57	53	72	20	76	78	73	80	25	37	91	87	60	98	54	15	39	26	42	51	27	75	55	54	88	44	97	33	68	95	76	11	95	91	29	12	41	59	56	68	45	53	72	92	44	48	13	34	21	83	39	51	65	47	83	89	86	60	75	60	36	67	19	20	82	60	26	80	12	80	73	55	16	44	95	45	85	28	52	66	95	67	49	81	88	13	59	66	20	81	51	58	41	82	31	46	26	18	10	99	50	55	96	49	13	83	85	31	83	45	85	14	83	62	24	57	44	43	39	70	38	42	84	81	85	56	51	89	16	19	21	82	29	20	13	79	35	91	23	43	56	93	60	95	22	26	15	40	33	43	40	95	98	30	14	88	44	21	87	76	99	98	72	76	87	61	59	51	12	52	82	74	29	83	26	50	17	24	52	71	30	49	47	46	47	31	19	18	52	99	56	21	45	84	96	96	44	64	68	53	47	60	87	88	46	31	31	14	69	17	51	41	57	53	87	53	28	84	79	72	46	63	91	17	81	56	46	39	39	44	96	94	61	27	86	35	72	46	24	34	58	69	88	30	19	36	46	77	81	76	66	54	93	90	24	32	84	31	39	99	31	64	38	24	88	39	31	90	36	11	42	43	50	31	59	30	52	70	45	14	87	98	83	55	44	24	89	96	55	95	35	90	45	56	90	94	37	67	86	83	73	87	42	63	47	21	14	29	85	28	65	71	58	30	93	80	33	28	90	96	16	80	23	19	30	87	35	19	80	45	71	62	74	31	30	80	19	28	47	77	45	60	28	73	37	84	31	17	55	25	78	58	19	21	81	42	83	50	49	15	37	32	85	45	71	92	57	61	71	47	93	70	47	16	11	62	72	59	17	44	16	74	26	34	46	84	18	12	31	23	12	39	51	26	69	100	41	21	38	55	78	91	37	32	33	23	58	50	85	60	19	12	51	47	93	27	63	32	66	82	14	58	98	14	59	28	65	16	86	49	33	57	53	99	50	26	74	93	35	92	11	99	68	90	38	12	40	65	26	69	44	72	67	14	13	95	37	91	88	26	85	60	13	35	91	16	30	30	72	78	78	82	25	72	37	51	100	33	92	50	92	88	26	77	31	78	85	69	23	77	42	93	62	16	73	28	42	89	82	72	74	97	93	65	90	94	27	95	28	62	10	38	90	33	27	38	16	45	14	75	73	28	26	31	26	47	83	98	73	99	51	82	47	80	67	49	72	83	12	70	83	66	26	27	73	41	83	51	18	79	25	40	47	62	45	59	78	88	81	30	30	12	73	46	80	48	93	33	42	81	20	18	10	72	42	70	13	44	81	13	84	24	23	36	40	91	43	40	42	30	28	77	58	83	45	56	95	27	61	53	19	89	55	85	55	45	62	60	38	59	98	78	72	66	78	73	38	95	51	72	17	47	11	15	44	75	31	98	74	26	22	47	87	87	46	56	93	19	17	96	96	62	63	14	55	19	100	54	11	92	89	28	59	98	64	35	97	39	47	67	35	33	87	58	24	26	63	89	23	15	83	12	60	79	87	53	55	54	13	62	79	17	16	53	24	81	77	66	60	85	22	31	35	28	40	46	54	73	47	16	81	87	72	75	38	70	71	97	30	41	39	93	48	58	25	78	39	96	56	28	90	68	20	12	63	85	42	25	43	47	74	31	87	96	74	95	80	99	86	77	13	36	45	80	25	81	81	84	42	52	71	19	17	45	39	55	87	46	99	85	12	91	51	55	72	66	76	77	84	88	11	72	69	11	90	38	44	95	64	16	90	95	30	10	43	11	24	13	65	91	21	67	30	35	22	66	42	51	41	13	11	45	46	82	22	18	37	38	39	52	68	24	52	79	14	47	88	57	28	11	80	83	98	83	91	36	89	72	15	45	72	68	47	50	81	13	59	64	25	72	96	89	93	44	83	95	71	59	91	11	32	15	52	23	78	70	49	84	88	69	17	11	39	11	99	44	35	73	11	65	94	89	42	96	27	20	74	16	74	88	50	11	15	69	31	80	77	27
63	95	48	21	62	70	40	94	93	36	50	30	80	99	30	82	89	32	56	82	33	30	76	85	40	17	80	56	66	80	30	27	10	20	65	85	61	99	49	44	52	24	87	69	28	85	59	75	95	70	82	90	20	83	33	66	25	71	39	16	96	62	54	41	35	72	21	60	86	44	22	79	46	62	88	23	27	83	44	13	11	91	59	57	60	96	32	31	29	15	59	68	65	93	40	82	67	53	87	81	59	17	98	36	60	55	14	98	81	52	15	81	58	98	75	59	78	81	67	90	88	93	67	21	97	30	72	91	50	22	59	68	80	54	100	18	63	83	46	26	62	85	82	58	92	18	65	39	12	31	36	30	31	46	88	99	49	10	74	71	61	56	76	96	23	41	77	36	19	26	94	15	14	99	40	49	99	28	86	52	15	24	85	78	77	29	68	47	72	78	38	45	39	68	100	26	88	20	80	23	84	57	48	46	85	60	51	42	39	52	27	34	33	87	49	28	44	63	24	67	70	89	13	77	67	93	57	15	78	66	24	79	66	73	77	45	41	68	41	55	44	83	82	34	26	69	83	81	83	75	32	92	49	41	92	58	62	54	17	87	15	41	87	37	33	33	54	93	96	22	26	92	50	66	40	97	15	90	70	55	95	43	15	88	50	50	48	94	29	99	36	32	38	47	10	41	65	48	85	77	99	57	58	83	59	67	69	55	56	69	53	38	58	30	55	18	67	35	90	93	51	81	70	75	97	42	29	57	47	83	53	71	17	26	67	97	69	25	55	91	86	43	100	21	32	57	28	85	85	44	68	70	24	28	28	52	72	39	81	65	60	62	58	38	53	38	98	33	67	78	96	41	72	78	51	20	42	60	13	70	88	91	29	33	84	26	55	14	50	32	35	40	92	62	55	79	91	16	12	43	49	63	21	84	22	30	90	40	50	13	92	95	97	42	21	15	71	73	70	63	40	20	42	43	79	51	87	71	57	53	93	72	55	40	87	81	49	57	17	50	51	93	21	12	80	54	28	56	22	47	17	34	38	32	33	97	27	11	63	93	18	56	96	32	85	59	51	84	79	60	79	31	38	83	37	29	48	75	37	88	53	85	14	28	86	64	41	17	71	96	90	24	23	44	28	54	26	60	96	71	48	11	81	72	89	44	95	83	53	60	90	79	49	84	63	71	72	88	99	83	41	74	12	57	47	100	59	62	32	83	53	84	83	67	29	11	78	98	80	58	68	33	44	19	95	88	13	29	32	80	60	16	86	77	55	53	46	19	52	52	54	64	48	21	47	63	84	41	42	16	12	19	15	16	59	83	20	84	15	54	19	76	10	12	48	87	43	49	61	36	71	41	21	68	50	18	71	40	27	75	24	62	28	34	13	87	11	38	65	78	99	40	59	23	97	33	33	59	65	87	19	28	56	45	28	41	96	20	88	50	83	82	82	75	54	76	95	66	22	17	49	23	11	26	42	71	47	73	95	15	67	93	17	93	36	20	60	36	25	57	53	11	20	48	15	52	38	11	68	81	60	61	82	98	97	90	80	65	38	10	99	98	98	56	85	58	62	22	62	18	92	45	80	19	69	29	50	13	87	55	48	79	70	43	28	75	17	67	89	51	71	47	72	80	19	49	78	92	56	25	14	59	45	59	60	46	57	44	28	26	34	26	16	16	53	20	26	72	31	70	61	97	16	66	59	100	66	79	27	40	75	30	28	79	65	36	80	53	90	22	27	83	54	37	27	43	83	37	77	88	55	17	19	23	69	93	60	56	91	73	56	85	60	76	94	20	62	17	82	40	42	90	71	13	20	29	81	74	67	63	95	61	67	64	31	30	97	73	18	82	38	43	28	93	46	44	81	33	69	54	28	95	23	72	72	48	90	38	33	56	94	97	50	78	30	33	76	77	61	97	53	100	52	54	43	49	96	28	39	65	78	89	81	13	60	59	14	71	95	60	13	39	25	88	17	38	13	34	18	24	99	21	31	65	45	51	22	15	75	100	44	40	70	82	99	23	48	77	82	79	20	98	41	22	36	86	25	87	12	31	34	81	17	77	12	88	81	57	33	31	32	44	45	60	61	48	92	68	33	25	84	12	57	88	25	72	87	22	23	97	23	61	64	32	53	27	15	70	20	17	85	71	44	27	74	82	89	78	40	12	12	23	22	50	72	76	65	15	98	92	80	92	21	17	49	37	50	42	81	83	65	87	66	29	34	23	58	53	73	23	87	36	88	19	86	95	36	30	94	69	38	43	91	59	85	63	64	83	75	90
69	21	89	30	91	65	23	57	37	43	18	95	55	64	29	47	97	11	59	75	30	90	82	53	25	81	82	66	48	32	67	89	99	51	82	55	15	76	95	45	73	99	27	26	43	19	16	27	59	80	77	92	24	12	49	22	56	62	89	19	100	75	98	84	66	86	87	64	28	61	73	33	58	88	60	41	13	48	80	42	92	79	45	16	94	36	94	43	98	43	88	71	16	98	41	12	39	98	54	50	13	56	75	75	60	78	74	11	38	65	79	47	58	42	71	48	33	49	81	37	58	23	54	14	41	90	14	46	36	19	49	29	49	18	45	45	78	68	80	93	69	15	72	26	94	72	45	51	29	37	63	88	53	31	63	93	47	38	18	92	19	16	14	32	40	38	12	95	94	20	40	89	62	99	57	79	94	81	24	43	32	93	46	38	72	87	67	39	99	91	72	46	44	51	24	49	96	36	12	61	10	52	27	75	48	86	22	56	15	72	39	44	95	30	35	29	86	13	10	29	87	57	69	84	84	45	17	80	53	49	98	21	53	54	69	38	97	45	59	82	84	91	79	47	72	50	21	40	86	42	31	72	33	49	82	77	80	84	53	35	70	35	81	98	46	43	49	43	80	61	25	59	76	98	83	62	69	45	99	21	45	72	29	41	11	64	73	52	46	85	57	77	88	64	57	77	70	64	40	65	40	15	69	48	15	11	34	48	13	96	48	26	11	67	18	50	68	74	58	66	20	52	46	22	69	24	34	81	88	29	61	14	68	83	21	20	37	95	44	97	16	75	69	62	58	71	75	55	19	30	44	32	69	89	55	87	85	56	58	59	19	61	26	33	80	90	61	75	92	64	60	100	80	18	74	20	48	58	25	64	74	29	33	61	84	54	79	86	50	40	61	57	14	66	55	97	53	97	29	31	18	77	61	82	55	32	50	65	67	42	82	11	94	67	76	95	61	12	79	76	76	66	68	38	85	46	79	30	72	67	99	92	92	21	89	30	45	42	13	56	71	91	59	41	33	60	40	23	30	27	11	33	52	84	48	60	32	23	69	34	49	43	57	56	18	86	68	92	62	27	66	21	58	24	37	56	20	64	67	81	92	83	78	98	65	82	95	90	99	41	65	100	46	70	40	25	93	38	47	84	22	68	92	18	37	11	62	70	45	74	62	91	61	49	19	29	31	57	39	25	92	90	51	28	93	96	60	11	70	94	25	60	61	92	47	92	88	46	86	53	83	78	41	82	63	89	36	27	97	18	52	84	64	55	92	22	53	87	98	26	53	70	82	16	44	70	69	45	41	74	81	51	23	25	76	78	34	54	55	21	79	32	94	95	43	32	56	54	46	19	59	82	12	99	10	70	91	83	53	27	79	41	100	87	12	60	61	83	50	14	20	85	12	25	36	24	82	57	44	49	18	70	10	22	70	24	22	30	35	86	87	71	72	67	77	21	96	60	62	58	45	35	51	12	32	77	23	89	61	37	27	35	38	24	46	51	22	76	12	76	82	34	84	64	59	11	34	50	11	38	76	63	44	12	98	19	26	86	74	60	70	95	37	32	55	97	56	79	97	60	35	76	86	98	45	84	68	24	31	86	65	56	30	97	34	72	17	35	56	36	56	83	78	64	42	77	58	95	33	59	16	21	45	87	48	32	35	51	93	13	84	69	22	30	90	66	75	27	95	71	20	84	66	13	45	89	16	57	77	94	76	73	15	88	37	85	99	43	26	12	75	74	55	94	54	67	13	79	29	32	51	76	47	69	31	51	44	53	100	94	96	14	44	66	83	69	83	18	20	81	17	71	86	18	47	24	81	21	16	73	62	40	84	57	26	10	49	81	69	14	59	51	70	52	70	73	25	53	67	56	88	47	26	35	97	94	53	70	18	59	29	79	27	73	67	62	89	52	49	84	76	49	57	53	32	98	95	93	68	94	10	60	99	98	84	74	85	76	61	85	80	41	85	94	33	77	92	22	29	46	49	49	83	99	52	57	53	23	41	78	90	84	85	34	32	87	23	86	37	68	54	79	41	43	18	34	30	44	18	95	24	32	68	39	39	63	95	30	58	58	87	57	50	62	68	51	38	55	72	38	95	39	32	61	79	15	42	27	12	21	30	19	24	12	41	92	49	50	100	74	68	42	86	26	81	42	23	17	99	64	26	46	55	39	50	42	51	91	19	16	58	18	40	58	20	74	23	48	23	21	76	42	22	23	98	50	69	23	69	28	91	11	44	33	66	54	39	33	76	28	29	98	69	13	57	65	85	93	78	36
20	14	72	79	45	80	65	32	48	88	20	100	28	16	95	64	43	63	76	19	83	91	53	36	40	95	35	16	59	56	13	40	63	49	29	25	31	45	81	84	89	27	30	61	90	78	95	32	64	60	13	63	76	39	45	66	48	31	61	74	82	85	21	52	50	98	61	31	39	90	90	26	88	89	60	58	31	98	14	75	82	31	24	53	32	22	16	46	98	15	74	27	91	11	25	39	65	40	19	23	50	44	87	68	75	76	98	15	73	13	91	40	69	94	69	12	82	42	66	19	97	79	75	79	27	62	45	55	61	97	72	71	50	56	71	88	73	72	70	17	15	67	45	77	50	58	30	54	84	34	34	36	22	58	32	31	56	34	78	89	32	51	34	10	66	92	90	80	94	22	36	23	29	75	43	67	85	77	32	39	47	21	78	61	31	81	40	11	58	37	18	78	16	80	76	48	91	34	55	38	74	69	45	43	82	29	15	97	43	18	75	95	48	75	49	47	84	55	84	37	37	59	35	18	42	74	22	21	91	62	10	10	61	40	62	43	17	99	71	45	14	76	60	51	14	13	18	28	41	67	90	30	25	35	77	90	33	45	27	94	19	94	97	16	28	33	27	22	38	40	68	13	77	15	92	16	39	91	54	55	56	33	94	11	27	37	14	50	40	45	54	75	64	57	55	42	36	11	95	58	50	90	96	56	31	50	68	72	97	15	33	23	89	77	52	70	24	20	48	87	78	13	32	35	56	28	21	73	18	44	24	45	98	68	21	69	57	41	86	67	82	72	26	90	14	38	65	54	62	17	51	88	71	50	46	92	57	53	79	90	29	46	49	60	90	78	40	61	92	49	71	86	34	63	65	91	47	78	14	72	52	69	15	15	56	68	31	62	76	51	13	12	60	31	98	38	71	17	87	56	18	23	55	87	40	98	99	26	74	14	36	68	28	48	16	94	93	71	48	23	75	55	80	39	44	47	53	19	10	39	58	68	86	67	90	98	83	66	99	27	25	34	17	56	63	37	89	17	59	31	70	94	37	85	67	64	39	16	35	87	13	91	78	59	48	87	29	11	77	87	27	80	94	88	46	76	91	65	12	60	16	79	44	79	75	80	44	33	72	17	53	35	65	56	63	44	86	18	48	97	64	90	91	97	51	37	39	19	67	14	72	21	75	57	99	25	95	34	94	99	80	78	26	97	57	33	28	15	97	16	24	87	36	31	37	64	77	60	29	44	88	36	22	71	43	80	22	89	100	55	92	32	59	95	96	85	70	28	25	97	55	74	91	42	89	71	34	31	86	37	96	40	46	26	17	40	88	60	98	81	78	41	27	17	13	28	82	50	98	60	12	63	24	81	43	84	95	24	43	24	79	95	99	70	86	37	63	18	16	12	64	23	71	18	94	99	37	93	72	64	95	39	96	40	33	77	49	70	71	77	37	21	29	40	76	87	80	19	35	87	76	69	81	36	11	37	45	62	79	57	20	26	93	75	86	14	76	51	87	68	72	41	68	11	29	43	83	26	65	49	24	18	55	65	98	27	13	15	99	18	87	80	20	55	24	10	67	98	32	49	25	58	79	35	76	79	52	80	38	13	47	43	18	14	69	17	55	95	65	25	35	27	54	14	11	44	23	39	52	39	41	85	47	77	77	20	98	39	61	39	51	83	56	22	74	78	78	93	28	30	65	78	19	51	15	67	39	24	19	26	62	93	63	49	43	71	73	15	66	15	35	81	35	99	48	17	13	56	21	59	24	12	58	82	78	79	63	62	13	59	50	28	15	63	53	52	89	23	62	75	23	62	11	39	33	28	84	91	42	20	13	44	88	30	65	99	63	74	40	43	31	60	15	48	61	51	41	40	72	21	73	66	24	47	99	80	53	81	58	12	34	12	52	40	67	47	87	74	89	30	25	25	93	99	49	55	60	42	98	75	60	95	97	36	44	26	21	44	68	49	84	34	78	93	45	29	68	31	62	97	36	37	97	95	91	83	97	24	72	57	12	11	10	83	87	57	50	94	85	71	92	53	72	86	23	33	40	48	96	100	95	51	84	14	49	63	61	39	27	41	74	69	73	43	15	26	46	45	49	97	16	38	65	95	52	58	18	30	32	20	51	71	98	55	94	10	39	61	80	41	49	38	76	79	21	67	84	19	92	21	64	76	83	32	69	24	64	48	84	28	62	37	53	49	65	18	26	15	90	64	64	46	49	38	96	71	20	80	71	17	42	80	48	43	64	70	50	39	56	22	68	18	42	72	98	67	62	81	13	69
27	25	85	52	61	36	55	39	91	73	16	94	45	27	54	67	56	20	97	93	99	64	33	98	24	74	26	44	72	89	78	18	40	61	34	74	98	76	18	78	23	100	44	29	63	86	77	19	90	94	24	35	88	12	31	10	73	95	65	47	36	35	19	43	11	66	34	66	66	49	57	59	76	58	15	67	80	88	49	75	85	88	82	27	17	22	97	33	33	69	46	30	17	76	64	70	41	29	40	84	83	25	95	11	49	40	27	23	63	26	95	86	52	57	42	45	48	47	95	97	59	94	78	16	91	76	44	26	73	98	86	43	94	92	17	58	87	44	74	76	70	13	25	32	23	17	33	99	91	37	16	87	85	89	67	18	67	70	26	48	24	56	27	45	11	37	69	73	50	40	24	36	10	28	56	84	45	78	32	40	69	47	75	15	61	25	87	57	88	58	27	63	30	27	29	19	57	31	76	25	85	57	77	64	37	31	30	13	95	88	86	23	98	19	78	12	91	82	88	24	64	11	37	100	67	63	66	12	52	56	34	65	95	99	52	21	78	64	36	23	56	23	65	19	65	88	36	17	18	55	73	42	47	49	47	98	43	19	92	57	51	53	33	83	35	87	71	45	91	27	15	91	58	18	95	30	61	45	62	10	54	80	27	47	28	99	89	82	11	74	79	61	95	54	20	61	22	53	86	20	86	17	67	40	75	47	30	87	23	50	71	88	44	18	51	47	14	59	48	26	85	44	93	39	29	71	14	70	76	70	63	67	26	37	13	44	55	61	79	35	79	60	37	27	28	46	52	51	23	31	88	61	66	81	78	85	61	58	45	64	59	36	63	34	41	21	54	51	31	47	41	50	93	52	99	61	31	27	34	53	70	43	34	34	33	69	10	69	94	88	27	16	79	40	70	17	40	79	85	73	56	25	57	87	63	90	69	30	38	55	98	90	55	44	13	55	52	80	98	20	38	63	83	11	93	46	14	47	82	26	71	40	13	70	57	71	10	24	46	60	70	25	13	71	30	16	37	53	25	22	78	57	90	66	78	64	99	69	13	60	29	64	19	58	31	65	11	80	15	46	66	39	54	43	46	72	69	17	84	83	55	80	97	54	71	15	42	36	20	89	33	95	40	45	83	76	74	35	79	19	89	14	100	31	38	50	93	11	37	72	46	75	49	23	25	76	47	37	68	84	50	52	69	75	23	69	48	46	31	32	64	16	62	58	68	40	33	79	31	51	40	35	61	29	35	87	30	31	91	25	12	86	89	75	95	66	88	91	50	24	54	85	49	98	53	73	13	39	16	100	68	40	81	82	14	29	86	54	81	76	47	95	15	47	31	45	79	87	47	35	29	100	22	16	94	70	79	57	72	52	46	19	75	88	85	16	58	31	99	22	16	80	87	48	72	20	41	95	12	90	80	15	84	71	89	55	24	18	64	69	67	64	66	88	86	37	19	31	91	95	24	68	72	55	38	34	47	50	43	27	34	56	55	74	75	65	61	54	40	44	89	15	46	65	27	30	60	16	16	54	79	29	41	71	28	92	57	27	81	13	11	81	40	27	83	59	26	69	30	76	86	81	52	12	35	63	48	17	40	75	79	77	48	12	38	19	67	29	25	45	57	68	11	11	69	48	70	48	11	90	24	74	76	98	67	57	23	30	77	96	32	93	12	69	16	21	89	55	72	21	46	30	13	80	85	26	18	71	10	24	47	69	21	36	18	76	82	11	69	35	74	93	95	99	34	72	85	44	81	16	10	78	68	93	38	82	12	75	38	43	75	17	51	55	98	94	92	33	68	84	29	28	73	93	46	70	88	82	83	27	23	88	41	42	25	36	64	14	55	87	28	90	70	38	67	16	72	78	27	23	71	17	79	87	67	40	55	50	43	22	53	62	68	24	12	54	32	26	94	46	38	53	17	50	69	67	87	31	68	90	100	40	20	54	75	67	49	61	73	35	41	34	13	74	38	12	22	69	20	34	68	57	40	56	60	14	72	24	91	59	73	99	75	33	73	84	66	28	30	71	55	90	32	16	91	78	85	14	88	68	69	89	84	45	14	34	94	45	60	32	43	24	97	39	66	53	28	69	46	75	53	15	60	82	97	14	47	67	89	25	67	47	11	65	63	88	14	29	44	44	34	55	98	77	79	90	46	38	22	84	92	86	98	100	13	15	98	72	10	64	50	49	53	31	24	97	58	70	70	81	17	45	51	89	70	60	82	97	33	18	49	13	18	65	94	57	54	88	38	62	95	57	60	32	79	74	72	46	93	89
38	36	43	86	74	94	54	39	55	76	16	13	36	88	80	97	73	95	15	42	79	65	20	87	62	35	26	20	88	91	43	37	61	29	39	52	37	20	83	50	34	28	74	73	73	18	74	41	90	96	68	81	60	22	54	12	30	44	61	64	89	97	47	85	89	23	24	98	70	17	92	99	93	70	40	87	68	52	72	65	24	70	26	35	27	40	36	80	56	96	38	93	35	95	87	87	68	75	66	64	70	28	24	19	26	32	27	29	18	72	22	43	22	87	31	29	95	26	20	95	56	46	88	46	88	70	47	89	41	54	86	18	58	57	33	48	97	37	17	96	15	69	95	40	68	82	17	30	49	66	54	98	55	40	25	70	43	83	97	57	59	86	75	82	66	78	88	39	50	87	48	25	45	35	16	100	63	48	43	64	45	35	18	50	90	64	69	19	65	85	87	42	55	27	11	13	91	43	97	34	34	55	73	24	92	90	50	95	64	75	13	11	13	62	61	53	39	88	33	86	40	83	46	34	62	28	69	76	74	73	66	57	41	19	51	26	26	55	72	42	62	95	33	33	94	82	72	54	13	66	86	15	36	60	87	57	92	27	72	93	55	95	56	95	47	66	57	28	98	68	55	95	73	88	56	44	43	27	53	85	82	82	91	25	27	86	94	78	19	48	98	22	68	54	49	20	56	24	14	94	49	87	53	69	96	39	30	14	43	49	55	46	27	36	32	91	47	64	49	17	18	20	30	35	47	62	33	10	75	27	59	44	87	81	71	63	53	24	70	51	74	76	96	70	68	47	16	84	64	35	92	93	35	58	68	84	63	87	37	26	24	99	82	44	66	28	82	41	41	93	13	68	15	94	75	32	16	93	47	10	54	19	51	87	44	65	45	14	65	52	30	18	90	62	90	62	91	70	33	76	74	48	10	13	38	89	95	90	56	82	52	28	96	35	23	15	78	41	36	32	50	83	84	66	23	72	61	76	14	20	45	37	78	77	72	19	33	26	13	35	34	15	22	63	21	46	100	86	87	16	77	13	84	13	84	43	47	96	44	83	39	72	50	11	15	29	74	86	87	83	15	35	12	18	66	17	42	57	57	61	32	99	84	92	47	29	83	44	16	33	24	77	57	43	88	33	76	23	50	40	62	24	54	62	80	82	76	67	11	30	36	97	21	27	59	39	13	63	39	82	20	22	18	15	54	10	14	73	91	70	83	20	12	79	56	56	97	39	14	18	49	59	11	73	96	50	91	47	19	41	51	43	16	81	43	33	39	17	96	18	62	32	80	78	33	86	33	29	89	46	54	90	80	44	89	96	85	62	52	54	52	31	80	40	53	42	41	23	94	73	98	60	83	55	70	39	95	28	63	13	67	83	75	94	11	18	79	29	10	90	41	69	16	58	64	77	85	45	11	59	26	13	11	49	55	68	65	54	86	32	82	52	97	63	44	54	11	92	53	53	18	29	63	23	17	54	92	70	18	45	32	99	37	12	21	68	24	73	22	15	71	83	69	68	22	37	96	89	30	55	73	11	40	72	49	14	73	39	88	58	72	95	97	65	74	57	95	59	45	60	54	59	17	94	64	61	26	48	52	72	13	28	20	49	82	77	62	12	50	36	84	20	44	90	47	81	42	15	73	71	59	35	82	58	54	82	30	85	48	60	33	35	48	15	75	50	88	81	42	34	89	35	24	64	99	95	94	30	98	54	15	97	88	46	81	94	86	14	31	17	56	37	55	63	99	20	95	76	75	25	87	65	97	45	48	57	45	42	69	27	64	18	53	77	86	22	61	54	84	23	61	77	33	12	87	93	96	23	16	44	82	99	37	83	76	61	33	75	54	12	30	99	41	79	85	21	99	99	44	32	91	63	16	23	29	65	18	98	85	22	86	70	27	68	33	67	90	30	24	74	93	71	32	61	12	13	43	53	100	16	27	26	60	40	97	44	72	100	72	55	64	30	23	77	19	79	34	63	90	98	53	36	94	81	88	52	96	52	13	12	28	75	33	72	95	31	26	20	29	72	62	69	46	78	94	94	56	90	78	92	17	49	36	66	96	37	30	69	21	22	20	43	90	73	88	30	53	54	95	65	62	92	14	42	11	32	43	35	48	61	44	25	47	49	50	47	93	51	25	58	16	95	76	41	29	82	41	39	66	29	29	50	67	60	63	20	19	69	55	74	65	91	43	77	50	38	69	70	18	75	71	44	62	27	38	22	66	43	54	65	62	11	67	70	44	98	86	21	70	35	56	66	94	50	18	64	19	81	48	82
18	20	33	24	50	50	55	59	88	28	80	73	92	71	49	35	64	66	64	21	72	60	45	41	11	44	12	99	88	26	76	67	77	64	73	50	40	81	54	74	83	75	69	25	54	89	96	35	91	19	60	75	32	42	16	74	19	61	63	32	81	71	49	89	85	71	70	44	23	56	66	63	23	91	15	38	31	84	88	21	80	26	60	32	30	78	75	38	51	50	87	85	34	99	31	87	11	82	11	77	38	92	94	56	13	27	29	11	50	68	95	72	76	36	60	14	61	56	88	85	56	84	30	43	72	45	35	20	67	24	34	26	37	78	31	33	35	42	54	21	19	73	65	98	82	36	12	70	10	69	59	64	78	37	72	22	91	84	54	79	73	62	57	44	81	87	68	43	27	89	99	88	20	32	73	85	22	58	55	28	41	88	88	33	12	75	89	50	52	35	92	56	84	53	62	86	96	12	67	45	70	62	24	66	69	48	12	94	89	19	63	16	14	100	17	58	67	90	14	17	89	10	86	22	57	98	81	67	80	15	71	33	87	35	57	40	69	67	52	65	99	16	15	29	24	60	46	95	96	61	50	22	55	32	40	42	65	62	61	66	93	13	27	71	27	54	76	33	80	25	60	50	80	46	65	70	54	35	81	79	91	61	59	28	36	80	81	19	40	56	75	26	49	16	87	20	97	80	42	100	37	26	45	63	58	41	49	70	82	30	30	17	93	50	61	53	25	42	27	53	75	15	81	61	80	70	30	25	11	59	70	31	92	28	34	71	12	98	24	72	12	37	89	44	46	62	60	82	53	19	67	71	24	92	41	20	43	32	61	78	69	85	22	44	62	85	33	25	90	16	82	33	61	62	93	72	48	55	49	44	76	70	42	59	55	95	58	17	36	99	79	96	85	24	59	17	96	29	92	95	63	10	19	78	38	72	20	59	62	59	34	47	88	58	85	11	65	87	23	86	97	43	27	26	94	92	26	29	80	11	17	60	58	63	47	11	12	35	61	78	89	57	15	77	95	70	96	57	17	87	79	98	67	68	65	88	68	99	74	56	97	31	62	50	15	99	74	16	86	84	51	16	56	92	25	50	91	38	21	13	63	27	75	56	38	35	66	17	26	65	65	39	60	83	77	65	72	39	90	91	22	59	31	91	50	70	32	94	32	66	46	45	86	20	40	81	99	11	44	71	82	73	87	95	85	41	88	59	76	63	18	55	65	37	54	72	27	81	30	86	53	66	55	46	85	21	33	45	49	51	28	82	70	13	27	80	56	85	16	39	95	25	80	49	61	67	41	12	83	82	57	68	90	80	51	47	26	42	87	55	45	13	65	38	75	24	46	37	77	30	23	97	34	56	27	86	84	72	58	73	37	61	35	85	34	29	24	90	11	26	25	73	18	77	40	21	42	33	21	48	35	28	92	89	27	23	37	71	84	67	73	82	68	23	25	85	63	28	86	55	54	89	62	20	42	77	27	62	96	22	63	61	67	71	87	60	14	35	58	25	95	100	49	19	33	49	20	70	49	14	65	63	18	61	18	43	45	40	36	44	91	46	77	73	82	57	85	43	94	86	70	51	57	100	77	95	38	94	50	22	71	81	43	87	27	99	16	54	64	72	15	77	79	38	85	13	83	13	54	84	78	79	66	71	86	47	42	96	22	40	39	77	89	80	72	52	61	31	53	40	98	77	40	95	30	13	18	71	52	22	78	13	26	50	61	36	67	77	71	27	71	77	23	71	88	15	18	34	82	28	11	30	65	19	42	42	94	64	20	10	74	66	52	85	53	63	29	29	74	19	76	28	34	70	41	50	41	20	66	98	95	56	91	18	52	21	20	49	45	24	82	65	79	63	78	51	34	11	25	43	79	78	80	59	84	34	59	69	62	68	36	48	63	98	68	87	71	49	99	72	81	17	78	34	11	89	24	14	86	10	82	70	69	56	83	87	58	13	62	37	40	30	66	27	72	71	31	60	14	65	28	22	26	96	36	78	32	36	62	78	79	21	88	63	62	75	87	44	52	49	71	12	29	62	47	79	45	82	79	54	99	74	75	96	66	89	25	93	92	32	44	47	61	72	60	76	82	94	83	53	44	94	42	76	79	25	69	69	37	70	64	99	97	78	34	29	17	29	26	21	46	59	23	29	35	10	82	24	40	57	86	84	77	71	93	98	41	90	75	83	44	51	98	63	53	57	57	41	78	59	35	19	23	15	18	74	17	15	24	54	26	34	90	40	95	70	72	94	75	59	86	36	75	52	28	37	95	71	18	38
94	12	49	37	22	76	76	91	27	31	100	57	60	59	69	41	62	47	83	14	65	55	89	14	18	38	20	86	93	34	76	12	40	76	47	42	26	82	16	44	69	28	70	16	28	64	74	47	34	13	50	76	89	95	39	13	83	80	33	99	38	61	71	74	75	45	72	96	58	45	38	85	42	98	50	52	24	16	67	20	37	85	52	92	76	24	74	45	90	98	74	88	49	79	72	12	27	14	76	66	10	89	37	60	72	36	79	38	55	16	82	67	70	18	88	51	20	86	55	45	45	19	50	61	97	30	37	52	28	88	36	37	66	97	39	33	92	31	40	50	79	91	59	13	50	44	84	61	98	62	96	60	50	41	40	69	89	28	33	43	55	42	24	38	47	54	33	83	18	65	81	73	78	23	19	87	66	98	55	11	95	83	18	82	72	23	88	67	100	90	84	97	63	75	90	35	99	95	82	87	36	15	44	62	85	34	50	65	85	34	49	76	95	47	68	18	30	79	79	28	98	50	69	50	40	67	88	59	10	26	85	61	25	58	49	17	13	96	47	47	66	47	52	75	32	74	82	50	67	69	21	22	53	27	70	86	58	50	85	34	72	61	11	87	92	15	14	52	83	31	50	38	14	46	49	99	37	40	16	17	54	45	26	35	34	43	44	19	90	54	77	96	96	57	75	32	81	45	84	37	12	26	95	81	81	56	36	40	35	36	91	88	89	59	74	22	27	31	18	56	93	62	78	71	17	96	55	11	39	72	49	88	14	64	72	44	59	48	86	44	57	37	39	89	71	24	44	72	84	32	71	67	75	29	56	26	82	76	20	60	64	62	42	71	32	98	62	76	97	10	76	61	22	67	37	49	52	70	83	51	86	36	34	26	63	91	74	66	14	53	63	54	51	61	23	12	70	56	41	12	31	36	40	56	86	28	71	99	22	79	12	71	34	10	58	90	13	69	87	95	26	79	44	89	56	91	47	98	27	86	13	87	72	69	71	49	82	17	64	58	78	67	88	74	65	98	79	45	48	90	55	90	75	60	36	50	45	84	53	84	12	34	21	57	24	23	34	19	59	31	17	82	22	63	57	23	90	30	43	66	76	13	47	32	85	61	38	52	92	56	23	45	27	45	76	18	52	33	89	52	85	97	25	69	33	12	63	50	11	88	40	94	26	90	18	76	88	15	40	33	36	100	95	17	25	40	18	88	79	52	11	28	89	72	14	81	26	16	95	43	96	25	79	22	70	85	48	95	98	76	24	100	79	24	85	66	63	69	93	11	12	98	77	89	44	52	100	26	93	57	68	41	24	19	79	36	75	48	69	54	73	37	20	20	59	49	88	97	29	13	46	18	77	62	34	46	40	100	91	70	90	85	37	24	62	99	37	35	45	98	35	88	31	78	32	57	28	76	67	70	97	13	76	34	21	37	34	23	89	31	59	69	76	99	43	54	78	76	41	63	78	58	45	88	38	90	34	33	61	63	94	45	22	90	87	20	70	82	34	38	30	14	14	11	43	24	40	19	98	54	45	81	96	42	53	77	19	73	24	64	11	67	11	50	31	56	51	42	76	85	96	62	92	90	86	19	92	57	28	30	21	37	66	63	50	30	59	56	38	80	18	28	69	73	15	26	93	30	78	41	81	11	47	77	30	78	94	59	47	29	80	14	91	32	67	21	20	62	36	93	46	77	28	96	71	89	63	25	84	66	61	92	75	25	56	21	78	17	51	19	27	61	63	40	97	69	77	40	14	60	46	99	100	29	44	22	59	100	61	41	37	61	86	35	24	29	42	100	32	63	16	96	86	52	62	79	89	75	75	56	28	93	29	68	20	93	80	63	79	47	89	48	93	91	17	97	82	49	96	78	81	33	65	81	89	37	48	36	35	29	14	90	31	51	97	16	26	93	93	47	89	54	74	49	23	17	87	15	35	81	83	14	75	20	40	10	83	29	57	96	92	15	38	35	91	10	80	81	67	32	81	29	32	78	15	84	15	52	34	65	28	83	65	57	90	19	14	60	94	43	59	31	77	58	85	26	40	90	95	13	77	10	70	98	69	97	96	61	45	54	16	84	18	55	29	56	39	97	53	93	53	84	87	14	90	86	46	63	52	10	13	33	32	60	26	77	86	73	54	14	99	17	36	42	55	78	43	67	48	21	90	35	97	77	83	56	46	88	13	27	93	11	15	98	22	70	20	35	99	30	28	87	76	38	70	51	50	62	19	69	38	25	25	63	15	62	77	21	65	75	28	70	53	66	37	48	41	39	18	32
79	90	35	72	65	67	21	55	77	72	41	18	72	49	31	79	13	58	69	66	21	31	99	73	87	14	60	96	30	23	27	20	85	56	80	76	80	26	14	23	80	64	32	59	65	80	46	72	96	40	71	80	11	70	66	82	83	57	42	53	73	64	39	15	65	21	90	16	86	29	11	65	78	81	43	83	43	60	24	53	98	72	54	83	88	27	71	71	99	99	40	95	39	14	96	39	96	90	64	35	72	60	97	78	55	20	54	100	27	27	78	43	61	34	19	87	38	38	29	12	90	79	63	33	18	40	34	20	75	56	93	81	78	25	62	92	55	64	83	43	84	50	73	10	19	44	80	52	78	35	16	44	89	36	52	99	50	11	15	48	41	44	51	76	46	49	25	54	90	66	63	33	91	89	38	59	53	61	64	33	38	85	31	46	53	62	55	59	96	37	26	49	48	57	17	73	63	73	60	15	61	44	21	58	87	83	60	73	44	19	65	94	61	71	20	16	75	22	73	100	77	26	31	84	51	48	49	87	83	19	68	36	59	27	75	13	77	51	55	92	60	95	80	56	54	41	72	18	62	68	60	45	49	80	44	50	72	79	99	93	40	10	20	79	59	83	25	22	74	58	16	22	34	67	74	30	34	41	42	36	23	38	75	10	21	23	67	99	19	73	84	16	79	28	52	66	88	18	85	94	48	79	22	91	40	12	69	53	84	73	92	65	14	72	16	25	19	88	23	24	64	54	63	58	14	98	79	81	91	41	14	55	69	70	49	26	56	83	84	40	55	98	25	43	88	51	93	92	79	12	53	52	38	79	69	73	15	11	63	47	100	61	21	35	34	11	74	42	80	90	49	36	65	66	25	60	59	91	24	19	22	78	13	67	73	45	42	29	33	29	67	93	17	30	46	95	77	17	27	35	90	61	55	51	83	23	49	77	30	90	87	74	43	17	85	74	86	74	70	30	64	39	33	40	93	75	70	52	87	30	44	96	73	18	45	89	22	71	82	85	60	19	54	56	99	67	48	57	33	51	52	82	82	12	54	16	53	40	11	98	13	20	33	68	87	61	58	52	69	90	76	37	73	19	59	92	63	79	95	44	58	66	11	43	37	36	98	89	40	62	13	71	19	74	50	63	33	77	20	24	23	24	20	16	78	45	20	69	85	77	82	31	96	43	64	49	77	16	27	75	50	66	46	80	30	32	26	54	44	66	78	14	78	60	33	33	79	17	34	69	33	72	37	65	59	16	73	51	80	99	28	34	15	85	61	68	35	23	22	16	21	47	61	58	75	78	47	57	62	62	86	99	58	54	82	85	70	60	58	58	25	70	62	58	93	32	64	75	61	97	68	20	39	97	52	40	23	38	81	79	13	75	60	12	40	33	35	59	84	48	52	21	36	57	34	66	78	41	45	26	47	35	79	62	14	29	99	57	18	54	59	17	64	95	71	82	69	72	73	67	31	20	50	66	20	24	91	77	11	75	59	66	15	38	74	43	53	13	45	86	22	34	70	76	25	28	39	65	19	22	93	46	62	89	65	52	44	63	67	92	87	84	84	73	43	94	38	15	14	13	44	64	47	94	98	67	56	27	29	92	38	99	11	18	71	55	45	22	77	95	32	76	45	91	14	16	22	40	37	91	31	98	44	60	86	59	84	86	82	55	59	55	51	89	49	57	45	44	61	57	38	52	51	12	58	94	15	23	13	40	18	55	42	59	71	37	73	76	77	74	24	82	82	63	14	58	85	17	81	14	86	60	23	78	46	58	93	38	75	63	94	92	74	71	85	32	48	70	66	75	16	75	14	74	88	72	66	85	93	25	89	75	81	88	60	95	49	89	86	65	72	53	71	78	67	25	65	36	64	68	92	47	82	22	67	22	88	77	68	35	42	82	73	88	92	21	30	94	90	64	22	95	38	69	84	10	66	54	85	85	100	31	79	18	52	66	82	34	22	59	41	21	95	70	89	70	75	68	59	51	25	59	30	11	18	52	78	70	49	59	43	23	59	37	45	21	49	29	67	55	61	23	65	41	94	48	69	81	47	28	73	64	35	53	47	74	62	81	91	82	31	17	45	92	88	60	60	57	34	90	84	51	88	48	49	55	87	73	32	64	37	26	25	58	30	72	57	18	14	26	56	67	65	88	43	100	30	81	41	42	42	40	18	72	48	53	54	81	38	31	41	85	72	62	95	39	20	34	43	62	84	81	85	72	66	25	18	60	55	42	64	60	24	58	76	38	91	87	50	60	42	15	89	99	16	48	24	33	92	70
91	100	12	27	54	41	46	36	81	74	99	31	19	32	31	74	50	40	36	98	48	34	67	37	64	68	84	64	67	82	61	79	92	92	22	48	36	99	24	50	10	73	29	44	41	51	53	40	78	96	89	56	17	37	71	46	12	81	87	98	76	55	89	41	45	96	61	91	32	96	87	49	13	52	21	53	10	88	83	89	94	10	30	47	79	53	89	78	60	78	64	32	86	81	46	75	59	74	52	77	97	20	58	73	67	59	75	46	39	55	50	48	89	66	46	85	99	77	43	86	85	55	36	57	52	41	32	25	85	15	84	53	74	98	22	27	72	84	54	95	75	56	50	43	76	12	79	11	24	41	30	12	83	61	12	26	17	59	68	53	67	48	25	58	39	64	55	64	73	62	93	68	49	60	52	51	35	50	12	72	85	95	76	40	92	81	73	12	35	88	32	80	71	35	65	79	30	93	32	56	70	95	49	31	63	17	88	81	94	44	81	19	85	90	63	72	49	61	76	50	47	79	56	27	58	52	39	96	92	92	14	27	13	67	12	37	61	53	82	91	88	24	58	35	28	34	54	52	91	96	15	81	54	21	45	95	54	82	62	52	64	74	17	73	85	57	27	49	31	26	92	78	64	41	93	29	52	56	49	20	95	53	45	49	94	73	37	18	65	36	71	36	80	47	20	88	55	71	46	49	57	26	89	69	49	40	97	50	67	74	88	18	79	11	31	58	66	80	86	36	59	42	92	63	72	95	42	48	96	26	89	95	58	94	29	54	93	91	39	98	18	43	76	37	49	94	40	27	87	66	77	68	12	24	41	40	32	99	80	59	60	19	54	78	59	29	76	45	12	89	58	96	75	34	47	31	52	24	18	19	42	43	40	78	74	65	48	32	64	13	90	25	29	82	95	27	93	79	94	69	56	76	41	55	30	65	44	65	12	19	31	85	32	68	18	32	22	37	32	11	54	15	54	14	22	12	100	85	21	61	19	62	25	85	53	25	56	54	59	88	27	56	46	81	36	90	73	38	53	97	50	45	42	54	12	94	54	98	51	77	52	18	93	11	88	37	21	91	50	38	12	25	39	12	58	88	33	27	11	37	31	60	34	38	64	53	22	25	14	92	12	45	94	19	10	36	57	58	15	38	45	16	83	33	18	30	32	93	72	80	26	39	87	99	50	25	60	64	18	28	26	89	33	47	80	19	67	15	95	48	24	49	87	44	26	26	57	79	38	90	33	38	56	26	21	59	65	85	89	82	69	26	15	38	92	74	22	91	68	82	59	23	73	80	83	74	63	78	44	49	32	64	36	55	40	56	58	39	84	34	24	65	91	73	18	93	30	73	29	36	24	51	100	67	37	53	13	67	15	90	26	23	27	11	71	69	49	11	45	71	18	54	34	99	71	94	82	18	75	70	69	95	54	55	23	81	21	54	49	64	84	74	14	20	65	37	15	95	82	25	37	66	38	66	99	57	98	71	19	67	31	83	86	37	24	47	31	90	18	39	24	77	78	13	79	25	94	67	35	41	14	18	31	66	39	91	78	68	62	31	29	90	31	99	69	88	29	90	24	53	53	61	17	27	15	80	68	14	80	68	94	60	18	60	90	44	12	27	36	14	40	18	71	80	29	48	39	29	27	24	10	73	98	16	58	13	63	67	68	83	56	46	61	62	36	24	26	36	37	16	87	21	96	94	38	60	34	38	61	62	30	34	67	68	12	26	76	24	29	14	76	37	15	27	52	28	74	57	15	97	31	77	54	27	92	12	44	77	50	76	94	58	46	26	72	88	89	65	67	37	82	77	48	53	29	32	17	66	30	76	28	57	62	59	40	54	23	53	17	23	24	72	11	82	78	47	80	73	29	90	35	19	25	80	79	72	34	54	92	85	76	50	67	11	91	52	55	23	28	30	17	61	86	77	63	95	74	41	59	81	26	28	62	90	13	82	15	12	13	51	48	90	40	18	20	46	43	47	82	63	50	57	45	83	82	39	55	49	68	62	82	96	50	11	82	32	41	93	41	35	10	98	28	91	29	77	89	72	55	50	56	73	87	63	38	64	90	36	39	76	86	22	35	38	25	46	39	23	22	71	81	97	39	87	33	95	38	20	61	70	39	73	13	52	52	35	77	28	12	69	26	77	30	36	39	76	83	12	48	45	98	61	45	62	16	42	44	14	74	14	46	61	29	88	18	83	67	66	79	96	83	96	92	36	91	76	59	97	89	96	32	79	55	82	59	13	79	10	91	67	78	54	71	28	38	36	54	34	65	93
33	38	63	14	49	95	24	82	73	44	18	92	18	10	50	66	94	98	90	76	22	85	41	71	79	82	83	64	29	83	96	70	89	41	80	34	60	70	28	18	50	63	49	49	41	15	77	38	75	91	73	56	54	78	73	49	62	48	44	10	45	36	10	43	57	26	41	10	65	74	78	59	87	61	86	97	32	29	93	17	28	32	35	60	50	12	11	48	15	51	46	35	67	63	64	68	71	91	20	77	78	11	18	51	14	43	73	64	38	71	27	56	73	65	51	44	50	57	47	18	94	26	91	52	32	19	23	62	48	21	70	75	45	87	84	98	29	38	42	16	74	78	89	38	41	22	91	29	22	19	69	13	71	12	10	29	81	69	21	82	40	55	64	35	59	22	79	96	25	49	49	18	71	81	28	58	64	88	40	66	75	91	37	21	93	35	42	47	81	21	60	83	23	21	35	98	22	58	29	47	59	88	99	17	40	59	44	43	66	79	86	55	74	77	94	76	90	51	55	40	55	28	69	18	77	25	18	25	16	56	66	94	78	23	49	29	25	71	59	89	16	27	87	19	70	96	28	90	25	59	27	53	94	41	47	66	78	25	57	82	88	48	99	44	72	50	75	66	62	46	85	73	61	88	38	14	50	88	46	30	37	45	14	35	23	73	93	22	16	43	12	54	33	12	92	70	75	67	77	88	89	97	60	71	80	59	20	59	63	47	58	24	14	53	53	85	83	12	34	99	21	72	99	44	86	24	88	86	79	73	40	63	65	41	39	45	73	89	35	39	97	98	70	82	45	71	46	53	50	45	33	74	82	43	58	20	11	56	19	32	54	54	90	67	72	36	28	33	47	52	21	53	82	17	11	91	31	41	61	75	52	92	85	53	17	64	83	98	42	40	26	82	81	21	63	27	63	53	14	48	16	93	83	13	96	41	28	49	78	42	49	44	67	60	74	11	37	37	86	40	71	36	88	41	66	38	20	48	41	96	65	44	54	90	70	72	63	46	91	32	65	21	26	59	95	91	15	60	33	89	17	24	30	86	26	60	68	77	52	36	33	66	33	87	42	44	63	65	52	22	63	59	71	92	40	59	51	52	81	38	66	92	87	58	65	99	94	96	98	81	85	91	77	64	49	89	97	32	96	12	55	18	19	58	38	23	72	42	41	36	61	75	14	12	30	82	24	45	41	58	25	47	50	92	22	91	28	14	90	86	84	51	52	99	22	53	79	53	37	24	89	48	58	83	70	53	31	26	43	91	74	61	34	24	66	54	42	68	20	55	22	56	96	15	83	66	64	25	22	42	15	98	35	53	85	18	19	52	14	93	52	30	58	82	35	98	71	91	93	78	60	51	96	34	22	15	78	38	38	81	61	52	15	10	51	53	45	93	51	45	96	91	46	96	13	53	11	73	28	20	38	14	35	87	50	69	18	95	31	10	99	54	37	59	83	12	90	69	59	13	10	78	62	98	55	67	19	39	79	36	20	71	80	72	73	67	25	59	86	83	64	60	84	53	66	24	51	34	38	67	80	48	74	88	48	32	62	96	27	10	63	12	27	60	58	58	27	12	92	50	25	40	36	56	22	30	42	82	71	62	44	52	85	41	50	73	23	75	33	83	61	59	36	94	97	34	64	80	50	42	15	54	43	17	74	49	64	88	65	79	27	73	91	83	84	14	76	37	98	63	98	90	55	67	83	62	33	57	64	48	93	70	10	83	86	92	15	35	15	97	66	44	22	86	20	15	29	64	13	15	61	67	11	10	100	75	13	54	52	44	86	81	39	27	39	25	97	30	50	35	71	18	32	75	27	46	19	46	48	88	36	82	86	41	79	93	79	96	70	49	42	96	27	69	82	70	86	59	56	25	15	34	60	21	38	40	49	47	27	20	59	84	26	45	65	99	72	95	99	63	48	95	49	53	67	55	66	43	35	72	17	44	26	12	27	71	35	67	16	85	78	77	42	64	67	35	61	39	79	56	79	12	13	43	43	19	91	35	65	34	66	41	20	64	40	25	18	91	27	15	49	58	32	63	80	11	81	18	47	59	61	71	26	80	78	51	33	45	19	30	60	91	32	65	38	84	52	81	10	82	14	94	26	24	69	26	69	95	62	18	67	56	75	81	70	22	37	17	57	11	24	24	72	63	87	47	80	70	42	33	51	36	13	41	66	73	26	52	51	64	23	36	51	12	90	89	93	18	43	44	38	88	73	39	30	35	63	37	35	18	31	57	85	10	49	14	48	79	45	87	81	63	26	75	53	80	27	27	93	62
wj																																																																																																																																																																																																																																																																																																																																																																																																																																																																																																																																																																																																																																																																																																																																																																																																																																																																																																																																																																																																																																							
14	27	48	57	16	28	49	19	77	24	57	92	24	37	9	87	74	68	9	41	44	73	43	22	73	95	77	7	75	15	5	81	37	45	36	19	62	95	44	98	84	31	94	64	10	30	19	68	14	94	41	38	36	14	43	71	22	15	23	94	86	9	62	22	58	48	78	68	69	33	36	60	10	51	88	31	57	52	26	18	72	62	63	76	54	32	29	63	26	52	69	97	34	7	35	28	17	68	39	38	46	75	50	54	48	23	36	11	64	96	66	57	28	78	40	40	19	61	98	3	8	5	66	20	64	36	16	83	52	90	14	99	29	29	39	96	78	8	90	15	14	26	56	17	68	33	77	90	22	65	27	2	72	52	92	2	64	22	61	73	31	48	23	98	66	69	54	72	48	1	29	58	2	59	26	61	17	4	100	10	71	13	70	60	60	94	17	80	77	29	83	11	19	68	3	66	11	23	6	33	92	45	68	45	74	78	89	41	29	28	15	94	9	91	99	17	17	18	9	86	88	44	19	9	6	47	50	36	48	32	15	81	84	100	75	39	62	91	72	86	58	89	11	40	16	5	13	62	54	20	90	33	77	80	25	42	55	90	17	4	70	87	19	98	7	45	2	72	85	63	43	17	42	83	33	25	75	30	29	16	67	81	8	85	52	91	49	81	23	71	12	39	30	10	89	43	67	64	90	98	68	75	52	75	75	22	14	84	88	43	6	36	18	4	91	22	39	2	56	17	10	17	71	87	3	67	98	78	61	96	73	5	73	19	82	67	25	34	25	5	88	84	52	90	18	48	86	39	22	53	57	80	29	9	4	6	36	61	83	40	21	42	81	52	15	18	9	75	63	75	49	86	50	86	27	23	96	11	88	55	11	66	2	3	69	23	2	75	76	18	67	6	28	69	51	46	74	90	10	31	51	82	37	41	46	1	82	30	39	33	16	15	40	73	72	57	58	36	97	18	90	7	88	42	50	27	24	59	56	16	65	61	39	96	27	24	22	37	87	35	57	19	48	5	54	30	60	19	78	30	95	29	24	100	99	31	94	38	82	16	10	72	66	9	11	13	77	13	29	30	4	69	6	23	48	68	38	54	51	45	47	80	58	41	96	53	51	30	40	80	43	69	28	92	41	64	16	59	57	14	98	85	30	27	41	99	45	5	13	3	53	54	46	10	45	20	69	88	94	56	49	53	62	85	24	68	10	42	29	20	43	15	81	39	55	65	20	22	99	49	48	51	16	77	49	43	9	42	52	15	54	88	51	33	46	23	3	73	16	13	65	88	92	17	8	60	15	69	64	67	33	56	75	44	24	76	27	29	38	48	64	59	52	27	54	18	85	41	36	21	30	15	63	42	98	47	1	16	30	71	80	29	79	33	53	92	73	54	22	18	5	37	74	65	17	29	7	52	66	72	91	6	98	66	43	98	68	74	98	15	74	69	64	66	45	51	92	53	57	6	11	37	74	70	65	10	13	66	40	57	99	69	35	48	12	33	14	69	32	56	41	29	30	7	55	10	47	52	73	54	4	19	88	66	70	37	9	2	57	55	49	78	98	29	76	11	25	79	51	30	97	67	23	78	69	21	12	64	61	37	11	61	12	18	65	67	60	26	66	95	56	35	87	98	9	78	82	61	63	45	17	9	66	27	6	54	55	24	92	89	19	20	71	53	29	80	48	43	79	36	74	19	21	78	66	52	27	63	49	27	68	36	63	62	70	92	79	26	40	67	19	85	4	59	6	45	7	35	65	40	17	86	59	96	33	34	58	10	43	19	65	90	6	91	84	4	81	12	69	46	37	44	68	85	30	56	61	91	60	73	20	50	45	27	2	12	57	80	58	58	87	69	93	2	49	70	32	88	9	75	70	48	39	27	13	11	67	31	75	77	8	90	81	79	27	48	7	59	49	36	66	82	8	24	60	35	50	46	45	34	63	34	87	72	39	60	14	25	53	62	28	18	45	7	12	78	93	65	100	83	70	76	13	21	52	55	26	97	30	32	28	28	8	49	3	70	93	47	51	11	58	71	58	3	99	33	87	66	80	4	67	51	44	66	18	84	23	17	42	80	19	60	22	29	64	91	14	96	14	75	84	65	39	94	12	16	74	10	38	30	95	11	56	76	86	64	29	66	86	39	26	88	65	59	43	81	17	76	44	13	28	15	17	60	60	21	91	49	90	18	19	10	2	4	41	25	9	97	19	29	6	26	55	95	84	14	90	37	14	53	50	99	14	91	69	69	58	91	22	93	82	29	54	36	66	43	60	31	74	18
