pij																																																																																																																																																																																																																																																																																																																																																																																																																																																																																																																			
34	22	87	53	28	84	18	54	66	43	73	29	33	54	26	43	64	57	40	39	42	80	88	22	57	67	34	37	72	33	21	73	58	55	45	75	41	61	83	73	31	67	20	52	75	23	63	29	69	76	48	87	57	69	48	90	64	83	71	98	65	31	79	40	59	29	70	14	47	46	23	40	79	90	28	100	87	60	55	75	48	78	19	98	71	99	66	88	100	22	38	31	47	20	68	99	93	75	19	32	98	37	24	10	57	39	40	62	38	87	30	20	17	38	75	16	31	91	57	92	56	82	59	50	53	21	53	62	23	50	81	38	17	34	13	100	19	73	94	18	26	86	54	50	48	68	28	21	51	11	35	92	51	36	25	32	11	74	36	34	75	42	15	22	79	99	66	84	92	57	90	22	73	55	81	60	30	23	36	73	82	77	16	38	68	58	67	90	40	53	28	12	71	27	11	80	62	42	43	27	52	38	77	69	74	94	95	63	18	17	18	60	84	47	54	33	34	45	47	57	27	30	55	19	58	88	15	42	60	75	78	85	36	86	79	94	59	41	68	68	86	31	31	33	77	69	66	24	28	65	20	94	26	46	48	15	49	77	58	59	68	89	71	22	66	83	34	32	65	40	33	50	81	81	20	61	50	25	76	47	99	59	31	46	95	39	31	58	56	14	66	41	55	60	40	73	68	87	74	14	24	60	54	87	91	18	86	16	17	95	17	35	63	47	80	70	67	25	48	71	50	45	19	30	20	37	35	31	17	43	78	17	84	96	57	53	91	83	45	55	20	87	72	36	23	28	85	78	25	76	16	24	64	40	62	44	62	16	44	28	21	45	95	82	37	94	16	25	17	48	35	61	51	78	52	90	23	86	30	25	91	57	14	70	86	55	95	93	93	17	47	52	16	65	47	51	48	27	45	52	63	84	38	26	51	38	63	42	75	91	90	42	73	52	17	42	10	24	13	78	63	18	92	82	42	29	45	60	53	30	85	61	44	97	28	77	40	63	34	100	23	31	13	24	100	85	44	82	98	29	35	51	83	58	17	89	67	43	83	32	76	79	85	31	14	83	57	92	33	59	18	80	51	96	95	21	84	76	64	38	44	65	44	16	31	80	14	36	91	48	77	92	14	24	74	22	20	60	51	80
10	73	21	93	56	66	57	38	67	54	40	80	27	35	60	67	63	57	22	85	59	47	35	99	40	56	93	48	85	75	95	40	49	89	46	62	62	98	99	58	57	57	60	48	69	80	92	48	82	82	59	96	97	91	85	63	20	26	73	74	29	27	67	54	57	30	77	22	87	90	25	84	40	71	38	84	96	84	36	61	30	43	91	43	67	33	88	65	13	83	39	17	35	26	91	98	53	14	16	38	22	32	20	50	27	37	63	19	82	72	19	76	53	84	49	30	77	93	97	24	16	42	67	58	93	18	20	94	16	37	44	57	55	32	93	24	41	87	87	35	61	10	36	89	29	96	47	74	42	12	75	42	45	71	77	45	83	60	23	72	59	22	33	94	46	56	99	10	73	60	18	67	66	99	59	92	70	93	80	81	23	84	98	39	45	90	59	65	93	65	39	77	13	40	12	100	21	66	10	82	35	77	36	11	48	71	68	71	58	50	53	77	64	82	95	58	32	37	94	78	47	16	74	99	61	82	48	63	57	73	10	84	100	71	98	89	94	19	26	14	99	76	55	23	17	39	34	33	56	68	94	85	75	35	92	24	35	42	22	40	46	91	17	57	68	62	39	84	91	45	63	12	75	38	83	52	65	19	82	12	63	51	52	97	48	61	81	35	30	58	45	58	54	18	52	88	24	42	21	84	99	66	98	54	70	85	46	91	58	15	56	68	100	31	52	74	64	16	71	93	67	18	27	17	53	49	35	92	70	44	52	80	95	83	75	26	68	61	37	95	10	72	49	62	88	11	79	40	72	81	47	13	12	80	86	66	17	74	40	86	20	76	46	52	68	94	26	40	79	43	71	48	20	12	54	99	74	11	69	31	29	34	62	74	16	81	80	61	50	86	14	55	16	44	92	80	30	84	75	59	37	38	24	62	27	31	27	97	84	65	18	16	50	20	57	13	79	49	83	33	89	40	95	22	36	46	25	73	54	64	79	71	97	32	11	25	80	49	100	22	41	34	40	21	24	85	66	79	94	46	39	31	24	34	70	71	94	46	64	33	36	94	62	28	95	89	86	79	77	21	74	56	96	35	64	99	28	61	22	45	71	74	24	23	91	17	44	74	17	41	45	61	46	66	48	70	81	81	33	55
90	98	31	92	67	49	37	66	20	91	73	55	63	39	83	39	46	58	12	69	52	34	54	97	16	11	74	27	36	42	100	17	86	35	41	14	50	51	11	35	27	51	82	91	30	22	17	44	72	58	88	54	85	55	55	82	96	85	80	56	73	44	33	23	91	38	65	48	73	75	43	24	83	71	55	86	80	96	98	93	48	14	16	62	68	37	93	60	68	24	85	46	55	57	31	40	88	31	94	36	72	71	80	100	50	43	68	47	65	56	69	25	36	82	36	92	42	80	30	69	100	55	10	74	74	11	17	48	99	56	18	43	25	53	47	72	69	58	69	50	74	33	42	54	58	52	68	32	63	50	34	86	94	68	96	20	16	24	49	15	70	93	57	96	99	15	56	74	40	91	38	35	69	84	49	47	58	57	16	98	69	60	10	85	75	75	46	90	66	12	59	11	62	64	65	20	97	63	43	89	59	52	31	58	19	55	38	70	87	70	12	34	81	14	100	82	30	93	51	59	32	99	54	61	25	37	93	46	79	93	17	32	43	65	62	99	52	42	27	75	23	45	45	62	53	11	10	63	88	81	94	100	19	62	73	95	65	40	47	22	52	57	83	52	89	60	96	48	86	52	30	54	44	73	76	19	87	43	41	50	88	10	14	41	76	17	45	18	18	29	10	42	45	36	57	63	53	20	83	89	52	74	68	56	84	63	87	15	99	96	41	80	21	51	15	22	95	15	39	29	51	51	85	19	72	35	91	54	47	87	73	61	25	77	26	23	89	66	65	68	55	33	41	75	98	80	85	45	77	33	98	53	27	54	62	26	91	28	42	24	46	83	69	96	49	50	25	26	93	29	40	60	97	95	99	70	61	23	60	42	29	61	60	12	46	92	69	81	73	83	88	46	20	88	18	79	81	89	72	86	28	71	44	75	38	53	76	29	18	39	65	42	21	64	54	72	22	14	21	42	56	18	70	13	85	68	42	65	33	58	96	32	83	72	63	76	84	27	18	60	80	28	65	75	56	12	67	68	89	34	65	67	10	50	61	53	18	13	50	41	63	98	66	29	40	49	57	36	55	45	72	79	13	81	70	16	76	87	87	50	91	35	49	46	48	24	93	53	52	92	91	30	42	85	31	10	68	57	69	81
15	31	64	43	35	40	22	90	60	61	40	75	49	23	53	17	64	27	73	87	99	39	48	60	86	23	64	86	57	43	81	93	70	88	73	28	84	37	18	92	78	28	63	69	29	78	51	26	29	30	83	17	76	70	32	63	14	57	13	24	68	79	37	59	49	82	96	54	40	38	13	33	93	49	33	52	94	77	61	51	73	21	44	72	42	12	26	16	68	80	90	53	64	51	49	14	70	99	95	32	84	77	40	52	10	73	54	62	27	33	86	94	17	32	79	78	31	36	43	94	63	84	50	93	62	20	22	70	10	25	30	67	87	67	12	77	80	40	25	65	65	21	53	38	43	44	67	12	94	18	37	32	72	23	13	96	13	23	18	84	92	42	27	40	86	75	36	31	67	22	48	71	99	58	67	64	82	74	51	60	100	44	70	64	59	57	46	51	88	22	64	28	74	91	80	26	77	42	46	22	78	45	11	86	75	29	61	41	98	83	66	61	47	72	39	32	62	49	39	11	36	61	69	85	99	80	84	94	64	28	66	37	37	23	51	21	37	18	43	93	82	61	34	33	48	37	55	35	49	16	57	85	63	14	23	68	81	63	98	14	68	43	55	89	10	34	62	25	62	29	65	34	90	94	15	65	45	78	54	67	38	99	79	95	44	34	59	73	66	83	70	87	90	24	78	62	20	15	34	12	25	60	48	46	15	70	60	32	86	22	75	66	29	48	15	49	51	74	24	36	61	46	88	22	61	26	35	31	43	42	14	63	96	35	57	70	50	19	46	21	23	37	51	57	12	48	61	80	67	92	32	45	72	63	19	75	99	30	79	95	22	46	51	10	30	11	32	25	28	65	71	32	64	63	68	84	98	83	40	72	93	43	81	85	59	29	73	67	50	49	74	26	51	48	81	81	72	29	96	95	40	81	53	19	40	41	10	26	85	24	76	49	20	29	19	72	68	84	39	37	39	45	72	85	96	16	83	10	42	80	18	21	81	28	48	42	30	53	85	27	23	28	20	84	21	81	52	96	62	49	23	90	26	34	75	32	74	62	68	39	66	47	20	31	94	63	12	25	91	79	13	52	86	21	64	77	60	29	17	84	75	94	99	59	67	38	21	55	24	16	12	81	73	46	25	42	42	79	48	33
79	91	86	14	63	86	39	23	31	89	18	77	54	37	76	51	97	27	75	88	98	80	30	42	51	22	74	61	37	73	38	75	43	51	43	18	87	38	69	20	44	39	95	32	51	43	55	59	32	51	69	80	29	51	78	50	54	89	89	23	79	79	38	54	51	39	90	78	37	49	34	79	18	84	48	45	82	91	72	90	68	91	54	81	88	40	19	11	13	38	53	62	72	35	87	54	22	25	15	18	17	39	76	45	11	86	45	36	60	86	66	77	32	27	62	62	49	11	73	92	15	93	14	43	80	70	76	77	36	17	36	57	46	44	48	17	32	88	76	52	74	98	62	54	88	50	47	83	22	66	32	79	72	51	23	11	31	87	93	33	73	87	80	79	29	48	15	70	11	96	61	45	32	18	21	38	98	43	71	92	26	63	40	72	63	41	73	50	66	24	99	92	84	12	67	88	33	66	15	88	44	33	89	32	42	15	52	56	58	39	12	39	63	57	79	82	23	12	97	98	65	50	12	90	47	78	63	66	75	66	23	41	66	44	44	44	30	21	92	97	49	54	91	47	56	85	54	12	39	11	54	13	66	63	84	91	55	19	71	34	80	85	17	13	31	11	39	60	15	79	63	58	56	53	67	90	92	77	100	31	34	15	32	46	76	45	25	27	100	66	25	95	75	50	63	53	27	29	11	50	46	93	90	55	74	18	90	20	66	46	36	63	42	58	30	59	63	85	74	63	62	23	84	59	22	34	49	15	44	19	61	59	84	11	40	71	61	61	20	69	26	53	56	66	96	13	71	27	46	92	87	76	51	70	19	95	45	52	76	60	98	95	93	32	58	54	75	60	23	53	74	16	15	13	62	33	95	21	34	35	96	86	12	68	63	43	81	28	17	40	40	90	100	66	33	78	36	19	22	85	26	76	99	12	53	76	29	39	87	59	27	46	28	15	83	70	18	92	32	25	83	100	59	88	32	36	53	23	48	66	59	24	74	98	57	67	30	83	98	85	56	11	20	23	43	28	88	77	54	55	14	24	33	47	49	31	44	71	19	23	84	94	50	11	93	43	69	55	57	54	86	83	100	38	16	82	80	100	34	59	64	25	63	82	30	65	15	79	25	95	65	86	58	80	68	68	27	40	60	99
35	71	82	84	95	96	78	28	96	56	45	54	52	30	31	37	94	98	70	69	32	95	74	58	21	14	54	40	96	72	24	72	19	12	16	67	28	21	51	53	85	86	97	89	46	28	75	21	63	94	75	61	43	88	88	45	28	65	95	69	79	53	60	52	63	68	22	100	43	54	57	82	19	27	68	98	93	32	42	15	76	33	99	86	37	51	41	20	46	76	46	90	81	65	31	60	50	38	38	63	22	11	85	35	99	61	79	100	54	12	99	61	17	36	27	82	18	57	37	53	60	45	62	85	51	39	15	67	63	31	47	61	72	90	32	69	31	25	11	95	20	98	42	55	81	43	35	18	84	58	80	80	10	77	88	97	59	69	88	51	30	100	80	19	66	98	27	53	39	36	81	47	48	22	85	69	29	41	77	71	56	93	35	92	47	92	59	54	69	71	83	88	87	68	97	60	81	18	94	96	24	67	26	32	68	26	63	58	80	52	39	64	29	13	61	36	71	97	16	65	94	71	86	71	31	67	95	82	54	78	48	39	45	30	71	79	14	55	18	97	60	49	33	66	26	26	33	33	33	42	57	64	37	90	78	96	99	69	69	23	12	41	38	97	16	51	65	42	10	36	25	61	90	87	55	53	47	60	47	82	42	10	73	75	96	77	74	94	66	80	90	51	69	77	85	32	84	75	39	73	52	57	13	89	65	82	56	54	61	47	14	51	92	79	77	61	78	14	17	77	54	44	29	22	30	87	95	96	37	20	31	64	51	36	74	24	91	84	55	77	93	69	99	66	58	25	97	79	96	14	84	52	57	45	64	39	60	42	22	82	58	19	65	52	84	47	57	89	48	41	26	47	97	39	30	28	21	71	30	37	48	99	69	74	78	98	62	96	72	75	16	48	16	100	19	66	24	74	65	30	13	87	74	97	94	48	97	81	99	77	91	18	11	39	82	75	32	54	43	11	66	54	14	12	71	36	14	78	25	62	15	85	32	47	47	46	15	68	19	75	85	56	28	67	53	38	53	71	10	33	80	67	32	15	96	19	57	25	38	45	74	33	58	57	78	29	86	94	81	27	86	13	68	25	41	27	52	47	92	40	32	95	98	32	74	38	48	100	97	26	42	81	65	24	75	72	17	62	35	37
40	14	24	47	97	95	77	12	75	25	36	67	16	61	37	32	20	50	44	44	73	69	85	16	58	25	47	24	70	11	32	27	23	25	83	46	86	74	59	74	15	89	78	22	30	77	34	48	70	37	56	14	21	96	19	79	60	40	14	50	48	22	82	35	64	83	11	32	86	32	84	83	21	36	83	35	36	37	22	32	54	30	29	33	31	94	71	13	47	62	38	96	63	23	99	87	15	20	71	76	14	62	90	79	52	55	61	44	16	38	53	84	91	61	59	76	89	62	85	78	23	13	76	30	93	65	22	98	95	62	52	77	47	58	18	61	14	27	94	80	93	79	54	79	82	82	67	41	27	32	82	85	73	55	52	59	30	75	88	37	96	85	100	36	50	93	80	36	28	18	89	31	68	29	87	91	37	11	57	28	28	11	92	35	53	40	21	74	33	75	63	25	44	28	90	85	59	73	64	45	49	59	28	69	55	38	69	56	75	19	69	89	68	72	37	71	51	53	85	26	81	55	14	71	63	23	71	49	75	44	10	21	28	14	40	94	67	19	56	85	35	11	15	72	72	53	83	70	24	35	20	60	63	82	48	25	76	49	80	34	63	21	49	54	99	30	83	55	12	42	62	59	51	34	16	64	58	21	51	27	61	100	40	18	19	43	88	66	50	22	78	29	81	93	63	72	45	13	48	88	47	51	95	86	21	14	53	98	44	29	67	50	96	56	92	28	63	43	22	12	82	59	66	33	18	94	31	88	66	85	43	78	38	80	70	19	60	85	36	32	77	45	59	20	23	98	12	64	34	95	22	99	82	66	76	39	26	14	26	29	63	92	51	76	79	12	69	62	97	32	61	37	38	96	13	92	97	70	76	75	87	43	33	50	35	30	39	18	45	52	86	83	61	70	68	69	46	20	50	68	99	100	32	11	35	28	89	32	91	89	18	41	21	90	34	98	59	38	45	34	12	79	97	60	27	14	12	34	94	74	30	45	26	26	27	33	35	40	33	11	54	63	57	22	58	16	63	11	98	88	73	69	70	39	40	61	86	25	60	24	95	85	80	79	16	36	69	35	64	58	78	31	65	28	90	13	25	19	48	85	83	60	24	20	49	63	80	88	15	50	93	65	76	20	93	76	50	27	82	90
34	58	70	76	11	70	43	40	67	26	32	86	88	76	87	28	28	80	31	50	73	30	72	100	30	75	26	45	62	52	23	22	43	90	27	90	47	88	75	69	92	42	57	30	36	90	36	34	90	73	11	38	59	82	33	45	99	44	78	56	48	44	75	20	81	27	40	23	28	82	10	14	52	27	34	91	43	15	31	19	99	36	16	54	44	57	54	65	56	49	34	78	53	15	47	39	44	42	77	14	78	31	49	38	22	12	16	64	99	99	53	76	38	78	86	98	49	22	37	70	10	26	82	65	23	53	94	31	25	43	87	19	91	47	38	40	70	34	37	69	62	13	97	50	59	80	78	30	70	83	35	48	18	42	42	37	73	87	78	23	17	32	54	42	76	60	61	46	53	95	37	23	69	19	55	74	66	49	22	54	100	88	65	94	13	38	28	53	41	46	95	23	58	48	85	49	50	48	80	97	29	79	76	50	62	78	50	80	42	63	73	36	45	50	63	22	44	33	95	98	63	15	27	55	66	59	63	30	41	30	75	58	93	73	52	78	53	81	85	80	53	10	97	86	34	66	96	59	13	40	81	81	53	41	71	14	97	64	20	11	56	46	47	16	48	34	32	33	45	25	31	48	72	99	39	12	11	96	83	67	14	20	17	41	67	77	78	26	56	48	31	16	68	47	14	52	23	14	23	74	79	49	62	81	12	30	24	64	40	18	29	51	30	92	44	32	34	12	78	81	40	98	52	30	50	32	67	41	85	41	49	15	64	19	63	49	94	37	84	49	98	45	93	39	22	46	32	58	90	15	68	39	33	30	31	88	93	99	27	58	50	40	43	62	35	65	81	45	14	16	91	85	86	38	34	11	59	42	99	27	77	97	16	58	36	96	28	98	45	61	87	92	67	70	86	77	19	27	49	84	34	43	62	94	97	83	76	28	81	70	69	66	68	61	73	62	46	44	17	72	49	46	28	17	19	15	81	30	64	13	32	27	66	12	55	30	89	15	58	58	67	66	91	57	70	71	84	48	14	89	15	22	100	54	24	21	98	15	86	56	34	99	20	52	70	77	74	10	72	29	12	24	39	84	46	79	62	15	82	20	77	75	23	96	79	28	96	49	96	56	92	46	69	49	96	66	92	52	94	68
40	84	42	55	43	27	32	28	59	43	16	21	20	31	40	60	16	18	60	50	31	74	40	33	30	14	54	60	68	24	95	49	36	58	52	15	82	84	85	54	74	16	70	47	27	83	27	29	91	92	91	90	43	30	37	51	25	31	76	48	80	66	65	63	53	62	66	34	14	24	33	17	92	55	35	41	50	27	37	50	51	80	65	59	40	13	76	62	87	35	70	96	85	51	19	68	42	98	73	87	38	57	72	57	87	87	83	11	63	84	25	35	33	61	60	80	23	86	55	65	86	15	34	79	58	51	11	49	50	37	96	15	49	49	56	19	54	64	86	11	83	99	63	26	22	69	94	47	79	68	37	20	81	12	77	17	36	83	36	76	62	56	59	21	71	36	75	33	21	41	73	22	17	88	44	74	62	92	47	56	28	38	89	94	64	21	16	40	40	56	71	31	99	50	51	64	55	80	78	30	44	99	34	95	30	37	78	30	64	81	33	23	29	24	37	14	31	23	50	32	98	79	56	11	98	53	88	43	99	46	18	19	34	28	39	67	100	11	88	55	38	80	29	78	39	57	80	43	11	90	29	20	14	68	54	56	38	45	51	92	77	57	40	73	100	55	91	45	82	48	28	20	13	53	17	60	65	95	46	27	46	71	25	44	44	94	60	50	51	89	12	77	20	38	13	86	78	84	27	46	16	11	76	99	50	22	64	33	52	58	84	51	53	78	32	52	97	53	27	55	14	76	59	22	41	19	32	18	18	59	61	27	46	28	80	96	79	65	53	25	81	41	99	90	77	43	87	65	95	25	76	71	66	82	35	21	36	72	96	85	13	42	25	33	87	68	70	56	45	76	16	90	33	82	51	42	73	66	21	94	41	81	66	30	20	28	64	34	23	29	35	63	31	45	23	67	16	70	43	52	79	25	30	91	54	56	91	39	36	73	91	94	36	13	60	88	91	54	72	38	38	19	86	64	58	43	64	26	97	65	72	95	70	67	60	32	31	20	95	97	34	42	96	98	40	97	72	14	92	32	39	82	49	13	94	59	42	52	40	51	47	22	92	44	88	19	38	59	20	65	22	20	85	97	83	36	81	79	76	91	38	89	42	55	76	61	45	69	86	85	49	46	81	71	60	58	89	36	15	77
50	50	25	31	23	39	96	52	60	91	35	61	84	98	72	40	12	43	17	72	86	15	84	37	44	86	24	12	17	59	22	47	31	33	54	48	72	15	100	36	41	50	27	88	71	81	63	49	23	95	87	20	54	42	28	33	78	87	25	54	60	16	26	53	53	52	70	94	43	86	15	52	13	93	13	49	72	90	53	44	79	38	12	89	35	30	83	95	43	85	80	75	35	68	58	23	34	97	34	83	85	51	84	91	42	49	32	21	79	34	87	64	46	66	63	70	60	39	58	55	98	93	75	18	42	56	37	13	93	48	77	79	61	44	33	87	14	80	31	33	51	67	13	88	19	43	28	89	60	78	67	53	89	84	44	84	93	29	38	53	54	40	79	85	90	87	33	39	96	48	38	62	76	55	93	39	47	42	49	26	72	35	85	61	29	59	56	42	83	22	79	98	12	49	21	97	39	56	87	50	16	82	26	51	40	11	35	91	68	57	45	22	89	64	12	49	85	85	42	77	30	62	61	37	68	89	87	88	25	82	63	83	39	83	63	69	79	31	76	73	88	49	96	12	17	15	93	23	85	68	37	98	68	95	30	60	11	55	27	82	44	72	99	19	27	82	45	44	64	94	63	23	55	18	80	31	50	61	61	29	97	42	48	62	91	39	22	69	91	17	36	23	56	20	87	39	24	88	99	13	93	26	87	64	69	93	19	86	56	35	23	72	88	16	87	38	53	13	77	52	83	75	11	68	15	52	43	51	84	87	17	89	33	91	66	53	43	95	69	21	65	50	24	92	67	41	95	59	85	37	51	17	42	27	61	22	23	56	77	36	70	63	65	59	49	74	11	17	69	89	35	76	42	34	92	51	69	60	14	62	84	73	86	12	81	46	49	49	39	45	98	46	20	61	92	84	82	64	56	69	15	91	66	96	29	52	89	42	58	38	67	61	91	12	53	29	80	48	49	42	97	37	38	49	59	83	36	47	85	40	29	59	45	31	37	29	17	93	67	22	65	49	33	57	33	84	37	21	69	56	46	26	43	91	49	66	25	75	64	68	100	88	53	60	30	99	38	29	23	94	17	30	30	46	16	17	31	95	61	65	26	76	86	95	40	90	30	25	10	59	34	21	92	42	54	86	28	64	96	72
56	13	30	78	45	63	95	55	39	65	37	29	22	35	64	81	74	51	62	58	23	93	53	38	43	40	61	51	66	52	17	95	22	37	49	54	83	26	68	58	49	79	99	19	97	58	36	62	86	84	28	73	76	38	22	71	12	43	99	41	88	15	59	69	59	12	72	26	95	14	31	49	63	75	36	47	45	66	27	51	25	38	36	24	33	93	50	56	98	80	24	82	88	81	97	94	68	25	50	77	58	67	85	24	94	27	47	48	54	26	41	26	55	37	94	20	50	71	10	85	98	95	68	17	74	97	51	97	66	25	83	62	66	16	84	59	35	76	46	89	57	60	73	35	55	95	93	68	27	27	87	67	87	81	13	100	78	100	38	23	92	96	56	73	18	20	60	14	92	82	60	42	23	95	74	44	93	45	43	51	44	83	27	74	34	30	33	86	96	51	27	94	87	32	97	19	53	69	12	46	92	42	75	42	76	91	20	64	73	61	79	14	84	60	63	28	70	20	56	59	39	57	89	78	63	40	99	53	39	18	90	92	16	95	30	28	32	10	49	27	13	67	72	84	49	63	80	100	32	28	79	81	15	43	94	36	93	78	12	18	72	94	77	90	81	24	20	95	30	33	45	79	49	94	47	82	80	48	28	89	93	24	39	19	63	16	94	74	65	50	54	13	88	69	12	51	30	37	18	61	99	17	78	73	82	47	48	45	58	72	60	12	23	37	33	66	31	58	42	68	76	51	43	79	45	43	28	33	64	56	93	44	67	73	75	93	12	63	97	29	32	37	63	55	11	32	14	98	27	31	77	66	92	78	38	94	65	47	55	90	11	24	89	95	14	87	34	20	90	71	93	50	84	92	16	16	40	39	37	41	43	29	35	44	16	66	84	36	45	68	32	81	36	96	49	73	93	66	86	75	34	46	35	43	89	13	97	41	64	53	43	66	75	22	63	98	70	59	13	11	90	25	46	46	69	22	91	30	66	65	19	54	76	46	25	32	62	46	17	56	48	22	88	19	100	96	45	69	10	22	29	46	41	87	74	48	20	67	26	91	54	93	34	49	37	97	66	33	17	52	82	73	70	94	34	97	98	25	82	42	92	74	69	74	56	48	64	68	83	95	85	31	44	72	41	41	34	91	66	86
44	66	48	79	60	50	76	52	22	37	70	59	82	77	47	11	48	82	21	70	47	88	54	58	68	55	74	41	37	99	39	95	84	27	11	61	21	85	85	92	37	76	44	62	12	69	77	29	66	69	58	92	98	57	93	85	83	77	59	71	97	88	12	23	30	76	60	87	51	78	35	82	82	55	97	95	60	59	42	84	45	83	62	41	20	32	45	78	35	55	96	73	56	30	13	57	81	91	45	88	79	48	13	73	21	70	53	12	38	90	14	46	66	33	33	57	71	39	45	46	31	41	12	40	56	74	57	36	32	13	86	79	66	97	88	52	52	13	84	69	13	73	15	65	18	71	37	20	90	19	22	49	12	92	81	61	73	76	24	38	24	86	25	10	80	64	26	85	100	65	29	85	76	68	48	43	91	13	85	18	45	72	40	25	98	77	38	58	53	53	39	71	41	69	93	76	38	59	52	36	99	33	78	85	57	91	86	63	99	37	36	50	55	74	80	41	30	72	67	52	41	51	11	21	82	97	12	38	84	77	43	88	55	75	63	50	47	94	26	44	18	93	59	81	38	11	24	91	38	52	17	22	51	15	85	89	36	90	20	63	37	27	90	52	63	76	48	96	43	58	51	41	50	61	90	23	25	91	66	50	46	44	21	71	21	96	12	59	94	37	12	98	20	68	26	23	29	32	98	54	79	21	98	58	65	33	46	12	29	66	12	32	59	72	11	12	58	42	70	25	50	37	99	87	91	79	39	61	18	89	26	25	86	77	32	99	76	55	90	70	28	64	31	31	85	64	43	74	51	23	45	98	88	13	82	74	55	50	63	41	64	47	98	47	84	74	68	20	54	33	33	77	26	77	62	11	59	24	76	64	18	32	66	48	11	55	88	94	29	84	19	54	24	91	86	16	30	43	72	31	26	93	38	22	98	100	80	27	55	64	25	87	93	56	54	46	63	22	40	66	60	68	10	41	89	92	19	90	71	35	87	36	56	57	92	39	30	59	96	38	31	12	60	52	60	92	33	73	56	68	47	57	31	40	46	20	96	75	66	95	61	17	40	65	23	82	85	51	80	57	85	13	46	33	14	15	40	77	61	66	34	54	71	97	35	42	75	48	59	28	66	31	54	60	11	48	96	70	70	12
39	87	16	67	30	67	89	21	27	93	98	32	93	39	43	10	60	67	56	86	51	70	21	94	23	76	71	50	73	44	23	74	63	61	72	96	92	70	42	51	32	28	85	85	70	87	77	36	54	67	60	43	21	48	93	70	52	27	27	75	33	46	65	84	24	53	51	57	85	81	75	53	42	100	79	37	37	42	49	74	87	14	27	72	52	95	98	99	51	73	29	35	67	79	60	71	16	30	20	23	67	31	48	50	73	66	34	83	22	21	35	94	28	20	13	97	31	65	55	83	98	50	14	31	70	86	12	97	38	72	91	21	25	85	13	75	57	88	55	70	99	52	42	78	47	40	85	31	36	46	52	35	86	94	46	72	74	90	31	52	49	55	11	78	18	13	86	61	82	98	88	59	29	63	60	67	56	77	76	33	92	92	41	34	25	86	89	24	92	50	67	62	22	53	66	27	27	30	46	16	16	27	80	28	66	18	69	81	38	71	39	59	54	75	73	73	78	41	74	51	46	32	64	42	14	13	86	70	76	74	91	45	45	88	52	19	83	79	33	50	55	88	29	69	14	42	21	67	34	45	99	73	89	93	93	89	73	79	38	95	94	64	41	79	71	75	63	94	78	81	93	76	75	46	99	43	68	31	46	62	30	51	72	55	48	30	32	55	14	25	56	41	77	88	76	86	54	39	55	51	11	65	53	57	66	92	13	73	13	23	30	19	66	24	20	84	10	58	84	28	70	41	36	84	75	33	37	98	13	90	47	38	82	24	92	25	36	54	32	43	67	65	21	69	100	48	15	26	70	66	50	45	25	75	53	70	55	79	62	38	65	92	45	13	64	95	30	32	18	47	60	36	79	66	87	51	37	13	14	26	26	95	61	23	32	37	84	13	79	35	34	84	100	69	64	21	35	21	58	98	78	94	34	66	94	98	72	69	57	53	40	48	20	85	37	82	79	91	57	31	77	79	69	15	45	49	28	79	65	14	82	76	15	19	94	86	80	72	41	49	75	52	71	100	45	89	63	72	89	84	19	21	51	14	18	48	52	11	76	28	59	59	37	39	86	100	40	88	45	85	45	61	70	42	42	50	95	73	48	64	42	81	96	47	60	68	80	48	93	60	95	15	32	29	84	86	42	43	74	91
21	87	56	63	81	96	32	73	51	20	75	33	11	95	50	70	43	75	90	69	11	27	13	34	91	40	40	44	85	10	53	88	65	23	49	92	43	97	84	38	53	59	97	67	69	49	89	64	19	19	27	78	17	21	28	89	38	58	25	66	50	87	48	63	94	73	95	72	24	56	62	36	90	59	98	48	97	63	70	95	88	85	48	97	69	15	23	22	51	88	63	13	65	32	65	47	66	58	88	44	30	19	72	39	14	83	91	89	75	33	72	14	53	44	61	28	45	19	39	42	98	89	89	88	35	39	61	97	13	27	31	30	99	70	77	74	49	45	32	47	88	41	21	27	68	42	26	74	92	13	70	85	35	70	59	32	34	43	85	21	51	14	57	89	32	40	52	71	39	92	74	21	28	61	67	38	26	77	17	52	58	19	69	49	93	39	98	55	31	32	28	30	88	86	23	24	16	60	13	57	12	39	27	94	90	61	93	15	58	58	74	24	27	63	99	71	16	79	57	55	63	34	64	28	30	52	66	74	37	87	31	34	81	91	21	43	47	33	14	43	80	28	88	90	74	54	55	86	71	57	47	16	67	15	19	59	16	22	33	56	27	27	39	30	33	38	74	54	48	79	64	16	69	64	68	53	52	58	57	47	87	69	40	57	85	24	51	74	59	82	79	49	36	66	43	13	79	76	31	35	56	42	21	77	33	88	35	45	49	27	76	62	64	43	92	29	20	73	35	91	57	56	92	78	27	64	32	100	60	80	38	15	45	19	95	35	37	30	87	71	47	57	25	39	59	92	22	22	40	34	84	70	64	93	98	35	70	76	21	45	80	35	57	79	48	28	51	83	99	46	93	58	96	62	70	28	42	75	14	26	45	91	93	31	62	38	43	80	18	10	42	36	12	13	70	64	52	17	27	54	17	21	18	27	83	26	87	71	56	78	53	98	21	65	98	57	86	97	99	63	86	12	35	80	82	49	34	39	54	66	74	59	79	66	53	83	88	71	71	23	81	96	39	35	30	15	64	11	60	29	30	98	65	62	50	85	52	31	56	39	92	84	55	15	72	89	57	99	81	77	26	73	91	10	83	82	18	21	77	40	64	43	90	54	48	66	17	56	85	31	10	77	34	63	100	81	13	65	32	59
65	82	52	49	77	78	93	82	30	62	33	46	96	75	48	98	39	31	97	29	68	50	48	27	37	14	63	75	72	82	88	55	36	99	45	52	26	44	30	78	22	27	38	56	65	27	30	42	45	73	23	80	18	44	29	56	40	29	77	83	55	66	35	39	52	60	42	33	13	46	48	48	30	96	31	12	19	93	32	44	78	95	68	37	16	27	82	66	52	35	97	87	20	90	74	51	81	22	71	78	30	13	57	66	34	40	91	79	80	76	18	42	74	70	51	31	12	16	16	41	21	26	93	85	52	79	78	48	23	63	90	33	94	69	43	22	97	34	58	18	29	90	62	21	20	97	72	62	46	23	14	32	32	61	75	18	85	20	82	86	87	23	33	12	81	35	10	37	78	59	76	61	86	27	64	59	83	19	84	32	40	97	30	63	46	15	55	86	53	42	97	29	67	71	63	17	45	93	16	83	40	65	65	37	25	23	89	35	47	49	72	49	79	86	42	52	16	33	25	30	29	26	37	16	45	37	15	63	69	89	30	59	37	72	64	74	83	19	98	97	38	38	74	34	27	36	56	66	98	63	63	88	11	30	18	46	43	97	44	70	77	61	86	77	19	75	54	11	17	87	20	81	14	42	26	85	92	65	29	48	56	60	70	99	51	41	70	67	77	93	98	34	75	60	55	73	70	27	15	30	21	94	28	45	97	62	82	61	44	71	73	29	17	83	75	45	68	75	89	76	71	62	62	68	55	33	59	56	83	82	46	47	44	47	46	38	47	91	79	12	73	25	41	24	78	15	84	88	21	73	64	65	18	35	37	66	45	46	91	18	11	67	83	47	47	51	76	90	64	69	27	18	63	55	60	51	20	54	98	67	27	15	45	50	22	80	42	19	60	30	64	38	94	73	72	58	98	57	82	13	89	58	89	14	49	38	66	99	73	78	32	50	46	43	73	81	19	10	81	61	71	12	50	29	30	29	68	16	82	53	92	50	62	54	37	72	50	71	17	31	69	16	93	73	23	93	68	57	44	43	82	70	91	19	64	32	72	82	72	78	11	12	35	23	80	61	58	34	14	45	23	19	80	11	54	12	33	60	40	23	45	21	23	88	11	28	50	90	71	82	21	77	79	38	72	11	43	98	82	58
36	16	51	93	74	61	58	93	16	65	81	63	88	100	17	85	14	80	96	14	59	81	64	32	64	86	85	59	35	80	87	28	21	80	94	11	74	35	95	21	71	18	17	81	22	21	92	57	28	32	43	21	78	74	73	16	88	14	64	57	24	45	86	47	38	95	78	18	31	61	17	31	15	67	27	72	20	31	59	41	68	87	29	36	58	37	98	31	98	87	80	81	66	69	43	73	87	63	86	34	25	85	40	63	13	26	17	86	96	86	73	44	67	47	79	78	40	50	20	30	50	34	48	14	76	26	28	34	73	87	19	51	78	45	61	65	19	39	43	68	48	12	13	89	89	19	85	93	39	66	50	22	45	41	23	26	33	69	83	13	31	68	83	50	36	23	51	66	52	99	25	24	91	89	11	60	94	55	86	53	20	11	93	28	45	58	19	50	38	87	91	13	85	63	57	53	48	49	56	90	100	89	22	42	98	20	40	59	77	55	35	64	49	86	87	61	34	59	52	35	74	58	99	29	99	86	100	51	78	53	37	16	37	18	67	91	95	81	84	31	44	82	37	19	32	83	58	13	24	47	60	63	21	80	61	71	48	21	12	89	20	13	73	17	14	90	14	26	82	95	46	85	68	89	26	90	89	52	58	45	88	55	83	53	53	40	71	59	21	24	57	49	67	80	42	17	27	41	88	13	38	39	75	27	66	52	59	81	91	22	72	34	49	13	13	89	60	35	90	92	75	14	12	66	20	64	87	99	33	67	49	90	72	24	49	84	59	94	89	16	76	19	85	45	73	56	77	98	90	34	53	33	96	15	94	79	75	19	70	44	46	16	80	36	15	39	19	41	82	95	28	55	94	37	37	99	82	29	17	63	26	76	65	37	74	71	63	41	42	20	17	55	58	60	46	97	53	10	25	24	54	97	50	44	48	55	93	46	75	33	11	93	83	91	11	70	29	50	50	61	23	85	33	62	82	25	59	89	92	79	22	90	91	83	39	40	70	91	96	27	48	37	27	27	60	63	83	15	68	73	36	91	79	41	96	20	76	47	34	29	66	33	33	85	34	19	96	50	45	61	66	29	87	38	82	26	64	38	16	52	90	78	64	40	57	81	17	83	86	84	12	21	11	68	87	68	26	75	93	43
20	29	45	18	22	72	57	51	54	20	53	61	25	33	47	78	81	68	42	73	47	82	74	12	21	85	54	30	61	86	90	14	78	93	31	79	24	16	82	65	36	47	65	72	34	66	43	24	83	64	87	62	39	20	98	39	93	88	96	53	63	82	71	17	36	86	94	22	68	52	62	30	67	25	32	12	52	52	80	58	82	92	49	55	71	80	70	86	11	91	73	97	57	62	60	76	22	12	95	11	61	89	98	20	13	28	83	62	57	42	98	83	38	92	70	16	34	46	62	22	100	21	86	77	32	13	58	97	92	46	37	96	42	59	72	38	87	80	73	82	19	76	50	24	78	52	41	86	66	89	21	97	30	11	40	56	14	98	85	91	13	66	94	11	84	80	74	54	14	66	80	13	36	49	90	90	56	70	93	41	64	34	87	49	30	39	58	20	25	46	85	69	18	53	73	87	59	52	70	95	14	16	37	48	15	86	27	96	36	35	31	79	74	81	11	12	45	24	77	32	62	16	48	97	86	97	99	29	46	18	10	29	96	54	86	62	71	17	47	13	34	73	88	58	56	79	33	36	13	67	62	74	60	26	17	41	44	100	81	68	69	51	37	18	36	83	73	12	46	16	98	32	24	17	81	49	80	40	79	70	60	83	18	62	64	65	11	65	34	63	50	46	80	93	100	42	11	92	59	31	59	56	75	18	78	95	48	18	39	91	29	19	81	62	29	88	77	28	59	96	51	29	17	19	85	78	89	95	20	48	14	84	69	30	46	94	31	14	82	28	57	74	22	75	21	81	71	49	40	93	58	59	63	12	36	70	68	87	91	97	60	14	68	68	16	32	13	14	16	71	46	19	28	81	22	35	32	96	98	21	79	78	62	31	98	91	29	31	61	37	15	53	71	13	82	92	21	60	47	15	47	82	90	85	52	43	55	87	62	56	86	55	49	87	93	21	88	29	32	61	94	47	30	89	13	14	27	81	24	57	30	81	49	59	59	82	53	37	56	43	73	81	81	35	31	100	21	17	36	63	43	21	65	85	100	88	32	20	45	20	79	34	71	31	12	52	43	98	59	78	80	72	76	88	37	54	63	99	67	99	60	47	86	35	60	84	54	47	30	100	82	17	74	84	85	32	49	36	48	78
58	22	70	76	72	64	99	69	51	10	98	49	90	61	24	17	14	61	97	86	48	49	44	93	67	93	30	28	28	61	88	95	91	17	80	97	46	81	72	38	23	52	34	45	74	44	37	40	88	48	72	49	61	44	24	92	93	74	33	99	21	71	48	66	54	48	67	37	23	24	30	41	99	69	57	78	14	36	19	81	17	44	23	44	71	84	17	98	70	86	43	60	70	21	74	61	96	77	61	67	64	95	80	29	95	53	15	62	29	31	72	62	62	71	25	88	58	83	25	95	71	81	98	44	93	55	10	83	12	81	26	45	71	37	15	62	90	95	88	28	45	66	65	27	51	47	89	13	19	92	51	18	29	82	58	96	50	40	91	53	69	79	68	40	26	11	94	61	12	26	38	77	73	77	46	28	24	21	47	93	19	82	25	53	53	49	71	53	60	94	90	80	50	33	52	64	20	37	78	85	46	96	94	55	68	50	85	68	20	82	41	71	54	30	31	54	73	26	95	67	33	32	41	81	62	47	64	94	82	13	82	87	12	69	20	18	34	59	62	29	60	87	45	84	55	60	64	18	95	93	65	36	63	13	42	80	67	92	43	38	41	28	72	16	30	66	87	94	80	82	65	49	47	37	49	46	23	54	67	46	83	75	95	72	73	74	25	35	29	79	50	94	35	75	50	87	20	69	87	42	36	71	91	63	99	41	19	97	83	58	57	85	30	20	29	75	13	73	75	13	92	30	41	53	17	43	33	53	38	55	31	21	71	78	19	76	34	93	24	44	18	97	28	53	67	59	79	97	38	64	41	73	22	79	69	83	60	56	55	68	68	65	27	12	74	27	75	74	98	67	77	76	56	35	66	95	85	81	44	53	53	39	60	87	92	24	80	47	70	66	37	18	88	51	23	16	39	15	85	74	76	25	26	98	51	14	35	77	29	86	98	45	35	36	44	82	18	72	78	35	97	83	59	57	25	39	49	54	41	69	60	90	58	34	77	99	97	16	80	58	59	74	68	26	26	46	53	48	54	65	65	86	67	87	80	98	44	24	77	89	57	13	82	13	74	64	33	47	18	51	23	24	21	27	89	35	25	92	94	17	36	69	39	83	70	72	80	94	71	87	47	33	16	12	45	80	15	48	91	79
94	15	75	12	60	11	58	41	27	69	52	30	82	75	19	75	78	86	65	41	51	38	78	55	16	91	44	96	90	66	73	55	75	56	83	98	18	31	45	21	46	33	86	24	54	38	93	68	49	80	85	82	19	48	69	58	17	45	54	55	97	33	91	74	98	87	34	99	15	67	90	24	26	87	55	64	14	30	74	10	62	77	35	40	37	11	36	49	46	77	30	80	38	60	42	47	93	62	54	46	96	99	78	24	87	77	99	91	38	19	89	15	33	44	98	26	20	82	69	32	92	34	76	37	82	87	34	88	78	73	29	22	28	87	95	50	59	18	30	31	70	63	19	11	89	86	97	82	42	25	85	69	96	92	11	22	65	80	38	87	87	64	16	46	30	35	35	22	83	34	47	37	39	54	43	37	59	85	61	10	19	45	26	52	74	90	24	80	20	85	56	44	91	42	76	73	56	37	23	38	91	73	77	85	47	39	32	63	46	83	27	19	67	85	92	74	13	30	47	57	33	86	54	14	51	66	53	91	61	86	28	36	69	65	42	34	42	64	14	62	40	11	85	33	96	99	99	35	94	97	30	26	18	28	91	44	88	98	89	17	68	96	12	81	94	27	23	72	23	74	72	36	26	85	68	18	63	80	92	33	44	34	99	94	31	28	67	56	66	82	40	64	86	37	35	10	50	20	56	96	14	66	57	78	88	61	27	23	43	66	55	19	44	72	93	88	93	10	45	82	52	34	64	52	80	15	99	23	71	26	49	17	47	45	78	10	21	20	92	63	57	32	91	22	57	85	22	94	11	83	78	95	17	92	63	73	10	11	88	55	49	87	43	23	68	57	16	29	70	88	35	90	33	34	58	47	60	87	78	89	20	68	41	28	77	21	99	89	27	41	18	45	16	93	21	40	64	52	34	53	54	16	92	27	15	80	46	79	62	34	29	12	99	63	100	21	63	81	57	90	13	30	33	75	30	93	31	48	49	70	70	18	47	79	22	77	26	11	45	96	92	69	37	60	69	79	82	84	70	41	71	84	17	28	60	98	44	62	32	68	75	49	24	73	21	25	24	10	29	88	79	99	11	14	98	75	56	83	81	27	50	30	19	55	62	85	29	72	78	41	37	89	12	27	53	14	77	81	83	80
63	56	30	39	59	36	62	31	76	13	84	75	23	54	17	12	77	12	94	58	75	47	36	86	40	71	50	56	57	97	69	89	21	31	26	77	61	47	92	59	36	64	64	97	93	37	48	71	53	16	25	17	37	20	59	83	54	96	19	13	59	95	52	52	96	52	84	33	77	53	68	61	96	81	87	65	62	27	55	94	55	63	62	10	56	78	54	53	31	17	79	92	16	94	86	14	81	83	96	91	59	98	54	91	92	73	47	91	24	31	45	65	64	43	73	27	43	15	52	19	60	59	99	19	60	55	26	41	60	84	11	54	99	48	54	68	65	49	96	63	88	76	87	95	43	14	49	68	60	22	12	19	70	30	57	21	13	33	44	61	58	84	12	84	52	24	71	82	39	76	74	26	39	24	12	13	46	84	85	17	98	34	31	48	100	69	41	63	74	29	40	69	11	69	55	96	32	22	75	41	78	65	15	62	81	52	85	47	80	73	63	33	81	64	56	67	45	55	88	34	63	56	92	49	37	40	62	19	55	66	44	36	29	85	87	42	54	87	56	41	26	79	36	86	74	96	89	26	26	39	71	50	41	11	36	50	86	97	32	62	56	88	38	46	95	68	51	52	24	48	27	16	65	11	91	46	98	19	36	31	62	67	70	75	15	14	18	96	50	18	50	20	61	29	30	43	46	23	69	82	88	81	70	54	18	15	92	54	82	51	18	100	49	36	69	77	22	50	78	39	49	77	63	68	33	31	35	44	73	17	74	89	14	42	91	20	94	95	63	87	12	61	62	52	76	96	66	45	61	69	67	70	43	74	28	30	35	45	89	60	73	39	42	15	74	16	86	98	28	30	91	24	35	51	15	51	96	31	71	22	37	77	99	86	69	36	64	81	90	18	94	18	30	24	30	33	94	12	12	47	64	37	32	83	42	97	69	88	93	49	85	66	79	38	93	51	10	21	46	50	64	86	94	78	89	88	70	96	36	36	71	51	64	68	80	18	33	41	44	47	13	15	15	22	95	62	65	12	95	92	25	46	95	59	17	19	97	12	93	68	27	59	37	48	55	44	75	27	20	91	92	83	93	53	29	16	68	26	87	59	86	92	43	42	90	35	87	51	42	49	51	76	58	43	93	95	74	26	75	76
wj																																																																																																																																																																																																																																																																																																																																																																																																																																																																																																																			
88	87	39	62	95	60	50	58	14	92	42	29	14	6	71	77	59	52	3	21	91	21	81	47	83	2	52	27	37	70	49	27	5	6	95	58	22	25	13	50	56	80	32	47	98	1	12	72	28	21	62	44	10	30	27	10	92	31	1	49	31	83	54	40	44	28	34	100	4	2	48	2	83	24	33	20	63	12	49	19	2	60	70	40	7	46	8	99	88	21	75	75	34	91	83	42	91	83	77	49	48	2	21	91	29	67	95	48	93	25	68	52	12	49	93	46	88	29	67	4	80	57	17	92	100	72	21	80	38	42	68	1	24	39	25	54	79	29	11	9	7	68	25	84	98	98	15	96	44	38	90	52	48	95	17	11	60	93	87	79	42	55	22	17	81	8	9	19	79	53	16	13	66	19	48	19	98	10	59	20	12	38	10	10	52	33	30	2	97	62	49	85	1	7	54	56	43	66	57	50	40	25	53	85	43	94	23	52	88	5	70	58	92	65	24	20	31	34	85	44	52	65	11	90	29	36	27	83	41	70	75	26	24	99	34	29	17	82	25	29	2	67	83	66	57	81	20	67	73	46	87	52	75	14	71	35	48	97	94	13	41	18	89	64	9	60	44	57	11	6	80	14	93	9	57	56	73	59	96	47	14	25	45	35	60	9	47	27	49	84	54	82	28	67	6	31	75	21	81	66	49	99	56	6	50	74	87	77	83	7	28	65	7	96	81	5	19	16	92	24	16	15	87	84	83	46	22	18	31	2	48	28	72	89	71	97	17	40	37	15	98	12	89	74	96	14	14	65	10	94	38	78	84	75	38	54	26	64	23	80	55	7	40	3	28	41	56	92	55	58	28	20	99	33	20	20	7	68	35	80	49	92	58	69	68	4	45	47	58	26	6	38	6	6	61	56	96	31	79	44	29	27	37	82	56	77	75	8	88	10	39	55	90	82	85	82	48	19	57	48	22	59	59	85	98	46	51	93	89	76	58	37	61	85	90	76	57	21	69	87	31	87	39	60	11	36	80	93	77	61	48	52	37	20	32	85	54	96	54	49	14	44	13	90	33	14	24	98	7	49	38	76	30	96	25	25	88	97	37	44	62	72	30	16	10	7	49	56	29	42	15	1	47	2	23	43	34	27	30	6
