pij																																																																																																																																																																																																																																																																																																																																																																																																																																																																																																																																																																																																																																																																																																																																																																																																																															
74	74	72	79	73	80	71	78	75	89	87	78	82	85	72	73	82	85	83	86	85	83	77	90	81	86	73	89	77	21	78	87	79	90	84	70	85	75	86	73	75	75	83	79	72	81	75	89	84	76	84	73	82	79	82	78	73	83	78	89	90	88	78	81	75	73	88	81	85	81	86	89	70	72	76	87	87	86	72	77	90	80	85	84	21	76	71	89	74	89	86	87	79	90	73	72	85	71	82	81	79	78	77	74	77	89	85	72	79	72	81	72	71	86	76	82	79	81	75	75	83	83	74	72	75	79	83	74	86	89	83	87	84	88	83	75	80	71	78	77	75	82	84	79	76	75	85	70	19	85	77	76	83	77	22	72	81	79	74	84	78	75	71	73	80	86	73	83	71	84	75	85	79	86	25	81	74	76	87	22	85	25	77	84	89	80	84	90	70	71	85	72	79	89	83	87	87	78	71	86	78	90	82	71	79	70	70	80	84	89	73	89	78	83	86	81	80	88	86	72	74	77	82	79	80	76	82	70	72	83	81	75	84	79	72	81	75	86	75	81	89	86	85	71	80	88	82	71	18	72	82	80	79	85	82	78	75	88	78	82	82	88	80	87	89	83	74	90	83	82	81	77	81	88	84	88	74	85	75	81	79	79	87	85	90	80	75	79	84	80	88	87	76	73	82	80	88	80	76	82	76	89	77	77	84	79	88	88	73	80	86	89	70	79	80	73	85	90	90	80	23	20	73	84	75	83	73	85	76	78	74	82	77	75	78	72	83	17	88	80	84	88	74	81	74	75	75	78	75	81	75	86	90	86	75	73	73	84	71	81	26	84	88	84	78	73	77	83	85	80	73	77	77	86	81	85	83	71	73	75	72	76	81	25	82	75	89	25	77	72	72	79	82	86	79	74	87	80	88	75	26	88	85	84	74	79	71	75	72	89	77	82	75	84	84	89	83	79	84	70	82	72	87	83	71	71	87	72	90	72	84	74	86	83	77	88	76	85	74	87	76	86	84	76	75	77	85	76	78	86	80	27	84	75	82	88	88	71	84	81	72	88	80	76	85	88	81	83	79	81	89	81	81	72	77	76	82	80	79	78	19	85	87	77	87	81	85	90	17	90	82	82	76	89	83	74	72	86	85	71	24	81	82	83	89	81	73	72	73	78	77	25	71	85	76	88	21	74	22	88	78	79	71	82	71	75	90	87	86	87	71	89	75	90	71	71	89	72	81	89	76	78	84	89	89	73	75	71	18	80	74	80	80	73	79	90	78	79	86	21	83	82	86	72	71	73	77	77	26	18	88	76	81	73	87	85	82	73	19	71	85	90	81	89	90	84	70	75	77	71	76	75	76	88	85	72	73	88	87	72	72	74	84	83	74	21	88	83	76	74	71	77	74	75	80	85	84	77	86	73	90	90	18	83	84	79	72	88	76	79	79	83	88	86	79	20	89	22	84	73	79	75	78	77	90	83	90	83	85	72	89	85	80	80	87	81	26	88	72	25	74	20	77	77	74	81	77	74	72	75	80	80	26	75	90	72	89	75	74	89	83	75	74	83	71	77	83	72	73	72	80	71	84	78	80	74	85	74	73	86	80	78	82	81	83	86	83	80	83	81	89	88	75	81	78	84	76	73	75	71	73	85	71	83	84	86	77	82	84	80	83	90	72	71	82	80	77	75	88	78	76	77	80	17	81	73	73	70	80	89	70	75	76	88	76	78	87	73	70	74	88	80	90	73	81	88	87	79	77	74	86	87	87	73	78	76	73	72	81	76	81	86	74	80	74	81	87	77	85	79	76	88	85	21	76	82	75	78	77	83
76	76	89	84	84	80	22	89	83	81	87	73	71	71	75	81	86	76	87	80	76	70	72	85	26	21	74	21	75	21	74	70	89	90	88	76	27	73	21	78	80	74	82	79	80	70	85	74	88	88	78	75	72	74	84	16	85	70	71	79	82	72	86	82	78	87	78	86	85	85	22	72	72	89	79	84	74	81	76	23	74	84	84	73	73	88	88	83	80	83	78	89	26	81	79	81	82	70	85	76	82	70	85	84	89	77	71	24	85	80	72	82	89	81	70	71	81	83	78	73	24	73	71	73	89	78	78	85	73	72	74	89	85	87	83	74	76	81	84	90	17	85	78	82	71	85	73	78	78	21	70	74	78	87	83	84	74	73	82	74	84	85	77	77	78	19	88	76	84	72	76	80	73	83	88	84	80	72	75	74	26	82	86	78	80	81	85	18	73	82	81	80	77	89	84	19	21	80	19	20	22	73	81	77	78	87	81	84	82	74	23	75	83	84	72	75	28	73	80	84	71	80	72	87	71	87	75	82	83	89	89	80	82	26	90	83	75	76	76	82	74	79	86	81	87	76	73	78	85	77	76	81	83	86	76	88	21	87	84	76	88	89	73	76	83	25	75	89	75	71	87	18	79	20	77	83	74	83	85	79	76	78	73	76	74	86	81	70	87	76	74	74	73	79	23	86	89	79	76	81	74	27	79	82	78	89	90	78	81	74	74	78	88	88	86	25	76	88	88	19	89	72	78	75	73	86	83	74	22	81	28	71	89	82	87	73	88	73	74	76	71	83	80	76	80	88	76	81	80	73	79	17	80	82	73	74	73	85	81	83	70	87	76	73	89	80	85	80	87	72	88	84	86	72	85	80	80	23	84	71	20	78	79	90	78	70	83	85	17	86	88	82	75	89	72	88	18	89	74	81	80	88	82	85	73	73	76	77	87	86	84	82	89	82	82	78	88	24	82	79	83	78	74	84	88	16	86	70	72	26	73	80	75	82	87	88	26	82	88	84	81	76	88	73	82	78	77	72	78	87	81	73	76	26	71	77	72	71	77	71	79	86	85	88	89	18	75	81	74	82	90	23	73	79	75	89	22	74	71	73	85	20	87	74	88	81	87	86	84	75	71	86	71	73	80	25	80	77	73	87	84	74	73	79	82	81	82	86	83	90	77	71	20	90	86	85	89	76	79	20	72	23	84	73	78	72	89	81	75	82	81	83	89	86	74	76	76	27	70	84	85	87	77	71	88	24	82	88	71	89	79	85	83	89	74	77	82	80	21	21	20	84	88	71	76	18	21	87	79	70	84	79	73	76	16	86	77	85	77	84	83	80	73	85	80	80	87	79	76	90	71	74	84	74	85	75	75	88	28	72	81	89	25	77	86	76	85	72	88	72	84	83	71	83	82	79	84	75	75	72	73	70	84	79	73	88	73	74	83	85	72	26	17	72	89	78	75	71	83	18	82	73	88	70	84	84	24	17	84	89	74	83	19	85	83	72	86	75	83	77	83	86	80	77	82	85	78	72	81	74	73	26	74	77	79	72	76	84	83	74	76	78	82	75	21	77	78	76	21	72	72	80	75	87	22	72	21	73	77	25	23	24	85	80	79	78	26	80	76	73	81	82	83	86	87	88	80	85	83	71	70	85	86	75	81	74	73	82	81	79	75	82	78	71	74	74	73	20	75	83	75	87	23	74	80	84	17	79	20	79	73	90	77	74	22	82	74	77	86	88	80	84	73	79	84	86	79	80	72	21	70	84	89	77	74	86	83	85	71	74	83	82	86	78	71	88	88	82	75	77	82	76	73	86	85	78	73	80	88	88
88	89	20	84	86	24	89	80	86	84	73	75	89	86	76	16	70	76	88	24	83	21	79	90	87	86	77	73	83	81	23	73	21	82	78	72	72	88	76	75	72	90	86	87	20	88	88	80	82	81	87	78	76	80	79	85	80	77	80	71	76	75	22	26	74	19	87	19	73	84	72	70	25	80	24	22	77	73	79	73	72	20	88	81	75	86	73	76	85	23	80	83	81	26	75	82	80	76	84	83	82	19	81	79	73	80	76	71	78	79	81	22	81	76	74	83	85	81	84	73	89	71	76	73	89	88	78	87	76	77	83	83	70	88	86	28	84	75	83	82	79	83	74	75	81	73	76	77	70	75	82	83	84	28	86	88	79	76	86	17	73	71	71	82	74	79	86	85	71	78	77	80	79	73	89	76	86	17	86	79	77	90	76	73	85	71	76	78	90	85	70	74	85	25	87	84	89	80	74	70	85	78	78	81	87	78	86	81	74	20	85	89	19	86	71	83	84	86	83	88	87	86	77	86	80	80	75	75	86	21	75	81	73	81	72	78	78	78	81	20	88	72	72	81	77	82	78	80	74	87	79	87	74	83	88	75	85	82	75	80	81	73	83	78	88	82	85	89	71	83	26	19	85	85	29	73	86	79	86	20	73	78	74	76	71	82	71	90	83	80	77	75	70	81	85	77	71	78	71	86	87	86	85	81	73	85	78	75	23	77	80	80	72	90	81	74	78	74	83	82	76	71	23	70	88	76	75	80	77	72	81	81	78	72	77	74	75	71	26	89	77	76	90	71	87	72	78	75	77	73	88	79	75	86	78	88	71	81	89	82	72	87	82	21	74	23	73	71	85	21	76	73	89	88	78	81	73	87	86	76	74	83	74	75	89	83	75	83	79	77	86	80	88	88	76	88	72	86	71	89	86	80	72	81	82	82	73	23	87	76	87	77	72	85	89	72	86	79	24	80	85	84	27	20	80	79	72	85	85	74	81	86	71	77	88	84	77	74	84	24	86	85	76	74	76	73	84	76	81	76	73	85	83	78	79	82	17	76	87	79	22	76	84	71	89	79	73	25	23	89	83	86	75	86	89	86	75	77	84	20	80	73	89	74	74	86	80	78	81	28	84	79	71	81	90	79	82	26	79	25	82	74	79	73	86	80	71	85	88	27	71	78	86	82	19	83	84	81	71	88	86	70	89	81	19	77	75	79	77	80	20	81	71	77	18	24	75	85	84	90	73	82	22	89	16	81	77	75	81	79	84	74	88	79	74	73	21	78	77	77	80	21	76	73	19	75	89	22	81	72	83	21	75	72	85	85	81	73	82	84	89	84	83	74	79	84	73	78	73	73	80	23	79	82	77	81	88	89	81	19	76	77	25	24	82	90	79	21	76	82	81	83	74	81	73	71	87	78	78	73	85	87	79	84	80	87	86	80	88	70	81	82	85	82	88	87	76	72	23	74	83	83	86	87	76	23	73	90	81	73	72	75	74	72	88	88	82	81	72	81	82	89	83	25	18	76	76	81	85	85	76	72	72	85	73	77	77	77	78	70	83	87	87	17	80	70	77	72	74	85	76	72	79	72	77	21	84	79	79	72	79	86	84	74	77	88	74	74	19	74	72	78	85	79	86	80	86	86	80	87	83	76	72	86	75	84	79	73	84	78	78	79	76	88	82	87	86	86	89	78	79	84	79	77	84	88	79	74	90	16	74	77	77	74	82	74	87	80	72	22	82	87	74	73	88	84	86	89	90	73	71	72	90	90	23	85	75	88	76	71	85	74	82	82	83	86	80	74	82	77	87	71	72	76	86	83	86	74	87	74
19	73	78	88	79	77	75	73	71	75	80	74	87	85	79	87	72	74	85	87	77	76	82	90	79	72	89	84	89	79	76	88	70	18	74	73	79	79	86	75	90	83	81	22	88	85	72	83	76	88	71	78	88	85	89	89	22	88	75	73	88	72	83	84	22	70	83	77	76	79	85	82	73	72	70	78	78	80	73	74	77	18	80	85	87	86	74	71	80	70	87	86	78	73	82	77	19	81	70	72	86	21	85	71	71	73	75	88	84	81	75	86	73	24	83	72	76	87	77	78	86	77	84	19	72	76	90	27	82	82	75	77	74	75	22	82	81	84	89	85	79	78	79	74	80	71	71	89	73	88	90	72	85	70	90	82	86	89	18	74	84	70	80	82	80	78	83	89	84	78	87	72	75	87	71	73	88	76	81	76	87	84	26	77	77	71	85	74	86	82	79	74	86	84	86	82	78	88	85	76	81	82	78	77	88	71	77	82	71	84	77	72	82	86	73	79	82	82	87	76	74	75	71	84	79	79	83	72	24	82	83	72	18	70	79	76	89	72	80	74	81	84	20	82	81	82	73	84	71	79	25	77	86	75	74	78	83	23	16	75	71	79	76	75	76	74	72	79	85	87	74	71	80	18	75	86	79	82	83	82	77	80	89	82	23	28	84	72	71	76	80	79	81	75	80	72	82	83	76	85	74	82	88	86	82	74	71	89	73	83	85	78	84	76	74	24	71	74	89	79	86	88	74	77	78	86	86	80	86	74	73	81	88	23	24	85	82	76	84	74	78	82	89	79	76	83	76	76	88	23	75	77	76	83	73	85	88	80	85	71	78	83	26	20	19	77	76	74	71	88	73	87	71	70	84	83	74	85	71	80	79	80	77	82	17	84	86	77	71	88	77	22	78	79	80	78	83	82	88	87	84	72	77	78	84	75	78	77	78	85	23	80	89	77	78	77	70	90	75	26	19	81	75	77	85	78	90	90	20	88	81	87	78	82	81	81	89	72	87	88	89	19	22	74	20	74	79	88	71	73	18	78	83	81	73	86	74	79	89	74	86	16	73	80	26	85	73	86	70	88	84	81	79	84	18	80	83	88	86	75	71	72	78	28	76	77	22	87	83	89	21	86	83	24	22	85	84	89	24	81	88	78	76	75	73	87	71	81	76	89	88	79	73	77	77	78	76	76	73	73	90	83	18	89	76	78	82	70	72	80	84	85	80	82	76	73	80	81	74	76	81	81	24	82	89	88	77	78	77	83	72	84	74	84	75	25	79	71	72	71	76	84	88	18	86	17	21	82	26	86	76	82	25	71	82	77	77	17	87	87	77	26	88	88	25	84	86	77	77	86	85	72	85	80	80	82	83	81	73	72	81	73	70	84	87	86	87	77	83	21	23	85	83	22	80	83	74	71	79	89	83	76	89	23	25	80	76	73	87	87	87	79	84	82	87	86	78	82	80	72	20	24	77	71	75	72	89	70	82	25	90	21	80	71	86	70	90	72	73	26	87	85	86	85	19	80	78	77	22	89	89	79	89	87	87	80	74	80	18	70	88	77	77	78	75	84	76	24	74	21	89	87	86	88	83	78	75	77	22	80	81	77	70	20	71	77	81	76	72	82	79	74	19	70	78	87	89	72	72	76	81	73	80	80	74	72	72	86	77	16	19	22	17	82	90	87	82	81	88	83	72	81	76	18	81	85	17	72	81	77	83	84	89	81	78	71	85	88	76	89	82	86	79	74	86	24	81	80	78	87	80	85	81	77	78	83	90	22	75	88	87	22	80	77	73	75	17	77	79	80	26	81	89	85	78	79	27	88	79	23
72	70	74	75	20	82	75	86	90	75	76	85	78	86	23	75	70	17	87	79	23	72	72	75	25	71	80	72	84	73	82	90	79	80	78	74	89	76	17	17	81	80	72	89	85	78	23	74	88	77	81	19	20	81	26	78	80	82	85	74	75	81	71	84	85	75	82	84	83	79	75	78	73	74	74	87	85	19	79	83	75	87	77	71	84	75	86	70	79	76	70	76	86	72	74	87	71	81	84	83	22	71	70	78	70	79	81	77	79	85	73	70	79	74	79	74	81	72	89	81	90	79	73	86	82	85	83	87	79	75	20	20	74	88	78	73	89	72	85	71	75	17	90	90	71	27	88	87	75	89	89	88	71	86	83	78	72	83	71	88	88	81	72	86	78	75	81	90	82	71	26	73	80	72	83	74	85	84	71	90	80	90	82	80	85	88	77	74	82	87	74	77	71	74	88	81	76	76	71	87	70	89	22	89	89	85	81	84	80	81	81	73	80	27	21	84	83	81	87	21	77	89	71	79	89	73	89	83	70	71	21	86	86	75	82	17	76	73	80	90	84	80	78	73	78	86	87	82	84	86	84	83	80	75	71	85	82	75	70	90	79	86	88	25	84	84	88	81	17	87	79	73	18	75	86	77	76	73	81	88	88	87	25	18	85	29	86	88	75	81	86	86	84	79	71	83	72	71	70	70	75	76	89	83	82	70	75	89	79	77	87	76	85	82	71	82	86	88	86	73	79	84	81	84	83	75	79	79	23	77	74	71	86	80	89	90	89	75	27	75	73	85	87	83	79	79	88	80	20	87	81	80	80	76	70	74	70	20	78	78	75	77	84	80	75	22	72	73	70	90	87	79	79	25	85	73	90	80	89	76	81	73	89	80	19	89	75	89	83	80	75	76	82	76	73	89	72	77	21	84	84	79	86	78	73	87	22	90	83	70	77	79	85	73	89	88	88	73	80	71	19	82	85	76	18	89	22	77	80	84	83	72	83	89	87	81	82	80	80	79	87	86	86	89	82	71	81	77	79	87	84	81	85	82	90	85	90	71	85	82	72	78	89	23	75	82	79	84	89	74	75	85	90	87	74	77	71	75	88	72	74	85	18	71	72	80	86	84	71	72	83	82	88	71	81	86	85	71	88	23	74	87	87	79	72	87	80	80	79	25	85	75	78	80	80	78	86	72	76	16	87	81	88	72	17	24	88	88	85	81	83	74	72	79	76	88	81	77	82	18	75	79	75	72	82	25	70	79	19	80	80	80	86	18	71	82	75	73	89	83	88	87	90	18	71	86	78	82	77	74	85	74	78	70	71	78	71	88	73	90	85	86	87	72	77	76	73	77	89	72	70	84	78	78	81	78	73	26	78	80	82	87	81	77	70	87	89	82	71	81	73	79	89	90	23	84	17	86	25	82	72	80	74	80	27	22	28	77	79	75	77	87	76	84	20	80	75	78	82	72	20	79	85	83	20	75	84	71	75	79	85	89	18	86	72	89	85	85	75	85	87	82	73	74	79	17	83	86	73	74	88	70	70	84	84	72	86	71	72	72	76	86	75	85	86	89	19	85	87	72	82	88	71	75	85	79	83	83	87	76	80	80	79	78	85	88	72	83	78	86	78	88	70	86	80	72	85	74	21	79	22	88	72	83	76	71	79	90	81	77	17	82	73	79	80	84	22	19	85	75	18	70	89	88	76	78	79	84	77	82	24	85	78	83	81	75	89	70	83	77	76	73	86	89	76	83	83	85	85	78	85	19	85	80	88	76	86	77	84	70	75	87	83	74	17	80	85	85	87	78	25	80	77	72	78	88	88	78	71	86
20	81	76	80	75	86	73	23	75	87	87	87	83	71	70	73	23	79	90	89	79	87	82	18	74	81	71	24	22	82	74	82	86	80	81	76	78	88	78	20	80	87	72	73	73	81	89	84	79	79	87	75	72	21	75	71	82	85	74	87	76	76	77	88	87	83	85	89	90	21	87	86	87	78	81	70	78	76	79	85	81	82	21	79	88	85	88	87	85	87	75	75	81	85	77	89	89	84	74	73	83	76	19	85	24	73	90	78	89	73	73	79	83	84	76	90	86	70	73	73	22	20	87	76	80	89	70	78	74	17	85	79	83	71	84	79	24	87	26	78	82	84	79	78	84	73	74	72	75	85	28	76	81	87	90	85	83	77	79	16	74	73	72	82	73	74	78	74	83	72	87	86	82	79	80	79	22	84	84	79	72	88	77	83	72	81	78	76	71	88	72	83	87	84	22	89	85	24	73	87	81	88	86	89	76	83	82	75	78	22	71	78	89	88	74	77	74	71	74	75	72	78	79	87	28	84	83	72	83	74	74	74	88	76	72	74	77	72	27	20	74	86	79	72	85	71	25	26	81	89	85	84	75	72	82	76	71	72	79	18	88	73	90	81	70	79	27	89	76	72	83	78	78	74	85	72	78	87	87	77	82	80	78	85	76	87	20	74	81	23	73	77	18	75	85	77	28	79	84	78	87	76	73	86	90	74	71	76	89	71	75	85	70	75	89	86	80	82	88	70	21	75	79	79	77	72	81	88	88	73	82	87	25	84	75	19	73	79	85	81	81	81	70	85	85	82	74	83	71	86	20	87	77	71	87	75	82	88	85	76	85	25	76	76	87	82	71	89	79	87	18	71	75	74	70	79	74	79	27	19	90	83	75	87	77	84	90	74	82	84	71	75	79	78	88	89	75	84	75	76	27	83	71	24	83	75	74	77	72	26	71	74	79	89	86	23	20	26	75	25	76	72	75	83	18	70	80	74	76	71	77	87	75	25	73	73	79	78	82	82	74	88	83	19	79	85	70	80	71	78	76	76	81	25	83	74	78	79	82	82	88	72	86	87	88	87	75	84	90	78	80	71	87	75	81	83	77	76	88	81	86	75	72	77	21	79	23	88	85	81	70	21	18	90	86	81	77	82	22	78	84	87	70	89	71	85	78	84	20	80	85	81	88	87	79	87	74	87	74	89	72	88	83	89	72	85	78	78	18	72	20	88	86	73	73	89	72	80	75	76	27	89	74	90	86	76	90	83	81	71	83	89	28	79	83	81	77	86	85	75	18	82	78	82	74	71	89	71	88	80	75	79	80	74	85	74	88	76	89	17	27	75	74	88	75	86	84	72	72	76	90	86	25	87	20	20	90	75	27	82	23	79	73	81	90	88	25	74	76	20	71	18	25	23	76	83	79	75	83	73	86	19	18	83	77	85	89	85	25	72	84	72	74	84	79	74	76	83	75	82	80	79	82	20	70	82	77	19	77	76	74	22	76	87	23	71	86	80	80	72	85	82	76	78	78	72	74	70	82	73	74	88	74	85	77	89	25	86	70	24	80	86	83	84	83	79	22	73	82	89	78	87	71	88	72	78	24	78	83	84	20	70	78	75	80	73	87	74	85	81	86	75	79	80	89	72	85	82	78	71	81	84	77	78	83	73	25	86	73	90	90	86	87	72	76	73	22	75	77	83	72	74	89	88	81	21	84	83	74	84	82	88	80	73	74	88	25	89	26	89	76	76	80	78	70	83	24	78	89	77	70	78	79	70	83	74	71	77	21	73	81	77	84	75	78	89	71	89	75	71	82	27	85	72	77	22	83	17	77	88
74	71	79	71	85	25	89	70	90	73	71	82	23	90	81	76	86	85	79	89	76	71	82	71	77	88	22	82	86	72	74	89	77	88	76	84	77	71	89	76	71	87	26	87	83	70	85	82	81	74	71	76	79	89	71	18	89	79	77	71	77	22	76	88	72	89	90	76	82	72	72	88	77	86	83	79	73	79	24	77	84	79	71	80	80	17	20	79	71	72	21	90	82	87	22	87	71	20	80	24	83	86	74	22	74	78	81	76	23	88	81	89	89	79	82	75	90	76	17	78	73	81	80	89	86	25	78	85	78	74	77	80	77	81	90	87	77	71	79	24	70	82	22	82	24	81	72	83	88	75	77	73	86	88	90	73	87	22	77	85	89	79	81	22	85	89	87	87	88	25	86	87	74	82	70	80	90	79	87	72	83	90	88	73	85	75	82	76	82	20	72	27	81	72	72	84	80	89	20	86	78	78	87	17	77	76	78	85	75	81	81	70	83	87	77	72	27	83	88	72	89	84	71	87	86	71	89	89	84	81	73	80	71	73	89	75	77	84	84	89	86	77	86	72	19	73	77	81	79	80	80	74	77	72	77	86	70	71	74	83	81	79	75	72	80	79	85	82	85	83	73	81	84	81	85	86	84	24	73	86	78	84	88	87	73	86	83	80	82	22	86	71	86	75	86	76	72	88	21	81	75	72	86	20	87	80	79	84	80	80	77	88	89	78	89	74	75	77	84	72	73	79	88	23	80	72	88	74	70	83	82	16	90	86	79	86	85	15	84	71	79	18	20	18	90	79	77	82	80	74	79	85	78	82	86	77	85	72	78	72	85	82	76	86	84	89	82	73	80	88	87	84	72	77	79	72	72	76	75	18	80	77	89	84	74	27	75	82	75	85	17	74	79	82	81	25	78	87	75	89	72	89	79	71	78	89	81	73	78	77	83	89	76	84	80	90	76	84	23	79	70	22	83	79	81	74	86	83	79	77	74	80	72	71	81	76	81	89	74	78	90	83	75	88	80	25	90	83	78	74	86	86	88	77	85	84	89	22	71	84	77	86	70	87	74	73	88	26	86	71	86	24	72	78	85	72	85	89	75	88	83	22	82	72	76	73	72	82	20	73	85	19	82	77	85	87	88	86	74	82	89	86	22	81	24	81	72	70	71	87	82	24	85	78	75	79	81	71	73	88	78	82	83	79	86	80	71	82	86	78	76	71	89	87	17	86	26	77	75	72	85	74	77	90	80	85	81	79	73	71	85	19	70	70	20	24	80	20	71	87	74	21	88	75	86	77	85	73	84	84	73	81	85	75	87	78	79	79	87	20	80	89	75	82	73	72	73	76	85	86	90	71	77	22	83	72	88	75	74	87	76	21	73	72	84	73	78	89	23	88	77	83	83	76	77	21	73	23	87	88	86	21	70	73	88	78	72	23	89	87	76	89	20	84	86	72	88	75	79	72	76	86	74	85	80	86	82	89	74	74	82	76	85	73	75	29	84	88	76	79	18	21	82	86	86	18	19	71	72	73	88	85	80	74	80	73	80	89	80	87	80	73	90	83	81	73	87	77	90	80	70	83	74	73	89	81	89	75	73	75	87	76	25	21	81	79	87	21	83	80	88	78	70	17	22	80	79	72	78	88	82	73	28	75	88	82	74	79	88	77	77	71	19	26	79	76	80	85	83	70	72	22	87	83	84	75	76	27	20	71	74	90	71	82	82	19	90	74	75	23	76	88	74	83	79	87	75	72	88	74	87	88	88	26	86	83	72	87	85	18	72	78	87	82	80	79	73	72	87	75	88	78	83	81	78	84	26	17	22	80
87	81	71	77	85	88	73	77	85	17	78	74	83	87	86	81	70	19	78	70	89	19	81	79	75	90	86	75	72	72	79	74	75	85	88	76	73	89	76	87	83	78	74	73	79	78	25	24	81	89	78	81	89	70	79	80	86	79	81	86	87	71	82	79	85	78	90	83	84	76	74	19	75	83	88	25	89	83	75	89	78	76	78	86	76	73	83	16	83	88	22	90	89	76	20	22	88	79	76	88	86	80	90	72	85	22	70	84	77	71	25	88	85	81	84	88	86	76	83	87	79	83	75	84	78	85	79	88	73	80	73	21	79	21	77	80	74	71	74	24	89	80	73	83	77	71	20	85	71	75	79	73	79	70	23	19	76	89	75	84	25	71	90	77	83	89	80	81	16	79	78	24	76	72	85	84	81	75	73	78	77	74	79	74	87	27	73	89	72	77	23	89	84	79	83	73	89	75	79	88	70	86	73	76	76	88	75	22	22	72	84	15	77	77	87	85	76	87	72	76	86	79	73	71	75	17	81	71	84	86	73	72	84	82	24	89	89	21	78	80	73	72	90	79	18	75	75	74	71	75	82	73	72	76	21	74	84	73	74	73	29	73	76	84	87	81	78	72	77	87	79	87	83	81	89	82	89	73	84	83	79	85	79	78	80	77	87	87	72	87	87	83	89	72	82	89	75	89	89	89	22	86	84	86	76	72	73	84	88	71	89	87	81	23	23	71	25	87	78	83	89	79	74	73	22	71	19	82	86	27	77	81	87	90	88	22	23	74	74	23	78	80	81	81	72	75	74	82	71	82	22	89	76	86	89	25	87	83	21	80	78	82	81	90	72	78	86	26	88	20	79	81	27	88	73	74	89	78	79	82	77	86	86	80	90	25	77	78	78	80	89	87	76	76	78	86	72	27	75	87	84	76	88	87	77	83	73	85	75	90	86	28	80	73	82	90	82	86	84	89	82	83	77	85	88	71	79	84	88	73	87	21	82	90	77	73	87	81	85	78	86	75	81	86	77	78	78	82	84	88	88	88	80	83	75	24	87	85	84	88	78	82	83	81	89	79	78	84	89	82	79	85	75	75	76	85	81	20	80	81	21	89	71	70	76	76	89	87	77	84	87	73	81	81	89	72	83	72	87	71	86	82	77	90	89	80	88	78	70	83	77	80	74	85	83	74	77	90	73	88	87	84	77	87	80	88	71	86	80	85	87	70	85	79	74	80	88	73	71	74	72	83	76	83	86	87	23	80	84	71	89	77	77	84	86	73	88	86	82	76	76	72	82	83	88	79	72	72	84	87	88	88	84	78	85	81	84	85	70	83	75	83	83	72	24	71	71	75	87	27	75	85	74	71	24	77	86	71	76	74	25	78	85	79	87	19	79	86	86	83	82	76	77	79	80	90	78	78	81	24	71	77	85	22	72	88	71	89	81	78	20	24	75	27	84	88	74	81	79	79	72	76	86	78	73	75	73	80	72	73	87	76	77	86	78	77	75	81	74	76	81	80	22	82	72	87	72	86	78	86	17	86	73	73	80	90	88	79	20	82	74	71	84	72	80	19	79	71	72	84	82	86	77	72	75	85	82	74	75	89	77	84	89	88	75	75	72	87	74	80	76	87	79	83	82	85	78	81	89	82	75	75	79	81	24	81	75	76	79	90	76	90	76	83	77	84	71	84	74	78	86	90	83	72	71	20	85	24	74	83	83	25	85	86	90	80	72	78	87	78	84	75	83	88	70	70	73	85	81	79	79	82	77	89	87	74	86	80	74	72	81	77	81	90	84	72	86	20	88	71	71	75	77	76	76	87	71	79	71	85
87	74	79	73	89	83	72	84	25	81	88	18	79	16	89	73	85	74	90	73	76	89	89	77	78	89	78	77	84	88	76	25	20	20	84	79	88	89	86	73	75	79	24	21	78	76	71	85	76	22	90	86	75	77	84	85	82	73	90	86	81	83	90	86	21	87	90	84	70	85	75	85	73	89	88	90	81	81	86	79	25	80	76	74	85	85	71	77	79	84	73	79	87	70	88	77	89	71	78	76	77	81	79	72	74	75	84	86	78	83	86	73	82	71	82	81	83	86	71	90	85	85	76	21	89	70	86	77	71	75	78	80	75	17	81	83	87	89	81	89	73	76	72	71	87	90	89	81	87	73	71	73	86	73	81	74	26	88	75	86	82	86	84	77	25	86	81	89	72	78	75	78	85	89	70	87	80	74	18	71	82	81	76	24	89	83	76	71	79	77	83	80	78	76	82	77	75	87	79	71	86	71	75	80	89	24	78	80	83	74	75	88	83	86	73	72	73	79	15	90	24	19	75	77	70	71	86	82	88	86	87	76	73	89	70	80	78	86	79	86	21	76	76	81	77	83	21	70	74	90	85	84	26	83	78	70	70	76	75	74	72	77	24	84	87	81	72	24	85	76	77	74	70	82	84	18	77	70	85	89	77	16	83	78	75	87	85	83	86	78	90	80	89	86	76	70	84	90	71	23	77	87	76	70	88	23	81	75	83	23	80	83	81	80	24	79	72	80	78	77	73	76	88	77	82	22	75	82	87	86	90	86	80	73	76	75	24	77	89	77	27	82	77	90	81	88	86	21	84	88	89	86	73	81	72	87	23	19	76	76	74	74	84	72	81	72	87	82	84	83	76	71	76	74	86	25	85	77	75	72	79	73	71	70	80	84	88	87	74	20	79	78	84	84	77	79	77	79	89	23	88	86	79	78	79	70	80	82	23	79	24	25	85	71	83	71	83	81	73	90	83	73	71	74	70	78	76	74	19	86	80	72	19	89	82	82	86	81	20	88	90	71	86	76	88	87	77	79	22	87	86	88	78	77	83	77	83	83	75	76	79	88	72	75	77	73	28	90	21	85	79	87	78	16	79	76	84	73	25	19	74	74	84	86	80	78	70	75	73	87	86	85	72	86	19	84	74	79	74	88	73	71	85	89	72	85	76	23	82	87	72	74	18	88	88	70	73	85	78	72	85	88	89	84	71	71	80	88	71	85	72	83	70	22	74	70	27	70	76	81	76	84	80	89	73	76	85	73	85	76	78	81	85	73	89	77	75	83	83	79	85	84	88	81	78	86	79	84	74	80	70	87	82	83	83	88	89	75	85	80	74	26	90	89	87	85	89	73	78	82	85	89	83	82	88	75	20	87	78	83	79	23	89	71	79	80	79	70	82	80	86	73	73	84	85	89	79	83	25	80	85	78	70	76	88	88	72	78	84	90	80	78	74	71	85	77	85	89	89	78	80	79	84	79	83	72	82	73	71	85	80	85	88	86	77	77	85	77	74	70	84	80	22	85	88	88	77	86	81	83	86	82	73	21	86	78	75	82	71	87	27	17	74	82	22	82	81	74	74	74	80	72	76	88	90	84	81	74	78	27	81	75	89	80	86	22	80	75	88	77	24	73	73	80	84	84	87	80	82	77	78	83	81	79	82	73	25	80	75	18	88	23	83	81	74	75	87	75	72	18	85	78	88	85	73	81	76	84	79	79	86	72	72	81	78	86	24	23	83	89	83	81	85	77	87	82	75	18	28	81	71	78	81	86	76	88	23	89	21	88	85	81	89	89	72	73	76	80	76	28	89	86	83	90	77	82	79	71	87	84
76	73	19	84	72	82	86	84	86	73	72	86	72	83	83	77	77	78	87	82	84	87	70	88	70	81	77	76	73	79	76	78	90	85	82	19	77	22	79	82	88	20	85	77	87	24	70	80	90	77	78	81	23	85	77	75	73	74	81	74	71	20	24	76	71	74	21	73	24	86	76	76	83	70	89	77	18	85	89	71	27	75	85	80	81	90	17	84	21	87	83	78	88	73	84	88	74	80	22	83	83	89	20	71	89	85	76	86	79	88	83	83	86	83	88	88	86	21	17	23	77	81	77	71	88	74	81	26	27	18	20	87	71	78	82	74	70	76	74	89	71	84	77	88	85	81	73	24	76	89	71	80	84	72	80	18	74	79	80	87	81	85	89	83	75	83	89	87	85	88	78	71	90	72	82	77	78	87	77	86	78	86	83	83	24	82	89	77	20	87	78	82	17	24	20	87	88	78	83	86	23	22	79	78	86	85	78	82	78	76	78	80	79	86	76	72	71	17	72	75	81	89	20	88	81	77	19	71	88	76	79	81	73	26	73	84	84	82	75	87	89	76	83	72	80	77	78	27	78	75	89	74	78	22	87	22	20	87	78	81	79	74	88	24	73	87	85	90	72	71	76	82	80	81	85	83	76	75	80	88	72	85	88	75	88	82	74	24	80	83	70	19	85	21	83	88	76	74	87	73	18	81	77	81	89	76	26	89	82	73	84	85	71	26	71	88	82	17	90	83	85	73	80	90	78	80	81	21	71	89	84	81	26	77	71	73	81	77	77	87	88	83	89	17	71	74	90	89	75	77	87	80	72	86	82	85	75	86	80	22	76	74	83	85	83	81	25	87	78	83	83	88	88	88	77	75	87	71	80	75	83	82	80	25	72	78	84	70	79	70	71	78	90	73	86	77	71	90	84	83	89	79	72	84	83	20	82	71	79	84	80	75	75	88	77	20	71	83	86	84	82	83	71	86	79	81	85	25	72	76	28	76	73	75	76	76	90	82	80	26	76	84	80	72	85	72	20	76	76	72	84	77	81	80	23	88	84	70	73	74	89	85	90	84	86	87	84	83	70	25	90	78	80	79	72	86	22	83	87	72	79	73	86	88	22	78	77	89	81	88	77	74	86	71	79	81	71	77	71	73	80	88	75	76	71	79	80	79	81	72	85	71	70	20	89	73	77	74	86	85	71	79	17	88	74	73	74	20	89	72	88	71	74	89	86	83	82	70	85	83	84	87	77	84	79	72	73	82	79	24	78	88	25	72	75	84	88	88	89	73	82	72	81	77	80	72	77	71	76	79	74	80	27	76	76	77	70	76	88	73	72	86	78	77	72	87	21	16	72	84	85	76	81	72	84	74	85	71	89	71	78	88	90	82	74	74	76	86	86	80	73	73	85	88	77	82	74	80	83	85	76	79	75	79	85	88	29	78	87	27	20	81	84	81	83	89	73	83	85	72	79	25	25	75	78	89	86	83	90	72	89	72	77	23	86	83	88	82	85	87	78	74	85	85	79	84	71	73	23	77	81	78	75	77	70	77	79	22	73	89	85	71	28	83	77	75	71	78	82	73	22	90	84	16	22	75	83	85	75	86	76	70	79	72	72	88	71	73	72	19	83	18	88	88	87	25	78	76	77	76	73	71	87	88	71	19	88	73	70	72	90	72	81	24	85	76	84	84	85	74	89	90	76	72	23	71	88	89	87	73	87	82	82	88	76	78	82	70	85	82	25	88	86	73	73	71	85	85	85	81	72	80	71	89	78	79	86	76	83	72	72	76	76	24	86	76	80	70	77	71	84	88	73	74	85	76	87	70	25	86
73	70	83	78	88	82	81	75	79	71	81	76	84	83	82	75	88	87	84	84	23	75	79	85	78	86	84	83	82	88	82	80	84	85	90	80	26	76	71	71	78	89	73	76	90	80	89	81	22	71	81	70	81	83	81	73	22	88	26	83	90	74	84	80	88	16	73	88	86	85	74	76	73	18	72	85	74	82	89	90	73	73	83	21	88	72	75	83	77	83	78	25	25	72	89	73	70	90	87	70	22	71	78	84	81	25	85	81	81	75	86	73	83	78	83	74	70	20	75	87	86	70	79	84	79	75	78	87	81	75	78	70	74	74	74	81	86	82	77	84	76	76	82	18	79	75	22	87	78	23	79	84	27	79	87	80	78	90	71	87	85	89	78	80	74	78	89	23	79	84	22	76	84	83	72	80	81	79	76	87	78	87	90	71	82	80	72	73	87	89	76	71	79	85	88	17	88	77	82	82	81	23	81	76	18	23	80	79	77	76	77	80	83	89	86	90	70	72	74	76	70	71	77	74	89	83	86	81	77	84	74	88	86	75	81	81	71	81	74	71	79	72	84	22	70	84	89	86	74	81	78	88	84	77	22	76	79	88	73	76	26	84	74	86	72	81	72	76	86	85	86	78	76	76	82	90	88	80	21	82	88	86	79	83	21	72	90	77	77	85	90	87	84	20	83	81	76	70	77	75	90	25	78	22	82	83	75	72	24	71	21	71	73	77	81	78	76	90	20	87	82	84	77	88	89	73	18	20	84	81	89	78	78	86	26	72	81	86	75	75	81	72	18	75	74	26	83	74	74	88	87	89	86	25	90	84	89	72	73	76	77	84	74	82	74	75	76	90	88	70	73	75	75	76	90	80	76	71	88	81	82	26	72	86	71	80	75	70	76	81	70	88	80	72	73	70	16	86	85	75	89	24	82	89	79	75	87	83	80	86	88	73	73	24	90	76	84	88	75	84	80	79	73	89	71	16	24	81	71	73	28	74	79	24	82	26	25	27	86	79	76	23	78	85	81	83	79	26	90	80	74	83	22	88	84	88	77	76	21	75	75	72	23	89	87	80	86	83	72	26	78	85	88	81	85	76	85	88	81	83	79	87	89	76	89	78	87	24	88	83	75	86	77	86	75	88	86	84	70	81	72	84	85	75	74	79	79	85	72	76	89	89	80	89	76	84	85	81	84	79	80	73	81	23	74	77	74	83	19	80	74	21	75	78	73	86	86	85	86	80	86	23	87	78	84	71	79	74	77	76	78	77	85	88	74	84	80	82	18	78	84	83	83	83	88	89	84	78	80	82	88	73	90	82	79	88	80	81	19	76	80	85	87	18	89	71	72	85	71	78	86	74	75	81	71	83	71	26	89	84	71	86	70	87	72	87	77	79	23	87	79	90	81	89	77	71	73	71	82	25	70	82	77	73	71	85	85	85	86	83	89	89	76	82	73	81	72	86	74	85	81	84	86	89	89	81	83	81	89	72	74	74	87	21	76	80	86	20	88	88	90	78	77	27	74	80	90	70	86	24	20	87	88	71	79	71	75	83	85	82	88	82	85	85	71	81	78	72	88	75	89	88	75	19	74	80	83	81	79	90	84	87	77	79	20	88	24	90	85	78	72	73	83	83	76	89	82	73	71	86	79	75	28	78	78	22	75	78	75	77	75	76	79	85	74	82	74	89	85	83	88	22	79	82	25	77	77	84	79	85	89	78	89	78	85	78	72	76	71	79	27	77	25	75	74	89	86	78	82	84	78	73	24	81	73	87	89	83	88	71	85	77	27	70	80	20	77	22	79	80	83	75	20	72	19	79	74	87	72	75
89	71	84	85	88	81	86	78	77	85	17	90	88	83	84	17	88	80	74	85	89	74	74	72	84	74	88	86	82	89	82	84	72	87	84	86	86	72	86	73	70	73	89	74	83	72	88	78	79	24	80	78	78	84	85	82	72	25	85	21	79	71	85	81	83	87	22	72	73	89	83	78	73	89	89	82	83	70	83	82	77	70	89	86	83	77	77	84	89	84	85	72	78	88	74	79	85	70	85	73	77	87	87	88	73	71	83	89	90	82	71	82	20	88	23	76	75	74	87	85	80	81	86	89	74	73	73	80	72	76	88	87	24	76	87	85	74	78	80	85	74	82	89	78	88	77	87	75	76	87	80	22	72	25	88	76	71	81	89	84	78	77	88	79	23	89	78	83	74	73	74	82	25	87	80	73	23	87	70	79	26	75	90	81	26	79	79	76	73	75	77	74	19	84	89	82	88	89	89	82	78	89	88	71	84	79	71	80	21	86	72	19	88	88	79	88	73	88	19	87	76	83	19	82	80	73	19	27	83	20	77	80	85	85	75	71	81	84	85	80	72	71	76	80	87	81	87	81	20	82	90	83	76	90	75	21	73	80	87	20	86	74	23	79	87	81	71	72	74	88	26	88	87	78	72	82	79	85	79	78	89	79	78	18	77	77	80	87	23	86	24	72	84	79	78	74	79	74	88	24	83	77	17	73	81	23	78	77	88	74	83	78	85	75	90	86	72	88	78	23	70	70	82	22	24	71	84	83	81	78	80	72	79	84	72	72	74	88	79	82	25	75	81	76	70	83	71	74	81	73	72	83	86	90	75	82	21	74	19	80	27	73	81	78	76	76	77	86	70	75	18	18	82	84	83	25	71	77	86	88	80	87	80	89	75	89	81	87	85	71	75	83	83	84	82	87	87	90	78	72	80	77	86	86	73	73	78	82	82	71	87	72	77	85	84	86	80	71	87	85	71	72	76	77	78	80	85	85	81	78	71	19	75	81	20	75	74	79	84	85	76	75	71	77	82	26	76	89	24	72	76	72	84	83	73	77	82	74	87	85	78	88	85	73	86	89	83	77	82	86	86	78	71	19	84	77	75	76	24	79	79	73	82	77	73	86	85	77	89	79	87	79	89	86	88	87	81	71	75	86	88	71	86	19	72	72	77	78	78	83	24	88	90	71	83	78	82	82	87	79	86	73	87	79	84	75	78	82	74	22	78	76	24	89	89	79	75	26	88	90	75	22	87	75	19	77	21	83	89	87	87	90	88	75	22	76	74	77	86	72	71	84	78	80	73	75	86	83	86	87	16	72	72	81	70	89	75	83	88	87	72	73	72	70	73	83	87	77	21	74	17	72	79	85	89	74	81	89	71	79	89	72	80	85	85	87	74	85	85	89	88	18	73	77	84	80	72	78	87	86	23	83	86	83	80	86	86	78	77	26	78	83	83	26	77	86	24	89	81	76	87	72	86	76	86	89	73	76	75	74	83	77	77	72	70	80	79	20	83	86	17	72	81	86	78	79	72	88	74	85	77	26	89	74	75	71	71	76	70	83	71	71	84	76	85	77	79	87	81	76	71	20	73	84	72	82	87	88	86	77	77	84	87	83	80	26	75	87	84	81	71	89	81	76	75	81	79	86	78	26	81	76	77	80	74	77	72	76	77	74	88	79	74	71	70	25	90	72	24	85	85	79	80	74	80	79	77	81	76	81	77	74	81	86	72	79	77	22	79	87	87	85	88	24	77	80	73	74	24	79	89	75	81	86	84	72	80	82	83	73	21	71	73	90	77	88	82	79	26	26	75	77	82	81	73	80	75	89	88	80
74	78	78	24	86	81	82	78	73	18	82	83	82	16	88	72	71	85	75	86	90	86	78	86	90	87	79	85	87	89	71	70	73	88	19	85	70	70	76	82	89	80	86	84	71	74	71	79	73	76	78	72	74	80	81	83	78	85	86	84	73	87	79	88	82	81	82	72	85	23	74	71	87	76	83	86	79	72	79	90	88	72	74	72	84	76	81	75	75	73	87	83	84	89	86	73	74	18	80	78	85	79	79	85	86	89	21	89	85	80	26	78	83	90	22	25	19	77	73	26	75	89	81	77	78	89	22	70	79	88	80	70	78	77	75	83	88	24	84	73	77	85	79	73	72	82	89	21	76	76	27	72	84	87	73	83	82	78	82	90	89	84	75	78	84	83	74	89	75	76	83	26	74	79	71	16	88	82	78	25	76	87	78	23	88	88	20	88	77	76	21	77	89	90	88	75	71	87	80	88	75	87	82	86	88	82	75	82	88	83	83	80	81	88	82	71	82	88	87	20	88	73	74	82	79	87	84	24	85	73	78	74	71	81	80	73	23	88	26	81	20	82	87	21	77	80	80	75	85	75	89	78	84	89	74	77	84	87	82	88	87	81	73	71	26	89	84	26	78	23	74	70	86	78	26	86	78	74	84	85	20	90	79	80	72	80	20	74	20	85	83	82	77	86	78	78	78	79	83	84	82	84	78	76	78	81	77	87	86	85	83	79	78	83	87	72	23	75	84	85	84	77	71	70	81	82	85	78	87	75	83	89	77	22	75	76	74	77	70	22	77	82	88	71	79	86	25	76	81	75	70	18	81	81	73	88	87	72	81	83	88	77	77	87	80	89	27	25	18	76	77	83	89	71	87	86	22	89	78	71	79	76	23	75	85	76	84	79	79	20	76	73	25	74	81	70	80	24	72	84	84	85	86	84	75	81	74	74	81	86	74	72	90	84	86	85	75	74	85	89	88	23	80	21	82	80	87	27	86	76	76	79	71	83	78	71	74	87	90	85	73	84	85	79	71	76	88	79	87	20	80	89	71	71	25	88	84	75	81	74	86	83	22	78	81	80	85	80	75	88	25	72	77	85	71	21	89	78	83	79	73	83	77	74	71	74	78	72	79	79	23	86	74	78	84	77	84	75	84	82	77	74	70	73	74	87	88	86	73	88	75	79	72	74	78	89	82	26	20	89	19	78	75	72	71	75	84	23	78	78	77	78	80	71	72	87	70	85	75	19	26	87	81	87	71	77	88	89	84	72	83	84	72	84	78	81	23	74	71	72	90	80	88	79	75	83	84	73	82	71	82	74	88	83	17	74	76	71	86	73	79	79	85	72	79	86	19	73	80	27	19	22	76	76	72	74	71	76	76	88	73	70	82	73	70	85	73	87	79	74	83	86	75	81	73	83	78	76	74	80	83	85	82	75	86	82	80	89	85	77	86	88	78	88	78	80	75	80	24	84	72	77	80	17	76	74	86	77	76	86	85	85	76	76	81	79	89	90	23	79	86	81	77	80	83	84	87	18	79	83	71	80	27	89	73	81	25	24	85	84	75	74	70	77	75	75	76	75	80	89	79	81	19	80	75	76	81	75	86	80	76	86	88	74	71	83	70	72	71	73	25	89	70	73	79	72	80	76	74	73	20	85	89	71	22	81	81	24	74	70	77	78	72	76	82	82	76	70	22	17	77	72	81	72	76	89	78	88	90	18	79	76	84	19	72	76	80	78	89	87	72	21	77	72	71	84	89	88	71	21	72	83	89	80	77	71	83	89	85	74	83	79	88	73	70	76	85	78	89	72	72	81	77	22	71	72	86	73	88	73
70	83	85	78	87	83	87	24	85	84	73	74	27	86	74	81	81	90	76	27	82	76	21	71	87	79	87	87	75	80	25	75	89	79	81	79	83	77	82	83	22	72	84	72	23	87	73	83	18	71	23	81	85	80	83	89	89	79	28	21	81	79	81	84	88	71	70	79	73	85	72	86	80	71	23	76	88	79	24	22	77	90	83	21	87	19	74	79	87	81	84	87	82	72	90	83	81	70	87	71	76	89	76	24	73	76	75	89	79	74	74	72	72	71	70	76	89	82	82	72	85	72	73	73	25	28	87	86	77	73	71	71	85	87	78	75	84	77	70	74	73	84	21	72	83	73	89	84	76	72	81	70	88	90	74	72	25	82	79	71	81	75	76	87	88	82	17	83	82	88	72	74	77	28	72	79	81	74	89	89	79	86	75	85	85	78	87	84	75	22	89	25	78	82	76	72	90	75	81	22	79	77	81	80	77	72	80	76	72	72	83	76	77	79	88	79	82	83	80	73	24	75	88	80	90	84	78	72	83	72	71	21	84	71	70	78	82	83	79	77	77	74	74	71	86	72	85	74	72	22	25	21	73	80	87	88	86	75	71	81	85	24	89	73	76	90	86	79	74	72	83	70	77	84	88	74	80	85	82	73	79	80	78	90	87	77	82	26	71	81	82	76	77	88	89	80	27	74	70	81	89	74	90	71	23	73	83	20	84	86	76	83	86	86	77	76	75	78	19	78	73	76	77	77	84	84	80	86	86	89	85	84	77	80	81	85	86	75	72	78	83	77	87	70	80	72	77	84	19	81	81	82	18	81	19	82	84	78	84	70	79	83	71	82	81	87	74	72	83	87	87	84	87	88	25	72	81	89	24	81	74	76	79	79	83	79	79	24	85	78	77	71	25	26	89	86	80	72	84	75	73	71	73	73	17	74	81	73	80	73	84	85	25	72	71	74	89	74	88	76	80	74	81	75	77	88	81	81	85	78	89	84	87	73	89	89	70	71	18	87	82	85	85	77	72	90	78	75	86	83	78	71	77	81	89	78	77	84	76	79	79	86	72	81	87	73	87	85	77	90	80	79	83	88	78	72	81	89	79	75	86	75	87	83	77	84	78	74	81	76	84	88	19	25	76	77	26	75	77	73	77	73	71	21	27	79	74	85	20	84	75	75	76	90	86	83	79	76	88	74	21	90	90	89	75	77	80	77	85	79	79	75	83	85	79	89	79	74	82	71	80	87	75	80	81	78	86	18	79	86	25	81	84	75	87	71	89	19	89	79	89	85	82	70	86	89	78	87	87	87	75	81	74	85	75	71	19	90	83	82	25	89	25	88	87	83	72	73	87	89	81	84	76	86	88	86	77	70	85	80	83	77	71	21	83	84	73	73	79	74	79	90	72	81	78	77	73	87	84	77	78	87	81	75	77	80	78	25	26	75	75	86	82	83	80	86	80	19	87	89	72	86	86	85	82	75	74	76	24	79	89	71	75	89	73	78	26	76	84	79	75	84	84	70	89	76	85	18	86	87	74	76	80	90	72	72	82	79	72	83	72	77	83	79	86	72	89	70	82	22	76	71	16	76	72	77	79	21	81	84	73	76	88	87	74	84	88	17	77	86	76	72	74	79	81	23	86	24	87	76	83	19	81	71	77	82	81	85	27	81	71	86	74	74	84	23	86	90	83	83	88	78	81	79	86	81	74	78	84	81	82	75	83	17	90	76	83	87	84	84	72	74	77	81	74	79	24	79	86	85	76	82	72	27	81	83	71	20	71	20	87	72	89	72	74	70	87	79	76	82	88	82	17	78	79	88	79	86	81	72
85	17	73	23	85	71	75	86	79	76	82	82	81	81	76	85	90	72	27	87	86	75	72	19	80	81	71	79	78	79	73	81	83	75	76	72	87	75	71	90	79	70	88	82	85	75	89	90	79	84	72	78	89	81	82	71	90	25	89	70	78	82	78	87	84	83	72	21	78	83	22	16	89	20	71	75	87	73	70	75	71	74	84	87	89	78	77	87	88	76	77	27	85	25	83	82	83	84	82	78	85	78	78	74	85	70	87	87	22	82	81	86	71	73	89	77	82	82	86	76	72	20	70	79	75	80	84	77	82	86	84	78	73	83	71	78	86	87	89	70	19	74	76	83	82	83	88	80	75	74	85	85	82	80	84	82	77	86	19	74	71	87	22	85	84	90	85	83	88	83	75	81	75	72	89	77	81	17	86	82	87	71	79	71	81	81	82	79	89	75	77	87	79	85	74	74	71	80	80	74	72	78	86	80	88	88	89	72	77	74	72	84	21	24	85	20	87	85	78	76	83	83	89	79	79	86	86	72	87	90	85	80	89	74	70	87	22	80	84	70	84	84	79	81	80	21	74	78	78	76	75	85	88	86	79	76	81	79	76	89	82	84	74	79	78	81	78	87	85	74	71	72	20	80	81	84	74	71	77	18	19	81	81	81	80	81	84	80	71	81	73	86	79	75	78	21	81	79	82	75	76	71	72	70	84	82	73	21	85	74	21	81	71	72	78	87	76	87	85	73	81	89	83	73	79	24	72	72	88	80	71	76	87	72	85	85	75	75	78	83	83	71	86	70	85	74	89	86	72	22	89	86	85	79	89	82	72	86	79	81	86	27	25	77	72	72	79	81	88	74	83	20	29	88	83	90	83	89	83	75	90	79	78	82	80	86	19	87	85	80	85	78	80	27	74	84	83	82	74	87	73	88	70	23	17	86	80	74	23	26	80	79	89	73	22	73	73	78	75	76	71	88	81	86	76	77	80	84	86	78	87	73	17	76	81	77	73	27	86	80	23	72	71	83	78	81	87	80	80	82	71	78	22	90	75	24	75	78	70	84	80	19	78	87	77	70	71	73	70	89	89	74	85	73	80	85	71	70	70	88	88	83	84	90	81	85	85	86	75	74	78	78	78	72	87	26	78	70	81	72	73	72	70	89	84	86	84	89	79	78	86	89	72	81	83	71	88	77	75	80	85	89	86	22	89	26	81	77	89	86	82	20	81	79	71	80	80	88	83	78	75	79	72	74	81	72	82	84	71	86	72	16	77	77	90	89	77	86	89	84	74	70	23	85	75	77	74	74	71	87	85	84	76	27	86	81	87	72	77	89	85	75	89	86	83	85	74	83	88	77	78	87	79	84	76	20	81	82	79	84	71	82	89	85	88	71	25	82	82	75	79	88	26	77	24	82	73	87	88	74	22	85	80	78	84	80	89	72	75	88	72	87	70	87	87	85	83	71	81	18	77	86	80	88	83	86	78	85	83	84	74	70	86	89	73	71	72	74	24	80	79	82	78	80	81	82	70	88	73	24	86	79	73	82	19	19	74	72	89	77	70	73	83	77	74	76	88	82	70	89	23	80	77	76	75	90	70	20	86	79	86	71	86	73	16	88	71	72	73	74	85	85	72	16	83	81	74	76	86	75	88	18	72	89	86	85	84	82	87	75	71	71	77	88	17	85	82	73	74	71	17	89	81	83	76	74	83	86	81	79	82	27	23	77	86	19	90	81	76	77	85	79	81	25	80	76	77	89	75	75	89	89	70	75	24	78	88	81	90	85	73	71	75	75	17	82	87	76	84	87	76	76	79	76	77	22	89	79	75	86
86	21	89	72	72	86	73	87	85	79	90	83	89	75	75	74	89	87	79	89	87	89	21	80	90	22	77	81	78	89	86	25	81	88	72	77	74	80	78	77	79	72	75	89	87	74	76	79	85	87	83	18	85	23	74	87	89	88	77	76	83	85	80	26	73	79	78	77	80	78	78	82	72	78	81	72	89	74	85	73	76	81	90	87	71	74	76	71	74	90	76	79	86	74	81	78	77	75	86	87	76	75	74	79	78	72	84	75	74	82	73	70	88	90	88	24	82	81	73	77	77	80	75	81	87	87	85	85	79	71	71	86	84	71	77	83	84	28	70	77	77	16	85	77	74	90	87	83	73	88	90	22	78	76	83	86	71	79	80	72	79	90	78	72	76	90	70	75	85	74	81	79	87	80	79	81	81	86	75	84	79	73	77	73	80	27	77	86	82	84	84	78	83	75	76	76	81	82	71	82	75	78	24	75	89	85	20	83	88	84	86	78	87	73	72	20	71	86	87	82	83	85	81	23	26	82	83	88	76	86	23	80	79	74	73	17	86	23	80	78	71	23	72	83	88	71	77	85	89	70	87	73	89	72	89	83	81	76	74	80	83	24	79	85	26	84	73	81	87	82	85	79	87	75	85	18	79	89	22	86	75	84	23	85	75	76	85	80	77	75	25	86	86	72	90	22	86	81	22	84	74	72	88	87	75	79	83	75	84	77	79	71	80	82	72	75	86	76	73	90	79	82	85	85	78	76	76	87	80	26	72	89	73	83	81	83	80	75	79	75	78	85	88	83	86	73	77	74	84	80	78	77	88	25	85	89	85	73	77	80	87	80	75	90	17	84	83	84	84	79	74	77	72	24	80	87	83	22	87	89	23	90	89	85	89	71	18	73	85	89	90	74	75	77	87	25	84	90	71	78	86	80	72	90	76	22	81	85	89	80	76	72	84	75	19	75	89	81	81	82	90	73	74	88	80	76	78	82	73	74	83	79	79	74	80	29	79	84	82	70	76	84	77	22	76	76	81	81	81	20	18	25	77	74	82	73	87	88	84	74	87	82	86	21	86	71	81	72	86	71	24	84	23	78	82	72	72	75	88	73	82	76	87	26	89	28	71	88	87	25	84	88	75	79	88	72	72	26	71	75	86	85	78	86	71	89	70	86	88	79	80	89	74	71	74	82	22	83	85	81	72	71	81	73	79	70	81	89	83	81	74	74	73	78	87	76	70	72	21	73	79	82	86	15	85	88	83	71	90	86	90	86	73	79	74	82	79	88	77	76	87	73	87	77	80	81	74	88	80	89	88	20	72	74	78	26	90	76	82	76	74	86	87	76	89	20	81	81	70	79	89	75	74	25	81	85	21	89	89	71	74	76	87	71	23	83	90	72	83	86	79	72	76	73	90	19	76	76	73	70	80	86	74	84	82	82	83	74	81	71	87	78	85	88	76	21	78	80	83	80	83	86	73	87	85	83	84	81	85	83	15	80	77	75	86	27	80	81	88	88	82	87	86	76	82	80	82	90	88	79	82	88	78	77	23	75	73	78	74	79	72	79	82	19	72	87	87	77	80	71	79	78	87	76	74	86	71	74	21	86	80	88	78	82	90	74	79	89	82	81	84	84	87	89	80	90	25	83	22	76	80	80	75	72	89	71	75	72	79	71	87	82	84	88	19	79	81	85	79	89	82	87	80	74	79	85	83	89	85	78	77	74	81	76	78	76	76	80	84	85	77	84	80	83	84	84	70	84	78	83	79	73	74	89	83	24	83	87	80	87	24	75	88	81	87	70	83	84	24	72	83	83	71	72	88	78	72	80	85	87
79	77	72	81	23	79	86	84	85	78	85	18	82	76	83	86	25	73	78	72	83	84	78	82	76	87	89	77	22	76	74	79	86	86	79	90	77	74	82	77	74	81	83	73	85	85	76	85	90	84	23	77	76	78	72	77	84	71	89	84	89	73	90	70	87	75	76	82	25	72	84	85	27	70	73	87	75	20	85	78	82	76	74	72	87	72	78	81	86	89	79	78	74	88	84	78	80	75	71	84	72	76	78	80	74	88	84	88	90	18	89	77	20	83	78	88	18	88	79	71	74	85	25	77	82	77	24	86	27	71	75	87	23	85	80	88	80	82	71	79	75	77	86	90	26	28	84	88	18	78	77	87	85	83	85	81	86	89	77	76	77	73	89	22	78	79	90	83	76	24	71	84	77	27	88	79	73	82	75	80	85	82	26	76	75	87	19	70	20	85	76	83	87	77	90	72	82	79	86	89	83	89	73	19	90	87	71	23	73	85	78	72	85	70	84	90	76	81	82	80	83	89	75	77	73	81	72	87	23	74	71	18	21	87	70	89	73	70	75	89	75	89	22	80	84	81	86	87	79	83	89	19	79	73	84	84	89	75	78	72	73	80	87	80	78	84	87	75	85	24	72	84	82	76	77	83	73	87	83	85	85	86	74	90	86	71	72	84	70	76	86	81	86	89	80	84	85	27	72	78	86	79	88	70	84	80	25	80	77	70	86	20	20	76	82	75	78	18	88	82	83	21	77	90	89	76	78	77	76	78	27	87	73	84	89	78	73	78	80	78	78	87	76	71	85	73	22	71	89	84	73	79	80	90	70	80	87	76	75	24	86	88	82	77	86	76	86	81	82	82	79	84	74	77	74	83	83	84	84	77	78	73	21	84	86	80	78	85	90	76	88	19	73	83	18	72	83	76	22	80	76	88	80	81	81	75	73	85	72	80	76	77	22	88	77	80	78	83	83	84	71	76	26	80	85	79	88	71	76	25	72	81	77	82	86	74	82	86	85	79	89	77	21	79	21	87	87	70	79	73	88	75	82	72	86	84	88	79	80	77	80	74	86	87	87	86	77	89	88	87	79	81	77	74	82	89	89	80	86	81	82	78	78	87	78	83	83	80	78	76	82	88	86	85	76	72	78	81	85	74	80	18	89	72	71	25	73	23	83	80	22	75	80	21	85	22	86	85	89	71	85	77	86	82	72	81	23	87	79	71	72	80	71	88	77	87	76	76	74	73	74	81	84	85	80	81	89	84	79	24	70	73	80	76	84	77	75	71	78	72	75	76	20	76	87	87	74	72	78	81	89	72	85	86	75	26	19	19	76	73	80	85	72	72	78	71	73	83	71	72	90	70	70	79	82	77	77	75	81	19	89	90	80	88	26	80	88	21	73	72	25	77	88	81	85	77	18	89	85	75	88	86	90	83	89	77	83	81	74	74	77	88	86	78	84	86	73	87	72	84	80	82	87	76	77	88	88	84	79	73	18	76	70	77	77	75	77	81	71	86	74	73	84	85	73	72	87	71	89	87	75	84	74	18	71	20	86	79	83	84	27	19	77	81	76	19	88	25	88	75	78	83	73	88	83	21	71	76	86	76	82	87	82	79	74	87	84	71	18	20	86	18	89	84	25	87	88	24	82	26	72	73	76	24	85	78	89	23	25	88	87	72	70	75	74	88	86	73	72	81	71	86	76	89	87	84	88	89	75	79	77	80	26	84	88	71	73	74	84	84	72	18	79	85	19	26	87	17	77	74	73	17	89	73	88	80	70	79	77	81	76	89	24	88	86	18	72	77	77	72	75	75	76	82	77	70	74	71	80	74
79	75	85	85	86	85	21	78	72	82	16	87	83	88	79	72	77	87	84	73	83	74	82	84	75	73	89	74	71	80	80	72	86	89	80	19	83	76	74	90	87	71	83	87	80	76	74	25	71	85	76	73	76	78	24	70	72	86	76	71	84	87	70	85	70	70	77	84	73	86	70	77	75	87	86	83	70	87	73	83	70	86	74	82	73	76	77	84	19	21	88	75	83	90	71	81	17	78	23	74	81	88	73	82	79	84	76	23	82	20	88	22	82	23	71	86	75	78	85	74	86	72	72	77	85	78	72	80	75	72	73	77	80	72	87	25	21	84	70	70	86	72	77	19	88	78	89	77	77	84	71	71	86	72	82	73	84	76	77	81	72	18	82	79	77	73	19	75	18	73	77	82	23	88	22	73	89	79	85	87	82	80	72	74	81	76	71	81	75	83	87	75	82	78	83	71	81	74	85	88	82	77	80	78	19	80	81	79	89	87	80	88	82	72	22	75	72	72	82	78	79	76	86	79	75	72	72	70	85	82	87	85	82	75	90	84	72	83	71	82	85	86	71	85	85	19	89	78	74	78	80	71	81	83	89	74	74	86	80	89	77	73	87	78	88	27	27	80	85	74	73	85	70	71	81	76	18	24	86	80	87	81	76	89	80	81	89	79	74	86	83	18	18	85	73	86	80	28	81	82	77	82	86	84	73	82	71	82	90	22	81	84	77	80	71	77	70	75	71	83	84	78	79	73	82	78	87	83	76	72	83	19	84	77	88	82	83	86	81	73	77	85	72	77	16	90	76	22	84	83	89	71	18	72	85	74	80	78	85	73	75	88	72	77	86	85	85	83	81	84	87	76	82	86	87	88	74	73	76	73	71	74	80	81	85	83	75	74	17	77	89	81	70	76	82	80	90	83	73	83	84	83	19	72	82	73	24	24	83	86	84	73	86	73	76	74	22	78	80	71	89	87	89	84	71	86	79	86	76	77	81	73	83	87	19	72	86	71	88	70	73	87	79	84	75	81	23	25	77	81	89	78	89	71	71	70	74	73	18	22	84	89	84	83	25	79	73	77	74	82	70	79	22	75	16	74	89	76	85	87	70	75	71	85	85	74	84	71	72	72	71	80	77	88	84	84	82	75	82	74	72	76	72	79	89	70	83	80	74	87	90	79	80	73	23	78	76	23	77	90	80	75	87	87	87	83	88	86	83	24	78	72	89	21	75	73	83	86	85	73	88	72	78	71	89	90	72	19	78	71	79	75	85	18	81	88	75	79	74	77	72	78	86	76	17	78	74	23	72	83	85	71	74	89	75	88	77	83	73	81	87	90	26	20	79	79	80	82	84	80	84	78	77	72	85	74	86	72	88	89	86	78	74	89	75	79	76	76	85	72	73	87	76	73	87	74	77	24	87	75	76	79	73	80	85	80	78	77	86	80	78	84	73	75	84	78	23	86	86	87	83	75	80	74	73	75	72	74	83	79	80	84	79	79	87	88	82	72	76	87	77	86	89	80	82	73	72	78	78	71	86	77	90	87	87	81	85	89	71	23	81	88	28	85	90	79	78	86	86	86	82	18	88	72	79	74	84	71	87	86	88	85	85	88	77	86	82	83	86	71	72	79	16	86	74	89	89	87	87	84	73	79	81	78	82	73	87	76	83	84	75	88	88	75	74	81	88	88	89	89	87	75	71	76	74	88	86	82	89	74	26	90	81	72	83	74	75	80	72	79	80	73	86	79	84	87	75	76	78	72	85	74	70	89	76	27	81	85	85	79	82	80	84	90	87	73	20	89	73	74	86	87	74	81	21	71	86	90	78	80
79	85	87	81	83	87	75	83	26	87	70	78	86	89	27	86	71	86	89	83	79	72	74	74	73	84	21	79	79	88	88	78	75	85	82	86	87	23	70	75	72	90	85	82	75	28	87	85	72	71	89	76	73	81	86	74	89	85	74	81	21	75	88	86	75	77	74	79	71	77	75	72	75	76	75	90	76	83	84	72	90	85	24	73	22	78	89	18	86	83	77	84	76	76	83	19	73	80	82	72	71	87	73	87	24	72	20	84	76	73	81	81	77	80	75	71	82	77	80	82	90	74	22	90	25	74	71	83	84	80	75	78	84	73	20	73	84	83	73	76	87	83	73	70	71	82	80	71	83	74	80	82	24	84	86	81	85	19	73	78	24	87	21	84	83	19	86	72	80	75	87	76	80	74	88	75	83	71	75	87	80	87	89	83	73	74	85	16	76	80	82	89	87	87	84	71	17	24	76	81	80	76	73	79	82	81	20	75	71	84	78	85	81	87	82	73	89	18	88	79	76	22	83	24	75	72	82	74	76	87	75	71	74	82	23	79	80	83	90	72	77	23	87	80	84	84	70	87	87	86	87	77	25	18	90	88	88	20	20	72	86	87	79	79	78	74	85	78	16	77	82	85	89	76	82	75	72	86	86	76	87	17	71	81	79	81	79	71	89	82	84	71	77	88	22	74	86	81	83	70	78	72	20	80	20	73	79	88	81	71	86	88	19	79	73	89	77	85	80	77	87	77	81	71	89	73	79	89	73	79	83	88	79	78	86	77	70	74	89	89	90	17	80	82	17	74	83	87	83	72	90	86	82	76	18	27	76	74	81	78	76	71	73	90	86	75	73	81	18	73	72	81	89	88	82	78	82	74	84	81	78	26	86	74	82	81	74	86	80	84	87	72	73	75	86	87	84	75	71	23	72	76	19	86	85	84	71	86	78	85	74	82	73	26	76	76	76	73	86	88	71	80	81	90	75	84	71	81	75	85	84	84	75	81	82	88	89	74	71	70	86	84	73	89	79	84	79	84	78	74	84	84	70	75	78	82	17	21	77	21	22	80	81	77	73	76	26	70	71	86	81	84	79	80	71	24	90	84	83	81	75	75	21	71	76	28	85	22	72	88	81	73	83	88	73	80	23	76	86	81	21	90	89	71	83	23	21	87	76	88	72	80	88	81	80	20	83	89	86	84	88	22	81	75	74	84	22	76	82	84	71	89	25	84	77	26	80	86	20	86	76	81	75	70	78	88	76	71	70	75	23	85	84	89	75	82	76	90	89	86	89	74	80	72	75	81	78	71	78	18	18	83	77	28	78	76	82	86	78	70	81	84	71	86	77	82	87	74	22	90	82	76	21	74	76	83	71	74	88	80	87	78	88	86	83	74	89	81	88	79	81	77	90	72	73	83	81	81	74	76	71	70	75	73	90	79	86	77	77	77	75	85	90	86	81	73	73	77	89	72	80	87	23	87	18	26	71	82	74	26	73	90	81	71	72	89	82	83	70	78	86	87	73	86	83	87	73	72	82	87	87	75	78	77	89	80	84	71	83	79	79	72	83	80	77	84	81	89	24	79	70	76	80	88	89	84	72	74	77	75	77	72	27	79	74	79	78	87	72	74	72	86	73	80	79	76	27	84	74	79	87	74	74	24	87	71	87	75	76	85	83	81	88	75	71	71	86	88	81	81	86	80	24	81	75	84	76	70	84	89	81	87	74	75	21	84	83	83	80	78	88	81	86	75	84	73	84	77	86	89	22	71	24	78	76	81	24	86	87	79	86	22	83	23	76	80	89	88	76	86	80	27	90	83	89	72	76	84	83	26
88	84	87	74	83	81	85	88	72	79	80	70	89	80	87	81	89	88	27	89	78	75	80	87	75	82	77	80	83	89	73	81	77	79	21	73	84	90	74	85	24	19	71	88	89	70	80	78	79	87	71	85	76	73	77	89	75	83	86	72	21	87	81	73	85	72	78	80	89	84	76	83	72	87	73	70	19	88	72	79	82	76	87	86	72	80	77	71	75	73	83	89	77	81	76	85	87	88	71	27	89	82	90	81	80	75	86	79	86	86	75	76	87	87	87	86	77	79	89	78	77	82	76	82	72	82	73	75	83	73	88	75	72	81	82	74	71	72	24	78	72	83	82	75	83	85	75	71	76	85	70	85	76	70	70	88	79	85	78	78	85	19	85	79	82	89	76	20	76	76	90	72	72	83	71	16	76	88	16	75	71	25	90	83	73	74	86	81	78	78	73	74	82	80	83	71	84	75	89	89	74	77	86	87	86	84	88	80	82	79	22	78	84	83	73	73	79	72	90	72	73	79	88	77	86	16	72	74	82	70	81	83	81	71	87	71	74	75	85	81	71	82	82	75	83	78	87	70	82	22	74	84	75	75	81	75	78	88	85	83	70	89	75	86	84	86	81	82	84	89	72	89	72	78	71	79	19	85	77	79	83	87	81	89	79	82	81	82	80	88	75	84	78	73	88	80	76	90	82	89	81	84	74	86	75	71	81	85	75	77	77	20	72	87	86	78	85	74	83	80	90	76	23	90	79	70	90	90	79	70	76	78	73	76	90	88	86	73	80	87	89	89	88	78	86	26	81	88	82	75	76	83	86	82	78	78	85	83	85	79	86	75	73	87	85	87	75	72	88	85	77	76	75	73	25	87	20	89	80	72	84	83	89	87	86	72	86	86	83	82	18	76	78	79	15	79	74	74	86	90	83	23	90	89	83	86	78	76	75	79	74	81	82	72	74	85	76	76	89	77	70	85	77	89	79	88	81	83	71	79	84	84	79	72	89	77	76	83	80	73	21	77	73	83	79	76	79	73	79	72	87	77	88	79	71	82	83	70	78	71	84	82	77	74	71	17	78	77	71	75	79	86	80	89	90	72	76	19	84	82	88	78	81	74	84	75	72	73	75	75	71	82	75	73	88	72	83	85	72	85	82	19	24	80	89	80	20	88	72	83	82	81	79	84	75	88	83	71	84	79	82	82	83	79	76	88	82	75	70	75	76	75	85	77	70	84	83	85	87	77	87	76	80	17	81	78	78	75	88	74	85	79	71	72	81	88	87	75	79	71	77	80	75	89	82	81	73	76	76	84	81	79	83	78	85	80	71	85	75	75	83	75	71	88	86	17	90	16	74	84	82	81	89	87	84	73	75	86	87	81	85	78	86	86	76	89	76	79	84	78	81	70	78	89	74	78	71	72	76	78	85	82	87	72	79	22	84	79	83	73	78	77	76	89	19	79	77	85	81	73	88	75	82	87	79	73	24	74	21	73	83	84	89	70	24	70	82	75	74	77	72	72	86	79	81	85	17	75	82	79	88	75	84	80	80	77	73	86	85	76	75	88	89	85	89	87	71	82	81	71	83	87	85	89	90	84	86	90	80	83	76	23	71	74	87	75	75	75	79	83	80	89	87	85	71	85	79	85	78	76	84	77	77	82	83	86	85	78	90	72	78	86	74	85	88	79	70	76	78	74	80	77	80	84	79	89	72	79	85	72	75	85	85	82	74	78	89	70	25	83	84	80	25	84	17	79	76	78	84	79	20	73	73	82	75	81	87	84	82	84	71	84	88	89	78	90	74	87	83	84	84	80	78	74	78	86	90	89	85	78
wj																																																																																																																																																																																																																																																																																																																																																																																																																																																																																																																																																																																																																																																																																																																																																																																																																															
84	22	96	26	30	34	7	59	38	59	60	47	61	44	40	94	38	66	14	66	20	2	82	10	18	98	69	99	94	65	69	3	3	1	73	24	64	62	48	69	84	44	92	12	93	43	80	31	23	94	35	49	80	66	19	3	30	30	55	5	66	31	12	47	48	2	27	32	21	70	11	97	51	37	42	25	51	5	7	13	85	30	72	36	26	93	29	51	77	80	69	44	85	17	53	2	35	25	69	97	42	36	92	58	44	84	67	20	22	32	91	81	97	93	41	42	83	66	65	93	66	15	21	53	18	69	52	32	63	22	64	74	8	13	35	5	70	89	95	89	90	27	32	80	41	57	5	86	5	88	75	25	73	18	53	86	81	6	41	63	98	42	55	78	77	73	12	12	31	10	7	57	75	14	95	92	25	74	94	54	6	32	31	4	50	96	90	62	38	33	15	36	83	74	81	60	15	98	86	14	88	38	95	67	21	9	44	92	65	41	24	81	59	63	15	53	28	37	64	57	89	89	96	77	10	55	57	73	15	77	77	77	26	34	33	69	98	61	3	29	50	98	15	46	32	37	57	4	51	93	27	13	46	36	52	16	52	45	57	76	6	48	37	97	71	20	8	20	81	29	32	47	39	51	32	17	37	14	92	92	50	92	12	57	12	93	43	61	58	1	22	30	51	24	70	17	6	87	33	50	39	25	60	76	88	25	91	78	84	95	69	51	63	99	32	53	20	69	3	16	15	80	37	65	68	97	54	13	89	8	44	76	73	48	29	30	28	26	32	56	21	8	97	90	33	1	48	66	79	50	40	2	49	20	17	86	85	57	93	1	82	57	22	31	56	23	37	19	29	42	55	51	68	100	63	59	41	16	74	3	41	52	82	6	64	42	92	92	12	6	17	66	8	18	3	56	39	38	74	29	70	77	80	51	70	99	20	13	80	17	7	79	97	38	64	76	14	68	62	9	55	40	82	32	8	48	15	34	50	49	32	83	85	71	12	92	29	98	90	54	81	5	74	97	3	58	11	45	87	62	61	58	55	6	85	96	88	30	78	78	34	56	17	63	57	74	20	99	37	2	60	75	20	32	21	33	55	13	12	52	37	15	11	78	30	14	65	78	75	85	89	72	74	88	38	31	92	2	68	34	15	23	60	100	36	22	7	99	35	59	83	81	93	27	57	94	46	87	84	30	21	38	54	31	41	13	56	92	27	84	14	60	71	53	20	41	92	75	93	64	56	81	21	44	58	58	5	83	46	92	12	28	55	76	74	54	69	36	48	26	33	97	69	62	62	41	28	15	98	75	54	35	11	24	52	10	50	83	78	85	45	66	70	60	40	19	89	99	26	16	32	71	84	86	75	61	21	63	43	26	28	50	34	46	16	37	17	50	56	90	30	44	96	76	74	23	45	86	7	89	17	16	80	46	17	9	65	57	11	99	11	83	30	83	12	47	87	13	94	68	30	6	67	37	52	45	10	3	31	9	84	41	18	39	7	33	33	53	34	7	24	62	21	93	5	28	33	91	19	53	50	71	89	33	87	90	27	52	80	33	93	2	95	25	54	99	13	75	96	78	14	39	59	94	38	83	84	3	34	7	15	54	28	26	99	59	30	10	65	86	30	18	39	93	14	97	13	75	24	3	5	28	46	44	75	60	41	58	44	57	93	42	52	34	41	48	57	95	69	53	46	54	96	35	84	48	3	75	16	58	65	64	36	67	22	81	12	98	70	42	65	37	13	46	37	69	95	91	42	38	52	62	38	58	63	49	80	6	18	20	69	19	60	88	25	74	75	52	6	7	45	67	56	40	50	11	95	98	11	61
