pij																																																																																																																																																																																																																																																																																																											
70	44	55	69	80	54	85	31	14	56	12	78	18	91	32	70	88	77	12	48	33	37	97	88	32	39	65	59	52	44	42	21	91	96	49	100	30	92	24	27	42	85	58	32	14	66	90	59	19	87	12	78	37	75	60	62	99	99	69	32	86	57	42	46	60	25	60	61	14	73	91	64	62	63	75	13	69	44	84	70	15	17	67	67	40	32	57	63	27	65	52	72	75	52	52	46	78	72	36	51	63	28	76	70	76	73	74	42	66	94	57	51	88	30	90	37	96	37	11	12	51	96	86	19	43	54	12	12	57	41	85	26	99	40	75	47	46	40	51	14	20	16	67	57	80	65	72	66	63	22	46	20	33	59	41	93	99	78	73	31	57	37	82	91	92	15	65	61	35	55	42	66	79	51	91	95	24	79	11	14	70	60	86	77	32	25	34	53	94	50	77	72	71	87	57	16	31	16	96	14	50	71	56	61	51	29	68	28	24	71	86	83	32	18	31	47	62	24	33	74	12	78	95	87	91	42	96	84	22	53	95	40	83	33	34	70	44	14	15	98	61	94	99	54	30	39	42	13	20	93	62	64	10	18	58	15	62	70	82	74	35	48	51	54	15	49	23	71	33	65	67	27	22	43	65	15	62	77	97	98	99	63	22	36	67	13	70	10	45	22	63	27	50	85	48	90	97	49	21	24
27	53	11	67	19	11	26	50	74	58	71	50	12	76	92	24	13	92	35	11	27	19	55	57	87	87	80	25	95	11	37	87	96	30	22	56	25	45	62	43	27	17	74	82	20	98	75	92	36	42	67	77	24	61	16	42	77	42	69	72	20	28	30	31	41	56	100	97	76	74	11	40	28	20	10	85	32	78	58	86	38	54	29	87	60	77	80	15	21	52	69	97	28	15	14	74	52	39	94	81	70	27	17	77	53	49	48	97	87	77	47	84	79	46	87	33	73	66	31	37	43	97	87	92	39	11	54	19	65	24	51	22	96	50	18	67	68	31	77	70	35	28	86	35	91	11	94	78	91	59	61	49	75	84	21	96	85	20	20	47	53	98	32	77	85	67	16	40	41	69	74	76	87	58	50	47	29	78	50	59	66	65	13	11	68	40	100	58	87	80	74	89	33	32	83	43	45	73	83	83	48	59	31	33	96	32	96	67	31	22	84	10	75	61	15	80	38	74	37	49	33	67	23	81	34	27	52	12	41	57	93	14	20	22	63	90	15	84	55	22	93	96	95	82	62	88	23	99	38	49	46	28	48	86	62	30	94	22	61	73	44	26	22	61	55	24	47	83	40	77	29	61	83	83	75	65	93	48	41	63	51	27	28	79	14	42	89	67	68	36	59	95	35	15	26	39	85	87	83	64
74	26	82	38	16	77	79	53	43	88	11	25	22	92	45	59	18	37	87	18	17	62	47	73	15	43	78	81	20	39	78	54	40	93	97	76	45	59	34	29	63	47	80	16	42	45	35	23	37	34	60	94	18	22	55	16	40	37	45	13	38	95	75	16	22	98	30	64	100	62	83	68	61	76	82	81	90	62	36	29	72	25	46	87	97	58	98	21	14	56	39	30	13	43	70	18	41	90	92	93	15	31	39	18	87	80	69	73	60	60	11	56	72	61	22	73	81	37	38	70	35	16	66	76	68	99	66	22	62	26	56	83	82	23	44	40	48	73	81	88	12	90	67	23	24	68	62	64	91	62	100	39	35	42	96	62	21	77	44	66	42	35	24	68	58	42	73	88	83	99	26	46	32	87	41	34	48	42	38	86	80	44	71	97	55	66	54	97	66	40	86	23	51	97	13	62	87	46	57	94	84	80	57	78	75	21	58	29	76	62	91	21	17	40	65	46	94	13	45	89	34	93	100	55	42	81	12	71	22	35	29	82	34	29	19	69	26	51	46	66	96	54	25	49	59	24	76	86	58	20	51	64	60	38	80	88	27	15	52	32	60	29	98	94	22	46	59	62	47	29	28	27	92	19	27	70	98	96	62	13	98	70	19	66	89	12	39	47	98	84	93	75	71	49	20	49	73	57	12	54
48	23	34	62	48	41	44	48	37	61	16	13	71	42	54	67	35	43	65	17	47	67	37	94	74	67	47	21	30	16	63	12	93	12	45	61	73	46	86	38	38	12	52	25	22	55	78	34	17	67	58	85	83	14	76	26	93	37	17	78	88	46	93	49	82	11	22	98	92	80	15	21	48	27	56	96	94	57	15	70	54	43	33	93	36	68	75	34	55	13	41	37	97	97	65	90	32	52	85	19	18	55	68	47	31	84	90	98	97	16	96	94	27	72	51	40	22	26	53	80	15	48	37	69	66	50	92	20	93	62	55	38	98	50	23	61	66	33	36	86	69	72	88	49	16	82	19	54	99	13	67	10	78	66	12	51	48	64	20	94	96	72	20	100	34	97	57	70	91	83	39	29	97	10	77	70	41	20	47	88	88	73	79	32	76	24	33	86	41	50	85	68	88	54	57	27	64	27	91	58	35	81	91	24	74	57	18	27	43	21	34	53	97	81	47	38	57	70	85	83	45	95	47	86	54	41	59	65	97	56	77	28	53	78	90	25	49	15	72	42	86	35	81	87	87	91	52	79	65	53	33	12	100	60	42	55	53	37	88	44	68	46	91	62	14	42	84	59	18	69	28	49	15	64	86	26	46	45	22	93	37	15	19	68	13	71	25	24	49	55	33	48	35	80	65	33	47	97	34	50
88	23	67	15	21	84	48	55	17	94	18	70	28	38	52	66	69	31	95	90	68	86	94	73	20	28	18	52	26	28	56	40	61	21	63	39	56	37	10	52	55	97	80	88	55	41	72	25	21	59	21	35	52	48	41	33	47	71	98	96	85	33	18	93	34	50	14	79	35	58	33	17	72	29	87	95	75	97	71	20	86	93	74	66	79	72	18	50	80	86	32	71	39	82	36	64	57	29	77	62	35	86	42	99	90	23	50	95	25	48	53	75	38	33	94	89	22	99	78	84	77	24	19	15	26	56	19	57	35	87	56	92	23	72	76	85	60	30	74	13	93	44	38	64	96	82	96	91	25	44	18	16	18	57	40	91	15	21	35	67	78	57	87	27	40	34	88	82	74	11	65	15	54	12	91	32	72	45	52	44	15	90	93	82	72	76	95	23	17	70	64	90	60	70	63	10	23	61	37	52	26	29	31	55	26	48	39	25	42	28	74	61	91	77	64	54	32	71	34	65	78	53	61	66	47	20	33	48	32	60	83	43	34	51	51	76	33	33	76	80	24	42	66	39	37	18	44	20	98	48	69	19	52	63	60	57	54	73	43	23	85	43	37	47	19	36	94	12	48	33	60	42	21	49	21	88	82	96	68	87	79	85	19	20	33	90	79	19	21	23	41	14	13	72	98	38	95	76	19	30
62	23	19	81	18	30	29	28	88	38	50	89	56	94	19	12	99	38	31	64	63	28	28	11	38	38	29	29	14	15	27	34	44	19	73	27	25	87	53	36	73	34	99	27	80	15	17	35	63	65	94	53	89	67	69	84	25	96	65	80	11	46	44	42	11	22	87	36	13	36	71	79	60	41	97	44	17	36	44	72	46	18	98	62	57	54	71	76	77	66	60	54	15	38	68	76	74	24	59	59	54	26	43	60	19	85	49	88	88	46	53	61	87	65	17	63	52	37	24	54	68	14	69	56	63	20	21	20	19	49	44	14	19	39	25	90	65	85	62	21	45	98	67	94	11	46	85	41	98	37	64	25	46	77	27	44	84	83	53	40	22	18	10	49	80	55	80	40	57	100	29	35	60	94	27	62	94	81	27	35	35	59	25	65	24	78	64	59	36	16	62	45	20	100	12	50	38	41	39	65	34	17	65	90	87	93	90	58	39	77	85	73	91	12	61	70	47	36	64	15	85	40	69	89	95	22	18	59	35	20	47	17	27	23	28	28	74	36	93	75	39	90	45	91	51	18	14	39	19	59	64	90	94	28	62	97	28	99	22	13	96	56	79	48	19	98	66	69	74	35	14	12	35	54	42	60	43	35	39	72	93	60	98	92	55	25	98	94	50	95	57	97	91	31	24	36	34	67	40	59
92	89	66	45	56	61	47	21	33	46	28	35	53	83	69	13	21	80	31	29	39	19	83	77	62	96	56	33	35	23	20	71	99	11	39	43	33	12	53	13	99	23	20	85	75	64	13	48	46	80	96	42	37	55	62	43	75	76	58	67	78	48	51	20	29	75	90	47	36	86	19	48	15	88	62	15	32	20	26	37	99	87	98	34	44	91	42	95	50	61	14	39	31	59	56	64	98	93	87	54	65	44	56	21	97	48	17	85	77	32	90	19	27	36	31	44	97	70	65	25	52	76	41	73	60	20	42	10	13	75	97	99	36	57	30	64	67	80	42	70	19	80	76	55	28	74	70	94	16	12	73	14	45	47	24	90	62	24	66	38	84	28	90	27	90	35	22	55	67	29	84	25	66	16	19	89	91	48	63	56	73	62	72	26	57	23	46	92	23	20	15	57	13	56	97	94	22	62	91	42	50	79	57	79	74	82	52	43	91	97	58	100	13	68	36	79	75	99	91	14	57	84	65	12	48	18	50	85	36	38	62	52	76	80	23	74	98	31	56	48	27	15	60	21	95	25	76	13	44	53	51	74	63	55	25	23	95	41	26	22	42	56	36	28	49	38	85	55	36	80	48	82	84	52	40	18	52	69	99	80	72	20	69	99	31	80	17	35	28	78	60	80	76	94	47	41	76	73	69	14
68	18	66	44	32	65	64	41	84	33	88	80	26	29	38	98	77	84	52	85	40	92	54	90	60	20	70	45	40	49	84	83	66	96	57	58	66	28	41	55	75	41	93	37	55	98	43	40	97	37	71	54	47	27	66	15	85	44	31	34	93	22	22	40	20	46	73	87	18	97	76	34	71	38	70	47	62	42	76	82	99	97	74	62	46	28	61	72	91	65	49	39	14	71	23	28	91	91	93	26	30	30	78	87	33	31	55	98	30	19	71	65	96	90	86	82	81	49	49	45	46	39	57	48	33	81	98	86	92	17	78	92	88	70	75	86	18	63	90	26	67	99	52	58	48	84	13	11	91	70	58	53	83	33	43	16	18	55	72	81	52	47	45	78	33	20	11	95	46	15	59	41	57	68	26	32	31	60	84	75	45	26	95	11	25	66	38	86	75	28	69	39	37	71	82	16	93	89	38	67	60	55	37	35	75	26	57	36	12	36	25	23	27	59	77	13	41	39	18	99	48	37	38	50	62	34	49	14	97	72	67	56	94	79	47	31	55	88	24	84	76	35	80	47	14	25	90	28	67	75	50	60	23	46	60	79	22	16	95	61	15	83	57	79	33	15	56	58	17	56	59	11	49	80	17	18	55	19	98	31	18	88	88	81	49	23	23	66	66	17	83	32	38	11	69	61	75	22	59	51
20	74	39	99	73	31	77	13	13	10	25	89	96	22	46	49	11	43	60	86	65	65	14	47	92	86	63	84	62	84	72	41	53	84	20	59	28	82	95	39	85	37	63	31	40	85	61	37	65	71	13	64	61	19	68	75	71	41	56	72	66	13	48	80	92	40	45	62	40	85	30	48	50	89	38	90	29	59	48	78	40	80	93	16	58	58	62	87	68	48	73	50	23	79	38	72	16	30	36	32	61	51	93	25	39	41	77	76	33	61	88	79	94	97	12	86	30	57	60	47	88	51	69	80	36	43	40	46	55	67	35	38	57	43	49	49	11	11	67	91	72	22	97	43	81	46	74	74	27	86	21	44	42	37	57	65	69	16	35	21	68	76	45	33	64	39	40	85	48	81	99	37	45	55	78	23	99	65	40	41	77	78	80	85	27	37	52	66	53	79	25	87	76	27	37	45	16	48	73	44	34	69	97	95	75	56	62	45	32	99	80	30	66	35	67	62	42	25	32	49	41	22	44	24	24	76	18	78	94	91	14	21	99	83	44	33	25	82	22	16	76	67	84	39	14	46	49	62	63	84	37	41	69	82	94	32	87	53	23	34	18	80	59	63	57	100	100	47	91	57	63	45	46	51	56	77	94	28	91	25	30	53	80	46	29	92	66	32	31	30	83	68	35	21	33	11	90	37	60	65
66	14	69	19	99	66	13	29	18	89	99	63	100	28	44	99	76	53	24	94	97	45	43	79	17	32	14	90	93	70	54	11	56	47	47	93	86	51	54	71	32	90	17	78	58	15	21	16	65	73	72	71	11	75	86	42	36	41	65	43	23	29	63	30	51	59	25	41	90	89	47	36	95	44	34	92	42	18	86	20	13	34	25	90	98	27	12	59	47	55	79	98	77	98	89	79	20	78	85	55	69	58	80	39	28	75	42	68	27	51	28	87	95	60	25	19	91	46	66	78	12	60	49	47	25	71	65	66	96	37	68	98	49	50	96	29	35	71	97	43	80	68	95	74	47	46	50	26	22	20	84	57	80	85	56	24	29	72	95	86	68	39	36	77	51	64	87	16	33	55	100	40	15	84	99	44	73	28	72	36	18	67	67	64	10	19	75	45	16	32	100	86	50	16	19	69	94	94	33	46	11	50	27	88	17	74	63	37	98	24	35	13	67	84	45	29	34	96	13	36	69	30	87	55	94	64	70	62	18	95	73	14	81	83	57	45	44	68	86	49	11	47	29	73	16	98	62	52	24	24	55	73	47	47	52	45	58	74	39	82	98	58	77	33	52	82	15	73	42	52	91	56	10	87	67	21	41	91	10	76	64	12	92	40	39	15	42	77	59	21	83	43	98	41	51	92	13	76	84	30
26	90	78	74	85	99	76	17	60	49	72	63	62	16	42	44	43	40	62	41	48	19	50	55	42	60	36	79	18	51	76	78	34	88	32	58	55	72	89	52	21	31	52	36	73	22	91	41	40	80	41	38	56	78	79	99	78	44	19	61	47	94	72	41	14	42	21	93	30	48	94	56	60	62	59	50	87	54	35	30	78	98	45	68	44	39	29	76	30	73	57	39	40	72	89	77	90	59	44	83	86	71	80	72	74	99	70	50	26	68	45	47	15	27	14	98	27	78	66	71	99	67	61	90	20	76	38	59	67	64	34	92	54	81	66	50	17	82	90	21	12	84	18	74	99	24	76	59	68	66	84	97	82	47	18	67	25	91	45	92	44	72	75	50	27	11	13	50	35	18	12	64	20	97	39	31	74	22	43	76	34	81	72	95	68	76	60	86	45	56	47	77	97	53	40	55	89	81	39	44	55	92	12	80	46	18	55	78	86	32	90	48	95	29	36	16	84	43	97	70	21	23	92	75	38	42	73	89	91	30	12	78	89	11	35	82	58	59	82	45	24	62	44	79	42	42	81	49	95	95	84	68	93	57	64	80	18	78	21	24	87	36	88	78	47	26	22	21	81	45	43	61	21	38	52	16	51	98	45	41	37	95	58	27	45	64	80	45	43	88	70	15	46	25	25	85	51	80	84	74
97	49	88	48	52	70	59	64	33	81	72	19	47	64	31	35	30	33	70	94	48	19	74	14	31	80	22	41	96	50	70	42	53	16	51	80	61	52	36	49	93	45	83	97	18	49	77	38	88	35	33	88	21	84	36	33	30	43	84	14	18	10	35	87	91	19	39	33	62	13	33	22	54	25	13	30	86	77	76	47	13	81	15	59	50	76	95	28	62	42	27	72	73	60	94	52	23	61	73	56	55	93	34	66	54	85	69	25	91	40	67	21	84	80	24	89	15	67	79	84	60	12	47	84	59	45	60	56	33	87	20	12	85	68	22	89	82	47	20	70	15	10	24	93	68	39	13	24	93	76	56	71	32	65	16	91	62	35	18	28	36	40	53	91	43	16	96	58	48	34	29	35	13	72	48	53	48	87	23	46	28	38	46	58	42	16	86	59	54	69	96	56	34	41	77	96	23	24	91	100	37	79	23	14	91	51	92	75	43	11	19	75	49	91	82	97	26	14	45	89	33	64	27	13	69	60	19	89	22	23	43	93	41	64	49	55	98	67	31	74	74	59	81	75	53	51	51	74	99	98	90	17	89	85	41	49	91	18	86	37	80	12	16	65	74	35	23	42	25	75	68	68	75	18	93	67	98	62	60	48	59	36	13	98	99	70	58	23	91	97	69	48	38	35	91	41	50	55	22	93
31	29	30	89	73	81	64	93	25	44	25	71	12	32	66	22	57	33	23	89	35	44	36	92	17	47	16	35	28	53	53	59	91	36	51	73	32	41	16	12	27	80	41	14	79	42	68	97	86	71	38	52	84	62	49	51	63	31	75	33	65	98	60	55	69	36	69	88	51	75	37	13	49	38	48	98	63	82	80	69	99	26	79	31	64	54	44	89	100	14	94	47	85	44	31	27	75	74	18	30	75	59	53	40	48	10	93	76	95	61	91	25	83	67	88	81	14	79	80	50	60	29	43	48	15	39	45	98	90	80	80	39	27	67	32	39	58	92	35	99	42	61	15	47	56	69	27	71	61	23	75	65	25	31	40	78	84	85	75	59	99	54	20	97	20	59	12	23	42	82	20	80	32	43	87	78	96	77	33	13	58	13	13	78	47	13	77	86	30	59	77	91	51	37	51	31	54	58	53	26	40	16	70	33	83	20	90	100	19	89	92	84	49	95	57	81	48	67	27	18	61	40	24	41	68	26	96	67	63	77	37	87	27	33	73	90	94	54	17	53	54	20	23	28	53	37	39	33	57	20	12	57	17	70	76	54	41	30	36	19	79	48	27	82	70	42	75	78	85	61	25	16	32	21	37	30	17	70	11	91	71	47	81	52	71	67	98	20	77	70	60	11	50	91	84	62	72	57	56	44
31	11	59	80	14	82	15	20	53	84	45	51	19	58	27	23	96	36	85	34	15	25	94	71	12	70	13	47	31	20	45	59	19	82	55	99	98	93	72	19	100	72	95	93	90	43	74	81	38	67	83	61	37	57	47	92	56	90	28	15	52	38	33	39	43	53	44	77	51	75	79	31	62	91	85	15	64	40	75	78	93	87	80	41	75	52	44	17	31	70	82	16	63	60	84	71	52	87	25	32	30	28	89	37	72	62	75	37	65	34	27	70	81	76	32	23	54	74	89	82	23	75	36	16	70	48	40	57	61	71	56	38	93	65	22	22	75	60	53	48	22	57	16	32	56	95	26	65	21	67	53	40	32	30	16	51	72	89	52	80	83	15	17	18	86	57	79	72	97	40	74	83	83	43	38	76	81	97	16	56	93	27	21	19	13	82	63	93	76	65	86	20	89	16	77	100	75	78	18	43	55	99	34	40	39	80	44	70	93	13	93	31	51	73	51	99	75	100	41	78	28	64	80	43	94	91	69	59	92	84	51	66	23	35	77	73	75	56	49	43	39	95	23	18	95	87	32	37	81	24	27	57	79	79	33	19	36	27	98	66	20	18	56	85	17	35	32	57	11	50	81	75	72	85	29	27	63	24	12	55	35	63	65	33	35	77	90	87	68	23	89	12	17	51	18	76	20	66	43	62
36	57	55	95	78	84	95	44	41	99	77	18	48	78	30	42	50	30	66	14	50	78	10	17	58	83	14	39	96	90	27	31	90	86	11	67	80	49	70	78	71	49	53	55	48	85	64	26	36	54	54	29	73	54	44	97	98	72	35	77	51	42	66	51	41	29	89	51	77	23	43	42	13	32	48	38	67	16	62	84	80	56	50	76	44	63	92	50	95	59	42	22	26	88	79	33	49	81	97	10	65	93	63	25	93	43	22	16	80	61	38	30	71	56	61	59	50	81	47	16	43	75	100	21	41	97	21	29	94	26	59	29	20	98	64	68	13	55	90	98	84	83	70	84	19	26	20	83	70	40	33	84	10	75	81	77	14	86	59	53	64	11	37	16	55	64	79	29	48	10	99	85	84	86	21	51	20	54	85	55	57	96	78	43	78	97	39	14	29	23	29	97	46	77	14	42	82	75	81	52	16	97	25	87	96	33	51	96	95	58	41	85	68	42	45	88	88	43	24	94	67	20	35	50	60	48	85	96	40	32	97	82	64	37	16	57	99	60	88	62	17	50	65	23	93	32	78	59	58	95	78	23	91	14	97	78	18	27	85	54	99	22	97	24	71	90	63	76	56	59	99	32	38	40	58	57	56	39	35	65	89	42	88	97	30	68	29	76	28	56	23	41	59	15	28	76	80	41	52	92
79	21	59	87	53	47	36	96	52	24	65	81	85	57	45	35	52	22	93	14	66	69	82	24	67	63	38	82	84	31	82	96	53	79	96	96	56	39	71	86	38	27	72	75	76	99	35	49	75	40	68	17	63	10	44	98	10	74	15	78	53	30	98	28	69	75	65	82	21	54	11	97	77	53	64	91	73	81	12	61	41	88	76	63	58	23	27	54	79	85	23	62	15	88	24	77	79	20	27	45	38	19	57	51	15	86	22	51	42	18	14	33	17	88	28	70	74	20	13	93	40	67	15	46	20	30	14	99	34	40	16	48	13	78	56	21	63	77	16	54	27	31	96	17	38	62	15	28	45	68	36	86	41	27	24	26	11	94	28	17	14	33	30	60	19	73	51	28	50	95	12	25	32	68	62	56	89	24	84	91	16	26	89	33	50	20	49	58	80	77	22	48	93	44	50	38	21	89	68	75	37	36	23	66	11	21	76	85	13	87	58	31	93	90	72	27	28	70	32	31	19	25	23	42	82	87	91	88	97	79	78	26	14	52	100	97	45	12	20	83	20	34	44	95	50	35	95	52	85	93	91	75	77	98	38	95	62	85	86	64	32	95	71	16	20	28	59	61	58	30	18	85	76	94	31	84	47	56	90	95	55	79	32	15	25	80	60	79	84	12	64	44	47	75	63	47	85	92	90	89
50	74	15	69	23	41	35	28	76	63	36	55	72	87	79	20	59	53	59	69	77	72	40	46	15	65	54	57	39	92	89	31	48	75	33	18	71	19	57	67	63	27	90	46	49	94	87	53	24	67	16	99	39	67	30	65	21	40	83	84	24	95	89	20	24	21	11	46	68	25	24	60	21	52	79	15	35	73	97	30	44	30	17	57	97	59	56	12	48	92	63	39	46	64	86	84	22	23	62	30	50	97	49	85	53	16	76	83	81	29	31	24	86	45	66	43	24	34	25	50	87	98	14	19	47	70	80	59	93	76	65	27	35	42	95	82	38	73	25	48	20	38	42	32	90	55	58	23	43	83	64	15	71	86	13	43	91	98	64	56	50	74	88	30	71	89	37	33	80	65	78	86	14	79	51	16	44	27	22	27	79	36	24	29	17	33	97	84	53	100	99	74	69	64	23	52	24	94	18	89	51	92	72	42	24	39	22	51	90	97	81	14	26	72	51	82	67	69	87	36	100	25	12	78	92	15	60	69	86	17	86	60	37	98	28	37	71	30	61	47	53	95	73	15	96	44	49	35	17	19	35	28	82	62	74	80	65	70	68	78	28	30	77	31	75	68	30	24	79	62	81	53	14	18	54	36	99	39	83	36	74	10	51	43	52	17	18	79	32	95	97	79	50	68	19	59	52	85	43	77
13	98	82	90	67	79	60	54	16	89	79	19	39	89	40	30	27	97	73	15	92	97	43	51	73	87	91	94	34	16	90	81	46	16	48	95	78	94	46	38	74	96	33	62	16	82	86	95	38	60	17	64	14	39	67	65	42	34	35	78	56	45	81	80	77	15	58	11	71	22	84	77	36	22	47	32	64	40	99	24	18	74	64	26	59	17	68	48	42	14	65	30	75	49	96	68	55	72	68	36	27	70	27	86	97	91	97	73	27	59	81	60	44	75	85	55	60	52	27	34	26	55	35	36	18	95	63	77	96	53	31	94	48	76	58	52	38	77	22	66	98	65	37	82	59	44	40	63	17	83	71	32	64	99	55	91	21	93	94	78	13	66	46	51	56	37	33	48	40	25	32	38	53	45	41	77	30	79	55	26	61	81	71	68	30	97	87	21	69	42	10	37	92	94	67	79	46	55	98	40	54	25	98	98	28	51	80	39	90	94	58	92	85	19	76	23	37	77	35	52	92	77	84	92	69	50	34	89	91	61	39	46	26	68	71	10	20	56	88	33	11	98	89	27	20	88	70	90	27	20	63	39	80	82	94	78	97	71	17	35	67	56	45	21	66	93	23	61	15	41	72	81	78	58	84	65	19	94	74	56	48	12	87	41	86	91	70	64	15	92	24	98	67	25	78	39	18	68	32	26
35	39	63	56	22	78	47	45	82	98	51	31	53	16	80	73	46	20	34	14	94	67	43	89	64	71	64	56	21	30	48	41	56	17	45	88	50	47	22	20	46	71	56	81	61	31	73	69	79	18	84	84	91	33	42	22	29	61	78	71	51	44	58	29	89	77	27	91	55	37	15	21	60	39	34	58	100	74	93	44	22	81	64	82	65	70	52	54	39	16	12	86	11	47	30	98	23	97	26	64	54	45	79	22	31	62	91	72	74	58	39	36	83	39	20	65	12	46	47	50	84	52	19	73	75	10	34	81	88	24	92	51	11	22	33	66	18	39	42	82	56	81	20	59	36	41	41	24	75	14	13	95	31	96	48	48	48	53	23	18	40	11	65	68	21	22	48	17	34	98	63	10	58	95	21	13	30	25	64	87	71	71	22	57	86	67	27	37	28	32	37	63	15	30	13	32	53	41	71	56	27	22	71	71	27	46	67	51	39	32	47	21	45	89	39	63	96	28	74	64	84	84	40	98	29	40	24	77	47	41	59	46	59	44	57	67	34	41	13	66	61	25	39	64	36	36	91	68	41	35	68	55	83	72	57	46	38	35	77	10	11	15	36	58	35	64	12	90	67	10	46	44	58	57	46	58	57	27	56	49	34	34	50	89	47	96	19	55	61	91	98	75	17	51	53	75	85	49	17	27
90	58	23	35	69	100	50	87	69	46	26	12	44	24	90	83	40	42	58	31	97	41	30	83	22	43	94	21	56	87	12	88	41	59	54	74	81	72	33	45	73	63	81	27	96	85	24	95	60	55	98	92	47	76	95	30	88	42	23	88	28	43	50	90	48	22	36	28	62	32	32	65	28	22	33	71	72	63	20	46	78	35	41	82	89	91	38	94	12	49	29	79	39	24	13	57	72	39	73	62	98	68	77	50	36	37	16	53	52	26	78	43	15	38	21	63	70	22	73	38	35	52	37	70	59	15	78	32	21	98	41	74	18	64	69	14	61	13	65	82	33	44	80	19	33	16	65	14	83	70	38	39	45	45	31	51	38	21	20	77	68	75	26	19	50	19	31	51	69	15	71	89	90	63	59	16	89	81	36	58	13	60	42	25	56	54	54	79	45	72	73	16	21	92	86	43	20	70	19	30	65	55	50	10	82	78	12	60	73	67	42	38	23	26	83	98	79	58	34	46	22	99	16	60	25	50	29	40	49	68	94	41	65	96	32	41	51	72	44	75	45	78	31	20	95	71	74	79	87	93	89	29	69	29	83	67	34	42	87	22	18	34	75	69	76	71	63	72	20	35	98	11	39	35	34	67	65	17	26	43	34	26	65	34	15	12	13	68	79	77	69	32	29	90	47	34	39	96	82	35
38	16	44	77	23	89	51	16	28	72	78	77	55	81	55	19	47	85	68	67	29	72	14	36	86	88	13	55	20	84	21	22	25	94	92	37	27	19	89	50	48	12	54	22	84	50	19	38	68	84	73	63	67	92	91	87	33	62	31	67	55	72	66	83	53	18	41	81	11	29	47	25	38	87	29	41	63	26	97	70	51	42	32	11	52	83	38	42	54	87	40	91	30	99	17	57	51	52	13	73	50	62	88	14	72	43	87	16	39	37	28	30	39	88	86	45	43	95	61	71	36	55	41	90	35	59	78	77	17	18	67	24	49	75	11	80	73	44	70	94	87	88	14	11	71	15	33	29	19	58	97	79	60	46	68	77	73	91	98	95	60	56	28	92	35	25	84	62	22	25	67	16	27	46	80	89	57	53	94	43	78	70	12	95	47	15	89	84	96	11	11	85	84	47	54	14	60	33	32	62	89	58	64	75	29	69	31	72	42	20	98	53	54	67	48	29	95	83	67	15	61	36	99	87	74	81	85	12	53	88	55	78	77	89	78	43	38	85	45	88	86	93	48	69	63	84	87	48	22	94	21	49	36	41	47	36	79	12	13	40	23	29	18	41	86	16	94	18	82	53	35	25	60	68	39	30	51	67	25	98	86	51	53	54	51	71	60	65	92	82	22	42	93	32	24	52	56	15	53	88
34	87	92	27	94	24	81	74	92	90	42	68	68	30	37	46	71	11	12	29	17	58	98	17	61	20	82	95	91	63	30	55	15	28	28	12	23	69	81	20	64	61	66	32	10	94	80	88	75	95	52	19	43	93	69	89	35	38	58	25	80	11	97	79	37	77	77	38	83	79	58	81	64	36	68	37	50	19	64	47	83	82	74	18	73	45	65	61	34	42	84	52	92	50	99	33	13	20	11	91	25	78	18	56	45	37	43	93	58	93	13	69	56	74	26	30	10	30	37	31	84	49	25	97	81	63	67	16	42	84	43	14	63	62	59	78	40	36	79	93	62	40	57	27	11	24	46	15	82	47	82	52	73	21	60	91	34	23	46	79	40	15	51	37	35	88	40	71	55	60	15	23	32	89	54	77	21	22	25	20	82	91	23	47	83	23	43	56	52	51	13	24	31	53	24	18	59	75	90	14	98	22	62	61	93	55	20	87	39	69	43	48	95	47	31	82	49	29	61	30	16	20	67	65	95	48	25	73	39	57	56	49	73	33	43	61	69	19	17	35	32	67	87	53	57	52	31	49	47	17	16	47	31	37	18	81	25	37	45	42	73	17	46	63	12	42	41	31	14	38	91	34	28	73	11	73	68	59	34	85	68	21	60	47	11	35	97	16	81	20	85	29	99	51	60	51	85	72	98	70
86	66	73	65	14	74	38	88	81	52	35	70	81	28	21	70	68	90	96	35	96	51	20	20	52	81	77	76	70	63	45	28	24	11	27	99	93	28	95	91	26	82	92	66	38	35	37	35	69	25	39	40	49	16	15	74	31	37	97	26	30	42	32	26	72	25	62	78	57	55	40	72	34	25	29	83	86	37	86	80	56	99	62	49	56	84	31	92	95	68	23	46	52	82	97	58	81	72	98	66	72	82	75	24	18	86	61	75	91	49	58	50	56	19	85	51	12	86	83	49	76	26	64	79	66	36	38	85	27	83	96	19	98	57	57	59	94	38	80	72	38	47	96	83	29	61	69	18	71	50	74	100	79	73	25	24	66	10	35	79	90	75	41	78	66	69	52	89	62	60	48	92	73	43	90	39	92	44	34	16	16	68	25	44	41	80	49	11	17	67	49	39	79	29	75	25	67	76	64	37	96	81	86	76	54	14	18	57	47	45	40	88	36	43	84	43	61	19	92	68	52	53	75	63	97	61	48	97	53	79	69	10	21	44	41	65	25	27	27	42	90	58	78	49	84	55	31	82	61	33	38	99	24	24	19	63	97	46	90	64	54	38	88	52	37	83	31	15	52	88	69	72	57	23	39	83	48	40	27	31	59	61	21	38	59	89	27	25	51	74	93	45	98	99	47	28	28	71	37	62
72	10	22	62	29	38	33	60	36	27	25	81	37	61	40	85	85	57	85	79	34	31	34	35	49	90	20	23	99	19	82	12	89	85	95	21	24	85	83	27	40	62	64	79	27	57	89	80	31	42	73	94	54	71	54	18	64	31	90	18	85	67	64	78	80	67	12	49	94	55	16	98	71	48	76	90	92	24	57	72	89	33	32	75	74	19	15	51	73	14	25	91	74	17	66	33	53	41	41	63	67	94	55	60	50	93	30	35	31	87	27	34	93	97	65	30	29	36	51	75	11	50	61	95	92	68	71	51	19	100	66	70	41	88	41	18	18	81	19	12	71	47	31	58	76	88	88	66	65	43	95	99	78	32	56	66	99	28	29	67	62	60	96	38	13	41	14	90	87	47	66	85	57	55	73	83	17	75	79	25	84	82	38	46	12	32	41	46	43	70	63	20	57	80	41	79	41	18	91	51	72	26	97	88	17	76	90	23	43	99	55	84	65	73	19	67	44	65	46	64	35	87	19	66	14	93	65	34	90	12	74	72	54	64	80	58	41	97	63	87	46	48	46	63	16	25	22	47	79	44	70	56	83	53	22	22	53	87	88	94	17	19	61	68	69	20	42	91	28	67	11	94	40	79	60	11	47	28	91	79	88	91	69	86	89	10	65	43	95	58	52	47	38	86	77	28	54	40	76	89
18	68	83	44	57	80	64	31	77	83	54	65	19	75	56	42	44	58	43	86	79	51	23	61	56	81	99	11	74	80	60	79	55	93	61	83	47	70	22	11	31	34	59	66	96	63	26	29	61	86	51	64	14	24	16	77	91	12	83	70	96	39	55	63	90	47	97	40	57	66	57	90	69	13	43	64	35	25	23	74	13	31	66	49	38	91	66	54	58	22	25	20	80	32	41	29	73	51	58	83	31	84	51	22	50	13	21	70	58	91	30	43	82	15	83	32	82	90	84	68	40	51	55	92	23	99	42	69	23	54	34	13	65	42	72	96	87	99	22	14	59	77	29	73	82	15	65	28	85	59	82	16	73	97	37	77	17	33	78	75	67	52	74	78	59	57	52	77	19	78	88	51	88	53	45	55	86	17	35	32	77	74	46	57	98	14	83	40	69	78	37	12	91	89	10	59	59	21	43	26	93	63	96	70	47	30	62	40	38	70	75	48	16	62	31	26	29	23	77	30	95	58	27	10	33	68	20	64	32	56	87	17	64	52	69	99	32	27	36	42	48	13	71	72	15	25	52	39	48	71	66	52	38	78	18	85	46	26	12	24	52	45	35	22	73	93	76	22	22	75	18	26	50	67	47	80	23	71	97	11	65	94	71	80	31	93	45	56	26	29	47	17	88	46	31	43	84	98	35	60
73	84	27	38	54	43	60	91	82	93	54	78	42	17	22	67	22	57	46	33	60	59	28	13	74	42	35	30	70	75	27	74	70	21	21	18	21	14	81	97	46	53	17	64	40	12	41	33	55	71	59	17	21	14	25	48	53	60	89	51	19	94	16	76	85	64	16	65	31	68	98	93	71	64	61	51	60	58	15	47	28	93	50	31	94	20	52	86	47	86	73	60	17	100	37	70	39	99	16	37	93	53	19	66	79	28	44	33	78	79	99	27	48	48	41	30	46	40	88	86	39	57	78	23	93	98	20	30	27	30	31	62	76	12	94	64	92	77	98	40	29	51	96	35	85	94	44	13	40	95	20	67	14	39	19	87	62	86	47	64	12	92	26	95	42	18	20	49	63	31	80	20	62	79	53	86	88	89	77	76	34	83	93	26	36	15	72	42	88	89	98	19	10	19	26	71	84	38	64	56	45	61	44	67	97	16	58	86	56	33	43	94	49	49	90	83	82	35	38	39	95	97	60	95	97	79	26	90	42	84	74	47	59	48	12	30	56	41	40	65	36	69	100	53	18	12	65	24	84	56	84	33	60	67	25	27	46	91	13	52	89	69	70	27	33	93	19	41	41	43	82	53	99	94	59	97	86	32	23	53	65	98	46	79	18	65	49	71	72	33	26	53	42	96	11	87	54	68	67	76
98	89	66	79	52	19	92	67	63	75	57	63	89	81	59	56	29	32	57	69	36	50	65	53	53	59	68	53	54	90	88	28	33	64	26	96	51	35	22	31	38	77	28	78	33	72	43	64	55	90	66	94	84	72	64	94	66	50	56	19	98	52	65	52	82	17	94	91	15	12	78	51	98	11	59	43	34	25	19	68	18	45	30	99	27	42	96	21	36	28	86	51	69	26	38	39	10	27	49	11	85	91	39	93	79	46	33	33	58	88	55	87	50	42	48	41	73	89	76	62	85	19	77	79	89	73	91	15	65	62	89	72	73	68	62	25	18	47	54	72	57	89	86	37	23	30	85	92	44	58	85	32	64	95	55	24	33	73	47	27	61	69	57	93	60	70	44	96	61	23	57	99	13	22	46	91	24	86	52	86	91	92	40	37	91	60	99	75	61	12	74	25	34	65	46	64	59	64	60	87	83	92	33	46	25	30	18	48	55	36	66	52	42	99	83	66	92	59	75	24	14	66	11	14	32	32	87	65	23	57	68	33	14	45	93	55	59	91	100	38	46	99	49	41	73	21	40	82	65	62	54	32	30	96	74	85	47	41	65	71	26	16	13	96	71	50	17	33	76	23	97	90	82	61	92	97	96	79	17	57	20	70	40	65	88	71	35	64	86	94	41	78	86	61	30	27	23	41	65	82
29	65	53	73	46	81	48	73	67	44	64	78	72	41	73	40	20	18	94	14	99	26	95	29	35	100	60	35	42	14	48	94	11	30	73	59	35	39	17	17	14	81	93	24	36	51	58	79	29	60	95	89	15	90	95	12	45	90	75	64	39	57	37	63	90	29	77	82	48	33	11	58	30	82	85	34	42	61	83	42	31	75	74	50	15	61	54	89	17	55	81	96	62	79	55	39	80	59	25	58	96	60	67	99	25	72	29	32	24	88	78	82	17	12	52	62	76	67	84	21	26	88	17	30	52	92	80	41	42	17	71	85	37	29	79	96	65	79	71	64	76	42	94	33	25	27	62	46	47	45	94	81	76	93	24	82	82	43	27	60	43	94	65	79	90	21	88	92	49	11	73	57	23	88	47	22	80	91	55	26	63	72	55	78	33	42	27	74	40	96	58	59	58	98	93	79	51	85	16	85	67	86	32	63	55	13	63	47	69	88	80	46	75	99	14	71	36	27	17	49	32	73	57	96	27	38	38	43	13	62	52	37	46	71	63	64	68	30	88	75	99	20	43	57	12	21	24	48	88	44	12	18	52	99	15	36	68	66	20	69	71	14	77	55	50	35	19	36	66	22	56	72	73	76	96	81	22	11	51	46	61	29	44	15	64	54	23	57	83	88	63	20	70	21	45	11	29	46	68	49
46	95	42	64	82	53	14	36	89	66	18	17	58	59	66	88	60	61	77	63	74	87	19	47	48	43	47	51	58	59	35	99	56	40	83	43	29	51	20	50	85	10	40	19	10	69	77	83	79	81	37	35	57	60	85	26	96	99	20	25	85	11	88	62	42	32	31	44	56	68	73	47	76	41	69	19	31	25	34	26	66	12	64	23	51	63	10	48	40	69	12	84	50	30	95	75	73	34	41	78	77	57	41	59	86	55	23	23	93	31	98	62	37	73	31	39	67	37	63	63	55	36	45	63	39	13	50	35	63	92	49	15	31	58	65	96	20	94	32	80	16	27	62	40	69	84	35	37	59	65	83	89	97	24	29	38	65	63	39	18	22	74	13	54	47	18	34	28	63	54	34	81	70	13	92	42	82	42	27	71	22	26	97	81	67	35	94	50	15	89	44	59	96	72	69	68	53	29	31	53	85	86	28	66	16	42	23	24	57	23	35	65	14	73	92	90	91	52	61	45	81	24	49	82	88	23	66	79	20	89	14	97	57	36	41	51	14	51	76	93	25	26	24	47	22	39	44	10	85	89	16	52	75	10	21	77	47	25	65	20	97	38	36	31	82	15	39	12	54	84	94	59	17	58	13	18	67	64	83	20	78	52	18	54	79	51	11	92	53	80	67	15	95	22	41	69	100	50	98	97
24	96	86	73	79	31	62	62	91	78	58	34	64	12	98	75	83	22	47	38	34	46	61	16	52	16	14	29	43	68	42	61	52	80	38	18	69	35	88	87	89	36	21	60	70	16	37	54	99	14	58	15	55	36	74	77	93	86	80	44	38	25	62	52	13	43	26	76	68	60	27	96	48	88	21	20	56	61	23	81	51	65	88	73	56	62	74	80	51	17	72	45	96	90	61	56	85	75	21	18	43	50	95	60	25	88	47	17	43	86	73	97	25	67	20	18	39	26	68	17	56	61	89	32	17	73	48	83	61	88	96	88	20	17	32	68	73	79	15	45	95	22	19	21	19	50	13	83	60	84	14	22	70	15	49	81	88	49	86	86	45	60	63	62	57	92	74	51	18	98	38	91	15	90	83	79	96	21	91	36	61	28	59	41	98	87	38	17	29	43	87	39	42	11	51	84	77	58	97	17	47	85	20	83	71	18	34	50	65	45	36	12	41	72	57	46	38	100	97	84	82	82	94	99	71	99	76	35	26	88	83	42	47	36	64	65	73	92	69	85	69	12	74	12	91	57	23	33	80	34	80	58	30	92	33	76	91	27	76	94	39	28	11	55	75	92	49	72	29	31	95	47	29	98	54	95	84	61	20	96	48	99	94	93	94	86	82	21	41	42	44	84	89	66	82	46	49	30	62	65
61	66	29	17	99	51	40	38	22	52	64	61	42	19	95	27	61	15	65	81	19	12	30	28	86	90	87	73	83	11	18	28	52	73	28	76	20	46	15	93	46	27	87	38	14	45	80	41	65	53	13	80	19	89	33	66	79	43	20	75	94	82	25	14	42	50	52	42	59	78	26	45	23	92	56	20	12	56	57	100	62	80	25	80	31	93	91	100	43	94	38	60	91	93	95	34	90	22	88	71	61	49	27	35	89	63	92	16	39	84	48	72	40	52	26	69	40	43	24	26	17	90	28	29	78	91	43	26	61	55	83	47	11	95	15	49	89	53	41	60	56	31	85	29	18	59	32	74	86	97	54	28	37	36	22	74	49	87	75	61	44	56	69	94	94	77	65	85	69	51	57	45	91	45	59	62	42	35	67	32	91	63	43	31	86	77	96	31	72	44	42	73	65	22	91	80	58	89	12	42	21	16	39	55	18	41	69	78	43	67	43	65	49	96	79	84	45	30	79	96	90	63	97	32	31	58	26	19	43	19	20	83	91	57	86	65	27	78	45	72	54	30	52	22	79	63	69	62	84	49	85	87	61	60	12	57	24	78	69	18	65	26	50	68	18	74	78	79	56	37	91	28	78	12	40	10	29	23	89	17	74	38	77	32	54	42	49	50	29	31	51	85	75	86	54	81	100	27	85	10
83	39	27	55	29	89	15	59	52	40	30	44	94	94	34	16	15	82	81	68	74	33	42	18	45	84	25	60	83	82	24	85	88	51	69	23	59	69	94	83	82	73	57	58	20	77	20	53	98	65	26	78	38	72	16	43	29	45	20	76	59	28	75	50	85	74	13	60	64	88	92	78	48	39	31	33	93	90	80	55	80	85	34	10	86	75	77	81	99	60	89	91	92	97	22	17	15	62	45	37	27	74	89	96	19	25	93	27	94	32	43	56	54	80	59	69	93	49	51	63	55	52	23	90	67	54	67	85	19	99	71	56	73	66	51	95	62	83	71	68	24	88	65	43	47	43	56	28	56	71	81	35	58	37	60	20	65	92	72	10	59	44	53	47	87	38	17	53	45	13	61	40	36	98	51	29	15	59	65	67	63	46	24	59	70	47	55	11	23	54	84	24	36	33	75	82	98	24	90	80	12	25	25	12	39	24	39	93	69	70	85	74	40	13	86	98	58	23	87	54	26	22	82	82	93	60	40	60	32	78	93	95	42	29	68	85	47	47	77	96	97	92	20	56	54	91	17	33	19	23	88	72	27	29	51	31	22	50	88	93	75	72	59	58	14	64	84	73	28	17	13	19	41	75	80	64	97	48	11	28	46	73	65	91	19	98	84	90	35	31	63	68	91	82	47	77	53	13	26	73
57	62	57	27	62	62	27	43	79	19	78	15	100	80	68	83	97	52	47	46	23	95	55	47	73	52	100	16	89	83	95	64	53	42	65	14	58	52	21	84	40	33	12	68	61	81	99	64	76	47	44	54	87	29	79	90	30	20	74	52	65	31	22	37	57	57	22	80	47	44	96	39	98	18	76	48	17	62	23	25	79	71	58	83	86	36	26	93	59	37	67	19	54	14	45	41	94	41	61	40	90	40	28	87	37	42	36	55	16	97	84	86	72	37	60	28	23	85	83	75	62	67	55	75	74	99	69	34	73	15	65	24	58	36	84	88	32	19	84	43	37	68	90	67	87	74	26	55	13	23	43	43	37	20	20	29	48	48	34	31	98	64	17	89	63	69	31	28	14	77	40	39	61	78	95	35	34	80	78	83	34	65	25	82	99	78	56	81	73	14	38	21	92	23	69	60	13	71	36	49	66	40	14	68	59	49	27	67	52	38	96	29	72	45	93	76	56	27	11	40	39	43	76	27	41	22	57	28	85	32	36	20	76	20	68	65	22	45	16	27	90	70	91	31	90	25	31	78	71	11	41	60	60	40	13	78	83	81	84	80	42	44	64	69	55	68	79	88	85	74	36	78	28	14	57	62	36	65	58	11	72	27	34	10	25	60	75	53	95	92	58	31	31	61	45	76	24	36	73	98
90	64	68	81	90	23	81	83	49	22	84	39	29	13	34	55	84	99	31	86	93	12	67	85	37	67	39	86	19	25	78	32	38	38	22	23	26	76	56	58	67	69	83	75	89	19	72	66	82	91	76	36	20	66	42	60	97	23	69	12	76	67	54	46	81	60	52	97	60	62	91	94	60	96	85	41	97	48	74	84	71	16	15	22	98	81	68	20	80	70	59	57	84	30	31	14	75	20	29	26	13	28	58	13	39	46	93	71	54	40	14	97	59	51	19	33	38	19	59	10	96	92	65	86	30	74	33	70	28	70	11	64	97	91	90	78	32	82	17	24	48	89	21	45	95	85	88	57	35	80	98	34	47	71	31	36	53	53	73	80	80	46	41	31	89	58	71	50	21	16	47	26	85	46	56	97	98	46	60	62	52	57	36	24	53	54	70	53	28	93	25	31	65	93	25	90	48	48	68	91	99	11	74	24	42	23	28	68	52	84	89	49	15	83	45	62	98	51	40	28	64	72	83	99	45	63	58	89	51	98	66	98	21	68	66	12	40	51	17	17	42	31	27	86	64	24	83	61	39	43	58	64	90	11	79	89	67	25	18	53	26	92	82	45	96	38	13	73	21	86	92	28	28	70	75	10	71	45	37	17	31	43	73	100	66	33	82	29	77	95	93	39	45	90	88	73	37	41	46	17
22	84	64	20	50	37	15	60	64	43	77	11	87	83	54	62	77	91	96	76	21	56	32	76	38	37	28	40	57	63	94	93	55	34	22	16	15	64	59	27	34	85	58	31	54	11	29	47	18	60	58	19	89	73	63	82	38	13	47	76	27	35	39	41	33	35	53	92	74	79	15	71	26	97	51	88	53	80	88	62	36	18	39	94	38	97	69	78	66	41	61	18	60	96	18	44	28	57	16	93	60	41	77	35	33	99	67	46	38	51	46	37	44	38	30	62	29	45	11	30	72	71	72	41	58	79	100	89	42	65	75	30	82	37	14	95	55	81	46	12	41	63	32	96	93	30	88	26	43	36	51	21	90	55	48	19	85	69	17	98	29	82	37	92	96	46	39	43	63	13	19	68	74	25	70	97	40	47	90	16	67	52	50	13	94	48	81	54	12	38	25	46	34	21	72	99	10	27	32	30	55	32	71	59	58	60	66	28	47	68	85	83	64	13	59	50	22	91	82	96	68	50	93	81	85	97	23	49	15	25	57	74	65	13	54	42	61	72	21	75	20	42	65	58	99	49	47	83	62	22	95	42	39	52	88	92	75	81	100	16	22	31	66	65	43	55	84	12	67	71	58	14	85	85	76	35	46	65	84	78	59	84	32	65	52	39	32	19	44	81	65	91	79	11	36	100	26	65	67	27
46	41	42	31	39	31	53	28	84	77	55	62	71	99	52	39	79	98	61	56	21	38	95	93	36	87	41	49	16	27	89	84	66	13	51	15	73	85	42	71	56	17	45	22	77	50	73	88	84	23	19	59	34	78	11	50	66	17	20	76	96	56	50	85	19	77	50	75	93	94	69	48	15	30	97	53	34	65	86	25	69	69	86	90	12	37	67	96	91	93	41	17	73	14	24	61	54	45	98	14	13	15	35	30	50	20	33	54	65	28	53	75	64	72	19	14	16	49	33	85	79	45	58	51	93	37	61	56	55	88	99	13	25	59	92	23	93	55	27	59	89	74	72	49	55	55	60	18	54	86	31	44	21	60	79	76	81	62	66	25	21	100	33	40	22	87	54	36	59	38	47	22	48	36	57	41	31	96	45	69	14	52	64	41	74	10	47	94	94	98	91	42	16	53	53	73	44	79	28	33	94	25	46	22	60	14	96	46	61	27	58	65	65	92	55	21	90	40	99	34	87	48	80	78	54	92	54	45	31	26	28	86	29	11	72	78	59	98	47	27	84	95	97	15	46	13	43	83	46	90	69	13	17	88	63	35	42	63	20	64	69	78	18	30	74	36	83	30	59	17	95	95	13	81	22	33	91	56	39	79	49	34	27	27	14	25	19	37	36	16	44	83	11	95	84	48	39	32	38	15
11	18	38	47	31	60	54	32	53	44	65	34	14	87	19	90	87	80	57	67	83	49	37	46	73	99	86	19	85	26	96	93	56	88	49	83	53	43	71	52	79	70	93	29	74	52	22	25	28	70	47	91	41	40	74	98	22	55	75	16	93	77	79	69	27	36	57	55	25	82	12	42	89	37	55	17	64	69	57	58	98	44	59	49	79	85	41	36	17	67	43	35	29	16	44	16	86	66	88	15	76	55	88	98	43	20	84	12	31	86	32	86	59	50	94	20	88	18	54	67	51	94	77	81	67	39	29	42	25	53	73	55	10	43	40	34	93	78	44	83	61	50	11	44	11	73	95	91	31	79	29	66	63	67	48	95	68	20	63	98	73	66	24	49	12	73	14	16	79	45	71	62	89	35	58	19	62	85	55	85	89	60	52	50	30	37	72	23	26	68	58	85	76	18	66	80	20	87	87	88	95	92	48	32	57	46	36	19	67	20	37	61	73	19	61	14	37	17	57	23	96	51	50	36	38	95	95	17	29	34	64	35	58	66	38	22	59	45	58	91	46	100	54	53	72	86	15	60	83	58	13	69	38	37	66	22	90	30	22	27	53	51	33	21	55	14	50	70	85	15	71	58	63	48	43	33	13	67	96	35	15	45	73	74	79	55	91	30	22	48	56	32	60	83	77	35	89	71	53	16
97	21	63	36	28	39	28	21	88	31	35	28	90	21	38	75	20	81	73	98	62	30	47	46	16	88	44	79	49	55	64	51	29	43	78	20	83	66	26	30	86	95	53	86	49	68	30	63	14	54	94	83	67	45	91	32	26	99	90	42	85	57	83	78	97	43	45	99	56	54	75	55	85	30	93	32	17	77	74	51	41	57	74	72	30	59	66	75	37	80	80	42	61	24	95	34	52	66	33	72	82	18	51	30	95	52	45	89	65	21	29	36	79	93	41	78	22	52	97	42	61	40	50	79	74	75	70	45	19	26	78	67	92	14	96	87	37	26	71	34	73	81	35	35	82	20	44	70	76	25	20	86	25	28	11	16	21	96	75	71	88	94	44	81	62	94	64	88	48	18	14	20	87	98	55	28	62	19	88	66	79	96	11	44	53	47	71	34	33	70	26	76	36	47	69	77	65	77	77	17	81	53	86	93	97	46	96	99	69	46	99	42	84	61	61	76	69	32	82	89	89	76	19	20	54	47	21	79	46	30	28	60	83	21	76	61	37	69	29	12	44	75	77	18	99	48	67	29	71	56	30	18	35	37	61	88	38	17	99	12	55	25	71	82	21	45	43	75	88	30	91	25	79	88	28	51	51	98	84	81	92	94	29	30	62	37	80	57	14	36	42	29	33	67	76	80	78	33	97	15
14	80	37	28	67	60	38	55	86	82	51	29	32	17	55	41	17	17	65	49	69	38	36	17	11	91	32	97	63	57	52	65	20	57	65	21	24	62	19	72	65	92	80	80	37	59	39	74	49	64	76	100	84	55	39	95	18	18	37	13	56	97	94	80	24	61	57	15	12	29	65	25	66	35	46	22	69	97	85	55	94	66	71	63	83	40	33	59	78	37	99	90	42	38	26	82	29	13	87	43	27	46	13	14	37	37	18	25	69	95	70	73	26	52	78	73	75	12	51	18	62	70	48	30	18	16	40	11	76	72	35	90	66	29	66	97	65	99	13	14	39	83	95	85	80	23	63	51	39	95	24	41	33	31	27	89	75	64	74	38	43	31	53	71	20	48	14	78	56	92	37	64	32	41	12	30	33	35	93	36	88	55	38	46	29	93	53	37	98	65	76	67	86	30	24	59	47	38	41	71	69	60	23	90	29	10	15	98	91	66	28	14	84	65	33	70	99	98	77	88	39	51	62	95	54	22	45	30	93	38	83	10	98	58	78	34	90	10	31	52	99	40	61	40	92	81	73	89	72	40	26	38	80	16	73	83	68	60	35	14	30	31	28	34	62	66	10	24	100	99	58	55	11	42	30	44	48	11	31	94	15	65	43	57	65	76	73	95	37	63	20	17	53	35	15	58	93	74	37	67
45	34	99	37	96	78	85	93	16	89	68	93	80	45	87	11	20	68	69	68	15	99	17	25	25	92	78	67	27	53	31	38	95	23	60	37	89	19	14	43	51	50	19	64	39	71	99	73	89	43	79	14	16	86	13	77	88	68	98	78	41	81	64	49	76	23	27	43	26	98	54	20	63	31	100	33	86	12	88	79	70	74	17	47	34	68	87	18	66	55	78	19	43	62	72	74	70	27	17	77	30	17	70	77	20	86	12	79	77	40	60	83	99	27	72	36	17	80	80	78	47	60	62	28	53	100	31	12	99	76	68	50	54	16	15	24	78	44	97	93	17	37	38	63	92	81	82	60	91	10	31	97	46	40	27	22	85	85	19	87	90	64	29	97	97	74	66	61	76	70	25	73	20	65	15	61	43	83	81	32	88	54	98	64	80	63	62	100	65	69	33	29	70	83	50	50	55	30	87	94	84	45	77	33	79	81	87	77	88	65	97	82	85	48	90	68	64	66	52	52	82	39	95	17	47	77	11	51	84	29	99	14	93	44	87	12	36	82	38	94	95	42	11	92	94	85	62	44	72	23	22	94	46	96	56	49	28	75	78	27	25	72	85	40	49	12	20	83	19	24	95	93	52	35	42	58	32	92	25	41	80	89	35	20	56	62	89	88	68	80	72	48	12	62	86	62	15	88	65	29
51	75	34	63	76	11	32	58	63	59	76	67	70	67	43	93	65	70	90	19	68	63	28	22	54	48	49	98	70	14	76	97	20	64	84	50	77	79	56	30	82	92	91	95	24	47	68	12	81	99	22	13	62	84	77	29	77	91	35	78	60	23	90	66	68	53	96	74	50	51	66	31	20	54	88	54	23	40	46	33	48	32	77	63	99	60	28	80	31	19	73	84	78	46	13	46	54	81	32	92	34	59	83	80	32	71	22	100	51	24	69	32	99	71	30	91	31	94	56	31	80	79	40	21	68	65	15	36	70	19	94	70	90	79	36	17	32	74	95	15	77	52	83	56	91	21	87	90	84	91	66	99	23	21	97	27	45	82	25	13	81	51	68	51	83	50	82	95	26	93	70	52	80	28	77	39	36	97	66	33	61	52	23	83	85	36	67	96	92	97	77	91	30	27	52	20	27	15	75	77	81	12	91	76	97	23	86	32	28	51	99	82	99	49	61	13	59	10	99	44	87	36	96	30	92	99	85	61	28	77	78	47	62	35	28	21	60	71	19	79	45	31	34	78	66	85	17	29	57	73	47	91	14	72	14	44	81	19	87	32	53	44	88	82	31	94	58	69	50	40	19	83	16	71	91	35	49	67	39	70	15	16	42	69	47	29	45	71	80	24	44	97	37	43	55	75	91	40	29	28
47	20	88	26	50	57	54	30	49	12	87	96	29	93	24	19	47	77	55	53	49	50	76	38	58	14	76	80	66	31	28	68	82	98	64	64	94	72	85	88	23	30	24	19	66	54	71	74	63	51	68	69	68	66	12	96	90	36	78	69	64	18	53	67	16	30	31	33	42	17	86	29	97	31	51	49	85	78	69	21	71	88	56	37	39	83	44	88	61	60	84	17	13	48	27	64	85	86	80	43	23	97	50	62	21	20	53	56	59	39	55	67	17	43	73	24	84	80	68	45	57	83	26	81	17	28	54	82	99	57	14	32	77	21	51	72	14	58	60	93	65	51	63	18	13	97	88	24	26	66	98	75	22	95	53	78	32	54	20	54	32	36	87	23	32	30	17	42	77	42	76	15	26	72	85	66	54	27	33	50	96	60	91	66	73	91	30	29	48	21	87	70	96	13	67	77	82	77	66	85	96	56	32	45	31	56	50	48	46	43	81	61	83	94	29	63	37	27	56	27	28	79	61	26	67	81	69	88	23	40	37	25	88	11	53	29	44	40	15	11	19	83	95	16	53	65	42	35	69	85	43	94	87	36	62	35	68	80	42	79	38	99	40	41	33	59	79	53	98	11	58	20	20	25	81	45	61	31	53	63	16	64	88	25	74	94	59	74	29	49	17	25	46	28	14	41	39	61	90	97
65	23	38	52	54	49	95	17	99	76	90	18	91	88	37	69	88	77	19	81	62	19	29	36	34	59	89	28	92	80	51	83	68	23	46	33	12	49	12	30	51	30	54	77	50	77	18	55	22	39	29	34	60	23	42	23	96	64	44	27	62	10	68	65	36	47	32	41	73	54	56	57	85	56	87	46	42	22	72	79	48	87	23	39	50	87	39	95	64	67	72	41	92	76	94	47	89	39	27	95	55	61	22	90	78	22	16	72	50	16	71	23	17	30	63	53	13	21	89	31	38	25	60	49	54	99	75	59	83	20	45	22	63	42	58	28	16	28	50	59	68	92	54	44	80	59	43	18	51	55	42	67	97	41	86	94	31	45	65	57	48	86	95	46	92	98	98	93	81	72	64	83	21	16	37	39	70	61	35	32	24	39	67	48	17	88	24	45	92	52	28	31	50	95	97	40	78	38	74	75	28	15	99	35	89	21	58	70	11	73	98	36	66	26	26	80	95	56	43	42	36	17	17	78	89	27	28	25	39	21	35	63	15	51	100	88	87	69	30	70	48	29	67	46	53	15	22	86	23	88	42	63	58	76	46	71	32	82	86	89	85	53	57	52	71	58	92	72	64	76	81	25	43	44	50	73	82	71	59	76	45	54	22	19	67	72	92	90	65	13	33	48	15	79	60	63	13	90	92	54
47	28	68	42	40	15	56	22	43	14	59	11	55	12	83	54	71	28	63	49	54	48	53	17	21	20	49	33	78	78	57	65	47	85	66	50	86	45	69	51	88	37	83	34	94	49	48	19	64	81	52	60	35	54	39	67	49	48	96	53	98	78	81	70	33	31	63	99	95	63	50	22	83	96	97	97	81	76	71	15	21	74	75	39	71	97	62	22	47	36	23	13	46	43	74	26	61	35	61	30	80	22	68	73	78	91	63	13	15	40	44	40	60	56	92	89	63	58	93	12	44	17	60	47	44	18	51	95	56	33	13	71	78	18	31	34	23	98	31	84	29	95	41	34	38	28	15	36	50	59	27	81	11	50	82	25	92	24	82	11	19	91	98	96	53	79	34	46	28	72	57	19	15	21	78	22	49	37	41	15	53	48	18	42	95	79	11	61	91	40	82	59	69	79	57	53	55	63	11	10	37	66	35	82	12	10	70	47	66	16	11	50	78	54	37	35	76	92	43	68	45	87	42	21	44	30	39	43	48	25	33	23	70	48	95	83	97	24	94	39	54	51	43	30	41	64	36	45	19	93	33	36	83	65	65	54	58	26	61	53	56	23	57	72	51	90	18	95	89	12	54	49	72	44	45	28	41	18	31	90	86	63	78	89	87	45	59	51	46	51	11	82	18	73	52	59	69	42	43	64
79	50	16	61	74	13	35	61	56	81	12	15	81	13	37	63	63	34	91	25	49	74	95	81	60	52	98	37	71	70	41	33	30	88	83	71	86	72	41	62	97	34	32	62	100	41	66	21	86	41	59	97	85	43	36	69	96	25	25	16	27	73	68	74	42	58	20	73	54	84	41	71	99	17	42	31	39	48	73	18	89	62	16	42	36	14	33	16	15	48	84	70	12	66	74	91	29	90	30	83	14	93	40	92	14	92	54	64	59	93	78	92	82	17	81	57	18	17	41	78	72	21	16	55	43	94	44	24	85	40	70	55	47	54	84	92	55	72	91	63	56	16	79	15	37	57	32	71	96	67	84	40	11	11	49	73	97	66	17	54	87	28	69	42	39	43	35	15	65	29	80	23	76	42	95	67	56	58	96	63	37	78	67	27	51	20	69	57	88	38	82	90	64	50	52	45	65	41	14	100	67	67	64	15	59	91	84	30	38	48	51	20	82	37	97	82	76	37	86	55	43	98	53	50	92	35	70	82	81	22	26	22	28	11	15	93	37	88	40	75	47	65	70	18	74	76	23	67	38	96	65	44	35	52	94	23	20	13	95	23	43	57	16	77	62	48	72	14	33	57	41	71	96	48	41	44	84	83	74	43	30	98	64	32	53	12	45	71	77	74	45	25	84	25	72	61	77	14	27	24
82	59	35	63	88	64	40	49	34	44	78	39	27	83	94	94	73	66	67	95	100	94	92	34	95	45	46	13	42	50	49	46	92	86	94	21	75	69	81	28	88	19	61	61	95	28	11	28	48	11	35	25	64	69	11	73	58	47	22	27	12	35	57	58	20	77	30	78	77	91	49	79	57	43	25	71	18	16	91	74	77	31	21	54	81	33	15	97	77	64	38	40	94	15	46	40	61	76	66	69	39	15	74	25	51	52	28	33	39	79	57	84	100	34	78	78	63	13	93	36	95	74	27	68	25	23	18	59	54	64	60	96	19	38	77	97	91	61	71	24	90	22	39	67	59	20	40	35	64	88	39	75	48	93	45	90	52	54	97	45	69	52	85	66	14	11	92	29	64	72	46	77	14	13	53	93	87	81	68	97	86	34	31	70	24	52	88	46	14	54	89	27	92	33	85	55	83	44	37	15	55	69	58	29	18	18	100	45	92	23	62	95	51	37	95	19	92	82	77	23	47	47	88	91	59	57	50	78	33	46	87	15	85	63	32	60	80	25	31	38	43	22	27	51	99	32	91	55	18	44	33	53	15	94	57	91	42	13	87	28	47	38	62	86	98	17	11	40	47	50	56	70	39	94	77	58	52	96	57	90	14	44	79	80	64	28	30	85	21	67	55	27	41	98	86	19	95	80	64	89
12	93	38	51	58	81	44	12	63	88	88	41	17	57	37	74	83	78	44	25	15	49	39	83	66	26	14	52	98	13	34	30	37	64	13	73	99	27	96	86	72	99	55	20	32	23	86	94	20	26	28	48	55	37	77	13	39	24	42	28	94	71	40	60	13	56	94	89	68	75	96	27	14	65	37	16	77	44	41	93	47	24	36	29	44	29	46	18	79	13	85	45	20	45	51	82	29	51	24	69	61	13	20	35	41	33	33	97	29	19	91	51	61	31	68	30	27	53	36	64	81	54	80	17	17	41	83	29	51	76	61	20	23	79	25	74	39	53	26	18	52	49	75	17	50	92	42	25	93	62	99	26	53	33	91	91	33	99	30	65	37	65	71	60	33	36	75	98	24	87	51	40	79	27	18	69	14	29	78	76	82	38	92	24	34	90	94	74	12	72	61	86	93	17	87	59	14	58	64	17	77	77	71	97	90	90	21	34	32	34	70	88	66	53	49	46	87	41	85	45	79	51	99	99	34	31	71	98	16	71	30	84	29	43	83	16	80	30	58	51	65	34	83	28	66	93	50	18	100	45	98	18	44	49	92	12	43	83	84	87	51	77	23	52	59	54	96	30	40	32	40	92	72	19	31	85	68	99	35	58	77	98	41	28	26	28	49	92	64	77	46	97	66	39	44	16	91	82	97	92
46	15	16	29	51	26	81	66	36	48	32	79	68	31	11	91	51	66	98	41	72	92	65	28	75	50	91	46	13	88	79	35	20	39	18	25	91	11	91	26	26	94	67	34	29	96	79	84	95	29	86	73	69	56	39	59	15	65	85	37	77	82	65	35	85	95	86	24	45	84	74	73	25	41	19	90	18	46	52	23	31	55	56	45	90	17	69	81	25	79	65	70	39	32	21	58	39	50	60	48	69	41	41	44	26	73	10	78	95	19	53	55	90	30	69	97	29	47	27	40	11	65	97	12	58	18	72	91	11	24	67	65	19	39	53	57	18	43	44	59	67	25	42	35	64	85	60	78	44	37	50	87	18	65	95	11	28	73	58	44	62	40	73	62	69	28	68	66	68	55	91	98	99	15	57	49	17	66	73	50	48	34	85	92	20	46	54	23	84	96	48	84	98	96	77	62	14	83	68	30	76	55	55	65	34	21	48	22	26	75	56	63	83	90	47	26	67	64	27	30	72	56	19	96	22	65	58	94	34	57	15	53	43	83	40	21	47	15	80	13	65	40	37	45	50	22	43	49	10	64	67	39	99	33	35	27	54	75	25	54	74	74	87	86	21	72	57	25	53	96	96	66	99	34	91	88	39	12	77	62	63	100	27	70	53	44	72	81	86	96	92	68	61	27	23	61	28	69	31	11
13	67	67	41	87	95	87	92	56	71	71	46	43	28	12	59	87	29	89	74	13	63	24	15	78	85	89	12	33	94	100	59	88	25	20	46	93	98	15	49	48	63	44	25	72	38	25	41	82	84	39	17	40	58	87	90	53	33	94	72	68	97	74	15	83	16	75	48	20	93	21	22	22	17	26	25	74	77	73	27	17	16	92	51	12	71	89	48	83	91	35	93	58	95	32	37	18	12	54	32	50	91	34	45	91	89	96	13	82	24	70	63	60	17	81	83	98	26	64	46	88	40	27	90	44	80	53	85	62	64	49	37	18	13	25	99	79	21	34	99	38	47	65	83	65	54	38	12	47	44	68	23	33	77	19	48	79	43	20	80	12	82	21	21	94	60	35	62	39	16	71	84	98	24	54	94	89	68	38	25	46	88	75	20	24	16	62	35	86	50	50	60	41	66	83	97	28	22	22	55	45	12	37	96	47	64	77	11	22	96	45	98	42	51	97	72	96	39	24	29	97	28	67	85	72	41	64	52	10	52	69	65	94	29	95	50	28	86	33	21	17	88	54	54	36	91	89	28	77	44	99	56	100	43	84	61	34	66	67	76	21	26	63	19	78	89	18	34	42	17	29	58	62	73	60	21	50	81	24	80	50	18	75	34	36	34	19	42	91	40	71	78	51	48	23	16	13	73	39	38
56	55	68	18	18	30	72	27	73	51	77	39	91	94	87	49	75	12	22	35	48	47	95	37	26	32	70	38	95	73	15	52	77	45	97	83	55	55	63	31	42	83	43	63	52	19	99	59	18	38	47	51	27	63	96	21	25	83	18	25	88	30	92	34	26	53	82	54	81	14	81	13	77	20	45	82	19	97	68	51	15	62	25	10	36	28	37	25	24	35	31	76	29	64	79	94	69	50	39	53	46	98	35	67	81	15	84	19	19	81	31	31	85	45	29	23	78	50	53	43	21	39	78	32	54	73	73	75	24	90	84	11	60	60	41	52	62	80	23	44	69	14	83	47	69	77	29	99	47	17	33	27	17	88	79	65	61	15	23	61	56	86	33	78	69	26	86	74	24	72	35	49	64	49	24	46	29	61	53	75	52	23	66	38	85	66	79	96	32	71	72	63	38	71	95	55	79	57	23	56	92	40	25	69	65	80	50	52	55	92	80	100	35	52	31	50	34	37	85	46	65	71	53	80	62	84	24	62	33	64	59	78	47	38	25	23	36	98	21	25	49	45	70	91	25	89	100	37	90	21	57	48	82	67	90	68	70	51	31	14	78	79	77	78	51	52	52	42	37	17	51	54	61	26	44	17	24	13	27	23	27	12	82	92	36	93	24	76	43	79	37	40	10	24	96	35	71	96	30	95
wj																																																																																																																																																																																																																																																																																																											
44	20	9	39	22	59	96	55	64	52	77	23	5	26	88	46	84	75	88	62	79	88	24	90	86	11	52	33	30	72	72	50	27	93	75	72	52	90	15	60	81	62	18	96	62	60	72	2	70	15	52	42	30	73	79	28	35	62	71	76	75	50	66	11	63	76	13	99	58	42	51	42	7	30	84	19	99	35	88	90	17	96	91	96	85	16	67	44	64	87	51	82	78	94	27	72	17	45	49	53	20	93	44	73	38	21	91	3	80	59	40	81	78	49	12	61	59	47	18	85	72	83	85	45	69	42	55	58	11	98	84	96	80	19	9	21	6	78	78	81	56	26	64	57	92	66	34	62	83	33	46	41	6	86	22	76	8	95	8	80	62	23	96	36	11	53	86	47	81	1	38	49	72	72	41	89	5	88	20	43	30	48	84	97	89	16	63	26	92	80	62	97	52	58	46	54	32	9	5	77	86	36	18	13	69	86	77	47	12	6	40	21	8	38	63	97	25	94	91	13	55	16	40	58	95	50	11	72	16	63	83	98	97	56	78	19	33	95	87	3	3	60	34	43	98	35	9	56	1	99	19	83	98	9	5	60	21	46	98	36	16	2	15	97	84	83	28	52	19	60	23	8	7	49	23	51	79	32	21	27	57	25	67	39	39	15	14	13	99	73	73	76	69	68	5	14	41	60	11	63
