pij																																																																																																																																																																																																																																																																																																																																																																																																																																																																																																																			
26	24	55	70	81	83	36	86	56	20	28	55	11	83	29	17	40	19	97	16	79	47	11	76	45	60	50	65	44	68	25	100	19	34	20	73	23	58	51	67	34	35	35	93	20	45	80	31	89	11	83	84	84	33	48	29	44	91	28	14	46	26	13	30	11	12	54	63	68	46	36	57	27	20	58	38	63	51	78	48	15	94	82	72	64	82	64	67	38	12	85	98	79	31	67	40	22	66	12	99	42	46	79	39	86	55	67	90	75	49	56	91	30	37	15	48	10	86	46	17	86	39	15	87	48	34	68	31	11	21	38	56	53	85	76	91	80	41	35	56	39	68	79	71	84	49	36	99	79	10	32	77	30	41	50	34	61	11	14	44	93	12	67	49	44	30	65	76	69	85	83	55	93	68	77	45	27	85	89	39	97	50	49	87	34	99	80	36	36	88	73	55	38	25	65	56	93	69	27	74	83	12	95	28	12	49	100	47	50	11	50	38	19	98	85	77	40	43	80	54	20	76	95	17	47	34	91	96	52	83	39	10	88	21	69	36	91	55	65	27	97	14	97	97	45	31	18	72	98	41	12	85	17	57	43	60	58	53	28	71	65	79	13	31	92	64	61	96	75	50	26	37	99	83	51	75	12	92	87	97	81	47	87	49	32	17	31	87	20	66	71	33	54	28	74	38	11	63	40	34	41	70	11	99	30	75	99	90	41	94	75	36	87	24	62	35	77	20	34	59	100	25	48	73	64	96	35	22	43	35	58	100	52	32	35	46	86	38	57	50	11	22	58	84	75	59	48	84	41	52	43	36	92	22	44	55	48	42	84	53	56	50	33	18	37	35	46	23	90	63	80	37	65	47	24	54	67	21	75	81	21	100	36	26	87	86	28	52	58	45	70	81	89	64	86	74	67	51	74	96	46	15	11	95	36	64	19	14	89	13	28	48	89	25	22	44	36	47	94	91	92	12	39	29	33	14	47	71	37	25	65	40	42	44	65	29	93	90	42	27	39	63	64	66	50	86	15	80	66	91	39	26	46	89	68	43	67	72	71	97	86	55	61	81	74	56	75	55	70	12	76	90	99	48	59	40	91	60	82	12	12	13	73	15	49	92	31	60	55	71	81	93	67	69	53	31	99	54	60	11
68	22	75	97	33	13	81	81	28	26	22	58	71	89	43	52	79	32	45	96	58	38	59	88	31	47	24	34	55	22	47	63	74	87	22	74	99	31	81	91	87	73	17	32	46	50	93	77	16	49	66	56	77	55	54	75	94	65	85	15	80	43	87	65	22	18	63	28	39	62	35	20	95	70	57	81	65	65	36	56	52	74	55	87	26	40	21	60	13	35	83	22	72	98	86	92	16	55	66	16	83	67	22	48	59	20	68	30	46	10	46	90	81	66	65	51	54	85	76	23	15	61	90	90	83	95	66	95	32	65	31	28	68	68	69	49	20	50	77	25	52	45	24	72	73	88	50	95	82	51	90	84	100	51	46	71	91	64	58	26	99	60	89	48	92	35	82	18	95	14	12	87	58	83	60	51	90	70	89	17	55	32	99	34	70	30	68	75	94	95	67	95	20	48	55	48	62	66	63	76	11	67	75	73	76	17	18	12	35	95	27	21	24	95	62	20	31	44	44	99	13	89	85	44	75	92	88	17	35	48	14	71	80	45	51	64	24	47	20	27	82	81	31	15	53	18	23	69	55	27	54	47	42	85	79	92	59	37	27	82	11	29	41	44	91	87	38	20	13	13	16	75	67	47	54	65	73	14	74	17	50	83	12	73	95	68	96	28	28	85	28	27	64	94	28	71	97	31	55	34	85	38	42	67	86	36	41	58	82	60	97	87	65	47	20	41	52	67	21	79	28	77	83	56	67	65	52	29	59	65	81	41	36	44	80	85	27	67	18	48	81	40	94	93	23	24	62	82	75	74	91	26	26	84	38	21	73	25	93	19	60	75	98	92	50	15	52	86	35	78	55	14	87	33	26	81	39	58	94	37	39	97	98	96	66	34	22	81	80	92	34	37	63	50	90	76	36	21	51	13	77	20	77	11	38	41	96	82	13	58	15	94	23	48	64	69	25	77	57	94	53	16	71	23	58	43	28	72	43	91	68	46	54	81	49	82	85	57	53	42	33	87	52	43	92	68	79	23	24	49	45	20	10	97	92	39	20	16	86	92	53	13	16	81	71	71	68	52	10	28	56	71	57	94	52	12	71	79	85	58	34	21	88	15	82	38	69	44	60	38	90	39	88	22	45	72	72	11	37	11
93	49	50	46	56	11	18	25	98	43	40	23	44	72	78	71	45	52	12	48	81	72	70	48	97	60	24	33	52	64	41	23	56	85	14	48	32	67	70	88	55	29	78	53	11	25	52	32	20	37	56	39	83	92	49	29	44	80	65	21	13	96	53	22	17	63	96	36	38	84	24	17	47	73	12	16	96	59	53	98	82	66	39	33	25	11	82	18	81	16	36	55	25	83	46	16	79	49	84	81	94	61	71	70	77	96	25	42	87	86	29	72	78	31	24	46	97	10	48	32	57	90	12	59	95	74	32	96	68	33	100	26	99	56	39	67	14	79	57	41	34	46	95	34	18	26	12	29	23	22	57	27	41	48	19	74	34	65	80	45	25	65	72	69	75	46	50	99	65	25	16	70	84	37	86	71	52	91	17	20	44	83	94	33	74	44	24	23	77	99	91	67	52	36	35	89	66	89	17	81	82	24	99	92	11	11	62	92	92	59	54	47	13	76	87	94	47	91	60	73	21	13	94	54	17	22	33	84	66	71	96	22	34	11	71	66	32	83	29	43	83	88	49	31	43	41	57	58	30	52	90	46	20	94	88	47	86	93	74	54	24	80	50	49	100	80	94	27	17	44	32	45	48	29	59	11	90	35	66	62	49	17	82	21	82	19	72	56	94	74	45	62	70	63	32	31	52	52	16	49	88	97	43	83	31	41	96	90	35	16	85	28	87	23	60	46	79	10	66	66	79	27	57	45	56	72	20	93	72	25	68	44	15	36	75	12	98	38	13	70	25	83	69	33	16	36	40	11	19	23	44	30	87	88	63	81	55	18	12	11	20	85	20	86	82	58	39	66	53	88	24	62	64	33	44	30	17	94	97	84	39	69	48	77	54	20	92	28	26	78	88	59	93	97	55	43	41	14	36	77	19	54	57	51	87	94	36	23	22	46	32	46	55	36	85	56	23	48	15	38	59	89	54	10	65	89	54	29	22	48	62	17	83	55	100	16	21	29	50	16	56	60	70	45	35	85	97	65	56	23	37	99	11	31	89	88	54	82	29	45	94	41	67	52	97	46	77	44	54	71	59	22	37	76	82	67	68	66	92	28	62	87	76	86	42	40	48	17	14	73	75	67	52	37	52	17	20	41	95	31
40	71	69	44	27	92	55	68	65	96	17	15	36	78	73	18	55	65	83	62	26	18	83	54	94	60	78	94	11	26	70	76	52	49	45	100	96	63	66	28	75	25	69	67	58	41	15	76	35	62	21	96	29	75	30	71	98	80	74	95	74	14	26	24	79	86	48	15	48	92	85	77	35	94	85	24	17	41	37	25	80	40	80	65	31	58	64	33	24	88	62	20	92	70	41	39	61	95	98	40	10	92	15	61	88	55	44	34	57	41	95	32	55	92	47	100	77	86	75	15	49	94	41	64	79	12	63	45	76	53	73	70	37	97	40	87	92	81	25	29	62	22	87	17	72	34	38	86	76	78	60	58	60	36	52	14	80	80	27	18	16	28	63	61	62	88	71	89	34	27	58	29	15	93	52	87	56	84	23	25	67	35	65	99	49	82	68	75	91	43	41	28	97	62	58	80	59	71	23	28	40	59	84	73	72	63	96	56	76	87	81	64	53	94	21	84	100	51	27	58	42	62	26	25	71	48	19	30	18	56	26	86	19	95	74	37	13	91	31	39	57	48	97	53	23	89	48	71	21	87	31	61	100	49	68	84	73	72	32	21	55	11	30	75	10	91	40	83	100	57	51	67	19	95	57	75	80	85	85	42	98	87	14	85	35	67	25	15	15	54	19	72	38	14	11	82	55	52	29	38	76	98	15	78	88	69	59	63	71	60	74	96	58	65	70	66	72	78	83	53	100	74	24	30	60	79	95	66	42	10	34	52	60	61	56	97	32	84	17	49	70	10	56	72	75	38	27	23	16	71	58	11	74	56	42	25	15	84	14	58	51	71	61	62	61	68	93	90	59	61	44	71	24	25	99	72	67	21	33	63	23	84	15	58	95	95	30	12	90	91	66	75	56	51	56	96	26	47	50	63	80	18	44	86	38	75	71	62	54	61	36	74	17	27	14	94	20	80	10	95	29	80	66	23	55	26	38	75	74	17	72	62	86	19	85	71	84	33	41	34	29	88	63	69	28	26	43	12	88	29	30	48	16	22	91	43	81	57	94	95	15	64	64	90	21	32	34	86	71	37	54	94	23	35	49	46	49	96	26	25	66	72	30	23	26	16	87	21	59	24	24	59	18	56	42	74	66	28	94	74
40	80	68	67	38	78	75	84	29	68	81	54	90	86	43	29	83	31	51	82	15	64	66	90	40	72	62	91	24	24	22	96	27	77	70	12	66	19	47	80	35	58	98	74	36	25	86	94	34	83	99	99	35	12	100	78	64	92	96	61	72	82	86	51	48	32	17	40	64	62	27	20	70	87	49	39	48	35	32	62	40	69	34	79	27	49	72	11	31	73	15	46	93	16	80	50	25	10	98	99	81	51	29	55	80	86	73	29	54	33	15	49	12	69	40	55	65	49	73	80	31	100	33	19	95	88	94	91	30	58	75	23	36	30	46	17	12	50	14	32	41	93	18	92	92	80	34	24	93	90	30	56	79	94	95	30	68	66	10	11	31	16	74	40	40	48	17	79	62	72	78	41	24	41	31	63	30	83	17	34	33	26	36	44	82	96	50	67	52	34	21	37	58	90	17	26	65	73	53	70	16	81	87	87	60	80	11	69	10	17	10	57	20	85	87	39	89	88	83	74	45	61	11	92	48	59	58	84	97	61	35	87	54	37	96	100	82	71	45	58	61	39	82	49	25	60	49	88	16	52	33	60	72	89	26	19	48	61	19	51	41	26	51	16	27	79	68	57	29	74	78	18	44	98	39	45	84	90	36	75	18	29	44	43	11	57	94	50	12	98	61	52	19	68	55	41	66	65	82	62	22	37	72	94	88	94	51	84	81	83	24	50	60	56	75	10	24	27	17	39	91	59	62	88	100	65	95	57	73	81	98	19	56	98	88	85	86	43	36	92	18	78	67	92	35	97	33	41	17	92	38	16	89	67	31	15	56	22	81	84	35	21	50	48	56	55	48	39	28	13	30	14	99	51	89	96	70	21	27	74	72	18	18	64	76	38	60	54	40	93	82	40	21	60	56	66	94	82	17	37	22	44	54	13	74	55	67	47	48	35	39	53	97	79	85	74	93	48	28	56	12	64	52	46	71	17	62	84	55	47	57	12	43	83	55	12	49	79	79	11	75	74	41	44	82	71	20	71	32	24	73	95	81	47	72	17	74	75	53	49	36	15	76	23	38	38	39	29	75	12	64	74	82	77	33	97	94	67	11	29	88	52	87	75	50	69	59	61	73	27	33	11	65	34	46	95	89	42	80	30
58	53	34	27	64	92	43	96	51	66	51	75	89	95	89	14	34	49	73	89	47	35	83	55	20	84	95	17	19	17	51	58	79	60	34	55	56	73	76	95	43	15	13	37	89	99	90	21	99	83	36	88	92	81	15	63	94	76	30	62	49	94	25	97	32	67	66	69	99	45	65	11	16	43	78	46	94	94	85	87	70	76	81	23	68	34	16	68	72	76	27	81	79	78	15	89	13	46	86	30	67	20	43	24	45	75	25	12	55	12	54	36	50	27	75	32	59	92	45	30	39	74	13	26	78	74	59	61	15	93	30	15	40	71	15	70	31	14	25	58	86	64	70	27	64	16	34	92	22	98	89	28	37	86	92	79	22	10	64	13	85	71	26	74	87	95	37	51	22	89	51	20	35	64	50	76	47	16	85	78	66	78	80	49	72	29	89	40	92	76	17	67	44	49	18	52	79	37	18	83	59	87	50	81	45	42	94	67	19	92	49	31	21	88	45	47	66	57	21	26	58	66	32	54	76	78	82	61	86	47	57	55	96	50	42	24	12	15	63	99	31	86	11	34	49	89	44	33	77	97	35	68	27	53	89	81	52	95	80	29	21	21	94	37	51	30	24	80	25	16	40	50	83	89	89	27	45	58	13	88	78	38	40	75	18	45	65	25	47	90	54	67	20	62	96	53	43	11	92	11	72	95	57	91	83	66	95	90	80	35	15	80	25	31	57	48	43	40	18	93	56	42	50	30	34	68	85	45	74	98	61	53	74	34	23	26	85	32	76	88	46	44	34	16	15	50	19	37	13	29	91	58	87	52	92	57	18	97	40	38	95	81	40	79	34	94	84	75	39	57	36	94	99	62	89	93	43	80	64	75	16	12	26	56	70	58	73	42	14	49	91	22	43	94	94	45	66	80	17	82	56	69	63	77	96	81	83	13	96	40	98	100	53	95	96	53	58	52	53	22	71	88	40	36	12	65	26	58	53	28	25	52	11	94	58	15	21	22	80	91	23	84	17	10	16	85	72	90	99	14	23	37	21	18	76	90	99	29	43	12	58	71	74	34	35	13	100	84	89	61	28	71	82	34	31	33	31	25	18	89	60	40	86	28	47	36	82	25	44	68	53	12	65	63	44	21	25	49	78	34
71	28	85	17	29	17	64	92	55	37	79	72	20	44	51	76	17	95	51	100	13	80	48	15	67	97	60	56	44	33	55	56	87	80	83	94	24	14	40	69	18	54	11	77	56	81	97	49	20	64	78	53	25	78	100	87	63	59	90	86	33	100	73	12	14	98	33	74	89	83	66	41	50	38	69	21	55	100	84	38	29	83	14	31	89	47	66	32	45	67	86	49	81	58	14	64	78	30	50	51	71	62	20	94	27	53	56	76	27	65	76	99	95	50	56	78	11	76	11	32	78	85	20	81	93	74	98	24	79	94	81	69	32	26	43	44	79	91	56	26	47	58	47	45	38	57	13	85	97	17	75	96	54	88	89	21	75	81	70	68	93	89	96	38	70	26	35	51	65	95	98	89	92	20	56	55	28	89	60	76	67	32	59	89	78	29	55	33	69	24	74	45	48	29	34	68	31	53	68	87	84	94	19	73	51	49	31	57	66	30	28	42	93	93	47	61	11	91	41	52	84	16	68	25	57	55	15	17	18	80	36	51	34	22	10	11	11	12	49	73	97	24	65	30	32	48	29	12	47	48	21	84	29	25	34	85	44	49	43	38	96	26	63	22	39	88	82	63	29	59	71	79	80	29	88	99	45	46	85	99	45	20	42	17	14	27	13	20	80	81	69	45	92	60	89	64	32	48	78	16	96	79	23	19	48	56	84	64	53	22	33	43	48	42	89	37	95	58	52	23	79	86	38	51	23	55	54	54	56	59	68	50	76	12	78	68	84	39	98	63	12	50	76	87	64	27	56	93	31	99	53	33	76	73	20	83	75	54	91	48	22	74	61	26	33	32	85	96	56	94	55	21	13	79	26	52	70	76	91	43	99	46	27	60	17	65	82	97	84	99	43	88	23	59	32	56	62	62	54	81	61	45	89	77	34	80	29	84	73	21	54	34	76	79	38	19	52	66	18	99	62	83	28	39	87	60	69	66	81	75	99	67	75	41	59	35	86	66	87	24	75	84	33	28	12	84	78	94	63	11	99	63	49	96	70	57	39	48	21	62	97	15	95	92	48	75	18	50	12	79	76	67	13	93	92	91	31	64	73	55	33	58	33	49	48	25	87	23	35	53	42	89	12	90	37	65	40	75	85	59
66	95	14	81	61	35	39	35	47	46	55	31	91	40	31	83	38	56	62	33	87	51	80	61	85	66	25	86	96	44	23	82	24	63	49	81	77	60	56	92	94	42	96	28	78	53	32	94	42	31	31	95	96	83	53	31	80	83	56	49	43	26	19	35	63	62	51	32	11	59	79	27	93	14	34	28	57	71	92	63	58	94	32	43	56	99	86	17	74	99	76	90	46	78	80	44	50	40	83	67	35	97	28	99	12	93	60	24	84	71	77	58	41	47	32	26	61	62	24	96	83	64	19	66	20	83	60	68	96	60	70	56	49	69	29	58	27	50	64	99	51	40	60	31	80	96	57	72	86	63	27	94	40	75	48	89	91	84	51	94	71	48	33	70	78	24	33	57	79	98	95	23	45	11	88	59	61	16	28	17	93	75	29	96	53	12	82	88	81	35	49	34	84	69	59	29	23	94	38	32	55	55	97	84	100	75	29	85	12	84	47	18	36	97	11	66	20	83	28	94	72	70	62	95	42	28	38	10	52	84	99	80	59	47	53	80	37	68	98	15	66	55	94	90	79	30	42	26	67	93	31	15	94	36	45	19	18	77	81	63	72	52	66	20	77	99	77	37	72	51	70	56	76	21	45	47	21	37	52	100	89	90	89	67	67	19	40	15	41	38	46	84	65	63	50	23	85	67	77	83	41	57	58	33	99	11	83	16	27	84	76	31	49	72	69	95	66	11	29	91	16	26	30	88	32	73	76	87	45	68	38	22	49	28	99	76	70	23	60	85	79	21	85	16	93	90	33	98	48	60	73	39	44	75	68	29	38	65	13	98	77	86	77	71	45	11	48	13	57	72	13	55	41	49	90	14	81	36	22	11	28	80	52	84	88	24	36	20	43	70	78	77	97	23	80	48	50	41	90	29	71	93	50	52	77	77	61	41	88	95	36	22	69	89	21	32	16	79	66	13	65	90	29	92	15	17	94	65	19	77	38	62	37	51	93	31	47	63	50	55	50	49	87	87	36	75	98	16	28	99	23	10	25	76	46	95	38	20	97	68	29	24	12	54	15	97	57	27	62	84	72	67	11	68	37	70	44	72	54	21	65	95	66	49	25	68	33	52	78	79	51	79	56	50	100	53	34	92	57	84
94	50	85	63	86	47	55	88	64	51	52	27	27	31	62	17	49	73	68	34	45	55	50	84	38	37	26	23	70	26	91	75	26	84	70	94	72	23	20	37	77	40	19	52	56	58	83	57	12	93	76	51	17	30	35	89	21	11	88	37	74	33	34	98	83	87	51	44	68	62	94	56	64	66	20	76	40	54	69	28	59	80	89	78	59	98	26	69	11	18	37	21	40	22	70	99	95	21	11	52	51	61	60	50	65	38	56	92	93	10	89	11	14	76	40	91	70	80	89	34	19	93	94	48	94	58	71	47	52	72	13	71	53	45	87	32	78	45	18	95	68	86	18	73	59	69	42	76	99	43	50	58	32	38	48	70	46	74	49	25	21	40	43	26	40	49	22	87	19	60	49	80	93	33	69	26	22	66	74	68	73	97	63	63	86	69	75	94	55	81	51	92	11	53	91	77	93	100	17	65	63	26	20	46	59	66	21	35	62	10	99	45	98	56	61	59	16	68	81	20	54	33	25	14	20	93	61	80	57	86	71	38	38	97	91	65	38	52	93	42	95	52	23	71	36	59	52	62	36	59	69	83	61	96	50	79	56	77	39	89	92	96	84	41	86	47	70	16	57	67	84	33	53	37	51	68	49	23	40	17	77	64	79	30	85	90	59	94	66	13	53	27	61	66	71	85	61	66	50	35	59	57	30	43	48	26	23	64	99	91	90	75	93	14	22	28	97	62	68	88	52	87	70	83	79	21	42	69	75	84	62	99	36	47	46	80	95	94	36	67	39	87	72	89	67	51	60	32	90	82	37	63	17	35	85	14	93	79	90	28	98	67	85	45	79	18	30	98	69	98	58	62	75	90	58	87	11	38	31	38	79	69	35	60	11	39	46	32	79	43	87	74	56	36	77	10	94	50	19	59	56	70	63	98	28	82	65	18	90	51	19	46	82	40	84	36	96	32	76	86	27	80	51	54	45	16	59	40	34	83	79	18	22	60	13	84	46	47	80	52	18	71	87	16	54	55	55	27	25	74	91	65	44	36	12	11	89	30	93	39	71	57	23	48	50	35	93	71	96	61	49	95	89	45	86	60	20	42	80	88	96	51	39	64	57	16	31	55	97	61	16	65	84	33	27	40	91	76	61	24
13	64	42	54	21	90	80	54	18	15	92	82	78	41	88	57	40	92	38	39	89	26	84	32	86	74	53	51	93	87	12	64	25	82	97	97	46	51	18	16	47	18	34	32	14	73	62	13	61	91	35	50	28	39	30	93	80	34	13	83	15	23	92	48	26	28	54	12	85	46	45	70	47	95	26	15	81	99	89	40	55	37	57	46	20	22	70	53	85	60	27	38	25	87	39	40	74	57	87	84	88	40	18	83	14	77	36	66	37	91	12	44	38	16	72	22	76	71	62	66	22	67	85	58	33	75	33	16	94	20	45	16	83	79	25	41	26	52	63	37	81	83	32	78	93	73	72	43	79	12	97	86	63	45	49	14	35	66	68	60	46	51	37	70	78	84	70	66	93	97	22	93	37	96	83	88	17	12	70	40	62	17	54	97	88	95	75	72	93	10	74	65	23	12	41	66	62	64	22	25	40	79	92	94	24	11	56	36	16	15	18	63	66	83	38	58	44	41	57	84	46	59	18	48	93	71	93	63	90	100	31	50	84	93	38	64	81	86	25	50	28	62	34	22	98	45	50	16	30	22	78	72	88	72	16	15	29	62	45	37	23	33	82	33	40	48	28	76	42	63	42	27	54	20	47	83	25	49	21	65	64	40	28	97	84	16	57	72	91	52	98	69	42	22	22	11	69	93	86	14	43	51	84	45	10	87	82	86	90	11	61	76	65	42	87	88	79	29	70	13	43	100	54	63	93	83	31	85	90	59	12	39	79	79	20	71	71	61	47	77	63	48	46	37	96	67	67	24	22	93	31	92	30	37	30	42	19	65	18	51	42	85	34	66	18	24	86	27	87	20	38	22	74	80	49	18	77	51	70	39	14	74	29	60	73	15	99	38	97	85	34	78	57	65	73	24	31	18	38	92	43	51	75	50	90	67	65	64	78	53	85	97	92	56	19	51	40	94	27	17	62	40	45	49	56	37	61	24	35	99	23	34	99	35	56	51	70	87	18	19	97	36	61	66	92	35	37	98	35	33	56	14	50	84	53	72	25	34	22	72	24	69	55	34	10	61	61	53	36	97	94	87	36	22	69	31	92	70	63	68	76	85	69	35	11	67	16	81	77	100	93	43	17	86	47	84	50	23	59	12
16	91	62	74	31	64	34	34	45	25	57	60	95	47	18	97	76	80	77	38	86	96	32	91	94	33	43	79	94	45	28	17	47	76	22	89	99	84	39	80	73	14	48	18	76	45	44	48	40	49	30	33	88	22	11	75	73	57	95	37	45	65	19	90	55	49	27	54	67	91	94	82	19	39	81	61	92	25	27	96	18	98	90	90	37	99	62	38	82	14	62	89	15	67	94	14	73	82	24	51	88	76	96	98	27	75	68	14	19	82	45	31	91	45	23	74	46	82	74	77	25	32	99	53	96	30	63	89	70	32	88	22	85	25	68	54	27	84	47	59	46	52	55	53	65	41	31	97	70	34	20	91	68	90	31	40	59	42	53	53	15	58	55	98	39	63	34	26	37	99	15	19	77	30	16	26	58	99	71	23	82	64	21	12	45	31	57	97	17	91	59	24	65	69	28	79	46	60	58	17	87	14	57	57	20	28	43	79	43	94	28	39	51	92	11	68	53	52	48	61	47	59	56	88	96	73	60	19	27	100	84	19	76	50	79	14	95	86	81	55	20	31	79	31	44	84	45	54	25	78	36	49	34	86	17	24	67	69	67	27	57	63	54	67	52	37	98	81	12	43	11	37	53	71	25	93	41	97	77	47	28	49	23	96	83	20	54	13	58	21	77	99	94	45	62	71	18	26	24	71	34	65	29	68	41	37	50	41	57	56	53	18	67	32	100	36	35	56	61	78	59	62	94	96	75	71	18	30	96	78	77	77	20	32	63	57	92	14	72	46	42	29	96	70	20	71	58	37	33	36	50	87	33	23	83	78	92	55	41	11	60	68	49	46	98	41	77	71	26	32	95	97	77	97	37	54	14	80	34	48	92	65	91	82	61	62	41	62	15	43	29	94	12	47	44	16	65	25	55	96	78	75	72	47	64	94	80	13	12	96	72	76	25	38	41	71	78	63	34	65	84	38	12	18	52	91	73	81	31	38	15	51	87	18	77	76	14	52	58	40	30	57	99	84	38	100	23	52	86	33	83	75	78	65	90	52	80	45	39	49	46	52	80	58	66	96	75	36	14	54	78	99	53	17	89	71	13	12	71	18	15	46	37	53	83	52	34	39	15	42	29	78	97	24	45	78	25	67	55	70
78	40	40	71	88	69	48	28	69	60	20	71	70	97	85	22	74	53	13	49	27	17	97	84	14	83	21	65	60	47	72	73	43	31	85	22	67	23	68	77	22	12	38	64	98	47	66	28	76	56	48	14	15	18	22	98	24	36	31	54	65	22	42	74	50	29	29	60	73	30	66	16	93	58	67	57	69	36	34	65	46	22	94	25	18	18	17	57	15	14	62	12	78	85	23	68	71	86	14	96	73	89	42	76	11	38	62	44	14	27	93	51	25	40	92	75	66	13	77	42	79	96	91	98	71	74	65	23	17	94	55	98	38	29	57	12	89	58	14	10	11	11	46	91	33	22	80	58	91	12	95	16	35	27	72	63	50	18	66	71	72	77	45	76	21	47	71	92	11	96	15	32	94	66	63	59	53	98	29	41	52	21	26	82	39	93	32	54	62	82	86	54	29	94	90	70	61	93	18	74	87	44	50	93	81	72	75	49	23	65	19	23	17	71	34	31	51	51	98	31	61	35	40	12	75	54	90	50	96	92	55	96	78	96	83	76	67	88	36	34	29	57	25	62	17	90	85	62	86	65	91	14	68	34	49	49	92	34	67	67	66	59	83	88	62	29	20	94	21	80	42	16	56	99	61	23	49	90	61	69	99	45	60	74	78	100	92	34	82	81	91	42	36	55	27	33	27	15	32	20	59	70	82	30	66	37	52	94	34	53	39	35	97	26	23	42	92	58	57	74	63	28	84	76	26	86	83	51	16	55	57	47	95	99	79	82	20	63	46	65	66	16	50	52	75	47	11	42	62	91	41	92	78	94	96	87	74	29	79	78	47	64	66	24	80	54	24	41	38	83	26	74	11	72	57	94	48	37	49	53	10	93	85	94	23	64	14	83	12	28	60	60	90	29	26	76	76	19	71	27	52	61	22	68	48	83	67	79	66	38	48	60	18	42	38	47	21	15	33	29	57	11	80	43	100	41	83	72	19	32	97	15	23	38	63	73	99	40	61	29	56	71	68	41	33	75	41	30	46	96	64	95	90	74	86	97	88	16	15	49	83	36	46	18	64	42	16	57	49	97	22	41	62	51	84	21	42	60	68	82	57	21	58	34	52	30	23	96	44	24	88	52	86	10	39	19	50	44	22	33
97	35	21	15	53	79	82	63	70	16	38	63	20	24	68	10	13	47	60	45	93	28	67	14	16	31	51	25	86	82	82	88	15	34	70	61	23	33	93	97	92	16	67	27	58	54	84	68	67	93	49	55	98	90	69	29	20	82	10	85	88	78	30	65	12	64	41	49	66	38	59	49	40	24	30	38	72	20	81	82	50	45	67	44	91	99	55	71	65	48	68	77	96	17	12	26	51	41	72	77	41	76	36	60	52	34	78	18	21	86	90	24	91	14	69	43	96	97	82	96	36	64	23	66	86	21	50	48	81	61	18	64	92	31	36	31	45	97	83	98	76	31	19	31	78	14	38	39	40	67	63	73	69	60	39	43	21	47	32	87	68	54	63	21	15	13	60	24	67	91	46	81	66	29	49	69	31	57	87	94	27	93	44	17	12	71	54	90	24	50	18	79	25	25	75	73	58	60	50	68	85	64	66	34	92	13	13	86	54	64	22	25	35	12	32	38	84	69	17	34	23	30	94	32	52	22	84	53	72	44	38	45	69	11	68	92	70	67	39	95	39	84	45	39	55	21	10	15	59	55	49	31	31	65	100	73	39	66	50	65	30	37	69	77	100	16	12	20	26	25	52	76	24	13	95	43	21	98	21	16	46	26	42	93	10	21	76	67	55	83	60	74	16	23	49	16	21	67	61	12	91	98	64	34	22	11	98	32	30	16	49	17	79	58	86	70	16	43	81	98	41	87	91	28	55	78	17	95	72	54	68	40	84	68	90	73	49	65	63	59	98	22	98	56	51	34	42	69	49	72	73	74	15	95	22	93	71	28	79	70	55	14	51	87	41	22	51	79	98	49	21	44	30	34	18	92	50	86	42	43	75	58	90	28	20	97	30	83	35	68	56	74	99	62	52	51	78	81	47	67	37	16	39	59	21	29	51	33	26	67	49	72	62	70	60	11	20	85	67	14	88	69	78	61	35	92	65	55	16	25	69	81	52	38	38	45	31	33	50	49	88	58	23	59	24	43	25	82	32	92	41	48	46	70	36	43	44	74	30	97	38	85	12	31	62	48	69	70	70	96	30	60	15	76	39	70	94	84	39	34	47	18	97	50	20	49	30	87	23	75	81	65	12	72	86	85	53	50	22	31
52	93	95	14	18	94	75	72	76	91	96	21	80	98	23	85	51	56	31	27	50	35	82	43	19	86	25	34	14	93	38	36	32	65	45	43	11	98	49	80	59	29	45	16	51	38	85	33	76	85	94	49	58	54	38	58	64	16	44	74	60	81	43	98	67	33	37	32	58	72	11	54	85	79	77	31	34	71	80	89	33	62	49	60	26	22	98	92	16	13	60	67	81	76	81	93	78	21	56	18	67	58	32	15	94	13	17	59	37	58	41	74	80	52	87	61	51	85	20	40	35	55	36	86	79	83	96	70	97	42	38	49	50	45	30	68	10	75	29	46	60	97	57	38	33	77	20	87	41	48	60	73	74	93	22	69	47	70	32	13	66	70	80	56	29	13	87	19	42	27	71	76	85	59	14	57	32	73	92	34	17	41	81	17	84	53	76	61	82	29	35	31	17	55	37	59	45	100	28	22	50	93	80	79	33	43	30	68	84	58	26	39	89	49	21	39	98	98	73	14	20	28	48	83	55	51	47	53	76	12	44	55	67	82	17	41	65	79	80	80	89	62	35	93	29	62	96	78	41	82	85	44	51	84	69	18	22	42	57	24	64	97	69	65	87	47	33	93	55	68	67	30	46	32	24	95	78	95	44	27	54	29	63	42	66	41	79	96	56	50	39	25	77	17	82	95	18	82	41	57	53	78	72	42	90	80	68	78	16	29	82	15	91	79	13	63	48	35	69	26	65	51	85	16	20	66	55	67	79	90	65	87	43	99	77	71	24	42	51	55	30	28	11	54	44	40	99	75	45	84	14	100	72	25	79	50	11	83	46	86	82	21	16	46	50	28	46	82	32	60	86	52	95	32	80	23	71	18	33	52	88	69	29	47	30	28	56	18	94	21	36	90	69	59	94	98	14	91	34	95	45	66	71	54	52	49	93	67	71	41	50	55	75	27	45	49	64	22	39	95	62	18	77	50	62	81	76	74	73	77	82	87	27	35	37	70	57	36	50	46	97	45	74	55	95	29	98	33	28	81	79	83	27	40	57	11	63	10	61	56	32	50	55	94	48	55	40	79	81	93	79	11	99	40	53	97	65	64	16	43	47	19	46	62	79	70	25	62	90	40	92	19	21	48	28	20	60	71	24	76
53	40	32	15	86	40	90	12	16	64	23	49	52	57	82	18	56	79	66	86	48	96	74	55	98	86	84	10	20	92	11	41	100	68	16	13	100	30	82	22	68	78	45	51	89	66	44	80	97	24	43	20	33	12	60	24	19	71	27	12	99	98	34	72	67	34	83	32	25	33	19	15	76	87	50	15	91	15	85	54	62	98	72	87	85	89	76	62	99	59	30	99	20	16	24	98	64	29	82	12	44	88	28	46	99	83	14	55	73	32	71	68	46	47	30	70	62	50	66	24	38	80	42	98	93	64	56	82	31	80	38	81	28	53	13	55	13	94	18	18	47	93	17	18	64	70	33	96	52	95	49	50	60	85	93	17	23	32	95	66	69	37	40	31	69	65	28	60	56	51	57	71	65	97	56	85	46	15	36	66	46	12	13	78	84	25	34	56	66	19	44	38	54	12	89	98	76	33	20	64	32	88	53	41	11	73	98	66	98	41	77	20	76	51	63	99	36	22	56	66	65	14	20	89	30	69	66	40	48	22	35	59	26	93	78	30	36	55	57	70	95	85	20	67	68	94	22	25	71	86	43	29	61	90	69	43	39	55	77	65	61	23	93	77	29	88	72	27	13	19	55	26	56	45	10	91	67	50	20	17	59	11	18	35	36	75	48	37	21	17	50	18	60	33	92	95	62	50	95	29	60	55	76	34	51	86	42	65	25	97	42	26	32	44	82	77	16	57	93	72	41	47	34	84	87	88	16	33	69	52	82	87	80	71	43	78	91	55	99	61	62	84	36	73	66	34	63	34	22	17	51	74	78	86	47	51	26	33	65	32	99	27	65	27	86	60	43	51	79	79	94	52	27	43	61	65	10	13	18	12	53	13	94	62	13	21	86	29	51	27	99	18	92	96	88	48	25	45	15	56	73	12	13	73	95	46	18	43	47	97	90	79	90	28	12	67	64	69	26	19	62	80	55	75	40	37	54	15	29	91	47	32	63	35	57	42	12	71	21	34	11	37	22	71	62	54	66	78	17	84	12	18	14	27	19	78	62	21	23	100	76	43	89	96	54	55	72	46	27	98	56	16	66	90	66	58	75	89	18	54	96	47	58	40	68	19	96	17	35	92	60	63	85	86	66	50	96	41	68	78
28	26	83	61	44	85	68	93	69	56	92	98	21	42	42	60	79	96	49	13	65	27	78	97	44	44	54	54	84	98	99	34	86	58	20	48	18	93	77	65	43	29	27	42	23	83	70	32	50	15	99	84	84	70	47	87	15	47	43	97	90	36	99	75	38	40	94	24	50	13	71	23	43	71	36	98	41	35	35	56	51	85	57	61	44	16	61	80	87	19	88	44	61	85	33	39	99	76	98	14	61	11	47	64	52	77	28	59	96	84	25	91	71	12	25	32	30	61	38	63	43	66	70	64	91	70	77	78	15	48	53	42	25	67	58	95	82	87	18	16	35	88	83	46	97	13	59	96	98	14	53	98	80	65	18	67	14	98	80	27	82	19	65	78	51	51	38	11	69	22	67	23	76	69	23	94	78	69	91	49	19	26	46	54	82	78	54	24	62	98	33	47	51	28	77	11	29	59	22	43	43	50	83	95	12	43	19	75	20	52	99	33	69	20	19	35	18	69	56	47	63	74	48	92	83	23	38	71	83	16	41	60	33	51	24	87	75	56	38	15	65	15	75	87	98	74	47	89	49	57	47	84	13	63	92	33	27	96	62	61	40	58	65	26	75	100	91	18	78	50	60	73	55	21	39	96	70	96	79	92	33	29	61	29	66	26	68	70	69	53	54	43	43	20	66	19	27	98	69	91	71	17	100	51	94	26	90	63	20	38	46	78	43	23	75	42	96	30	16	99	23	35	93	33	50	92	66	44	87	44	19	78	38	28	25	16	17	71	70	60	26	66	58	47	61	23	82	54	63	75	34	41	36	64	83	81	75	89	44	92	54	84	80	98	60	40	22	60	35	32	28	57	14	87	72	65	39	51	72	77	36	26	68	57	60	34	97	71	73	44	41	30	78	15	83	28	85	70	60	97	51	27	33	98	97	58	33	81	77	69	70	72	73	17	47	37	91	54	80	63	87	85	83	89	98	79	83	19	59	11	79	43	14	95	91	11	96	95	12	63	19	83	10	35	49	59	65	41	94	94	57	17	79	42	77	87	52	20	70	25	73	47	67	50	40	59	63	89	47	10	30	15	29	16	46	95	72	96	36	30	96	63	88	94	20	60	65	93	69	10	42	98	23	72	75	97	19	78	79	87
23	97	49	33	43	12	40	15	98	23	98	31	65	93	55	13	52	15	78	89	53	84	69	10	21	15	47	32	45	78	15	36	11	25	76	41	68	23	59	70	57	94	58	30	58	75	46	78	80	44	90	39	25	84	58	53	53	71	62	77	88	54	11	10	65	29	12	49	72	28	39	17	88	13	11	70	28	28	51	66	25	74	49	19	66	13	69	33	85	20	13	16	44	12	94	33	73	52	76	28	30	93	19	64	73	78	89	85	41	74	50	52	95	69	73	33	97	51	54	38	41	33	95	25	39	88	11	15	48	30	100	67	90	56	97	29	15	37	37	62	89	72	98	14	53	85	25	74	68	22	37	54	17	44	61	65	24	14	22	19	34	36	34	26	77	91	55	99	58	22	29	71	17	35	47	14	39	11	67	83	54	71	36	98	56	76	47	29	26	46	22	54	52	52	62	28	82	91	79	34	14	68	80	33	51	15	49	92	78	40	14	10	87	67	28	12	25	14	52	15	74	53	88	63	31	42	51	21	52	30	68	53	64	42	40	97	33	80	11	36	41	15	94	30	76	25	63	83	35	88	25	27	39	42	16	74	72	39	23	22	68	22	72	35	30	87	40	42	17	28	60	88	90	19	96	88	14	53	30	70	21	90	93	85	35	85	22	43	84	64	61	68	19	98	20	15	72	97	53	43	16	40	43	62	43	49	26	75	94	18	75	10	30	22	55	25	23	12	38	50	55	68	46	71	85	21	57	41	100	23	94	68	67	92	43	69	13	12	44	17	54	62	50	90	10	63	82	56	27	97	27	80	49	52	71	38	34	54	15	45	24	35	21	23	98	45	97	29	66	55	86	77	22	50	28	46	46	76	15	97	94	98	48	25	98	79	68	99	15	73	53	18	21	56	73	16	15	91	65	67	59	28	35	69	59	73	63	28	88	45	44	16	47	10	98	10	48	13	17	63	55	63	59	98	88	84	25	68	58	51	28	99	82	63	50	39	30	79	14	44	39	16	22	57	22	92	39	22	33	97	48	96	40	62	94	40	67	35	56	29	70	96	97	60	11	25	45	82	72	23	84	67	66	53	43	24	17	78	15	23	99	40	57	36	76	64	95	45	87	74	13	80	15	75	35	76	25	50	18	80
41	25	33	81	30	95	36	47	93	18	100	11	23	71	85	85	76	81	65	58	10	85	63	13	67	58	26	18	33	74	33	94	47	41	47	95	53	68	98	71	98	76	71	31	48	61	22	61	96	54	43	92	23	24	46	19	57	100	11	41	76	40	71	14	38	55	91	47	53	56	17	58	97	66	52	39	62	10	13	71	18	40	27	34	77	57	98	33	98	80	10	68	87	90	81	66	94	100	30	16	11	59	89	37	85	40	93	80	26	78	91	69	92	47	79	88	87	73	29	56	21	44	34	40	40	26	11	48	93	42	61	19	45	71	33	25	23	73	38	48	20	19	95	72	75	98	57	91	54	53	38	70	22	87	92	91	77	31	98	47	15	83	88	97	70	24	23	13	93	24	83	74	86	39	62	77	76	32	47	63	32	96	84	21	28	79	40	98	29	92	14	43	54	30	91	77	64	19	25	89	23	12	41	43	63	100	65	82	59	30	69	14	76	15	72	25	30	62	46	67	90	52	78	60	65	71	88	43	67	66	54	73	46	97	50	48	15	87	73	64	96	61	13	23	83	61	67	49	29	91	40	73	70	87	13	56	34	80	70	11	74	54	66	36	69	28	76	41	34	67	16	46	58	78	34	67	85	55	12	56	21	68	54	41	76	40	94	22	38	92	26	68	89	38	50	63	82	98	10	50	65	48	38	59	82	32	96	84	35	20	54	22	47	89	64	19	58	19	72	88	96	18	73	85	88	18	81	99	79	59	76	20	65	62	64	29	41	82	74	17	23	18	12	33	72	44	68	73	34	62	21	12	69	69	34	58	15	44	44	85	50	56	24	12	74	77	87	61	81	56	40	36	42	78	81	59	74	40	60	100	85	45	69	16	47	56	30	42	48	82	14	54	27	22	23	16	85	84	60	23	63	61	71	88	52	11	20	23	86	65	22	62	84	48	100	95	69	78	18	73	25	35	23	27	22	24	54	98	17	19	50	59	83	51	52	99	27	73	44	81	59	44	22	47	71	28	23	36	81	29	36	67	15	92	15	84	54	30	69	98	95	73	58	21	49	89	83	70	87	15	66	14	36	41	14	25	70	62	77	24	87	64	16	85	51	91	71	32	64	40	18	95	93	89	82	13	90	61	75	71
40	91	29	11	62	34	74	80	29	79	45	88	93	97	78	69	69	62	82	69	40	34	15	36	60	83	55	78	83	29	29	43	82	67	88	50	68	29	85	98	71	48	96	16	49	93	31	42	27	61	34	23	66	95	37	50	48	38	79	47	42	88	73	73	78	52	28	16	58	73	78	91	16	95	39	15	31	84	10	26	97	36	58	82	32	49	15	93	12	77	26	70	61	12	44	66	92	66	14	62	55	18	66	38	86	61	82	64	42	34	98	59	53	50	45	68	63	38	78	74	25	59	55	23	93	66	27	95	82	80	49	73	76	27	77	75	49	48	39	73	51	78	94	55	74	19	95	62	64	84	78	64	26	48	33	34	16	40	74	69	22	25	75	30	75	33	67	77	34	78	50	86	13	53	71	52	20	96	65	62	97	58	85	80	93	61	74	74	20	32	84	28	17	94	32	23	43	56	60	72	68	43	87	11	63	37	94	17	47	59	30	94	88	21	11	82	25	33	91	46	13	85	37	71	61	11	44	47	19	44	17	96	48	30	21	83	66	92	84	17	59	40	64	52	70	71	90	40	60	76	61	51	86	73	68	40	88	71	11	71	39	37	90	90	46	31	58	99	64	39	11	97	51	66	51	44	21	18	90	15	76	59	58	86	85	99	52	42	24	71	78	63	82	31	50	11	64	54	16	35	88	13	14	68	26	59	28	65	38	42	85	31	22	58	93	75	78	60	82	37	93	21	77	40	31	41	95	80	88	59	67	99	53	31	59	32	15	78	26	91	43	82	69	90	27	48	90	89	20	40	44	43	42	22	48	44	13	40	82	40	83	49	67	48	24	83	36	86	14	78	63	92	41	36	40	68	99	45	18	27	69	77	42	13	88	30	97	93	61	14	36	85	16	98	31	87	17	16	60	43	16	57	65	85	38	65	65	12	13	47	51	49	39	52	87	91	80	30	38	24	51	56	34	51	30	59	11	11	41	18	53	67	98	71	13	38	68	60	19	76	27	14	95	12	99	46	55	35	95	58	97	84	67	52	93	78	93	66	14	31	70	35	14	42	82	96	96	72	92	73	76	59	50	79	41	17	50	64	85	80	60	86	18	65	86	70	26	56	12	51	54	38	27	42	29	89	79	33	84	60
77	10	44	92	98	73	100	93	79	29	69	50	20	99	27	33	55	38	49	49	31	87	61	49	64	45	75	58	73	43	72	55	41	71	45	94	80	97	18	91	23	79	25	77	41	85	89	84	85	40	96	86	40	22	25	59	86	80	20	81	76	85	62	23	32	59	41	20	90	52	15	48	58	31	32	93	33	13	37	87	17	14	16	35	85	92	70	37	100	48	68	83	44	64	19	96	65	76	75	84	96	63	20	66	47	35	56	62	56	79	85	28	87	13	55	62	54	45	27	51	48	43	78	87	77	96	58	95	26	44	68	81	63	73	86	48	27	20	43	40	32	39	60	76	84	84	33	14	98	45	26	84	33	54	77	72	71	11	69	55	58	84	77	29	46	26	67	95	60	34	42	56	20	45	54	82	77	93	90	16	43	46	99	25	15	87	46	28	19	75	89	48	59	52	60	35	31	33	25	52	33	56	28	88	16	80	74	49	56	82	11	16	88	58	90	62	67	59	80	95	82	83	82	21	21	51	97	56	35	74	22	49	68	38	18	34	57	98	37	74	76	28	71	44	57	30	95	66	88	30	34	94	89	18	38	16	47	54	91	35	47	52	60	62	18	50	54	72	78	33	82	86	92	43	33	82	27	88	91	57	46	50	21	65	12	79	28	94	53	43	63	57	11	38	47	81	11	98	71	42	43	23	46	33	94	70	25	53	39	86	76	58	67	29	33	71	79	82	56	63	51	99	24	43	71	43	81	27	15	82	52	86	96	26	96	95	93	66	44	69	57	42	26	20	30	47	98	56	87	72	57	14	64	23	78	37	71	43	40	23	77	40	14	62	41	75	90	77	13	33	95	16	81	96	54	26	63	56	69	46	87	32	47	13	51	89	27	91	44	18	92	99	86	52	64	83	32	91	12	28	15	56	30	56	87	29	38	32	73	38	21	52	17	99	68	25	31	12	94	25	48	49	37	49	66	73	75	95	15	77	97	96	30	17	45	55	61	18	18	99	48	13	84	44	76	80	19	71	71	92	29	95	41	52	79	61	59	80	64	38	45	76	74	48	54	91	31	15	44	96	21	87	58	89	47	91	68	28	82	39	49	90	50	88	10	76	16	31	13	64	55	18	42	40	27	72	11	59	95	39
40	14	84	84	88	92	36	91	42	45	15	42	76	27	86	77	97	57	27	15	42	30	49	56	20	21	70	90	70	58	87	89	74	36	85	32	40	68	55	61	98	74	16	99	28	53	76	96	24	58	53	35	61	99	50	41	48	80	38	67	81	87	65	52	58	42	86	20	30	92	62	93	81	66	66	95	73	80	72	80	87	53	39	66	74	58	92	76	97	64	10	88	44	24	68	73	82	69	33	74	58	67	69	11	46	83	25	24	73	69	69	29	53	48	63	48	39	54	28	96	35	63	41	85	54	29	14	78	12	35	94	45	94	19	95	57	86	64	86	59	55	92	70	71	19	17	78	17	34	83	16	41	98	49	32	39	44	89	98	41	81	78	27	81	11	80	61	51	49	31	65	52	21	80	57	40	69	61	11	99	98	66	36	34	94	80	84	65	35	31	46	74	98	19	75	29	26	56	23	80	53	19	88	25	88	69	49	95	99	69	53	31	58	42	62	95	89	75	94	92	67	62	37	55	48	46	16	11	55	68	82	57	20	46	34	96	27	56	89	96	71	61	37	42	100	80	94	53	14	46	71	93	83	44	69	27	73	36	76	98	37	52	20	63	64	73	28	66	95	88	82	16	54	90	84	53	45	96	28	21	90	22	28	48	17	47	19	77	44	93	52	91	72	83	82	29	87	49	83	67	13	60	29	34	99	57	37	67	48	66	44	30	27	60	31	59	83	73	89	23	38	42	10	76	84	77	23	36	82	62	63	48	11	45	76	95	21	86	12	99	65	60	15	76	94	16	78	77	41	46	14	54	93	55	29	68	84	88	32	69	11	68	64	19	28	20	100	99	13	97	38	47	92	88	39	28	58	50	77	88	58	69	83	30	51	10	56	78	86	22	52	88	90	11	28	26	20	42	31	92	20	20	63	33	50	61	69	41	21	64	45	71	20	27	60	17	93	40	51	77	54	17	88	14	62	29	65	24	55	71	54	75	69	53	34	41	47	21	41	49	16	44	83	47	42	19	57	70	36	54	73	32	11	43	96	79	41	99	63	65	39	29	85	14	16	29	38	70	19	70	22	83	52	16	43	59	39	29	30	43	41	69	60	51	37	83	44	90	68	22	39	92	97	54	48	36	51	11	32	44
18	68	92	31	65	44	57	69	52	45	44	62	95	20	75	37	74	70	95	89	71	79	66	60	99	19	63	45	18	29	25	69	64	99	43	23	53	26	53	94	19	13	60	84	79	65	63	75	15	33	68	65	42	29	12	52	42	89	37	77	31	73	98	97	31	54	81	57	35	94	25	36	28	53	68	23	56	80	62	43	60	60	49	25	11	26	51	25	72	85	78	66	28	75	24	90	78	90	49	46	29	40	94	86	11	22	91	91	79	54	67	68	70	77	45	85	55	85	29	23	93	73	44	35	29	86	84	70	20	52	27	97	85	24	72	21	96	99	54	60	54	94	39	28	98	76	24	26	83	21	54	98	98	28	27	69	51	73	66	84	87	84	16	22	34	59	65	36	16	94	38	62	73	89	93	55	27	42	41	65	87	88	62	68	72	73	41	46	75	75	69	45	31	61	75	18	87	95	40	77	31	57	34	68	42	51	94	41	91	96	87	19	69	13	79	14	44	37	91	15	46	44	77	46	48	19	82	80	50	94	72	34	14	59	21	18	48	37	11	79	44	13	66	15	87	23	43	11	14	67	82	47	99	57	59	14	20	72	17	15	70	91	47	63	85	80	43	32	12	64	65	99	80	92	25	22	30	49	53	77	78	72	10	25	55	76	45	15	19	60	91	85	32	32	71	72	45	92	40	19	91	75	65	29	64	20	86	63	86	47	78	36	38	11	48	80	99	92	94	46	18	34	40	60	67	47	42	75	53	68	85	78	57	15	25	30	51	18	65	57	75	61	94	97	95	29	63	12	92	30	19	11	22	76	66	52	61	62	39	53	46	22	17	29	66	30	42	77	21	80	82	76	37	16	20	33	17	69	11	36	80	13	63	70	82	57	76	48	87	82	91	63	100	75	15	13	55	11	93	55	57	78	66	87	64	60	96	38	43	40	88	35	78	94	20	11	11	87	74	55	15	71	38	60	31	86	29	51	58	97	59	84	19	90	50	70	97	33	70	99	10	82	51	99	67	37	10	20	36	41	41	30	25	87	39	38	79	43	77	48	36	99	41	38	66	38	58	60	25	69	89	99	43	37	16	81	12	95	53	36	55	100	20	65	29	15	20	81	57	29	28	55	88	56	75	90	94	43	68	11
61	50	50	93	19	40	56	68	64	79	32	71	82	76	75	72	100	99	87	86	22	33	24	56	65	56	19	11	86	67	60	67	64	98	39	47	69	86	26	12	51	61	74	92	88	60	97	96	55	85	38	63	24	27	94	32	88	42	45	71	15	13	35	17	26	83	32	82	15	24	98	54	59	62	75	44	13	69	54	23	11	34	22	41	35	48	71	94	36	44	74	48	66	96	95	58	33	66	94	46	75	24	40	72	67	69	36	35	71	60	92	43	52	84	11	13	53	48	57	66	47	78	73	68	59	22	75	31	69	91	12	20	73	74	98	52	75	16	22	30	42	75	63	71	25	81	24	52	100	15	35	17	42	84	27	95	15	86	94	81	47	63	23	79	93	100	94	77	87	76	80	96	70	28	33	44	96	54	58	72	83	93	71	84	70	17	21	18	16	48	80	16	39	19	85	36	95	75	70	62	26	52	42	15	39	88	69	53	91	53	49	14	24	50	60	48	36	76	99	56	37	62	72	68	28	67	94	37	76	56	45	73	84	74	45	78	55	98	45	41	23	27	78	97	97	68	29	21	12	97	58	92	94	55	75	48	89	85	33	89	98	25	17	59	75	97	47	55	23	79	28	40	68	81	17	24	14	12	66	22	43	85	25	59	39	63	44	85	20	37	69	29	23	12	56	97	90	73	86	74	25	27	40	31	27	57	99	90	79	77	39	99	43	66	96	39	41	82	86	80	15	95	89	97	60	15	14	11	39	30	62	82	36	48	12	42	60	85	75	26	82	88	81	41	36	54	92	17	40	29	37	90	17	26	67	22	45	40	30	95	89	59	10	97	59	47	51	36	24	55	31	35	85	30	10	38	83	85	71	89	27	22	25	77	71	99	63	40	61	36	15	60	50	91	60	63	72	23	15	66	91	11	62	37	82	90	97	54	26	79	50	92	29	87	68	65	74	23	63	73	93	60	53	81	90	74	43	72	89	69	65	48	97	59	39	64	93	96	83	89	29	52	60	47	38	95	98	16	93	14	20	30	12	38	88	34	84	34	32	85	96	67	85	94	67	76	80	30	43	71	93	96	28	62	78	64	16	62	98	51	35	18	52	36	40	26	71	84	44	43	91	68	70	45	91	26	43	37	85	51
11	77	21	90	57	87	85	80	52	42	54	88	14	99	88	86	10	70	31	36	39	30	44	63	10	37	48	64	64	37	52	24	36	46	89	34	34	48	52	13	68	15	97	65	99	29	46	37	91	85	65	18	15	41	86	26	75	83	12	19	52	19	47	89	98	91	13	53	61	80	81	15	13	63	11	21	12	60	44	48	10	71	11	55	31	39	19	91	87	55	63	28	31	29	43	68	82	52	58	32	19	38	56	26	72	61	26	29	71	27	86	76	40	39	44	54	26	85	27	57	50	53	77	78	59	26	25	46	26	85	35	26	65	78	88	80	40	46	99	73	33	30	52	50	27	23	54	78	65	17	69	53	68	89	92	24	63	100	71	54	56	68	65	46	32	41	37	43	34	36	70	31	90	77	99	39	13	16	41	33	64	37	70	80	87	34	51	10	86	12	47	89	67	54	65	22	39	56	48	29	18	67	12	58	37	11	86	24	83	59	55	26	70	92	13	92	29	60	93	63	55	50	41	34	64	40	51	73	61	59	90	70	70	78	50	62	86	58	76	60	41	78	83	39	15	80	21	93	80	64	21	97	20	36	59	76	80	81	57	27	10	79	60	74	77	43	98	45	78	31	67	97	59	80	41	33	24	90	18	72	49	50	72	38	98	17	77	20	50	20	91	87	27	85	75	73	28	32	39	76	44	70	98	94	42	70	58	17	100	27	86	17	62	88	28	92	29	47	59	60	74	76	57	41	80	49	46	45	42	54	27	44	92	90	17	68	27	30	53	39	99	75	94	48	56	98	21	21	21	90	14	67	72	53	12	46	16	43	34	72	24	35	78	59	61	69	66	25	13	66	36	50	13	57	85	38	41	27	69	87	66	27	75	82	83	28	30	39	92	15	28	88	58	38	96	24	62	33	21	24	22	81	88	46	11	75	26	69	27	24	38	33	94	71	12	31	82	94	86	91	46	93	98	21	63	82	73	93	29	70	38	69	88	86	81	47	78	25	93	83	80	72	100	84	14	68	77	28	87	84	13	86	35	93	23	79	63	56	43	13	70	76	56	43	29	83	29	15	32	53	37	46	33	22	89	45	38	62	56	85	46	92	45	20	60	97	84	68	33	33	81	67	85	54	27	62	23	86	73	72
95	90	46	43	66	93	99	81	21	87	29	66	91	70	62	59	38	71	93	12	89	61	43	27	13	61	65	36	37	58	52	30	17	63	18	29	41	11	52	64	82	55	66	48	72	38	91	40	64	32	69	78	52	27	71	98	48	24	96	56	67	24	55	41	29	21	50	74	12	50	42	54	32	47	28	41	43	91	84	75	10	100	31	81	28	97	55	20	84	94	65	29	99	15	88	41	72	50	83	46	49	94	33	56	44	29	19	10	26	76	11	74	96	32	23	16	29	55	61	91	71	85	33	19	34	15	70	26	47	33	23	28	35	13	86	27	20	19	73	76	11	17	92	68	67	93	80	54	72	33	97	11	63	13	59	36	64	46	29	44	50	85	33	13	29	27	14	22	40	58	83	74	18	82	20	44	17	29	76	63	78	45	87	72	30	25	12	57	14	65	72	27	13	66	58	50	86	29	62	86	85	61	62	76	88	39	13	37	15	27	85	79	26	18	61	62	65	38	79	100	66	62	15	61	47	16	89	76	55	47	35	80	30	45	26	83	85	40	49	39	12	20	95	47	75	27	79	23	91	25	98	56	63	71	39	73	79	23	96	62	34	97	26	39	33	62	93	62	34	41	28	89	57	64	77	45	20	17	34	68	27	12	19	71	64	68	82	33	43	29	19	39	64	67	86	95	39	52	20	14	63	63	11	41	82	92	89	56	72	30	86	43	84	62	86	24	22	52	70	72	55	25	44	70	78	21	99	67	57	66	80	90	95	43	98	78	100	18	68	91	23	50	25	76	57	92	62	90	76	50	46	28	16	80	59	78	33	66	46	26	75	62	87	80	52	19	66	61	24	64	56	28	71	31	46	62	36	96	33	67	77	53	38	34	25	69	70	18	74	11	36	98	56	87	35	52	53	70	43	15	26	79	87	84	74	23	48	99	72	14	51	15	23	64	68	74	20	12	89	41	37	66	88	89	71	68	16	63	97	66	88	85	35	12	76	62	78	87	93	40	34	23	50	23	75	55	56	24	41	68	61	96	53	43	81	55	89	75	53	86	17	11	97	56	75	91	65	41	53	63	76	31	46	65	55	70	26	87	60	50	82	59	60	92	70	27	89	13	69	20	79	13	15	48	55	94	49	25	90	40
90	95	65	25	48	57	78	54	98	95	45	51	56	69	23	76	13	60	95	42	99	59	74	81	58	54	53	38	23	87	15	84	61	85	60	89	86	88	64	71	50	83	73	96	43	63	34	58	31	68	44	34	29	33	74	49	17	99	68	34	75	78	14	37	19	69	27	56	45	99	73	88	24	93	19	17	41	56	22	65	12	15	94	20	94	98	100	12	19	69	88	67	24	54	54	42	82	66	29	77	14	17	32	37	83	59	41	96	98	49	55	32	95	90	94	69	90	73	58	41	59	82	51	28	14	46	84	72	30	18	96	64	77	49	13	32	24	47	22	62	20	81	48	69	65	57	90	45	63	29	97	40	69	46	12	13	42	81	18	11	36	83	15	21	59	11	33	35	42	61	20	61	35	34	29	79	35	85	67	40	79	72	11	40	19	89	31	76	46	21	80	49	16	12	63	22	14	37	93	61	57	23	57	31	62	62	63	38	15	66	47	43	14	15	33	80	76	76	75	91	66	13	50	72	14	49	52	54	25	73	34	83	78	98	37	78	70	55	24	64	22	47	94	39	55	53	90	21	26	49	24	53	99	78	46	74	23	18	70	12	53	22	81	54	95	21	50	18	93	49	45	59	42	35	18	48	93	35	42	68	39	41	12	85	66	69	69	17	40	42	85	49	26	91	74	47	99	33	90	80	62	70	42	56	65	83	47	88	58	10	14	77	14	22	99	32	28	45	17	99	52	36	12	92	77	24	35	52	65	50	36	50	49	29	66	71	61	46	45	17	51	66	59	81	78	46	88	11	14	49	75	57	43	61	35	38	71	62	48	45	47	83	75	27	98	59	61	44	73	66	52	70	74	17	83	18	34	98	11	78	51	95	52	77	27	46	46	32	21	30	54	43	41	82	47	47	27	63	16	11	29	93	18	52	22	45	87	14	63	57	48	93	45	43	25	15	55	14	50	69	97	92	71	95	93	31	41	20	92	11	11	38	35	58	13	35	62	14	63	47	39	86	41	24	59	59	98	35	83	86	42	24	46	20	12	13	37	32	53	17	42	35	67	56	20	41	66	89	66	42	37	64	87	84	69	37	84	34	24	46	11	88	56	72	50	12	53	36	31	19	52	47	70	12	54	78	62	79	52	84
91	87	16	12	49	45	99	52	88	33	25	65	98	40	79	83	90	72	90	17	86	61	97	42	13	56	60	82	23	28	29	75	13	70	24	87	92	72	83	14	58	64	56	81	75	92	76	61	73	18	84	99	94	76	74	88	81	36	76	60	80	96	79	28	33	16	19	48	20	64	48	19	50	19	27	82	62	52	36	91	20	14	17	72	24	29	85	36	70	42	74	52	24	60	42	72	31	34	53	14	78	38	63	61	96	89	21	59	88	70	43	83	75	69	67	47	69	67	45	33	93	74	36	23	69	22	66	41	45	49	94	67	55	30	86	42	41	32	97	11	30	90	57	10	94	62	91	97	52	93	100	74	45	62	12	72	22	89	95	32	60	80	43	53	17	79	13	82	19	74	11	50	91	69	48	31	90	57	23	84	56	81	13	24	12	38	79	25	69	34	42	12	41	20	48	69	64	74	47	93	86	37	75	11	73	15	11	61	78	51	65	30	69	63	31	59	22	67	93	27	39	53	95	95	65	29	42	33	57	35	95	80	38	52	48	46	63	18	20	56	85	25	37	90	10	38	34	66	49	50	46	11	51	87	84	84	98	31	64	91	13	66	13	67	55	54	26	60	52	13	11	79	22	13	64	26	11	95	18	19	15	13	15	22	39	43	39	58	65	48	47	45	36	97	84	75	54	80	72	54	60	49	44	24	41	17	91	59	30	17	21	84	92	48	89	94	95	86	41	51	99	85	98	15	12	43	93	59	86	68	50	40	27	15	52	98	45	85	26	89	38	84	65	25	64	72	64	11	68	76	40	84	40	11	78	24	85	25	44	40	17	27	43	41	65	27	70	95	44	64	72	77	17	86	40	71	94	21	15	24	10	20	31	55	20	73	94	94	20	46	56	74	70	38	12	11	66	58	20	73	75	59	43	11	15	72	46	80	86	11	26	70	30	47	86	89	61	44	26	37	77	20	60	47	74	11	11	74	52	41	49	37	41	58	90	91	59	22	41	88	66	85	25	31	12	29	24	82	52	56	21	73	63	32	54	22	55	44	32	28	84	31	19	32	99	36	26	71	84	33	11	87	41	100	93	11	15	90	47	26	33	58	49	33	53	78	62	87	63	89	42	65	69	48	79	98	11	90	83	60
45	14	74	21	60	13	91	47	61	57	68	78	63	39	60	29	67	36	31	26	77	22	58	41	39	67	84	83	16	12	47	84	35	33	42	44	59	37	58	78	85	80	53	36	25	92	54	51	22	61	85	71	97	11	85	58	75	15	57	12	41	87	72	91	63	84	43	60	88	47	73	70	65	84	48	71	51	84	67	40	48	58	73	84	16	80	37	49	68	76	42	69	32	34	95	66	53	84	48	14	15	74	100	23	43	22	53	26	95	42	17	68	57	60	98	11	44	44	17	43	69	89	52	61	49	98	98	76	44	96	94	73	76	33	44	79	78	98	98	27	27	71	38	52	67	18	44	11	50	68	20	93	63	75	63	95	58	24	95	56	47	24	70	56	98	27	85	69	97	85	29	17	89	15	51	71	59	69	86	49	59	65	44	14	89	29	84	39	97	60	91	29	10	12	33	72	58	99	39	13	35	81	55	34	70	40	42	57	25	86	35	67	77	59	81	50	33	30	19	37	14	16	43	66	20	17	81	45	32	72	42	74	35	44	58	21	26	24	57	18	79	15	82	83	20	46	47	12	20	75	97	96	81	92	33	89	21	69	33	99	49	83	92	85	54	40	89	48	75	72	45	11	99	84	45	68	51	31	84	24	89	88	66	95	56	39	52	51	65	64	61	20	61	38	36	78	71	73	85	87	80	38	24	40	43	54	89	92	77	75	36	98	47	58	37	37	19	99	67	35	68	30	53	51	17	56	68	84	15	25	34	40	55	87	86	37	56	97	93	99	75	30	34	52	75	90	47	68	73	50	45	32	29	95	43	56	32	58	74	40	48	46	15	19	83	84	49	20	35	55	39	33	18	22	74	53	71	27	62	15	51	85	64	20	86	70	98	78	79	33	46	28	68	35	60	82	87	49	57	53	32	27	17	49	35	47	91	20	67	70	92	97	59	31	49	38	40	82	32	75	16	53	95	58	45	76	63	27	97	40	70	60	61	15	53	95	50	37	65	87	99	38	10	96	61	41	15	71	39	18	45	31	74	28	84	33	43	85	29	29	83	26	93	32	16	85	17	84	80	38	73	42	42	93	77	76	53	35	98	26	36	10	72	35	58	44	51	32	34	14	31	54	95	91	91	18	73	21	71	40
74	88	56	11	25	79	62	97	14	19	33	36	21	12	93	14	52	97	91	45	14	96	48	80	97	52	12	50	68	35	35	24	72	39	32	16	29	40	20	21	42	54	40	73	35	96	32	68	26	43	59	74	64	79	51	70	32	53	33	43	45	61	41	43	93	54	79	34	53	12	50	99	81	55	86	77	33	52	33	28	56	71	17	48	50	38	69	35	39	78	22	83	80	58	88	61	41	95	47	91	29	38	85	56	90	79	52	81	85	60	93	72	65	53	41	41	95	15	19	18	19	55	91	98	99	54	86	82	45	46	50	12	74	35	28	72	31	23	44	95	55	58	98	52	68	22	95	18	64	80	62	94	96	39	48	24	55	69	56	68	19	56	77	50	26	21	77	92	14	99	74	94	78	52	27	94	93	72	52	57	44	89	27	13	51	92	85	39	27	69	23	46	91	96	77	76	14	47	60	99	44	98	95	20	23	88	94	55	95	69	99	25	84	76	40	79	15	29	85	64	43	32	26	64	60	33	64	86	91	10	31	82	97	58	92	26	96	47	38	43	32	65	36	91	34	42	47	45	80	26	93	76	19	78	71	100	44	27	37	47	17	28	95	50	22	33	68	55	51	56	26	99	57	63	13	83	89	18	92	92	53	68	96	38	76	75	27	13	99	29	29	84	77	16	26	17	43	93	24	89	78	45	74	50	21	34	99	23	79	26	29	84	63	49	31	40	11	69	86	27	77	81	61	46	44	65	91	69	75	98	82	61	95	83	68	74	58	88	87	40	96	79	63	82	87	36	43	95	89	77	92	28	41	79	43	27	37	12	88	15	15	27	24	80	87	81	97	68	23	43	16	47	61	36	41	53	31	45	46	29	24	16	26	72	47	84	10	51	69	84	38	64	93	70	92	10	41	55	81	17	22	98	43	64	56	37	88	78	37	96	75	34	16	45	85	68	80	58	28	36	65	81	13	98	82	52	72	80	64	29	11	94	19	37	40	29	55	41	81	63	16	60	54	70	62	52	16	50	100	29	56	18	91	52	84	78	68	26	41	72	94	26	93	59	18	30	19	94	50	35	49	37	74	96	19	91	54	87	79	62	52	53	23	56	67	69	23	75	40	51	58	37	54	89	81	16	16	53	86	81
45	62	98	64	31	70	21	15	56	100	31	59	61	22	75	64	43	33	66	45	46	88	79	61	88	40	39	87	87	62	77	93	83	16	93	32	20	98	17	76	58	72	27	94	11	51	41	74	14	37	24	34	61	74	35	91	74	34	91	81	33	28	66	91	15	62	61	70	56	45	27	71	30	47	53	26	88	98	66	46	54	100	42	98	89	67	50	88	95	50	36	71	45	45	65	18	23	31	89	10	41	45	68	62	26	100	67	87	14	69	62	34	41	99	89	17	21	88	69	95	24	98	29	33	82	12	77	89	56	82	39	77	44	15	62	24	70	40	62	23	91	62	19	42	97	64	73	98	89	22	16	21	56	97	48	39	24	36	72	44	57	79	17	68	74	29	71	90	36	32	31	71	44	96	99	15	22	22	42	92	74	91	59	36	92	69	94	58	62	49	62	34	89	87	28	71	29	61	50	27	78	48	44	68	58	31	13	78	28	22	31	70	77	54	99	11	86	91	34	50	24	81	31	10	33	89	10	82	97	28	61	89	72	36	86	88	53	48	85	46	74	49	47	17	53	17	61	74	62	99	35	31	68	71	74	42	54	76	94	66	99	83	32	96	83	35	70	13	81	79	99	11	65	35	30	48	38	17	56	31	60	57	55	86	90	24	56	66	65	76	60	77	66	65	67	29	59	27	66	70	33	32	40	52	97	20	14	56	39	57	81	22	34	51	60	94	13	68	43	34	64	32	90	100	94	68	82	13	94	78	20	77	88	75	98	33	22	96	76	40	23	20	16	91	38	96	58	39	64	81	16	92	87	62	47	76	91	31	59	18	88	14	41	26	87	92	92	36	24	48	37	53	44	11	50	12	57	26	41	22	99	24	49	40	44	37	58	54	85	21	18	68	86	12	56	82	16	24	69	99	93	60	58	38	53	76	14	28	95	48	58	76	39	53	17	91	69	46	88	63	56	93	65	33	13	95	11	63	85	74	76	36	26	50	74	73	58	36	95	84	23	49	12	13	89	43	39	95	78	78	57	62	62	20	35	23	42	48	98	28	45	49	76	44	93	67	80	26	43	75	76	48	40	87	91	47	79	34	71	84	15	71	45	19	45	66	64	91	36	13	62	77	54	12	77	91	38	24	48	63
36	86	34	25	57	46	76	79	95	95	85	29	60	30	72	58	47	47	56	64	63	29	82	57	85	82	78	58	58	61	32	47	82	84	76	13	30	87	94	66	32	12	39	34	75	12	46	79	11	73	79	27	51	93	87	36	51	95	75	32	32	24	53	78	18	53	13	94	18	77	95	70	73	35	40	14	91	89	38	74	86	81	100	41	88	35	68	56	93	60	69	36	80	35	75	18	53	99	22	59	40	66	22	21	39	49	58	22	64	57	91	41	73	64	96	70	76	41	55	69	78	64	97	77	70	63	31	71	91	61	56	22	65	37	46	57	91	26	25	23	98	60	62	24	55	47	57	34	93	18	93	26	100	35	22	37	64	47	80	19	91	63	95	31	22	31	83	43	87	14	24	82	65	70	35	46	86	74	84	86	89	26	21	78	59	62	28	38	71	14	15	50	54	79	27	68	46	14	89	44	55	65	54	88	16	99	60	47	87	24	60	70	22	57	37	64	17	16	86	66	17	32	33	17	21	57	49	83	77	91	53	85	19	34	79	66	44	68	49	61	19	30	39	63	67	42	90	94	91	78	62	96	26	30	73	75	92	37	28	80	76	90	99	16	98	96	52	88	86	90	36	76	43	27	60	24	25	75	19	51	65	39	20	63	69	59	73	88	93	93	100	11	28	61	46	61	89	20	88	11	79	100	14	94	49	78	52	20	64	64	46	64	85	17	60	15	44	23	14	28	19	81	73	19	72	52	80	92	23	25	15	97	84	43	44	82	79	78	99	85	65	62	15	57	21	59	20	44	48	30	84	55	42	97	96	42	76	10	77	16	80	76	14	86	21	99	63	16	49	47	26	72	46	87	58	21	25	32	88	83	79	91	67	96	82	41	99	41	35	77	38	28	87	12	36	79	83	18	54	43	14	86	81	63	28	59	71	23	87	29	94	42	42	50	55	30	99	23	70	88	75	39	13	97	86	35	57	55	13	35	30	74	96	47	63	97	34	44	35	51	11	83	69	82	12	88	53	35	86	94	39	10	60	95	11	61	34	51	69	38	32	38	74	61	63	79	88	38	27	67	99	85	62	77	24	62	35	60	72	63	40	29	66	24	98	97	37	82	18	47	92	86	53	86	61	49	87	50	80	90
17	49	15	52	76	89	47	11	83	31	56	87	99	30	60	54	92	48	91	88	54	49	96	16	76	38	94	77	11	97	96	29	49	44	64	39	54	42	85	45	53	29	68	65	19	53	90	99	62	14	34	93	34	33	50	75	76	60	77	57	21	83	87	51	41	12	65	66	40	68	85	29	77	49	90	16	16	74	89	24	97	17	91	46	46	78	87	56	78	81	38	58	41	51	26	46	86	93	29	46	72	36	20	80	71	23	72	32	83	48	38	17	23	51	95	27	33	23	81	78	100	80	92	86	30	99	51	90	62	94	70	21	43	78	42	57	58	65	90	88	73	60	38	79	81	28	62	80	25	35	23	71	92	78	17	36	51	82	43	34	99	64	60	71	79	48	98	72	64	78	73	24	71	44	50	68	31	83	93	92	33	38	14	38	49	88	84	17	76	44	25	56	11	11	40	50	79	84	99	47	60	58	90	33	34	54	54	77	86	44	76	33	49	50	11	74	76	10	18	90	51	86	88	75	64	49	69	79	83	78	37	52	67	66	27	34	98	31	98	61	96	76	25	72	18	88	23	38	92	73	29	31	82	71	29	70	22	48	42	22	25	77	63	42	99	15	81	73	79	24	43	55	48	16	72	40	56	26	70	53	61	66	57	69	98	38	96	38	59	44	69	99	74	52	18	83	89	100	83	62	48	74	100	40	42	43	16	73	97	27	29	32	66	89	93	96	60	43	91	17	92	50	74	90	99	75	28	53	27	95	16	73	15	45	51	66	14	32	33	20	94	82	15	78	48	30	61	27	69	50	65	55	56	62	81	95	90	73	37	55	60	80	94	92	13	16	22	68	96	81	42	71	94	17	46	65	76	86	24	79	100	93	41	59	44	12	51	40	72	37	73	69	88	11	44	93	49	13	21	89	80	99	97	30	80	44	44	100	66	91	29	26	67	43	73	79	84	55	74	22	81	36	34	93	56	36	81	83	87	38	25	47	52	47	11	68	24	39	18	15	43	27	28	94	89	84	60	69	56	66	95	79	71	28	67	52	48	51	66	75	20	33	29	93	18	29	12	89	34	70	77	33	21	100	53	85	89	56	64	50	66	56	77	91	64	73	48	56	90	21	94	71	34	96	75	60	73	69	39	98
39	79	22	25	76	91	83	26	15	59	62	31	66	86	74	25	59	64	26	78	82	84	26	76	19	70	66	27	45	16	31	94	48	64	62	12	10	40	93	42	79	13	64	45	23	10	77	98	20	37	81	66	41	41	53	80	96	52	18	96	55	23	79	94	88	27	89	15	60	25	78	99	12	97	60	71	34	64	24	90	22	62	36	57	30	20	48	32	54	71	53	24	52	33	93	73	99	69	83	91	73	93	76	93	54	17	21	33	21	76	75	14	81	58	28	23	23	30	31	67	43	73	62	73	27	84	66	79	79	51	21	62	37	93	45	28	67	46	71	65	67	44	21	54	60	67	31	73	86	99	11	43	64	16	73	13	55	43	74	36	11	42	55	96	67	49	69	49	69	14	55	48	15	49	63	13	38	25	12	22	75	80	79	19	32	45	23	21	76	72	15	79	24	82	16	93	81	63	70	66	48	79	35	90	59	39	37	99	87	86	29	96	30	73	72	19	46	43	47	29	21	70	44	76	11	38	22	60	17	82	47	67	95	42	81	76	16	30	24	85	55	38	28	32	59	67	97	53	73	49	48	98	49	57	74	63	56	54	95	35	40	38	95	43	97	48	80	26	29	95	79	46	25	82	79	61	20	62	87	20	69	12	12	48	98	33	68	72	74	90	38	92	73	61	81	29	57	32	53	70	81	87	44	89	93	31	40	74	11	98	63	89	87	35	61	49	74	86	25	77	90	24	33	59	47	93	67	33	16	69	22	72	93	65	54	15	61	65	52	93	97	59	49	38	100	14	43	67	64	78	97	40	20	72	51	29	16	55	73	99	17	46	22	54	35	74	71	17	55	61	76	39	81	51	27	99	69	43	24	65	46	21	31	48	16	98	83	12	63	17	88	56	49	86	97	87	12	79	44	60	78	78	11	75	44	88	95	12	90	82	17	59	22	28	30	27	87	72	43	19	22	93	43	47	60	88	92	51	18	92	39	20	71	84	29	14	66	19	75	51	29	51	99	38	33	53	33	19	60	28	10	17	38	22	64	50	33	36	41	66	79	93	80	54	49	56	28	86	83	74	79	17	80	49	51	44	35	44	56	77	85	50	32	100	36	37	27	26	51	76	47	24	56	16	69	17	79	92	58	40
43	25	47	92	52	92	10	55	87	19	83	12	22	63	22	18	66	90	92	18	71	57	12	38	15	53	87	88	74	95	70	97	67	59	43	19	32	91	80	94	34	64	24	27	38	11	49	80	29	99	95	86	70	34	40	28	60	87	92	83	32	86	18	48	18	39	15	32	80	99	14	98	20	63	59	17	30	26	51	56	43	51	93	78	76	66	16	14	87	72	11	63	80	99	35	87	51	91	94	78	52	24	96	35	73	57	47	71	12	35	43	62	44	78	72	67	42	71	38	66	27	85	54	91	36	70	51	34	50	52	54	98	57	28	71	88	21	54	34	39	38	66	89	86	30	93	12	84	64	77	65	25	74	74	63	93	37	14	11	71	56	51	56	93	27	57	62	22	79	25	98	91	61	23	56	71	27	97	49	84	60	55	94	46	46	95	95	93	97	54	52	87	11	54	20	15	53	81	66	11	10	15	70	21	47	41	19	71	97	32	17	83	26	39	48	81	26	34	11	51	52	34	37	34	24	22	75	29	16	39	44	18	55	35	87	60	58	94	100	38	75	23	43	19	73	11	38	77	33	75	22	90	37	97	50	67	83	29	19	23	81	56	81	30	75	47	65	93	16	14	42	96	93	22	36	48	85	21	40	17	42	88	53	58	42	35	70	23	63	48	83	41	41	18	72	54	23	82	87	27	18	50	17	89	28	20	85	37	87	34	83	27	32	57	73	26	33	43	10	36	98	93	58	30	50	22	18	12	26	43	14	42	81	33	21	96	91	60	92	53	72	17	15	55	76	29	74	67	23	92	49	64	20	31	73	36	20	40	38	45	30	45	55	97	80	84	66	55	54	29	17	29	55	93	41	61	15	11	40	93	18	81	27	10	80	63	47	38	80	10	20	96	99	63	75	31	33	45	12	68	82	31	63	28	49	43	38	44	45	33	78	44	69	19	31	96	44	22	62	83	77	86	61	83	39	76	32	71	95	47	96	25	100	23	18	48	86	85	42	46	50	41	94	68	36	46	88	58	49	84	94	67	69	31	93	36	55	51	99	56	90	93	42	24	87	85	62	73	52	74	100	12	22	79	96	92	16	60	21	25	41	26	62	73	35	21	24	40	89	60	78	35	32	24	77	18	51	84	65	92
73	41	56	79	38	46	11	15	45	92	16	12	64	78	40	18	10	78	37	24	11	94	60	71	21	12	62	59	74	67	44	68	92	25	32	79	81	90	53	21	77	45	33	94	99	44	29	38	90	50	92	61	78	43	60	100	16	84	90	14	58	48	57	91	66	55	69	64	43	99	49	36	79	21	16	50	76	85	48	13	60	97	16	46	34	28	18	27	48	49	79	47	50	51	47	89	66	16	14	18	48	56	48	56	68	50	94	65	56	70	86	89	72	70	86	25	39	27	58	68	69	73	89	20	43	72	83	54	16	93	19	52	78	59	65	86	87	44	54	14	18	55	17	55	92	44	28	87	61	34	81	63	31	52	73	87	30	100	85	73	87	71	78	88	87	21	19	13	33	10	39	23	70	83	57	83	12	36	25	34	98	90	25	13	49	74	31	84	35	88	54	55	44	82	88	75	15	59	52	55	13	19	97	36	99	26	59	50	69	29	94	55	61	49	49	69	63	63	34	58	97	72	62	91	70	25	37	98	14	11	52	40	46	13	48	42	32	64	20	35	17	13	40	43	59	17	45	21	95	53	76	83	56	71	17	58	28	23	28	62	38	27	10	68	54	25	41	41	100	78	96	11	99	23	80	13	17	55	26	73	57	97	32	52	81	86	50	45	18	29	20	26	46	87	53	51	74	26	100	93	54	78	55	83	33	69	66	31	33	85	35	12	99	25	10	87	89	93	19	39	97	44	72	57	80	53	97	33	82	15	40	34	78	77	82	77	11	31	87	88	34	72	80	70	61	33	74	89	73	20	75	71	19	40	40	16	81	39	40	92	13	82	51	34	58	94	25	18	82	71	60	84	89	26	49	44	56	88	91	17	66	19	96	94	39	57	13	38	50	41	88	80	88	74	20	93	30	45	42	62	28	41	12	93	70	46	79	36	25	60	20	91	58	83	11	35	15	51	40	90	31	26	61	25	72	72	57	32	58	70	54	17	70	54	23	61	82	34	37	82	16	14	77	54	42	72	51	70	80	18	29	20	45	46	91	79	40	90	27	41	93	17	68	79	79	92	57	65	87	21	64	83	47	27	38	56	40	26	76	28	37	29	77	14	18	48	98	46	88	54	98	49	48	80	25	44	42	79	12	78
23	43	34	83	46	73	18	23	37	19	47	31	23	79	87	38	37	96	98	36	16	20	33	25	48	19	87	43	74	29	43	19	100	78	67	23	75	34	17	40	54	30	58	54	92	82	19	99	36	74	14	27	90	52	61	28	71	84	53	90	79	35	58	48	99	24	16	52	59	73	88	54	33	57	13	14	83	12	60	20	93	48	64	19	36	16	41	40	85	42	17	14	12	31	88	21	63	89	51	90	55	76	77	100	28	26	23	30	58	51	21	61	56	68	94	40	60	87	66	46	22	15	35	40	87	96	36	48	75	84	33	17	79	84	32	75	70	67	52	37	74	88	63	70	54	65	32	20	22	57	18	82	26	36	85	42	27	12	89	82	94	74	62	93	44	35	10	62	37	99	12	90	75	71	63	56	19	13	51	69	97	42	72	13	37	60	65	97	69	51	21	42	12	34	69	99	56	69	21	48	77	51	20	28	61	33	82	12	56	57	74	17	45	83	67	20	23	36	91	40	26	91	59	45	72	46	86	28	24	50	33	93	43	97	25	55	46	77	66	31	22	41	97	98	14	22	20	56	95	60	17	78	26	14	23	35	37	58	74	78	17	37	71	81	69	80	84	29	27	71	100	90	48	28	74	55	74	14	68	26	22	71	36	22	75	58	25	28	61	50	12	83	55	13	84	83	71	60	32	91	27	40	52	83	62	98	96	15	45	52	35	11	99	94	30	41	67	63	67	46	26	65	12	62	17	28	81	55	69	95	17	41	28	25	96	86	62	72	17	62	65	45	51	12	17	57	58	43	58	96	63	90	51	27	16	89	89	68	15	15	64	79	60	75	36	23	52	46	36	44	38	27	49	24	68	82	54	84	45	84	53	100	100	39	45	46	37	34	81	57	93	45	50	12	25	14	32	56	61	13	93	20	51	97	21	71	68	50	26	50	54	92	44	35	15	63	93	47	62	19	80	89	86	35	15	74	87	75	61	75	82	22	48	17	18	20	15	11	33	90	95	15	38	67	38	74	98	30	50	44	42	46	30	31	53	80	50	89	52	72	80	18	44	57	56	27	58	24	29	65	29	12	39	97	97	66	72	51	89	54	70	71	81	94	21	96	55	36	12	34	29	39	17	74	15	63	31	80	71	39
33	49	53	68	89	74	52	93	85	59	82	95	24	19	50	56	98	19	100	49	92	52	73	50	65	63	14	77	13	34	44	61	99	44	26	44	73	47	92	81	93	74	14	30	54	98	11	43	93	76	99	30	78	11	35	39	38	11	43	53	54	59	94	78	68	72	28	84	45	44	46	17	81	42	79	68	68	71	45	83	68	96	24	34	60	29	45	93	77	25	93	54	80	71	87	86	65	35	92	66	52	50	29	14	18	68	53	88	70	74	56	53	69	21	11	92	83	36	91	31	93	37	62	61	79	22	58	72	21	19	49	84	35	26	49	72	19	72	95	35	46	16	70	89	38	82	33	82	24	56	53	17	22	45	22	45	94	94	38	72	17	70	50	34	56	27	31	81	19	70	59	91	90	70	25	36	57	92	76	71	21	82	87	13	81	93	79	80	71	39	48	72	83	31	15	54	24	25	99	51	33	36	25	71	26	63	42	57	41	34	59	43	58	89	67	92	29	59	21	70	76	71	96	50	53	24	78	60	77	36	70	99	68	68	83	35	10	67	71	54	63	64	99	81	53	80	13	31	47	46	61	61	19	74	51	53	35	39	72	24	24	33	33	47	67	33	89	53	17	11	68	50	81	29	61	30	75	61	37	88	41	65	54	17	24	73	14	99	50	93	69	53	71	93	25	52	23	30	38	66	20	59	39	75	18	44	86	93	84	79	81	72	93	94	85	17	40	46	14	63	98	68	23	21	13	91	19	12	89	80	30	32	45	38	32	63	64	11	70	49	90	79	64	42	31	88	59	74	24	47	60	20	86	73	66	51	41	48	17	17	73	51	99	39	80	68	72	39	97	48	18	11	41	51	36	71	94	91	20	87	90	59	66	63	59	26	23	57	47	18	83	85	79	21	82	15	19	44	96	25	43	20	99	38	37	14	20	23	36	43	31	28	36	98	62	82	29	95	85	49	98	76	59	26	56	62	90	76	76	82	63	40	50	39	54	76	94	12	55	96	11	13	31	63	12	73	82	79	20	80	88	96	16	32	92	20	16	78	38	39	92	17	28	95	53	89	71	55	50	37	53	79	49	34	84	35	85	80	86	77	85	44	69	42	22	91	85	17	50	79	59	61	29	43	55	75	26	63	25	65
91	92	72	29	65	99	56	40	93	19	69	30	41	63	47	13	55	98	13	62	70	40	54	75	44	61	76	40	98	33	21	74	44	15	43	30	99	53	24	28	33	64	71	75	93	96	99	20	52	44	32	64	71	22	100	56	69	54	43	29	36	55	52	16	46	17	28	76	13	31	39	80	73	12	99	16	34	66	25	15	76	99	30	58	51	49	38	48	49	22	36	61	28	14	55	42	68	82	31	52	43	68	99	71	26	51	95	86	51	44	25	90	66	91	48	87	63	89	56	76	11	57	62	55	86	50	22	41	90	20	42	68	31	76	79	46	38	74	75	80	82	27	25	39	34	33	13	47	50	60	61	48	23	44	94	63	44	96	48	84	37	18	20	39	29	60	70	61	42	34	33	79	56	99	59	23	79	29	54	54	43	16	51	18	55	98	34	66	76	52	42	72	26	66	87	32	82	48	28	16	99	39	99	35	56	13	91	62	92	76	79	36	21	96	92	48	66	27	97	38	71	56	82	73	94	35	61	56	58	95	20	55	60	75	34	99	89	45	82	70	47	53	97	69	32	74	62	92	40	22	33	71	74	82	51	58	78	42	95	19	37	39	45	32	65	43	15	80	34	15	88	40	57	22	40	40	50	94	26	15	52	57	62	86	45	54	19	22	89	95	44	91	52	93	98	40	83	83	15	82	78	50	65	42	31	30	34	14	40	46	42	57	91	81	90	22	15	73	61	16	99	86	54	41	62	11	48	56	68	88	56	73	35	70	13	56	60	89	49	29	86	50	43	76	50	51	99	52	74	86	23	95	52	27	42	37	49	57	52	50	74	94	43	16	45	39	28	27	98	74	77	98	40	16	77	34	22	44	71	18	17	82	19	94	16	22	86	44	70	14	66	15	23	56	46	27	34	92	62	97	60	66	68	57	58	60	24	14	68	74	17	24	41	11	47	98	79	45	21	16	99	91	65	22	43	25	31	80	13	19	78	69	49	64	12	50	66	32	33	23	75	29	64	47	58	17	48	99	51	70	43	25	32	44	32	42	19	82	37	55	76	15	60	14	71	30	46	41	45	19	25	15	30	81	59	88	78	29	28	77	33	31	93	100	69	57	93	18	42	33	66	52	38	74	87	12	40	46	50	53
76	68	45	49	31	93	88	55	78	59	66	84	44	18	45	41	50	66	43	68	11	97	67	92	54	40	16	40	57	79	87	31	67	32	98	85	83	55	99	55	90	65	69	17	67	96	36	41	70	53	86	29	34	46	16	38	98	98	56	48	88	48	14	39	21	82	41	67	24	21	45	53	38	40	12	61	27	74	40	57	62	15	90	81	60	47	51	33	88	51	13	27	39	81	80	49	81	64	96	69	36	99	37	30	94	22	50	35	92	36	73	31	87	93	94	51	41	62	57	73	33	82	15	69	20	64	60	51	24	77	34	18	83	17	55	60	96	59	54	53	62	17	83	79	83	37	32	33	86	46	72	84	32	75	86	16	63	65	100	13	41	24	12	24	20	17	99	45	28	76	99	52	78	22	54	47	38	74	10	99	42	25	58	82	14	71	23	46	70	67	84	20	24	43	64	29	60	83	22	15	63	47	32	55	72	48	25	50	84	91	69	69	62	52	59	51	99	40	37	12	53	25	25	34	17	92	99	53	24	31	28	34	98	86	41	87	40	96	91	76	57	62	34	92	89	52	99	43	11	45	71	80	43	56	40	68	26	60	19	35	11	37	22	91	61	30	97	12	26	20	48	92	95	24	25	95	80	31	28	23	77	90	35	88	43	70	47	46	55	54	47	37	93	59	23	19	36	13	69	83	39	83	83	94	10	40	72	53	80	27	14	74	64	21	50	91	90	97	47	38	100	73	59	68	81	81	20	54	49	56	18	71	93	24	35	73	41	31	96	84	97	98	50	95	35	75	70	51	34	36	10	96	72	92	20	36	71	21	61	39	37	74	40	25	16	63	70	68	55	24	26	32	64	41	59	52	82	11	72	74	71	98	31	56	64	73	86	94	60	11	36	53	25	24	75	15	59	26	33	60	17	23	89	53	27	46	84	99	54	54	15	89	21	65	15	29	72	48	25	67	37	90	33	81	72	28	81	27	49	85	27	20	89	11	48	85	60	30	12	97	21	19	26	33	91	91	74	37	52	93	33	92	88	55	29	83	68	27	33	54	89	67	65	82	45	66	26	69	95	51	15	25	58	90	78	53	65	29	74	76	88	63	23	12	49	74	45	74	63	52	35	17	15	86	69	11	60	13	25	11
16	46	81	91	82	42	30	80	10	35	93	92	58	92	97	10	80	83	21	80	84	10	95	14	81	12	21	64	43	84	73	79	84	88	49	37	67	27	18	26	68	36	63	73	16	41	81	37	63	21	50	54	21	94	64	88	74	40	53	89	87	89	42	64	98	36	24	71	57	84	93	92	84	75	34	23	52	85	96	10	96	58	31	56	44	58	68	37	31	17	27	74	74	15	34	59	42	33	19	98	23	61	71	35	27	64	33	17	94	34	70	86	64	22	73	80	66	66	79	79	65	60	57	71	74	96	80	95	66	36	71	22	11	68	41	51	51	69	29	59	77	55	20	62	93	73	51	60	51	38	32	34	18	64	73	24	18	92	32	35	86	28	31	31	27	87	74	98	54	25	86	23	14	59	100	55	17	17	58	68	43	45	80	42	32	13	99	35	65	67	36	80	14	29	55	55	84	34	15	70	98	52	30	98	99	28	67	85	31	13	84	98	71	63	86	83	26	57	93	98	18	29	94	71	93	20	15	41	88	78	30	69	66	98	59	93	64	43	75	74	40	27	31	98	52	32	91	36	69	96	99	15	42	13	22	13	31	77	38	39	39	21	87	79	52	73	84	99	29	48	19	13	46	99	62	28	40	81	74	13	31	41	82	69	32	58	73	48	19	87	17	39	20	24	44	38	68	22	12	84	76	29	77	98	90	61	74	56	21	65	84	58	55	97	60	53	41	78	45	49	38	60	73	79	55	29	20	30	16	80	51	67	24	86	97	13	27	65	36	13	89	42	13	21	25	88	31	83	64	38	64	83	94	87	37	65	90	57	37	69	35	96	44	14	34	86	84	81	48	77	26	48	85	57	37	71	82	58	54	51	80	86	86	81	71	76	54	21	24	65	16	63	48	98	27	14	35	30	38	49	63	44	47	46	28	62	96	89	67	61	81	39	79	64	58	89	81	14	48	29	66	86	75	31	83	34	12	84	60	68	85	40	26	72	86	43	67	58	21	40	29	34	58	21	67	45	82	63	66	96	36	43	15	87	96	50	58	28	19	43	34	32	67	41	69	14	36	80	35	14	20	50	71	23	81	90	77	86	86	11	13	62	95	67	17	62	76	98	18	36	93	95	66	62	28	59	78	31	57	32
29	72	82	10	11	64	48	37	66	27	45	39	43	82	79	66	98	66	74	58	44	97	14	14	33	23	54	95	20	11	38	61	26	25	36	76	69	60	76	25	80	75	96	52	44	84	65	78	80	32	72	50	79	72	28	67	80	29	97	28	94	85	94	67	24	45	62	91	36	88	24	67	41	71	60	53	96	94	31	12	87	28	37	66	14	63	47	27	63	59	46	80	81	48	39	12	49	46	33	63	75	69	93	45	34	99	32	68	83	100	81	95	59	24	73	37	39	30	31	50	89	53	65	51	26	32	70	84	97	31	23	70	76	46	85	77	14	60	93	12	37	29	27	19	52	94	27	94	46	47	95	85	66	13	13	83	76	67	74	53	43	59	34	18	48	69	73	99	55	56	43	90	94	27	30	74	67	21	21	63	70	82	16	73	89	32	71	85	85	76	34	11	53	15	27	15	52	13	43	56	16	44	50	11	43	29	56	98	31	74	20	55	43	44	40	29	47	87	58	87	74	93	28	69	100	44	95	84	32	85	86	37	88	77	96	86	45	66	65	76	79	39	33	48	18	69	57	27	78	90	67	50	45	75	22	63	71	13	84	13	95	90	69	93	78	45	53	78	76	63	88	77	93	40	13	47	20	13	69	12	48	48	20	85	55	28	79	18	17	54	75	30	63	66	56	73	75	72	97	44	66	32	73	50	71	26	67	34	97	32	44	38	15	53	21	60	25	51	16	35	20	90	99	53	82	22	51	31	88	91	18	35	42	74	53	14	13	57	52	36	79	63	44	95	25	85	24	67	92	38	14	39	31	12	14	95	52	98	31	65	73	65	65	53	23	39	54	16	60	16	94	36	80	18	35	35	56	32	39	58	70	21	83	81	40	23	60	45	91	23	47	87	12	83	85	13	69	80	65	13	61	51	30	94	13	57	95	40	51	85	10	34	67	99	24	88	69	91	23	57	90	95	91	39	37	33	82	13	11	60	88	17	59	89	47	36	13	94	78	95	93	11	79	67	18	92	12	72	80	60	62	18	96	23	11	48	48	75	77	34	26	97	79	71	33	60	57	43	64	92	60	81	40	86	43	69	87	90	28	87	47	64	94	80	40	75	55	74	82	24	28	11	19	39	16	13	58	88	33	34
62	59	12	17	77	64	84	93	35	52	90	20	69	17	46	32	58	77	81	51	67	62	18	50	46	53	22	27	61	17	45	22	44	41	24	42	18	81	27	60	56	11	67	93	86	64	55	81	62	21	71	21	68	43	93	77	61	49	43	87	85	33	24	80	72	67	88	25	73	18	24	27	93	27	83	19	98	66	25	100	90	13	49	89	75	75	11	14	76	13	78	77	33	99	30	54	87	49	65	55	43	95	25	80	58	95	46	34	33	73	99	73	20	32	43	32	57	31	71	62	20	19	35	57	99	64	97	15	61	43	48	82	79	59	64	94	63	78	44	51	43	65	26	70	92	88	93	12	86	82	32	47	19	62	42	67	34	14	98	45	63	78	55	89	62	28	20	32	12	58	89	47	82	35	88	47	90	72	13	72	25	28	35	78	31	54	74	19	11	23	95	84	92	60	36	91	21	50	70	53	31	45	14	16	25	39	42	82	11	20	67	52	45	62	60	61	57	95	46	98	46	33	16	40	50	65	66	28	28	19	23	78	39	36	39	35	57	30	62	93	22	47	26	95	53	30	60	35	55	75	23	50	36	62	70	65	13	18	88	88	58	46	19	29	15	59	49	21	30	76	43	25	91	66	80	60	70	23	61	96	85	48	35	90	11	46	15	34	51	39	13	88	44	71	82	48	81	68	40	96	52	30	78	45	33	12	85	69	80	72	45	40	76	12	43	72	89	91	50	98	31	95	64	45	89	71	76	84	77	79	49	80	90	20	68	15	51	15	39	38	37	84	53	54	80	62	43	22	83	14	13	44	66	66	67	76	36	73	40	63	68	48	47	33	93	30	92	58	34	17	76	93	53	83	19	19	37	19	70	27	17	84	42	89	28	23	12	18	71	91	28	65	45	56	60	17	45	56	32	35	82	85	14	98	42	46	15	38	76	45	44	89	29	75	98	93	97	84	35	60	31	37	28	35	80	85	64	97	31	38	13	97	79	95	86	53	36	73	29	39	78	38	71	25	71	89	37	58	77	88	49	38	42	38	14	58	91	74	19	82	67	49	82	69	49	25	25	79	90	85	23	65	26	81	28	35	62	18	71	61	36	57	76	70	24	74	57	28	81	76	41	51	17	29	77	48	30	38	49	98
61	25	31	22	27	39	56	34	40	93	48	95	47	77	37	88	42	21	74	46	92	10	99	14	84	77	82	13	82	53	45	73	83	61	44	43	64	75	59	95	62	39	78	30	57	60	63	94	67	12	88	54	16	56	34	46	97	47	96	17	36	21	43	77	33	38	21	78	74	27	67	83	76	93	76	70	15	34	83	61	48	53	34	85	65	87	44	93	59	33	26	51	49	38	80	80	20	55	62	30	73	53	67	68	48	50	56	58	27	64	99	64	39	95	95	80	95	32	37	51	42	87	45	79	62	54	35	24	86	27	56	83	99	92	13	71	27	83	72	98	97	86	15	27	98	64	21	10	95	64	47	77	21	11	27	20	39	34	97	79	34	90	76	56	69	78	96	95	62	23	96	95	24	45	99	73	25	17	76	92	34	65	64	90	63	50	16	79	89	26	25	14	41	39	79	65	92	63	37	70	67	50	24	51	19	61	33	92	98	76	76	74	52	58	87	14	74	73	21	34	87	89	23	45	93	15	38	55	22	67	17	51	74	26	41	16	77	12	90	24	15	74	54	87	65	97	85	96	87	42	48	79	83	62	53	30	91	65	18	97	78	60	14	58	29	27	48	74	45	31	17	80	18	35	65	52	49	25	59	41	70	22	38	69	31	95	20	64	68	23	22	45	62	72	28	81	25	80	75	26	92	47	30	12	89	67	60	48	77	96	75	48	26	64	88	36	75	37	39	46	100	32	79	92	51	58	74	89	32	47	32	59	39	75	43	44	58	15	62	42	91	68	82	98	74	66	84	11	15	20	92	36	26	62	65	22	63	18	44	53	97	75	84	58	46	57	79	76	22	61	93	94	86	57	32	51	15	81	83	20	33	59	23	34	14	49	25	10	17	17	27	57	26	92	70	90	81	91	25	69	89	27	15	52	50	78	12	21	39	81	96	89	84	59	51	11	74	74	13	48	23	25	47	50	15	23	14	37	56	49	30	73	31	44	19	38	16	96	85	82	97	39	28	71	82	17	33	79	68	89	18	22	88	93	46	38	51	67	26	26	11	18	51	11	75	79	12	16	52	33	92	77	77	82	93	79	29	16	19	75	30	50	34	37	28	29	75	11	43	61	58	53	99	65	76	11	16	46	83	74
35	58	72	17	99	68	56	35	24	40	16	66	44	17	41	44	10	93	26	82	35	59	27	15	91	22	91	73	72	56	34	82	12	41	25	27	92	95	95	41	25	58	20	49	50	33	98	42	44	34	58	58	16	57	15	58	84	71	55	45	37	25	47	27	89	11	79	97	11	22	79	40	94	32	68	49	23	28	19	31	74	99	16	64	20	77	95	92	53	25	40	47	15	92	23	17	51	17	90	65	39	71	35	45	51	14	95	20	97	24	53	97	23	41	16	18	74	83	45	24	56	36	82	93	98	72	98	62	44	38	47	87	99	64	72	20	85	38	44	69	88	27	28	92	62	27	61	72	96	91	39	33	29	23	15	27	12	98	68	33	34	48	22	39	83	62	20	49	75	96	39	98	58	97	22	57	50	20	86	86	11	54	51	99	90	36	27	45	72	28	59	27	45	35	31	60	36	36	54	23	84	14	18	37	17	54	79	86	64	17	75	32	79	96	14	56	28	17	97	75	26	93	40	31	64	50	54	41	52	48	56	48	43	34	18	44	58	43	31	51	97	87	31	20	24	22	72	35	78	57	49	48	24	39	66	23	73	41	12	32	42	79	20	83	79	55	35	51	28	20	49	71	14	14	59	62	29	21	20	66	37	96	37	10	98	71	90	35	95	81	96	20	99	58	63	92	62	21	71	11	32	89	88	99	27	96	58	60	65	70	98	97	72	69	63	41	29	51	44	52	77	31	81	90	98	23	28	37	74	88	28	77	39	30	86	72	21	91	66	61	20	78	50	90	31	82	46	88	80	68	14	66	44	62	78	68	62	72	61	11	57	90	46	77	89	18	71	76	93	49	98	59	100	85	76	69	38	52	56	19	44	34	18	77	41	27	65	43	55	20	72	61	49	75	89	94	15	68	48	27	50	31	44	90	19	46	27	64	99	21	48	18	15	98	21	39	24	64	71	68	68	25	68	26	70	77	53	97	64	77	69	52	96	66	24	15	91	61	41	67	33	51	86	35	77	40	58	77	73	74	20	12	44	40	41	11	85	71	40	52	79	67	44	29	61	66	11	90	41	98	91	31	74	52	76	19	27	93	39	73	39	65	10	66	94	99	87	64	18	44	85	42	96	24	51	69	14	70	43	30
89	85	55	53	72	59	87	94	77	48	13	74	39	73	11	69	74	36	22	37	82	69	46	33	13	37	14	19	80	58	95	32	66	59	82	78	40	10	22	58	100	77	14	67	97	55	62	12	11	44	36	35	59	43	69	93	95	52	52	34	90	89	46	55	73	36	55	62	47	10	79	87	11	75	98	85	16	28	49	35	90	28	33	34	86	11	80	79	37	65	14	67	96	91	59	95	70	59	93	71	30	68	65	21	70	17	53	31	82	62	29	65	79	30	31	78	23	51	39	15	37	71	14	20	11	36	39	70	75	20	22	55	64	78	14	72	89	93	82	24	73	26	74	37	18	83	12	54	31	59	25	30	52	95	60	40	59	56	34	72	93	71	15	92	14	95	56	70	84	100	89	16	47	55	88	16	54	31	19	35	80	14	21	17	48	87	98	69	40	44	37	36	58	18	10	60	12	69	26	47	56	71	66	52	28	54	31	75	17	95	85	30	32	21	86	34	82	26	69	21	68	95	39	20	45	82	66	46	53	62	22	71	29	22	93	41	14	60	92	88	41	55	48	82	62	86	70	66	21	28	49	70	67	70	83	14	13	51	35	56	49	47	90	81	65	45	33	73	78	94	15	30	22	12	71	12	53	17	87	47	53	89	55	62	37	52	94	70	13	82	52	54	59	26	72	83	26	94	98	25	76	45	44	95	70	21	60	31	72	81	66	37	68	38	18	68	34	88	39	25	49	64	64	55	22	17	46	81	30	55	43	13	100	67	29	51	30	13	43	94	26	11	76	43	92	51	48	48	31	32	13	40	15	83	22	59	97	56	76	79	11	14	29	20	85	58	78	58	36	50	40	37	26	54	79	74	51	36	16	32	20	80	94	15	58	53	42	98	78	83	27	42	25	69	47	65	91	33	77	32	94	33	39	57	98	33	64	62	14	46	73	84	68	91	22	31	81	51	32	92	92	74	16	95	89	95	25	73	81	37	60	25	49	80	61	17	27	34	97	70	52	33	71	26	15	16	67	76	15	76	81	56	66	88	15	93	84	60	49	79	24	94	10	68	66	32	81	76	82	99	12	86	23	41	65	17	83	55	96	66	55	60	79	80	78	29	37	22	45	21	25	72	59	47	21	87	60	60	52	19
38	99	94	57	92	68	60	69	37	62	62	18	66	45	97	89	43	15	70	79	32	42	82	79	46	81	97	42	58	37	79	77	49	35	57	92	19	41	19	19	70	65	83	22	54	97	64	86	17	39	59	56	34	86	97	72	43	97	93	87	71	33	70	42	21	14	88	65	68	40	60	88	80	78	95	49	85	12	13	37	17	15	84	95	84	70	96	11	98	51	76	59	61	20	25	10	47	100	25	38	95	44	78	17	97	29	25	96	74	63	75	63	57	61	48	79	39	83	28	82	89	49	44	41	47	90	50	39	83	45	26	78	90	56	57	39	15	14	25	79	23	13	13	72	25	34	65	96	82	67	68	79	93	11	88	86	88	66	38	48	35	55	100	84	30	22	50	15	21	37	48	35	21	43	90	47	20	62	56	85	81	34	14	80	95	58	52	73	70	90	92	10	31	78	58	40	84	77	37	67	68	91	30	12	79	26	91	42	43	31	46	74	39	84	24	12	19	21	27	67	52	29	97	77	36	98	82	47	96	86	85	41	71	84	87	34	71	67	63	26	73	56	64	82	54	74	25	96	100	44	19	13	74	49	14	94	81	99	21	79	52	58	33	33	30	18	71	43	39	18	16	37	74	79	67	14	87	84	51	43	12	91	40	93	85	11	49	24	80	94	55	23	30	88	72	23	88	82	34	15	15	41	62	91	69	78	73	80	80	16	49	55	24	63	97	42	100	56	16	57	64	64	66	29	64	75	91	24	50	87	70	70	33	47	79	14	81	93	14	43	29	69	17	74	85	53	16	56	32	46	80	87	12	64	45	29	41	81	37	29	69	93	69	84	11	98	24	67	29	11	32	11	11	44	48	96	37	91	22	52	26	15	67	18	34	97	71	91	17	71	16	95	63	59	66	68	65	88	80	55	29	41	94	88	37	93	49	26	92	22	90	28	64	39	29	19	68	63	95	46	75	19	29	16	82	93	44	37	15	64	46	72	30	76	40	18	41	51	12	51	87	74	10	13	86	92	58	29	18	46	66	70	70	10	16	34	91	26	87	88	27	45	85	23	65	48	23	48	76	50	16	39	88	59	48	71	46	99	69	48	55	79	42	89	25	41	45	81	46	63	44	50	63	46	58	35	42	61	95	75
87	88	22	26	57	53	13	88	70	56	87	95	75	93	89	64	66	28	96	81	94	41	72	55	50	94	68	59	59	69	68	39	44	34	67	94	88	56	20	37	26	16	65	80	80	89	68	49	12	80	84	34	59	26	18	22	48	30	12	93	77	12	84	36	37	53	52	13	21	91	81	98	94	71	72	79	92	61	93	57	92	30	35	25	52	90	64	14	67	87	16	22	15	87	95	89	22	35	68	63	31	28	35	97	78	77	62	77	21	63	49	28	52	24	86	17	26	38	94	37	45	88	44	68	16	74	94	55	69	90	85	18	75	48	19	61	32	91	59	27	84	69	11	34	70	61	58	31	33	26	94	44	52	16	45	47	96	42	11	73	59	52	73	54	49	100	46	94	57	66	59	74	12	92	32	21	84	99	66	78	38	76	94	44	61	17	28	19	35	69	66	44	34	90	97	61	99	96	25	87	11	30	33	41	72	26	55	24	60	45	46	29	41	92	91	75	70	27	43	63	39	48	61	70	16	66	33	76	27	87	20	87	79	88	81	95	14	95	54	14	99	47	63	15	54	39	25	70	63	68	20	92	94	53	23	42	63	41	63	12	18	72	55	39	88	86	37	33	23	71	25	58	29	16	72	48	11	81	15	100	50	98	44	62	49	62	30	45	88	25	58	78	26	38	67	44	86	18	12	15	36	82	29	77	14	28	37	26	60	68	48	75	13	19	83	67	83	65	14	50	30	90	82	20	14	63	99	21	70	34	37	87	44	22	40	82	90	26	13	11	45	50	98	20	95	44	46	56	66	58	70	97	93	51	83	94	45	31	13	76	42	18	58	38	59	83	67	10	87	47	43	51	93	68	60	51	11	84	65	75	41	26	95	21	71	20	80	41	73	54	59	55	49	95	38	23	80	84	14	38	94	92	32	23	75	71	76	77	31	32	92	52	23	27	17	32	58	10	69	77	64	62	55	43	10	31	39	12	53	69	50	34	47	44	26	28	91	29	43	21	32	48	88	90	21	31	93	98	29	27	88	27	27	83	19	99	53	56	65	93	46	46	67	43	17	77	69	58	85	94	32	86	73	79	91	36	47	40	98	63	30	55	56	61	53	82	65	41	71	98	78	18	76	26	50	96	14	13	31	53
43	99	18	90	20	31	44	24	29	94	57	78	88	39	32	58	60	86	89	28	54	57	79	80	11	93	16	84	60	96	20	15	45	23	15	84	13	66	35	90	64	58	44	32	46	79	18	27	42	10	38	89	17	27	75	66	82	96	30	19	10	77	26	81	28	17	43	35	12	73	17	81	30	43	73	57	98	99	82	35	11	24	53	21	87	11	47	22	72	60	18	24	11	80	22	11	36	77	14	75	68	30	87	51	59	71	44	72	11	18	50	17	71	52	16	54	52	69	63	13	24	80	67	64	87	65	87	64	18	62	81	72	33	94	50	54	35	44	95	45	15	84	99	35	64	46	92	50	46	54	13	73	27	90	37	36	83	92	14	12	49	90	82	21	68	59	26	30	94	30	39	82	18	49	46	99	61	93	18	94	81	92	94	77	13	51	47	24	32	51	36	98	96	40	73	22	52	68	60	12	32	40	98	74	27	62	21	74	68	53	78	71	99	75	20	89	73	54	51	14	99	22	64	69	57	38	38	24	40	52	66	41	48	45	12	72	33	58	18	72	69	26	84	37	76	18	91	11	35	13	82	44	16	89	38	50	86	44	98	52	92	74	72	90	81	13	25	68	94	12	90	70	17	85	30	56	37	89	100	77	27	60	89	80	30	76	73	12	44	89	65	68	90	94	86	52	30	66	20	68	95	20	73	51	48	90	14	57	51	13	19	75	64	19	16	94	81	57	40	29	51	78	85	63	26	72	80	39	35	11	98	14	32	23	60	62	73	57	16	97	83	85	72	66	91	47	69	74	80	83	37	23	44	37	66	83	30	30	39	67	75	70	37	10	72	74	63	41	46	66	83	35	52	35	22	26	92	30	22	82	97	74	48	87	37	100	95	53	78	91	55	74	54	70	23	24	18	21	13	52	14	25	37	64	23	46	52	17	65	56	74	61	85	100	67	59	94	11	12	78	48	46	52	54	56	39	52	48	58	60	75	61	71	95	31	90	31	57	44	47	49	33	70	91	79	45	99	90	49	36	74	32	93	23	76	92	77	45	99	72	47	29	11	51	75	44	15	37	19	78	18	32	62	47	88	68	48	31	21	48	89	29	85	50	68	60	69	63	88	72	51	86	70	92	76	77	70	50	16	87
28	57	32	47	76	83	79	43	57	90	45	39	48	28	78	43	32	95	17	28	73	86	19	25	45	50	52	36	49	51	49	45	49	94	80	83	70	50	41	36	56	26	44	83	72	75	64	29	90	25	46	49	71	99	21	33	60	76	21	41	77	71	14	99	85	79	28	97	73	50	79	27	59	41	85	39	29	54	61	33	75	82	37	91	46	50	92	34	46	43	24	58	37	29	81	27	28	58	71	88	40	13	69	12	46	80	19	82	27	36	26	85	60	15	32	68	44	65	24	57	46	48	36	14	95	36	83	32	32	44	30	80	68	96	68	14	100	39	47	60	56	83	92	43	43	81	78	95	95	72	51	30	22	74	43	55	32	32	44	90	86	34	94	30	78	92	84	36	40	76	63	12	38	15	41	53	76	61	17	51	59	54	74	97	93	75	63	43	38	17	78	16	75	29	51	68	81	84	40	45	23	35	79	46	31	81	30	81	38	10	58	71	78	17	33	22	100	44	45	31	51	56	65	88	11	36	16	93	30	37	88	29	76	90	48	60	58	93	24	61	34	65	74	59	21	95	35	13	20	28	34	13	68	57	16	21	96	18	61	72	85	81	31	13	20	50	28	96	74	73	78	42	41	37	37	54	14	35	74	79	43	68	23	97	26	20	52	12	55	53	96	19	26	20	66	92	34	32	45	90	79	15	68	73	35	48	31	65	39	20	34	87	69	35	45	19	40	33	99	25	46	39	24	100	68	64	24	63	69	49	75	82	10	73	100	29	58	33	72	12	81	75	94	72	78	41	90	27	60	11	11	43	64	34	86	93	84	97	69	78	65	99	46	69	52	15	94	60	54	40	85	22	34	22	79	84	13	79	41	64	10	45	75	79	44	52	75	30	33	22	35	50	27	72	51	49	38	67	37	56	15	31	29	55	26	23	95	14	94	56	97	55	54	68	58	80	32	28	23	76	75	19	98	18	52	38	39	65	58	51	84	64	27	71	90	15	14	35	71	85	81	26	26	94	32	35	70	84	84	59	29	76	96	55	66	54	56	47	63	36	13	46	35	56	34	87	69	35	30	20	99	52	59	43	94	80	94	50	30	91	72	72	48	30	45	88	86	79	80	67	38	75	98	96	70	70	96	13	50	82
25	13	42	50	64	78	67	54	36	55	13	50	74	13	97	56	59	49	37	16	72	86	56	84	21	74	39	89	79	18	25	29	86	56	24	26	68	84	64	64	31	80	94	97	85	79	31	20	10	40	88	97	24	96	36	46	84	55	68	18	45	97	29	37	11	83	41	88	69	53	73	82	99	34	47	44	64	94	41	42	42	20	98	73	48	17	41	43	52	73	35	33	62	48	90	45	81	79	33	63	47	86	91	32	16	97	45	61	23	67	33	71	44	29	71	87	90	58	26	91	56	37	38	65	19	44	44	89	57	70	67	64	50	30	30	68	61	78	72	59	77	71	90	78	48	63	32	53	42	89	12	45	41	66	42	34	99	69	22	25	85	65	26	32	89	11	30	93	35	91	17	99	91	64	62	45	53	39	21	51	45	90	91	60	47	33	63	75	38	97	86	41	18	56	52	73	86	81	35	79	22	92	54	84	50	100	98	39	78	78	66	81	51	43	12	96	19	28	75	79	39	62	30	45	24	37	77	73	53	66	78	72	20	57	58	67	67	43	84	86	36	90	45	88	34	93	85	97	63	55	58	31	95	61	84	57	46	13	28	41	62	15	11	57	88	22	48	75	74	54	17	95	17	98	99	67	42	11	49	13	14	58	67	11	89	27	80	43	84	20	47	71	87	71	39	50	54	15	24	90	63	12	58	35	38	40	52	47	10	22	79	72	23	58	54	23	54	39	19	91	98	51	70	31	27	83	54	30	96	62	50	77	73	50	13	38	33	93	84	32	20	88	48	100	74	37	66	19	45	21	43	30	75	24	36	83	83	97	15	29	11	80	37	14	68	99	64	56	36	15	56	64	57	19	59	10	76	96	44	49	51	94	61	46	91	15	50	18	56	93	95	28	88	75	28	81	64	84	71	29	68	21	24	24	44	36	15	10	87	64	38	57	45	53	99	21	45	24	94	88	34	21	11	10	72	76	61	69	80	68	74	71	89	17	74	33	56	83	81	11	84	11	72	42	63	58	84	50	57	85	70	84	56	85	47	93	52	19	69	98	39	60	56	30	18	20	46	63	66	35	32	23	61	22	40	14	94	32	31	23	43	82	64	62	33	44	23	11	33	12	59	22	41	85	55	86	55	65	36	45
wj																																																																																																																																																																																																																																																																																																																																																																																																																																																																																																																			
2	61	74	44	63	33	99	20	94	61	71	78	95	53	52	5	57	36	16	61	28	66	49	29	74	32	15	62	77	84	5	43	54	81	59	65	76	21	5	99	88	63	46	68	29	61	81	22	82	82	88	66	8	46	31	47	76	54	10	3	6	7	8	68	61	94	68	56	7	80	49	5	15	100	88	5	31	34	26	41	45	95	14	64	27	30	81	60	42	46	51	36	50	78	17	26	81	19	65	11	64	54	35	25	32	95	12	69	74	65	76	23	62	86	62	98	88	87	18	70	73	45	15	33	83	66	29	18	23	64	1	79	54	10	64	78	15	69	20	83	14	82	8	99	96	53	68	67	22	40	11	52	66	18	88	65	66	85	72	64	47	74	3	67	92	57	48	64	58	21	3	37	41	59	4	50	90	89	8	14	67	81	30	69	75	5	92	90	14	46	49	37	53	23	2	44	23	25	96	96	49	5	76	5	19	23	29	52	60	31	56	84	21	23	1	38	13	68	70	47	75	17	28	11	74	11	24	6	47	22	26	100	92	62	85	25	49	49	29	94	10	23	86	63	45	29	45	32	70	28	91	42	7	55	96	52	24	65	47	42	59	65	90	100	28	26	47	100	41	40	66	97	81	7	11	57	81	71	32	64	93	83	56	24	29	14	39	23	51	42	88	4	14	97	42	4	54	94	82	27	63	40	33	54	98	28	72	72	98	14	59	77	87	50	90	10	16	63	36	32	14	41	37	43	15	65	75	39	34	7	48	60	35	92	96	38	27	65	98	89	71	84	2	8	5	94	73	27	96	77	98	97	43	74	69	60	11	10	82	32	24	38	78	99	51	18	98	16	93	24	36	30	19	22	61	79	85	35	74	5	37	98	79	99	59	86	66	41	40	54	43	59	88	38	52	95	13	90	49	92	82	26	97	51	97	65	66	19	97	97	59	89	6	89	36	21	32	71	21	80	19	85	20	52	75	75	41	5	70	7	39	18	74	58	18	59	22	48	93	71	92	23	60	94	97	33	65	28	39	75	47	22	23	76	79	49	20	42	29	6	77	57	64	83	6	63	44	76	66	30	76	22	94	47	77	9	5	38	97	29	32	22	99	2	95	85	4	94	21	40	69	51	19	21	16	35	61	45	30	10
