pij																																																																																																																																																																																																																																																																																																											
53	33	58	31	54	95	13	31	66	24	37	51	52	56	17	91	38	65	70	25	62	17	38	24	17	93	15	32	26	60	66	74	90	26	56	71	77	85	89	75	48	16	84	75	88	33	63	37	95	56	32	65	84	61	82	14	56	99	91	49	80	20	27	31	27	71	76	54	45	40	49	90	56	59	73	88	85	58	78	29	77	21	62	62	99	98	55	66	92	68	35	44	98	52	44	57	58	59	68	94	80	87	50	97	57	87	88	49	93	76	46	71	62	80	64	36	52	65	53	30	42	28	66	66	59	69	20	68	67	51	27	80	33	67	16	11	32	62	18	40	100	56	12	82	48	15	90	70	75	35	88	52	89	79	78	76	18	24	92	40	72	81	92	50	23	74	15	58	84	67	51	60	34	88	23	44	71	89	57	93	32	93	78	59	50	93	35	54	79	58	53	93	64	81	79	26	38	57	30	47	66	75	40	35	60	16	22	66	98	37	19	55	29	36	73	84	32	67	36	40	56	17	57	23	66	11	12	47	90	23	15	14	97	81	44	62	12	61	47	20	44	59	40	99	27	68	13	15	27	41	23	61	64	21	84	92	68	72	91	27	53	19	67	37	33	92	90	18	80	54	98	63	65	34	57	18	32	100	65	28	54	95	57	80	34	13	74	48	10	38	82	83	48	75	33	57	38	90	20	31
91	64	66	70	95	93	11	30	39	25	77	94	63	96	86	95	79	73	93	48	87	11	51	97	19	68	26	97	46	25	12	21	26	24	28	93	35	61	38	54	92	45	76	41	51	34	85	28	45	93	70	73	53	68	72	28	78	15	54	52	94	78	75	57	82	43	46	38	12	33	65	48	85	71	100	80	52	33	99	37	81	56	54	60	70	40	49	81	50	81	76	17	60	99	78	29	41	55	86	63	88	82	29	72	65	31	61	80	23	73	43	49	51	99	66	54	32	79	82	81	85	94	24	13	67	31	30	27	39	32	69	37	41	11	48	55	18	93	82	22	57	93	87	83	98	66	91	36	55	60	90	55	85	20	65	34	33	19	97	75	29	72	31	79	95	60	31	46	34	92	71	33	32	90	68	93	56	57	30	28	16	22	16	73	78	97	60	16	69	82	31	88	36	28	25	51	26	95	21	52	37	100	30	46	30	39	72	44	46	21	69	31	10	52	16	16	82	17	22	98	99	45	50	42	19	67	72	80	35	80	27	62	34	89	76	16	36	64	26	26	61	56	23	10	65	66	51	25	17	50	11	38	32	79	69	78	70	78	73	32	54	74	55	93	27	79	55	46	98	80	47	54	96	82	94	31	57	67	71	49	76	97	33	72	87	58	67	48	38	81	48	94	98	100	33	76	50	58	76	39
82	65	81	39	71	33	52	80	90	39	39	66	16	85	99	86	90	62	91	50	46	24	31	46	62	74	72	64	13	99	79	16	82	68	21	93	67	14	23	38	92	27	88	60	96	36	73	27	55	55	99	31	27	19	63	73	91	96	26	40	10	27	66	37	89	47	13	19	17	69	81	89	84	88	92	64	22	98	25	65	48	52	99	30	72	82	61	65	63	99	55	28	92	66	27	51	80	47	24	86	89	80	66	92	49	61	75	66	17	57	12	54	95	78	42	11	85	98	76	64	28	73	86	53	56	88	55	70	89	63	22	66	20	36	56	14	13	80	84	53	32	38	52	27	71	80	50	22	42	52	79	97	57	22	37	98	67	56	46	41	54	87	33	83	94	79	43	19	49	85	80	70	45	21	20	69	79	31	43	39	38	70	86	25	52	61	47	71	58	60	43	27	35	32	97	99	80	32	36	71	88	25	51	45	87	19	39	16	66	96	76	56	30	16	56	14	14	58	14	46	14	42	34	34	79	11	95	14	45	71	14	95	19	47	26	16	39	89	38	23	14	84	45	67	70	21	84	66	44	34	27	24	24	83	43	23	87	53	17	99	39	85	27	32	43	36	71	21	23	28	100	16	11	20	70	87	52	27	83	43	72	14	59	89	77	40	48	67	68	57	29	31	15	24	25	91	67	27	94	54
49	24	68	13	60	14	36	97	26	43	69	40	61	59	70	98	62	37	96	33	88	91	75	54	58	65	35	91	95	88	93	42	69	27	39	11	57	29	48	11	29	33	38	60	26	72	37	28	67	58	99	25	24	30	95	59	12	84	53	67	47	48	100	56	56	66	93	32	85	88	90	76	62	91	12	46	78	42	78	28	70	66	48	28	55	86	44	82	63	53	53	39	68	86	49	45	28	16	31	87	42	64	75	52	92	95	46	70	17	94	21	68	55	73	86	77	45	13	61	57	84	12	57	73	18	76	92	87	39	73	38	93	53	17	57	60	78	97	68	53	91	37	84	90	85	22	37	64	16	82	28	88	37	77	98	35	99	41	95	81	78	93	49	29	84	86	43	72	14	78	76	59	89	54	62	36	78	54	73	64	78	68	94	62	70	20	57	97	47	45	16	17	54	85	36	87	83	44	91	49	85	21	44	10	34	41	39	68	27	50	45	33	46	36	27	26	14	78	19	88	36	90	20	89	52	66	98	44	45	97	53	88	13	28	11	35	51	70	15	39	96	60	61	67	57	26	87	87	63	16	33	57	84	53	34	97	25	56	58	84	70	49	79	19	79	75	95	59	57	28	77	31	40	56	18	71	40	35	11	74	80	51	30	31	63	71	88	95	20	68	61	22	93	71	64	69	54	35	71	83
66	13	46	83	58	28	92	14	84	63	59	71	13	81	29	21	58	64	91	98	11	50	88	68	40	72	48	76	53	96	75	14	51	89	92	85	52	77	88	90	83	84	96	77	83	73	49	92	57	99	82	17	45	60	87	56	20	76	83	68	34	88	31	14	43	75	70	49	93	31	12	47	41	46	18	66	62	64	83	75	55	92	70	33	45	50	55	65	13	24	78	62	92	85	55	93	35	11	76	43	92	79	27	44	34	57	65	18	38	92	48	60	35	52	35	15	28	76	58	40	37	63	45	48	95	22	52	30	18	47	58	48	74	71	86	22	38	78	54	98	31	33	77	50	37	97	23	30	37	86	16	78	58	83	24	23	92	46	25	52	27	99	43	75	18	88	45	25	49	99	35	91	12	80	57	75	65	96	21	11	21	95	11	82	41	86	69	98	30	26	13	82	70	62	61	38	75	54	10	73	86	73	43	30	27	49	69	16	35	34	47	77	76	14	16	96	41	41	13	96	31	93	39	51	16	70	87	29	24	20	17	94	96	73	93	81	83	21	70	26	11	62	14	55	14	19	13	78	11	34	88	42	44	23	17	30	97	63	81	47	74	80	46	55	61	77	73	54	85	67	59	61	41	100	38	67	23	29	98	65	16	19	72	89	10	56	55	26	34	49	60	35	62	41	34	32	91	25	70	53
70	91	65	11	63	60	33	39	55	17	63	95	33	39	26	29	33	59	82	48	53	90	48	56	66	14	94	82	54	70	63	37	50	29	62	48	12	83	61	43	26	59	24	86	95	90	63	27	98	79	79	15	46	64	54	93	89	28	42	93	24	91	10	34	94	45	90	31	97	79	20	21	24	43	84	69	89	84	23	37	15	75	40	51	60	14	12	37	19	29	91	26	76	58	19	73	64	74	45	91	12	82	16	44	43	43	76	87	90	20	68	50	24	92	90	84	91	92	93	61	52	32	32	25	30	27	56	41	72	61	69	27	34	89	35	63	20	22	20	47	21	21	50	90	80	99	99	59	12	51	42	54	93	62	68	72	88	19	29	58	93	65	93	43	81	44	89	92	86	22	45	35	71	18	26	29	31	94	60	71	49	81	11	39	75	17	79	85	12	93	20	27	81	99	45	18	94	73	61	68	40	17	32	52	43	28	94	29	59	29	57	41	52	67	16	56	55	14	15	55	38	56	97	20	48	39	36	88	18	37	47	71	30	56	87	66	11	53	70	85	50	26	44	68	92	36	17	97	40	48	99	11	15	25	43	81	71	72	17	46	59	67	56	18	73	45	15	75	87	28	25	40	15	40	35	94	60	75	16	43	15	85	92	17	18	100	87	38	62	31	47	76	86	98	51	63	13	57	88	95
55	46	23	94	99	53	39	86	81	93	37	19	26	20	93	28	31	72	67	47	55	69	52	52	96	20	68	77	94	73	47	94	90	63	78	21	55	48	77	66	15	97	48	36	35	88	69	66	73	35	82	61	100	69	46	39	66	70	97	21	38	37	60	94	94	65	73	86	67	66	83	76	79	51	42	84	20	95	49	72	70	100	53	17	85	89	68	21	89	49	38	53	82	74	94	78	31	21	24	59	73	62	84	73	66	44	31	78	33	16	88	77	34	99	12	57	46	51	19	52	88	12	90	32	77	96	53	95	13	29	69	22	30	20	40	33	43	65	57	66	29	82	68	49	61	19	88	89	53	92	15	93	90	43	32	43	78	53	36	27	52	57	31	41	21	93	74	82	85	63	96	59	53	35	35	43	28	72	38	98	46	15	35	48	83	30	63	43	89	81	18	98	97	78	33	87	68	73	11	16	37	97	54	87	84	83	84	33	14	69	16	17	67	66	53	82	68	42	29	88	11	68	81	81	45	69	40	78	74	43	28	25	42	55	87	19	88	84	60	89	60	84	63	55	17	85	36	30	92	78	18	94	35	52	66	68	99	99	55	50	14	77	77	18	42	70	52	76	94	73	89	66	96	75	85	66	97	65	23	53	40	62	95	98	33	85	36	96	54	46	64	59	21	81	21	88	85	35	89	62
17	27	25	92	84	18	89	19	62	11	40	31	18	20	96	19	39	56	90	52	90	40	68	13	99	69	54	23	91	31	36	44	77	32	56	94	23	70	35	72	14	50	39	66	20	44	54	34	71	76	94	56	49	23	95	14	21	63	72	14	22	33	15	45	55	33	54	94	35	79	57	18	88	66	61	49	94	18	54	50	87	34	40	46	30	41	92	28	54	95	18	33	91	36	29	34	15	40	98	57	66	63	81	52	55	82	37	54	56	99	19	70	56	21	14	89	25	12	73	26	34	37	91	78	44	36	78	71	18	89	63	49	50	34	15	54	97	64	36	79	42	48	69	51	49	22	21	30	76	54	40	15	63	31	63	37	25	67	24	51	30	85	51	97	76	15	20	40	35	63	28	94	48	51	84	63	71	73	35	16	20	73	34	93	59	47	89	78	37	33	44	49	81	73	69	95	85	62	25	40	43	51	86	26	84	21	96	82	76	83	12	64	36	86	42	85	95	56	27	13	28	78	72	44	70	79	81	65	70	86	82	54	86	40	28	22	66	32	66	84	97	67	11	83	98	73	19	39	99	89	73	68	16	80	35	72	98	67	58	17	26	34	13	81	80	43	57	37	17	88	85	15	45	49	64	94	67	53	59	44	11	37	69	61	64	38	87	76	61	27	18	83	100	87	36	66	48	33	39	21
55	21	49	96	85	70	52	20	44	76	20	63	38	36	10	55	83	69	46	21	20	64	21	54	40	85	87	79	36	32	19	61	79	17	56	37	87	22	15	98	51	38	67	74	60	12	99	54	99	16	52	79	89	92	47	15	58	48	92	77	12	88	42	20	15	12	81	46	61	81	51	68	51	56	25	26	73	10	36	21	39	64	12	62	16	36	91	83	19	76	83	91	76	89	50	28	72	76	39	43	85	44	36	86	85	46	28	98	27	99	34	16	65	70	76	35	38	62	93	97	93	56	81	45	58	27	47	78	19	94	17	42	39	23	31	31	86	90	34	89	91	42	91	56	11	12	91	17	96	88	40	67	91	35	93	87	62	92	76	39	50	23	95	32	100	20	86	49	70	29	21	60	42	77	58	73	35	86	74	65	91	44	88	84	44	35	24	64	49	83	53	85	27	10	15	67	26	21	95	57	99	41	43	69	83	78	40	76	78	81	21	57	28	49	49	94	28	90	52	28	87	58	62	22	28	57	56	25	52	93	22	62	47	92	70	59	24	26	34	29	82	33	17	52	10	74	17	81	47	67	92	36	78	19	76	52	88	88	81	69	45	69	35	28	89	20	90	35	61	47	80	96	95	31	52	93	74	19	100	17	17	56	61	40	39	76	44	55	44	79	30	45	72	96	90	44	73	98	64	30
74	49	74	87	86	17	59	47	72	37	25	44	34	69	38	73	31	97	80	56	69	19	82	15	15	59	88	35	15	41	98	97	49	27	40	24	27	43	79	76	18	47	51	67	41	20	77	10	99	69	75	94	19	70	13	22	84	21	81	63	28	71	16	92	42	29	72	44	58	82	34	31	14	18	69	60	89	64	72	58	59	30	15	84	36	43	74	22	10	47	97	68	58	11	97	49	74	73	24	27	68	54	87	79	89	46	26	16	80	75	33	45	50	52	77	27	21	73	91	22	84	82	40	43	27	87	90	67	80	89	13	18	42	51	81	67	27	75	21	31	64	94	50	43	93	96	61	72	59	43	49	34	65	62	78	74	50	72	15	96	63	13	71	16	68	94	87	39	70	12	79	31	94	77	18	12	93	79	48	49	94	45	53	90	29	86	45	24	27	17	54	26	57	50	67	66	28	54	59	95	90	22	52	54	57	53	43	89	32	44	63	51	57	63	37	39	34	86	51	75	82	59	46	49	68	21	73	46	63	55	59	46	74	67	15	98	46	38	72	14	36	80	87	90	68	24	94	81	41	64	14	37	54	71	31	70	50	39	90	16	54	85	74	51	75	40	36	90	15	93	77	36	66	49	28	14	97	38	88	25	84	50	24	81	43	51	19	17	40	19	58	46	100	87	85	61	25	75	71	74
92	40	70	68	40	41	39	88	62	36	54	64	66	67	75	45	39	90	23	49	78	79	64	15	21	39	88	14	66	72	46	41	43	14	82	82	63	35	69	19	47	51	54	75	33	87	82	62	19	10	54	85	27	58	56	25	93	81	52	36	21	83	23	61	78	71	61	88	93	25	97	20	82	77	55	95	67	64	19	68	94	68	42	32	13	35	22	96	93	48	29	65	37	33	61	34	91	92	83	73	36	84	80	26	94	14	15	42	65	57	36	56	80	97	48	20	74	83	74	15	79	68	60	17	73	77	95	97	79	11	64	90	66	83	52	56	38	26	47	75	19	87	48	71	30	21	96	18	56	11	59	23	97	45	64	43	22	66	59	55	73	82	92	15	52	25	51	56	17	94	25	36	19	61	54	44	86	66	79	77	76	20	80	42	59	76	46	20	43	12	52	24	97	44	37	11	49	29	33	82	71	21	37	68	35	57	29	17	71	78	60	75	13	31	36	54	50	70	77	46	65	99	62	75	97	18	62	77	54	60	29	36	88	84	50	51	93	46	25	52	14	73	69	57	85	60	26	59	58	87	93	36	66	19	89	64	50	37	59	52	48	63	44	76	25	34	82	83	66	54	37	20	100	47	29	77	25	77	88	68	80	42	59	89	38	39	90	63	49	67	48	62	20	17	32	39	20	48	74	73
67	37	67	40	68	29	57	49	50	24	18	47	64	96	65	47	15	19	94	80	70	73	44	77	89	14	51	37	37	31	92	46	70	59	71	62	60	48	51	90	81	56	75	41	54	62	49	26	28	37	68	12	99	72	62	82	85	100	59	39	72	60	54	65	40	17	53	21	75	22	75	61	23	87	91	66	18	96	56	43	12	49	69	34	90	99	88	68	63	19	78	96	10	90	45	14	60	54	71	81	58	44	51	71	65	90	73	25	54	26	65	58	79	42	16	82	51	72	85	12	63	35	19	38	74	29	89	16	64	75	76	30	27	58	43	60	18	64	63	51	29	33	41	98	41	33	63	85	53	60	56	29	42	33	95	56	68	25	92	51	47	22	87	31	39	39	81	10	18	23	28	19	41	84	12	28	21	97	40	29	11	15	66	54	91	32	73	46	45	36	46	35	77	82	48	73	15	82	67	68	95	86	73	47	97	32	64	75	57	82	23	33	38	42	85	47	73	91	98	43	62	93	38	30	57	88	31	30	75	12	93	77	39	40	66	35	41	100	30	15	92	79	33	34	82	52	54	65	59	54	89	76	55	28	35	64	22	20	70	89	52	74	35	94	24	39	93	18	67	49	34	20	20	13	69	35	27	14	58	37	85	16	60	52	77	60	15	19	82	36	89	15	96	25	86	38	85	40	24	57
33	68	86	88	94	33	34	79	42	42	95	99	32	59	52	67	92	43	31	56	68	39	31	20	64	75	96	34	59	43	45	33	44	20	95	85	28	64	56	47	54	36	66	11	31	10	65	18	85	85	50	41	54	21	59	49	66	35	75	87	76	22	75	93	67	84	67	84	96	36	88	42	59	55	72	85	46	27	26	98	37	30	92	34	72	39	31	95	90	60	92	86	13	94	25	91	10	28	43	70	93	16	55	68	93	72	12	74	71	73	66	42	73	12	28	53	24	89	90	47	78	13	55	13	12	92	58	81	49	31	43	60	78	62	71	43	59	12	71	84	14	37	69	72	78	45	84	14	43	38	92	60	96	49	20	47	87	90	34	51	75	80	34	94	33	93	94	95	73	81	87	63	27	32	42	18	44	90	21	89	17	34	12	55	11	41	56	21	34	97	27	28	68	58	18	25	86	66	57	39	31	25	81	60	29	59	12	58	85	30	35	58	79	72	52	55	69	40	94	81	17	32	38	18	19	78	45	76	47	19	60	21	97	87	26	49	83	99	67	10	60	89	39	64	11	79	64	11	36	29	49	37	53	52	48	98	30	19	43	96	36	76	64	82	92	28	22	24	24	100	35	80	18	42	44	95	33	58	15	34	68	90	75	39	98	81	87	32	51	90	48	10	80	27	83	96	70	10	61	47
86	32	36	43	57	71	45	34	64	70	81	89	16	35	78	100	26	75	15	90	41	63	51	22	28	56	12	36	37	79	62	81	28	93	27	75	86	33	60	42	99	55	49	12	16	60	15	59	37	59	71	15	72	30	33	24	75	20	44	38	86	94	70	95	79	35	84	96	12	43	26	48	27	87	81	85	52	95	19	70	41	30	43	88	28	89	41	82	74	37	26	63	14	58	78	96	70	38	54	10	41	39	90	52	90	80	83	17	27	11	38	65	36	35	45	90	15	93	70	96	40	44	91	82	73	81	61	82	66	38	64	21	41	86	99	92	84	39	46	70	79	86	89	63	92	22	46	72	27	96	94	42	46	78	81	75	43	42	29	68	87	53	68	46	55	42	77	63	53	72	41	24	59	80	25	31	52	48	69	67	99	60	16	78	75	87	82	47	79	41	33	52	89	37	59	49	43	52	14	30	56	42	77	27	33	54	12	70	89	96	16	10	54	73	35	51	20	59	49	89	44	49	46	29	68	39	26	31	93	33	20	62	61	57	99	83	79	52	52	75	71	25	93	60	86	15	56	45	50	53	41	73	30	38	78	43	20	47	68	76	74	96	46	98	30	91	47	58	55	75	20	44	38	81	51	96	50	12	10	76	24	55	69	15	29	66	31	93	16	60	98	21	87	64	45	94	38	97	97	92
84	98	90	98	42	58	67	18	49	53	24	63	72	77	56	92	33	37	79	41	47	92	55	49	38	23	79	73	58	90	24	37	98	32	58	12	16	61	48	66	67	59	44	70	47	65	20	73	65	48	57	59	89	67	43	98	55	63	53	29	36	21	21	94	49	66	40	20	92	49	53	69	20	55	79	34	55	29	31	21	35	77	76	95	43	45	18	63	45	65	18	35	14	38	62	13	61	56	14	60	69	38	68	53	67	45	84	85	50	29	77	74	73	72	48	38	37	13	98	65	66	66	20	93	14	10	68	17	64	53	33	43	67	35	74	38	72	46	46	37	80	55	35	25	79	59	73	88	91	22	65	73	73	89	90	43	99	16	60	87	70	37	47	86	28	15	44	38	54	13	43	25	43	44	76	62	57	17	13	71	97	69	69	96	44	91	12	11	18	40	98	77	56	23	21	60	49	73	55	60	60	97	34	37	68	16	74	93	70	45	64	53	78	56	34	51	67	34	26	18	21	64	46	87	54	20	29	82	27	37	88	86	54	71	74	71	91	97	32	85	92	20	77	70	33	24	26	13	16	16	79	37	14	29	67	62	86	91	96	28	65	66	24	35	13	54	66	29	51	30	12	21	42	28	52	71	89	28	91	77	63	13	56	62	52	36	82	63	35	36	41	17	15	91	77	40	73	53	55	37
81	81	54	47	63	92	19	44	46	66	56	69	30	33	73	64	63	80	30	31	64	39	24	14	57	59	39	42	39	94	82	69	45	39	62	36	25	50	27	93	45	88	64	96	13	21	63	47	35	77	47	51	51	90	49	80	64	99	68	32	61	91	10	83	64	60	15	79	92	52	99	41	50	95	53	49	82	39	48	18	35	44	69	84	71	17	51	50	73	63	45	72	26	67	86	55	57	77	65	24	66	90	83	19	97	95	75	57	42	52	44	82	96	84	93	58	19	25	26	35	51	80	39	46	57	88	73	39	60	48	11	17	55	60	81	11	40	30	14	30	66	57	55	57	50	16	46	46	66	73	89	44	58	80	98	22	47	46	73	93	89	35	84	69	79	25	40	43	30	75	98	20	91	60	77	34	33	61	31	82	84	94	67	97	34	88	36	28	57	60	82	12	16	55	84	69	71	71	94	19	64	90	12	29	78	39	41	36	69	35	43	55	50	67	76	10	44	26	93	71	91	86	16	32	78	41	81	90	53	32	77	55	100	87	56	68	30	68	32	77	81	28	83	78	32	91	27	46	85	77	98	62	78	73	51	27	17	22	19	76	75	42	36	69	14	63	80	61	65	34	83	88	38	58	17	60	29	73	32	89	92	87	57	48	58	97	49	20	16	94	39	24	25	14	18	63	34	37	94	67
23	53	30	86	56	69	93	24	45	38	11	61	95	57	86	81	35	93	28	11	46	25	100	12	51	69	49	41	51	62	94	18	37	15	53	20	12	92	70	22	91	100	28	18	30	63	45	62	78	29	78	75	29	17	35	86	70	54	22	37	29	61	93	58	16	60	54	23	17	58	47	91	89	100	26	81	51	55	31	64	62	83	83	27	66	83	45	73	14	53	70	27	89	55	32	93	76	95	19	25	60	49	95	42	99	34	59	81	24	96	24	60	65	31	16	71	38	34	19	95	60	73	12	36	17	12	62	90	72	17	46	58	92	34	54	76	67	54	19	76	64	49	76	80	71	46	61	12	56	72	16	77	28	69	98	50	12	56	86	88	52	49	45	15	93	18	85	16	99	51	78	44	84	81	88	36	49	19	65	31	80	94	96	100	49	63	83	11	61	93	38	32	29	81	67	84	81	35	46	32	81	96	29	91	24	57	39	20	26	91	41	18	23	30	31	47	35	74	58	28	37	35	72	59	66	25	82	57	33	98	86	23	66	63	76	29	78	39	78	68	56	51	93	12	35	78	67	40	42	66	72	40	90	60	65	79	70	18	74	12	57	43	94	57	12	64	53	86	78	84	65	17	34	41	44	81	24	18	61	24	91	21	61	69	64	77	33	92	31	43	64	39	27	36	25	30	97	33	72	64
18	57	33	49	27	45	54	43	92	66	27	58	58	59	22	99	46	78	46	70	97	59	10	45	46	13	98	33	77	57	44	89	34	39	57	59	20	89	51	86	33	12	19	93	29	20	13	44	51	97	56	57	23	63	72	27	19	40	43	88	66	35	24	10	50	36	80	32	79	75	18	75	40	31	83	68	60	50	42	90	49	62	15	64	86	50	83	30	51	65	46	48	61	27	23	46	26	30	32	85	62	72	32	82	70	71	83	54	95	70	66	76	24	38	58	75	49	93	72	11	91	20	47	16	88	53	52	49	59	90	28	30	43	58	96	51	33	29	22	62	45	75	73	64	78	57	68	79	77	56	80	41	82	72	100	69	23	40	88	56	95	94	98	87	26	84	86	20	58	60	18	48	64	84	16	83	31	26	48	67	48	70	39	24	72	86	29	40	76	98	50	61	96	31	54	97	73	70	94	41	38	53	81	52	17	85	72	78	28	54	69	55	95	55	65	48	22	34	64	29	31	79	35	33	72	60	71	58	41	28	80	44	22	43	88	69	88	10	24	48	88	65	10	17	78	71	77	26	20	27	74	94	12	89	33	85	99	22	95	81	34	64	33	42	87	64	57	10	37	70	74	84	65	36	84	50	96	43	32	39	65	34	43	23	10	54	82	54	87	44	39	34	74	69	55	92	25	17	82	12
60	17	26	78	20	90	64	23	32	44	94	29	74	48	46	90	17	15	99	33	50	39	53	93	32	87	86	18	46	33	73	38	93	82	61	94	63	89	72	44	41	40	27	86	73	47	98	59	78	78	64	63	42	49	70	79	82	84	97	62	72	29	49	33	91	81	74	25	61	57	34	44	45	94	41	74	12	44	71	86	21	14	70	56	55	59	37	45	46	77	22	13	97	79	64	94	26	55	32	69	33	29	22	55	100	93	68	95	35	42	43	27	21	92	100	97	59	36	28	63	59	85	96	37	14	11	82	56	79	85	24	66	55	99	84	45	48	11	29	82	44	70	73	91	25	75	44	62	38	70	23	63	55	40	85	59	18	17	78	58	18	35	82	69	42	72	86	31	81	29	96	64	35	66	53	50	28	94	53	52	22	92	63	65	44	95	15	63	62	45	69	68	54	74	37	89	25	17	57	50	50	59	81	37	53	76	43	53	31	12	32	42	19	61	82	36	59	62	19	82	88	52	84	86	70	18	53	40	14	23	92	25	17	81	13	11	42	72	81	47	71	74	35	23	82	24	43	86	93	57	73	91	39	29	43	28	58	37	73	40	30	42	34	45	30	13	80	30	62	84	91	34	84	54	28	60	37	83	45	28	76	10	27	33	34	47	35	80	44	42	19	83	62	96	27	59	87	34	75	65
22	66	84	49	26	86	37	73	73	47	48	57	85	98	72	44	15	29	34	20	52	40	52	36	48	36	32	84	14	50	87	40	96	78	55	67	64	99	18	40	52	64	14	61	45	62	72	24	22	58	15	92	83	77	57	16	60	79	27	59	79	85	98	71	25	63	46	85	63	92	67	27	100	93	44	81	22	73	24	28	70	91	51	28	12	88	16	59	19	20	36	28	24	48	35	30	98	91	72	25	81	92	79	67	38	28	27	35	84	23	53	57	37	49	30	44	28	51	25	54	88	71	72	26	53	90	42	73	32	53	45	55	54	33	45	58	96	93	18	18	33	29	97	67	24	87	72	44	34	82	42	95	86	86	43	82	21	55	92	99	67	96	87	84	35	42	21	93	90	66	15	84	73	76	38	18	93	84	76	76	11	54	91	53	55	78	12	72	51	50	66	21	90	29	41	78	22	41	37	18	31	32	39	42	30	52	50	51	76	22	56	22	75	62	56	84	90	75	31	72	73	85	92	10	53	18	32	66	70	49	99	22	55	69	81	24	100	89	74	21	81	33	40	31	18	18	57	51	42	10	63	39	74	84	25	90	32	73	81	87	67	98	93	32	29	46	31	28	19	78	75	68	95	91	64	38	97	51	45	52	95	28	94	38	66	68	42	36	71	35	13	38	45	53	13	54	74	85	14	29
58	80	18	19	81	64	59	43	13	48	57	97	52	33	12	42	33	65	76	11	29	62	88	78	56	77	61	42	40	27	50	77	82	42	39	67	21	70	43	71	16	51	20	96	80	17	98	12	60	68	93	34	80	22	46	55	64	38	27	99	85	89	73	65	64	32	64	91	44	12	40	70	34	30	38	51	85	89	65	95	11	89	80	63	75	41	80	19	65	89	50	81	47	79	90	37	94	50	26	46	27	22	60	41	72	64	22	64	24	95	37	77	32	74	64	20	40	89	12	25	93	50	44	95	51	55	78	84	21	97	11	72	36	30	51	70	23	43	98	22	12	51	28	45	63	85	44	65	59	79	34	80	71	91	74	65	29	41	29	32	40	72	97	24	83	89	11	80	20	16	78	31	58	55	27	33	47	39	66	52	14	30	85	98	45	73	63	23	37	59	89	68	51	39	40	43	93	39	41	98	57	82	69	35	73	33	89	41	60	95	67	51	83	98	35	69	88	36	17	48	19	38	67	28	56	30	62	56	55	15	90	49	21	42	50	20	25	25	18	59	40	49	91	22	81	99	32	57	21	76	41	46	25	85	98	35	35	37	11	19	70	90	12	19	91	21	21	13	27	20	72	50	76	83	96	51	79	34	69	82	22	57	30	70	73	58	91	99	82	44	88	95	27	52	90	33	76	43	13	98
87	80	22	26	45	40	59	88	74	60	93	33	23	64	97	68	71	22	24	94	55	69	33	26	57	90	65	32	59	22	59	73	24	74	41	90	21	69	70	17	98	14	16	45	51	91	97	54	31	56	22	87	75	85	53	61	53	53	36	79	72	43	99	24	22	49	86	54	37	44	95	52	98	65	22	50	55	94	15	71	35	76	61	82	100	61	22	58	54	54	64	31	19	58	55	39	19	90	84	72	27	86	78	26	54	81	61	29	69	33	90	72	91	40	31	75	92	40	58	22	75	18	65	46	91	49	86	11	59	58	37	46	44	90	56	28	21	79	25	51	58	28	70	11	84	100	49	43	88	60	47	84	55	18	19	15	68	96	80	66	78	65	73	57	26	83	39	57	75	72	32	80	88	22	59	61	20	44	85	85	66	56	10	55	75	40	86	31	42	25	73	97	84	16	69	97	33	39	40	18	53	40	47	35	96	50	26	32	49	100	47	79	60	45	55	38	67	77	11	63	58	80	38	78	28	98	94	55	48	31	36	80	21	91	94	17	36	49	94	53	42	87	84	46	34	95	31	58	16	34	99	94	59	31	40	52	16	39	17	85	53	65	70	49	90	83	26	47	72	31	23	100	56	54	29	55	57	53	19	94	46	36	21	33	49	37	62	23	50	58	18	39	79	25	100	89	64	52	43	33
82	27	18	26	51	82	52	34	74	70	66	39	38	62	92	26	14	19	27	75	82	37	45	14	52	96	32	45	45	27	84	19	95	24	70	58	81	77	62	33	85	84	81	80	71	64	47	58	24	59	77	83	22	29	91	23	70	16	64	99	59	65	34	49	32	15	40	94	85	47	63	54	19	22	75	80	75	66	69	84	94	38	48	14	16	51	44	76	94	69	81	45	87	33	62	18	43	40	82	12	84	40	70	55	39	45	64	53	42	77	87	27	65	11	60	97	24	88	92	70	33	31	98	67	46	33	47	74	47	50	10	37	97	41	72	62	24	54	41	44	19	18	24	46	74	89	20	20	86	15	73	99	99	44	30	50	74	67	84	80	31	92	81	84	81	55	71	28	79	46	67	49	64	79	86	74	61	85	39	100	13	46	46	76	63	64	52	93	89	45	16	24	25	13	36	53	97	11	61	63	71	74	12	96	85	87	51	20	11	76	78	53	29	69	15	17	75	86	74	49	50	60	30	66	18	72	40	73	36	52	99	21	97	91	32	75	29	91	100	54	28	38	58	51	81	58	79	77	40	26	13	59	62	67	73	88	24	99	30	67	55	45	54	23	83	48	63	32	95	78	90	56	79	35	83	68	90	15	23	98	37	28	83	58	53	29	26	66	61	78	89	31	56	79	37	75	66	34	87	83
32	60	78	50	73	52	33	78	67	37	22	40	68	89	29	15	94	30	78	19	39	14	35	95	49	98	11	26	54	82	85	55	73	63	69	89	98	19	61	33	38	45	63	22	10	15	35	39	94	78	36	84	81	93	83	77	53	32	48	53	52	71	54	94	42	19	41	14	86	98	34	87	71	70	22	53	81	44	11	81	14	97	68	71	99	44	54	26	11	77	17	52	92	63	87	25	42	31	90	26	63	55	32	98	33	74	45	99	86	45	79	21	25	11	85	33	52	55	41	18	67	24	76	30	81	23	11	16	89	36	29	76	18	75	56	74	87	17	48	14	76	48	59	25	68	66	71	72	47	53	65	29	94	83	42	68	22	91	70	38	66	28	31	17	29	15	30	74	49	74	68	77	65	90	60	73	24	70	31	64	97	92	11	48	33	49	85	38	18	77	82	92	10	31	53	14	99	18	85	66	92	76	40	70	60	51	94	94	53	71	73	16	68	99	12	52	30	92	80	79	28	27	47	66	32	48	14	20	29	57	16	88	25	57	40	48	13	79	98	92	66	18	11	62	59	69	89	22	35	90	12	92	59	42	79	72	84	47	99	43	55	53	24	35	23	14	47	49	42	75	61	34	47	74	11	71	93	17	46	64	24	82	95	69	35	86	77	49	33	36	54	88	88	68	66	66	54	97	47	45
37	22	57	91	46	72	36	98	41	47	37	92	61	98	92	98	52	22	34	57	19	30	93	28	80	71	91	15	75	38	96	20	58	26	99	68	95	68	85	77	15	12	45	63	22	87	17	56	74	41	17	68	99	51	67	56	36	52	86	87	70	30	30	89	79	21	53	49	61	48	55	71	47	43	84	49	13	26	20	61	36	36	84	46	90	94	75	17	75	64	39	15	16	70	79	62	39	15	94	82	34	58	33	81	16	74	96	52	37	65	74	54	97	63	49	58	87	29	83	86	63	84	89	45	70	87	14	76	76	28	52	54	12	40	63	60	71	83	44	88	33	69	96	94	90	96	63	68	53	23	36	19	72	20	82	29	35	52	90	41	67	91	21	35	88	53	90	33	42	39	100	31	44	72	99	16	52	43	30	44	64	82	60	35	97	95	80	11	40	80	23	21	29	23	72	24	94	82	62	54	63	79	59	37	57	95	66	91	78	60	100	100	91	90	45	56	77	48	81	37	67	82	25	53	49	60	77	46	42	17	85	87	80	90	13	16	15	98	37	35	71	47	11	73	70	39	38	66	21	92	58	48	87	54	80	15	12	94	21	19	33	56	44	21	27	68	18	71	84	24	21	100	20	26	51	60	38	15	63	39	34	64	44	54	28	100	92	47	91	57	59	81	87	72	23	80	79	54	14	52
18	100	21	17	59	34	50	75	93	67	48	31	20	54	31	23	76	69	82	66	38	78	11	61	32	41	87	20	41	77	98	92	66	14	57	48	44	29	98	20	52	44	68	78	60	80	92	97	77	37	14	55	73	31	28	71	20	99	92	74	14	81	75	47	67	99	98	22	61	18	14	99	86	32	84	55	46	28	32	99	63	48	14	18	35	15	46	13	74	17	84	77	69	26	10	38	53	18	58	51	97	52	72	28	56	54	87	41	64	53	54	16	58	16	69	50	91	19	80	94	28	41	84	30	95	67	32	60	68	66	65	41	31	70	75	14	63	87	31	69	52	31	41	11	92	77	63	42	72	59	13	45	61	53	97	79	84	84	90	47	36	59	99	59	24	25	57	97	12	40	26	40	18	19	77	12	95	77	46	87	49	88	51	99	29	60	95	99	18	14	51	53	52	53	17	33	34	11	49	59	96	12	23	78	64	74	64	21	36	39	87	46	42	49	47	66	16	41	38	23	34	31	86	51	42	19	14	97	79	63	53	74	28	56	36	92	45	83	94	24	29	55	62	64	64	37	95	98	32	67	77	51	46	41	94	77	45	49	40	49	72	83	95	55	40	50	74	82	21	94	15	78	37	49	92	84	13	93	30	100	65	51	82	34	78	48	65	52	92	90	44	32	95	90	82	79	40	93	91	81
49	59	51	56	83	71	18	77	29	16	72	85	58	71	38	76	96	79	65	71	53	63	13	45	63	83	49	20	62	76	32	21	57	93	33	18	47	86	45	57	78	70	74	70	62	31	11	36	17	78	77	35	86	69	80	39	90	58	30	11	63	25	10	13	83	30	85	87	17	25	69	25	28	82	45	87	86	10	16	80	60	23	85	61	90	48	45	50	40	91	66	14	13	55	77	55	36	24	59	98	56	63	35	98	81	17	78	36	34	56	72	13	39	86	81	26	93	96	60	33	85	65	61	29	67	74	47	51	80	65	38	15	75	61	36	56	46	84	27	41	12	71	44	32	56	50	66	47	95	25	24	66	43	71	30	34	10	30	75	91	18	58	52	75	40	91	97	97	48	84	86	63	31	28	52	46	36	34	55	75	41	48	80	51	63	10	17	23	52	93	34	14	89	24	15	18	15	36	60	79	64	65	63	15	45	29	71	13	72	74	56	24	34	57	11	51	10	72	40	25	37	45	30	58	65	13	95	91	98	23	68	86	84	54	92	99	92	93	11	22	11	54	82	45	13	63	82	18	52	28	39	74	49	29	100	74	56	18	94	54	57	91	31	13	94	93	16	68	28	34	77	11	93	74	19	62	65	66	26	100	48	12	46	94	83	51	94	82	53	66	81	61	55	58	68	50	10	33	79	77
36	41	77	16	71	92	62	99	49	27	77	37	60	96	91	44	77	61	50	85	42	87	56	76	95	65	80	100	91	20	80	93	72	83	47	91	23	25	44	65	86	62	71	99	99	68	92	51	29	29	11	14	16	75	71	29	18	14	36	56	62	39	38	49	93	38	100	90	18	54	90	55	67	91	39	41	14	67	80	47	28	46	63	21	25	60	67	40	45	61	31	49	31	71	30	12	15	91	65	47	15	73	92	44	71	47	98	90	40	77	46	39	81	68	34	63	37	87	88	95	15	57	15	47	60	86	83	23	76	99	62	55	80	41	78	64	36	64	60	85	82	96	53	12	40	74	14	55	78	58	32	59	49	76	50	85	32	24	50	23	37	14	11	32	44	52	71	11	90	93	33	88	68	58	76	36	98	70	27	16	97	44	86	30	25	27	99	83	27	16	53	77	55	53	25	16	47	90	70	52	38	41	48	23	17	65	59	51	35	55	41	83	76	57	55	12	15	23	53	42	13	24	41	20	47	30	43	52	13	66	44	69	60	44	45	20	41	28	28	73	30	59	67	96	89	64	69	36	46	22	75	42	35	94	11	23	77	85	50	94	50	62	30	87	67	75	40	73	42	45	58	71	15	89	81	21	23	25	50	77	52	71	43	87	46	76	12	41	60	51	57	43	28	48	65	27	45	61	96	24
50	75	75	70	93	83	90	61	96	46	70	82	26	90	32	32	63	45	95	15	45	73	92	50	19	36	37	72	96	88	46	66	71	88	59	66	17	42	28	42	40	32	30	90	50	19	31	94	44	97	25	16	59	51	56	71	34	91	90	94	71	26	59	38	60	25	27	65	45	51	75	77	79	78	67	80	23	49	64	31	63	71	51	35	15	39	81	20	53	70	16	36	57	54	82	12	29	80	89	23	32	18	37	87	93	35	64	54	25	55	57	60	13	22	23	42	16	19	44	21	78	22	64	85	18	11	39	82	89	45	11	81	46	56	91	14	28	89	67	31	83	93	54	86	60	69	34	28	84	62	74	53	71	63	87	71	65	47	90	54	11	44	56	75	27	40	41	67	47	75	56	74	18	100	99	17	16	21	66	24	46	72	44	62	87	18	59	37	11	16	82	16	74	99	80	37	41	47	84	54	19	93	48	62	12	44	34	84	36	82	39	98	100	41	32	16	19	39	62	79	73	15	87	51	57	77	86	67	39	93	59	60	80	14	98	53	81	38	88	96	14	86	48	63	35	86	14	86	42	26	54	19	36	28	59	80	35	75	98	20	30	98	77	92	11	70	43	44	31	97	46	60	58	56	56	85	63	87	21	43	41	72	78	75	37	91	55	45	72	64	65	53	93	54	94	12	53	34	52	49
29	37	87	44	85	71	21	24	37	73	19	91	32	57	58	21	41	92	41	98	45	99	15	72	60	76	69	22	82	98	42	88	79	40	29	94	14	31	32	98	40	97	96	68	40	88	48	38	27	19	75	98	35	19	31	51	75	92	50	11	80	90	13	54	96	52	45	71	48	44	68	97	47	18	85	84	60	23	54	54	25	77	97	37	88	21	33	71	63	27	44	36	89	88	75	80	13	15	76	76	79	34	66	72	23	65	94	77	44	80	96	15	55	99	27	26	16	70	64	72	82	47	19	63	83	29	91	76	37	36	26	72	46	71	42	79	42	19	72	78	38	84	15	84	77	15	98	39	77	11	15	61	94	81	19	32	76	48	20	11	74	18	25	60	70	30	34	42	93	77	38	60	14	81	56	21	40	46	77	26	25	58	62	38	83	99	65	29	64	15	48	15	23	25	24	87	68	65	77	78	64	69	15	55	85	29	31	76	88	13	77	86	86	82	38	30	61	85	35	53	17	86	91	97	69	49	37	21	53	67	48	38	70	22	99	93	14	71	62	60	26	33	32	89	11	85	82	67	71	38	46	32	91	63	35	71	88	65	62	62	55	97	14	25	46	10	15	16	65	87	58	41	44	77	95	50	23	18	30	51	69	98	63	43	47	98	61	89	12	82	72	54	16	51	44	28	34	52	68	90
67	38	12	69	97	32	82	40	94	91	39	74	71	86	30	18	50	39	12	57	42	73	29	45	27	55	26	77	17	55	50	39	98	23	72	50	40	16	75	88	51	92	38	79	64	79	46	76	59	12	22	73	32	84	63	48	68	33	49	83	66	17	43	74	58	68	58	58	76	39	55	67	76	82	17	53	99	30	28	36	63	27	29	93	28	46	67	42	60	86	24	48	99	69	33	30	12	19	96	46	92	67	52	61	49	30	70	98	13	16	55	22	80	40	29	99	41	38	62	77	35	55	87	19	36	14	28	99	98	71	25	45	40	89	38	64	71	50	95	32	71	97	85	67	61	91	33	97	61	80	95	80	40	15	83	91	12	53	45	90	82	40	86	97	41	93	51	46	24	89	24	55	49	42	67	21	40	12	25	66	50	77	16	19	92	39	75	16	76	63	74	90	40	65	56	90	50	34	26	42	26	50	49	19	41	88	93	93	37	28	55	94	29	81	62	82	26	77	71	97	50	17	58	93	75	60	16	85	44	11	49	47	15	59	18	50	54	51	30	88	63	53	61	81	58	71	61	75	25	79	97	70	14	32	11	48	26	29	30	97	37	97	92	40	48	45	16	77	33	67	67	52	39	58	97	25	20	22	51	21	13	91	97	53	86	16	61	53	59	49	79	56	60	92	76	65	14	43	57	99
14	47	53	13	94	21	20	28	50	56	90	45	20	75	46	20	70	44	80	63	87	69	21	38	52	67	69	19	42	54	46	18	26	92	59	97	49	60	16	53	26	99	85	42	69	77	29	64	67	40	57	11	78	37	98	81	33	63	82	35	27	61	12	32	41	39	82	75	23	92	12	47	81	45	71	77	84	30	31	35	97	17	54	68	90	41	39	99	43	80	92	72	52	70	57	70	46	71	57	75	30	38	61	54	80	96	86	37	29	28	95	45	60	99	85	56	50	63	15	65	42	45	13	26	40	66	18	84	12	89	44	23	89	40	40	58	26	46	95	44	46	97	19	25	91	67	87	64	75	33	10	19	28	59	16	34	34	55	41	59	43	25	22	56	36	34	34	26	46	34	47	46	41	22	68	25	27	100	56	41	16	53	15	91	25	97	29	78	33	99	77	83	27	88	69	92	68	78	85	88	61	78	70	55	25	94	41	86	42	77	91	24	83	21	41	59	67	86	32	39	96	60	98	29	32	53	47	24	34	35	82	84	16	71	73	15	11	77	12	69	21	38	14	69	73	11	82	51	63	63	13	77	58	78	31	84	97	12	88	39	33	93	77	57	65	98	88	70	17	97	21	63	43	94	93	17	35	52	52	55	44	81	75	36	86	63	55	55	56	31	78	12	51	43	98	85	18	23	61	92
64	34	27	11	51	13	76	64	46	14	80	13	45	20	74	65	100	62	40	41	96	49	87	91	74	13	56	10	100	48	87	54	54	68	50	98	87	65	91	85	24	67	77	78	40	36	13	27	73	42	84	34	44	73	50	39	84	41	71	82	78	27	80	64	96	55	53	10	24	26	52	20	31	49	35	95	43	40	22	51	99	38	11	50	17	62	47	96	45	84	65	21	23	32	83	36	75	72	69	93	78	77	60	81	74	43	35	56	25	51	54	22	30	28	33	99	28	43	48	17	25	21	63	27	93	96	57	82	68	54	37	31	60	11	36	97	33	80	28	56	27	83	23	23	87	86	24	72	50	24	51	86	91	38	26	72	61	96	11	28	23	99	99	100	81	54	79	70	18	12	85	91	84	38	52	94	99	51	96	89	62	77	38	30	44	93	45	27	53	42	91	23	33	76	20	51	52	10	24	69	84	92	65	95	89	78	56	18	94	18	36	43	18	87	11	15	66	22	31	77	75	68	94	77	36	53	29	68	56	46	70	47	33	51	51	20	29	25	68	68	57	90	81	71	46	52	55	35	98	92	87	40	34	82	33	85	27	98	74	59	63	90	55	23	66	91	27	27	56	79	76	43	80	82	35	35	25	72	86	55	26	81	87	70	13	81	54	46	66	27	67	48	19	10	76	81	57	95	79	37
68	34	16	39	50	75	43	92	89	62	43	87	53	28	22	39	37	79	65	64	32	85	58	71	69	15	98	36	99	49	94	30	53	79	96	15	26	78	15	17	35	47	15	88	15	91	40	15	34	55	56	18	25	45	68	42	68	76	22	53	32	60	62	39	69	64	46	95	75	75	85	12	25	55	71	93	83	86	35	50	76	36	63	79	66	80	93	58	16	58	62	44	52	84	94	42	32	82	28	57	51	20	33	62	41	80	56	86	93	25	27	79	52	92	77	100	74	24	88	25	69	31	78	28	79	56	25	91	43	47	14	64	94	81	100	74	33	43	18	88	31	19	39	58	59	23	29	55	54	74	78	42	81	82	66	26	23	15	11	51	88	80	52	36	25	51	92	71	55	18	72	36	85	12	19	57	14	93	72	30	23	85	36	76	28	62	30	15	95	14	16	61	26	23	51	78	33	82	56	73	30	95	12	48	11	74	44	51	86	74	73	35	70	62	47	92	60	62	18	19	92	76	88	56	93	56	98	23	83	41	24	80	21	59	73	49	73	14	92	45	81	24	88	99	28	54	31	67	60	83	85	52	39	67	63	22	62	19	71	65	89	81	19	11	37	11	98	45	64	26	27	20	20	68	14	69	13	93	67	17	42	18	38	52	46	63	38	74	77	44	53	95	49	34	25	20	51	12	85	79
36	72	73	90	51	31	79	94	89	25	48	60	30	67	19	95	30	96	13	90	93	85	73	78	96	61	12	12	36	65	40	99	86	11	39	95	32	22	21	45	79	79	12	93	67	57	53	86	43	59	64	55	20	30	88	16	75	80	81	49	19	12	47	98	28	24	26	69	48	24	77	62	91	42	98	52	78	81	59	78	59	51	72	31	78	67	91	25	28	39	47	78	85	61	13	21	84	29	79	87	67	35	37	89	83	97	98	65	46	78	80	92	100	36	38	64	58	63	39	30	23	30	54	84	35	84	82	34	36	86	42	47	46	73	80	91	83	86	49	13	20	46	94	71	73	98	52	19	35	85	48	35	46	92	56	42	11	58	24	35	49	67	15	92	80	26	41	72	28	42	56	34	50	50	49	71	62	57	11	53	31	83	19	95	28	98	45	51	49	79	42	98	27	62	44	81	89	36	51	90	56	37	74	41	49	66	15	68	16	29	58	78	34	51	25	19	27	66	54	63	23	100	93	58	12	67	23	58	21	35	30	85	73	35	75	34	50	57	47	83	37	13	93	93	44	17	26	18	44	35	11	80	44	82	22	96	73	55	93	38	31	20	15	78	36	63	20	44	73	36	90	23	48	80	84	90	58	19	41	46	80	67	84	65	73	51	72	81	11	13	60	69	35	58	93	96	24	46	10	54
81	35	88	81	51	90	71	43	26	21	81	98	53	54	27	89	18	32	40	13	17	27	58	98	72	31	21	57	55	65	47	33	78	28	79	27	98	69	100	52	31	12	69	71	21	24	41	92	66	97	72	84	34	35	84	97	82	12	11	47	89	43	13	76	38	33	82	38	38	59	82	36	46	70	71	38	23	67	62	59	36	66	30	53	40	69	32	70	94	76	26	37	68	32	28	36	51	45	85	89	44	64	40	84	94	38	84	83	24	59	74	86	16	50	47	43	18	92	74	43	92	79	57	87	49	24	42	45	78	39	53	79	47	47	97	12	40	42	31	33	74	63	47	59	62	55	61	67	15	35	70	31	12	51	100	39	96	45	51	39	13	13	51	32	53	68	56	33	48	36	25	27	69	25	58	34	23	92	68	88	47	70	18	31	44	21	41	94	91	17	87	60	93	48	29	71	66	49	13	87	29	59	89	27	34	85	73	27	81	92	90	87	18	33	71	62	19	46	73	42	24	75	98	56	23	44	46	37	69	16	97	73	70	99	42	17	74	13	41	56	61	65	33	63	12	34	24	71	39	50	65	12	37	39	14	85	54	60	44	86	61	60	91	11	94	80	65	81	84	87	65	11	60	66	91	44	29	38	43	41	18	38	47	93	75	13	27	21	49	24	69	54	13	59	37	96	87	19	63	52
51	52	91	29	55	41	64	36	81	51	12	56	49	63	28	48	60	20	18	87	47	28	29	24	18	83	38	14	15	13	67	100	18	96	35	41	41	31	24	16	73	23	72	96	39	28	24	21	60	87	69	54	97	28	45	45	85	93	88	93	98	72	75	33	93	69	45	23	70	96	74	51	88	99	27	63	51	68	46	20	17	90	92	43	43	84	79	40	63	63	27	80	98	59	83	61	25	54	42	57	31	27	29	13	21	43	65	63	58	52	46	54	86	20	80	55	96	71	49	49	64	45	90	92	56	51	82	89	47	41	95	72	77	41	53	21	40	81	25	17	50	29	66	70	47	52	77	74	86	90	72	59	28	76	62	82	83	88	62	98	66	91	82	31	75	58	56	70	73	30	84	76	84	74	56	45	14	52	37	60	71	49	24	52	81	29	60	72	26	66	86	84	17	36	89	16	95	86	43	81	80	19	67	59	29	68	28	34	13	25	47	54	30	97	22	51	64	69	66	18	16	86	45	17	30	31	41	56	19	32	29	16	36	21	23	22	14	47	66	48	86	86	35	60	35	50	17	72	44	34	30	49	62	36	57	27	98	95	40	30	33	90	34	53	23	11	77	68	88	24	66	41	50	23	89	83	97	54	79	89	49	79	46	35	56	74	55	56	89	57	38	96	50	43	64	12	21	33	78	60
31	19	11	80	12	17	92	35	81	61	52	77	18	27	94	73	94	65	53	62	72	74	78	21	27	22	11	63	59	54	51	57	53	42	28	81	64	77	42	29	12	44	64	27	73	99	45	82	89	29	69	87	50	91	91	72	13	13	71	76	28	57	15	63	77	50	65	74	36	63	69	12	52	55	57	14	53	45	50	86	69	83	51	60	50	93	33	91	93	100	63	98	94	16	21	81	80	55	58	23	31	75	69	62	85	25	52	42	41	76	47	65	26	85	23	16	77	39	31	83	74	89	67	96	87	10	53	69	53	36	91	21	52	85	42	88	65	86	34	85	72	44	65	13	34	75	19	10	57	39	67	67	43	19	41	47	91	11	18	96	95	97	98	37	43	37	90	87	73	51	21	72	54	43	71	33	54	70	64	24	56	23	94	47	97	39	76	61	62	29	72	77	46	81	64	33	75	11	12	36	95	14	54	42	78	44	34	88	52	93	13	17	14	91	88	40	78	23	71	65	26	38	53	38	44	90	17	67	51	98	66	33	75	54	96	90	21	94	68	26	100	94	88	28	51	95	12	55	15	43	65	87	55	86	39	17	92	54	48	15	99	42	43	96	53	95	16	96	19	32	41	97	48	14	27	38	86	31	42	75	63	94	83	37	75	23	27	49	21	93	25	45	41	49	79	52	81	34	12	78
82	89	83	18	65	86	58	94	60	70	47	77	23	100	22	96	25	24	92	79	47	64	30	27	97	64	18	73	67	55	82	36	54	94	70	89	56	82	80	20	19	27	59	23	20	69	81	56	50	70	15	11	19	71	31	18	46	80	99	75	67	39	47	67	13	59	85	65	49	43	57	61	49	44	46	95	25	39	26	99	26	69	13	22	88	51	65	74	28	80	81	37	46	31	22	89	55	28	19	54	77	56	18	45	84	27	92	12	64	39	41	88	54	90	79	53	63	94	78	69	93	53	61	60	80	43	64	73	47	15	60	86	10	33	92	82	39	78	58	76	85	86	53	96	35	67	75	76	86	41	93	31	30	42	94	81	96	86	18	58	90	77	58	48	38	45	91	29	80	74	13	24	31	90	76	24	20	84	91	56	99	65	43	71	98	53	69	51	50	13	20	47	72	89	31	35	33	38	90	55	96	11	88	84	83	43	34	38	11	52	72	31	40	25	30	29	36	27	46	41	33	23	38	73	20	81	89	99	88	59	94	68	91	29	72	97	11	89	97	87	12	55	59	44	80	95	26	76	14	17	26	54	28	89	12	82	36	88	14	32	43	16	71	21	50	59	20	79	59	33	19	12	75	61	38	31	87	73	66	54	18	55	69	58	28	29	99	60	62	89	97	18	75	81	31	91	20	88	39	56
75	92	75	90	18	96	78	82	87	89	96	69	26	31	72	19	55	73	92	15	75	97	77	21	91	58	16	61	86	94	16	63	45	23	15	49	19	73	98	43	44	92	95	90	52	83	24	26	53	91	30	75	26	29	39	79	26	45	34	99	91	19	87	79	19	50	62	75	28	50	49	42	96	18	41	49	43	72	35	40	65	100	87	40	85	88	86	43	66	34	25	52	71	98	24	41	61	46	56	78	89	69	23	99	27	58	30	20	74	30	88	26	90	32	96	69	29	22	85	85	38	38	26	36	49	89	32	35	80	88	28	70	92	99	15	86	38	60	47	14	21	25	59	76	90	76	85	34	13	91	11	93	19	22	13	70	28	59	46	56	12	44	33	47	87	95	62	30	82	15	86	45	99	17	55	20	70	72	24	15	91	93	61	36	82	47	57	30	24	67	22	98	68	43	66	23	53	12	33	18	15	22	24	61	66	29	22	67	56	19	37	66	19	40	41	86	59	36	67	75	35	24	68	38	91	20	69	25	38	66	55	94	52	38	17	66	44	71	35	99	13	94	70	77	41	43	52	22	52	72	29	18	30	21	35	79	50	74	93	51	57	64	11	60	41	20	70	81	69	92	21	94	73	67	64	52	30	93	21	77	41	12	39	54	23	83	25	26	56	78	27	30	54	79	66	83	50	42	83	47
74	48	80	38	64	19	15	81	99	43	22	94	73	38	22	31	48	97	31	93	86	26	58	13	81	59	15	35	62	51	97	86	66	64	24	34	97	11	52	68	78	65	50	75	14	24	89	54	64	90	37	36	49	44	65	22	63	19	10	52	81	96	32	39	76	64	57	63	64	82	11	26	41	37	82	22	46	89	86	18	96	52	62	83	85	91	30	70	70	52	36	37	100	53	71	26	99	39	93	56	54	86	50	50	62	77	58	36	66	52	29	69	68	49	61	73	22	89	31	55	97	94	34	86	92	94	65	72	95	26	92	84	90	94	22	92	68	42	75	79	78	61	30	98	53	50	74	69	35	14	88	31	97	90	99	11	61	23	92	91	43	95	55	31	56	42	28	28	35	16	46	89	61	33	68	14	54	55	62	40	42	94	23	72	59	66	60	94	76	13	53	29	68	38	14	73	59	96	67	23	53	49	22	12	24	41	89	99	12	14	78	81	40	36	79	27	72	92	21	49	89	23	58	38	71	100	34	22	76	71	36	11	34	11	31	77	32	86	91	92	43	84	32	56	73	34	50	53	31	86	21	16	30	76	99	34	82	90	82	26	55	60	38	34	38	67	30	77	27	40	75	18	21	44	97	64	67	56	29	55	79	21	94	33	14	42	17	96	64	35	52	73	26	13	86	85	73	43	77	78
58	34	10	72	48	26	89	27	84	28	60	50	32	67	60	40	34	25	20	50	47	47	79	26	58	47	87	23	40	19	67	91	89	90	63	93	87	34	30	29	13	75	19	82	44	15	40	23	64	17	69	50	41	38	69	78	23	58	46	67	60	75	22	87	28	74	94	49	21	94	31	100	79	59	56	12	58	61	90	17	21	71	99	16	77	74	68	37	40	29	37	96	20	44	93	97	73	15	15	54	52	62	46	30	46	71	61	40	52	75	90	50	27	26	46	65	47	46	53	68	32	86	59	69	81	67	18	12	14	33	33	61	46	98	64	89	65	40	40	55	25	75	22	20	14	42	91	81	82	67	47	75	67	63	56	70	62	88	75	46	12	27	33	39	59	16	68	54	15	88	56	60	51	30	75	98	37	90	81	95	72	38	16	22	98	13	16	19	81	90	15	86	28	69	39	11	69	16	83	76	40	17	16	70	21	67	13	99	22	84	55	82	32	87	39	75	11	32	53	67	87	88	35	56	33	79	29	16	14	52	93	18	71	51	98	33	30	85	31	65	16	94	49	33	57	79	33	96	67	83	85	40	86	84	73	40	17	98	14	32	96	69	19	47	91	39	17	45	14	63	33	33	78	63	73	21	68	43	83	73	61	86	92	67	81	22	60	65	18	24	79	76	66	85	79	88	80	51	19	16
14	30	62	47	47	95	77	64	40	92	73	94	59	10	70	61	76	12	41	87	12	39	63	66	11	94	91	36	63	32	64	21	67	91	87	95	59	91	71	42	36	82	86	84	75	79	81	80	64	43	77	84	98	87	73	20	69	97	70	20	46	39	30	89	25	18	18	77	56	68	50	21	81	55	65	99	53	23	51	31	61	46	35	87	93	12	85	27	93	40	59	56	35	74	85	33	96	95	36	20	16	34	83	29	43	24	90	67	15	34	87	66	64	38	11	90	71	68	54	59	45	62	10	36	16	31	13	60	81	82	46	35	49	56	87	26	77	60	72	42	71	96	78	77	39	37	40	15	46	16	23	81	32	77	73	60	66	39	13	84	52	44	94	43	15	55	84	100	47	80	87	73	29	14	27	78	29	75	50	39	27	61	76	26	98	42	90	66	41	48	49	94	36	11	65	36	56	11	76	28	52	86	69	95	68	30	43	94	77	78	47	40	20	68	44	81	25	55	19	62	90	58	88	67	78	49	14	73	33	77	22	17	34	49	81	52	16	23	29	90	80	24	15	79	65	82	22	66	53	45	86	95	43	33	60	55	65	92	53	95	40	83	79	48	31	31	89	34	17	60	59	79	64	92	36	62	56	48	42	81	40	99	17	76	97	88	96	19	64	42	89	80	93	99	27	65	26	47	91	88
49	66	83	55	60	31	57	55	19	95	72	36	74	67	32	68	81	95	59	96	58	58	66	47	40	66	42	99	98	96	39	85	26	78	33	17	37	89	34	88	21	41	49	13	75	58	93	43	47	62	60	41	72	14	38	89	66	21	20	60	22	39	29	24	93	96	88	34	85	65	78	45	73	89	97	20	38	82	77	71	57	39	65	97	80	12	90	79	81	28	32	38	94	40	41	21	83	71	66	51	26	80	83	17	58	16	93	25	37	27	57	27	80	24	96	18	96	33	78	29	57	47	88	45	20	76	91	36	11	37	83	71	100	78	69	25	28	33	47	13	31	82	36	89	33	43	62	95	42	59	73	52	71	42	71	32	37	51	35	46	38	73	12	12	33	99	100	95	78	79	46	27	13	85	64	91	73	10	69	54	95	99	38	38	40	17	86	12	68	84	81	15	29	44	54	70	79	78	48	89	20	46	28	10	17	96	68	42	12	15	74	98	66	54	32	14	88	36	65	24	58	28	24	30	74	63	96	91	56	22	90	39	43	53	52	73	25	82	63	45	93	45	43	98	15	69	73	78	19	36	43	69	62	26	62	56	95	10	16	72	68	62	32	81	14	97	95	21	49	29	19	84	84	90	24	12	63	47	60	48	26	44	59	69	94	48	47	66	59	30	52	76	67	37	12	93	56	90	38	78
20	66	25	91	89	28	66	67	31	10	70	71	13	81	62	51	39	85	90	97	19	100	15	13	80	94	56	68	29	72	70	21	11	38	85	83	89	48	33	48	44	96	77	71	40	42	64	23	70	87	24	58	30	77	58	47	25	26	16	28	26	76	76	47	74	14	98	70	17	56	41	14	43	86	31	63	18	67	42	49	28	49	75	47	31	85	83	29	89	43	21	47	21	32	79	36	90	27	90	62	29	43	72	70	30	22	67	30	75	77	85	90	34	25	87	19	52	60	92	34	50	94	16	16	56	46	40	86	99	37	46	43	44	66	83	65	66	33	93	13	30	34	64	43	51	28	86	37	40	29	29	55	17	24	29	61	37	76	49	26	50	21	45	55	65	94	35	15	71	30	52	46	65	49	40	34	53	45	58	96	18	45	48	61	84	97	86	71	25	33	53	88	71	52	16	16	96	32	93	85	76	95	29	20	26	88	55	45	39	96	81	76	15	85	34	20	59	24	80	90	61	63	41	100	93	67	99	67	27	45	54	49	28	11	16	16	12	65	98	13	18	14	18	68	35	58	45	52	82	80	56	14	10	61	24	75	52	37	52	19	81	40	59	96	19	88	99	76	97	25	30	94	96	95	69	62	67	56	64	86	17	74	11	24	53	63	55	67	36	58	57	27	58	49	27	67	46	92	70	89
32	96	42	48	59	56	67	62	82	98	80	95	59	71	27	59	49	52	10	48	58	55	78	29	29	66	88	99	66	83	49	54	76	77	23	39	79	84	96	60	68	38	60	34	10	62	64	84	68	42	90	20	26	31	77	57	84	76	17	54	23	48	88	75	30	44	26	16	69	79	93	74	63	23	70	74	88	100	99	83	70	56	79	81	55	82	32	45	33	24	22	42	68	36	73	70	37	73	96	73	20	58	65	96	53	84	15	99	48	39	79	99	22	15	67	54	17	37	44	28	11	44	58	16	33	62	84	35	40	93	78	70	96	13	46	54	15	31	46	74	16	11	10	61	92	13	17	26	49	62	65	79	29	32	84	13	28	28	42	28	46	34	18	79	30	78	19	77	85	78	51	23	69	42	75	92	16	60	37	31	87	78	32	12	85	46	11	95	38	16	16	50	52	71	61	57	78	38	39	57	26	39	85	60	83	55	98	50	43	36	81	19	31	96	52	86	60	20	75	95	97	20	89	36	23	16	44	16	19	14	89	49	82	84	26	25	96	41	28	80	55	30	54	99	93	70	96	39	39	51	99	24	92	25	72	68	14	62	84	32	81	98	68	50	27	93	67	39	92	21	44	22	31	26	40	28	92	92	43	49	65	78	76	41	96	18	89	65	76	71	20	91	95	44	97	36	84	39	92	86
67	61	85	50	49	46	56	92	34	84	98	72	55	94	42	50	29	100	50	16	23	73	70	92	14	94	83	99	63	30	30	37	20	34	15	25	62	35	59	87	91	90	82	33	14	47	64	67	59	22	20	84	41	53	86	81	41	87	61	15	24	95	57	49	67	49	60	30	30	73	86	51	96	11	72	64	22	21	66	96	21	98	20	70	71	37	31	27	99	77	41	76	36	73	69	15	73	57	94	54	36	60	38	61	91	41	83	58	28	31	31	35	74	46	19	89	41	81	10	30	57	30	82	23	84	13	51	77	33	89	76	29	75	27	30	82	28	35	60	24	10	28	16	96	58	23	39	21	67	80	34	29	98	56	93	78	71	46	23	92	49	17	47	89	54	88	20	17	67	79	68	60	12	60	30	54	70	13	10	22	53	42	94	57	56	49	58	66	90	64	37	68	65	76	22	16	22	33	51	52	25	98	90	44	21	11	23	43	16	83	32	65	41	29	53	17	96	29	76	22	11	38	55	54	59	15	25	100	16	60	38	30	28	53	25	87	51	91	38	65	23	99	75	97	66	20	61	26	41	46	24	76	83	28	77	45	27	65	31	41	73	44	17	70	73	83	25	80	92	28	88	45	82	23	43	62	67	63	24	28	40	72	93	85	64	80	93	60	82	84	52	26	24	45	74	98	74	99	27	92
11	52	80	96	67	31	77	70	42	52	97	81	12	95	19	55	65	19	53	79	23	57	74	34	11	40	99	15	78	69	18	32	97	34	39	21	42	96	14	68	15	93	72	38	42	42	33	71	89	72	31	73	28	32	16	87	99	70	62	47	46	70	80	12	63	20	91	20	32	54	72	82	69	15	47	76	25	12	39	60	22	13	15	13	53	77	23	63	15	23	41	44	31	59	35	63	95	28	95	12	77	76	33	95	26	34	45	78	88	83	43	33	72	53	31	88	82	51	94	66	12	44	51	12	57	91	90	60	99	67	50	83	27	27	43	23	36	16	64	62	53	72	79	37	54	91	31	35	71	38	50	77	41	72	97	83	16	21	69	66	62	53	27	79	66	52	47	14	45	60	92	20	76	63	66	48	80	76	81	67	77	64	54	16	49	55	39	79	66	39	29	13	76	49	58	63	93	39	77	44	32	95	66	29	54	42	92	86	11	11	87	57	82	67	12	59	98	40	76	55	79	19	29	67	11	35	91	96	42	26	17	66	42	26	88	39	30	31	95	74	53	97	94	60	32	24	51	80	95	43	79	61	19	65	17	56	35	20	86	43	93	25	29	95	61	95	56	36	10	31	80	89	68	41	19	73	91	59	29	68	49	95	37	64	12	76	41	68	55	96	90	100	21	17	81	86	89	17	16	83
38	77	44	83	76	63	93	30	80	11	63	21	44	75	50	88	29	42	22	40	58	39	33	74	62	14	19	38	17	85	78	53	99	36	82	42	57	83	42	20	63	20	45	28	23	30	53	68	77	45	40	95	37	73	87	25	47	49	53	91	62	85	13	69	64	89	64	16	22	84	22	36	52	18	44	22	84	29	61	10	35	80	47	34	12	83	77	42	52	21	18	25	80	74	66	43	64	55	34	89	38	96	75	84	79	45	45	51	73	33	90	77	67	56	89	80	79	74	98	95	33	30	54	24	10	80	62	83	57	35	37	18	66	81	24	12	18	92	90	82	28	29	82	91	37	82	54	93	26	73	18	24	10	75	10	29	63	19	90	14	81	95	93	15	69	10	90	60	15	54	61	72	88	89	83	68	68	49	89	70	95	85	32	25	36	33	99	69	31	88	76	15	50	73	27	60	58	38	91	37	43	29	39	37	77	93	29	86	54	96	46	31	84	22	39	95	29	35	65	20	32	86	61	27	12	97	98	30	26	31	82	100	92	43	58	73	80	37	63	38	41	14	23	73	52	60	14	93	32	75	40	19	69	60	81	43	78	84	53	35	47	99	11	31	18	85	25	49	74	33	77	17	11	85	25	36	82	67	29	57	92	87	19	15	86	21	67	44	71	12	59	85	98	77	20	67	49	69	49	66
84	80	88	72	12	52	35	51	32	51	98	42	55	28	45	76	94	46	79	45	22	31	92	63	65	59	64	100	42	50	43	88	72	62	98	25	41	85	93	74	25	76	94	86	80	87	82	93	26	62	37	73	50	48	66	41	24	38	86	26	76	15	28	75	39	57	21	13	87	33	22	20	57	19	77	77	61	33	100	33	98	70	100	98	24	85	61	64	44	11	36	82	34	57	98	76	23	59	70	36	86	75	57	78	15	29	96	12	35	49	93	73	50	63	16	63	41	64	38	45	94	48	62	49	60	43	14	64	86	80	45	49	92	27	96	22	49	94	56	55	70	72	43	54	76	19	46	77	99	82	22	77	23	35	73	23	17	33	17	13	35	66	61	95	23	99	50	50	68	19	55	38	16	42	16	68	80	60	42	18	30	82	99	36	14	15	60	72	47	91	22	20	85	95	47	34	29	67	81	88	45	25	53	44	59	32	23	98	61	74	34	60	72	76	95	30	26	21	43	39	93	59	27	61	15	39	41	39	55	86	12	90	85	80	37	33	73	75	71	68	80	49	100	18	39	19	67	70	24	53	19	62	40	79	78	21	87	36	98	15	36	96	12	94	88	74	71	77	52	18	48	91	58	60	88	90	56	97	34	16	53	61	69	76	19	79	89	82	23	60	94	32	90	12	48	60	98	21	24	46
wj																																																																																																																																																																																																																																																																																																											
24	55	83	61	46	57	11	48	41	26	51	80	16	51	21	91	32	7	77	51	38	65	66	98	36	94	62	61	87	11	49	99	88	12	57	20	68	7	56	63	80	35	51	12	60	42	25	94	71	57	6	54	35	50	30	40	42	8	17	64	40	34	37	84	37	72	87	7	73	65	75	77	51	22	54	62	41	79	33	22	82	34	83	48	49	38	69	42	89	11	17	32	37	4	38	97	59	24	57	63	48	25	15	47	6	63	55	23	28	58	1	86	70	58	90	51	20	15	44	93	46	94	88	20	80	96	89	47	90	42	76	39	85	65	69	97	72	69	81	38	62	47	19	61	4	64	8	23	19	46	38	83	33	1	39	23	34	6	76	32	79	13	72	34	26	56	77	27	19	67	2	2	45	13	20	16	32	69	7	58	71	46	21	29	60	20	49	95	13	23	45	18	88	99	17	99	6	17	66	79	86	56	17	22	28	92	3	47	7	41	47	97	62	63	45	9	82	90	24	55	67	93	66	49	75	39	38	73	25	11	54	94	89	21	81	96	87	86	80	3	87	59	20	53	80	70	21	22	14	82	80	95	35	77	11	16	85	1	78	9	57	16	71	80	95	3	11	78	13	37	81	6	42	26	95	63	96	33	20	65	54	60	13	88	33	15	84	2	59	49	56	12	81	19	38	16	25	53	94	24
