pij																																																																																																																																																																																																							
85	12	34	80	58	96	27	84	51	22	84	57	67	29	34	13	18	79	73	33	84	77	77	46	14	57	87	48	78	21	73	61	68	99	96	52	40	68	94	92	39	31	31	95	43	69	63	90	15	53	96	27	54	71	20	56	58	68	64	91	28	68	12	20	13	30	21	47	47	78	12	67	61	33	39	29	37	73	45	12	53	67	82	31	28	24	29	41	95	45	27	61	34	26	47	13	16	81	68	71	43	70	82	54	68	44	63	55	49	88	76	81	79	56	19	91	41	46	12	32	73	92	49	45	70	61	71	38	25	100	88	33	18	31	98	34	57	94	90	84	93	27	81	41	33	16	35	44	45	24	38	99	55	50	78	56	90	23	41	83	95	32	60	49	62	55	42	71	72	14	66	88	80	15	22	74	69	19	50	54	93	57	56	75	95	40	45	25	14	99	88	64	24	56	85	70	18	74	90	48
33	32	53	19	52	78	58	46	37	59	25	83	34	11	14	25	97	38	64	97	47	37	91	66	24	53	92	27	55	63	93	62	36	36	51	12	83	26	17	97	30	11	58	37	39	31	98	82	42	54	66	43	77	90	87	32	92	96	11	75	47	17	28	27	95	58	95	28	26	35	43	93	35	48	77	36	61	78	40	80	96	19	92	13	39	51	61	33	71	20	26	70	33	81	42	25	89	43	16	59	90	43	98	27	74	14	64	85	27	16	27	18	74	76	31	53	38	70	43	93	57	62	29	34	84	16	47	39	97	53	41	46	22	85	43	40	52	55	45	94	99	80	30	32	92	78	73	77	88	23	98	94	56	84	12	89	89	18	52	80	66	93	91	11	46	41	22	66	52	71	88	87	18	12	50	28	24	87	96	40	79	59	56	65	76	78	46	93	33	29	37	74	73	24	31	43	32	28	97	37
100	43	47	81	97	62	95	60	31	29	69	38	31	92	27	66	49	80	66	95	96	93	79	23	56	45	82	57	95	51	98	96	17	54	45	32	36	39	94	36	43	32	91	66	94	71	19	59	13	94	43	55	71	59	32	35	22	75	66	46	72	51	13	82	98	38	94	16	66	83	85	13	73	12	10	15	85	95	56	100	96	66	70	17	81	76	53	31	38	27	19	21	28	50	59	91	11	31	57	99	25	87	91	81	34	19	42	77	29	43	23	96	56	14	76	69	98	16	21	42	86	26	18	18	68	39	51	67	65	87	11	54	64	56	78	51	11	54	67	36	67	62	65	20	64	32	34	30	60	57	67	86	65	71	27	49	29	37	66	92	54	23	67	67	30	49	64	93	60	74	49	56	22	22	34	15	62	64	93	68	37	11	31	40	42	60	42	63	84	80	15	63	67	16	58	90	30	55	16	94
11	77	54	70	47	87	49	93	12	72	37	55	94	11	15	52	87	12	82	99	25	74	54	100	23	80	36	54	42	18	77	91	10	66	60	59	70	31	96	58	91	33	43	37	44	69	88	36	77	35	24	47	73	76	55	34	93	56	89	53	68	25	44	91	72	50	15	95	60	34	10	47	24	57	61	95	92	55	22	30	61	28	68	54	27	39	93	44	93	68	31	13	80	37	87	74	49	65	30	21	11	45	58	16	18	72	25	91	49	10	53	44	13	45	58	41	76	46	45	94	91	60	59	17	85	80	27	45	74	68	44	17	15	21	38	30	32	70	15	16	91	57	59	63	15	43	50	80	63	27	87	17	36	40	65	62	25	63	88	94	97	51	78	21	31	88	12	51	23	63	82	44	39	24	67	62	80	51	94	52	98	46	46	32	48	38	30	23	65	58	71	75	57	29	84	86	51	30	99	44
96	46	65	34	26	22	72	59	40	14	46	56	19	53	44	61	51	64	72	75	47	77	54	74	18	29	80	28	64	21	68	96	46	45	12	28	11	84	36	58	70	73	82	69	56	40	11	23	99	25	33	92	65	90	20	99	56	39	51	52	49	46	47	89	10	21	83	85	28	64	70	87	70	22	55	60	83	40	21	63	57	52	16	81	35	71	65	58	40	68	62	61	30	54	43	87	28	42	59	19	46	91	80	38	68	53	12	75	40	94	51	93	45	36	52	95	19	19	46	37	37	70	43	81	70	46	23	91	12	44	29	60	48	86	41	39	66	80	56	50	22	31	21	35	30	85	25	22	29	79	92	38	20	30	32	56	17	89	37	50	96	49	12	100	80	39	40	93	81	19	69	87	91	60	87	11	25	86	68	91	46	60	25	28	51	88	47	91	11	43	74	87	48	98	43	78	53	28	27	33
63	13	83	44	86	22	60	87	62	88	54	16	96	51	97	41	79	16	97	25	63	49	38	42	47	15	76	37	15	71	93	11	12	16	81	50	51	89	98	23	29	34	24	49	57	76	85	27	56	93	36	64	63	85	35	54	45	50	49	55	72	50	74	12	33	48	96	68	21	64	44	77	19	38	78	76	34	45	56	57	64	58	50	77	53	57	72	97	98	54	24	80	79	34	85	41	31	80	50	28	12	84	52	71	55	21	64	70	11	83	58	83	66	60	11	93	27	28	70	53	26	32	70	55	54	34	98	83	25	92	17	62	51	26	57	27	47	13	21	23	78	39	65	100	97	56	85	68	74	47	44	81	70	69	55	19	69	81	44	26	88	45	40	88	42	81	60	12	99	83	63	24	23	23	67	78	87	54	32	37	31	90	52	95	90	24	87	78	41	70	58	38	42	44	100	60	68	27	80	58
69	51	77	29	67	45	62	41	87	15	18	92	59	32	14	29	28	89	98	41	70	36	29	41	28	48	10	46	64	31	47	30	34	57	24	80	87	73	76	38	89	81	89	90	10	93	34	16	10	31	57	58	91	18	64	28	56	45	49	81	77	88	28	67	31	50	59	14	100	79	64	38	44	93	27	91	19	41	12	89	41	29	92	50	28	29	75	29	23	27	85	95	31	51	12	92	71	67	100	42	29	26	37	74	25	71	78	43	66	67	66	45	39	59	22	58	12	46	46	63	72	85	75	43	66	44	15	78	64	49	22	57	19	100	46	77	26	66	10	60	40	65	99	10	23	50	66	81	10	47	18	72	78	96	65	44	10	93	93	71	62	88	80	79	47	91	14	39	34	44	68	28	84	87	89	51	95	86	65	39	93	30	72	68	88	49	34	24	29	65	48	12	74	95	67	66	24	36	67	10
27	69	11	52	23	18	14	63	27	80	17	32	81	24	16	67	92	70	98	28	96	43	32	19	75	54	70	25	81	91	27	12	11	79	89	99	32	59	83	24	41	39	77	86	45	71	11	75	70	80	71	74	99	67	19	79	49	83	84	75	22	21	20	76	78	31	41	98	55	74	41	82	53	37	70	23	31	62	35	23	74	11	64	17	66	95	50	95	47	13	74	23	82	33	24	41	13	85	87	61	64	25	17	18	20	33	14	28	56	24	83	24	18	86	94	62	67	59	33	95	17	45	92	88	47	31	92	97	92	84	34	71	58	57	69	62	97	84	94	88	13	52	47	23	84	26	44	74	95	13	61	19	96	31	85	42	83	74	26	49	51	21	82	14	20	55	49	25	99	74	23	85	28	48	21	29	46	74	31	67	89	24	50	74	60	97	47	73	92	80	73	58	61	44	84	95	13	82	93	44
64	79	60	78	50	49	34	56	66	12	69	73	89	21	92	43	87	91	97	56	13	30	78	88	49	91	30	46	25	52	16	20	79	14	99	89	21	67	50	38	79	97	58	80	79	69	36	15	11	29	19	10	17	32	50	100	33	22	13	100	69	33	73	57	32	79	67	45	69	39	30	97	63	27	59	11	80	66	65	94	42	90	32	82	22	66	32	98	20	64	95	57	35	84	12	41	68	27	87	22	27	45	95	12	48	83	59	36	54	89	31	21	74	99	38	37	75	23	100	87	36	29	71	43	51	78	79	99	31	70	21	79	14	43	12	56	62	18	67	54	84	78	97	52	32	13	44	77	18	88	39	52	93	91	99	67	48	93	86	61	85	51	71	97	55	79	61	84	69	90	13	51	68	17	53	91	25	82	84	46	57	100	98	43	28	86	90	99	76	52	61	51	18	15	39	95	30	80	13	23
61	46	52	59	80	71	16	92	68	31	89	53	58	51	45	52	61	43	82	71	27	19	23	87	72	46	90	16	56	42	80	70	39	74	25	26	73	83	29	17	30	73	95	89	66	59	56	45	58	15	37	57	11	40	27	33	68	32	39	86	25	47	41	90	71	45	14	62	55	95	15	68	37	43	78	30	20	61	28	48	42	78	34	66	14	84	35	85	100	58	45	55	88	64	65	43	100	68	45	95	11	47	91	88	17	14	84	48	57	99	63	35	19	77	85	49	98	29	47	29	95	45	15	92	43	13	30	12	21	92	11	35	28	99	10	80	16	87	15	51	22	72	32	53	74	60	98	78	59	48	79	71	98	70	85	22	30	76	47	58	73	48	28	13	82	60	12	10	86	73	10	20	40	19	100	48	73	17	99	76	54	86	19	32	11	100	53	83	54	94	72	31	53	48	99	29	42	92	29	14
92	84	26	61	69	69	36	82	66	87	50	84	25	29	76	46	76	56	74	88	97	98	52	14	39	74	19	50	98	35	59	41	70	25	95	23	15	56	13	12	41	59	62	79	53	30	20	25	12	42	53	29	19	96	19	18	11	80	67	50	88	52	82	24	62	51	84	54	54	49	66	77	90	85	49	64	55	60	23	78	90	99	19	13	48	58	53	18	97	21	87	32	39	88	58	32	71	81	39	35	19	85	22	75	74	34	32	42	54	60	67	93	99	47	51	19	72	79	73	53	42	73	57	51	97	87	88	84	75	25	99	70	49	32	27	40	37	75	33	78	74	53	88	44	83	23	85	73	50	29	52	89	29	76	68	22	21	51	78	69	66	71	43	68	78	15	65	99	89	89	53	58	37	34	53	70	44	65	81	75	16	24	60	48	71	10	73	36	55	92	68	71	28	75	27	98	91	23	77	38
14	92	89	21	42	85	83	16	43	29	35	30	41	47	57	20	68	42	24	92	46	69	43	80	30	48	58	94	91	86	84	17	41	18	53	14	52	77	19	25	64	60	39	59	23	49	22	47	93	96	28	19	38	98	15	84	85	67	53	21	92	89	96	35	55	75	49	92	65	48	80	16	26	34	47	53	51	87	69	39	46	97	83	40	53	87	47	79	68	29	12	98	81	24	82	75	72	60	79	31	46	93	70	95	25	95	73	66	60	49	65	15	76	16	32	52	34	55	46	85	19	19	69	83	48	91	19	42	74	30	71	60	99	20	19	14	44	72	100	14	31	41	19	57	87	30	95	18	71	27	26	74	81	34	67	98	41	38	87	28	72	18	31	87	61	96	77	34	50	97	99	90	34	50	44	58	27	71	23	75	46	22	43	24	13	18	100	13	32	29	45	94	98	33	69	30	76	79	36	70
30	76	89	34	31	45	91	60	41	44	90	77	53	90	84	23	40	16	77	64	46	89	94	83	44	21	80	46	23	27	40	99	32	11	80	38	44	28	97	33	33	56	98	32	56	72	47	37	42	11	81	47	98	83	33	77	57	45	19	19	50	94	10	74	41	90	35	45	11	40	71	99	50	17	17	51	71	47	16	96	39	28	99	87	85	34	16	67	11	36	23	73	35	20	83	55	53	73	19	69	24	62	76	76	96	81	79	69	58	56	85	23	27	81	65	34	56	75	30	57	43	86	42	16	55	65	39	34	57	94	68	32	27	60	58	46	36	36	67	86	57	28	97	77	94	77	37	35	61	14	12	51	41	61	91	16	65	63	91	35	26	85	31	45	63	53	26	92	11	58	85	74	54	59	35	32	25	95	60	65	92	37	90	58	32	81	60	80	36	27	64	49	76	10	18	70	36	44	35	25
86	11	38	77	23	63	81	20	31	36	60	37	94	83	31	22	46	40	48	23	88	13	17	32	26	29	40	70	55	12	55	67	57	45	73	69	90	86	87	96	90	82	60	81	28	82	26	93	56	29	71	48	56	35	94	49	85	39	93	38	60	65	55	69	30	54	46	72	40	83	11	90	56	21	35	28	78	28	12	48	60	25	19	41	96	38	60	83	37	27	25	79	89	27	68	84	85	18	66	78	16	41	27	20	40	84	16	91	44	65	24	86	89	63	56	25	95	19	56	62	31	44	77	69	21	51	41	37	23	75	15	25	62	76	23	75	56	56	29	89	78	66	61	99	48	51	65	26	19	75	87	60	48	20	43	21	94	24	35	38	25	22	58	61	53	37	96	21	54	22	62	20	22	96	23	59	99	57	40	35	31	42	19	86	95	41	91	20	69	47	100	13	60	57	67	94	59	28	55	78
62	20	16	99	41	93	24	34	67	29	94	41	40	15	42	81	92	64	58	98	60	30	64	73	26	44	93	33	13	57	55	88	66	28	30	98	95	44	44	59	87	25	68	63	40	62	21	37	21	80	39	100	29	79	23	30	38	75	40	93	94	82	82	70	90	82	32	63	41	46	45	63	45	74	33	67	88	30	46	17	99	13	60	64	95	51	21	35	45	89	66	52	71	36	92	52	36	88	86	19	83	22	81	18	45	31	91	39	77	59	53	39	40	95	31	32	71	14	31	88	23	43	46	34	32	65	37	40	67	81	61	90	73	83	58	40	28	94	16	99	31	99	82	80	13	17	90	33	66	55	24	79	56	34	76	16	85	77	81	10	69	76	97	49	72	41	15	97	22	95	76	93	13	22	27	63	22	78	92	33	35	52	83	45	88	34	25	23	24	37	41	92	92	53	82	30	12	30	60	88
34	97	66	34	85	97	18	41	27	38	26	17	72	76	67	27	41	54	23	11	99	43	15	35	36	59	14	84	12	27	24	48	15	59	80	41	28	50	15	66	22	64	53	79	64	87	56	87	52	81	99	15	81	73	55	54	31	37	96	22	22	16	90	24	79	16	55	59	21	18	99	70	19	56	54	71	32	95	15	21	67	75	26	53	23	89	38	22	57	87	48	52	63	73	13	51	58	73	95	31	26	86	45	44	62	12	79	67	74	12	94	49	18	27	40	89	76	29	35	60	14	14	60	57	13	48	17	80	41	96	55	24	93	39	24	95	40	62	43	53	92	14	43	69	53	16	55	80	98	68	80	21	46	55	40	46	70	65	83	73	69	42	11	94	59	58	64	17	23	26	90	42	71	44	27	55	70	44	64	54	31	20	61	52	24	73	31	69	36	76	21	70	33	78	52	46	27	15	14	31
43	93	58	52	45	87	64	80	53	30	96	17	89	18	86	42	34	56	100	28	48	95	76	95	51	12	22	65	48	33	32	35	21	22	82	55	51	77	90	23	83	52	57	38	33	70	51	39	34	80	36	27	94	30	14	42	69	69	44	61	14	13	48	30	77	36	38	62	34	82	16	73	44	63	51	88	14	86	19	95	73	72	92	74	27	17	45	91	34	38	11	14	49	94	54	70	32	18	64	85	13	49	87	34	13	26	52	97	79	33	28	76	55	19	80	57	17	41	34	50	78	39	76	36	87	76	98	55	43	47	60	54	21	75	25	22	95	60	54	84	58	24	27	80	31	48	56	26	56	41	83	82	30	57	87	35	79	88	15	30	45	70	96	35	44	85	88	19	39	78	80	53	21	11	33	78	76	56	93	62	84	85	67	90	36	87	79	35	26	64	68	37	87	82	23	43	41	93	10	89
92	99	41	48	48	40	85	30	36	70	65	20	76	68	62	68	95	98	35	16	16	17	51	59	21	77	96	68	84	35	80	29	21	84	48	90	87	46	30	86	36	42	94	96	80	44	69	33	60	17	10	21	75	83	19	32	62	91	84	63	74	48	98	99	73	67	55	89	53	18	13	13	48	64	66	19	20	82	56	68	67	68	49	36	34	18	35	45	53	26	73	65	98	82	28	22	54	99	14	40	65	13	18	46	59	49	42	99	89	12	38	77	95	54	11	11	27	73	44	60	88	40	58	99	81	29	31	67	59	54	19	72	65	43	78	89	31	37	68	16	98	37	29	58	69	72	94	99	70	66	75	34	51	81	25	50	82	52	28	76	23	89	15	37	73	44	43	31	12	97	78	34	88	31	54	26	30	28	79	15	19	84	54	51	12	74	42	71	10	38	94	34	58	34	51	97	73	54	87	45
65	61	70	52	76	18	98	15	85	74	97	46	66	85	91	13	48	60	72	25	34	74	75	60	24	87	39	77	78	68	25	43	72	23	27	89	30	67	70	88	80	53	35	35	78	42	81	58	17	36	31	88	27	34	15	56	71	40	16	33	74	91	10	94	99	38	31	65	36	14	55	97	24	24	59	28	15	76	29	63	71	100	46	62	28	89	15	52	25	30	10	14	93	21	72	76	32	75	100	60	24	80	41	53	47	30	14	21	42	57	28	74	20	99	38	62	62	20	30	77	72	20	99	27	28	66	52	34	97	86	72	12	18	75	25	43	67	64	95	67	68	77	54	82	42	54	58	95	48	53	45	74	86	24	22	77	85	68	58	70	26	90	92	21	64	58	11	74	79	86	43	74	32	48	27	88	93	61	33	69	14	86	41	31	61	65	62	12	27	53	63	21	95	45	44	40	10	97	81	34
26	49	54	50	22	67	61	31	38	95	87	15	62	47	48	43	10	99	13	72	72	25	29	66	98	17	82	75	63	61	68	58	38	94	66	39	49	16	99	91	89	71	42	17	33	83	98	68	24	37	73	33	27	55	38	55	14	43	70	98	16	19	62	74	67	58	41	90	42	27	83	67	43	73	31	15	45	34	63	37	96	53	11	56	14	74	73	19	73	31	11	72	47	98	47	67	91	10	36	15	48	32	65	74	76	31	14	72	91	99	77	13	81	28	23	95	60	45	94	99	84	16	10	98	37	77	45	76	70	80	84	48	32	97	46	20	45	10	71	15	34	14	87	63	93	88	28	34	66	16	64	50	52	29	18	26	86	29	48	96	66	77	30	99	42	35	90	16	40	43	33	41	95	98	71	52	27	94	84	21	40	40	32	27	64	48	33	56	99	25	21	87	70	63	54	85	49	17	84	13
43	18	53	12	60	92	78	17	18	66	89	71	20	68	64	41	91	17	89	76	86	30	85	18	32	54	22	64	34	89	73	31	100	47	11	15	84	47	63	25	71	45	63	25	93	26	92	15	41	28	17	63	48	79	69	38	12	36	54	44	63	46	32	64	72	20	48	94	60	97	25	69	59	89	61	36	36	69	51	20	13	24	18	81	11	29	67	91	97	58	56	40	44	32	87	85	71	68	66	64	91	72	85	82	95	64	91	45	15	28	63	51	27	87	39	74	37	58	25	55	54	27	36	46	75	74	54	63	58	60	18	65	42	62	13	93	50	50	31	64	49	26	85	37	46	90	63	77	44	91	85	13	66	53	50	76	31	51	75	15	56	92	40	25	29	64	75	70	21	62	25	19	92	37	38	98	66	49	77	38	34	97	11	81	88	11	87	57	78	56	45	36	76	71	77	49	96	93	87	96
84	11	96	41	31	74	93	65	74	52	61	28	54	77	74	65	38	80	88	19	68	21	56	28	57	98	58	66	28	63	29	76	31	12	16	98	83	28	37	27	93	54	76	80	84	96	21	81	51	39	53	13	12	14	25	68	65	56	76	95	59	16	88	28	20	96	90	87	75	88	31	17	36	43	11	33	68	45	75	71	30	96	51	44	23	16	62	84	53	61	94	49	39	94	28	36	73	98	62	66	31	47	90	75	69	15	94	29	31	15	83	64	48	12	32	40	87	24	39	100	55	31	52	51	44	76	60	87	46	91	85	24	81	41	62	23	86	74	32	53	98	19	21	88	92	15	75	83	93	84	41	48	48	44	14	83	78	82	91	87	65	93	30	41	64	10	22	59	47	24	18	42	87	48	27	32	82	28	69	30	85	17	20	48	93	58	58	67	93	47	97	68	52	37	70	29	66	45	56	46
30	11	19	32	53	26	61	46	77	13	13	15	44	94	57	20	10	49	56	32	12	21	55	35	100	92	19	87	86	21	88	22	14	55	81	94	33	48	38	70	12	12	65	12	74	46	44	91	66	65	50	42	43	91	75	45	40	39	68	80	38	28	33	63	56	91	78	81	81	60	68	70	29	71	38	29	50	73	59	45	48	33	19	85	97	86	72	16	36	41	34	78	88	34	56	42	12	20	48	84	55	46	80	94	79	49	88	68	40	91	38	25	23	50	30	39	57	18	87	40	36	99	23	34	32	95	99	32	90	48	65	93	61	76	33	52	95	45	42	10	91	97	35	33	47	97	87	64	50	18	15	43	55	43	38	85	17	27	28	18	12	95	87	11	24	30	58	33	55	17	66	71	99	31	52	19	30	62	25	55	24	98	88	19	71	49	99	24	39	40	76	34	27	36	73	47	57	72	20	27
70	58	40	87	93	76	61	13	12	21	93	83	37	13	11	12	92	37	60	56	42	51	74	85	31	76	58	11	36	31	12	24	42	12	51	27	35	80	58	65	97	16	60	71	77	98	71	73	18	95	58	28	58	73	56	88	100	82	26	28	24	73	37	34	90	85	72	64	60	75	32	85	90	54	88	56	54	55	47	82	23	54	58	84	78	18	31	23	35	37	57	17	49	79	98	27	94	18	70	92	75	95	60	35	30	25	35	56	36	45	63	88	72	70	97	28	38	56	61	19	66	92	42	16	82	75	39	57	61	15	44	20	35	45	76	25	22	97	31	62	99	15	69	53	44	47	49	24	23	29	74	73	59	56	88	10	94	65	72	91	43	23	25	28	59	24	92	78	80	19	41	66	46	72	82	69	78	15	24	84	40	36	71	18	46	85	49	70	27	26	63	40	11	67	67	66	48	48	57	76
22	85	79	17	27	74	31	38	85	85	50	20	78	84	73	44	79	68	86	73	27	42	42	97	12	43	84	62	36	47	85	99	23	56	30	19	50	16	97	60	52	73	76	97	43	85	19	86	69	67	46	83	56	55	74	98	29	50	22	83	73	23	89	16	72	55	99	39	29	69	48	70	64	41	59	83	37	62	10	34	89	12	88	12	52	29	20	32	26	37	84	56	73	39	96	55	21	80	39	46	78	62	11	99	12	14	86	95	66	14	36	28	50	50	93	13	100	56	62	57	42	30	26	42	95	91	56	83	13	13	86	97	33	26	57	54	59	51	66	33	33	30	48	26	55	50	98	13	29	44	16	60	19	58	70	20	94	77	24	72	67	45	44	33	53	17	15	10	83	37	47	61	12	79	40	58	14	33	83	86	16	19	48	25	26	39	16	41	14	15	22	66	61	80	79	26	51	51	23	99
24	36	95	86	89	31	46	88	22	10	86	71	28	52	40	56	38	46	76	49	83	68	50	80	61	18	77	86	52	31	40	27	75	61	55	96	10	54	61	59	25	51	76	83	37	14	31	26	54	59	27	97	78	95	77	80	65	85	82	92	73	90	90	71	29	98	31	48	81	66	40	35	77	52	40	57	99	79	49	36	36	36	66	46	41	41	37	53	84	51	51	39	50	29	38	43	88	27	88	73	58	70	57	97	44	19	10	88	75	57	43	52	87	96	90	67	71	48	16	15	83	27	34	39	34	29	98	57	36	23	94	79	39	51	34	65	49	60	79	28	87	83	15	68	11	84	62	72	76	61	23	98	27	49	35	20	65	94	80	48	38	87	44	32	30	44	60	80	16	56	65	32	30	72	43	100	69	12	74	88	35	75	90	51	34	100	35	15	21	23	20	15	96	89	93	97	65	89	80	86
63	78	92	43	58	27	20	78	83	42	37	21	41	45	76	88	57	38	48	42	41	17	23	49	72	77	25	60	50	24	86	61	69	17	87	40	56	51	68	82	40	50	39	71	57	29	86	65	64	85	93	85	75	100	53	65	62	67	55	77	23	26	65	47	16	73	66	17	53	61	95	40	43	40	56	68	48	49	95	68	39	94	71	69	15	45	27	86	40	60	19	73	82	32	33	75	38	93	97	36	59	32	96	10	93	57	93	45	34	86	31	85	12	42	95	75	26	76	37	50	79	33	13	55	71	37	53	24	16	94	99	93	30	37	14	72	26	46	23	50	71	20	56	83	74	20	81	55	83	37	52	62	35	34	57	40	37	93	12	26	43	87	55	83	25	81	63	100	43	36	23	69	90	26	28	36	17	80	39	38	58	61	72	29	38	53	53	28	31	76	63	12	27	78	48	45	48	36	26	40
25	30	96	64	23	13	40	65	56	41	28	20	43	46	85	23	66	70	41	32	87	94	13	51	36	93	65	74	42	89	88	75	42	12	62	95	36	71	60	98	82	98	90	58	36	74	11	38	96	79	52	50	69	24	73	54	43	68	49	13	96	60	34	52	65	17	30	76	28	83	82	22	35	77	20	22	61	15	56	72	90	33	11	16	52	84	79	35	95	87	58	74	25	33	40	98	40	17	21	100	56	89	44	63	56	29	83	19	65	22	54	46	47	90	18	83	23	65	77	94	24	23	88	33	51	98	65	17	74	69	55	95	92	68	67	18	95	90	52	71	11	11	65	33	82	63	86	66	83	49	79	46	40	24	16	41	11	24	63	79	39	18	67	32	60	35	78	55	84	89	94	47	63	28	70	64	51	72	52	29	96	26	79	14	93	88	72	89	90	80	37	91	28	24	45	54	41	42	59	49
94	33	21	34	24	60	14	71	56	10	94	35	79	72	45	54	58	26	64	70	93	12	40	33	29	30	61	91	28	55	85	84	58	25	53	95	32	50	91	88	48	34	69	25	28	89	74	23	74	54	72	49	25	99	72	49	15	18	57	60	37	29	63	80	53	39	28	28	74	23	52	74	80	75	13	95	17	52	42	67	59	55	31	64	53	91	89	29	42	88	15	38	67	76	41	91	81	53	48	34	88	81	87	53	94	96	26	66	62	40	52	53	14	13	55	11	57	55	72	75	27	66	25	30	22	95	87	38	11	73	11	15	33	63	94	65	67	96	58	83	55	57	88	67	71	75	33	90	37	81	24	18	28	65	22	17	21	89	43	31	57	76	83	19	11	60	57	19	77	44	19	96	14	100	98	99	19	69	69	71	22	58	70	56	49	22	58	60	13	50	14	95	44	33	34	38	28	18	100	46
55	39	91	42	58	16	76	83	87	71	98	38	36	21	59	24	80	95	40	71	30	24	42	52	95	18	93	14	60	36	57	46	57	89	59	52	36	36	83	84	82	79	83	85	72	30	82	99	64	14	37	93	32	81	93	72	70	78	37	19	81	10	20	51	81	70	45	85	59	89	78	41	87	90	99	19	89	63	53	94	43	72	23	52	78	68	38	59	77	100	71	49	16	26	41	36	36	27	40	96	11	48	70	62	49	69	87	66	63	93	85	56	71	40	98	77	54	33	32	58	57	40	81	65	97	38	51	17	99	45	75	49	92	61	84	17	26	72	22	40	59	82	35	72	59	12	15	53	40	47	29	21	14	11	84	55	95	85	78	55	90	38	66	15	11	90	28	84	36	52	25	21	29	56	17	30	58	87	68	77	84	33	62	18	12	61	87	80	77	87	93	63	76	14	67	61	68	56	34	98
68	69	62	38	64	58	81	49	97	21	74	32	68	31	27	19	76	41	79	17	88	10	12	61	96	99	20	93	97	37	75	57	84	30	75	12	48	95	45	71	85	55	97	29	68	33	65	46	37	25	84	33	90	12	86	39	79	61	96	20	60	68	24	77	40	63	16	17	62	77	37	27	28	48	26	29	12	83	73	98	85	32	28	36	78	75	76	69	38	72	57	22	70	26	48	88	69	54	65	54	36	57	16	54	33	97	61	69	36	88	46	24	80	53	27	95	31	73	17	21	59	72	55	57	84	88	78	17	66	17	11	42	34	56	37	49	71	67	76	72	64	77	20	42	34	45	77	35	18	45	61	39	43	96	80	84	66	44	97	69	62	44	46	16	71	79	51	89	71	21	15	17	43	46	73	78	85	46	25	12	84	97	93	98	37	44	17	66	70	53	25	49	83	27	51	10	73	71	18	47
96	84	58	50	41	62	17	44	50	93	15	94	60	16	39	33	18	43	33	33	28	58	24	97	85	90	33	60	29	50	91	44	92	94	77	63	31	46	19	81	15	44	82	60	84	21	16	83	80	88	18	68	38	42	35	24	99	50	44	67	15	66	100	97	63	26	65	17	68	43	29	77	17	70	55	47	35	69	51	54	58	31	68	92	58	34	21	63	32	88	27	41	22	15	78	84	28	18	67	44	93	77	76	93	23	54	40	98	79	69	46	19	97	43	11	36	40	60	22	50	88	21	82	51	48	96	13	21	44	23	88	24	28	60	53	90	19	64	16	68	72	54	98	94	48	94	26	23	19	50	89	52	86	57	68	22	99	98	13	58	60	56	61	45	54	82	30	17	24	26	94	34	93	10	83	86	27	62	38	23	43	58	76	43	86	99	93	27	27	91	23	18	52	35	60	36	35	71	21	42
87	98	50	84	28	63	81	38	84	62	67	11	85	60	18	19	10	59	58	33	82	48	79	28	18	87	33	94	90	14	76	72	75	28	96	54	74	31	18	95	85	95	32	47	98	55	94	18	66	13	50	26	26	11	82	24	93	56	100	21	28	96	87	78	92	80	72	67	53	52	52	15	51	98	100	25	75	84	75	78	60	50	74	76	39	47	24	25	93	86	70	96	41	96	60	19	48	17	54	71	44	41	24	85	47	10	61	91	14	38	31	60	36	79	26	91	75	62	66	71	53	76	13	31	25	29	22	88	38	91	19	55	55	16	60	76	55	13	32	61	30	90	11	60	99	12	13	78	86	20	11	11	36	92	92	35	35	45	48	19	79	83	99	72	64	84	13	73	54	74	94	52	42	93	87	35	83	14	93	75	23	75	34	56	13	46	52	54	34	97	59	52	39	27	87	56	49	11	34	91
67	69	56	75	85	95	73	57	61	73	45	47	79	69	85	45	60	44	52	94	57	44	88	37	66	32	50	17	56	31	98	61	94	27	62	42	82	25	62	85	27	79	55	65	36	70	96	85	22	62	46	10	92	46	76	76	21	67	29	27	99	61	53	84	46	28	96	39	35	100	27	60	98	57	33	33	29	35	84	50	77	56	33	87	23	95	67	55	50	82	76	65	20	39	53	19	69	96	46	99	32	62	71	16	91	55	66	25	76	58	84	70	42	92	42	85	14	25	74	97	81	82	49	99	34	10	42	41	47	22	80	93	47	93	34	47	90	80	53	92	81	70	98	75	16	13	27	49	27	34	53	91	79	51	46	39	95	13	28	60	46	63	17	43	67	22	11	34	90	15	37	22	27	40	92	47	77	78	25	90	50	49	99	48	27	12	81	33	96	90	15	81	26	32	54	73	22	59	63	82
65	85	60	98	98	62	23	98	69	26	92	90	87	73	98	64	77	65	49	23	56	68	72	63	83	26	67	17	35	26	31	91	76	42	56	43	40	41	77	36	64	32	35	77	20	15	77	64	21	70	35	60	20	76	98	90	85	75	34	27	34	11	69	51	71	77	87	63	39	91	71	22	75	36	81	26	39	60	13	41	34	32	53	20	85	68	30	78	74	90	85	34	47	16	96	65	82	75	21	60	74	34	36	40	54	58	54	87	17	40	16	15	87	49	23	53	55	46	47	28	83	64	27	57	54	39	48	74	59	61	83	75	25	96	79	40	13	33	88	91	83	90	77	20	30	56	100	29	33	87	89	82	72	67	94	54	17	46	74	98	26	28	17	22	84	91	14	56	35	62	62	64	57	96	53	88	26	54	18	77	89	81	44	48	13	20	45	58	50	39	58	41	61	69	19	46	95	19	50	20
90	63	72	43	44	78	38	30	85	79	52	86	56	92	17	22	49	70	41	27	63	80	76	26	56	34	80	88	69	51	63	52	33	25	54	49	98	95	99	19	17	59	58	15	75	14	75	98	60	28	86	78	12	44	28	47	36	63	95	79	36	45	26	79	41	68	20	47	62	41	83	97	68	60	17	93	94	47	28	90	41	70	79	22	55	62	99	56	27	51	20	55	46	52	49	27	50	29	59	97	34	35	14	63	63	59	88	17	80	20	49	89	64	37	84	44	21	71	57	14	91	79	42	18	100	70	43	78	25	97	68	95	24	84	70	50	70	13	75	25	65	75	68	79	69	75	62	39	52	66	58	56	89	50	23	24	37	22	78	41	90	72	19	74	62	29	48	28	80	16	75	89	62	72	26	22	49	78	19	61	15	94	81	53	54	53	30	58	21	43	44	85	87	14	30	72	58	69	63	53
64	32	54	69	70	84	62	44	44	86	29	53	28	20	66	89	68	15	51	19	96	74	31	60	77	85	78	11	73	98	72	79	50	93	41	21	59	52	65	96	84	15	92	31	33	72	26	86	86	65	18	22	30	75	78	73	82	66	82	97	74	34	69	73	36	91	94	86	85	78	89	67	26	21	64	70	54	60	31	98	55	81	34	70	34	91	70	78	48	28	41	19	73	74	33	12	38	76	12	39	14	69	65	38	96	29	78	42	19	12	12	57	32	13	66	32	53	35	85	39	85	51	44	21	78	16	72	77	53	94	33	23	39	23	34	90	75	49	25	95	86	53	37	74	57	17	27	54	60	86	32	91	76	20	42	48	87	80	36	62	26	75	67	23	27	52	25	50	50	89	94	58	93	84	67	18	56	15	31	48	49	36	81	97	83	39	31	40	19	99	35	67	48	61	85	16	11	13	85	44
15	26	12	41	88	85	73	73	84	46	68	28	21	81	86	39	30	22	73	53	18	53	11	84	56	21	81	39	56	82	23	46	66	17	63	25	53	72	75	50	65	30	98	55	94	100	18	36	60	98	99	79	20	75	27	97	61	58	92	94	76	58	55	35	26	21	20	16	42	43	30	87	91	65	46	91	20	35	13	96	20	69	54	56	39	91	34	98	47	66	20	29	30	73	15	84	51	27	62	86	21	61	75	44	38	90	80	68	55	21	71	59	14	15	93	19	21	35	17	20	25	81	52	76	73	45	59	86	85	69	84	73	64	10	44	83	12	37	32	84	49	31	74	11	88	32	22	99	31	31	27	98	48	16	41	24	71	75	89	55	51	33	63	70	54	86	64	11	41	80	74	15	95	68	76	19	52	52	52	62	90	94	21	92	80	47	46	84	34	21	56	59	98	21	11	31	88	93	48	35
23	48	29	43	17	92	24	18	83	95	42	62	67	56	39	93	32	41	14	83	42	86	51	39	87	64	34	87	11	85	57	74	59	65	11	56	18	89	63	49	12	54	57	36	45	47	14	39	52	73	18	81	82	35	70	69	19	38	87	76	72	78	36	37	80	89	41	48	16	78	16	98	20	44	69	53	66	77	77	25	61	95	46	38	19	92	55	32	86	49	13	73	17	61	81	88	32	13	17	35	83	83	80	49	63	54	12	48	26	94	56	16	89	85	88	11	73	88	42	16	53	64	88	73	83	14	32	27	84	37	71	59	77	68	66	45	88	65	40	65	79	77	42	79	67	64	34	64	25	87	37	86	68	39	67	39	40	22	42	42	11	60	22	91	49	42	97	34	31	43	24	59	38	97	25	33	40	44	25	65	83	96	64	41	12	60	17	93	79	27	15	77	23	87	41	87	45	100	89	40
64	71	24	77	24	35	81	60	53	36	15	72	17	54	27	19	63	30	81	92	78	70	62	55	74	19	23	45	70	64	53	80	12	54	65	57	17	48	81	93	39	32	59	40	28	37	60	46	75	17	91	68	30	65	54	82	11	64	35	97	52	50	72	52	69	54	41	41	81	96	71	14	18	48	79	23	33	36	49	58	53	30	89	18	88	47	14	52	41	92	77	38	21	24	31	67	43	91	74	60	64	12	84	91	96	55	91	42	10	65	81	89	21	16	55	26	33	60	31	16	77	18	90	22	87	33	90	22	73	89	38	37	89	91	31	38	68	19	71	82	97	75	62	53	91	68	98	85	60	48	39	58	98	91	56	94	11	18	38	81	14	66	27	47	70	79	48	71	100	72	98	10	99	58	30	85	81	11	58	13	26	16	64	72	32	100	33	27	31	53	20	60	57	20	44	29	59	80	36	74
89	64	50	91	96	72	11	86	38	26	53	49	95	40	31	80	14	64	60	98	85	55	62	59	47	32	42	21	94	83	65	92	95	27	41	16	44	76	44	87	12	22	55	86	34	63	35	99	68	63	24	28	21	56	47	13	42	28	52	18	97	60	94	84	29	16	62	94	50	40	81	41	53	29	34	22	63	49	59	36	69	90	24	13	28	17	88	95	45	51	39	23	34	84	12	62	50	69	51	70	69	18	84	11	34	39	27	47	54	18	76	87	15	38	16	49	11	90	72	30	83	18	38	92	75	60	10	80	69	71	54	54	76	35	65	91	78	38	27	14	54	84	61	82	94	73	73	48	88	82	18	18	18	80	62	85	63	20	31	23	15	66	25	95	62	93	64	24	19	71	47	35	26	81	91	61	74	43	95	68	39	38	42	14	33	97	21	19	36	17	27	24	63	37	68	43	14	89	10	10
25	49	97	29	94	70	11	29	88	87	61	90	72	65	35	68	48	59	49	59	39	28	51	20	29	54	28	52	82	13	63	72	38	61	64	51	18	100	45	80	35	31	44	64	72	63	25	51	94	16	88	37	77	10	54	83	78	66	68	17	56	60	95	50	82	96	34	78	51	20	66	90	55	40	13	75	80	74	22	80	46	81	73	84	80	93	87	70	26	78	44	62	34	82	19	35	60	40	46	27	10	58	39	74	39	12	60	67	71	14	49	41	53	34	36	87	42	76	77	63	53	24	98	71	61	97	13	51	33	61	38	53	97	81	14	40	95	94	91	98	78	53	42	25	25	56	68	77	88	100	21	30	71	25	16	73	68	98	23	27	31	60	18	14	24	21	65	38	92	68	44	38	27	12	24	36	23	75	23	23	28	25	20	29	79	60	100	31	75	90	22	93	92	90	17	89	92	72	91	30
81	48	46	16	56	81	58	90	83	20	78	29	12	44	94	50	32	25	35	31	41	39	75	54	38	37	90	34	31	41	13	36	40	63	67	53	32	63	98	98	90	14	76	79	40	43	36	52	80	33	35	95	78	24	62	15	94	58	72	85	72	46	47	56	45	14	66	66	99	98	29	47	48	76	50	72	37	48	71	20	53	11	27	76	97	50	54	49	31	68	79	29	44	94	57	93	32	83	80	83	63	62	41	70	60	26	23	54	46	32	20	94	59	46	68	24	59	10	42	68	86	79	52	99	19	34	23	18	99	52	11	25	33	43	59	50	91	89	84	54	63	61	41	86	37	38	33	100	34	61	49	78	22	78	11	59	82	29	99	46	74	20	41	65	91	35	62	89	28	53	92	25	13	77	25	52	73	99	54	31	25	19	82	54	61	66	97	59	14	68	32	28	26	11	24	34	53	80	75	37
44	84	11	37	68	22	12	53	70	87	56	71	47	16	92	20	92	58	20	62	55	52	65	60	88	26	90	87	95	94	10	40	18	97	45	66	72	42	51	47	57	40	12	52	36	51	32	87	90	58	68	87	16	43	32	95	51	41	26	84	41	33	94	65	76	92	85	46	61	38	40	13	32	28	85	86	82	44	98	95	76	37	64	25	52	47	74	10	64	79	78	10	29	76	32	54	98	23	33	88	68	23	17	100	73	95	53	35	29	63	47	39	59	40	45	72	36	75	33	92	19	51	99	44	38	39	31	87	24	14	52	30	14	65	34	27	51	52	17	56	76	69	28	39	44	24	67	35	96	19	57	38	30	40	90	25	77	42	30	79	56	72	34	81	66	99	99	91	35	55	70	23	42	35	72	51	97	77	79	49	54	97	67	43	18	79	63	96	10	41	17	76	92	62	70	55	29	38	40	26
65	71	15	34	27	71	97	63	66	53	42	26	36	92	34	12	97	37	97	90	21	73	21	91	28	16	56	70	77	45	62	96	83	90	43	28	67	100	24	94	28	37	75	18	84	70	36	25	65	15	47	92	68	48	13	56	86	42	39	97	60	68	18	10	26	20	13	45	57	26	22	69	93	54	78	73	79	38	71	19	62	75	22	25	53	48	34	41	60	34	38	40	43	96	44	37	88	70	40	39	59	79	11	20	77	84	21	47	96	39	70	39	42	34	31	14	12	37	43	58	25	13	94	66	31	60	78	22	26	68	63	85	79	26	11	81	38	86	47	46	20	98	99	71	94	30	51	66	64	12	38	59	72	92	73	69	80	58	76	16	95	36	11	66	90	100	22	10	63	87	42	86	54	59	34	24	62	98	58	10	24	96	70	26	58	60	89	47	26	77	37	46	41	96	39	64	73	95	99	47
63	62	46	56	83	61	80	11	65	47	30	39	53	17	52	16	58	89	28	34	73	29	28	74	18	91	24	50	47	22	14	70	86	23	11	47	15	24	93	32	44	32	40	40	33	53	12	100	82	26	97	56	37	77	55	65	78	29	62	15	78	90	98	14	59	88	97	86	85	36	66	44	73	50	88	60	28	94	86	67	20	52	92	40	40	80	15	10	58	79	77	50	21	78	13	18	83	35	24	64	86	28	90	28	62	60	23	77	63	98	48	35	62	51	96	72	14	81	89	55	28	51	47	23	10	28	62	76	63	36	24	47	92	72	44	39	73	98	33	50	99	98	47	19	59	56	30	73	73	91	73	31	41	40	72	19	39	19	92	58	83	92	80	70	59	74	83	10	18	46	79	40	41	21	20	87	27	47	33	82	45	97	98	76	95	99	49	65	37	11	35	74	43	62	27	91	33	56	27	59
17	92	59	14	31	33	93	69	31	45	57	72	66	39	48	48	31	70	51	47	56	26	91	79	44	64	78	37	54	41	30	90	73	19	89	20	93	20	24	82	25	15	58	99	83	17	62	71	46	80	56	62	69	51	52	68	68	61	66	69	100	14	33	92	70	34	18	51	10	74	11	61	38	49	87	35	72	27	54	40	63	91	33	79	58	31	63	15	94	39	48	26	36	82	68	86	70	59	56	90	81	54	81	41	58	98	82	67	65	73	82	33	87	97	72	92	94	75	29	50	33	94	83	80	32	68	15	50	93	74	85	61	35	31	12	62	16	13	91	22	76	16	71	36	13	18	23	50	55	52	38	20	40	89	91	95	91	29	49	53	24	30	89	66	92	79	25	90	32	74	17	84	98	49	95	61	43	95	25	25	29	44	79	79	85	48	50	73	98	25	20	25	14	80	77	54	36	26	32	77
87	19	34	58	23	92	29	73	82	42	22	58	19	61	80	36	40	45	40	65	98	87	31	38	65	72	36	77	58	44	52	35	86	31	43	28	22	40	48	19	89	52	22	13	53	14	45	89	95	46	35	60	22	30	27	62	35	93	83	64	26	97	51	70	71	56	92	52	36	73	91	54	26	18	84	46	69	33	16	33	97	43	27	35	15	68	45	58	66	65	81	89	33	69	38	59	77	90	41	32	86	11	21	33	31	20	83	37	93	82	87	27	86	55	49	51	46	23	60	50	23	32	63	82	40	62	32	87	73	16	52	68	49	22	27	25	89	24	58	31	94	27	41	63	35	20	94	58	74	95	58	18	88	25	55	21	33	36	91	36	18	43	76	12	99	66	29	26	90	59	78	20	92	44	31	97	52	40	61	45	97	12	88	95	62	69	65	30	98	88	13	30	18	35	49	78	43	23	14	69
39	94	18	33	79	73	17	38	44	42	83	58	30	59	62	92	96	45	15	27	98	79	58	56	66	68	61	41	81	61	18	19	73	27	80	30	70	50	88	48	89	68	69	95	23	40	52	13	36	83	100	78	98	94	32	35	58	38	34	77	57	78	78	77	69	44	22	26	18	58	80	51	26	65	80	43	85	17	70	67	52	35	13	56	78	35	82	59	54	78	15	55	49	89	85	97	78	77	71	26	74	26	54	76	61	69	44	53	81	25	84	95	47	27	39	71	47	34	69	96	30	67	41	100	72	60	85	59	53	35	49	42	65	84	24	95	23	92	83	75	97	59	96	56	91	34	65	98	20	14	48	70	34	84	32	38	48	19	82	61	82	45	17	34	42	67	36	38	17	94	40	70	87	54	71	81	89	59	24	73	37	32	46	71	27	90	41	20	18	48	16	46	20	61	26	28	40	14	49	85
57	12	65	64	88	24	91	45	11	72	23	27	93	34	10	54	19	48	94	15	20	58	30	34	12	86	35	50	36	27	12	60	72	10	86	74	91	66	71	63	56	77	23	14	59	98	38	57	43	33	66	52	89	19	38	15	36	63	31	49	56	21	89	83	83	62	54	10	95	72	34	94	59	16	74	75	33	57	53	49	33	17	76	37	98	75	21	28	20	46	60	80	11	96	48	48	71	69	70	25	25	43	32	26	80	42	87	15	20	38	31	23	70	31	36	71	12	11	33	65	12	40	67	90	27	79	66	96	42	50	57	47	46	37	84	99	22	33	47	18	14	39	30	22	11	35	83	32	11	52	50	90	46	73	33	21	98	87	89	28	61	20	59	100	48	95	78	89	41	65	44	87	97	55	54	42	42	49	96	23	82	56	18	40	12	52	22	86	73	64	40	93	13	86	30	47	58	79	33	50
wj																																																																																																																																																																																																							
9	7	57	29	55	97	2	97	47	88	92	59	72	34	15	18	69	76	80	25	91	93	45	99	2	96	54	2	86	86	61	100	28	2	58	11	98	42	38	55	18	66	18	25	96	89	78	35	23	83	80	50	6	18	42	97	5	16	92	56	55	7	100	66	52	70	68	15	7	71	85	56	19	45	39	3	95	47	5	19	66	82	71	60	74	63	1	39	7	76	61	50	29	23	52	84	53	3	96	28	21	47	92	44	93	7	39	31	93	36	80	36	88	39	75	29	98	34	39	26	53	2	42	31	84	34	27	6	62	41	87	57	69	73	91	83	56	62	75	71	44	20	59	71	94	27	70	65	56	57	21	94	38	79	38	2	16	16	43	70	67	72	82	46	82	30	83	95	23	100	93	5	95	26	29	23	19	85	24	26	80	63	17	78	8	69	59	65	68	87	54	12	56	75	81	77	68	31	43	88
