pij																																																																																																																																																																																																																																																																																																																																																																																																																																																																																																																																																																																																																																																																																																																																																																																																																																																																																																																																																																																																																																							
28	23	27	21	23	27	29	22	28	28	29	20	23	20	30	28	28	22	27	30	21	22	22	23	24	25	21	25	26	22	29	28	29	26	21	21	27	24	29	28	21	29	28	25	30	22	29	30	23	21	25	25	23	26	25	23	21	30	22	27	21	28	27	21	27	30	27	23	21	25	26	26	25	20	29	25	29	29	27	23	28	25	25	23	23	24	25	25	21	26	23	25	28	27	28	29	27	22	29	25	25	24	22	28	26	24	21	29	27	28	21	27	21	27	28	23	29	23	29	24	25	30	20	30	23	23	21	22	25	29	26	23	25	29	25	29	21	21	25	25	26	25	28	20	24	20	24	26	26	23	29	22	21	27	27	23	28	25	28	21	27	21	29	28	25	21	27	22	21	27	25	24	26	22	28	26	22	24	29	28	27	21	28	22	26	22	28	30	26	21	22	22	26	27	29	22	23	24	30	29	24	21	25	23	24	29	28	26	22	30	29	25	22	28	29	29	24	24	27	27	20	27	22	20	24	20	25	25	21	28	23	20	24	26	23	23	27	20	30	24	26	21	26	20	21	23	25	24	25	30	28	29	28	26	27	26	21	24	23	25	20	28	29	25	22	25	29	20	24	20	21	27	24	25	25	22	25	28	21	28	29	28	24	21	27	29	21	21	28	25	28	25	22	30	22	25	27	29	23	24	29	25	24	29	20	26	24	23	28	24	26	27	25	25	28	22	20	29	25	25	23	29	21	24	23	30	22	28	28	21	28	21	26	22	23	23	25	28	21	23	26	26	26	29	23	23	26	28	27	22	24	26	20	23	28	27	23	26	21	22	25	21	22	28	27	26	28	25	24	28	24	29	20	26	20	29	20	30	21	24	22	26	29	25	21	28	27	20	22	20	21	25	27	26	26	28	26	29	20	29	23	30	24	21	21	25	29	27	30	30	25	26	23	22	28	23	30	23	28	26	22	28	24	27	24	24	25	30	25	28	22	28	24	21	24	22	23	22	28	21	27	27	21	25	20	21	22	27	25	26	27	22	25	20	23	28	26	23	28	24	21	28	23	20	24	21	26	23	27	23	27	24	26	23	30	23	30	21	23	28	20	23	22	27	24	20	29	26	29	20	21	20	28	30	22	23	21	24	22	29	27	29	30	25	25	22	21	20	27	24	25	23	28	27	24	23	27	21	27	22	30	25	28	30	21	20	23	21	22	25	25	21	30	23	20	20	22	21	29	21	22	29	27	28	25	21	24	26	25	26	24	22	21	23	28	28	23	27	23	21	24	21	25	29	20	24	20	23	21	25	21	27	30	23	24	22	28	21	26	26	24	26	23	22	24	28	29	23	28	28	25	22	25	22	21	22	28	26	23	25	28	29	29	26	28	26	24	21	27	25	23	27	22	28	22	27	30	26	22	29	29	20	21	29	28	28	23	29	28	30	24	27	24	27	22	21	22	30	22	30	24	28	23	27	21	21	27	23	27	24	27	25	30	27	24	26	22	22	26	27	29	24	29	22	27	26	26	26	26	22	26	27	26	26	26	21	25	20	28	25	30	24	29	21	30	29	24	29	26	27	25	21	21	24	20	25	29	25	22	22	30	28	27	24	23	29	21	29	24	28	23	26	22	22	26	29	27	23	24	24	27	24	20	27	26	21	24	23	21	20	24	25	28	22	22	27	29	20	24	25	21	28	21	29	28	21	20	24	22	29	21	28	23	28	22	26	24	24	27	26	29	29	27	27	27	26	29	25	21	27	25	27	21	21	24	22	23	27	25	30	28	27	30	24	27	20	25	27	23	24	25	27	26	30	23	23	22	27	26	21	28	26	27	20	29	29	22	29	26	28	26	21	28	26	28	21	22	23	27	24	26	23	29	29	21	22	29	29	27	23	28	28	23	23	21	23	24	29	25	29	28	26	20	21	21	28	28	26	29	21	28	27	21	26	24	25	21	27	27	22	29	21	22	25	26	22	25	24	28	26	22	23	28	22	27	22	28	29	26	24	20	27	26	23	24	29	28	28	25	21	20	28	20	28	27	24	28	22	24	22	27	25	29	20	23	30	27	29	28	26	28	21	29	28	22	22	24	20	24	22	29	21	21	25	25	26	25	24	22	26	28	24	29	20	30	29	26	29	20	29	23	22	21	28	25	27	26	27	26	25	26	21	29	28	23	27	30	22	26	26	22	27	28	23	25	28	27	27	20	24	23	22	20	29	22	27	30	22	29	24	27	23	27	23	26	23	23	23	23	20	22	22	22	29	29	26	28	26	27	29
104	104	105	103	100	101	98	104	101	105	102	97	97	103	103	99	96	98	98	96	101	102	96	98	102	102	102	96	101	97	99	97	96	102	101	99	102	99	104	98	100	97	100	97	102	105	99	105	99	96	97	101	102	97	95	105	97	97	95	100	101	102	99	103	97	101	98	96	100	103	99	96	102	96	103	95	102	100	104	100	96	104	98	103	98	97	100	97	100	104	100	102	105	96	97	97	104	99	96	97	96	99	103	105	97	96	95	98	103	98	96	101	98	101	100	100	104	97	103	101	98	95	100	100	98	99	100	104	104	96	96	100	105	97	102	103	104	97	96	97	98	97	97	96	98	104	101	96	98	102	103	97	104	99	104	103	104	104	100	100	105	101	98	101	98	98	99	98	104	96	97	102	103	96	96	104	96	96	97	101	96	104	98	95	102	105	99	97	95	101	95	100	95	102	97	101	102	102	95	100	101	95	98	97	98	97	102	101	97	96	104	100	99	98	102	104	97	98	104	95	99	100	96	100	103	95	98	102	104	101	95	100	97	103	103	96	99	99	98	99	95	96	99	99	101	98	97	98	101	101	99	97	96	99	97	104	100	102	102	103	103	103	105	102	103	97	99	104	104	105	101	105	104	96	101	103	104	98	102	100	96	96	95	105	102	95	102	103	96	102	98	103	98	96	95	97	102	97	97	96	104	96	101	97	99	101	104	97	101	97	96	105	98	100	103	99	96	96	102	100	97	100	105	105	102	104	102	98	101	96	103	104	98	97	99	105	104	98	95	95	100	100	103	98	105	98	98	97	96	100	102	97	102	101	97	101	104	96	104	102	96	99	99	98	101	105	95	98	101	99	95	103	102	95	104	98	97	105	105	96	99	101	100	99	103	98	102	96	103	97	100	102	97	97	97	103	96	102	100	98	97	104	96	99	104	96	102	96	95	103	97	100	97	99	101	98	97	97	103	100	96	95	101	100	102	98	96	100	105	104	96	99	96	96	99	100	104	96	98	100	96	105	96	100	101	104	103	103	99	97	102	95	104	102	105	99	96	98	103	102	95	96	95	98	98	105	97	104	99	102	96	103	96	100	95	96	102	97	102	100	98	95	100	103	98	100	103	97	95	96	105	97	98	101	104	98	103	101	97	104	96	98	100	96	103	104	98	104	100	95	104	102	98	104	95	99	98	104	102	98	98	99	102	100	104	97	96	104	99	103	101	100	100	98	103	104	98	102	97	96	96	104	101	104	103	102	101	100	104	100	102	104	102	100	102	98	100	100	103	101	103	102	96	100	104	100	102	104	101	100	95	104	95	101	101	100	99	97	104	97	95	96	102	96	100	105	98	103	101	102	102	99	96	101	98	103	103	98	99	103	99	104	99	102	96	99	98	97	99	98	101	102	102	97	95	105	99	102	95	98	99	97	104	100	101	98	98	98	102	97	103	101	103	96	102	96	101	100	101	99	98	101	100	99	101	99	105	104	104	98	98	97	102	101	99	105	100	105	104	96	101	101	98	98	97	105	101	98	103	105	103	103	102	99	102	99	99	96	103	99	105	104	103	97	97	100	102	104	102	97	95	105	103	104	96	98	105	96	101	97	103	104	104	99	95	102	104	104	101	100	101	102	101	96	97	99	102	98	103	98	103	104	97	97	98	104	102	97	100	99	100	98	96	97	103	102	98	100	104	103	96	96	101	103	99	99	100	101	104	99	96	104	95	102	100	105	102	96	98	100	103	105	101	105	103	103	100	103	98	96	100	105	99	101	96	102	102	98	101	98	98	104	97	95	102	97	96	105	95	96	102	103	98	104	98	101	99	104	102	100	99	95	97	101	105	98	97	100	101	99	104	98	100	101	96	102	103	98	95	104	102	103	104	95	102	99	100	102	99	100	100	101	104	103	103	104	104	104	102	95	97	98	100	97	98	100	101	97	104	99	96	101	101	99	100	99	96	104	97	103	103	104	102	103	101	105	103	99	97	99	104	97	102	99	101	97	100	98	101	103	102	98	97	104	98	103	99	97	99	98	98	102	97	104	101	97	97	101	101	101	104	104	100	96	101	96	104	99	102	98	103	96	101	97	99	97	103	98	97	103	100	97	99	105	96	99	100	100	104	104	97	104	98	97	103	102	101	100	97	103	97	96	102	97	101	105	101	98	103	99	105	99	96	104	97	101	96	98	98	102	103	105	98	97	98	102	99	97	99	99	104	98	102	98	103	97	104	103	103	101	97	102	102	102	95	101	96	102	99	97	95	100	100	101	95	97	102	100	102	95
32	36	31	28	34	27	31	36	37	30	33	27	29	27	30	35	36	34	35	28	36	31	28	32	31	33	36	34	29	30	31	31	33	34	31	36	32	33	32	30	29	36	33	29	28	34	36	32	32	34	30	31	28	32	31	34	31	28	29	36	28	33	30	29	29	33	30	29	27	33	30	29	29	30	28	30	28	32	32	31	34	31	31	33	30	34	33	29	27	35	30	30	32	35	32	33	37	28	36	31	36	29	28	32	30	35	35	36	29	34	31	33	28	29	33	35	30	33	31	28	31	31	35	29	31	36	36	31	30	33	29	34	28	34	30	29	32	30	32	34	30	30	34	29	29	28	35	31	31	34	36	37	31	32	37	37	29	30	34	34	34	29	34	36	34	28	28	36	34	35	28	37	34	33	34	28	31	32	34	31	34	30	30	31	34	29	28	33	37	31	36	33	31	35	29	33	30	33	30	29	27	36	33	32	29	33	28	33	27	32	28	34	36	33	31	32	28	31	30	34	32	27	36	30	32	34	30	28	37	29	30	27	33	32	35	30	35	31	31	34	31	30	33	36	36	34	33	32	37	34	37	33	33	30	30	37	37	31	30	32	28	34	29	30	33	29	27	34	29	34	35	34	28	32	34	30	31	29	34	30	28	28	29	34	30	28	35	32	34	35	33	28	33	34	32	34	31	34	28	36	30	36	29	33	30	33	34	37	34	31	28	34	34	31	28	29	32	28	28	32	34	35	32	35	36	31	34	30	32	34	33	32	33	28	28	27	36	29	30	30	28	34	29	36	27	28	35	34	32	34	35	28	32	28	35	36	37	28	29	32	28	31	27	35	33	34	28	29	34	28	30	30	28	36	29	32	29	35	34	35	35	36	32	36	28	30	32	34	33	27	33	36	34	36	32	30	28	36	31	36	28	31	30	34	33	28	37	35	34	29	31	28	37	35	30	36	30	28	33	27	28	31	34	30	37	34	36	33	34	27	32	37	37	34	29	31	28	30	30	32	37	34	29	28	29	37	36	34	32	29	29	32	32	36	36	36	29	36	36	36	32	33	31	37	30	31	28	29	27	29	35	30	30	36	34	30	33	30	37	37	29	32	29	32	31	32	28	28	29	29	35	36	29	31	36	34	36	28	32	33	28	32	34	35	34	29	31	32	33	35	32	31	28	33	34	37	31	36	28	32	36	33	34	33	31	27	31	28	34	31	35	36	34	28	35	33	29	28	37	29	27	29	32	32	35	31	28	35	28	31	32	36	34	30	29	34	34	35	30	30	28	29	32	35	32	29	35	34	30	30	30	33	33	37	31	29	35	36	30	29	29	31	27	34	30	31	31	33	29	33	35	29	28	35	35	37	31	35	29	30	36	30	34	34	28	35	35	32	36	28	31	32	33	31	32	29	35	29	31	33	36	33	27	29	29	29	28	31	35	33	35	31	37	33	33	31	34	30	32	32	28	28	34	33	34	36	34	33	31	29	29	34	27	32	31	36	29	35	31	37	27	29	32	34	34	30	33	35	34	37	27	33	31	31	31	28	36	35	36	28	33	30	37	27	36	30	33	31	28	30	32	31	29	34	27	35	33	29	27	32	31	34	37	28	34	35	35	28	34	32	27	37	28	35	30	33	32	35	29	34	35	31	37	35	31	32	34	30	30	35	30	30	31	30	32	37	33	34	35	31	28	37	34	36	35	34	32	29	34	27	32	34	27	29	36	36	36	31	30	28	28	31	35	27	30	34	31	35	29	29	36	27	28	30	35	32	30	28	34	30	36	34	28	32	34	32	29	36	29	36	36	27	32	35	36	33	27	34	36	35	37	35	31	33	34	34	30	30	35	27	30	28	32	29	27	31	37	33	28	35	32	32	31	36	27	37	35	35	28	36	35	30	29	35	30	34	36	29	28	29	31	29	28	33	29	32	28	31	36	33	32	31	32	29	35	33	27	31	33	36	28	27	36	35	30	36	32	27	29	28	34	30	37	29	29	35	36	37	32	35	35	31	28	28	30	30	36	30	28	29	30	36	33	28	35	30	35	32	32	33	33	30	35	31	30	35	29	33	35	30	31	34	30	31	34	35	28	33	29	33	34	33	32	34	33	37	37	37	35	28	31	34	36	29	28	36	34	34	29	29	30	27	33	29	31	34	35	28	29	29	27	28	36	34	28	27	30	32	36	35	30	29	29	33	32	32	32	32	29	32	36	37	35	28	36	27	34	27	32	30	32	28	33	35	32	34	36	32	32	31	32	34	32	36	33	36	32	29	35	34
98	91	101	99	93	101	100	95	101	96	99	94	97	92	96	93	95	94	101	100	92	98	99	95	99	98	96	92	101	94	101	98	96	98	98	94	92	94	95	98	98	92	96	101	93	95	92	96	93	97	92	94	92	95	99	92	100	91	101	99	97	101	91	95	99	96	97	94	93	99	94	97	91	93	97	101	99	92	91	93	99	96	101	101	96	95	98	99	93	95	98	93	91	94	96	94	96	100	97	93	96	91	96	101	99	101	93	92	97	98	97	96	96	95	97	100	97	93	95	96	96	94	101	93	101	94	101	93	92	91	92	93	97	99	99	100	100	91	97	91	93	101	94	95	91	99	101	97	99	100	97	93	98	99	93	94	100	94	97	94	98	92	94	99	92	97	100	97	92	96	97	97	95	96	95	95	95	99	99	99	98	98	92	95	94	96	93	99	100	96	94	96	97	98	95	100	97	96	93	97	94	91	93	101	94	95	92	92	99	91	98	99	99	99	91	93	94	97	92	97	96	96	100	95	94	100	97	98	97	100	96	94	97	93	97	97	94	97	99	98	94	94	98	92	96	93	93	95	94	97	95	92	93	94	100	93	94	99	93	96	94	101	95	93	91	95	100	97	93	100	91	92	99	95	100	100	96	92	96	93	97	96	99	96	93	100	99	97	95	101	97	100	93	93	100	98	94	96	99	99	98	99	93	94	100	94	100	101	97	98	100	96	96	95	93	92	92	98	95	96	98	96	94	99	100	96	99	97	94	92	96	91	95	100	94	91	97	100	94	97	99	100	93	95	96	100	97	101	99	100	91	92	97	96	94	93	96	98	100	92	94	99	95	99	95	99	101	100	95	100	91	100	97	97	96	94	92	99	95	98	96	98	94	97	95	91	91	100	94	100	95	98	99	96	97	94	98	101	94	97	92	100	94	98	95	93	98	95	98	100	100	98	92	100	94	96	100	98	100	96	98	95	100	92	97	95	97	92	93	98	99	99	100	100	91	93	98	96	92	92	98	93	99	100	92	101	98	101	93	92	100	93	97	93	98	100	92	99	95	94	93	94	98	99	92	91	93	94	95	101	93	92	91	101	91	93	93	94	96	98	92	95	96	95	96	93	99	97	91	99	91	100	99	96	101	101	97	91	95	98	97	96	96	93	93	100	91	94	95	93	94	97	92	96	91	101	97	92	98	99	101	95	100	92	95	93	95	94	100	99	98	93	96	99	95	91	92	93	95	93	97	95	91	101	98	95	99	92	94	94	97	94	99	98	94	93	93	93	91	97	97	96	100	92	101	98	100	95	94	91	91	94	98	94	95	95	99	97	91	93	92	93	100	94	97	99	98	97	91	92	92	98	99	100	93	96	97	92	97	100	100	95	93	98	96	93	95	96	101	100	99	96	100	101	98	99	98	93	94	100	99	96	96	93	101	98	94	98	95	95	91	100	95	96	99	101	92	92	95	101	96	101	93	96	97	92	96	92	98	96	96	96	92	94	95	99	94	95	94	100	94	100	100	92	99	91	101	97	101	92	99	99	97	92	94	99	95	95	95	99	101	97	100	93	101	95	100	101	96	93	92	96	98	99	99	92	100	96	97	99	91	93	92	96	97	99	94	97	99	100	99	92	97	100	94	96	95	95	95	95	95	93	94	93	100	92	93	98	95	92	96	98	99	94	91	99	101	94	98	92	97	92	94	92	94	99	94	95	94	101	100	92	99	101	98	100	96	98	97	95	94	94	100	98	93	98	96	101	101	99	95	91	98	94	100	94	101	99	91	99	92	94	101	91	94	95	94	92	97	96	100	94	98	93	101	94	94	94	91	99	92	93	94	95	100	95	94	95	96	94	98	99	91	94	97	100	98	93	94	99	97	100	92	100	100	96	98	95	93	98	96	94	93	100	93	95	96	93	94	99	93	93	95	95	97	101	92	99	94	98	96	100	100	99	95	98	94	100	101	92	100	98	99	101	100	92	99	99	93	99	100	91	92	96	93	97	96	96	93	91	99	93	95	94	94	95	95	100	95	99	100	97	98	98	99	99	100	92	96	98	97	94	96	93	95	94	97	92	94	93	96	99	99	97	96	97	91	98	99	97	93	96	95	95	95	93	98	99	97	101	100	99	99	95	100	95	96	97	96	98	96	97	92	91	101	92	98	100	97	96	91	100	100	91	101	93	98	92	95	95	92	94	98	101	100	97	99	98	95	98	97	98	100	94	94	97	92	93	95	94	95	92	92	97	93	96	99	92	101	101	96	100	98	95	98	92	96	100	99	98
83	82	80	85	83	87	86	86	81	82	78	84	85	84	83	78	87	79	79	79	79	77	86	86	79	79	77	86	82	86	79	80	78	85	85	79	81	77	85	78	84	82	79	78	79	85	83	78	86	82	82	83	79	84	79	83	86	78	80	80	80	83	80	77	81	81	77	81	79	87	83	80	78	80	81	77	82	80	85	85	80	84	87	83	78	81	80	82	83	81	83	82	87	79	86	84	83	86	87	79	83	79	81	78	77	85	87	84	82	80	86	85	79	84	81	79	82	86	82	87	86	87	78	84	77	79	78	77	85	79	78	81	82	78	78	78	82	85	87	82	87	81	84	83	80	83	80	81	80	80	81	86	82	81	78	78	82	82	81	80	85	82	80	85	80	80	84	81	78	86	81	87	85	80	79	78	85	84	82	79	77	82	83	85	85	84	82	83	77	78	85	82	84	83	87	84	78	78	83	79	81	78	82	86	86	81	79	82	80	78	86	84	81	84	85	78	84	87	86	80	83	80	79	86	81	83	85	83	85	81	78	86	78	83	79	85	79	79	85	85	80	85	87	80	87	79	82	85	82	79	85	86	79	83	87	86	80	81	80	86	83	85	84	79	82	86	84	81	79	79	81	81	77	79	83	85	80	79	83	80	79	77	85	86	80	79	86	79	81	83	81	81	83	77	79	81	84	78	78	79	81	85	84	80	80	81	87	82	80	80	87	77	83	77	81	82	80	81	79	82	79	78	83	79	82	85	79	78	83	77	87	85	84	82	81	85	80	86	77	84	79	79	78	78	81	87	84	85	81	84	78	85	82	82	80	86	82	80	82	86	84	86	85	83	84	86	77	82	83	78	87	85	86	81	80	85	78	87	84	85	79	84	78	85	78	79	80	78	79	78	85	84	85	80	85	80	77	80	82	86	79	78	79	79	80	85	80	82	86	77	86	80	86	80	77	78	83	80	80	85	83	85	81	78	84	80	81	82	83	83	83	84	79	78	79	81	79	78	80	86	81	82	83	82	83	81	84	86	79	79	87	83	83	84	84	82	80	86	80	78	79	86	85	84	78	86	86	78	84	84	77	80	78	78	78	82	83	83	82	83	86	77	87	82	81	81	83	81	81	78	81	81	78	79	82	85	79	83	83	83	83	81	87	86	86	79	78	78	86	82	85	85	81	86	79	79	81	82	77	86	85	82	79	81	84	83	85	78	77	79	81	78	79	84	79	85	79	83	80	81	78	81	79	87	82	78	84	83	82	78	82	84	80	87	82	83	87	82	85	82	78	79	78	81	87	78	78	81	86	78	83	84	80	79	80	81	83	79	85	82	85	83	84	78	80	80	84	79	78	85	79	84	80	78	81	78	84	86	81	86	85	85	79	77	82	85	83	81	85	82	78	82	82	79	80	79	80	83	79	82	83	79	86	84	81	82	80	77	86	85	85	83	82	81	77	83	82	78	79	81	77	85	83	83	83	86	86	78	78	83	81	84	85	83	77	79	83	82	84	81	80	84	78	77	83	83	79	83	86	80	82	81	85	82	83	78	82	78	82	80	87	81	84	86	83	82	78	84	79	78	87	85	82	78	83	80	81	85	80	79	81	79	83	84	77	78	81	85	83	86	84	78	80	86	85	83	81	80	78	86	86	83	79	85	84	85	78	81	84	78	83	84	81	82	80	85	86	82	84	85	78	79	77	82	87	78	82	85	85	85	80	84	84	80	82	87	81	85	82	85	82	83	79	83	82	82	87	78	82	87	82	81	86	85	82	86	84	80	82	85	84	83	84	82	82	83	83	79	82	85	85	79	80	78	79	86	85	82	77	81	80	85	83	84	78	79	84	85	80	78	79	84	84	78	86	78	85	81	81	84	86	86	81	79	81	81	84	84	83	85	80	83	82	82	78	78	85	79	86	82	84	79	82	87	86	80	85	86	83	83	77	84	82	80	78	80	83	77	83	79	78	77	80	85	80	82	83	78	84	78	85	80	84	80	79	84	81	84	85	81	87	86	86	78	85	77	84	85	87	83	79	83	82	77	78	78	84	83	86	83	81	83	86	80	78	83	85	81	78	86	86	80	80	78	82	80	85	78	80	87	85	87	82	81	86	77	83	81	82	80	81	79	79	86	84	82	84	77	86	79	80	85	86	78	85	79	86	86	80	80	82	86	78	86	80	79	85	80	77	80	85	79	79	85	87	79	81	84	78	79	82	81	86	79	82	85	84	82	87	81	82	83	87	77	84	82	86	81	78	81	79	77	84	85	79	82	84	83	87	82
7	12	7	10	4	7	6	8	10	12	6	11	12	7	4	12	6	5	4	4	9	9	12	3	3	9	13	7	10	6	12	8	4	3	4	5	10	6	4	6	3	5	8	10	9	3	8	6	7	11	4	4	13	4	11	9	5	8	11	6	10	5	10	9	12	12	4	6	10	12	5	9	6	10	9	5	11	9	6	9	4	11	10	12	8	6	11	9	8	12	8	11	10	12	7	5	10	7	4	11	11	11	8	5	4	13	10	8	7	8	4	6	8	11	6	7	4	5	5	13	6	9	11	6	3	11	9	11	4	5	9	5	6	3	6	4	4	5	11	7	4	12	13	10	6	4	12	5	12	11	12	12	12	9	8	10	8	12	11	7	13	4	6	9	7	6	11	10	5	8	6	11	11	7	7	12	6	9	10	7	4	6	5	10	11	12	6	8	10	11	6	12	6	8	4	10	7	6	9	12	7	4	9	7	5	12	10	9	6	9	9	4	5	7	5	12	5	8	4	5	13	5	8	4	13	5	7	9	6	7	4	6	10	8	12	8	4	9	9	10	5	6	4	11	8	3	4	9	7	9	11	10	9	5	8	10	5	9	10	8	6	8	12	5	11	9	8	8	10	11	8	4	7	13	5	13	12	3	6	11	3	6	7	4	5	12	7	4	7	4	10	9	6	6	9	12	10	8	5	8	8	5	7	11	12	11	8	7	12	6	4	7	4	9	5	7	12	4	11	4	4	8	4	13	5	4	8	7	12	8	7	3	6	9	12	10	12	8	4	3	6	9	7	4	4	5	6	8	13	3	10	12	6	7	11	10	7	3	6	8	10	5	7	12	9	10	11	9	8	4	9	8	9	10	10	6	8	9	6	7	8	9	11	12	9	6	5	9	13	5	11	10	6	13	11	6	8	13	12	8	13	12	7	9	12	7	12	4	12	4	6	11	8	6	12	12	12	5	9	8	6	11	10	8	13	12	5	12	4	10	6	13	13	6	5	9	11	5	12	8	12	8	10	9	12	10	5	5	12	13	11	9	7	3	12	9	6	8	4	4	10	7	12	7	3	5	11	6	4	9	7	4	9	8	9	5	11	10	7	9	7	12	6	4	6	5	3	9	12	9	10	11	7	8	10	6	4	6	11	5	13	8	11	11	11	8	12	4	12	10	11	6	4	12	10	12	8	9	4	8	10	12	6	10	8	4	4	4	6	13	13	4	3	6	10	11	3	8	7	6	12	8	9	11	9	9	12	5	7	9	7	5	8	10	9	11	8	5	7	8	12	11	4	7	10	3	9	12	4	12	12	9	4	8	5	9	6	12	11	10	4	13	3	13	6	9	13	11	9	4	3	12	13	9	4	10	4	6	11	6	10	5	5	10	8	12	3	9	3	5	7	3	7	9	6	8	5	7	6	3	12	9	4	10	10	6	9	12	8	4	10	13	6	12	9	9	6	11	11	9	13	13	9	8	8	4	7	9	11	11	11	10	7	10	9	13	13	10	7	9	6	6	9	13	5	5	9	6	12	6	7	12	7	9	7	8	10	3	6	4	5	11	7	12	13	12	3	5	5	10	10	13	12	5	5	11	8	11	6	12	8	10	4	6	3	10	10	6	5	3	11	3	12	8	7	13	10	11	3	11	8	11	6	4	10	6	5	10	11	8	3	4	9	10	12	7	11	3	3	13	7	9	12	11	5	9	4	8	6	6	6	9	4	8	11	8	6	3	12	9	11	5	7	12	7	6	11	10	7	10	9	9	12	7	6	9	6	9	5	6	5	5	10	11	12	8	8	8	5	3	10	4	8	12	4	10	5	8	5	9	8	9	9	9	11	10	12	9	4	12	12	13	7	11	12	5	4	7	10	8	4	8	4	7	13	5	6	8	6	9	6	12	12	10	11	13	6	5	8	7	4	11	3	12	11	9	8	6	7	6	7	4	6	10	6	7	10	12	8	6	6	4	11	11	3	10	5	6	12	7	8	9	4	8	12	11	8	13	7	9	6	5	7	8	8	11	10	10	7	11	5	9	10	12	7	9	11	10	7	11	4	10	12	10	8	4	3	4	4	9	12	3	11	10	4	9	10	6	7	12	10	3	9	4	9	9	11	11	7	13	11	7	7	5	8	5	10	7	9	6	3	13	11	9	7	11	12	13	13	6	9	5	5	12	9	6	9	6	6	3	10	8	4	9	5	11	12	10	12	5	9	12	3	8	8	6	8	4	10	8	7	4	9	10	6	7	12	12	12	4	7	6	11	8	8	10	5	8	4	4
29	34	36	31	27	34	33	32	36	37	37	32	30	36	29	33	29	29	37	34	36	33	31	29	33	35	36	32	35	27	36	28	32	29	29	37	27	27	33	32	35	36	30	30	31	30	32	30	36	27	28	27	35	34	33	30	31	29	35	30	35	28	35	32	34	32	29	33	35	32	34	28	32	28	37	32	36	34	34	35	34	30	33	30	30	32	36	33	34	35	36	30	36	36	36	35	32	30	35	28	36	36	30	34	30	35	36	36	32	33	29	28	28	29	28	32	32	32	34	31	28	34	32	34	31	36	28	29	34	28	31	28	27	33	37	32	30	29	31	34	28	34	32	30	32	29	36	31	36	32	35	29	32	31	34	29	30	34	35	35	31	28	33	29	28	28	27	33	32	28	35	27	37	34	33	34	27	28	35	29	29	28	30	36	35	29	34	33	35	36	35	29	32	30	29	35	30	35	30	36	32	27	35	34	32	34	31	29	30	31	29	31	33	33	30	32	31	32	28	33	28	30	36	31	34	31	31	37	36	34	34	28	32	30	32	32	34	29	32	34	33	30	31	28	30	32	36	36	34	33	37	35	30	32	32	33	33	31	34	32	31	31	29	28	31	29	27	29	37	33	30	27	34	34	28	30	32	29	30	35	33	29	35	31	30	28	29	33	32	28	31	32	28	35	29	37	33	35	33	35	31	31	32	31	33	34	37	34	33	36	37	32	36	33	30	32	30	28	30	33	32	28	29	35	28	35	32	27	30	29	29	28	31	37	35	35	29	34	34	37	35	32	29	28	33	32	32	30	34	31	28	28	29	31	29	33	32	35	37	36	33	34	27	31	27	31	27	27	34	36	29	32	33	35	36	34	32	36	29	37	32	30	28	28	30	33	34	32	36	27	35	30	30	28	35	32	30	37	31	32	33	35	37	27	37	32	36	28	29	32	30	29	34	32	34	35	31	34	31	28	31	28	33	32	31	31	36	28	36	33	35	30	32	37	33	33	28	37	32	28	35	36	36	27	32	33	35	35	29	31	33	30	29	33	33	32	32	32	28	28	34	36	29	37	32	33	34	31	30	36	28	33	37	33	33	37	37	33	35	37	29	35	31	30	37	34	33	32	30	28	33	29	31	29	36	36	35	34	29	37	27	36	30	36	30	32	29	27	36	30	28	34	32	37	27	34	30	28	32	30	37	31	34	29	36	36	32	33	27	32	28	32	32	27	36	34	37	37	31	31	33	30	36	36	28	28	34	33	34	31	27	36	28	31	29	36	28	32	31	35	28	34	27	29	34	27	34	31	33	29	33	28	35	35	31	29	30	34	36	36	36	35	31	29	30	34	28	36	32	37	32	29	33	31	30	29	32	28	34	36	35	36	33	34	36	29	32	28	36	30	30	31	35	28	33	28	35	27	37	29	27	31	30	28	33	30	31	37	37	34	27	35	31	33	31	30	35	35	29	27	36	33	31	29	35	31	35	29	32	36	28	34	34	31	28	33	33	29	29	29	30	36	35	34	33	35	32	27	32	30	34	31	27	31	33	32	28	31	31	35	34	37	36	29	35	37	33	28	31	37	37	29	32	33	32	37	32	35	37	30	30	37	31	32	33	31	30	36	30	35	29	36	33	28	37	33	28	29	33	34	34	37	36	30	36	28	36	30	33	32	36	35	29	36	36	35	34	30	29	35	32	33	30	35	33	32	35	29	33	29	33	35	28	33	29	31	37	34	28	31	33	28	32	30	36	32	27	31	35	30	34	36	31	33	33	28	31	28	30	35	31	31	30	34	34	28	27	28	31	28	31	29	27	35	33	35	34	30	30	27	33	29	32	35	37	30	33	32	37	36	32	28	33	28	34	33	33	34	32	31	28	32	28	29	33	32	31	28	34	35	35	36	31	35	32	34	30	31	31	32	35	28	31	34	34	28	27	30	30	33	34	28	29	33	29	31	36	34	36	34	33	31	29	36	35	27	35	35	36	36	29	28	34	29	28	30	32	31	30	31	32	30	33	36	35	31	32	29	32	31	28	36	30	33	36	28	29	31	29	29	32	32	35	30	34	31	31	30	34	33	30	36	33	32	36	35	28	32	34	30	31	33	29	36	30	34	37	36	33	32	28	29	34	35	33	32	36	36	35	33	33	35	33	28	36	36	29	28	28	33	30	36	28	31	34	31	29	28	37	32	29	33	36	35	32	35	28	37	35	27	31	33	37	32	33	28	28	34	30	32	32	33	29	35	32	27	33	30	37	37	34	32	33	33	27	30	27	29	31	33
32	33	32	33	33	33	39	40	36	39	31	40	32	34	35	31	38	33	35	37	35	34	32	32	39	39	34	36	38	37	36	37	30	36	38	39	30	38	39	32	36	39	31	30	31	34	35	38	32	33	33	34	35	38	38	36	34	39	33	30	38	32	37	35	33	32	40	36	34	39	35	36	36	39	31	37	34	34	33	40	36	36	33	31	38	35	34	32	32	38	35	35	30	38	33	39	36	39	34	40	39	33	37	37	37	31	31	36	39	33	32	40	34	37	32	32	38	38	39	36	38	35	33	35	36	37	40	34	34	34	38	36	37	35	30	35	39	30	30	34	34	38	33	39	38	36	38	39	32	39	37	39	31	31	38	35	37	36	40	35	39	33	38	39	34	39	40	31	33	30	34	32	30	40	31	33	38	32	33	36	35	40	37	32	33	40	31	31	38	40	34	33	40	37	32	38	36	31	38	32	36	30	38	39	39	31	37	33	34	37	36	35	39	36	36	30	32	40	33	33	32	32	35	34	40	38	35	31	35	39	33	30	36	37	30	36	39	32	30	39	35	38	38	32	32	31	35	36	36	37	34	36	31	31	33	31	37	39	33	33	38	40	31	33	36	37	38	36	38	30	38	38	30	38	36	34	35	33	36	36	34	37	39	35	37	32	38	39	39	33	31	31	31	34	37	33	36	36	40	35	33	35	38	30	30	34	37	31	39	30	34	37	33	33	32	31	38	31	38	36	35	32	38	39	35	32	37	39	37	32	33	38	38	38	34	39	31	38	38	38	33	37	38	33	35	40	37	36	40	34	33	38	37	36	32	40	31	31	40	38	33	31	34	34	33	39	37	36	35	34	34	32	39	30	39	38	40	34	30	34	40	38	37	34	38	30	35	37	39	35	32	38	31	36	38	34	37	40	32	35	35	36	32	40	36	40	30	40	35	36	33	33	36	39	33	33	33	36	34	31	34	38	39	30	37	35	33	39	31	36	32	31	31	35	37	33	32	40	30	35	33	33	37	39	35	38	39	32	31	35	33	31	40	37	33	37	40	39	38	33	31	32	34	33	32	33	34	37	31	37	36	31	37	35	32	31	35	37	35	30	30	34	35	30	33	37	32	38	38	39	32	30	38	36	38	39	31	37	34	38	39	39	35	37	37	31	34	35	33	32	39	32	31	37	32	39	36	40	32	32	38	38	35	39	30	38	31	34	35	33	39	31	40	36	38	38	31	37	38	30	39	38	37	32	34	31	36	37	38	36	37	32	32	33	35	36	37	34	37	39	32	38	33	39	39	36	39	32	31	35	40	34	35	31	31	32	39	37	34	30	36	38	33	31	36	30	37	38	36	35	38	38	36	39	33	35	35	34	40	37	36	36	39	39	34	39	34	36	36	39	35	32	34	38	39	30	36	31	36	32	40	34	34	31	35	36	31	39	40	37	40	35	36	32	32	30	39	39	39	37	37	36	38	38	37	39	34	33	39	36	34	33	33	31	38	36	38	31	32	37	30	31	37	34	34	31	37	33	32	37	32	37	39	33	34	36	39	35	38	30	40	39	39	30	35	32	32	31	31	35	34	35	30	34	38	37	35	33	31	40	35	36	39	37	37	40	39	33	39	36	33	37	31	31	34	38	38	38	33	38	33	33	37	36	39	40	40	34	30	38	31	35	34	35	31	37	34	32	38	32	31	38	38	37	36	33	33	32	34	39	31	38	35	35	34	38	38	30	37	33	37	34	35	36	39	40	32	31	40	33	31	38	30	30	37	32	33	40	39	31	39	38	35	32	33	35	35	40	34	32	30	33	36	36	31	30	30	34	39	33	33	31	32	35	32	37	31	35	39	35	32	31	34	31	32	32	37	35	36	32	34	32	31	32	40	32	39	36	36	33	36	33	31	31	34	36	39	33	40	31	30	34	35	34	32	39	35	31	36	37	34	32	31	40	36	32	39	37	32	33	33	32	40	39	32	38	32	33	31	35	34	35	31	33	39	36	33	38	31	38	38	38	32	37	32	35	35	36	37	32	36	35	30	35	39	30	32	33	31	39	40	30	39	38	40	35	35	39	36	35	38	34	33	37	39	31	34	37	34	37	35	35	38	34	37	33	30	32	32	38	30	35	31	35	36	37	37	31	34	33	38	38	34	32	32	30	36	32	33	34	39	33	34	39	40	39	35	32	33	36	38	40	36	36	33	31	37	39	36	32	35	40	37	32	38	33	40	39	31	37	40	30	38	39	36	30	37	35	31	32	32	39	36	37	39	35	33	32	33	32
78	84	77	83	85	79	78	78	81	87	81	84	77	83	80	80	80	81	85	83	86	83	78	80	84	83	77	85	84	77	81	79	85	80	79	83	87	84	80	80	79	85	80	84	78	80	84	81	83	78	80	83	78	84	81	78	82	84	85	81	78	80	78	86	79	79	87	78	84	81	82	77	86	77	83	87	85	81	83	78	79	79	80	87	78	77	82	85	78	78	87	81	78	82	85	82	79	80	84	85	83	80	82	78	82	86	87	77	84	83	81	83	86	81	82	82	78	79	85	78	87	83	78	80	86	85	87	83	84	87	78	81	81	84	79	79	78	78	78	81	87	78	82	78	78	86	84	78	80	85	82	81	82	86	80	78	83	84	83	77	80	78	87	85	81	78	86	87	79	78	83	80	80	82	87	87	84	84	87	86	85	82	82	82	87	83	84	78	81	87	79	86	86	82	83	79	86	77	84	85	83	82	83	82	83	83	81	85	78	77	85	83	87	82	85	84	79	86	82	84	83	87	84	78	81	83	82	80	78	86	85	86	87	83	78	83	80	79	78	77	84	87	84	82	83	83	85	83	80	85	78	82	85	86	83	84	81	79	78	86	85	86	78	83	82	85	86	85	87	79	79	79	86	84	83	83	85	86	85	79	77	85	86	85	78	85	87	84	87	83	86	80	86	82	84	81	82	84	83	77	87	79	80	79	78	81	82	79	83	87	84	85	80	83	82	87	80	78	86	86	78	84	81	82	85	87	83	87	86	82	78	77	78	86	77	81	81	82	83	80	79	80	84	78	82	79	78	79	77	81	81	86	83	78	79	80	84	79	84	83	81	84	79	80	84	80	86	78	87	83	78	82	80	77	79	80	85	78	80	87	78	80	85	82	80	86	84	78	78	80	85	84	80	83	84	79	78	86	77	83	85	85	85	86	80	84	87	82	85	82	86	78	86	84	81	78	83	82	87	78	85	82	81	84	78	78	86	81	78	78	80	86	82	83	78	81	84	82	78	84	81	81	82	78	78	79	85	85	79	80	79	84	86	86	85	79	81	83	84	85	78	87	77	86	83	81	80	78	80	86	77	86	79	84	78	79	79	87	83	84	78	87	81	82	80	79	80	81	85	84	79	81	86	86	83	78	86	78	86	83	78	81	86	86	86	81	78	79	83	83	77	80	79	85	79	87	81	84	86	82	86	81	79	82	83	78	77	82	82	79	80	78	78	86	81	79	78	86	85	78	85	82	86	83	81	86	83	78	80	78	82	77	80	84	85	81	86	78	79	87	83	81	81	86	81	84	85	80	84	86	80	80	81	86	87	87	85	80	87	84	83	84	78	79	86	78	84	83	81	79	80	83	80	83	87	82	85	87	87	79	83	81	82	79	79	80	80	84	82	83	81	79	86	83	78	85	81	78	79	79	79	82	86	80	84	78	82	86	79	86	85	79	80	82	78	80	79	82	81	80	79	82	83	79	86	84	86	83	86	78	80	80	87	78	84	81	83	86	78	83	87	77	84	81	84	83	84	86	83	80	85	78	79	83	84	83	86	82	78	77	78	87	83	78	84	83	83	80	81	80	79	85	79	80	84	81	82	79	79	85	87	85	80	83	78	84	80	86	81	84	84	82	78	77	85	80	84	84	87	86	83	78	85	81	83	77	80	80	84	81	81	80	79	84	82	84	81	86	80	83	78	87	85	79	79	79	80	77	83	87	80	79	81	77	81	81	85	82	83	81	78	79	86	87	84	84	83	83	80	84	85	77	83	84	86	87	84	82	81	84	81	77	81	85	78	78	86	78	82	81	81	80	81	86	78	87	83	79	85	82	85	78	82	80	84	83	87	82	83	80	79	78	84	79	82	82	77	84	86	79	85	79	78	77	84	80	84	84	79	86	83	86	84	80	81	78	82	79	82	78	81	82	79	85	79	86	82	81	79	83	86	80	79	82	77	81	84	80	86	86	83	83	84	84	83	86	79	81	82	84	80	83	82	87	80	84	83	78	83	83	78	82	78	83	79	79	80	78	85	79	83	82	80	87	86	86	85	81	86	80	85	79	78	87	84	82	79	83	80	81	81	85	77	82	85	81	78	77	85	78	86	81	82	78	87	85	83	83	83	79	80	81	83	80	80	84	82	80	77	83	86	78	78	77	77	80	78	87	85	84	82	87	82	78	87	84	78	82	80	85	78	82	81	79	86	85	81	86	78	83	82	79	78	78	83	77	84	81	80	81	86	78	85	78	84	83	82	78	81	87	81	85	81	83	83	83	81	84	84	84
36	39	32	38	30	39	38	39	39	34	37	31	32	40	35	32	30	39	40	36	39	36	38	40	35	33	38	39	34	32	33	35	33	34	36	30	35	36	32	38	40	34	34	36	39	31	36	35	35	33	38	33	35	36	32	38	38	34	35	31	35	34	37	38	40	32	39	33	38	35	38	33	33	32	38	31	37	31	37	33	37	30	33	34	36	34	35	37	39	35	35	33	37	32	39	37	38	38	31	35	36	35	31	33	30	34	31	31	38	39	37	40	34	36	38	33	33	31	31	30	35	37	37	38	32	39	31	38	35	35	40	37	39	34	37	40	38	39	40	37	37	31	32	37	34	33	38	30	36	30	31	37	39	32	37	38	30	38	31	32	37	39	30	31	38	32	34	31	35	39	32	35	32	35	35	34	32	30	36	32	36	30	32	32	39	37	32	40	37	33	36	33	38	34	32	34	39	33	36	35	37	39	33	31	30	33	37	31	39	33	36	31	31	39	34	33	31	34	36	32	36	31	35	35	30	32	33	33	34	39	31	35	36	32	33	32	33	32	33	40	33	39	31	38	31	31	31	30	31	32	30	35	36	39	33	37	36	32	40	35	38	35	34	33	39	35	39	34	38	33	37	34	35	39	36	38	37	36	36	36	35	37	33	34	37	31	39	40	40	36	39	35	33	40	32	40	31	37	39	37	34	36	30	32	38	33	38	32	40	38	40	38	36	36	37	38	39	30	38	32	38	39	30	37	38	38	33	38	38	34	37	31	38	37	35	34	36	36	32	39	34	38	31	35	33	36	39	33	37	34	40	32	30	40	33	33	37	35	33	30	30	31	33	31	32	31	31	30	36	38	39	35	33	32	35	38	38	36	31	40	33	32	33	35	31	33	34	34	40	40	31	31	30	33	33	36	31	40	35	35	35	35	39	40	37	31	40	36	32	32	31	39	33	39	37	34	31	34	40	39	39	38	31	40	37	35	39	30	37	39	39	38	34	31	34	34	34	39	38	36	33	37	36	37	40	35	36	35	33	31	33	34	39	38	30	31	31	31	32	30	33	33	34	37	39	34	40	31	38	40	37	35	31	31	34	36	39	34	39	38	39	38	35	37	35	32	35	32	36	38	39	39	31	31	32	35	39	37	36	32	35	36	40	35	34	36	31	33	35	39	32	32	34	33	40	33	38	35	39	38	37	39	39	35	31	33	35	33	36	31	36	35	36	37	37	38	33	39	34	32	30	33	32	38	40	35	35	36	32	39	31	35	31	32	39	31	40	32	34	35	39	32	31	36	34	39	38	38	38	39	31	38	35	36	39	40	34	33	33	37	34	40	39	33	34	34	34	32	32	34	35	37	33	33	30	31	37	32	35	36	37	30	30	34	38	39	36	34	32	31	31	38	33	37	35	31	34	37	37	31	40	37	33	33	38	36	32	34	35	39	38	35	31	39	33	37	36	36	33	40	37	31	39	35	37	32	38	35	37	38	34	32	34	31	38	31	33	34	37	36	32	39	36	36	30	32	36	35	38	34	36	33	35	37	31	31	37	33	32	35	34	35	32	34	38	30	33	36	33	33	36	30	40	39	31	35	33	38	33	38	37	32	38	37	31	38	31	36	38	40	34	38	37	33	39	34	37	32	37	39	34	32	39	36	32	36	33	31	36	31	33	34	30	31	35	34	31	34	39	32	36	37	33	37	35	39	33	32	39	36	33	36	38	33	39	38	38	36	35	38	34	38	31	31	35	34	36	32	30	32	34	38	34	34	37	38	32	40	34	37	38	39	37	39	39	32	39	33	35	31	31	35	33	32	40	31	38	40	38	37	35	31	31	37	33	40	30	39	34	39	36	37	30	31	40	38	32	31	36	30	38	40	31	35	35	31	32	32	40	38	39	37	37	32	32	38	31	35	39	37	33	36	31	32	36	39	36	38	36	40	33	33	39	34	33	38	40	38	40	35	39	35	39	32	37	33	35	40	34	31	31	35	38	32	36	35	30	36	32	35	31	35	36	37	39	39	39	39	35	35	35	40	37	36	38	39	34	32	31	36	31	31	39	34	30	30	38	38	32	37	37	37	32	34	37	36	33	35	32	31	30	37	31	34	31	33	39	30	36	33	35	37	31	30	34	37	34	32	33	31	39	31	36	36	37	32	34	36	32	36	38	37	33	38	32	36	37	34	36	34	38	32	37	32	34	35	30	36	37	39	35	32	40	34	38	38	30	39	37	32	31	38	38	33	34	36	38	36	31	30	33	32	33	34	33	36	38	40	32	31
wj																																																																																																																																																																																																																																																																																																																																																																																																																																																																																																																																																																																																																																																																																																																																																																																																																																																																																																																																																																																																																																							
83	28	52	99	75	46	94	79	12	49	83	18	48	84	73	21	89	94	26	87	66	48	36	6	66	97	23	32	62	15	44	56	25	37	72	51	24	13	12	60	67	68	6	43	37	91	9	54	26	82	2	89	55	6	27	100	22	11	42	40	23	49	46	66	93	20	44	34	94	38	30	85	68	76	56	31	25	21	36	49	2	33	34	8	93	94	68	46	67	60	76	19	90	51	86	44	73	98	56	67	64	22	51	37	28	58	12	82	85	56	90	72	37	27	84	57	38	87	23	76	30	41	85	56	33	3	66	99	2	82	74	3	20	23	49	88	70	7	35	56	67	43	73	14	27	28	29	83	39	82	27	26	70	70	91	97	70	45	24	91	36	24	97	39	33	8	86	88	37	40	5	31	77	97	71	50	71	70	7	90	15	25	11	3	15	57	30	19	41	22	57	76	40	35	33	14	93	72	21	43	16	91	41	53	62	38	63	50	79	57	93	40	24	83	70	67	5	74	11	62	86	97	28	71	22	45	57	83	25	52	57	27	65	59	98	17	31	96	69	7	13	72	18	59	27	76	70	32	95	19	6	1	28	67	71	55	42	27	20	10	84	48	36	94	3	25	66	73	52	96	89	80	60	34	66	63	97	80	25	83	12	75	28	98	22	30	26	75	43	41	95	89	61	28	44	64	45	26	64	53	3	69	86	92	43	84	62	34	92	76	98	6	52	52	56	17	95	66	17	28	36	36	68	73	31	68	32	64	84	57	34	32	63	16	48	96	74	35	81	75	23	83	8	64	69	73	30	85	88	40	25	89	82	40	16	4	94	97	61	58	7	91	87	32	18	75	97	82	23	87	46	75	1	78	61	70	46	44	11	51	43	20	96	36	48	25	81	29	8	57	99	22	96	89	20	34	99	51	38	41	21	13	82	97	72	68	24	46	51	11	34	47	76	64	15	93	87	59	13	45	50	74	92	16	96	72	22	99	45	53	51	57	6	83	75	17	74	5	41	29	40	43	57	59	75	31	78	86	38	38	80	71	83	47	83	28	40	99	88	67	57	59	90	30	5	100	64	98	37	13	93	48	63	3	27	53	67	60	33	70	16	97	21	39	28	41	81	34	25	38	45	77	47	36	51	20	2	37	80	66	66	55	40	56	76	79	73	62	33	40	32	18	31	72	65	24	36	41	93	6	3	47	84	40	45	7	13	54	56	49	50	20	96	64	44	61	93	47	89	30	11	91	65	91	46	61	33	53	92	67	27	9	64	14	96	27	3	45	17	83	35	99	59	78	63	12	54	50	12	59	13	11	27	36	90	97	27	95	34	89	73	15	80	49	92	32	30	78	21	25	18	86	46	70	47	94	6	79	40	51	92	43	52	65	30	60	25	86	62	66	58	89	5	69	51	37	19	26	49	36	75	33	3	68	61	65	91	45	62	47	66	66	73	99	84	95	31	11	43	88	20	91	7	29	26	18	55	98	47	88	68	72	53	61	70	19	80	13	53	33	41	56	29	40	94	77	88	84	20	83	15	92	47	38	15	52	72	24	46	16	43	20	39	62	48	91	54	37	42	24	83	46	29	95	3	43	4	51	57	10	7	3	28	68	24	17	17	31	38	4	32	27	27	99	91	62	21	94	23	42	34	89	77	71	37	77	67	6	90	86	87	74	30	15	21	72	23	30	66	59	90	15	37	27	61	18	55	35	34	39	39	25	89	7	9	69	33	23	67	80	57	12	52	67	31	32	58	93	40	77	98	40	40	57	68	57	4	9	65	24	45	75	21	35	5	20	44	86	45	69	87	48	39	48	2	58	99	19	60	13	72	36	92	27	62	70	26	84	28	37	13	74	98	52	15	29	43	94	49	85	17	62	33	20	49	15	69	39	78	10	64	36	95	23	37	9	29	78	85	32	50	64	32	3	36	27	44	66	98	70	63	35	15	64	83	77	85	74	84	78	17	13	38	93	74	30	63	82	8	78	20	96	28	24	89	6	44	30	90	95	51	67	99	64	50	34	59	95	65	18	69	26	22	5	18	2	59	60	72	62	32	22	30	56	59	34	14	12	7	9	69	58	67	81	36	4	36	60	42	88	89	48	67	2	6	40	26	95	11	51	31	55	40	81	33	41	67	37	76	69	30	94	79	62	10	64	22	59	74	73	61	37	36	54	85	20	81	66	11	61	8	1	13	61	30	61	39	58	48	19	19	33	19	38	80	69	73	74	66	97	72	78	97	5	98	50	89	35	33	95	17	26	85	23	34	16	86	46	52	18
