pij																																																																																																																																																																																																																																																																																																																																																																																																																																																																																																																																																																																																																																																																																																																																																																																																																																																																																																																																																																																																																																							
22	91	44	97	13	64	28	52	15	24	11	26	13	16	78	14	71	55	51	15	21	76	82	97	57	72	46	20	91	64	11	90	86	95	51	65	23	85	27	63	57	40	47	68	49	33	14	20	50	57	11	88	47	11	82	47	55	43	57	60	86	80	21	81	89	97	45	53	63	54	54	48	24	28	21	38	13	56	53	99	33	21	53	17	47	83	38	60	98	99	79	86	65	73	91	30	86	81	30	74	20	79	86	36	49	33	67	84	65	35	48	26	24	37	31	51	21	11	33	42	18	37	13	50	58	78	65	16	10	12	35	58	22	13	20	79	46	76	40	88	68	29	67	43	41	14	67	69	92	91	81	56	93	81	92	29	71	92	52	64	11	52	92	45	32	11	100	17	60	95	63	69	63	48	96	75	70	72	20	51	91	70	88	35	79	54	98	64	87	92	20	79	26	53	73	82	94	14	98	26	63	67	80	36	92	65	64	95	28	81	89	54	19	16	15	79	83	85	83	58	67	37	13	40	75	23	90	95	50	36	99	67	92	25	18	99	28	19	93	47	94	17	77	48	13	34	74	39	46	75	30	38	93	57	26	65	17	39	76	95	49	39	14	55	65	23	74	73	17	26	22	21	62	35	75	20	57	98	48	28	34	89	79	39	44	83	60	31	25	33	31	85	16	16	96	55	93	74	52	100	70	24	54	23	98	20	17	49	36	14	55	97	68	30	45	16	63	35	68	76	26	19	90	84	41	58	75	58	79	92	31	34	36	65	80	86	68	44	33	19	23	87	52	25	75	58	77	13	80	75	38	28	35	24	83	71	24	94	35	100	79	40	56	71	37	32	50	46	26	99	77	14	91	93	52	80	64	76	12	89	25	50	73	99	83	86	56	22	88	94	82	84	51	23	87	93	68	94	55	20	92	86	55	15	97	19	18	39	74	79	95	75	21	65	59	91	93	66	28	50	56	34	22	75	87	16	71	13	11	80	51	28	41	95	66	26	97	59	38	90	86	82	78	66	39	74	32	19	43	58	88	54	93	13	75	42	100	42	40	73	99	96	53	73	61	20	25	39	74	74	77	83	100	22	38	93	27	11	30	11	11	91	59	13	21	45	33	48	52	13	54	94	66	43	90	63	15	56	27	78	11	99	31	98	12	25	28	58	87	34	79	42	30	15	52	63	16	84	89	92	37	79	56	90	36	17	92	34	50	38	95	69	77	43	85	87	14	68	71	58	21	34	99	98	96	56	16	82	91	18	59	84	88	28	58	37	85	12	27	44	69	67	58	48	15	29	17	40	59	88	72	42	50	90	74	97	61	98	54	15	77	37	11	27	80	26	84	91	92	91	32	28	48	44	38	16	16	53	24	57	94	57	34	64	30	89	50	36	71	92	15	76	98	88	86	30	94	25	67	69	36	12	93	13	12	47	45	29	47	37	29	93	12	46	73	30	86	89	59	60	68	38	79	65	64	54	71	83	61	75	78	46	29	97	74	65	61	98	90	23	19	12	35	59	50	23	36	89	91	19	13	86	13	66	73	34	63	62	64	45	94	82	33	38	62	19	44	24	53	11	53	12	53	19	89	66	47	83	78	65	85	29	84	39	87	89	38	91	69	35	44	63	50	41	19	21	16	19	58	93	48	45	59	15	70	83	23	58	25	66	72	39	62	36	53	83	88	81	21	36	58	24	25	51	43	15	76	75	70	40	89	72	88	50	69	91	26	27	53	99	78	55	95	92	71	89	91	50	58	92	70	81	97	33	15	22	84	41	44	77	50	11	85	32	14	41	71	47	57	37	62	59	31	48	24	33	36	18	93	30	64	61	41	70	80	38	67	95	16	69	16	76	56	49	17	53	40	36	22	68	29	30	93	95	88	95	81	32	15	46	13	55	76	93	17	77	65	77	81	68	24	35	10	21	44	29	23	12	12	23	93	34	81	11	66	37	39	50	84	30	80	21	67	17	11	86	47	46	80	32	86	59	55	14	57	93	96	19	31	76	96	87	89	27	39	94	44	93	86	59	68	63	18	41	53	42	27	32	52	70	17	93	79	18	77	38	99	43	98	64	26	79	70	32	54	72	10	96	28	84	87	70	29	52	47	71	37	70	52	39	34	74	98	23	43	58	66	32	46	34	17	32	94	95	73	88	13	28	90	81	45	70	92	97	43	54	79	24	89	46	65	57	23	56	78	40	65	41	66	64	55	73	27	96	21	29	93	72	49	34	99	25	53	70	39	23	20	98	77	85	66	98	22	71	23	30	67	76	61	61
64	73	100	59	16	55	49	55	15	44	69	91	82	17	54	25	65	74	69	16	21	57	85	48	30	79	65	35	71	46	23	29	12	57	43	54	92	46	39	50	94	51	36	66	18	90	91	82	75	88	50	72	88	84	42	58	41	56	54	61	53	46	59	22	56	66	41	72	88	20	79	22	31	69	97	14	54	93	23	93	17	81	29	11	73	58	32	33	23	51	78	94	78	56	97	54	72	79	30	45	43	64	48	47	35	60	22	44	90	99	80	55	85	79	24	86	43	83	36	33	91	24	59	81	73	37	64	21	29	37	84	12	95	76	83	35	64	36	46	89	33	12	70	91	78	52	77	76	55	47	48	50	66	20	53	87	30	67	35	62	23	68	95	11	20	61	48	24	32	78	82	31	36	68	14	85	85	59	18	79	93	75	16	51	86	80	59	32	91	98	62	29	49	50	30	90	79	46	71	14	76	75	16	92	63	55	51	91	22	56	60	45	64	45	44	57	72	98	27	32	91	58	57	60	87	79	92	87	66	90	83	36	93	80	17	28	21	50	46	25	49	87	47	14	72	70	21	90	28	51	41	82	94	87	19	65	41	80	98	12	91	22	39	35	11	54	47	97	49	47	20	10	24	37	56	42	22	15	84	61	79	53	62	81	17	74	87	90	58	32	59	11	91	44	44	22	47	28	52	30	13	12	97	38	68	77	28	32	62	20	60	63	52	91	67	42	64	61	24	28	46	83	29	54	79	90	39	74	85	26	93	20	24	14	16	23	69	11	81	98	71	21	88	58	73	48	13	20	44	98	55	13	54	50	35	31	19	20	68	69	97	23	98	16	53	45	58	74	65	76	38	75	65	38	40	70	18	44	86	40	95	87	93	83	86	39	92	71	39	27	91	27	80	27	37	90	76	49	19	54	37	70	39	13	39	62	34	16	44	12	35	54	34	25	64	23	26	69	33	88	76	42	98	74	81	71	66	53	59	81	97	63	81	11	48	74	82	22	66	81	95	35	38	73	64	33	53	61	57	16	67	75	45	69	87	24	57	51	45	37	70	67	75	13	85	83	63	49	21	67	94	95	47	64	36	11	76	87	35	79	58	15	29	50	39	50	52	39	94	51	14	40	74	23	78	93	36	45	65	65	97	48	12	41	80	40	24	53	84	95	92	88	59	12	80	70	88	40	82	38	64	20	63	34	47	69	17	39	87	31	22	34	12	69	68	16	56	63	78	38	45	63	83	16	28	58	54	84	34	65	41	45	24	14	68	64	17	95	15	52	52	11	61	22	73	72	20	38	15	34	33	25	62	86	16	15	74	85	76	14	66	22	59	20	16	54	39	28	68	16	89	19	55	50	55	22	21	81	14	32	45	50	33	77	64	66	68	30	49	83	59	89	19	37	31	96	93	63	31	68	54	34	17	89	16	63	23	32	66	71	63	22	69	32	41	73	80	51	50	92	88	99	28	14	69	34	34	18	39	19	14	55	85	89	20	31	98	76	59	30	11	34	62	31	80	91	20	31	47	30	82	79	29	11	43	84	72	92	11	59	23	48	24	10	47	99	20	86	78	11	38	25	89	60	29	88	58	20	67	57	34	35	16	12	76	66	77	73	82	42	71	41	43	75	21	45	33	40	46	20	43	39	63	38	11	11	44	57	45	95	90	91	81	12	47	88	85	51	14	40	40	56	16	47	63	99	94	10	25	65	35	46	87	50	88	56	26	32	41	90	53	65	42	50	97	88	67	95	44	81	49	67	62	87	66	18	27	84	97	70	79	54	11	78	75	66	39	35	91	75	33	48	16	29	69	36	21	36	82	17	56	53	39	21	73	22	55	62	20	18	72	26	79	94	76	60	85	34	65	91	23	85	46	30	71	81	61	86	79	39	39	71	81	75	50	86	41	48	17	73	35	18	87	51	92	91	27	89	13	70	79	20	62	72	48	36	58	15	37	62	66	48	71	59	51	69	14	12	83	21	76	62	73	97	19	65	48	65	15	76	24	25	94	88	68	78	29	52	11	27	98	63	40	64	35	36	71	48	48	79	36	52	84	54	92	49	29	73	44	72	41	33	56	15	44	25	76	15	77	32	93	98	91	29	19	37	33	75	73	44	29	73	30	28	94	77	39	68	46	87	48	77	81	11	78	11	21	44	84	14	63	33	35	98	21	35	41	29	56	49	59	44	88	44	57	11	78	69	73	76	66	87	43	40	22	25	78	12	14	28	63	86	32	56	98	92	61	30	54	19	32	92	27	54	65	53	16	28	54	79
83	49	68	91	39	76	72	61	56	55	35	28	45	64	20	27	25	49	89	93	55	96	29	34	73	42	18	26	15	43	84	28	59	47	55	97	40	54	45	54	99	24	94	12	39	67	21	35	10	51	12	73	61	42	79	76	65	80	34	98	33	76	86	10	65	25	58	90	77	20	46	52	46	11	50	61	87	75	83	96	13	35	75	83	37	68	51	75	89	27	13	40	76	88	64	28	33	96	63	89	69	31	87	98	98	58	78	40	31	37	97	25	15	30	81	41	36	20	23	52	33	22	34	89	51	66	53	80	36	81	17	47	62	87	19	77	26	56	87	92	19	84	95	28	39	38	52	95	88	19	70	65	94	67	72	89	40	98	69	16	100	100	64	79	82	55	27	40	59	32	94	78	89	34	21	93	34	52	61	17	62	96	15	68	53	26	49	30	59	44	67	39	73	100	14	44	17	86	95	61	61	85	17	95	17	60	41	83	23	50	48	11	71	52	37	15	46	71	16	29	21	28	46	95	81	80	70	19	11	33	92	69	13	33	57	59	96	35	15	97	69	21	90	26	46	51	80	59	26	19	79	79	66	91	29	29	96	45	84	91	97	85	86	47	12	17	14	48	96	85	80	51	75	80	13	27	39	20	62	27	43	64	31	59	70	99	30	31	75	39	97	53	36	34	53	81	64	74	98	61	13	68	24	80	56	36	93	16	47	11	80	79	82	99	23	32	98	17	16	14	45	90	75	47	60	98	74	17	92	69	89	30	14	94	57	65	95	49	41	26	62	15	35	36	17	48	95	55	51	99	96	72	28	85	24	73	79	42	34	65	77	54	69	90	59	30	54	40	31	93	33	81	48	40	41	51	77	77	16	31	26	37	61	85	100	19	88	35	15	45	13	70	37	40	57	25	100	14	32	44	18	71	65	71	22	60	58	69	61	34	61	19	57	74	75	27	37	33	28	86	90	76	15	60	76	50	58	76	90	83	93	32	63	29	76	98	70	54	26	50	62	29	35	92	13	66	93	17	43	30	92	44	89	31	16	39	19	39	98	97	48	60	26	36	26	23	48	88	27	75	97	12	88	23	88	33	43	26	72	92	43	80	22	27	75	60	26	58	45	46	92	41	13	58	44	77	86	58	67	29	45	43	21	22	66	84	75	96	26	99	42	88	14	34	59	11	68	96	90	72	60	43	85	97	28	78	84	75	95	72	20	22	94	97	15	30	11	74	44	42	93	36	66	47	75	87	20	30	87	81	27	50	74	22	28	21	94	23	53	12	34	34	53	15	71	18	17	67	25	33	91	27	13	48	44	32	16	17	27	78	98	82	94	48	43	94	24	95	64	81	45	18	45	89	53	22	76	90	29	89	75	51	16	56	97	47	12	37	12	42	12	29	64	72	18	76	96	72	51	45	59	98	77	28	66	83	35	63	59	55	87	56	80	49	41	30	89	32	14	25	14	68	56	24	76	34	52	44	11	89	91	91	84	64	23	30	78	86	65	54	57	24	77	82	21	73	97	26	64	12	24	70	50	71	24	19	46	54	41	53	99	84	39	58	24	86	47	41	98	92	56	27	19	96	90	48	38	16	98	46	37	60	25	65	12	71	30	35	87	25	52	26	78	21	80	35	77	85	48	43	38	19	61	76	80	53	94	57	57	41	14	29	34	27	64	78	44	73	50	100	89	43	61	41	37	77	71	48	90	91	80	30	64	57	92	85	28	32	100	87	74	10	96	12	60	35	22	47	63	33	90	34	18	18	50	58	90	73	55	94	26	23	95	49	53	31	79	59	82	78	52	52	35	16	49	47	77	71	28	85	83	28	41	95	34	89	27	23	88	83	25	53	20	22	88	53	72	34	75	83	34	95	68	23	49	80	35	45	100	31	66	20	80	18	14	75	70	48	47	53	23	43	16	48	55	52	12	73	56	20	38	42	26	97	62	62	99	31	16	66	83	76	78	56	25	58	29	90	46	41	77	38	42	23	36	32	66	16	86	64	51	11	54	100	82	97	37	82	30	90	26	80	93	82	43	61	18	82	59	81	56	82	67	50	59	14	97	74	11	19	38	20	67	93	58	88	64	19	97	54	24	33	23	56	79	71	37	94	31	26	36	68	55	44	21	21	25	68	87	68	91	65	44	63	29	22	87	45	50	45	40	73	46	98	49	46	64	85	48	44	80	13	27	28	61	96	52	92	30	47	48	51	67	48	25	31	89	32	71	87	87	65	88	55	51	65	69	37	49	50	18	95	64	79	45	98	42	83	26	17
17	29	21	74	61	25	93	47	31	89	62	56	20	53	68	84	75	12	57	35	56	23	40	88	20	20	72	98	27	18	83	73	89	65	17	32	82	44	31	65	89	80	17	87	99	21	84	84	79	38	47	40	75	54	47	53	42	33	77	30	87	55	42	46	21	98	86	35	64	86	99	88	77	99	36	63	26	54	22	68	67	22	92	22	67	25	27	54	32	31	99	71	23	92	87	65	16	86	95	86	33	16	58	86	70	12	36	15	96	24	53	87	97	98	10	91	20	52	89	68	31	50	54	47	21	25	84	47	22	60	39	51	52	31	20	86	11	35	95	86	34	48	45	81	87	87	56	63	76	96	79	22	70	61	78	49	23	68	75	70	47	65	74	46	38	88	45	66	98	29	62	96	20	20	32	74	16	92	44	77	84	20	17	18	77	97	51	99	67	64	37	24	10	45	98	18	86	62	44	86	69	18	30	94	82	75	49	34	57	14	21	70	11	15	28	74	45	17	46	95	35	90	65	47	73	91	50	92	19	37	49	82	85	89	64	15	70	66	76	39	15	23	88	93	21	17	13	78	75	97	50	35	92	23	41	13	83	97	85	28	65	13	88	64	51	41	45	84	12	73	26	97	94	60	81	63	57	63	59	75	31	15	66	26	51	80	83	79	49	30	82	63	38	40	64	26	91	21	75	18	32	70	78	87	24	39	59	59	88	57	52	32	62	15	96	78	67	47	44	39	35	28	72	73	49	60	68	63	42	48	55	39	89	37	13	84	54	31	38	18	11	47	67	82	62	75	47	35	52	27	57	69	25	87	87	31	93	21	52	47	35	41	73	24	68	20	72	76	90	56	71	82	76	77	59	49	78	74	51	68	53	77	54	70	34	81	95	93	60	98	57	38	21	12	32	56	93	35	66	56	52	52	56	12	99	24	38	83	86	30	80	12	80	54	55	73	45	80	56	44	60	57	92	47	29	43	36	84	90	53	92	20	25	87	62	22	97	98	77	63	52	94	44	78	87	11	73	81	76	40	88	92	94	29	81	61	13	16	88	23	41	50	37	37	71	72	38	87	91	73	66	51	37	23	12	34	20	37	73	61	85	62	91	20	60	81	65	85	62	30	81	63	32	11	57	33	62	59	51	96	23	22	83	11	31	74	98	99	57	11	69	53	63	53	57	43	69	34	84	35	51	99	63	85	45	23	67	33	63	13	73	93	61	91	53	94	80	19	60	49	41	16	11	37	54	80	45	42	71	94	42	53	51	19	16	38	62	36	88	47	96	66	46	46	43	20	39	19	57	79	77	32	96	57	93	42	62	60	91	18	69	91	30	50	84	49	65	67	21	21	47	15	63	24	86	52	65	62	15	30	28	37	34	81	25	72	87	97	72	67	97	85	97	92	46	96	96	15	63	17	55	18	56	62	71	45	33	44	34	56	19	49	28	21	98	15	81	44	72	98	36	61	80	96	51	91	86	53	42	77	37	53	77	96	58	71	46	95	70	58	76	14	94	92	87	15	62	28	97	100	58	95	42	37	60	59	68	44	94	43	33	37	92	32	90	97	84	78	68	64	81	63	51	100	15	48	20	58	75	91	16	51	56	21	71	12	54	34	42	53	15	20	67	98	96	46	65	24	27	35	18	39	88	83	40	83	61	20	64	79	72	17	84	15	87	48	18	37	76	76	20	19	56	94	15	37	29	81	57	80	84	92	37	34	61	61	19	24	18	56	60	17	46	93	94	71	27	96	16	62	26	57	68	93	89	45	72	67	61	96	11	68	28	59	80	18	71	41	56	34	44	68	100	53	93	52	84	21	43	97	30	15	17	55	10	90	32	84	12	22	40	36	51	65	76	84	76	30	78	25	71	22	24	97	94	22	74	95	82	47	53	82	54	60	23	79	30	74	58	94	11	12	91	36	12	18	40	71	77	20	80	84	33	62	77	28	68	66	93	84	92	57	91	38	46	100	32	38	57	59	81	20	35	51	68	20	77	23	24	46	34	51	49	41	31	60	89	90	52	19	83	85	88	44	54	82	82	88	34	87	70	56	96	82	27	99	39	44	85	30	81	27	17	61	78	94	32	60	28	57	36	19	62	81	22	42	91	62	26	44	12	69	56	35	14	36	27	76	64	82	59	74	22	50	55	11	73	79	70	77	12	62	35	43	34	88	29	60	28	51	63	72	26	24	95	27	61	79	94	25	65	55	83	25	56	24	84	87	34	69	16	43	83	69	25	74	35	77	94	33	90	12	20	27	69	92	70	21	13	92
89	55	19	63	63	55	97	33	90	62	23	82	44	41	41	20	43	52	78	57	23	83	30	19	30	29	24	63	22	28	32	67	38	66	28	88	91	70	98	54	31	72	20	84	57	97	22	61	42	13	59	48	14	25	19	100	96	54	91	37	96	66	79	78	95	50	31	35	94	67	23	71	87	29	41	91	49	31	82	25	58	47	37	25	36	55	38	88	21	99	99	20	73	69	35	25	86	90	76	69	82	49	55	83	23	42	82	98	55	79	49	42	41	76	35	99	60	34	95	10	94	54	58	98	54	76	27	75	97	73	39	20	33	99	45	98	87	86	36	71	72	52	50	24	89	44	52	63	68	47	21	12	38	36	42	13	79	53	15	11	87	86	52	48	86	65	46	50	50	51	83	67	73	58	58	87	85	14	75	69	55	11	96	35	99	10	37	42	46	42	42	92	29	85	29	81	21	100	95	32	53	44	47	20	99	99	67	73	56	53	13	75	44	71	36	68	73	26	74	90	12	17	61	87	89	36	89	73	68	38	61	73	60	80	17	83	15	75	35	40	71	23	58	27	29	39	97	21	70	21	32	11	68	40	82	66	30	43	56	79	52	72	24	21	18	84	25	48	34	55	35	21	67	63	76	38	12	48	33	30	83	90	15	78	18	74	44	80	19	70	37	13	96	42	29	79	91	51	93	62	18	85	62	55	89	56	50	75	89	28	89	40	92	44	49	44	63	24	80	91	51	62	43	49	90	79	60	57	100	68	47	78	60	39	45	32	52	19	39	19	99	26	91	69	82	12	20	14	88	61	12	76	51	77	79	20	42	63	66	100	50	74	25	33	44	56	78	45	86	78	36	70	86	18	58	33	64	30	47	35	41	85	99	93	80	52	31	55	65	23	18	85	48	22	81	27	37	61	57	29	99	39	85	58	39	74	42	70	34	60	88	73	85	42	16	55	44	69	59	70	92	43	70	62	41	63	34	70	29	32	40	63	69	98	18	49	72	29	77	78	26	15	54	12	95	78	17	48	91	76	95	53	31	66	39	51	90	88	67	65	25	34	84	88	79	31	16	74	50	84	85	17	22	54	97	86	95	48	74	29	61	57	27	88	90	42	54	21	71	44	72	99	98	66	83	52	49	56	16	46	34	98	17	71	89	66	36	26	34	51	25	75	43	39	51	71	46	43	62	37	53	90	40	65	87	86	98	18	56	68	77	93	64	45	21	47	35	18	90	95	29	71	84	33	55	35	78	77	42	14	39	97	70	65	69	100	24	24	19	94	21	32	30	47	97	10	48	23	30	13	57	76	67	33	62	62	73	42	23	12	45	63	79	36	36	70	39	30	47	93	95	47	90	33	99	76	81	85	14	32	67	32	75	26	72	18	66	98	21	68	98	76	95	90	88	26	46	22	37	73	19	29	91	39	27	93	12	70	53	12	19	24	72	22	20	21	12	81	52	51	92	29	71	97	24	36	81	57	42	47	12	88	83	22	19	91	87	44	16	49	18	37	27	32	57	50	27	42	68	61	64	61	68	66	50	29	72	87	63	68	75	83	92	68	10	70	60	73	44	97	38	39	21	29	10	86	36	88	69	62	59	67	96	39	49	38	13	51	18	44	82	11	30	76	49	88	87	54	45	73	29	70	85	22	96	25	18	87	25	18	61	56	52	75	90	91	21	92	45	88	59	49	47	90	38	27	27	74	76	28	88	21	69	46	61	31	27	36	99	73	25	77	53	96	91	21	43	40	15	24	28	45	49	76	66	43	92	42	55	73	88	79	89	58	47	64	60	80	58	71	13	85	72	34	87	63	36	16	13	69	69	77	77	41	76	53	63	97	77	93	79	57	68	24	26	89	73	61	63	63	49	65	35	42	53	88	34	96	40	65	89	36	90	36	78	68	62	18	73	75	51	35	83	43	84	77	31	52	62	85	22	46	91	92	19	34	25	63	77	41	75	27	76	15	78	14	88	65	55	16	26	26	95	23	56	80	42	85	16	35	100	14	47	32	60	20	35	29	47	41	78	41	53	46	44	26	84	44	80	18	53	83	30	33	18	68	59	64	10	42	14	86	56	68	69	54	11	78	97	14	46	28	13	64	40	15	47	51	36	29	10	32	66	20	31	59	24	100	47	12	26	92	75	61	68	76	75	44	30	86	22	21	32	99	89	62	20	25	63	25	60	52	62	19	13	69	53	55	28	39	13	64	71	21	90	96	27	55	100	50	24	19	12	41	39	79	56	63	11	20	71	38	93	76	11	68	66	32	40	77
72	92	59	58	69	39	21	88	56	23	27	94	40	75	63	38	68	28	78	65	85	72	27	36	82	31	30	40	24	39	96	87	79	75	54	83	78	76	27	81	34	73	64	97	43	59	62	39	13	88	85	81	36	62	86	83	63	24	50	95	97	34	61	36	76	56	43	45	15	89	65	30	36	73	24	45	90	76	14	50	70	35	76	34	54	43	38	48	19	19	90	88	81	72	23	55	59	45	23	72	71	96	52	11	80	84	80	18	88	39	39	53	65	64	60	13	93	47	50	76	49	59	26	47	27	11	68	61	37	95	30	86	67	42	75	12	87	54	32	57	81	52	91	39	17	10	86	67	43	40	98	80	77	30	50	70	10	65	87	21	81	92	38	59	48	24	44	77	78	22	69	63	100	40	90	73	39	70	22	79	73	10	29	44	15	81	42	12	70	30	68	63	29	73	80	44	70	87	75	26	44	74	13	20	21	38	13	91	16	59	30	20	52	65	80	19	12	16	96	17	30	54	99	96	66	54	30	28	35	66	11	95	69	38	19	43	86	60	32	38	87	42	61	77	99	73	29	17	23	61	40	26	55	98	56	70	67	46	58	63	62	60	85	45	45	90	39	31	51	33	15	79	24	22	78	76	10	24	81	83	50	95	63	47	85	53	71	27	57	39	44	15	72	23	55	41	23	28	83	83	41	56	18	11	52	22	18	65	89	15	13	11	18	76	74	29	53	56	60	24	21	98	53	64	77	96	17	36	89	51	35	82	36	20	54	87	86	32	92	79	52	56	48	82	67	25	34	51	86	85	73	77	30	88	20	77	74	79	61	16	88	35	77	35	41	70	73	40	57	83	68	28	83	40	97	91	74	23	48	45	99	67	95	53	93	50	46	17	65	69	76	75	53	60	98	66	31	71	82	28	55	55	40	55	50	28	76	18	48	39	21	19	55	21	59	88	63	70	40	38	18	17	51	23	75	84	49	58	14	26	98	58	13	43	71	77	65	76	24	56	75	89	80	11	79	79	33	96	22	67	78	24	19	16	58	52	81	16	91	30	71	33	55	45	27	27	40	64	21	49	26	19	60	37	48	16	44	18	97	98	91	82	14	87	92	80	63	56	28	50	81	52	91	88	74	91	31	40	76	58	61	70	95	70	84	99	40	99	58	28	36	79	88	77	19	59	23	16	58	20	82	91	72	12	49	63	50	85	96	27	86	53	75	61	31	99	30	19	64	36	32	12	15	35	60	98	17	99	80	73	47	18	71	46	75	14	56	55	75	84	61	96	95	86	17	52	14	11	80	55	75	29	78	90	26	44	99	58	43	19	82	16	70	55	69	18	49	29	49	55	80	61	85	26	17	52	82	100	28	57	11	11	44	22	91	68	49	47	52	19	71	64	10	18	80	67	82	32	23	46	43	97	18	60	83	36	73	72	27	87	80	45	69	77	92	79	24	45	76	97	33	28	51	87	15	54	89	84	66	46	62	83	38	76	30	36	48	72	28	90	55	35	80	90	25	61	48	75	12	63	55	58	21	64	12	13	97	81	84	84	82	47	91	64	90	74	52	44	41	85	86	65	23	66	19	97	68	91	28	38	91	91	53	29	27	33	92	25	73	61	72	82	35	89	22	44	50	23	90	40	95	90	13	63	27	96	73	49	100	22	61	74	33	57	23	88	59	25	14	81	15	97	82	68	69	57	96	70	76	63	16	70	71	50	92	43	45	57	52	48	45	45	34	81	68	88	15	11	74	28	56	34	51	93	54	40	66	77	68	56	67	14	76	46	73	24	55	80	12	60	77	61	55	77	98	13	17	20	54	27	62	80	35	58	64	44	90	74	68	86	88	98	45	62	51	76	51	85	48	62	29	75	21	39	59	31	12	67	31	39	28	16	18	31	96	86	67	55	61	52	71	41	62	27	43	38	91	90	11	44	80	12	56	42	21	86	96	32	16	46	70	98	20	40	83	28	71	36	83	77	82	61	78	99	45	94	14	11	11	99	89	35	94	66	23	66	66	65	29	23	21	31	11	58	14	22	78	20	53	18	17	91	83	77	24	88	12	16	24	43	97	26	10	38	34	30	84	85	37	82	13	74	39	93	35	62	37	80	61	35	81	42	85	88	36	69	82	64	75	95	27	63	26	61	60	44	63	96	15	89	16	88	78	56	80	18	36	72	33	57	96	44	82	23	67	65	49	32	35	47	59	31	13	45	46	95	37	31	69	62	95	74	30	37	91	87	63	47	37	41	41	12	21	95	21	89	29	19	57	85
92	56	95	97	74	82	36	57	61	32	95	15	99	14	13	94	44	25	20	54	94	45	96	17	12	63	98	23	77	80	50	53	76	77	96	80	36	93	22	67	25	55	62	88	60	81	17	84	84	26	52	58	89	49	52	66	57	77	16	17	10	92	21	43	70	94	73	56	25	100	31	50	86	30	97	59	60	97	12	39	51	93	46	96	48	46	96	77	81	96	83	65	56	67	19	100	73	63	75	84	40	94	90	19	51	54	14	56	26	37	49	36	34	68	58	71	66	72	88	11	86	85	37	58	99	70	51	46	21	79	26	56	30	53	16	69	94	32	84	29	40	36	32	25	71	42	77	66	18	89	30	89	67	49	34	19	22	78	94	82	51	18	21	43	42	46	81	42	23	16	87	64	61	57	79	38	46	48	15	15	63	77	73	71	21	43	17	69	22	15	23	68	44	85	68	80	24	62	15	87	61	46	62	71	35	83	56	94	39	29	93	96	76	56	97	33	40	25	60	94	77	28	66	96	85	60	92	18	76	79	23	76	53	81	55	64	76	40	91	40	38	42	63	66	84	17	72	15	24	61	20	65	20	94	45	19	51	89	35	32	48	13	32	23	29	69	22	45	99	25	50	50	13	19	82	46	23	39	52	55	34	63	49	63	75	51	60	30	89	76	74	99	92	94	82	54	83	77	74	96	94	75	79	78	61	21	76	46	48	20	31	63	17	34	69	23	10	97	49	97	31	55	60	84	78	11	46	85	55	11	28	69	68	96	37	81	35	46	59	85	57	34	96	22	49	77	57	29	94	83	78	71	64	88	39	35	75	33	69	97	78	82	37	39	88	39	19	57	86	34	47	57	71	23	99	65	73	30	58	92	23	72	61	69	44	49	17	14	20	92	52	93	95	64	88	91	73	55	90	30	31	36	17	26	17	10	60	78	32	26	34	14	83	95	16	43	65	74	99	18	90	81	58	48	49	80	26	90	55	69	78	67	29	99	34	14	51	74	54	42	52	34	47	19	73	40	59	85	78	50	94	86	93	40	39	15	15	95	84	13	26	77	73	32	15	34	78	61	88	49	100	69	88	62	46	84	91	72	64	45	40	71	68	54	30	60	94	88	56	37	65	97	70	47	44	64	67	85	14	32	43	96	73	47	70	92	56	85	38	29	45	35	16	47	50	65	71	56	88	72	11	85	79	52	31	56	76	28	100	87	17	83	18	89	80	61	26	38	67	71	58	39	19	26	26	45	27	52	25	12	27	65	59	63	66	31	30	78	47	20	59	75	84	96	38	85	98	57	71	24	36	19	52	55	50	78	13	33	20	44	18	88	61	93	25	93	87	93	76	91	67	28	88	82	75	33	96	64	20	82	32	21	59	92	24	26	80	69	82	66	30	81	49	82	89	46	32	61	46	48	17	90	32	100	42	26	73	48	17	93	17	68	81	21	44	28	28	79	16	69	30	95	91	71	40	11	42	79	29	86	63	25	60	25	56	52	21	54	22	96	37	23	17	24	44	75	51	29	79	61	71	44	61	55	73	25	15	65	72	17	84	55	45	14	35	37	23	35	39	25	15	66	18	66	52	72	55	37	11	59	14	26	55	14	95	81	98	11	39	77	59	72	45	86	92	93	28	74	66	62	50	61	51	28	39	49	81	96	61	20	49	29	46	23	66	94	44	72	39	67	18	86	31	24	34	43	60	100	97	94	88	89	58	86	79	76	46	27	63	91	39	81	75	12	57	65	27	64	63	24	54	65	12	63	91	14	91	22	84	70	57	23	49	33	54	86	66	71	59	76	31	40	74	29	13	52	54	64	38	38	73	13	52	38	92	20	55	19	93	43	65	39	53	57	87	35	36	77	60	63	83	57	81	64	25	33	91	12	50	50	35	77	21	25	58	44	28	76	82	65	26	92	91	96	48	94	38	46	76	71	81	49	62	99	33	28	54	24	13	24	22	30	60	39	92	78	56	30	40	20	88	28	90	99	88	35	33	71	38	31	70	79	25	53	16	13	36	67	12	14	74	38	53	70	53	49	66	88	55	12	21	37	12	20	89	48	81	29	21	13	47	13	33	99	66	98	82	58	76	66	81	86	75	31	57	99	74	74	25	80	10	99	91	23	19	57	32	15	97	74	24	75	73	77	91	68	24	98	11	60	28	73	99	52	97	12	16	77	41	67	51	66	16	28	52	62	19	34	37	28	89	97	40	49	58	95	25	70	31	41	54	98	12	81	18	76	52	41	28	87	96	59	67	26	97	62	86	97	91	40
47	98	54	43	71	71	35	35	97	59	89	93	32	42	98	52	61	97	67	31	83	96	65	38	25	49	61	19	88	77	78	42	93	95	75	92	18	59	66	77	83	16	20	82	22	50	87	82	41	83	39	51	81	36	16	26	98	96	77	11	64	28	86	12	28	90	33	23	72	82	70	92	51	70	64	73	51	33	43	47	75	13	88	54	99	41	98	30	72	81	39	75	52	19	60	66	68	23	95	34	50	62	38	19	90	56	28	48	22	37	84	93	97	91	45	24	90	72	87	20	41	64	35	93	26	78	86	62	41	88	96	56	75	56	14	18	75	26	91	97	39	65	76	70	42	61	18	14	23	26	87	79	38	18	23	18	30	98	66	92	30	56	86	71	75	25	20	35	73	50	49	43	43	65	85	98	63	37	51	33	41	33	68	58	62	52	86	61	69	28	64	78	42	31	92	99	33	71	58	69	27	16	57	68	64	42	18	91	56	79	31	48	70	85	26	54	24	76	25	45	14	51	80	30	87	71	89	84	88	29	53	71	97	45	64	96	69	10	83	32	63	29	37	63	29	55	93	41	47	99	83	25	81	46	17	52	25	32	76	34	76	12	21	13	69	72	39	36	89	94	38	23	11	66	20	83	88	26	88	39	48	63	67	34	14	59	61	77	80	83	45	92	15	76	54	49	14	15	69	42	98	17	20	92	42	53	64	54	59	73	84	51	30	86	60	87	55	44	45	64	17	89	30	55	17	26	11	41	37	56	88	39	36	49	39	93	70	21	53	41	25	33	68	47	31	32	67	21	48	97	12	38	17	12	67	19	34	54	32	98	73	64	92	55	73	29	64	73	59	16	63	85	49	39	45	28	70	26	64	17	20	47	32	25	76	99	75	32	45	85	26	40	11	77	82	40	69	59	82	99	93	26	15	83	15	35	74	32	33	17	24	46	23	34	64	27	39	57	12	91	39	73	65	47	32	59	26	37	28	73	93	54	90	65	58	58	60	13	37	59	83	100	78	46	55	36	33	29	42	51	78	99	17	75	83	47	48	37	94	14	63	69	15	63	45	17	95	54	44	75	82	37	18	88	96	39	45	80	74	61	29	72	79	79	38	52	76	97	58	70	79	40	65	63	29	98	39	71	66	49	13	25	19	45	79	79	60	40	68	86	32	31	83	86	16	94	16	94	76	72	62	64	17	85	97	19	55	23	99	22	43	56	66	15	20	11	90	79	68	30	32	85	74	57	95	83	33	80	22	95	27	52	12	53	39	27	57	42	61	37	15	30	26	40	27	72	69	23	88	44	96	53	69	91	93	68	62	36	24	46	43	90	77	37	70	48	82	35	26	75	30	73	63	18	76	70	77	54	63	88	31	84	53	38	87	65	60	73	25	43	68	40	50	81	42	75	16	44	81	49	31	88	20	63	84	60	81	53	66	63	34	32	71	38	79	25	37	43	60	23	10	62	67	43	56	91	40	50	18	87	35	55	89	13	83	79	85	16	83	56	75	39	45	78	88	16	32	56	28	36	11	11	21	41	35	57	73	31	78	38	23	43	32	61	21	22	73	64	93	61	95	50	59	43	91	68	47	62	25	77	94	20	34	99	12	56	91	50	43	88	25	47	41	40	71	53	87	86	48	68	45	29	67	57	78	35	91	29	36	58	60	32	44	46	93	57	18	45	45	83	58	85	59	37	80	54	17	55	30	20	99	47	70	85	71	88	87	46	67	57	39	31	46	56	70	52	17	81	75	19	98	92	39	70	27	72	19	57	17	56	30	57	56	85	70	63	75	82	57	39	29	50	72	42	84	97	62	28	13	82	11	62	18	12	79	70	47	64	67	10	44	73	91	18	48	40	99	45	78	21	48	27	34	89	84	25	37	95	53	28	33	72	97	44	78	38	70	88	25	72	30	42	14	82	96	23	86	22	80	59	14	49	16	15	47	91	34	32	87	69	90	12	55	40	75	60	45	16	65	17	21	33	33	31	49	56	48	82	80	17	60	43	39	57	59	54	38	92	76	17	80	18	48	53	35	40	91	46	34	61	70	95	93	82	60	43	61	57	87	19	59	96	31	77	91	93	92	34	72	74	58	54	84	17	86	90	89	93	72	40	78	20	91	23	80	91	16	76	81	16	31	73	87	15	75	50	52	65	17	37	34	57	48	68	11	71	70	70	36	71	33	60	33	76	26	47	56	38	85	72	48	86	37	21	52	45	31	48	82	43	63	38	12	16	56	92	33	19	100	84	48	97	49	66	43	87	89	65	48	72
68	94	76	79	29	88	67	31	22	57	38	96	75	19	70	49	80	11	81	54	34	55	29	76	79	55	31	71	69	67	46	31	72	64	54	75	44	56	11	73	87	64	15	46	11	54	36	29	66	47	46	36	55	42	51	97	88	62	64	48	56	70	71	55	54	65	26	17	80	24	81	10	57	84	86	65	25	20	12	80	73	65	99	92	73	97	29	32	79	98	85	12	61	19	22	96	24	70	79	86	44	58	67	53	88	11	45	48	77	94	88	23	14	92	98	20	56	19	48	19	76	58	61	75	17	24	25	68	14	21	72	76	83	66	42	56	30	83	38	91	54	29	14	21	17	23	78	45	72	11	55	34	79	58	93	27	68	22	69	54	82	93	86	61	63	29	99	76	78	92	51	64	46	69	33	62	49	59	76	91	49	92	88	53	83	67	87	79	36	90	25	58	99	13	52	96	54	31	12	87	34	51	50	22	75	62	42	25	70	49	66	31	24	31	69	65	18	10	14	31	99	66	13	16	43	24	74	94	92	39	72	98	23	93	97	47	39	13	87	80	98	88	94	45	36	69	82	89	70	88	56	97	61	22	37	79	95	19	93	23	45	50	48	17	92	87	16	28	37	81	15	94	49	58	77	14	20	56	83	60	97	90	49	53	93	45	84	30	33	72	32	69	12	23	39	67	84	99	70	82	26	36	11	75	49	95	77	42	30	83	21	63	40	35	14	95	64	19	94	18	72	12	83	51	67	52	11	45	12	52	41	27	58	71	44	96	68	33	84	23	50	56	40	22	14	28	18	13	91	19	94	50	32	39	41	36	46	15	16	28	75	60	29	74	90	62	22	52	96	30	62	97	82	70	97	99	92	35	24	42	56	35	28	38	21	83	27	91	57	87	42	51	20	39	22	12	86	13	74	66	16	65	66	59	34	96	94	52	17	91	24	74	57	53	19	90	44	78	34	87	23	69	81	68	81	87	75	92	23	68	90	70	45	34	33	99	86	36	37	19	99	66	59	40	18	84	72	73	97	28	23	70	75	37	68	83	16	77	45	35	67	91	75	91	46	40	19	70	42	47	66	90	70	95	83	86	86	89	46	34	93	50	90	59	15	54	50	64	63	96	63	16	29	32	30	46	79	24	46	57	30	95	64	54	28	100	55	97	36	28	74	98	32	90	50	49	51	65	76	89	29	33	44	31	59	21	72	84	40	24	89	92	43	42	97	16	39	63	51	84	85	67	71	46	60	56	98	33	63	90	30	52	21	64	99	49	77	94	56	20	30	85	50	31	92	96	62	64	91	62	16	82	53	40	50	81	76	57	41	15	54	55	24	84	64	51	18	63	79	82	21	48	39	42	88	44	85	27	10	75	93	65	82	74	43	92	44	58	51	95	97	83	22	89	50	89	84	43	29	23	21	60	23	21	73	21	29	65	69	29	79	22	24	89	72	10	80	94	56	69	19	50	22	38	43	73	41	21	85	29	76	28	41	57	27	68	52	79	35	67	99	17	37	91	83	65	32	61	81	34	56	48	91	66	41	71	53	57	94	66	43	46	67	54	16	87	91	88	48	48	52	97	82	71	63	81	95	67	94	73	98	62	37	20	64	64	55	25	10	66	55	79	27	46	83	23	73	63	14	18	67	30	91	10	70	98	52	52	59	89	16	90	15	99	80	69	66	64	83	57	20	26	81	12	28	21	53	94	25	92	56	60	89	30	15	12	53	13	28	88	13	32	45	39	63	15	80	37	85	82	76	37	87	30	40	32	26	31	94	54	18	18	81	33	52	89	100	21	80	23	25	66	46	97	96	61	66	27	98	18	86	56	23	48	55	69	27	12	18	72	63	36	57	18	52	13	93	10	52	72	57	98	74	29	60	63	97	64	75	12	73	63	46	72	78	68	56	12	26	14	94	83	76	57	24	89	72	61	28	39	66	12	30	65	92	100	58	55	92	36	37	70	93	53	99	55	45	73	36	67	70	82	57	72	27	89	13	43	49	43	29	89	91	60	57	81	84	13	54	94	23	58	47	52	49	80	28	68	87	90	67	80	21	76	41	70	39	40	37	97	62	50	32	18	27	79	23	86	59	93	58	54	58	60	83	85	18	51	16	91	60	69	58	32	14	88	78	66	37	94	86	26	11	53	39	37	12	42	92	35	76	23	72	53	36	87	72	67	18	13	96	42	97	96	38	77	25	80	58	51	31	27	18	38	74	85	79	52	57	73	25	22	92	88	57	94	90	63	37	63	79	44	10	66	68	88	96	95	17	85
61	76	71	75	27	30	54	53	20	17	11	44	96	94	43	100	89	68	28	48	39	79	99	18	12	72	81	43	20	29	50	69	49	35	20	62	66	45	43	87	56	82	79	19	48	22	52	84	79	98	68	64	17	55	76	36	48	62	13	32	52	42	11	59	98	92	30	81	26	17	20	59	50	94	65	56	31	99	13	40	61	31	97	64	32	44	29	68	35	45	48	69	38	66	31	31	85	59	23	48	27	32	78	13	82	68	27	89	82	30	30	73	72	69	95	53	90	76	91	30	26	88	28	66	97	44	50	52	61	88	24	62	77	34	91	25	42	43	37	81	62	27	91	26	40	31	74	25	19	71	13	77	82	17	49	97	36	42	82	45	38	41	15	65	66	26	52	56	76	77	20	36	44	86	72	35	29	93	25	99	89	41	62	53	59	84	60	98	67	55	83	77	82	32	57	15	56	55	45	31	77	21	18	85	44	85	43	79	50	63	96	35	85	89	81	69	60	41	56	83	59	24	41	73	63	35	19	12	83	44	63	45	19	80	34	20	24	61	28	49	52	28	51	71	55	12	27	94	98	26	37	36	22	22	48	87	48	79	61	68	90	41	10	82	29	21	32	86	38	75	34	90	57	37	86	70	51	77	58	89	63	70	43	100	36	58	58	36	57	57	75	48	44	67	80	35	65	63	49	81	49	74	40	89	92	42	54	72	14	23	13	11	64	56	61	27	39	37	39	87	86	67	88	68	43	71	93	97	98	63	70	36	22	96	44	58	62	59	20	70	35	55	44	96	37	27	54	27	70	31	77	81	54	68	41	16	24	44	38	95	31	22	26	54	79	53	62	31	12	13	74	24	87	76	99	57	98	19	70	30	34	23	18	30	33	90	86	31	63	81	44	45	15	48	64	70	81	97	18	89	37	46	41	19	78	79	95	25	27	49	33	52	55	29	59	96	24	52	68	93	43	18	32	62	80	91	28	65	92	37	84	85	55	61	21	51	79	77	61	99	31	83	71	61	61	61	94	62	92	97	18	27	88	72	41	45	85	31	68	27	18	89	97	67	22	19	15	26	50	80	29	25	96	10	33	55	16	41	15	92	11	53	95	84	13	64	12	37	22	93	81	29	96	16	76	23	51	34	25	13	38	32	36	89	82	92	72	92	92	91	75	38	84	12	45	61	49	50	89	79	58	16	78	93	72	36	43	10	89	14	91	62	31	45	72	51	38	62	23	86	98	32	27	60	16	37	30	88	49	33	75	84	46	60	17	97	73	93	43	78	32	38	52	25	37	73	68	45	55	62	20	14	23	94	38	10	99	83	67	42	88	72	32	71	49	82	46	16	46	83	83	95	40	45	17	57	57	16	77	33	16	22	38	58	56	45	25	43	12	34	59	16	48	81	60	87	47	80	97	80	47	70	35	41	16	24	78	30	21	46	94	86	27	65	33	73	57	47	11	51	95	99	93	79	83	16	100	73	60	68	12	90	75	62	34	45	42	96	66	13	89	37	58	83	91	19	59	52	50	74	85	27	88	92	80	13	26	88	76	49	56	61	11	99	47	46	85	22	91	38	31	20	80	77	25	92	15	43	78	58	68	44	47	31	66	57	73	85	29	21	49	21	35	47	20	82	31	78	35	48	60	26	67	96	58	59	61	96	22	51	43	54	65	89	22	40	65	15	37	81	68	71	86	16	76	97	26	41	79	75	89	34	15	100	35	79	93	40	18	95	30	58	91	37	96	59	23	100	35	20	72	35	22	15	29	52	19	65	77	74	49	67	48	42	13	40	36	26	70	14	74	78	79	88	84	52	96	45	56	53	71	40	45	65	90	18	50	38	34	46	27	84	28	62	52	30	19	75	80	68	53	51	86	92	66	62	89	43	58	40	39	21	67	34	27	31	82	45	64	46	73	85	35	19	52	14	19	45	67	12	29	23	79	56	58	35	84	96	69	62	91	46	59	20	47	53	80	20	58	79	86	49	45	51	50	19	87	97	56	74	34	77	70	86	19	35	75	71	87	51	41	87	96	72	24	25	83	54	46	98	47	17	54	48	15	33	58	74	83	93	67	66	38	45	71	37	23	28	88	58	98	39	46	78	45	63	36	52	54	40	91	68	26	93	55	20	96	85	14	20	69	24	59	75	36	38	20	70	32	18	76	62	97	15	44	53	80	86	80	63	76	58	35	63	99	12	88	77	66	68	69	71	96	86	18	93	52	48	81	29	60	90	70	34	40	17	70	60	97	64	20	45	56	90	53	42	98	92	41	72
wj																																																																																																																																																																																																																																																																																																																																																																																																																																																																																																																																																																																																																																																																																																																																																																																																																																																																																																																																																																																																																																							
37	55	7	87	57	83	40	88	26	56	59	57	90	28	58	38	83	74	70	21	99	88	40	90	17	99	72	21	100	14	42	98	59	8	41	39	58	81	66	92	44	17	14	47	98	39	76	38	63	72	37	78	33	67	27	80	66	92	75	56	65	59	94	6	72	76	11	16	1	34	61	3	41	7	51	7	53	34	80	23	5	41	49	44	85	44	90	45	95	21	6	32	93	83	13	41	46	22	77	11	6	59	65	18	61	97	87	8	89	99	66	59	67	20	61	95	86	90	95	94	65	20	77	88	31	61	75	13	6	99	21	18	17	50	5	62	67	1	35	56	88	38	12	59	87	89	88	8	43	98	32	64	33	60	27	91	7	94	57	88	8	61	89	87	38	74	86	33	97	96	28	45	12	88	67	18	43	90	86	26	34	73	75	57	71	69	52	65	13	17	23	46	83	3	15	98	38	18	11	19	67	17	24	12	71	86	28	32	67	70	83	49	61	72	56	13	34	68	12	72	21	16	61	7	74	77	85	32	91	97	12	10	41	95	27	45	83	42	95	45	18	8	100	82	5	8	74	7	41	81	3	44	62	39	62	91	83	36	16	70	49	48	44	24	10	28	7	62	82	75	88	60	24	54	39	23	57	84	75	38	66	25	62	54	24	59	14	37	51	65	98	10	24	75	85	50	3	35	82	88	69	3	11	87	82	12	31	11	70	57	18	54	8	86	39	56	46	27	75	44	46	10	25	48	92	15	80	47	87	56	43	44	20	97	90	21	92	76	97	37	92	94	28	93	77	33	59	91	97	93	24	52	61	82	37	18	40	46	46	59	37	64	68	54	79	85	9	19	48	94	28	23	14	43	7	7	36	86	12	28	41	59	27	83	20	72	76	75	88	14	27	27	85	56	63	5	9	64	66	9	60	67	24	49	14	82	50	62	60	17	57	62	92	96	9	70	67	6	17	43	75	16	55	33	41	61	90	24	61	77	26	84	2	53	76	89	30	34	42	80	84	25	64	19	7	68	84	58	46	16	49	1	2	6	70	36	4	41	34	39	14	28	19	24	56	1	66	22	40	41	25	38	47	94	20	3	63	13	44	67	47	61	59	9	92	93	71	59	15	55	40	47	63	34	72	90	92	25	51	30	44	42	44	35	76	35	30	39	27	92	42	14	43	61	46	47	92	33	69	80	22	8	94	47	23	32	25	63	75	30	81	72	84	27	16	25	56	15	30	74	86	55	38	14	75	11	4	60	53	83	78	11	86	78	44	31	51	81	60	83	23	5	75	10	74	12	38	24	43	62	32	89	79	25	45	96	10	94	13	4	89	49	14	57	51	43	68	52	46	34	98	99	25	7	68	10	59	63	1	12	55	18	14	38	71	35	77	3	59	62	81	86	67	4	63	61	94	61	78	57	48	52	5	88	93	80	88	73	47	47	77	46	96	43	74	28	49	20	73	4	53	51	20	77	94	29	12	50	75	16	59	65	43	16	58	98	46	50	88	25	6	38	57	3	69	21	71	56	41	13	8	60	75	18	95	2	73	70	92	27	77	62	68	54	66	65	75	10	43	93	15	56	65	92	3	37	20	63	27	63	68	72	44	79	78	92	52	27	13	98	40	68	37	2	22	88	70	13	5	14	14	4	90	28	94	100	25	93	30	90	9	12	19	78	85	90	5	68	90	47	19	72	41	93	25	9	53	39	62	2	12	48	51	61	62	68	4	19	70	92	57	59	93	86	62	14	47	42	62	78	47	58	7	51	63	10	96	88	84	43	62	58	92	45	82	37	86	61	41	55	24	41	36	37	50	68	26	60	52	82	68	63	37	49	43	35	89	21	10	74	99	14	15	56	26	83	44	87	13	50	55	71	50	88	40	91	45	61	83	60	40	84	71	53	5	28	40	23	23	82	25	35	72	9	13	16	17	44	77	74	77	44	71	12	71	53	3	96	29	75	66	87	81	48	2	97	94	97	47	80	1	25	70	21	62	29	18	64	94	13	34	47	94	14	70	79	60	12	9	6	64	20	99	59	39	89	50	87	7	3	43	25	71	64	2	10	49	7	63	88	62	16	78	31	38	5	93	91	28	81	76	83	98	7	7	45	5	37	59	84	48	26	92	79	76	9	7	93	80	42	42	94	7	35	41	45	1	79	29	65	88	86	70	66	43	44	31	89	85	86	88	44	17	27	97	36	61	29	76	34	99	29	20	84	66	32	27	96	97	87	39	67	37	76	11	33	26	45	93	78	70	96	51	57	50	92	49	57	81	27
