pij																																																																																																																																																																																																																																																																																																																																																																																																																																																																																																																																																																																																																																																																																																																																																																																																																																																																																																																																																																																																																																							
45	41	40	42	42	38	41	45	38	40	46	40	47	40	45	37	44	45	41	43	42	44	40	41	42	38	38	45	46	45	41	45	46	43	37	42	37	42	42	40	37	45	43	39	39	39	44	47	47	37	37	44	44	45	42	42	44	45	45	44	37	37	46	42	46	47	45	40	46	40	47	41	39	42	38	40	38	43	41	39	40	45	41	46	42	43	44	38	43	39	44	47	37	46	43	41	41	43	41	41	44	43	46	43	37	43	41	45	37	42	44	43	43	42	40	41	41	43	37	44	42	41	43	39	45	38	45	40	41	37	41	46	46	42	44	42	44	37	42	44	44	45	45	39	45	44	43	47	45	37	47	43	46	40	43	41	46	43	38	39	37	44	38	37	43	40	44	45	43	41	46	43	41	38	38	45	44	44	37	41	37	46	47	43	44	38	45	40	42	41	42	40	44	38	44	38	44	43	40	38	40	42	42	38	41	38	41	37	47	41	39	42	40	46	42	46	42	44	47	43	37	45	39	39	37	45	40	42	39	41	39	41	45	43	41	40	41	40	38	47	40	46	43	39	38	44	42	39	44	42	47	39	46	40	42	43	40	44	38	41	44	46	42	40	40	44	40	44	45	38	39	39	45	45	45	38	44	41	45	45	47	42	39	45	45	42	44	47	41	38	39	40	38	43	42	40	44	42	46	42	47	37	40	38	46	37	38	47	46	47	37	45	38	42	38	38	38	45	44	44	39	43	43	46	43	39	46	39	43	44	40	40	41	42	38	46	45	41	46	46	41	41	37	39	46	41	38	41	45	37	43	37	44	41	43	42	39	46	45	44	46	42	40	37	46	43	38	46	44	43	44	44	44	41	44	46	41	38	40	46	40	47	39	45	43	37	45	46	39	44	45	39	37	42	39	40	39	40	38	39	44	47	46	41	39	47	40	40	41	38	40	45	45	44	45	46	45	41	46	44	46	42	40	42	43	45	47	43	42	43	46	43	43	45	39	41	44	43	45	42	42	44	39	39	40	39	41	40	47	46	41	38	43	46	46	46	41	45	37	42	40	41	47	42	41	46	39	39	41	38	37	42	42	45	44	46	39	39	41	45	41	45	41	39	38	40	43	41	40	44	40	41	38	46	43	44	42	44	42	39	44	44	44	37	40	41	42	46	43	38	41	42	39	38	45	45	45	43	41	41	38	46	41	43	37	45	46	44	37	38	45	42	42	46	47	39	41	42	42	46	42	44	39	46	46	41	45	39	46	43	46	40	42	43	38	44	45	44	44	46	43	40	37	41	38	42	42	38	45	43	37	45	38	38	47	43	42	41	47	43	44	39	41	44	42	46	44	43	39	45	44	38	40	46	47	43	39	39	42	38	41	41	37	39	46	42	47	46	37	47	44	40	39	40	42	40	47	45	40	38	40	46	45	46	44	38	42	40	39	46	45	43	46	40	47	44	47	43	46	45	46	39	45	46	38	43	39	42	45	47	37	45	42	38	42	40	46	39	41	40	41	47	42	46	46	38	38	44	45	43	39	40	43	42	39	40	41	42	43	38	40	42	37	39	44	47	43	44	46	40	45	44	39	47	45	42	46	41	46	46	44	39	39	45	40	38	42	40	41	37	40	45	38	43	46	43	42	44	46	44	45	42	37	42	44	47	42	38	44	45	47	40	38	44	40	41	46	45	42	45	42	43	44	46	37	38	38	44	45	41	39	46	40	43	39	38	47	44	44	45	41	40	47	45	44	46	40	37	40	42	40	46	46	44	39	46	43	39	41	39	44	40	40	46	45	41	37	40	47	46	39	40	37	42	43	45	42	38	43	45	43	43	46	42	43	41	40	43	41	42	45	39	41	37	46	40	41	44	39	40	43	43	44	42	38	40	40	43	43	37	42	40	42	39	45	42	41	45	42	41	37	42	41	44	42	45	45	39	38	46	43	40	45	39	40	47	46	40	40	45	39	43	45	44	41	38	46	43	45	41	46	45	44	43	41	44	41	38	46	46	44	37	38	39	39	43	37	38	41	43	44	43	46	37	38	42	42	39	44	39	45	47	44	45	41	43	42	46	39	47	43	39	40	38	40	37	39	40	43	38	45	47	39	41	39	40	37	46	44	43	38	38	42	38	39	47	46	46	46	37	38	44	42	41	42	40	46	41	45	42	46	41	45	45	40	38	39	38	40	41	37	37	37	44	39	41	43	43	43	39	42	39	41	44	45	45	38	43	41	41	40	39	38	43	39	37	44	42	40	46	40	45	45	37	40	43	41	47	37	42
85	91	90	88	92	92	89	95	90	88	88	86	92	94	90	91	87	90	92	91	88	86	86	93	93	85	86	90	90	86	90	87	85	95	90	85	92	86	94	91	90	91	89	90	91	92	92	86	93	85	90	85	86	85	94	86	93	91	87	92	91	89	87	86	94	93	93	90	91	86	94	87	89	85	87	93	93	91	86	90	86	86	87	90	94	87	86	91	94	89	88	94	94	86	85	86	87	87	93	91	88	92	94	87	86	88	90	89	90	87	89	89	86	94	87	95	86	87	85	86	88	89	91	92	91	91	91	91	94	91	87	89	87	87	92	90	87	87	92	89	90	86	91	85	92	93	92	86	86	85	94	94	90	92	89	85	91	90	92	91	94	89	90	88	94	95	93	89	91	91	92	91	91	89	91	94	95	86	91	90	85	94	94	90	90	89	89	85	95	87	95	87	90	91	93	89	93	93	89	89	95	94	89	88	94	94	88	91	86	88	86	92	86	91	88	90	92	92	86	91	94	87	87	90	86	90	86	88	87	91	90	93	86	87	90	86	86	95	92	86	90	89	85	86	90	94	88	95	94	89	85	92	94	90	93	91	94	88	92	95	94	87	87	93	92	87	86	86	93	87	85	87	92	87	90	87	92	88	91	87	94	87	88	95	93	93	89	85	90	94	89	94	87	91	87	90	88	90	92	85	91	95	95	92	94	85	92	91	88	88	93	87	93	94	91	92	91	90	85	94	86	88	92	87	90	89	90	93	88	88	90	86	86	92	90	89	91	87	94	90	90	94	92	94	93	94	90	91	94	91	85	93	89	90	94	90	94	89	89	86	93	90	93	90	86	87	89	93	86	91	89	94	87	88	92	88	95	86	89	90	92	88	89	90	86	87	90	91	88	89	95	95	94	90	94	86	94	86	90	89	88	90	90	94	94	85	88	92	93	86	92	91	89	94	88	87	92	87	92	87	91	94	94	86	89	86	90	93	86	93	95	91	93	86	89	93	92	89	87	95	87	91	86	90	91	92	88	91	90	87	93	94	87	88	86	95	87	92	93	86	88	92	91	93	89	88	85	92	86	86	88	90	92	92	90	86	94	92	88	86	94	92	91	90	90	88	90	94	90	94	92	90	92	86	86	89	95	88	91	92	88	86	89	88	86	89	91	86	93	87	86	93	87	91	92	92	86	85	94	86	94	95	93	93	91	91	86	89	93	88	91	87	90	87	88	91	86	85	90	91	91	89	94	91	94	89	86	90	92	92	89	86	86	89	86	94	91	94	90	92	91	90	85	94	87	89	91	88	90	86	92	91	87	90	95	90	95	91	92	87	92	88	94	90	89	90	93	86	88	89	91	93	86	86	92	87	88	93	90	89	89	87	93	95	87	90	92	86	93	89	90	86	89	86	94	90	87	93	92	93	87	93	90	93	93	85	91	85	86	94	94	85	88	87	85	91	91	94	88	92	94	85	93	92	89	91	88	93	93	95	87	95	90	92	85	87	93	95	88	89	90	87	91	88	88	89	95	88	91	93	86	93	88	93	88	92	86	87	89	92	95	91	85	90	90	93	91	92	89	93	86	94	87	86	90	89	89	89	92	93	94	92	88	93	90	86	92	91	86	87	87	91	90	91	87	91	91	88	89	89	91	92	88	89	95	93	85	95	90	86	91	87	93	87	90	90	93	91	93	95	89	85	94	91	94	93	88	87	93	89	90	90	86	91	85	88	85	86	94	92	89	92	90	94	91	94	95	86	90	86	87	87	89	87	93	90	86	93	85	95	89	93	93	93	93	86	94	86	89	88	85	88	87	88	91	88	94	90	90	93	86	92	93	87	93	95	88	95	85	91	87	95	88	88	89	95	93	91	86	93	94	94	86	92	90	88	91	94	89	88	88	89	91	92	87	88	92	87	92	89	88	94	85	85	90	89	93	93	88	91	87	90	85	89	92	87	91	92	93	91	91	91	94	93	90	85	90	89	90	94	93	91	91	86	93	90	93	90	87	91	89	93	92	90	89	89	94	86	85	88	93	93	93	89	90	92	88	95	93	89	91	89	90	88	91	91	91	94	92	92	95	87	94	91	94	89	89	88	92	93	93	85	88	86	87	91	94	90	85	90	86	91	94	86	91	92	86	92	92	92	94	93	90	90	85	93	94	88	89	88	94	88	88	90	92	94	88	90	92	92	92	93	89	88	86	90	90	95	91	93	93	90	93	88	90	92	90	92	86	87	87	88	93	92	90	86	94	89	94	88	89	89	93	87	94	87	86	93	85	88
16	9	18	18	11	17	15	11	11	8	11	18	9	13	13	13	13	15	15	17	16	10	15	12	9	17	13	11	11	15	14	13	10	17	11	13	15	17	11	14	14	11	11	11	15	8	16	15	14	16	15	12	15	13	14	10	10	9	14	14	10	9	10	15	11	12	11	9	11	9	13	10	13	15	18	12	13	11	8	10	10	9	8	14	15	15	16	14	11	11	15	9	14	10	16	8	11	13	18	11	12	15	17	18	18	16	12	12	13	15	15	17	9	11	11	11	18	9	14	10	14	9	15	9	17	17	9	8	10	10	16	12	12	13	15	16	16	14	13	13	17	9	9	12	17	13	8	17	15	13	14	16	11	13	16	14	12	12	13	11	11	18	15	8	12	13	9	14	13	9	17	13	17	9	17	8	17	9	12	11	18	9	15	12	11	14	16	13	15	17	14	9	12	9	17	14	16	14	12	16	18	8	15	8	12	12	12	16	13	16	16	17	13	11	17	11	16	14	17	18	9	13	14	12	16	13	17	13	15	18	12	13	13	15	17	14	16	14	9	8	8	15	18	8	9	12	12	9	14	12	11	11	15	12	13	9	13	18	12	17	10	11	17	11	13	9	15	10	15	9	15	15	9	9	11	11	12	10	17	10	15	11	16	16	11	15	15	16	11	18	17	13	11	16	12	17	10	13	15	8	13	13	13	16	17	12	12	14	18	9	8	11	8	10	13	10	13	11	10	11	10	11	15	16	15	11	11	17	14	9	10	18	11	11	10	9	10	16	16	15	14	15	14	10	11	14	14	18	12	16	12	17	11	13	9	16	11	9	9	13	10	16	11	18	11	13	14	11	13	15	12	10	14	14	13	15	18	17	18	13	17	13	11	12	11	10	17	14	13	17	10	12	14	10	16	15	12	9	10	12	18	10	10	17	16	16	13	12	8	16	9	10	11	12	14	10	10	9	9	12	15	10	16	15	12	17	9	10	9	18	11	17	14	12	14	14	11	15	13	16	13	15	16	9	15	17	11	16	17	17	9	15	10	17	17	10	14	11	14	17	14	9	11	16	17	14	9	10	15	8	15	11	11	13	11	11	11	17	11	13	8	9	9	15	13	17	18	15	10	14	12	14	13	17	10	18	15	9	10	11	14	14	9	18	9	17	15	15	17	12	14	16	14	13	11	15	18	12	14	11	10	9	8	8	14	17	9	15	16	10	13	10	11	14	17	15	16	17	10	15	11	8	14	13	10	16	10	10	15	15	11	17	18	9	10	8	17	15	12	18	8	15	13	10	15	13	9	13	17	13	11	15	8	15	10	9	15	15	9	16	10	10	14	16	10	18	14	15	17	11	9	9	10	18	14	16	9	16	16	10	12	13	12	13	8	8	12	11	8	17	18	10	15	17	17	15	10	17	16	13	8	14	11	17	9	13	17	15	17	10	12	9	16	10	8	12	15	15	9	15	13	15	17	16	9	17	16	16	18	11	10	14	12	14	15	14	9	12	17	13	17	13	13	12	12	16	9	13	15	16	16	12	15	16	11	15	18	13	14	16	16	17	12	14	11	9	16	18	16	17	16	8	16	12	12	11	13	17	18	16	15	16	10	15	13	15	12	10	10	11	15	17	8	14	13	13	12	13	15	12	10	15	13	8	17	13	12	13	17	11	10	15	12	11	18	8	17	12	16	16	16	11	16	15	9	17	16	16	15	16	17	9	8	12	12	17	8	10	17	14	18	18	15	14	9	8	12	11	12	11	13	15	11	11	18	15	17	10	14	13	11	10	15	12	15	8	17	13	9	17	15	13	13	15	14	11	16	8	12	9	12	9	14	14	10	13	13	9	11	16	11	9	13	12	15	11	18	17	13	17	16	11	9	16	17	17	11	11	12	9	10	17	12	16	10	16	18	14	17	17	10	11	15	8	10	10	16	12	14	13	16	14	9	16	18	12	17	9	14	12	18	13	13	17	10	11	13	9	11	10	16	8	17	8	10	14	8	13	14	14	11	14	10	15	13	14	10	12	16	15	11	15	17	17	10	17	10	13	13	16	16	18	10	10	14	10	11	11	13	9	14	15	17	10	9	13	8	12	17	10	10	13	14	16	11	18	17	13	15	10	17	9	15	10	15	13	18	8	11	11	14	10	11	8	12	12	12	11	11	16	10	12	13	10	15	15	10	18	12	10	12	9	14	9	17	10	11	16	9	9	10	11	15	15	15	17	12	9	11	14	12	11	10	12	15	17	14	13	10	14	11	15	10	17	14	16	12	10	9	16
94	95	104	98	101	103	101	95	99	95	98	98	99	98	97	96	101	96	100	95	98	103	103	96	96	103	94	101	95	102	94	99	103	100	94	98	103	98	100	101	96	100	102	101	98	95	98	102	95	98	97	96	104	98	103	103	104	100	103	100	95	97	100	95	95	98	96	94	95	102	100	103	99	102	100	94	98	104	94	102	98	96	99	97	97	100	104	97	97	99	99	97	99	98	96	96	101	102	98	94	103	100	98	94	102	101	102	98	104	104	103	98	95	103	99	98	94	102	95	96	104	100	103	98	103	104	98	103	99	102	96	95	101	94	99	95	96	103	99	97	102	103	99	103	102	96	98	95	96	101	97	99	96	95	94	96	97	99	94	99	96	103	98	103	96	102	96	103	95	95	94	97	98	101	99	94	98	102	100	98	95	102	97	97	100	99	96	101	96	104	103	102	99	98	100	98	101	104	96	96	100	98	96	102	94	94	97	97	102	102	97	98	95	102	101	96	97	101	100	99	103	100	98	98	103	102	99	98	96	95	97	104	94	101	97	99	95	99	99	99	96	103	102	99	97	101	96	101	98	103	101	100	103	104	95	102	95	99	100	99	96	99	95	95	100	101	96	95	98	99	101	97	98	100	96	103	99	97	100	96	98	94	102	104	99	98	99	97	102	100	103	99	103	100	99	99	99	98	103	100	102	103	97	99	100	99	94	100	97	100	98	97	99	100	98	102	99	100	95	101	99	102	102	99	103	96	96	100	103	104	96	94	102	98	97	99	102	103	103	95	99	98	102	95	96	103	99	95	99	96	103	101	98	94	104	96	102	98	101	100	95	102	101	100	99	103	94	99	100	103	102	102	97	95	98	101	95	95	103	102	101	103	99	102	100	101	101	97	99	97	100	95	98	98	97	98	102	101	101	96	96	102	101	98	104	99	100	100	101	97	102	101	95	103	103	97	94	95	102	102	104	95	96	101	103	95	102	97	97	101	103	99	94	100	101	99	101	100	100	101	98	99	100	100	94	96	94	96	97	102	95	100	100	100	101	103	95	104	100	100	97	96	100	98	97	96	98	99	95	102	97	96	102	102	96	95	95	99	96	102	101	96	104	102	98	100	99	104	95	103	95	101	104	100	100	97	104	95	96	101	97	103	95	96	100	98	98	99	99	97	97	96	97	99	102	98	97	96	101	98	95	94	96	98	101	98	99	101	95	104	100	98	98	97	102	96	103	98	96	103	99	99	101	94	98	103	94	98	99	101	96	102	95	102	103	103	97	99	103	97	102	96	100	99	99	102	96	103	98	99	102	101	94	99	97	96	100	100	95	100	97	98	94	103	100	95	96	103	96	98	96	98	94	99	101	102	94	99	100	102	99	100	101	103	99	98	94	97	98	95	97	94	100	102	102	103	97	99	100	95	103	99	103	100	99	95	103	97	99	98	99	103	97	98	103	99	97	96	95	102	95	98	101	96	104	94	97	97	96	100	100	94	100	103	99	95	99	98	95	94	102	95	98	103	102	95	103	102	101	103	99	99	98	103	96	96	102	96	102	98	104	97	104	102	97	100	95	103	96	100	98	96	98	100	99	99	98	97	98	102	97	97	94	100	100	98	101	96	103	98	101	94	104	98	96	97	99	102	103	97	103	100	101	97	94	99	95	96	96	98	100	95	99	95	103	100	99	96	104	102	95	96	104	97	94	98	101	103	99	94	97	95	98	100	102	103	96	103	98	103	97	100	103	101	99	97	100	101	100	97	97	98	103	96	100	101	98	95	94	96	97	95	99	97	100	95	100	103	102	99	97	97	96	96	103	99	95	102	97	103	100	95	95	103	95	100	97	100	98	95	97	102	98	104	94	99	103	98	101	96	103	103	97	103	103	101	100	96	96	95	94	102	103	97	102	96	101	95	104	95	102	98	97	102	96	99	97	97	97	95	97	102	98	94	98	98	102	103	99	95	103	99	97	103	101	101	104	104	104	94	97	100	99	95	96	103	96	99	95	101	102	103	96	99	98	98	96	96	96	97	102	104	98	95	99	94	99	95	103	101	100	100	100	99	95	96	97	96	102	96	99	100	99	99	102	96	100	100	102	96	100	95	99	103	104	102	96	97	103	102	95	99	100	94	99	97	103	99	100	98	97	103	99	102	97	96	100	97	102	104	100	100	101	99	96	95	101	96	94	94	100	95	101	97	99	98	96	98	102	103	98	102	95	97	102	95	94	101	101	101	98	99	97	98	95	100	103	104	104	97	103	103	98	100	98	101	99	98	102	99
20	22	18	18	26	21	25	25	22	27	26	24	27	24	19	20	25	26	21	18	20	24	22	22	25	18	25	26	25	24	23	24	18	23	22	24	20	24	19	23	18	17	18	26	26	18	27	23	21	19	21	20	22	20	20	21	24	25	22	17	25	27	20	21	19	18	19	27	26	24	23	17	19	23	18	19	24	25	17	19	23	24	24	26	22	26	18	24	17	19	25	23	27	19	18	20	18	21	18	26	19	20	22	27	23	25	24	20	19	17	26	24	26	17	25	17	22	21	27	22	22	25	19	23	19	18	20	18	24	25	19	25	24	26	24	24	25	26	24	20	17	25	22	22	22	23	23	24	26	20	27	22	22	19	21	24	26	24	21	17	27	20	24	18	26	24	26	21	22	18	20	21	23	25	22	19	22	25	19	18	17	23	18	22	24	27	21	21	24	18	25	26	26	21	26	26	25	18	25	18	20	20	24	19	21	26	22	22	17	19	22	19	22	22	18	21	20	25	25	24	21	21	26	17	25	18	18	20	21	27	24	21	23	24	20	18	26	20	26	23	27	23	23	18	17	21	18	25	24	19	20	25	25	25	17	19	17	24	18	24	19	19	23	19	17	18	26	24	18	20	20	21	17	24	20	18	18	24	25	23	20	20	23	22	19	22	23	20	22	21	23	20	22	26	26	22	26	26	24	27	22	18	18	20	27	21	17	23	19	19	27	19	18	20	19	19	23	21	25	24	27	21	17	23	22	26	23	20	20	18	20	26	20	18	24	20	19	27	24	27	26	18	26	27	22	18	23	20	22	23	17	25	20	19	22	22	20	18	17	22	18	20	23	24	26	26	22	25	27	20	19	23	24	18	18	23	21	21	20	24	23	23	23	25	25	24	22	26	21	17	25	21	23	23	20	22	24	19	25	26	22	19	24	27	21	24	27	20	18	24	21	25	24	24	24	24	22	24	19	19	22	18	26	19	20	23	27	25	27	21	18	20	23	21	22	17	23	22	18	26	18	24	26	24	23	21	19	23	22	21	23	24	26	22	23	24	23	18	24	22	23	20	21	23	25	26	19	26	26	19	24	23	22	23	20	23	24	23	22	19	27	23	18	26	23	17	26	21	23	22	19	23	22	25	24	21	25	19	24	27	22	21	26	20	18	20	22	25	27	26	21	21	22	18	23	26	26	26	24	21	21	22	25	17	27	24	27	22	26	17	26	26	23	18	24	18	19	22	21	25	25	26	18	22	22	17	27	24	25	21	22	18	20	25	26	18	19	22	18	17	18	17	19	23	26	18	21	22	19	19	23	21	27	20	25	25	22	24	24	22	17	20	26	27	23	21	25	24	18	17	24	22	19	24	24	21	24	21	22	23	20	22	24	18	18	26	25	27	20	27	20	21	21	26	24	17	20	27	20	23	27	19	26	25	24	27	17	20	19	24	17	18	25	22	18	25	17	26	24	26	20	21	21	24	26	24	23	18	22	25	23	24	20	19	24	27	26	26	23	22	17	27	24	26	21	22	26	26	22	21	20	24	25	22	23	25	25	22	18	19	22	18	26	20	22	20	21	22	20	25	22	18	27	23	18	21	22	25	18	23	21	22	20	20	23	22	19	25	20	26	23	24	22	19	26	24	22	25	20	23	17	21	18	24	20	22	24	24	22	22	18	26	20	26	25	26	19	26	24	20	24	26	17	26	26	23	24	22	21	20	18	23	24	23	26	20	17	18	17	24	18	24	26	27	24	20	23	24	19	19	25	18	22	21	27	23	27	27	18	24	21	18	23	26	20	25	27	24	27	23	21	26	25	21	21	20	20	17	21	26	17	20	25	26	23	26	22	20	18	26	25	26	22	19	20	21	27	26	21	19	22	26	25	25	20	25	20	22	19	27	18	27	22	18	19	25	24	20	23	26	26	23	21	18	22	26	21	22	24	26	21	19	17	18	26	18	26	21	26	27	21	17	26	24	25	25	22	24	23	21	22	19	20	20	19	23	21	26	27	18	25	17	24	25	20	27	25	27	26	27	27	26	23	23	19	24	18	26	20	21	25	25	17	21	18	24	20	21	18	23	24	24	27	27	24	21	25	22	27	25	20	18	21	19	20	27	20	22	19	25	20	20	18	22	25	25	25	26	25	20	20	22	24	21	22	18	23	18	24	25	25	19	20	18	19	19	19	23	17	21	21	23	23	27	20	22	21	19	24	20	27	22	20	24	23	19	23	19	26	21	25	24	26	23	20	21	24	22	20	24	19	19	19	22	21	20	24	21	20	26
99	103	100	102	99	103	100	96	97	105	104	102	99	102	102	99	96	103	98	97	99	101	101	102	101	104	99	102	95	104	98	97	100	103	104	103	100	102	103	96	101	98	101	104	96	103	103	97	103	104	98	99	96	104	98	98	103	100	98	104	99	97	105	97	99	103	103	103	99	98	104	97	101	96	98	105	102	96	101	105	97	95	96	100	98	103	98	101	102	99	98	97	104	97	102	100	104	102	99	101	103	97	103	96	103	105	97	102	97	105	103	102	98	103	96	99	101	97	97	104	100	96	98	97	95	104	100	103	95	98	105	99	103	103	98	100	97	103	99	104	99	95	99	101	95	101	100	104	101	98	105	105	102	100	101	105	97	104	96	101	103	102	97	100	98	97	99	101	104	99	96	95	101	100	97	100	105	97	95	96	97	97	99	101	95	96	102	104	101	101	97	96	102	99	96	98	95	96	104	95	100	99	97	100	103	105	98	98	98	97	99	96	99	99	101	99	103	96	98	95	104	102	97	97	98	102	100	96	102	103	96	97	100	105	102	97	98	102	97	100	96	96	98	104	104	100	102	95	101	104	97	102	96	99	102	95	95	99	100	98	97	101	97	98	97	98	104	99	101	104	99	100	98	97	102	99	104	99	95	98	97	96	103	100	105	101	96	100	100	100	105	102	104	100	100	95	96	101	101	96	96	102	101	99	101	100	103	95	95	96	100	96	104	101	96	96	100	96	104	101	96	102	103	104	100	100	98	104	104	96	97	101	103	100	99	103	97	97	104	100	97	103	98	105	100	100	97	95	100	104	101	96	102	100	96	98	96	97	96	98	96	99	99	100	100	96	101	101	98	103	96	95	104	101	101	101	104	104	95	103	97	103	102	101	103	101	102	104	98	96	98	102	99	103	99	97	102	105	97	100	97	98	95	96	97	104	102	103	104	100	101	96	101	99	100	101	97	97	97	96	103	98	97	96	103	97	105	98	100	99	99	102	98	98	101	102	101	103	101	105	101	97	104	99	99	103	104	101	103	98	104	97	98	103	101	98	105	97	99	97	97	104	100	103	96	99	102	100	100	96	97	97	95	101	102	104	96	100	104	102	99	100	102	104	97	102	97	97	97	96	103	99	99	105	100	97	95	103	99	105	99	99	102	102	97	99	104	100	103	96	102	96	103	105	104	100	96	104	98	101	102	103	100	97	98	103	105	101	97	96	96	96	105	99	98	100	101	103	105	102	102	95	101	103	105	97	98	100	100	97	96	102	96	104	101	103	103	101	97	97	103	102	101	105	99	98	96	103	103	105	98	99	101	103	99	96	96	99	105	103	98	102	101	97	103	102	98	100	101	104	99	105	99	97	99	104	103	99	102	98	100	105	97	104	95	104	98	98	100	102	98	98	98	97	97	103	100	99	97	99	104	102	95	98	100	98	104	98	97	100	103	100	101	103	100	96	96	96	96	100	102	95	96	96	95	103	98	103	104	96	105	100	103	97	99	95	100	97	99	102	97	98	100	98	97	99	105	98	103	101	98	98	95	101	97	103	103	104	102	102	99	99	104	102	98	98	100	99	98	99	98	101	104	99	103	95	96	100	105	99	105	101	99	103	97	105	97	100	103	98	101	103	99	98	98	102	101	98	95	99	96	97	103	100	99	99	102	99	98	100	98	99	105	102	95	100	99	105	101	99	101	103	96	104	101	101	98	98	103	96	103	102	101	100	96	105	104	102	103	98	103	104	104	104	100	104	98	104	104	103	101	99	96	100	102	95	96	103	101	104	98	98	101	100	95	100	97	100	99	97	97	98	104	99	104	102	101	101	96	95	95	100	101	102	98	103	96	100	100	104	104	96	97	96	96	97	97	99	97	99	96	97	96	100	97	96	102	98	96	97	99	95	96	104	104	103	95	100	100	98	97	96	98	97	98	97	102	104	95	96	101	97	104	105	101	98	99	97	101	99	97	100	105	101	103	97	97	103	104	97	99	97	97	102	96	95	103	98	96	97	101	100	104	97	101	101	100	98	100	95	102	96	101	102	101	103	96	100	99	104	102	98	101	105	101	100	104	97	104	101	104	99	99	100	104	104	102	99	99	102	97	101	99	105	98	98	102	98	99	102	97	96	96	98	99	98	95	103	103	97	97	100	97	102	101	96	99	96	104	102	95	98	102	101	102	102	97	103	98	103	100	97	97	104	102	95	102	100	95	105	96	103	97	100	98	99	96	103	104	100	104	103	100	98	103	104	99	96	102	98	101	104	104	97	104	101	105	99	102	104
21	22	15	22	19	15	17	16	19	14	21	21	14	17	15	19	23	17	21	20	17	14	23	15	14	16	23	22	21	16	21	19	18	17	17	22	17	18	21	17	19	23	19	16	16	22	20	22	22	21	17	15	19	13	18	19	23	17	16	18	14	14	21	19	16	15	14	16	13	14	20	20	22	16	22	22	23	15	20	20	21	22	21	20	14	19	21	18	18	18	13	14	22	20	21	15	15	13	23	17	23	15	18	17	23	20	14	19	21	14	22	14	23	20	19	15	20	20	21	22	18	14	15	18	22	14	22	22	15	20	19	23	17	22	18	17	22	20	21	17	14	16	15	17	21	18	19	17	22	18	22	21	23	21	19	21	18	23	13	16	21	14	23	17	20	20	22	19	20	15	20	16	22	21	20	16	16	23	20	22	17	16	20	13	17	17	18	17	23	18	17	17	21	16	19	13	16	21	20	15	22	20	23	14	15	19	20	21	16	19	14	22	13	13	21	19	22	18	20	13	20	14	15	15	13	16	18	15	14	19	18	15	14	20	19	17	23	14	16	16	17	13	19	21	14	20	15	20	15	16	22	15	21	19	20	17	16	18	16	17	16	15	19	19	23	19	17	20	14	22	19	17	21	16	22	21	15	21	16	13	20	22	20	23	15	20	17	19	20	15	20	14	21	22	18	14	18	20	21	17	14	15	20	17	17	18	19	20	19	14	19	16	21	17	14	18	14	17	16	14	21	13	22	20	20	17	18	17	18	16	13	14	15	22	21	14	15	15	18	18	22	21	14	17	20	19	16	14	14	23	17	16	19	22	22	23	18	19	22	13	15	19	15	17	22	23	22	22	18	20	20	14	18	17	15	20	19	13	17	13	20	19	13	21	21	21	22	14	13	18	17	16	16	18	17	19	23	13	21	16	22	20	18	20	17	22	15	14	20	15	14	22	23	20	18	16	16	21	18	17	16	18	17	15	19	19	18	18	16	19	14	17	21	13	22	19	15	16	20	18	18	18	16	22	13	18	17	21	19	17	22	19	23	16	22	15	18	19	16	16	20	17	21	21	17	22	17	14	15	18	17	14	18	17	17	14	21	21	15	15	14	13	19	19	20	21	21	15	21	21	20	21	15	19	17	17	13	21	18	16	14	22	21	15	19	13	14	20	21	14	16	15	15	19	17	19	18	16	14	18	17	20	17	15	18	17	21	15	18	21	14	21	16	18	16	21	17	17	19	18	19	14	14	20	21	19	16	16	19	15	21	19	15	13	23	23	14	17	22	18	13	17	20	13	17	18	19	18	20	19	14	20	18	22	23	16	21	15	22	13	14	21	16	23	20	15	19	16	16	17	23	19	20	22	16	14	21	15	15	22	14	13	16	15	16	17	17	22	20	16	22	19	21	19	20	23	22	19	21	22	23	20	13	19	21	21	18	17	16	14	20	18	17	14	13	15	16	15	20	21	15	20	21	15	19	19	17	16	13	18	17	13	21	15	13	20	14	23	14	18	15	18	14	20	21	21	17	18	19	19	14	18	22	13	19	22	13	20	14	21	15	18	15	22	15	16	19	17	20	21	22	20	16	14	16	17	14	15	14	13	18	21	13	16	16	15	20	20	21	17	19	17	21	16	21	17	15	19	14	16	20	16	14	22	23	18	22	17	16	20	20	22	19	22	19	15	18	15	14	23	16	16	18	14	14	16	13	14	20	20	19	16	14	17	16	17	21	18	17	15	18	21	14	15	15	14	22	20	16	14	23	18	15	18	20	22	13	16	21	19	23	19	19	17	23	23	16	19	22	19	18	15	14	21	15	20	16	22	13	16	16	14	15	21	23	14	13	17	20	15	20	16	13	14	18	13	21	17	22	13	22	20	19	23	17	18	20	22	18	17	20	20	23	14	13	19	21	18	14	17	14	17	15	20	23	22	19	18	23	19	15	21	15	17	17	15	16	23	15	18	22	19	22	17	17	20	21	18	20	16	21	20	22	14	14	16	18	14	14	17	23	17	17	16	20	22	17	14	17	15	20	21	19	20	20	14	21	22	21	14	17	14	15	23	16	19	20	18	21	23	19	18	19	13	13	18	16	14	19	20	16	17	13	21	19	15	17	21	20	14	15	15	14	17	14	18	20	20	15	18	18	16	19	22	20	20	17	13	18	22	17	13	18	16	18	20	23	21	20	20	14	13	21	20	17	14	18	21	13	20	13	17	23	13	14	14	18	23	22	20	20	18	14	21	17	21	15	23	18	17	15	18	23	19	15	23	14	20	13	20
52	54	50	49	54	58	54	54	55	49	57	57	54	53	49	56	55	51	53	58	53	50	58	52	57	55	55	56	50	55	56	56	55	55	54	54	58	55	52	54	58	59	51	57	55	59	58	58	50	56	56	57	55	54	57	50	52	50	59	53	56	59	51	53	50	56	58	51	50	53	55	50	50	56	58	57	51	57	58	53	51	50	56	51	57	53	55	49	54	52	53	51	55	57	55	56	50	58	55	58	53	51	50	54	51	53	52	51	50	49	57	55	56	49	54	52	56	52	58	58	50	51	53	56	53	51	54	54	52	55	50	55	53	57	55	56	56	55	59	52	56	56	55	54	53	50	54	51	58	54	53	53	55	54	51	52	53	56	59	57	58	51	57	58	50	52	54	55	52	58	56	53	50	57	59	52	57	57	55	55	50	51	57	59	54	59	53	56	52	56	54	56	51	51	53	54	49	52	52	54	58	52	57	55	52	59	57	51	57	50	51	56	57	59	49	59	58	56	55	53	57	52	49	52	58	57	54	49	51	54	50	50	49	52	56	58	50	58	58	54	58	56	57	50	57	51	53	49	54	54	56	55	57	57	54	57	55	56	58	55	49	50	53	54	50	49	59	51	58	55	52	50	58	53	50	56	54	55	57	59	56	50	49	49	54	54	56	51	52	54	52	50	59	58	57	54	49	57	56	52	57	59	56	51	53	50	49	49	57	50	49	58	59	51	57	56	57	56	56	50	53	52	55	50	57	53	52	49	51	58	54	54	56	59	53	58	54	54	57	55	54	52	58	53	49	57	49	56	55	52	52	52	50	53	49	58	50	56	54	58	50	55	50	56	55	55	54	53	55	59	51	50	51	49	55	54	52	56	58	54	58	57	56	51	58	53	54	58	51	55	56	50	52	50	54	58	56	54	50	58	52	53	58	53	52	50	59	50	52	49	58	53	57	52	53	59	50	55	58	52	53	55	56	56	53	51	52	57	51	49	55	57	49	53	50	49	50	51	51	52	51	56	57	54	56	50	57	53	58	58	51	53	52	54	58	53	57	51	56	53	56	57	55	57	52	56	51	51	52	58	57	58	52	53	58	51	50	57	59	55	53	50	52	55	50	53	58	58	58	58	56	58	59	53	58	52	53	50	54	57	52	53	57	57	57	59	50	56	54	56	49	58	55	53	52	52	57	59	52	49	59	56	54	55	50	57	50	50	58	51	52	53	54	50	58	50	56	50	58	55	57	53	57	55	55	55	53	51	58	58	51	57	53	56	52	57	49	58	49	53	52	59	50	51	50	49	52	54	55	53	53	54	59	56	52	58	53	50	49	56	49	54	54	52	58	54	52	51	52	55	57	58	53	56	58	52	58	57	58	50	52	51	57	50	58	50	59	52	59	57	53	57	49	56	53	51	53	49	57	58	52	59	59	58	52	58	52	54	50	58	54	59	51	50	49	54	51	52	56	55	49	55	54	51	56	55	53	50	56	55	51	54	54	55	55	59	52	54	55	53	49	58	57	51	54	52	52	50	58	57	53	53	49	55	51	49	50	55	54	52	57	50	50	54	50	54	50	52	53	57	56	51	57	51	49	55	51	59	55	50	55	57	58	52	58	59	56	53	56	51	56	56	57	58	58	53	59	56	59	54	50	53	58	55	57	54	51	53	56	58	54	54	55	58	53	51	56	54	55	56	53	54	56	51	56	56	50	53	54	50	51	54	50	58	52	51	51	53	56	53	56	55	57	56	52	52	58	52	53	49	57	51	50	52	56	50	56	59	49	52	56	55	52	54	59	55	58	56	54	55	56	51	53	54	55	56	55	49	54	51	50	49	57	53	52	53	54	56	58	53	57	56	53	54	51	53	50	54	57	49	53	57	49	53	51	56	54	55	50	51	59	53	54	58	55	57	50	52	52	56	57	56	53	56	54	57	56	55	57	58	57	59	55	51	55	57	56	53	55	53	57	58	57	53	53	58	52	56	50	51	52	50	52	55	56	57	59	49	53	52	52	52	57	53	54	53	49	58	56	51	57	51	50	49	53	49	56	49	52	49	58	54	53	51	58	56	57	53	55	58	54	53	59	57	55	58	53	54	51	49	50	57	49	50	57	49	51	51	50	57	52	50	59	57	58	55	57	55	59	58	53	51	58	54	50	55	50	53	55	51	49	52	58	56	59	57	53	52	56	52	57	53	57	51	58	49	58	59	58	54	58	53	55	53	57	57	57	53	58	58	54	52	59	58	52	55	52	53	49	58	51	55	50	56	53	51	56	51	49	58
38	38	44	42	46	48	46	41	38	45	40	46	47	41	43	42	47	44	39	41	43	39	40	47	40	44	42	40	46	48	46	43	39	39	45	44	43	43	40	39	42	40	45	39	45	45	39	43	41	42	48	47	41	45	43	44	45	41	43	39	43	42	44	46	48	45	44	42	40	39	44	38	46	48	38	46	45	47	42	41	46	44	39	43	40	45	45	42	40	43	39	48	47	39	38	48	47	39	41	39	46	45	41	44	46	46	38	43	44	38	44	39	41	38	43	47	41	39	42	38	44	40	44	42	44	44	46	40	46	48	46	39	38	43	45	48	42	43	44	48	47	46	44	45	44	43	38	44	38	39	43	44	41	42	39	42	46	42	42	40	38	41	40	42	42	42	48	38	47	42	44	42	40	38	41	41	44	44	42	41	46	46	43	46	47	47	45	46	38	38	44	45	42	42	47	43	42	41	47	48	39	44	43	42	47	40	43	41	42	39	38	45	41	40	46	46	45	42	44	39	44	44	43	43	44	46	38	41	46	40	38	47	44	42	44	47	39	46	43	47	48	45	44	42	47	44	44	46	42	38	41	42	39	45	43	47	43	40	42	46	46	47	41	41	47	39	44	43	38	43	39	48	45	48	46	47	39	44	44	41	46	42	39	42	41	42	45	39	48	46	48	43	42	41	38	46	39	48	45	44	45	48	38	42	43	47	46	47	47	42	47	45	45	47	44	47	40	41	41	39	43	43	40	47	47	45	39	47	41	47	45	42	46	45	47	41	42	41	41	44	45	43	40	45	41	40	43	47	43	44	41	40	41	42	43	43	43	39	42	46	47	48	44	45	40	42	41	39	44	46	40	41	46	40	43	45	47	42	43	42	41	46	47	41	47	41	44	43	45	40	46	42	40	44	45	41	47	47	43	45	42	40	41	40	38	40	41	40	47	42	41	43	43	39	41	47	48	39	44	41	44	47	45	39	46	47	45	39	41	41	44	44	39	40	41	45	47	46	40	42	47	48	39	41	44	47	48	47	47	39	41	47	45	46	41	47	43	45	43	44	42	41	40	46	46	47	42	42	39	40	40	46	42	45	40	38	48	44	42	46	46	44	46	46	43	46	45	41	47	43	41	47	40	48	45	44	44	48	47	39	41	44	44	47	39	40	39	40	47	45	39	46	41	41	47	48	46	47	47	40	39	44	41	39	42	42	42	39	43	45	45	48	45	43	46	44	43	39	42	42	48	47	46	40	42	47	39	46	41	46	41	46	43	47	42	45	43	46	39	38	42	42	42	47	40	48	42	42	44	46	46	42	45	39	41	42	43	38	45	39	45	44	41	45	42	39	40	46	46	46	38	40	43	41	46	47	47	45	44	46	39	46	45	46	47	47	38	43	45	46	45	48	46	39	43	40	40	45	40	45	45	41	48	41	46	47	41	46	46	43	41	40	42	48	41	38	41	41	46	44	45	39	38	44	40	40	42	48	45	40	43	38	42	44	45	47	44	38	47	43	46	39	47	41	44	38	38	44	41	44	40	41	43	38	47	41	45	45	41	40	46	48	41	41	41	45	46	48	40	44	38	46	40	43	41	42	42	46	43	40	46	38	39	42	42	38	39	42	44	40	47	42	41	46	41	45	46	46	40	43	41	43	45	47	41	42	45	41	38	46	41	43	42	41	48	43	48	40	40	45	43	40	43	47	43	43	39	42	45	47	45	42	40	48	41	46	45	39	45	39	46	38	44	41	43	45	39	42	42	40	40	42	42	44	44	46	43	43	44	47	45	44	39	45	39	47	38	40	47	47	41	45	43	40	42	43	46	38	41	48	45	48	44	44	47	41	39	41	46	41	44	47	46	38	43	40	44	42	47	48	40	38	47	38	41	45	46	44	41	41	43	42	45	44	39	46	38	45	39	39	41	43	45	41	41	44	47	45	41	46	38	39	45	45	44	38	45	43	43	40	39	47	39	47	43	41	42	44	46	40	40	47	47	41	46	42	46	46	46	43	46	39	43	40	39	39	42	39	41	43	48	45	47	41	48	47	41	39	43	43	47	44	45	46	48	41	46	40	45	45	41	41	42	43	46	46	44	45	46	47	42	47	39	44	39	43	44	44	47	46	39	39	39	41	44	48	44	48	45	44	47	44	44	39	39	43	47	41	47	40	45	42	44	40	38	46	46	46	39	39	42	43	39	42	38	39	45	42	46	40	45	40	38	39	45	43	40	46	43	39	39	47	42	46	43	46	43	41	47	41	44	43	44	43	40	46	47	45	39	42
58	54	60	56	59	62	61	55	59	63	56	60	61	63	61	55	55	60	60	56	56	62	55	57	61	59	59	59	56	63	62	61	57	59	61	58	63	60	58	60	57	59	59	59	62	60	64	56	60	63	58	58	62	58	60	62	54	62	58	63	62	61	64	59	59	62	61	58	61	57	57	59	62	63	58	62	54	61	63	61	56	61	59	61	56	58	62	56	56	60	63	57	57	63	56	56	55	63	56	56	62	64	60	58	62	58	59	56	57	56	58	58	55	61	55	56	57	63	63	56	56	58	56	56	56	64	61	55	59	64	61	63	59	61	62	64	57	57	62	57	62	59	55	62	55	61	55	56	55	62	55	61	60	57	64	63	57	59	57	59	55	57	60	58	62	55	57	60	61	63	59	54	62	54	59	59	63	61	58	63	60	62	57	59	61	54	64	61	56	59	62	61	61	58	59	55	57	58	56	62	56	61	56	58	61	62	60	56	64	59	60	59	63	61	58	59	61	56	56	62	61	61	56	61	59	56	59	55	58	61	61	58	62	64	63	57	58	57	61	59	62	59	60	54	60	60	56	62	63	63	59	55	58	64	62	62	55	57	63	60	58	59	60	62	62	63	63	56	58	59	59	56	59	59	59	58	55	56	58	55	57	61	64	62	56	63	62	54	59	58	62	60	63	61	54	54	61	58	57	55	60	56	62	54	63	59	60	58	57	63	57	62	57	56	59	57	61	56	58	60	58	62	61	62	59	56	59	58	61	56	61	59	55	60	57	56	54	58	60	59	60	64	60	59	63	58	56	64	59	57	61	55	58	61	55	62	60	57	58	62	59	64	61	55	60	55	61	55	61	63	57	60	58	60	59	57	61	58	58	56	61	59	61	54	60	56	59	63	56	55	59	62	63	61	58	61	55	56	63	63	55	62	59	58	59	60	63	54	63	54	57	63	59	56	57	64	61	55	62	56	63	61	60	55	58	63	62	59	60	54	60	60	55	56	58	59	57	61	58	55	64	55	62	64	55	56	55	55	58	62	63	57	58	63	55	58	62	59	54	61	58	58	62	60	60	60	57	56	54	54	59	59	61	56	63	62	62	59	57	62	58	57	56	60	62	61	57	54	58	55	56	58	63	57	63	60	56	61	62	62	59	56	56	63	62	63	57	58	58	58	57	55	60	60	61	63	60	58	62	60	62	57	56	62	58	60	56	62	56	62	62	58	55	55	57	57	55	55	62	58	64	59	62	61	61	59	60	62	58	59	62	56	61	58	54	58	62	55	55	58	59	61	59	57	57	55	64	57	61	57	64	54	62	60	58	58	63	54	61	59	60	60	61	63	57	56	60	64	58	59	60	59	59	60	55	56	64	58	59	57	54	62	57	54	55	55	61	59	54	62	59	61	61	60	56	62	59	57	60	60	61	56	64	57	61	62	59	61	56	57	58	61	56	56	62	58	58	54	57	61	63	62	59	59	64	60	61	63	60	54	54	55	55	56	60	55	56	62	57	58	58	57	59	59	58	55	59	59	56	56	57	61	54	55	61	60	55	54	59	60	55	63	54	56	60	59	59	56	60	54	61	56	57	55	60	59	63	58	54	63	54	56	54	63	56	61	55	60	60	59	62	60	56	60	59	60	60	54	61	60	54	56	54	57	61	58	63	63	56	55	56	54	60	63	54	60	59	56	60	57	56	58	61	55	56	57	59	62	57	56	58	64	58	63	55	55	55	61	59	57	62	56	58	56	54	57	62	64	59	61	60	59	64	58	54	57	55	58	59	57	63	60	58	54	58	62	58	58	57	56	54	56	63	60	62	57	59	62	64	60	57	58	54	57	62	55	63	63	55	58	57	59	57	54	56	55	62	61	59	60	56	61	60	62	62	54	59	63	55	61	61	59	58	61	60	56	55	60	63	60	55	60	62	59	62	57	56	60	58	55	56	57	61	60	62	60	60	60	54	55	57	63	55	58	56	58	62	58	57	59	58	62	58	54	61	55	55	56	63	62	61	58	56	55	57	61	55	59	63	56	64	63	54	57	57	56	57	58	63	64	56	60	55	63	57	54	55	59	54	56	61	63	64	64	61	57	63	63	63	61	60	57	60	56	54	62	55	59	63	60	59	64	64	63	55	56	60	63	57	58	59	55	60	59	54	62	57	57	60	58	56	55	63	58	59	58	64	63	57	62	60	56	56	60	60	60	57	60	61	63	58	62	62	55	60	60	55	58	54	61	59	60	56	58	64	59	57	56	56	62	58	54	55	63	63	58	54	62	60	62
wj																																																																																																																																																																																																																																																																																																																																																																																																																																																																																																																																																																																																																																																																																																																																																																																																																																																																																																																																																																																																																																							
10	57	11	49	88	52	26	34	52	65	10	1	96	26	62	90	91	47	48	38	90	71	97	16	96	76	50	94	91	86	47	83	45	9	29	44	8	61	100	74	2	85	11	24	4	89	82	55	56	24	58	76	42	70	23	80	72	65	45	95	89	85	9	10	11	76	16	85	41	66	40	94	28	92	23	2	62	35	85	51	12	71	91	36	16	43	74	34	99	2	30	66	83	38	79	96	93	44	31	5	10	62	41	14	74	4	93	56	9	72	48	83	30	38	44	43	6	72	94	13	12	13	15	30	43	32	77	66	69	69	6	74	22	96	72	42	32	53	100	70	65	44	49	39	69	77	65	46	28	73	29	85	1	91	29	38	92	45	42	45	67	76	73	79	22	10	78	16	74	12	78	39	35	31	36	98	39	59	85	8	55	48	4	83	11	33	36	33	1	69	9	29	98	36	25	85	13	54	5	53	36	59	14	62	33	83	6	76	19	78	66	4	46	66	27	10	51	98	6	99	66	96	34	39	74	50	97	94	15	80	22	63	46	91	54	84	25	57	69	97	80	56	59	11	29	59	80	13	20	51	17	83	67	12	9	76	32	6	25	62	5	62	66	60	88	22	29	62	55	96	5	62	25	62	99	63	46	79	59	80	87	55	30	86	50	75	69	48	77	51	53	43	29	19	50	46	57	11	14	5	89	30	24	57	32	81	9	11	3	40	22	96	56	72	16	78	26	10	13	61	61	91	72	51	24	95	39	78	26	8	49	93	46	97	9	50	15	22	35	66	67	44	56	66	89	58	87	68	91	88	12	19	30	42	43	34	32	21	76	18	17	87	45	87	47	67	10	22	50	32	66	37	36	65	84	33	18	62	65	41	60	44	83	15	27	26	50	96	79	13	25	9	31	39	67	80	77	3	10	15	26	39	19	23	80	20	43	33	61	54	4	73	13	23	67	24	36	96	73	76	20	59	81	50	47	49	5	31	74	31	95	17	6	35	79	60	52	32	38	53	89	80	43	39	21	26	67	41	13	44	54	62	80	89	99	72	69	6	10	21	20	35	99	20	39	26	90	68	46	39	83	14	74	28	23	6	16	43	43	42	50	91	59	7	80	5	54	30	15	61	53	48	68	66	51	47	31	70	79	20	15	14	10	62	68	73	13	95	54	5	17	79	16	48	25	24	73	72	39	77	79	2	19	54	24	46	93	58	18	71	38	36	21	53	17	89	19	65	11	54	45	79	2	27	2	42	92	91	21	13	89	46	57	16	36	5	69	65	48	38	65	46	6	19	33	10	67	70	68	57	61	41	80	76	15	52	18	26	44	29	76	88	70	2	36	93	60	98	32	17	61	38	57	49	41	92	97	67	27	72	7	73	2	29	10	36	72	40	42	92	90	67	67	43	12	91	4	69	95	98	71	40	21	86	1	60	82	66	45	26	98	10	60	32	22	52	25	81	71	66	57	35	7	25	56	19	69	20	73	52	23	15	27	48	26	97	96	30	94	84	54	48	36	73	54	82	14	42	55	80	83	99	78	66	8	72	14	15	63	61	64	51	88	42	6	21	78	97	100	73	64	55	78	24	9	3	39	38	59	87	25	68	26	83	71	7	52	19	14	29	62	85	22	27	65	45	29	77	60	20	81	90	97	41	4	49	28	3	35	89	63	3	39	75	85	75	21	34	76	78	62	82	59	21	25	45	71	52	13	40	69	70	63	25	94	42	57	71	93	99	36	59	16	94	51	46	92	47	30	16	29	84	83	56	28	72	37	16	32	78	61	27	20	25	87	38	35	83	71	25	43	83	55	26	89	10	55	11	63	72	18	84	26	41	71	64	37	38	2	92	21	10	49	24	17	91	28	31	44	82	12	46	84	66	15	7	9	20	37	75	20	79	14	12	55	10	7	89	61	48	17	61	23	62	25	83	86	78	99	85	99	34	75	3	17	90	13	80	23	13	39	68	50	85	93	40	97	4	13	32	81	69	53	52	90	68	92	69	14	11	90	24	67	48	44	56	86	30	8	11	57	35	35	2	60	59	69	12	59	40	2	5	43	82	62	13	40	23	26	6	22	95	41	96	98	80	75	6	18	34	82	14	91	99	2	13	98	55	6	14	47	99	31	60	76	24	65	49	20	40	86	24	32	19	30	37	58	15	13	49	86	63	27	21	15	14	49	10	42	24	32	5	5	7	89	16	2	23	93	57	38	60	75	12	24	12	86	54	60	76	37	18	60	86	91	72	37	29	78	17	95	29	82	42	27	13	93	95	46	39
