pij																																																																																																																																																																																																																																																																																																																																																																																																																																																																																																																																																																																																																																																																																																																																																																																																																																																																																																																																																																																																																																							
87	76	88	84	76	80	77	72	78	76	79	76	73	84	84	73	88	73	85	86	86	86	82	73	83	71	89	85	73	80	82	87	89	74	74	85	84	76	84	70	77	72	78	80	87	90	85	73	88	72	77	85	83	90	84	88	81	81	78	87	80	73	76	73	72	73	89	83	75	90	73	77	72	74	85	86	80	82	83	74	83	86	84	84	87	89	78	79	88	71	82	83	88	73	88	80	83	83	73	90	87	70	77	74	80	81	79	76	83	73	84	81	78	90	82	87	71	79	73	72	84	76	88	80	81	75	89	81	80	70	81	71	80	71	90	79	74	83	81	77	89	79	86	75	83	86	74	74	74	88	81	83	80	85	73	86	80	87	88	73	85	85	72	90	89	71	80	81	85	76	81	75	76	75	87	76	84	77	82	71	78	76	73	70	78	90	70	90	75	87	89	74	81	83	72	87	72	88	83	71	89	88	71	78	77	71	82	74	73	84	80	84	82	74	75	83	83	73	85	83	84	81	70	88	89	87	80	77	71	71	75	76	73	89	82	89	85	81	86	70	85	86	86	75	74	77	74	83	73	81	71	81	86	76	87	90	71	82	71	72	78	82	76	90	83	71	87	81	78	71	86	83	84	77	71	87	84	74	81	78	85	77	77	77	83	79	89	81	75	75	79	80	78	74	86	71	73	71	84	79	76	80	70	81	84	85	84	84	88	87	83	80	71	84	71	87	80	86	80	78	77	81	86	74	78	87	77	85	77	88	82	72	81	72	73	85	73	71	82	76	86	81	78	82	83	73	74	75	87	77	72	80	71	89	85	85	77	82	83	77	72	75	88	78	79	75	77	73	73	75	72	78	78	72	70	78	83	80	75	76	71	87	72	90	75	79	86	84	86	86	72	90	70	77	71	84	78	87	79	77	87	74	75	76	70	72	78	78	85	78	74	72	89	84	73	86	74	88	83	79	86	81	83	85	89	80	86	80	77	74	88	88	72	75	77	73	73	81	74	84	88	78	78	82	70	82	70	86	81	88	76	77	81	84	72	82	75	80	85	75	80	81	88	90	80	83	80	78	87	72	74	85	77	78	78	70	76	77	86	77	75	81	71	80	90	89	76	82	84	72	70	87	88	84	79	85	75	76	84	86	79	80	80	83	78	83	88	70	73	83	74	85	71	82	76	74	84	70	81	75	87	74	86	73	81	84	81	78	72	89	84	85	86	86	83	87	86	90	77	81	84	76	84	86	83	73	84	78	80	86	90	76	73	79	84	79	75	78	87	78	84	75	87	85	90	73	71	85	87	75	88	73	81	83	73	78	87	73	83	83	80	87	74	75	81	83	82	71	84	76	72	71	75	76	89	75	73	79	84	76	90	71	79	73	78	83	73	78	82	87	84	84	78	71	90	72	75	74	88	76	76	84	74	74	76	71	71	79	88	88	88	82	75	78	78	72	76	72	87	70	76	72	82	71	78	82	72	80	72	71	86	88	76	71	83	84	80	78	79	87	75	71	87	73	77	90	84	86	71	79	88	78	76	79	80	74	75	86	81	75	79	78	81	82	87	88	80	86	83	74	85	77	86	82	76	74	79	82	82	88	78	80	73	84	72	84	80	78	89	85	85	84	86	77	83	85	71	74	70	75	72	74	79	79	84	80	88	78	80	83	89	80	85	76	79	88	70	71	77	83	77	81	71	89	80	87	85	81	84	70	73	81	80	86	74	88	74	73	89	74	77	73	80	83	75	76	90	71	84	70	82	84	84	82	87	86	89	90	72	74	73	72	86	86	88	73	75	75	80	87	84	79	84	79	81	82	83	71	72	83	87	74	76	85	76	80	88	72	81	86	83	72	85	81	87	89	88	77	75	71	87	79	81	75	89	71	85	72	70	82	71	84	71	71	71	89	72	76	70	76	88	87	73	84	89	74	73	77	80	74	86	84	84	80	82	84	83	88	84	84	72	80	77	74	71	71	83	76	74	88	85	84	77	70	74	88	73	86	75	85	73	79	84	78	89	84	87	73	81	85	90	83	77	73	71	73	77	74	81	82	77	80	83	81	85	83	75	72	86	80	88	73	85	76	85	86	75	81	85	85	77	84	88	78	87	76	75	77	73	74	80	77	76	82	88	80	86	75	84	78	73	75	75	90	82	75	89	82	84	74	77	78	80	74	81	72	89	86	71	75	82	77	85	78	72	77	83	71	72	77	78	71	73	77	86	73	85	72	74	88	77	73	71	72	87	84	76	75	86	70	83	82	73	84	76	80	76	74	73	80
85	73	90	81	72	73	81	72	75	74	70	74	80	81	85	77	87	73	79	76	70	73	86	81	82	88	77	86	86	84	79	88	71	78	76	85	81	81	90	86	78	86	86	86	84	78	78	78	70	89	76	80	79	81	80	81	87	78	86	83	76	79	88	81	72	73	71	89	71	78	76	77	79	89	81	74	79	89	89	77	76	76	77	85	82	83	80	75	71	74	73	72	79	77	71	89	78	76	76	83	72	89	79	84	72	71	70	84	79	80	73	72	77	72	80	86	75	86	85	72	73	77	73	82	87	81	83	78	89	84	82	71	75	73	83	87	77	87	73	75	88	82	73	89	85	84	72	84	90	80	77	82	70	87	89	82	75	75	82	85	72	79	89	78	78	80	77	70	74	80	78	74	79	76	89	83	73	83	80	71	81	76	75	74	79	71	77	76	90	71	79	71	81	81	83	81	87	88	76	85	78	89	85	74	70	87	78	70	76	87	87	79	83	83	90	74	80	80	80	75	78	82	88	80	79	86	78	80	87	76	76	89	83	87	70	76	72	72	79	75	72	81	77	89	72	75	79	76	84	77	81	85	74	78	88	90	78	85	86	80	87	74	86	83	87	88	82	87	89	89	85	78	85	89	90	87	75	75	88	78	78	80	84	81	74	78	86	79	77	90	74	75	70	86	75	86	75	78	90	83	85	83	73	72	74	79	77	84	73	79	75	85	82	86	80	87	73	80	71	79	81	80	79	73	88	84	79	90	80	86	73	89	88	76	90	84	90	87	80	85	89	71	82	84	88	81	74	85	78	73	83	75	70	81	81	86	74	78	89	75	75	72	81	83	83	74	79	82	88	77	83	84	74	82	78	82	77	72	75	76	73	87	80	87	72	80	88	71	82	80	81	71	83	80	85	76	73	89	77	75	84	81	75	84	79	90	80	89	78	90	83	74	80	79	88	81	71	75	87	86	85	81	78	86	84	77	73	88	71	88	88	84	81	83	75	82	88	83	72	77	78	75	84	71	84	80	86	83	87	72	76	71	84	75	89	76	79	83	89	77	80	78	81	77	81	78	75	80	84	77	83	82	74	87	87	87	77	72	71	71	80	89	79	88	87	76	75	82	87	86	72	83	85	80	74	79	84	87	89	74	76	87	74	82	82	83	89	78	81	75	86	75	71	84	84	80	72	72	80	81	82	90	80	75	73	87	72	75	70	85	75	75	90	83	74	78	87	88	79	88	74	84	77	84	76	71	78	84	76	76	88	70	75	70	87	80	82	73	77	74	81	84	80	77	81	88	82	75	83	80	82	83	90	80	83	73	82	78	90	82	86	76	76	72	84	76	85	83	75	70	74	72	71	83	89	88	75	72	81	89	70	74	86	72	84	86	83	77	89	71	89	76	89	85	81	89	76	73	89	80	88	83	83	71	84	89	87	87	90	83	71	81	79	79	81	75	86	88	78	71	82	89	72	79	80	89	71	87	78	72	88	70	79	74	87	72	72	88	75	76	89	76	74	89	73	71	88	73	79	71	90	83	71	76	87	88	89	88	84	82	88	76	84	82	75	72	90	89	79	77	79	86	78	83	85	74	75	76	78	82	75	79	86	84	70	82	71	89	75	87	76	83	77	90	82	71	86	80	77	80	83	85	86	71	83	86	87	72	81	74	82	72	90	71	80	81	82	73	81	77	84	79	77	73	72	76	72	79	85	75	71	84	87	84	85	79	84	82	76	71	75	76	78	73	75	73	85	74	76	72	88	86	85	83	74	73	87	87	83	86	72	78	77	84	79	74	86	72	86	85	76	74	89	77	84	73	87	87	90	87	85	86	81	79	78	88	71	90	72	88	73	82	72	71	89	78	85	88	71	80	85	86	85	77	75	79	71	75	74	88	76	87	82	76	72	75	83	75	86	87	73	72	71	84	71	78	75	72	82	84	85	83	71	79	71	76	79	80	86	84	82	71	82	79	77	90	77	81	88	84	80	72	83	86	74	75	83	83	81	86	72	70	71	89	76	90	84	84	75	86	81	88	74	80	84	89	80	90	84	74	80	83	89	80	74	84	79	73	84	87	80	90	72	87	84	89	74	81	71	77	86	82	85	86	86	77	76	86	75	90	73	74	85	79	72	87	80	76	75	83	78	72	80	83	85	81	88	86	87	72	72	81	76	80	72	70	82	74	73	87	78	89	74	86	84	82	78	87	75	84	87	80	81	75	84	81	82	74	74	79	89	82	88	83	80	79	81	75	85	86	79	74	78	77	74	71	83	71	86	88
71	82	81	90	82	72	74	89	73	73	81	78	85	85	83	87	88	82	79	74	84	81	85	71	73	88	71	84	84	72	78	84	73	84	70	79	80	89	90	87	81	80	80	80	79	72	78	84	76	80	79	78	85	74	80	74	78	87	76	70	75	81	86	79	87	71	90	73	78	75	76	73	83	73	78	80	87	71	74	72	77	77	86	74	76	72	89	71	72	86	82	85	83	76	81	80	83	82	73	81	74	83	86	84	74	73	74	74	87	90	84	88	77	90	72	90	78	84	82	71	77	75	76	75	89	81	70	81	82	76	85	74	77	77	84	90	85	75	88	76	81	81	88	78	77	72	83	86	79	72	87	78	71	89	88	87	75	78	81	87	71	84	88	86	74	90	77	82	81	82	89	76	77	78	81	80	71	78	79	72	77	88	70	79	88	75	74	78	80	79	71	72	89	87	86	79	82	76	79	79	71	85	76	84	76	78	74	89	76	83	84	90	71	79	81	81	72	87	77	85	90	80	89	73	80	77	88	81	76	86	74	73	75	81	80	84	89	79	72	71	87	71	79	75	86	88	78	80	84	90	81	81	83	81	76	79	87	90	88	82	78	79	73	84	79	74	83	74	86	71	89	82	78	71	80	75	72	82	81	73	81	73	77	89	79	83	80	74	81	75	86	88	79	74	86	78	80	86	72	71	90	86	81	72	88	89	73	72	75	77	82	76	81	85	74	74	82	80	80	82	75	74	79	76	79	84	77	79	72	80	81	88	70	80	73	79	73	88	87	88	79	83	71	71	75	82	85	82	78	75	90	70	77	72	78	79	86	80	83	75	86	70	75	84	84	71	78	82	74	74	72	73	90	78	83	79	88	87	90	76	86	83	85	76	89	82	70	79	77	71	80	80	84	74	90	75	83	84	83	77	88	70	74	83	89	73	81	78	76	73	76	89	74	85	71	84	80	81	90	73	84	72	88	80	71	77	75	89	86	71	88	71	76	75	78	80	84	73	83	78	79	72	88	85	89	75	89	90	75	70	72	71	79	90	81	80	74	88	79	82	87	78	75	80	86	89	74	87	70	76	74	81	82	72	78	85	81	86	71	73	90	79	70	78	84	85	89	70	80	86	74	75	81	81	77	76	73	73	79	74	87	86	86	83	83	79	81	79	75	71	90	90	72	80	83	73	72	78	72	80	88	74	87	82	88	82	73	89	81	88	80	79	71	84	75	76	90	82	82	88	71	77	86	88	76	90	80	74	84	81	74	82	77	87	78	87	75	73	75	81	84	82	83	87	79	72	84	74	90	76	83	76	76	83	75	79	89	82	72	80	85	89	72	81	88	80	86	77	73	88	74	74	80	89	77	72	75	72	76	78	76	85	88	85	85	84	79	74	84	82	77	90	77	75	74	74	87	80	78	75	75	86	90	83	71	90	82	78	78	82	89	77	73	87	75	80	78	90	85	74	83	76	73	89	81	75	78	87	76	83	74	75	88	71	72	78	86	79	81	75	84	89	86	89	84	87	75	72	79	75	74	83	85	72	71	71	82	81	75	87	78	73	75	89	72	81	84	83	87	83	82	81	79	71	88	89	79	84	74	88	76	85	87	81	70	87	86	82	90	73	78	71	76	79	73	89	80	79	84	84	77	88	87	82	88	77	71	82	76	82	85	80	71	78	89	73	87	73	87	86	83	86	86	72	75	81	77	78	82	72	76	90	73	82	80	89	89	84	90	86	71	81	80	84	89	82	72	86	76	71	81	79	76	72	73	72	71	88	71	75	73	84	82	71	73	87	74	79	72	81	84	88	76	87	81	83	79	81	77	77	82	72	80	87	76	85	86	79	85	78	87	75	83	86	75	85	73	80	77	72	90	80	72	83	90	84	82	88	84	78	80	82	72	83	80	81	72	89	83	73	72	87	89	89	81	86	87	82	72	86	76	85	70	83	89	82	79	77	90	81	84	84	85	88	72	83	81	74	74	79	86	79	86	76	87	76	74	84	78	87	75	83	88	85	73	81	78	87	79	77	79	76	87	74	83	73	80	77	71	74	87	85	70	78	76	86	82	72	86	87	75	71	79	81	82	76	86	80	73	84	76	76	70	80	81	88	81	87	78	80	86	74	87	80	85	85	89	88	85	88	76	76	72	84	76	85	72	85	79	85	86	83	80	83	73	83	83	71	74	75	71	90	88	81	79	86	81	79	78	88	78	85	75	73	87	74	85	79	72	83	74	90	78	84	72	80	81	75	77	74	83	80	85	78	84	89	76	83	78	78
71	71	84	90	76	78	77	76	81	81	85	89	87	78	78	71	84	81	82	83	84	74	80	84	82	86	79	84	70	84	87	85	73	85	78	84	86	73	79	77	77	82	87	90	79	70	85	89	76	72	79	86	78	78	89	77	76	73	87	86	81	89	81	72	80	88	74	84	81	86	85	73	82	74	86	86	89	82	87	89	84	73	90	88	80	87	72	78	80	90	76	85	72	76	84	89	71	88	83	85	76	71	87	80	73	71	89	85	85	88	87	72	84	85	72	89	70	87	88	84	77	88	70	80	79	86	74	82	84	71	89	81	74	78	82	87	88	89	89	77	72	84	82	82	71	82	88	76	82	81	86	76	70	89	86	85	78	72	73	72	72	85	84	72	72	74	87	76	82	80	72	81	77	86	74	72	86	79	80	73	76	85	87	78	74	72	70	71	85	81	86	88	79	87	72	74	71	75	87	73	88	89	72	73	73	79	88	81	90	86	83	88	73	84	73	81	90	87	87	72	78	84	77	77	75	80	85	86	75	90	79	74	79	85	71	70	76	74	84	79	81	75	89	75	86	88	75	84	76	76	84	81	85	82	76	78	89	90	85	88	87	87	83	74	77	86	72	77	74	80	82	80	88	87	75	89	77	73	88	83	81	77	79	86	86	74	70	88	70	79	77	85	87	83	79	88	75	74	75	89	89	76	88	80	90	80	72	88	79	79	85	79	89	81	71	89	84	83	86	74	87	81	74	76	75	76	72	71	80	87	70	71	80	75	82	74	86	74	71	73	89	70	86	87	89	72	73	74	74	78	73	73	72	89	84	86	73	73	70	76	73	72	86	87	77	76	84	88	76	79	76	86	83	84	80	84	83	85	82	80	88	76	86	70	71	79	76	80	88	89	82	77	75	85	88	89	79	84	76	78	82	71	73	81	86	74	71	88	74	71	87	82	74	74	88	86	75	90	81	85	88	74	89	85	79	89	71	86	81	80	89	76	88	86	73	77	82	74	78	80	90	78	89	81	87	77	80	70	78	81	88	85	79	83	80	75	73	77	81	82	71	90	80	71	82	74	78	81	87	73	75	71	76	75	85	88	87	71	80	75	79	85	87	88	78	72	82	86	81	76	70	73	87	87	71	71	84	71	89	77	77	82	79	73	87	80	79	84	71	81	79	85	82	77	85	83	73	82	82	78	82	88	82	84	88	79	82	88	72	75	85	84	84	73	71	86	75	71	76	82	81	71	82	83	90	77	79	75	73	76	76	90	80	80	84	75	74	78	82	83	71	81	83	72	82	77	75	71	90	71	81	80	81	80	75	82	76	73	89	70	78	75	81	78	89	75	70	81	72	90	88	74	73	73	81	80	88	73	87	77	81	77	79	83	88	83	80	74	86	75	89	73	73	73	89	77	73	74	80	83	74	82	76	89	84	88	76	88	83	77	76	84	82	79	71	79	89	81	76	87	82	77	71	88	84	72	84	81	72	78	73	88	76	80	90	72	83	84	86	79	83	78	73	75	73	75	89	84	86	71	81	72	87	79	74	71	86	74	73	80	90	88	88	80	74	80	78	77	70	77	71	89	84	90	80	90	80	79	77	76	78	72	87	78	81	87	85	88	85	79	82	77	89	80	85	88	76	71	74	80	75	77	87	82	82	81	75	82	86	80	79	80	76	70	71	78	74	85	78	72	71	74	70	89	88	79	81	73	83	84	71	83	75	89	89	81	88	90	81	89	77	82	77	84	76	82	82	82	81	76	85	79	84	76	77	77	71	73	79	72	83	89	78	88	82	74	79	89	88	82	82	88	76	86	85	89	80	76	89	73	78	81	89	81	82	84	70	73	72	72	72	81	88	89	88	80	82	86	89	71	81	86	85	75	86	84	82	75	85	85	79	82	71	75	70	74	77	73	73	74	72	74	77	81	89	79	78	73	81	72	89	90	71	84	88	90	87	85	71	84	73	89	82	86	78	80	80	77	76	74	79	75	87	72	89	89	80	78	79	80	88	85	75	87	71	80	83	85	71	83	81	79	73	75	84	81	82	76	82	87	81	87	88	82	84	84	89	73	73	86	72	85	73	86	84	86	84	84	75	72	88	87	74	81	73	87	75	84	75	88	73	83	74	86	90	71	78	81	81	89	84	74	83	80	74	85	75	83	83	72	80	76	72	73	88	90	71	85	79	87	85	73	90	77	85	78	76	71	89	74	83	81	80	81	79	76	86	77	77	74	81	89	82	87	84	73	90	87	75	88	79	90	84	85	80	70	86	87	87	78
80	86	82	79	89	84	89	72	90	72	84	72	82	76	78	71	84	80	85	85	85	72	78	74	77	73	87	77	85	79	88	88	81	70	76	72	72	75	84	85	81	84	88	70	90	71	75	85	85	88	84	73	79	87	74	75	75	90	76	78	80	86	81	81	77	80	82	85	89	86	75	71	86	78	86	71	73	71	79	75	80	82	74	81	82	78	74	70	83	89	89	87	75	76	87	81	76	89	74	84	76	86	72	86	71	80	73	88	82	81	74	70	83	79	71	78	86	89	72	74	90	87	79	88	72	79	81	89	80	78	87	73	73	76	87	82	81	85	85	82	88	79	76	89	82	86	86	71	86	83	83	73	73	83	75	85	72	76	73	74	84	89	78	71	85	81	89	85	80	72	78	78	82	70	81	79	78	86	75	87	73	87	76	87	75	80	84	80	89	83	86	73	85	84	87	72	75	79	83	81	82	88	78	86	76	75	74	71	83	81	77	71	77	89	72	75	73	82	77	83	82	79	70	72	76	74	83	83	84	89	75	86	86	89	71	70	87	75	71	74	88	81	72	89	80	74	71	75	72	71	87	71	87	84	74	76	74	79	79	80	74	83	77	73	71	85	72	73	81	78	78	85	77	79	79	83	79	77	79	78	81	76	85	88	85	83	84	74	73	72	82	86	72	72	84	88	83	84	73	74	76	85	81	75	83	88	82	81	71	84	88	79	84	82	73	70	74	77	87	71	78	88	89	83	78	79	81	83	70	73	73	74	76	73	75	71	80	85	76	72	76	81	88	77	76	84	72	73	76	71	81	81	71	72	84	81	87	76	76	89	79	75	71	83	75	83	82	89	90	76	88	74	73	76	79	78	70	80	71	89	86	73	70	86	72	82	74	74	84	78	77	87	76	89	76	74	76	76	88	75	81	75	75	73	81	89	72	86	83	70	74	84	82	74	84	89	74	71	77	85	79	82	82	82	83	88	87	80	75	82	90	72	71	82	84	74	86	78	88	87	80	84	76	77	90	72	89	82	74	87	71	75	89	78	85	87	78	78	89	88	79	71	76	79	87	83	80	89	83	87	81	74	89	80	84	86	77	75	89	73	77	71	79	87	79	77	89	71	74	78	85	81	85	87	83	79	85	88	79	72	72	90	82	80	89	82	72	71	83	86	89	76	87	83	83	82	72	79	76	90	88	81	82	81	85	81	74	86	79	78	85	88	74	72	89	89	90	89	76	84	85	71	77	80	85	86	82	90	76	74	87	71	82	71	74	75	88	89	73	89	88	83	83	85	79	90	77	70	73	71	73	83	78	75	71	74	80	89	79	83	84	78	87	86	84	74	88	84	87	75	73	77	88	86	74	70	87	85	89	84	71	80	88	71	87	87	77	90	88	72	82	79	87	73	82	80	82	86	83	81	74	86	74	77	89	70	88	78	83	74	77	85	77	76	80	85	75	79	90	71	72	72	84	71	89	74	87	90	74	71	76	81	85	88	89	90	81	78	90	85	72	88	78	88	74	71	86	85	78	80	86	74	86	74	90	76	81	84	76	79	77	83	77	90	79	74	82	89	79	77	84	81	83	71	81	88	82	88	79	85	73	79	88	76	88	71	84	80	81	73	86	81	79	72	76	86	81	85	81	85	76	90	77	71	73	77	77	77	80	78	77	75	87	75	70	90	85	78	78	80	84	79	85	75	79	71	73	89	76	82	85	89	76	72	73	72	84	73	75	74	75	75	75	85	71	76	79	83	89	82	76	72	84	81	74	88	81	87	72	74	90	73	81	74	76	75	88	81	77	79	73	78	84	71	86	86	79	88	86	77	78	71	80	71	83	80	87	71	90	73	81	89	78	83	76	84	90	87	74	81	87	87	71	81	87	72	77	71	88	73	76	73	85	78	76	78	87	78	83	87	81	87	71	86	74	86	77	88	83	81	80	71	75	75	74	77	72	78	87	77	84	74	86	84	83	75	80	84	74	89	86	80	89	79	87	80	87	74	89	89	89	80	78	72	90	78	87	80	70	83	90	87	87	89	77	79	71	79	90	72	79	81	86	78	89	70	82	81	72	85	79	74	74	73	88	89	87	74	78	86	89	84	75	86	77	73	80	84	77	76	84	80	78	70	74	88	83	86	82	85	72	74	87	72	77	74	88	74	72	79	87	80	80	78	81	71	80	81	77	82	87	88	81	70	83	82	85	74	84	71	80	86	83	85	75	78	82	77	71	79	77	78	71	85	74	81	88	87	81	89	90	77	78	87	81	86	77	71	82	75
81	73	71	70	90	90	72	89	73	73	75	85	87	79	82	81	73	88	80	82	72	82	85	79	82	90	76	70	76	78	74	87	82	87	81	72	77	85	71	71	85	86	87	71	78	85	75	88	80	78	83	81	78	79	74	76	72	83	88	79	89	70	79	75	76	88	83	83	77	89	72	72	76	72	72	81	85	75	87	88	88	78	89	71	85	79	81	76	81	73	75	87	83	86	81	76	80	73	77	90	84	79	82	73	86	72	75	89	86	82	78	72	81	75	80	71	82	72	77	72	85	71	77	90	78	73	84	88	85	82	88	76	80	81	70	87	83	74	84	89	78	72	78	75	87	77	84	78	87	87	70	83	74	73	78	81	75	80	73	84	84	82	78	83	84	87	83	72	80	89	89	89	88	84	82	83	71	90	88	81	86	80	76	90	78	82	73	70	71	74	77	86	76	85	78	73	85	88	71	79	75	83	87	84	75	73	77	81	81	86	73	83	83	77	85	87	79	88	79	73	86	71	87	77	76	87	82	75	74	79	74	77	87	81	88	83	70	76	86	74	82	76	82	87	77	84	81	85	85	81	87	90	83	74	79	73	77	71	70	85	73	73	81	89	71	82	77	80	76	90	79	78	86	73	78	84	83	72	89	72	78	83	80	74	84	75	78	71	83	83	77	73	86	88	86	81	86	83	83	79	72	86	77	83	87	79	82	84	81	71	83	74	84	81	78	85	77	85	79	77	76	88	86	85	75	85	90	87	78	80	78	88	76	79	83	89	82	86	76	90	85	72	88	89	78	75	86	71	90	85	73	80	77	73	86	80	71	77	73	87	70	87	84	84	78	89	77	84	74	73	74	84	88	80	73	90	85	74	78	85	75	88	80	89	75	85	90	74	82	88	89	74	77	81	85	81	81	71	88	89	87	78	77	78	73	85	75	81	80	70	85	80	87	71	81	80	89	82	81	89	87	87	77	87	85	80	74	81	88	81	86	87	70	84	88	74	86	73	76	87	75	83	83	76	75	84	76	77	75	90	85	88	89	80	86	87	76	76	88	82	76	72	73	71	79	84	70	88	85	88	83	88	72	84	77	77	72	86	87	87	87	79	75	85	82	87	76	76	73	71	83	73	84	79	78	80	74	70	78	73	84	71	73	89	80	76	87	73	88	78	79	71	89	71	88	86	82	71	80	86	79	77	73	73	79	76	84	71	87	77	71	76	78	83	86	84	87	84	86	86	74	83	88	80	72	83	74	81	78	71	77	83	83	89	88	77	73	89	90	83	80	75	89	87	79	80	81	83	71	88	88	85	88	82	74	77	71	80	81	80	74	78	86	82	83	72	86	77	86	87	83	81	90	78	90	89	80	83	78	76	82	84	87	82	81	76	89	83	78	85	85	83	72	82	81	80	71	73	88	71	72	89	75	75	88	78	82	83	83	73	90	86	83	70	83	79	74	79	74	78	88	82	86	72	73	72	85	78	84	78	78	88	72	76	80	83	86	90	71	73	88	88	87	78	89	71	77	90	76	79	81	75	75	72	82	72	78	84	79	75	87	82	78	87	73	79	80	88	76	74	80	87	72	73	82	88	87	71	73	70	77	76	84	80	78	79	88	77	83	83	86	79	88	78	83	73	71	90	82	90	82	79	71	86	74	70	75	82	83	77	71	88	87	82	80	83	89	82	76	80	74	83	82	81	83	76	72	82	79	78	77	84	87	71	75	73	79	80	84	89	77	87	85	87	75	72	82	75	82	81	84	84	82	75	70	83	73	90	73	80	72	86	89	90	72	71	85	83	87	87	88	83	75	89	80	82	88	74	77	72	74	75	80	76	79	73	84	72	89	86	71	75	77	82	83	90	73	90	77	79	88	84	77	72	83	89	87	77	77	88	82	74	88	71	80	85	74	72	84	75	73	77	72	78	77	75	87	72	89	78	89	85	73	74	72	81	75	87	80	70	77	71	72	79	77	89	73	87	74	78	85	78	78	88	70	80	70	79	83	74	81	81	70	86	71	71	72	70	72	77	90	72	71	76	87	85	79	71	80	85	83	80	88	87	81	82	72	77	74	74	83	78	90	80	71	70	76	89	80	83	82	78	84	90	79	74	84	77	89	71	88	81	75	71	84	88	73	89	87	78	84	77	78	84	90	81	84	81	79	84	71	90	88	74	83	75	75	71	86	79	76	70	82	86	80	85	88	78	89	84	82	70	77	88	85	87	72	75	89	70	87	85	88	70	76	89	73	79	88	70	87	82	77	86	76	78	76	80	80	71
77	88	81	89	81	89	71	70	71	74	77	73	90	89	83	89	81	83	75	75	76	85	84	82	75	71	72	89	89	85	85	79	71	85	73	73	82	71	84	72	86	78	81	84	77	83	72	84	73	80	86	87	77	77	84	79	76	82	88	84	73	73	90	70	77	81	72	87	75	84	89	77	77	74	86	85	82	83	83	88	82	83	86	87	72	89	77	90	75	85	83	79	79	78	80	86	84	85	78	73	80	81	80	75	74	78	90	87	84	85	82	78	83	88	76	79	84	81	85	80	76	79	84	86	78	76	77	88	74	80	82	76	87	80	74	81	82	81	75	83	82	86	76	77	85	87	70	82	74	71	90	83	78	86	85	84	80	81	88	81	87	83	72	85	77	87	86	77	71	77	78	82	90	87	76	80	82	88	76	79	75	84	74	70	76	73	74	87	85	88	84	79	71	89	87	85	70	86	77	74	75	74	71	87	83	80	81	73	87	77	86	82	79	85	89	78	81	77	82	76	73	82	77	85	82	82	82	88	78	86	86	73	71	75	84	81	90	79	84	82	84	81	74	76	88	76	79	76	78	71	83	71	85	89	89	82	84	85	76	88	81	78	78	73	77	75	77	77	81	83	80	72	72	70	82	84	82	74	76	72	82	71	80	70	87	88	86	74	78	84	87	86	84	89	73	85	73	85	78	86	81	73	83	84	83	79	79	85	83	87	82	72	78	74	75	77	71	88	84	86	76	81	79	74	75	81	84	71	75	86	74	83	87	72	90	82	89	74	83	86	71	74	85	85	73	90	77	86	86	80	72	79	76	85	83	88	81	84	88	81	72	71	76	85	77	86	76	73	79	76	80	76	72	81	88	78	73	86	85	79	74	89	85	71	72	78	79	72	82	84	84	74	89	80	72	87	90	73	81	71	83	70	81	73	87	73	73	78	87	71	80	76	72	84	75	82	75	76	90	88	83	84	78	84	75	83	89	72	81	82	72	72	89	89	85	70	71	85	72	73	90	87	74	78	80	89	86	73	81	81	74	77	72	82	87	77	81	75	72	84	80	78	71	82	85	79	90	70	72	90	80	88	84	77	77	72	71	89	85	77	85	72	74	82	80	72	84	89	71	82	87	89	71	73	80	80	72	72	85	75	85	84	89	78	88	79	84	78	72	85	77	89	70	83	84	77	81	76	87	82	76	89	89	89	86	74	84	78	71	81	80	78	78	90	78	75	77	78	84	73	76	77	87	74	87	89	77	79	80	75	81	76	80	83	77	84	80	86	79	87	86	84	80	80	82	72	70	77	82	83	80	89	86	84	86	78	90	73	71	90	76	73	82	71	83	72	86	82	88	86	86	71	79	90	78	83	76	81	78	74	76	86	80	87	81	82	74	74	81	74	90	72	74	82	70	84	80	83	86	76	81	74	73	83	83	75	80	83	73	77	85	82	76	79	86	76	74	87	72	85	72	78	78	84	75	70	82	73	74	82	87	88	72	84	86	72	89	71	82	82	75	83	77	82	73	84	86	86	78	81	85	86	77	78	73	80	73	77	75	89	70	83	71	81	77	77	89	75	70	71	87	81	72	90	75	86	83	75	79	85	73	80	90	81	76	71	79	85	83	90	89	73	71	71	88	77	75	83	71	82	75	81	87	88	74	77	79	78	82	73	79	81	85	86	78	71	87	90	72	80	85	82	84	76	89	83	87	82	80	84	75	70	89	88	70	77	79	71	75	86	84	80	70	87	81	74	73	80	71	78	75	81	82	84	87	75	89	77	83	76	84	86	79	73	84	89	83	73	74	75	77	84	71	79	86	82	78	82	80	75	77	74	87	78	85	80	88	89	79	77	76	74	75	81	78	86	87	84	75	73	84	85	83	70	78	71	86	79	85	87	82	85	78	83	79	89	76	86	87	79	78	90	89	71	87	76	89	80	83	89	75	80	85	72	88	83	88	81	89	87	76	89	75	74	84	87	81	82	88	87	82	81	87	81	84	70	84	76	78	84	74	72	86	89	82	76	72	71	75	84	71	86	82	89	79	71	79	75	85	84	73	83	85	87	86	87	76	70	71	77	87	74	75	86	73	72	73	89	87	84	86	90	90	76	75	75	73	71	76	90	77	81	81	72	80	79	81	82	87	81	75	83	79	81	83	82	81	82	81	86	83	78	89	75	84	81	83	73	74	82	73	86	88	87	82	83	79	81	87	86	78	80	88	89	84	77	84	72	87	85	86	80	80	72	71	87	75	73	83	73	87	77	75	77	90	77	87	80	73	77
77	89	87	75	84	86	73	85	81	85	80	78	76	73	81	73	83	74	78	84	80	73	76	72	77	72	74	86	81	76	90	79	86	80	73	79	72	83	78	71	72	75	77	84	87	72	87	90	79	84	76	72	83	80	78	83	88	81	88	81	79	83	76	70	73	73	77	76	72	79	76	87	74	86	88	87	84	88	78	82	79	89	79	83	73	86	74	75	80	86	84	80	80	88	77	73	78	82	86	78	89	72	85	78	90	72	90	77	73	74	79	73	86	77	76	75	74	80	76	76	79	86	71	77	78	78	70	89	79	73	87	83	76	85	84	78	71	75	73	84	87	86	71	74	77	75	85	72	89	84	72	76	82	88	72	73	76	72	81	85	73	75	71	83	77	79	74	86	88	74	88	80	82	84	86	88	88	71	71	81	77	86	71	73	87	71	81	77	72	80	87	71	75	71	89	72	88	86	76	77	86	71	85	80	85	86	83	85	74	72	73	72	90	73	79	77	73	88	78	77	82	70	79	86	90	81	87	83	72	79	83	86	77	79	72	80	75	87	83	83	78	81	87	82	75	82	86	73	88	89	74	71	80	71	89	83	80	88	72	76	76	83	76	76	84	85	71	72	73	71	75	72	72	73	89	75	80	78	74	73	76	81	88	85	80	74	86	72	82	72	88	75	76	80	82	87	88	89	75	82	81	75	89	81	88	84	80	81	85	83	89	83	90	78	75	83	71	84	86	86	80	86	75	87	71	85	76	84	82	72	77	86	75	81	87	81	89	73	87	90	83	80	75	70	83	87	78	78	85	77	89	77	83	87	72	74	78	72	72	78	82	85	88	73	74	84	75	84	71	78	79	75	82	87	82	75	79	90	89	70	73	81	78	81	83	70	81	87	72	81	88	74	74	75	89	80	80	85	83	90	75	89	85	77	77	76	86	83	74	73	77	77	87	79	73	81	79	88	82	86	80	74	89	77	83	78	81	77	86	84	79	72	79	85	71	88	80	84	70	71	83	77	73	80	75	74	74	73	80	76	79	73	82	74	81	72	81	89	87	79	70	77	87	78	88	74	74	90	83	80	71	85	88	76	73	89	86	75	84	86	73	70	72	83	79	84	82	88	88	88	87	70	77	76	75	82	72	88	84	73	73	77	87	86	80	79	80	75	75	74	74	86	74	85	80	88	88	79	86	88	74	87	86	89	85	86	77	84	83	83	82	86	87	84	83	75	89	84	84	90	74	87	87	83	88	81	87	78	80	85	74	88	70	73	78	85	72	81	84	70	77	75	89	82	76	81	81	84	80	76	89	75	72	86	80	83	88	83	86	80	75	86	87	79	79	81	90	71	87	86	71	77	83	89	73	87	84	75	74	88	77	78	87	71	78	78	71	73	71	83	72	76	84	82	87	70	85	77	77	83	89	79	86	79	85	85	70	75	85	82	82	70	75	85	88	70	72	85	79	86	88	78	76	82	87	84	78	79	87	75	77	82	84	82	77	76	74	88	88	75	82	77	84	85	74	83	86	74	76	90	90	80	90	82	77	76	84	77	86	82	71	90	84	75	75	75	82	85	83	76	75	72	72	81	85	81	74	74	84	81	73	73	80	76	89	77	74	71	81	79	78	75	87	72	87	81	73	78	76	71	72	71	71	76	87	86	79	74	76	78	83	89	78	80	74	85	85	88	78	89	84	82	79	85	88	79	72	77	71	72	75	79	88	86	73	73	88	85	83	82	76	80	76	82	88	73	74	79	77	73	88	84	87	74	81	80	73	83	79	81	83	79	82	90	86	89	85	82	73	82	73	71	87	80	87	83	88	78	73	71	87	81	88	84	80	71	78	71	72	78	74	71	82	77	71	75	79	77	72	81	86	82	72	77	78	85	73	76	75	87	70	79	79	74	81	88	73	85	78	87	82	73	85	79	89	88	79	81	84	87	88	85	72	72	90	78	80	73	78	84	71	79	88	72	77	79	82	71	76	74	76	81	89	81	82	71	78	73	81	85	77	81	73	73	75	73	86	77	74	88	71	71	75	82	86	76	87	76	90	71	72	82	76	72	88	74	84	77	78	81	84	81	73	77	84	76	83	72	78	84	77	86	76	74	88	89	81	83	80	78	81	74	81	82	84	80	71	88	83	88	90	75	71	84	79	74	82	74	87	86	76	72	71	74	76	79	71	82	82	74	86	72	86	71	76	76	83	80	83	89	77	76	74	84	90	75	89	84	74	73	80	79	70	84	72	75	89	80	79	81	78	79	85	74	74	74	81	75	85	89
71	84	87	85	79	72	85	86	79	79	70	71	82	84	81	75	84	85	86	90	77	71	86	83	74	87	78	80	79	79	85	77	73	73	72	73	73	77	71	71	76	73	75	70	72	86	72	73	74	71	81	87	72	83	74	82	82	80	84	70	76	85	73	77	88	73	86	77	80	72	79	76	84	78	74	85	83	77	83	87	77	83	79	90	72	86	89	81	77	87	82	88	72	76	78	74	87	86	74	81	84	89	84	84	72	75	86	88	76	81	71	76	74	78	86	88	76	84	71	79	82	79	86	86	75	84	81	74	79	78	88	85	73	77	88	77	88	73	84	84	85	84	76	74	85	86	84	85	88	71	88	83	76	79	72	80	83	89	84	90	80	72	73	74	73	81	73	72	74	80	74	87	72	74	74	71	72	72	78	74	70	88	77	75	87	90	85	87	81	70	83	79	76	75	86	86	88	72	76	81	73	80	76	81	87	74	83	78	82	77	71	76	88	76	83	79	71	82	71	74	71	75	89	86	72	87	72	84	81	76	87	79	74	75	74	85	81	82	83	73	88	81	76	80	77	70	87	85	85	84	85	77	88	85	78	74	75	88	78	78	83	89	72	70	84	90	73	76	73	84	83	80	82	73	81	88	75	88	87	73	83	86	76	74	74	88	76	84	78	71	81	79	88	85	71	77	88	81	78	77	74	79	76	72	88	84	90	89	79	76	88	85	88	86	78	89	84	83	80	78	88	86	86	80	82	73	73	77	83	82	74	76	88	78	81	77	83	75	71	79	79	77	81	72	84	79	88	84	80	86	75	76	76	81	90	81	73	89	78	88	71	86	86	82	80	76	74	85	89	84	80	89	72	74	83	89	72	86	80	74	86	84	71	76	84	75	76	87	80	84	75	89	71	87	82	82	81	82	77	90	71	88	72	83	88	85	73	71	86	85	78	84	78	73	73	87	72	71	70	74	89	78	85	89	73	73	74	75	76	71	72	72	75	79	76	89	89	86	76	74	79	83	76	86	75	87	73	83	84	83	84	78	74	81	71	88	81	86	74	71	87	70	81	75	78	75	73	72	86	88	83	74	87	78	89	75	84	78	70	74	75	73	88	86	88	87	73	80	79	86	82	72	76	86	83	71	88	89	74	76	72	77	81	82	78	82	85	71	71	80	71	81	77	86	89	80	71	74	88	84	82	89	82	79	87	84	74	74	78	88	80	89	75	71	74	77	86	86	76	76	74	74	77	86	83	84	72	78	78	76	86	85	79	89	71	86	71	90	73	76	73	74	80	84	81	78	80	72	70	87	73	81	76	72	79	76	75	87	87	87	76	70	73	84	76	74	87	88	79	90	73	83	88	83	83	89	79	87	76	80	78	88	79	82	78	89	75	78	78	77	72	81	79	74	80	86	79	87	82	74	83	89	75	79	70	75	88	85	77	88	71	83	77	90	73	79	89	79	85	73	90	79	74	75	86	82	80	85	82	73	84	78	89	81	83	85	74	78	89	78	87	81	82	71	88	84	78	77	73	78	72	76	83	85	88	82	77	88	82	88	76	87	84	74	82	86	72	80	73	79	87	90	83	88	81	76	82	83	72	71	86	71	82	79	72	71	81	88	78	74	82	88	84	79	87	88	79	88	72	81	87	86	89	78	71	77	75	79	81	75	74	72	77	81	75	85	72	86	87	88	74	84	77	76	75	90	83	75	80	76	86	81	80	80	70	75	82	73	84	87	81	80	71	84	76	82	74	84	77	88	76	85	82	74	75	86	84	76	78	89	85	80	76	89	85	83	84	73	81	87	72	79	77	89	86	79	81	83	74	80	77	86	73	87	82	74	73	84	82	85	82	85	70	80	71	82	71	73	85	89	76	76	86	77	70	85	88	75	86	85	85	88	80	83	86	89	75	72	72	82	72	76	74	71	72	82	83	81	86	77	73	73	82	89	77	87	78	75	87	86	77	74	80	85	72	89	78	73	76	80	71	75	77	81	74	84	72	73	76	74	71	87	90	83	86	75	86	82	85	82	75	84	86	75	77	77	88	78	86	72	79	72	73	75	85	86	86	75	74	86	78	73	76	75	74	74	71	73	71	80	84	90	82	78	72	86	74	90	74	80	71	73	74	87	89	84	70	84	85	81	84	77	88	73	78	80	81	87	74	71	81	88	80	79	90	82	83	83	80	87	81	78	88	86	73	85	84	74	71	77	80	76	87	80	86	85	84	75	80	83	76	76	74	71	71	84	78	87	72	75	82	90	80	90	90	71	81	82	87	72
72	83	72	71	72	77	89	89	75	74	72	71	86	81	86	89	72	80	73	84	85	73	81	78	86	86	82	70	89	79	87	86	85	78	82	84	86	73	73	90	79	71	71	75	79	71	82	88	70	83	89	75	87	87	76	72	76	73	80	76	90	90	86	87	88	83	80	87	76	76	81	89	90	89	80	86	85	75	76	86	90	88	83	74	79	83	77	78	87	89	82	85	81	86	89	89	75	82	88	84	89	89	84	87	70	83	80	72	70	81	72	75	84	77	84	90	78	73	71	73	82	80	87	70	74	78	76	82	81	86	85	72	87	74	71	83	73	79	85	71	86	84	80	72	90	82	84	79	88	88	88	71	73	74	77	73	79	87	70	86	87	78	74	82	82	86	90	87	79	82	87	74	76	83	82	84	82	89	82	86	81	72	85	75	87	82	86	79	79	86	74	83	82	76	72	71	80	80	72	86	88	81	75	86	71	78	89	72	73	90	75	76	88	78	87	78	77	85	76	71	89	85	82	80	80	71	71	73	90	80	79	90	77	89	79	76	77	70	74	83	88	71	74	78	88	88	77	82	78	78	84	85	81	80	88	84	90	75	77	84	81	72	70	83	80	74	84	79	75	83	86	88	73	81	87	74	70	87	86	79	81	89	83	76	71	73	86	74	72	71	75	74	71	85	83	87	75	83	78	88	78	79	73	89	82	78	84	81	78	85	73	89	81	77	78	84	89	88	88	82	73	70	72	75	89	84	83	89	88	89	84	88	78	77	71	84	79	85	77	89	74	78	76	80	74	72	73	79	79	74	71	80	76	76	78	74	82	89	88	85	81	71	74	70	83	81	77	75	86	79	90	78	85	86	75	72	84	82	84	81	81	70	89	79	83	74	71	81	76	76	81	86	85	82	87	89	77	77	77	78	87	88	79	76	82	85	74	74	71	86	78	71	76	79	89	83	72	80	88	74	80	72	75	73	71	82	81	75	73	81	80	88	76	78	78	84	79	84	88	81	87	85	78	72	79	75	71	76	85	78	73	87	81	74	83	86	84	81	79	71	82	80	74	87	86	81	75	73	81	75	83	83	74	77	74	84	87	85	90	72	76	84	85	76	90	88	87	73	72	77	78	80	87	84	71	70	88	84	73	72	84	83	75	75	72	74	86	71	75	81	77	78	90	74	88	88	71	83	82	76	75	80	72	85	78	80	80	79	83	71	75	70	86	72	85	71	76	87	79	79	72	74	89	74	89	83	87	81	73	84	73	89	82	82	89	88	87	83	79	79	89	89	83	76	81	73	74	83	79	74	80	74	74	90	84	71	78	89	82	77	71	89	89	82	74	89	77	75	89	88	89	72	78	84	76	79	87	72	76	78	89	72	80	85	89	78	84	73	75	76	73	74	90	72	72	87	77	73	71	81	80	75	82	82	76	86	82	77	80	81	81	79	72	73	78	72	71	81	87	84	81	90	76	86	89	75	72	74	75	76	74	85	77	73	74	86	82	72	87	70	85	81	83	74	83	76	85	82	75	84	78	81	79	80	75	78	71	88	89	86	71	73	78	71	87	76	79	86	75	79	87	74	75	84	81	84	86	80	90	84	78	73	71	82	73	87	79	74	88	89	87	75	79	90	88	74	90	80	89	77	80	77	78	85	72	72	84	87	78	72	74	88	77	87	84	79	87	90	81	71	81	85	88	86	90	74	86	81	77	78	77	73	81	77	74	80	78	71	90	79	85	88	78	71	78	89	89	74	73	80	74	81	73	88	72	89	73	74	70	84	75	81	77	70	88	85	74	71	88	79	83	73	72	75	87	71	86	72	90	90	79	86	72	74	85	74	83	85	75	77	89	74	70	81	71	87	88	72	76	71	78	73	80	85	76	71	80	71	71	83	79	80	77	88	83	75	81	88	84	75	83	75	79	80	87	71	80	70	86	78	88	83	77	73	82	74	79	76	81	73	85	86	89	75	84	80	77	84	86	74	73	77	72	79	85	74	72	77	87	88	89	73	78	75	83	80	75	79	74	73	79	74	71	83	73	85	71	89	87	70	73	74	71	78	73	86	81	82	86	81	84	76	89	80	87	75	86	86	80	75	77	90	82	79	84	74	77	87	81	71	81	74	87	74	79	78	81	79	81	71	86	83	89	81	80	76	72	75	79	71	90	78	90	70	76	84	73	81	74	89	77	81	87	80	84	83	84	74	74	79	75	87	70	70	71	85	75	72	73	80	72	77	77	86	74	89	72	73	83	84	74	71	73	78	70	74	86	72	88	73
wj																																																																																																																																																																																																																																																																																																																																																																																																																																																																																																																																																																																																																																																																																																																																																																																																																																																																																																																																																																																																																																							
96	75	85	58	47	55	38	15	83	36	83	57	25	37	20	99	37	4	41	90	80	57	14	22	56	89	98	90	81	69	57	7	49	71	79	33	34	51	65	4	59	28	52	99	88	83	79	1	10	11	58	66	63	85	89	70	62	22	93	96	99	50	18	14	52	36	36	90	17	98	36	40	57	19	97	36	86	88	31	72	99	28	59	74	79	76	14	29	35	66	83	22	5	68	66	4	40	8	11	42	65	49	98	51	47	86	80	40	22	2	44	7	43	15	33	47	21	90	24	53	85	51	44	62	11	10	53	60	43	76	49	59	80	69	26	51	42	89	51	16	77	9	1	95	74	74	49	55	92	18	98	41	6	19	30	96	96	92	98	4	10	21	31	18	13	16	20	30	63	46	76	37	27	94	57	65	27	82	30	76	15	95	34	57	27	94	11	76	47	44	17	95	60	79	43	8	51	62	10	52	5	32	54	23	88	71	97	10	68	17	37	74	16	10	89	67	62	51	97	38	71	76	88	52	35	14	85	53	85	1	13	94	49	18	63	61	73	3	96	72	82	28	76	15	81	92	51	81	81	6	12	78	76	9	95	90	42	99	93	97	1	56	15	6	47	60	91	9	62	39	25	4	51	47	59	92	23	31	65	50	23	94	58	73	43	69	70	89	96	56	50	42	12	59	81	27	98	92	78	39	41	34	88	59	47	69	17	80	44	70	56	83	13	82	20	1	83	91	86	4	67	33	5	97	69	78	58	93	33	90	88	23	20	22	67	8	36	33	34	78	90	95	52	93	37	26	37	65	64	59	11	86	30	89	43	60	84	73	52	75	33	27	61	46	67	11	85	58	41	6	100	83	52	18	94	5	95	6	76	48	70	3	96	16	80	28	50	30	10	98	36	59	93	94	64	55	63	63	79	69	5	36	51	17	10	87	41	62	41	95	26	87	71	39	69	12	14	98	12	54	77	70	52	5	7	10	75	49	67	37	50	23	76	19	92	79	30	23	32	43	46	2	16	83	45	37	71	73	53	83	21	80	55	27	50	11	45	88	37	82	4	11	20	72	21	64	90	84	83	90	86	75	73	61	36	43	61	53	2	72	58	7	86	29	15	73	4	50	24	76	69	36	59	7	36	58	61	54	36	70	62	73	97	6	47	6	29	62	73	31	36	48	82	56	45	91	57	8	95	8	94	67	83	32	44	3	79	88	90	93	47	44	100	7	48	77	99	46	16	25	62	46	26	21	22	55	58	27	70	81	78	48	41	51	43	78	38	42	67	70	84	13	42	35	47	100	10	100	48	27	16	60	77	60	71	85	65	48	37	3	51	17	35	8	93	9	99	72	32	33	39	98	51	39	10	89	84	77	15	62	52	98	35	93	51	29	3	20	21	95	97	7	27	78	24	71	56	84	84	42	66	66	19	20	35	10	13	50	33	89	2	9	34	7	76	98	41	95	31	84	40	65	1	62	85	78	93	13	80	30	36	69	51	19	35	98	85	31	88	54	33	54	20	39	71	45	44	41	100	62	81	37	34	48	24	77	16	69	62	4	40	89	64	7	33	58	37	98	36	6	41	32	86	58	7	99	11	37	45	64	95	20	53	75	68	99	10	7	47	93	35	26	3	79	47	7	48	69	79	95	7	40	80	20	97	32	77	57	73	23	43	51	59	83	48	36	15	48	45	22	12	27	31	19	99	50	74	13	81	87	63	90	10	27	86	12	77	87	87	29	15	44	14	80	60	77	54	40	78	96	53	63	45	78	40	5	35	72	26	76	16	91	53	29	14	32	40	40	8	31	48	4	70	88	73	5	19	27	15	38	78	35	28	98	7	9	73	3	56	11	41	12	50	43	4	98	73	48	18	46	91	3	97	57	82	41	96	83	24	36	28	89	11	54	55	38	94	71	14	84	10	6	91	78	85	33	11	26	58	29	3	42	77	11	41	30	33	69	6	93	27	21	21	60	13	18	5	12	59	19	39	63	34	18	74	7	32	96	67	69	57	12	91	20	63	89	35	34	18	7	95	69	93	66	39	98	43	98	71	16	70	86	24	49	61	68	72	14	18	40	94	39	33	10	87	10	44	27	69	12	10	70	93	42	77	45	54	40	25	30	40	47	73	59	97	30	27	89	42	18	26	79	74	70	89	67	99	15	88	3	12	83	19	3	67	2	89	12	82	100	77	55	23	92	66	36	72	30	13	57	20	38	78	41	59	86	23	93	94	65	25	81	58	56	21	23	85	24	73	61	93	59	66	50	4	86	22	65	67	54
