pij																																																																																																																																																																																																																																																																																																																																																																																																																																																																																																																																																																																																																																																																																																																																																																																																																															
76	87	86	86	70	73	79	75	81	87	77	77	81	86	85	76	86	74	78	73	78	83	72	86	85	84	79	84	22	79	79	88	79	86	79	80	80	87	72	74	85	85	70	84	86	83	74	70	78	83	72	75	24	74	77	78	71	87	70	73	76	71	89	70	90	75	76	89	82	75	80	89	81	77	83	75	76	88	82	89	85	77	84	80	86	84	84	22	86	19	80	88	86	79	74	77	89	82	85	84	70	75	73	74	71	86	78	80	71	83	71	22	78	88	72	77	75	73	84	86	86	83	79	79	72	79	79	73	83	83	79	89	78	78	83	72	86	72	76	18	82	86	85	88	85	85	80	81	87	76	83	83	77	88	88	82	74	81	87	76	84	84	78	77	83	86	85	75	88	85	70	75	78	73	89	80	82	81	79	81	84	80	79	72	82	87	72	86	88	71	73	73	89	83	85	77	76	70	86	81	87	88	76	80	79	78	80	86	83	86	83	89	90	81	89	88	89	77	74	82	89	90	88	78	87	76	22	90	78	84	84	85	82	72	89	83	87	84	77	89	90	73	84	73	78	81	84	78	90	86	84	86	88	85	86	73	74	81	72	71	90	73	76	83	82	23	86	79	86	88	79	73	18	83	76	85	73	76	74	80	73	71	87	78	80	73	75	87	28	89	84	70	82	72	87	82	84	76	80	80	89	79	81	76	72	79	78	77	89	70	86	86	74	76	83	72	74	79	86	72	87	79	76	79	89	71	80	22	87	80	89	85	75	86	79	76	87	89	25	90	80	84	84	86	88	81	86	78	71	22	84	83	88	76	81	81	25	81	90	85	82	90	24	71	81	76	84	82	72	78	77	83	86	83	76	74	74	73	85	74	73	89	89	78	78	75	83	76	74	81	88	80	72	86	89	75	86	77	86	81	80	73	84	81	84	76	84	88	72	85	71	86	73	73	81	90	78	84	89	86	89	88	85	79	71	20	85	76	23	84	77	84	79	81	77	77	78	79	77	87	81	71	86	78	82	87	79	72	74	73	77	74	70	80	24	73	83	87	84	79	79	77	19	79	85	71	73	81	82	19	88	75	73	81	76	75	79	71	82	82	22	76	83	71	80	70	70	82	77	73	90	90	71	73	75	70	88	73	75	89	83	87	79	81	88	81	72	84	87	81	80	78	88	85	77	81	78	82	82	71	71	80	73	89	73	89	83	75	78	76	20	75	89	74	73	80	90	85	78	88	76	85	70	85	75	72	72	81	79	84	87	79	88	25	89	87	84	70	74	76	85	89	84	89	79	81	80	85	75	74	89	81	73	74	78	79	79	81	21	74	19	79	78	84	75	70	80	75	80	70	82	74	78	72	74	77	85	77	85	70	80	75	71	84	76	71	81	89	87	86	71	85	81	89	79	78	82	82	83	84	78	74	71	87	83	72	90	90	88	79	86	80	82	87	82	83	76	77	79	88	79	80	81	77	75	75	80	72	84	73	83	89	73	89	88	90	72	82	88	81	78	75	22	77	77	81	88	88	86	81	90	82	79	89	82	87	83	84	73	89	80	90	76	79	72	79	84	88	90	84	83	74	85	20	84	78	85	79	76	84	89	89	24	75	87	78	81	71	73	72	17	89	86	75	75	84	83	81	72	84	76	72	86	89	18	75	76	79	84	70	81	83	22	72	87	83	84	70	70	89	90	89	70	75	82	86	84	78	88	84	81	74	70	71	80	79	73	77	75	84	88	77	76	89	71	87	74	82	71	77	73	20	74	80	83	71	86	82	70	88	75	20	88	71	70	71	85	87	76	79	81	84	86	74	72	80	74	76	81	17
82	74	89	79	82	89	87	78	88	79	71	85	80	75	77	71	87	72	75	83	81	89	84	84	76	78	72	87	84	89	71	74	82	80	71	77	78	73	75	74	81	86	88	88	75	84	77	84	84	85	70	89	77	89	74	87	73	76	86	74	21	75	80	83	74	76	78	77	82	82	77	76	82	86	82	76	24	20	90	86	70	77	89	83	73	21	75	83	80	90	85	75	79	79	17	23	76	80	83	87	17	86	18	72	74	83	75	81	72	86	88	77	79	73	84	72	82	83	23	71	89	74	77	21	87	82	88	83	83	88	89	74	88	76	81	89	27	83	80	86	21	81	25	75	28	86	79	89	76	20	85	87	86	74	87	74	86	75	20	80	82	79	71	89	84	82	70	73	80	71	89	80	20	80	75	83	79	90	88	89	81	88	74	26	70	23	90	80	74	77	25	73	75	82	71	83	81	74	88	78	89	86	82	75	82	86	82	75	25	79	73	84	88	81	86	89	77	70	78	87	85	89	87	72	76	85	85	87	90	87	18	82	73	79	71	73	74	83	87	88	17	70	81	76	75	82	23	73	73	71	73	22	82	76	83	75	89	29	24	85	72	78	74	81	26	85	75	87	82	86	22	89	84	74	77	89	74	70	83	80	81	77	82	76	84	82	83	87	79	24	78	88	85	72	73	85	73	87	86	78	81	74	76	17	89	76	90	22	87	71	86	78	75	71	77	89	87	88	72	26	85	70	79	73	78	81	81	89	78	88	85	22	81	77	79	78	80	89	79	82	73	76	86	78	81	21	84	84	72	73	71	78	89	75	20	80	72	88	77	83	85	81	84	89	86	16	85	73	77	78	79	75	73	80	78	81	83	73	84	88	71	72	86	75	80	86	76	76	86	75	89	21	70	88	76	76	75	88	90	78	83	78	72	90	82	79	85	72	79	74	90	90	83	71	90	79	19	82	28	79	24	75	78	72	83	87	83	72	74	89	74	22	74	86	82	81	22	78	75	21	89	90	26	71	72	78	77	81	81	72	73	73	17	74	80	82	75	88	85	80	72	27	78	86	88	80	79	88	87	75	75	71	82	72	85	86	78	79	75	80	83	75	76	77	89	71	87	73	82	80	71	85	73	23	78	26	23	20	88	78	70	71	82	83	23	74	84	86	84	85	80	86	79	77	79	78	89	79	24	82	71	85	78	75	83	84	87	71	90	80	85	74	81	73	77	90	72	84	83	25	73	80	86	72	77	20	71	80	89	24	74	88	74	79	73	22	88	72	23	23	71	76	85	17	73	79	85	84	88	81	71	78	88	79	24	87	81	86	73	88	85	85	87	74	86	72	75	89	80	84	71	79	79	28	80	84	78	71	73	74	84	77	87	72	86	82	88	73	86	75	17	87	76	88	75	72	81	86	84	75	72	84	72	89	72	75	75	23	72	79	78	89	81	74	85	82	73	82	74	21	75	23	25	82	74	22	77	83	18	26	87	80	16	85	73	74	89	71	77	82	25	86	73	85	79	73	80	89	78	27	79	81	83	83	87	78	82	82	86	16	25	81	18	72	83	24	22	90	86	82	72	73	88	81	18	74	18	71	84	89	75	78	76	75	77	77	87	84	90	27	83	17	89	87	84	87	84	75	77	83	70	81	88	84	83	28	78	73	72	87	79	76	84	84	84	88	89	83	74	74	80	27	79	85	83	81	78	90	27	82	88	88	77	78	87	86	75	77	79	89	82	25	71	72	70	78	89	81	70	78	84	87	73	75	77	77	88	75	78	89	89	73	80	78	88	73	88	82	80	85	89	83	20	25	90	79	25	89	72	89
73	20	84	77	72	88	86	89	81	73	85	20	89	23	83	71	87	75	81	26	77	85	76	27	75	87	70	71	90	72	80	81	76	83	73	28	89	17	86	87	73	79	75	86	84	76	81	72	84	90	87	84	74	73	72	76	88	83	74	71	84	71	81	85	72	19	75	81	20	74	84	72	24	71	80	86	70	75	24	76	83	70	77	86	76	74	74	72	71	76	85	71	78	25	72	77	81	72	81	71	78	79	72	82	79	86	86	86	74	87	79	75	20	88	20	80	81	79	83	87	85	90	83	73	72	24	87	72	80	79	86	84	22	75	73	80	84	87	77	19	22	78	84	75	77	81	79	76	88	85	27	89	82	72	73	71	79	86	82	83	26	73	87	82	78	71	22	75	76	83	77	76	80	79	90	78	86	20	16	71	88	76	81	80	23	23	71	86	82	27	85	21	78	88	78	71	25	75	81	90	77	77	72	76	79	73	74	75	72	18	72	79	77	81	75	85	23	81	73	90	84	88	70	83	83	76	72	90	89	76	79	86	74	78	19	24	81	83	83	77	72	72	70	73	74	85	75	77	81	23	76	20	73	71	82	76	83	79	88	20	84	82	70	24	25	81	87	78	85	71	84	71	84	19	21	27	73	71	17	86	81	83	82	90	81	87	78	85	74	87	72	73	71	81	85	85	83	73	26	84	78	90	87	80	74	87	88	79	71	89	80	26	81	71	86	83	77	82	70	85	25	72	88	90	73	18	80	74	81	83	78	86	72	79	84	25	75	81	71	78	21	29	79	81	75	73	80	76	84	86	88	81	89	28	74	71	82	82	74	86	90	88	75	83	89	17	78	79	72	80	72	85	87	79	77	17	74	81	78	77	89	88	88	82	79	73	75	75	76	78	76	84	87	77	71	19	79	77	76	21	85	84	76	88	77	73	89	88	74	84	70	81	84	74	73	76	21	88	71	70	76	87	87	78	90	89	20	88	72	79	76	75	71	79	74	80	87	77	84	74	76	78	84	85	15	72	83	16	86	71	71	84	72	89	80	75	24	81	21	73	88	26	82	86	80	74	86	88	71	77	72	75	82	73	20	86	72	87	82	89	74	73	84	88	80	86	88	80	20	28	81	70	73	74	76	89	74	81	77	75	88	73	87	73	86	72	76	90	20	21	19	76	22	72	86	29	73	80	85	86	78	75	76	84	71	84	89	71	77	76	74	75	87	89	74	78	87	87	21	86	22	87	77	79	75	73	80	84	20	77	21	72	74	75	89	72	82	84	88	84	84	85	80	72	75	88	71	82	79	70	83	81	76	85	89	25	89	70	73	73	88	74	76	85	75	89	83	85	79	87	72	79	86	80	87	18	86	76	85	84	21	85	20	73	19	81	73	89	20	73	75	85	76	85	75	80	23	76	90	77	72	86	75	85	85	81	25	88	79	81	15	80	88	82	78	17	74	76	89	90	73	79	71	73	71	78	88	90	84	88	86	74	88	82	71	89	23	75	71	73	86	25	87	87	85	83	74	76	89	71	90	78	18	87	76	75	89	85	82	88	71	80	70	80	81	87	22	72	84	82	75	71	86	89	85	72	71	82	82	80	25	85	74	85	71	80	89	21	74	78	82	75	87	18	70	82	88	78	82	79	79	72	77	87	89	73	89	74	85	81	74	83	76	86	18	16	82	77	85	88	24	79	86	24	87	89	24	84	81	81	19	75	78	25	89	82	85	81	70	76	25	73	89	71	72	89	82	84	90	87	86	82	88	73	83	87	77	77	79	22	26	85	70	86	74	82	76	89	80	71	73	81	73	27	81	89	84	88	81	77
80	81	72	71	87	70	89	85	75	72	75	78	88	86	77	88	86	87	87	75	80	85	73	84	80	78	75	88	72	81	87	83	72	77	71	75	78	87	78	72	88	76	88	86	71	86	80	83	85	85	16	72	85	76	85	81	83	77	80	77	74	79	73	78	72	71	74	25	72	82	17	81	82	88	75	74	74	85	86	22	74	89	88	90	75	80	73	73	75	71	76	78	82	80	70	80	73	76	82	89	76	86	80	83	73	24	88	83	88	74	90	85	71	84	84	83	85	75	75	79	79	80	71	71	77	78	20	89	77	82	80	75	79	81	71	77	81	82	80	82	79	78	28	81	73	20	72	16	76	77	82	81	82	88	82	77	89	79	88	78	80	78	77	71	70	88	77	89	25	73	87	82	82	81	87	75	79	84	88	76	76	26	77	78	80	71	82	77	73	82	83	86	21	76	71	19	81	89	72	80	83	76	86	85	85	74	79	74	83	72	73	72	83	78	77	86	76	83	87	87	75	79	80	78	21	80	85	85	22	71	76	82	77	71	76	83	75	26	88	77	75	85	76	17	73	78	73	73	78	78	72	84	24	25	75	70	86	26	80	82	79	81	81	83	89	86	79	85	77	72	75	79	70	70	85	81	71	88	87	85	70	73	82	89	84	88	84	20	80	82	88	85	81	86	84	82	85	76	74	75	75	90	74	73	77	80	74	88	80	84	83	76	78	80	71	78	89	17	77	73	25	84	84	70	83	80	22	85	90	89	71	84	85	70	87	86	73	88	81	75	71	79	86	74	77	19	25	88	20	78	82	88	81	83	90	88	81	73	76	85	25	87	81	84	75	79	77	81	89	19	88	73	81	79	75	19	84	84	85	79	20	81	78	90	25	83	87	79	20	82	88	90	85	88	83	80	78	79	86	77	85	73	18	86	87	82	84	72	76	83	71	75	73	80	88	87	75	89	76	89	81	82	75	87	86	85	76	90	88	70	83	82	89	76	78	75	79	80	88	70	86	82	86	71	89	72	84	89	79	81	84	89	90	88	71	90	89	86	75	73	72	76	71	84	21	71	87	73	78	86	80	88	79	19	19	75	73	89	88	71	87	86	83	87	87	83	82	85	71	81	78	70	74	76	76	73	82	74	78	76	80	76	77	80	84	75	24	85	86	76	87	87	24	26	84	89	87	86	22	90	83	78	80	74	17	80	87	76	84	72	72	86	75	76	83	79	81	78	75	79	84	86	15	82	82	83	17	86	87	77	71	75	72	73	71	22	87	27	83	74	82	81	23	16	82	77	76	83	79	81	83	78	78	89	82	85	79	26	80	87	83	73	85	77	79	89	77	81	75	88	22	89	75	80	19	79	85	83	81	80	90	82	75	85	71	84	82	78	20	74	76	70	86	75	72	74	87	83	74	72	26	86	87	73	77	88	83	70	80	80	85	88	82	72	81	79	83	84	82	86	80	23	88	72	73	74	70	76	75	85	73	79	79	70	79	82	79	27	88	84	85	89	89	77	81	84	73	20	80	83	77	85	72	89	79	77	84	81	75	76	76	84	80	76	74	78	77	72	79	74	24	19	20	90	73	74	88	86	24	76	79	73	81	81	87	73	77	73	81	78	78	78	25	71	81	81	20	70	81	19	82	75	81	82	20	81	72	82	71	77	85	88	87	89	83	74	83	79	88	81	88	87	75	27	78	74	78	87	76	84	86	75	76	75	89	86	77	83	83	87	73	76	85	72	20	24	87	25	84	86	88	84	79	78	72	21	74	89	75	21	81	76	84	77	70	77	15	74	77	19	21	77	82	74	82	77	75	79	75	87
81	80	84	71	77	83	78	84	88	88	71	89	88	89	24	86	88	82	17	77	71	75	82	77	90	79	72	87	79	79	84	83	83	20	77	87	19	76	85	77	88	70	76	83	80	75	87	76	71	90	19	76	83	21	79	86	24	85	20	80	21	88	16	84	84	75	78	79	90	73	86	80	80	20	85	75	77	75	73	74	90	86	86	87	71	75	19	78	75	82	80	76	72	71	74	82	84	80	19	73	86	88	85	87	81	78	82	77	71	22	18	71	81	88	83	83	87	73	23	80	81	72	88	76	75	70	85	84	83	82	79	88	75	16	24	82	78	87	77	80	88	83	79	78	74	77	70	74	82	89	77	23	83	75	86	19	84	83	80	82	72	79	72	84	79	79	86	73	80	73	86	82	79	17	19	72	22	88	79	73	75	86	86	25	83	88	75	80	74	79	86	80	72	90	78	75	83	88	88	85	82	74	81	75	73	90	74	27	73	78	77	83	75	25	73	72	71	71	75	84	25	89	86	80	84	81	70	74	25	84	89	79	90	89	81	87	75	80	84	89	90	74	76	80	80	25	80	80	78	75	87	76	83	89	72	70	88	83	80	74	74	71	85	81	87	75	87	89	26	85	74	84	75	20	88	77	74	23	78	76	75	86	20	75	88	17	76	83	71	78	70	86	74	81	23	81	88	19	90	72	73	87	17	79	88	88	78	82	75	86	87	24	74	74	72	82	76	79	26	86	88	74	75	26	27	78	90	74	84	71	75	89	81	74	80	85	75	77	86	72	87	81	80	87	79	72	71	76	79	79	78	83	79	77	78	89	81	71	85	89	76	83	90	77	79	74	84	86	72	77	23	88	70	88	84	82	81	84	76	86	76	71	20	81	87	79	80	84	75	83	83	89	75	89	71	89	80	79	71	77	71	88	77	21	73	85	80	73	85	70	71	84	84	71	78	83	77	75	71	81	77	86	82	80	23	70	82	79	78	73	87	76	80	73	88	73	79	83	86	78	89	71	88	82	83	72	77	75	86	87	83	82	78	88	78	76	78	86	86	87	80	80	84	75	90	24	81	78	71	20	79	77	74	83	75	72	85	75	84	80	73	77	70	76	89	72	89	79	82	88	78	80	81	21	84	70	90	84	72	84	79	74	84	87	84	86	83	80	78	90	85	76	76	83	89	89	70	22	86	72	72	81	23	86	88	71	73	76	80	81	81	24	77	71	84	17	87	87	21	87	76	83	79	83	86	74	85	17	86	89	73	71	83	73	78	90	73	75	80	90	87	83	84	76	71	22	19	71	74	85	85	27	86	70	76	89	74	84	73	78	80	18	74	79	88	88	76	17	20	75	79	88	75	78	81	82	87	86	82	18	79	71	76	87	86	86	24	87	77	78	79	79	82	84	81	72	82	23	22	19	82	16	80	75	21	78	89	81	71	74	81	80	90	79	20	76	80	89	89	84	77	90	76	81	75	71	21	74	88	71	22	71	77	78	85	78	74	75	76	84	87	73	88	81	75	84	78	89	73	80	86	90	84	78	72	80	83	88	27	70	73	78	79	77	87	89	87	75	20	78	82	85	16	17	83	73	72	76	80	88	74	74	76	87	74	79	87	84	89	25	80	88	82	86	80	70	77	78	87	90	80	82	79	82	75	27	87	85	85	90	86	75	86	82	75	89	84	74	73	84	88	83	83	79	86	83	81	89	28	72	72	86	86	86	77	18	87	79	89	79	71	80	88	85	75	22	84	85	74	76	75	81	22	89	85	89	86	79	84	73	73	77	80	84	21	79	18	22	87	18	81	89	80	82	89	21	87	88	28	76
86	70	75	27	84	22	90	23	81	78	81	71	17	88	78	78	20	26	82	82	78	78	87	89	78	83	71	29	75	73	90	81	87	72	80	81	86	88	80	80	73	74	79	88	21	24	88	28	89	88	77	79	80	76	25	84	76	81	74	17	90	89	71	75	79	82	82	72	74	89	87	86	72	85	86	70	70	89	73	77	70	75	83	71	84	77	19	83	71	72	78	27	87	71	71	83	72	83	17	74	77	79	76	22	73	74	73	85	77	76	78	76	89	20	89	79	81	89	89	25	85	88	88	23	74	83	87	73	74	78	89	27	72	78	82	82	79	86	79	83	78	79	77	80	71	70	72	70	81	76	76	80	79	72	83	71	86	82	90	78	88	75	89	79	72	82	88	85	87	81	77	71	76	88	73	86	74	85	89	71	22	80	75	90	87	79	88	76	78	26	21	88	74	75	87	78	72	81	80	72	74	26	83	72	87	80	26	89	83	86	87	74	73	70	21	85	80	86	86	83	87	79	87	78	71	18	88	70	73	78	84	85	75	83	18	85	85	84	79	85	74	74	80	74	89	88	79	87	24	75	85	76	85	83	78	88	78	84	78	83	88	79	71	80	83	71	77	86	83	88	70	80	74	85	73	74	71	84	89	73	75	21	21	86	76	90	79	71	74	70	26	89	90	85	82	85	83	74	85	75	76	88	89	18	76	79	85	73	76	25	71	83	85	80	72	73	80	76	77	79	89	81	86	73	87	88	79	75	23	80	75	84	21	84	89	26	87	71	79	88	88	73	21	90	81	88	85	81	86	18	87	85	86	75	87	74	79	82	89	82	85	74	79	78	76	84	85	79	20	73	88	22	87	79	89	88	74	84	75	80	81	82	84	71	89	77	83	89	83	88	77	81	81	85	84	73	81	22	76	78	86	70	83	76	78	78	82	82	70	78	90	19	81	26	85	87	75	74	87	83	85	20	19	90	75	87	80	75	23	87	71	86	75	82	90	77	82	19	77	71	70	87	82	75	72	73	86	71	85	71	90	84	74	86	88	71	82	82	79	79	90	79	73	23	74	78	20	86	75	87	74	81	78	87	75	18	89	73	84	73	89	71	71	70	89	72	79	89	72	71	76	75	79	81	24	81	89	83	84	83	80	23	88	73	86	79	71	78	89	73	70	79	75	70	88	78	26	88	88	72	21	81	89	73	17	77	83	80	87	85	75	71	74	24	85	80	81	76	74	79	84	73	79	84	90	74	81	88	70	90	79	72	78	88	71	86	89	76	73	86	78	83	83	85	74	70	90	82	78	82	85	82	80	72	89	85	88	75	88	76	80	89	89	78	71	72	76	72	83	89	86	81	85	75	85	20	74	77	83	80	71	79	75	15	86	86	72	74	76	79	78	83	89	82	87	88	89	83	71	75	76	89	82	83	83	75	73	78	75	18	82	76	77	76	82	77	87	29	85	72	71	83	72	76	83	83	79	89	83	29	77	21	16	84	79	80	70	83	23	80	81	71	78	79	25	78	86	79	82	75	75	77	88	78	76	84	89	24	70	77	85	71	86	21	81	80	78	82	84	72	79	84	89	73	70	82	17	71	77	77	87	78	72	90	71	82	82	79	88	73	90	86	24	79	86	83	80	78	77	84	23	74	90	72	75	79	88	90	89	81	89	77	89	70	80	85	81	75	74	86	87	84	88	82	89	87	89	21	71	88	86	74	28	75	70	71	72	79	73	87	82	80	21	84	82	77	80	25	78	77	74	87	81	79	22	88	88	85	78	74	73	84	76	87	88	84	89	81	24	73	89	23	84	75	74	84	80	86	84	72
86	79	79	73	74	71	77	84	71	81	85	70	75	26	85	82	76	89	82	72	71	20	25	86	71	84	84	26	85	78	20	21	84	76	87	83	80	73	86	87	84	89	74	83	21	75	89	79	77	79	87	73	75	75	71	82	80	90	80	72	78	81	83	84	72	79	73	71	84	80	88	20	81	76	82	76	74	80	86	22	76	87	80	75	79	81	86	80	72	82	26	78	88	85	78	85	16	72	78	19	72	79	75	90	71	75	86	81	88	82	74	82	82	80	88	23	84	71	84	71	21	80	82	72	72	83	80	85	89	24	85	87	82	70	75	74	74	71	75	77	79	88	82	77	79	71	73	70	27	76	88	75	87	81	87	74	85	82	81	83	70	83	70	75	18	28	81	80	81	71	72	80	84	87	87	78	89	81	76	75	81	81	87	72	84	77	89	79	71	88	86	82	20	82	76	89	77	89	83	80	81	78	85	84	88	89	87	83	75	89	86	85	77	77	70	76	76	77	22	70	81	24	78	20	22	81	22	87	86	82	85	83	80	71	73	73	79	84	73	74	86	18	81	85	76	86	73	82	89	85	17	83	83	88	81	76	26	83	86	85	70	75	80	88	81	20	85	77	72	85	85	24	75	72	74	75	90	85	74	25	89	72	74	23	82	71	29	87	87	87	76	83	88	73	88	87	81	79	73	71	85	84	73	80	80	71	85	80	73	88	88	77	84	85	87	73	77	84	86	74	74	83	84	87	25	85	88	86	88	75	73	70	74	85	77	87	86	20	82	23	78	71	89	88	23	84	81	88	81	84	87	84	84	90	89	71	78	78	83	80	75	86	77	78	72	80	75	80	83	89	86	86	81	78	71	70	90	80	90	24	86	84	87	73	82	25	71	75	80	80	72	86	18	17	24	75	82	81	72	89	85	71	84	73	24	82	90	80	84	90	84	83	77	78	82	73	90	88	71	83	82	77	84	76	72	82	73	75	89	23	78	72	87	75	80	85	88	77	89	86	26	70	87	72	80	72	81	80	71	84	17	75	79	70	79	84	82	80	82	80	71	89	85	72	83	90	82	78	88	75	85	81	82	89	74	88	89	89	72	26	22	89	84	77	70	74	83	23	82	88	88	20	88	80	74	83	70	84	28	88	88	73	85	77	81	87	89	90	71	79	72	88	78	72	75	71	87	81	89	27	89	74	88	87	80	76	83	83	78	88	81	70	71	88	78	77	77	76	77	75	75	79	86	76	86	85	81	20	87	71	85	75	78	79	83	80	83	81	83	77	86	74	71	72	82	84	71	78	72	20	28	86	81	83	77	86	84	74	82	80	73	72	74	85	89	20	84	81	78	82	76	83	70	70	82	82	71	79	72	79	74	80	72	84	73	73	82	72	87	80	77	24	81	82	21	89	83	78	83	74	74	70	79	73	81	81	79	85	74	83	71	90	87	79	70	77	82	85	77	74	86	81	86	70	26	74	78	85	78	83	71	78	87	83	88	80	80	90	88	87	87	72	21	71	26	78	81	85	20	84	82	82	22	76	86	84	90	82	76	88	78	86	80	80	73	73	81	89	88	27	89	89	88	89	75	73	83	81	86	21	84	76	24	81	73	80	82	86	74	77	85	87	84	73	22	72	75	24	77	73	77	77	22	76	73	87	25	88	71	80	72	82	80	81	87	81	24	20	88	81	85	80	75	71	86	83	75	76	83	25	83	71	71	84	71	78	85	84	80	79	71	83	75	78	76	72	75	70	71	79	17	76	76	76	72	72	83	79	86	88	75	74	87	27	88	73	85	83	70	81	89	86	72	90	75	86	71	90	79	82
71	73	23	76	70	83	84	74	84	23	89	71	75	70	86	73	70	76	88	75	77	80	74	80	85	81	84	77	73	75	83	81	86	84	20	28	18	89	89	77	27	84	79	87	77	72	28	89	73	85	82	76	70	83	78	89	79	19	76	78	84	80	80	90	86	80	72	71	88	90	87	78	83	78	80	75	88	75	83	86	85	82	71	84	76	87	87	76	83	89	80	81	70	87	73	83	89	82	72	86	80	90	77	76	23	85	81	72	76	77	89	86	87	72	73	80	70	81	79	88	87	79	83	84	76	76	21	80	90	74	24	72	75	71	88	89	26	74	22	77	85	81	89	89	73	89	72	90	77	82	77	82	90	78	80	79	79	74	78	77	77	87	84	88	74	70	83	86	81	76	25	76	73	85	79	79	87	19	88	89	86	87	82	86	88	76	77	80	85	81	81	86	89	74	21	79	75	73	87	86	90	77	73	82	79	87	90	75	79	77	78	79	73	82	19	76	87	72	70	26	85	89	74	19	82	74	89	71	77	83	19	22	16	16	83	75	89	26	70	73	89	19	79	72	79	72	75	83	83	79	78	89	83	89	73	19	72	90	70	74	73	75	85	76	74	70	77	21	82	90	83	89	90	87	82	79	79	79	87	71	82	77	71	79	79	74	74	73	75	77	75	72	20	75	85	87	89	71	83	85	89	82	72	76	77	18	71	71	20	85	70	79	89	76	80	17	71	77	87	79	72	80	76	88	71	17	71	81	89	80	84	73	85	86	75	88	86	88	83	88	85	85	75	85	76	78	87	79	89	73	89	88	74	82	73	21	76	71	72	72	77	76	87	25	86	86	75	73	75	84	19	79	79	85	85	90	82	77	24	88	72	76	86	76	82	81	89	17	70	74	72	88	83	87	73	77	20	88	84	89	84	22	73	81	71	89	84	79	75	20	84	73	81	85	82	20	75	90	79	77	74	82	83	81	88	71	81	82	84	84	77	87	76	70	19	78	78	79	87	87	80	28	82	18	86	20	77	74	85	72	79	19	78	71	76	22	85	77	85	87	87	77	86	88	82	84	76	78	86	88	78	80	86	16	87	77	74	22	20	89	71	78	87	71	74	71	84	84	73	84	75	76	80	81	74	76	71	89	79	85	73	77	75	75	21	82	72	70	71	77	80	79	89	81	82	84	76	79	79	89	86	74	78	82	75	83	82	83	89	85	74	74	89	24	84	88	86	22	79	71	77	79	73	79	79	87	75	76	78	76	88	71	74	71	73	84	85	89	72	23	87	79	70	87	75	88	83	85	77	78	89	27	20	75	82	22	78	88	73	88	71	82	75	79	85	90	82	90	89	20	83	85	74	75	77	83	81	87	72	88	77	71	89	78	17	76	85	74	82	86	77	25	78	77	21	85	75	86	90	90	86	78	85	79	87	84	88	84	90	80	72	81	84	26	21	89	72	76	79	81	89	85	78	87	83	87	86	26	83	82	78	83	74	82	84	82	82	73	78	79	89	75	79	78	73	81	74	70	72	82	73	18	80	23	70	77	18	75	70	84	77	19	88	86	79	88	85	76	77	74	81	77	83	82	86	89	74	88	74	71	90	74	78	89	21	86	76	78	74	71	80	88	79	90	21	74	80	88	77	79	73	75	83	81	77	77	87	79	79	82	22	89	76	86	90	73	79	84	84	17	76	71	79	73	89	90	89	71	73	84	86	27	84	88	89	84	70	72	71	88	80	90	87	88	17	77	85	83	88	86	80	86	80	72	89	82	76	71	19	76	23	70	85	72	81	85	84	22	73	89	82	77	84	83	83	78	75	74	74	88
74	73	78	86	78	87	78	74	72	88	83	85	84	83	80	74	82	88	15	72	74	84	81	72	78	77	23	76	22	20	78	88	79	76	85	74	89	79	83	75	79	19	26	74	88	24	85	88	86	70	78	81	83	83	75	26	89	88	82	86	83	23	78	89	71	84	76	74	89	84	83	80	80	84	83	18	90	82	82	71	79	72	81	89	17	21	76	79	76	86	80	26	81	81	81	80	71	86	83	77	72	79	75	75	76	82	77	89	79	85	76	74	89	87	78	88	81	23	74	81	84	76	78	82	88	74	87	80	75	89	82	71	71	80	86	72	74	81	72	71	74	79	89	82	75	77	27	82	78	87	82	80	85	78	88	83	87	87	73	84	76	88	83	79	88	89	72	87	90	20	83	81	83	90	78	73	86	70	76	80	80	82	75	87	78	76	77	89	82	90	77	77	75	74	72	82	26	87	90	72	72	71	24	88	85	87	85	78	76	88	72	21	81	70	72	83	86	26	87	26	71	82	29	85	83	73	76	71	83	18	83	21	88	88	83	88	24	72	82	25	80	77	83	74	86	81	74	82	89	74	78	79	73	78	81	76	26	80	80	81	74	21	23	74	80	76	22	77	75	73	20	73	82	79	88	72	77	72	74	86	88	22	75	74	72	76	81	84	90	88	76	86	88	73	78	90	80	81	85	71	75	80	17	73	80	86	77	82	90	81	72	75	77	21	76	72	81	89	74	81	81	78	86	85	83	80	72	78	77	80	73	74	77	21	77	88	74	71	73	76	87	27	71	86	84	72	88	74	80	86	27	81	85	89	77	78	72	85	22	79	24	80	25	76	81	82	78	79	79	82	79	72	85	76	70	75	76	27	73	79	79	86	19	78	90	77	82	70	74	86	90	20	16	79	81	20	81	79	74	76	21	81	88	78	83	88	88	80	25	83	24	76	71	83	85	70	81	86	78	82	88	87	78	77	89	73	19	71	80	75	78	73	77	70	89	90	79	72	83	78	26	84	77	82	77	90	26	78	87	88	85	71	84	22	72	24	74	76	72	80	72	77	18	74	80	76	81	83	89	84	77	72	85	81	83	86	87	71	85	72	86	87	83	86	79	76	89	89	75	89	17	86	78	84	83	71	86	76	90	82	78	74	89	22	77	80	83	87	79	82	82	18	70	70	25	82	76	70	75	74	88	87	88	78	71	78	75	71	19	79	74	75	78	74	74	82	72	78	89	75	73	75	88	80	89	82	74	79	87	83	77	86	88	80	82	84	85	85	85	71	20	79	78	80	86	85	83	71	73	89	72	83	86	80	73	82	79	74	71	85	71	89	87	85	23	90	71	72	73	86	23	78	85	79	83	73	88	23	87	84	72	86	77	74	90	83	78	71	83	83	77	88	80	70	72	71	88	85	77	73	82	88	81	16	75	79	85	87	88	80	82	81	16	75	81	81	86	87	72	90	79	82	86	26	26	84	78	84	75	73	22	71	77	24	82	83	85	71	71	74	81	72	89	88	77	84	79	73	88	70	86	75	74	75	73	25	71	89	72	89	88	87	83	80	75	78	84	27	88	78	89	86	73	71	70	18	76	20	89	81	87	21	72	71	20	21	85	78	80	73	88	78	90	87	85	76	85	70	87	16	89	80	75	21	76	70	89	72	81	82	87	22	89	23	70	78	85	89	78	88	75	72	86	71	72	87	76	22	73	90	76	84	87	71	85	83	73	84	17	20	71	73	76	75	85	77	75	74	85	73	71	80	75	83	72	73	74	24	20	77	80	85	24	80	88	78	89	71	90	71	78	74	86	75	88	72	90	74	83	74
86	79	89	85	79	89	78	70	77	75	77	84	81	82	71	86	74	79	84	28	70	85	23	78	22	73	70	73	71	74	84	88	89	89	22	84	76	87	81	82	87	72	88	73	83	85	75	82	79	72	79	78	76	88	76	85	71	79	87	88	78	81	87	75	71	71	82	75	83	83	79	72	24	81	83	70	88	81	22	87	25	26	71	89	71	71	83	82	89	80	81	84	73	78	78	90	81	82	80	73	77	88	81	73	21	80	17	70	17	78	76	70	73	82	85	80	88	88	76	23	82	89	73	74	73	86	89	70	24	87	25	86	21	85	82	17	83	80	80	88	76	81	77	72	71	76	87	19	89	86	71	87	84	88	78	85	89	81	89	90	80	80	81	80	87	87	83	23	86	80	75	81	84	72	88	86	23	88	79	89	77	28	71	74	71	74	24	86	77	85	89	77	77	86	76	87	79	71	87	81	23	85	75	22	87	88	25	81	76	87	82	73	82	78	81	77	72	85	73	71	87	87	89	86	84	72	87	89	72	87	79	73	78	73	82	74	78	71	83	70	89	86	87	79	84	72	26	74	80	73	70	73	84	74	23	73	80	89	74	82	77	81	83	88	89	72	75	72	70	74	85	89	80	78	70	26	75	73	17	77	75	83	78	86	74	77	74	71	79	74	79	78	74	77	74	72	25	21	83	88	83	70	78	90	86	77	73	76	77	77	76	80	81	81	74	79	86	81	76	79	71	75	26	70	76	73	87	79	81	71	24	71	80	80	25	74	89	89	90	81	79	79	85	80	89	84	86	19	78	78	74	85	85	86	87	80	71	71	78	73	73	72	77	22	73	76	81	75	78	74	78	72	20	24	70	85	76	81	89	86	82	17	84	87	26	25	86	74	74	74	85	82	70	18	76	78	17	89	78	90	84	82	87	81	81	83	89	78	70	20	72	72	78	80	18	77	88	84	79	85	82	72	82	75	79	72	88	85	76	80	84	86	15	81	75	89	81	75	81	74	75	70	79	87	77	78	78	71	27	89	77	87	75	82	87	77	87	83	84	75	75	79	79	88	83	74	76	72	81	78	77	26	71	71	81	71	73	74	73	81	80	22	87	19	74	88	16	70	82	84	90	88	83	81	86	80	72	87	29	79	22	86	81	75	87	71	81	74	77	86	89	78	77	90	71	28	90	89	84	71	82	75	24	89	70	89	79	74	72	83	81	82	22	79	84	71	87	90	83	82	75	28	82	75	86	89	75	83	90	78	87	20	71	83	71	71	84	86	79	78	85	29	86	82	23	73	84	78	74	70	84	89	89	78	73	71	82	89	86	79	86	82	85	88	80	72	82	83	75	22	70	75	77	73	19	86	26	80	83	73	79	84	21	16	86	16	21	23	73	20	87	74	19	77	79	22	74	85	78	89	72	84	84	71	85	76	86	88	81	72	78	82	79	81	79	81	71	74	26	71	86	80	83	73	77	79	80	83	84	77	71	73	72	79	16	70	25	80	80	84	72	86	74	86	80	84	73	77	89	78	89	17	82	72	17	87	18	78	89	82	72	78	83	83	86	87	78	87	71	70	85	17	70	76	16	89	83	83	73	76	71	70	87	81	73	74	86	84	73	79	73	76	80	77	81	79	21	79	86	86	77	73	72	77	71	74	85	73	72	25	87	83	73	78	80	15	83	85	88	85	77	85	85	80	75	27	70	81	77	89	71	87	77	87	78	73	71	23	82	83	27	75	75	81	70	77	76	87	87	78	86	85	85	87	20	84	21	88	79	85	83	22	89	81	18	19	84	71	82	80	85	82	82	76	72	84	75	77	83	85
71	88	84	73	19	76	74	75	77	23	73	84	79	76	72	81	88	87	88	85	18	88	80	70	22	86	84	82	80	72	81	78	86	88	84	89	83	89	86	78	79	85	89	26	79	84	80	77	77	78	75	75	71	85	75	24	28	89	77	71	71	80	83	77	77	18	74	88	86	78	86	78	72	79	80	89	86	76	78	88	23	81	87	70	77	81	74	78	81	20	84	85	76	86	89	70	17	74	72	77	76	74	78	88	86	87	18	84	77	85	20	84	81	77	72	74	75	87	79	89	21	86	90	74	19	85	84	90	71	25	89	73	72	85	71	89	82	74	80	74	82	17	71	70	90	79	87	88	71	74	81	86	72	83	74	75	89	89	81	77	74	83	89	78	18	73	89	75	70	23	86	18	77	78	86	74	75	90	86	84	74	71	85	77	22	90	24	24	22	74	81	78	75	82	86	73	73	76	90	80	77	76	75	78	90	79	80	75	27	83	22	82	22	74	81	18	86	72	72	72	75	87	77	82	70	86	74	21	70	77	79	81	78	78	81	80	75	75	83	79	88	79	79	86	19	81	83	73	81	80	70	72	81	84	23	86	88	75	77	90	87	21	85	82	72	85	78	85	72	84	89	76	71	71	74	75	74	73	72	21	80	82	86	74	19	75	83	88	76	71	85	24	89	72	78	88	82	84	72	79	88	86	80	79	80	76	72	77	80	76	87	82	75	79	89	81	21	78	83	77	84	89	71	76	81	88	79	21	26	23	23	79	89	84	88	85	85	84	73	89	82	78	83	73	71	89	89	88	84	71	77	75	22	71	75	75	87	28	80	23	75	74	87	77	81	81	75	76	84	84	80	82	76	87	75	78	75	82	89	72	72	78	79	73	78	75	86	89	86	23	18	76	74	74	83	77	86	82	17	78	74	84	85	88	84	27	76	71	27	79	77	89	89	71	86	71	79	78	84	23	73	83	82	70	80	73	78	18	90	86	77	89	90	83	89	74	76	74	72	85	80	73	88	84	81	73	85	19	72	87	83	71	78	77	78	84	71	82	21	74	80	75	82	86	72	82	78	76	21	70	83	82	72	73	87	81	90	77	89	82	90	72	88	72	24	76	16	81	80	85	73	80	79	87	78	85	89	79	89	73	88	90	74	86	71	16	81	86	78	83	88	88	71	26	81	86	79	80	89	71	85	82	72	89	86	23	72	79	87	71	83	82	76	85	87	82	87	85	72	89	75	86	79	22	88	87	88	76	79	84	87	83	20	75	75	74	85	73	77	74	71	79	89	75	23	80	73	72	71	21	81	86	88	82	25	71	74	74	19	86	84	75	72	76	83	72	86	16	85	82	82	78	21	77	87	86	71	73	89	88	79	16	86	82	79	86	89	87	77	79	71	88	71	19	71	80	79	85	90	20	73	82	21	90	78	24	85	77	76	18	89	79	77	74	83	81	88	77	23	87	76	72	89	87	85	88	82	26	86	74	70	77	73	88	84	78	73	89	71	78	87	72	83	23	76	25	21	78	79	76	23	84	84	24	71	78	81	74	81	82	79	89	88	78	85	77	83	89	83	78	81	88	82	80	75	80	86	83	80	76	81	80	85	18	78	79	20	80	76	84	76	79	75	79	82	90	72	88	73	84	74	18	74	82	80	78	76	70	86	83	88	89	72	77	81	72	75	84	85	79	71	84	73	78	72	83	22	75	82	24	86	25	75	87	86	83	79	73	76	90	77	85	90	71	70	83	76	79	79	87	82	83	73	88	83	21	89	87	72	76	72	86	84	90	87	74	78	74	84	84	80	89	82	70	21	76	84	18	86	74
79	85	88	74	72	21	78	82	88	72	80	20	78	85	76	73	90	85	71	89	89	84	88	87	73	78	80	79	87	86	79	88	79	86	75	87	70	80	83	74	79	21	75	79	76	85	88	83	82	20	78	78	88	71	87	82	82	81	21	71	80	86	82	76	89	80	80	71	78	79	76	77	76	82	89	76	24	71	74	78	85	75	85	81	73	86	89	74	88	88	79	78	77	21	72	74	84	90	82	84	81	80	87	71	78	72	83	22	84	80	75	83	80	81	86	83	18	77	74	80	89	88	18	70	87	75	87	83	84	79	81	74	78	90	88	73	78	73	73	85	84	70	72	83	83	18	85	83	85	74	80	79	21	28	87	78	72	71	82	86	83	87	74	72	74	74	82	79	74	88	29	72	75	74	89	70	82	85	72	83	78	84	87	81	72	89	89	73	87	87	79	87	87	86	85	85	81	73	87	20	78	78	88	84	26	84	73	78	84	76	70	75	87	80	80	72	82	86	89	87	27	84	86	84	71	75	72	89	88	77	75	71	85	88	80	81	78	89	25	88	78	72	87	79	19	82	71	88	82	78	85	79	87	86	82	72	77	88	25	76	84	82	75	71	79	76	88	78	80	22	88	71	81	75	85	88	28	74	73	80	78	76	89	88	70	84	73	76	74	84	26	88	78	28	88	77	82	81	90	72	85	75	77	73	76	72	19	21	88	83	87	86	76	88	89	79	88	78	82	83	88	73	79	74	88	83	72	83	84	72	90	81	76	83	83	72	27	77	88	80	79	87	87	83	73	86	90	80	76	89	74	24	80	26	81	77	72	89	77	83	87	21	71	79	85	71	72	90	71	83	85	88	79	78	81	79	87	87	83	81	84	80	80	80	75	71	89	88	19	86	82	85	82	77	77	82	73	70	81	73	21	87	81	76	75	28	82	87	79	89	75	73	26	82	72	72	88	72	74	79	83	84	86	25	82	85	84	75	72	77	90	71	76	20	82	23	87	83	26	80	88	74	26	76	86	89	71	86	72	16	88	75	72	88	83	87	81	73	73	19	86	78	88	83	86	89	80	88	81	80	71	82	81	72	87	79	71	74	75	88	72	88	80	76	78	75	73	22	73	72	19	84	77	76	70	71	80	79	87	85	84	73	82	73	74	73	70	78	70	20	90	81	85	79	89	76	86	82	83	83	70	79	74	24	74	21	24	75	70	80	81	75	89	89	81	86	75	22	89	84	82	89	17	75	85	83	81	80	78	86	89	82	72	74	73	75	24	24	87	71	73	73	79	86	79	76	74	83	72	79	84	78	82	24	86	85	77	24	85	83	86	87	81	77	26	81	21	85	73	80	79	26	76	83	73	87	25	81	18	75	73	78	72	86	81	77	77	89	87	89	89	87	78	72	74	82	24	78	80	84	82	88	81	81	82	79	72	81	80	86	86	21	79	73	75	89	89	88	81	71	72	85	89	77	87	77	73	78	88	71	83	87	79	81	15	71	90	86	75	71	83	80	73	74	80	22	84	85	80	77	24	72	76	75	88	27	81	86	86	79	72	74	82	87	78	88	77	82	77	81	84	75	71	87	83	76	84	74	78	75	79	21	80	82	75	85	83	73	80	78	79	81	85	17	83	73	85	23	73	74	85	88	82	85	70	82	78	16	75	80	89	84	19	82	89	87	73	21	89	83	72	73	81	81	82	76	76	87	71	82	74	82	84	82	18	87	84	75	73	78	86	87	72	25	70	80	26	80	83	73	78	20	24	88	75	89	89	86	74	83	87	76	23	83	71	77	80	85	73	73	89	85	74	89	72	80	88	78	78	74
76	71	78	24	88	88	74	83	73	89	81	72	19	87	73	79	72	73	71	85	75	72	77	75	79	75	74	77	87	90	72	79	76	71	79	79	88	75	90	70	71	82	86	81	77	79	71	76	18	18	71	21	76	86	82	72	78	80	89	88	76	71	86	26	77	79	85	81	89	74	76	87	81	88	87	73	82	20	70	75	79	85	73	23	19	75	78	87	20	85	26	82	18	77	82	81	77	87	87	88	76	88	83	22	78	25	81	71	86	84	90	76	88	88	19	88	84	89	78	88	82	23	83	71	84	80	81	78	71	84	82	73	74	84	83	85	72	22	76	77	72	82	75	80	80	74	88	82	79	20	80	76	86	28	23	72	90	85	82	75	74	22	84	79	84	75	22	87	80	73	90	73	70	81	71	72	81	73	85	84	72	84	85	78	89	75	89	24	24	90	78	89	81	73	80	90	72	88	87	76	73	74	81	89	83	23	80	89	89	84	86	25	76	83	80	74	85	81	76	87	85	78	83	81	77	71	89	18	71	82	83	78	84	71	74	71	78	78	90	82	78	75	79	71	72	83	84	79	84	80	82	71	70	71	88	18	72	79	78	78	24	77	71	83	72	88	85	19	74	83	89	89	82	75	87	82	79	79	72	71	73	80	86	86	77	71	75	84	82	78	78	87	24	80	73	26	78	85	85	76	84	18	82	77	88	81	75	80	84	24	80	72	86	81	89	78	75	88	79	70	90	73	83	81	80	80	70	79	85	86	83	87	81	81	85	80	71	84	81	74	76	80	82	77	84	74	82	88	76	71	74	76	19	74	79	18	72	27	73	72	89	88	76	83	79	77	82	23	76	88	85	89	82	84	85	76	25	79	26	80	74	73	79	84	77	84	25	79	70	23	88	88	72	75	79	86	72	88	77	81	72	22	75	81	88	78	81	23	74	71	83	83	80	80	71	89	71	72	82	80	75	80	74	79	80	78	81	81	80	81	88	78	89	82	19	73	81	86	73	81	80	81	89	85	87	85	89	74	80	80	82	73	72	89	77	88	75	75	72	71	81	75	86	72	88	72	84	19	19	90	73	83	88	78	87	78	79	23	21	82	70	89	17	82	72	85	87	82	80	83	73	79	77	75	78	76	76	90	83	79	74	70	72	79	90	73	73	80	87	79	90	89	70	83	84	76	87	81	75	87	75	84	89	79	75	78	80	81	83	16	85	23	74	71	80	19	80	86	85	72	78	25	79	22	72	80	86	88	72	78	75	19	78	74	87	80	24	80	89	81	82	73	76	88	81	78	84	79	83	88	89	85	78	77	76	78	80	87	73	84	84	86	23	22	85	74	73	76	73	80	74	78	86	78	87	87	72	80	77	75	21	16	83	83	88	88	78	22	84	80	84	79	89	85	74	71	77	83	89	85	77	89	78	86	86	78	73	24	28	77	88	89	77	81	83	90	73	85	84	89	85	72	82	88	85	89	80	83	19	89	73	85	71	76	71	75	76	89	81	80	85	75	88	86	76	84	88	89	20	90	89	72	82	84	20	83	84	23	87	72	85	75	20	89	20	88	81	73	73	82	81	86	83	77	83	71	89	79	74	77	87	72	77	75	74	71	75	88	84	88	19	77	70	77	83	21	80	86	72	81	76	76	85	81	80	83	86	85	78	72	84	77	77	86	16	71	76	80	18	84	22	70	23	84	73	25	78	77	73	89	70	72	75	72	17	81	87	88	74	76	90	88	86	81	79	88	73	85	80	84	78	90	73	78	73	83	82	71	89	77	87	74	89	76	90	71	74	84	23	88	83	90	83	82	86	73	79	81	89	86
78	85	87	87	80	76	72	81	78	84	74	84	76	80	26	79	75	83	87	85	15	82	79	86	73	74	71	81	71	82	71	78	78	74	89	75	75	82	77	74	85	75	76	86	87	71	70	75	89	81	72	86	81	84	77	87	77	88	72	76	79	81	71	80	73	74	70	85	71	23	83	77	76	73	79	89	90	78	79	79	88	83	80	25	79	90	79	86	89	78	77	70	17	76	78	77	72	25	73	77	79	77	84	89	78	76	77	90	89	75	73	72	76	89	70	81	72	20	74	71	82	24	81	88	81	81	75	86	75	85	78	26	78	87	78	88	84	85	77	76	83	74	71	88	71	77	77	75	80	86	74	81	86	70	82	72	84	87	70	16	72	79	81	25	80	75	77	82	86	71	76	21	78	17	85	78	71	76	72	77	88	78	88	81	76	77	89	79	90	81	81	86	70	21	88	77	87	23	88	79	74	88	87	71	81	19	78	77	81	17	83	87	86	24	77	74	23	88	74	82	84	79	78	82	75	79	71	86	80	78	81	80	89	16	88	81	83	73	22	26	19	85	88	72	88	23	81	22	74	87	17	88	85	71	70	78	88	86	81	77	88	71	70	22	87	76	80	81	24	78	88	75	73	75	20	73	89	86	86	72	89	71	76	86	78	86	79	81	78	78	77	78	86	87	88	77	25	87	25	83	18	86	80	75	75	74	80	73	86	74	20	82	79	23	18	72	72	81	27	84	81	25	77	80	75	83	86	72	87	87	72	87	77	89	79	84	77	72	77	79	87	71	86	19	72	81	84	90	72	73	71	74	71	74	89	83	25	72	23	78	89	85	74	87	83	77	25	76	76	76	77	82	72	71	20	72	81	25	80	23	84	73	89	74	81	86	84	84	83	76	84	80	78	76	24	75	88	21	75	72	78	75	86	87	78	89	17	23	83	76	82	86	85	73	20	20	71	76	74	81	87	79	75	25	78	70	77	78	72	81	71	82	81	20	86	85	87	16	82	86	77	73	74	71	84	72	71	85	83	82	80	88	72	80	77	85	74	85	76	83	24	78	89	78	86	75	89	84	87	85	87	70	83	86	84	17	86	74	74	76	73	77	78	81	70	83	89	88	80	85	89	18	84	73	24	89	78	86	84	82	74	22	28	76	82	85	24	89	72	70	85	82	72	86	81	82	71	85	87	73	88	76	89	83	84	78	82	72	79	82	83	78	73	89	74	81	78	72	88	85	86	90	78	89	75	71	74	79	23	73	83	79	84	26	88	88	89	87	23	81	81	86	81	84	76	84	76	74	75	82	25	85	74	70	80	73	84	86	83	19	21	20	83	74	81	88	77	83	87	71	81	70	89	89	87	73	78	80	85	18	80	76	85	79	74	75	85	88	88	87	86	80	81	79	87	76	72	70	21	72	88	85	90	87	89	25	84	75	86	78	81	20	89	71	88	86	70	75	75	89	77	75	88	83	77	25	89	88	86	72	83	86	87	80	85	88	73	83	82	79	88	26	75	72	77	79	89	22	72	27	81	81	88	89	78	84	87	86	88	86	81	74	89	72	77	85	89	80	88	75	24	89	86	79	75	78	75	78	82	77	78	88	70	75	75	79	82	74	88	83	82	81	76	89	87	80	78	76	89	81	73	87	90	22	86	74	89	71	82	27	76	21	72	77	86	75	76	79	79	19	76	76	83	77	76	73	77	81	72	87	17	88	82	72	87	87	87	23	17	73	81	79	87	79	85	86	82	82	86	21	76	78	75	23	70	82	85	26	84	75	88	73	78	26	86	17	82	71	71	77	72	82	76	84	76	88	87	86	72	72
83	88	23	77	90	72	16	23	81	86	84	82	77	79	87	76	84	77	83	89	80	80	71	87	72	72	80	84	71	81	89	85	81	79	87	82	78	72	81	72	79	87	74	78	77	72	88	73	18	75	84	18	81	19	81	82	80	79	81	87	85	83	71	86	80	81	72	87	80	71	85	72	73	83	87	79	75	86	71	83	75	70	84	86	80	86	87	82	79	76	73	76	76	84	81	79	75	88	78	87	19	28	81	84	76	85	77	72	71	78	88	80	79	87	77	87	88	75	79	74	78	77	80	76	18	88	88	19	22	81	70	72	83	15	75	82	86	85	70	80	89	18	88	22	74	73	88	85	78	72	70	88	86	87	71	79	25	89	76	74	74	73	77	79	76	74	87	83	88	87	80	78	21	75	73	84	72	87	71	79	85	82	21	88	72	73	80	81	80	89	75	84	84	84	89	88	78	73	74	80	23	82	78	73	86	79	87	80	78	76	79	77	24	71	77	19	79	71	85	79	76	89	29	86	88	71	89	79	76	76	82	79	76	75	75	25	76	82	79	75	79	82	83	83	79	77	88	76	22	24	80	85	28	86	88	82	84	87	78	87	74	86	76	86	86	80	85	75	83	87	79	84	73	90	86	74	89	24	73	73	80	89	82	23	70	71	89	77	82	81	80	84	71	75	89	87	89	86	79	79	84	73	79	84	24	72	71	85	79	70	71	79	76	72	77	77	75	74	87	72	78	76	28	28	84	79	85	78	73	84	76	88	81	83	84	76	89	77	26	77	89	76	21	70	24	87	23	73	87	75	75	78	79	88	74	74	82	71	79	85	71	87	75	88	77	79	87	87	89	75	79	75	21	84	86	88	80	85	89	74	78	81	87	76	73	79	76	88	85	72	16	73	82	75	83	89	80	75	78	82	71	71	74	81	75	76	18	70	89	70	90	87	74	24	88	85	75	21	87	83	78	84	89	84	22	71	79	73	80	20	78	23	88	75	82	72	25	85	24	22	84	89	85	82	78	19	74	74	71	77	73	83	77	75	77	74	85	23	87	18	87	78	79	82	25	89	82	83	87	89	18	76	89	89	82	71	22	73	80	78	72	71	76	18	84	83	74	81	78	76	84	77	77	74	82	88	24	20	77	76	79	80	87	83	81	87	75	89	85	77	71	82	78	83	71	87	27	78	89	90	82	21	82	90	89	74	74	79	79	78	80	74	71	85	88	83	80	83	74	87	86	83	73	81	28	72	86	87	81	73	90	70	87	83	71	79	88	73	86	89	17	75	70	83	77	74	71	80	78	77	74	77	78	75	77	87	82	78	83	87	77	87	85	21	84	20	78	87	19	80	85	87	80	81	73	75	73	76	80	79	83	81	86	80	80	80	83	84	88	85	82	81	83	82	80	76	85	71	86	73	27	79	20	78	89	85	86	86	90	70	15	79	16	73	89	85	83	84	77	20	73	83	87	75	82	74	73	72	79	87	78	19	86	88	84	88	72	87	71	85	79	87	73	22	89	83	21	75	87	89	76	88	72	88	73	87	73	85	79	81	73	84	85	86	85	83	73	72	84	83	86	71	80	76	78	80	83	83	76	77	26	75	87	18	77	89	79	75	81	83	70	71	88	76	81	75	88	80	70	83	23	77	23	76	76	90	72	75	84	78	88	87	71	19	72	75	88	75	84	90	79	71	89	80	77	84	84	85	74	80	79	82	90	84	79	20	80	79	75	18	82	82	87	24	82	79	85	84	79	72	71	87	74	24	82	76	86	80	88	84	80	73	87	83	84	86	72	71	75	75	22	23	20	71	19	81	84	83	72	89
22	81	87	84	19	82	19	85	79	72	19	82	79	79	71	85	82	71	80	71	75	80	82	83	78	26	25	71	89	83	86	71	19	88	72	88	72	71	84	76	80	81	73	71	73	76	73	25	77	75	86	88	82	79	89	87	87	89	84	81	71	26	89	72	79	82	72	88	75	90	17	72	76	73	84	88	88	73	74	75	83	89	83	88	72	79	75	71	19	79	73	71	82	74	73	72	74	78	70	76	87	84	90	83	77	81	80	77	80	76	90	84	22	85	77	88	81	85	74	72	72	87	84	73	77	83	83	87	88	83	72	79	85	78	81	76	88	84	22	86	83	89	84	89	27	76	27	73	72	74	89	24	21	82	21	83	70	85	77	89	77	90	20	89	72	72	80	87	70	75	89	82	84	84	81	86	76	71	70	86	70	78	74	88	75	89	78	72	75	71	71	72	88	80	87	86	72	24	79	76	73	24	76	79	77	90	79	88	88	79	78	80	73	73	82	89	79	73	23	88	82	89	75	74	79	73	76	86	75	74	76	82	15	75	70	86	77	81	84	86	87	80	22	17	78	73	85	88	85	84	86	70	84	89	90	87	80	84	77	73	88	89	90	85	82	74	83	82	75	73	87	84	79	86	88	72	82	85	74	73	25	80	89	88	85	82	27	78	85	23	87	87	87	25	23	88	82	75	82	86	76	20	86	83	75	76	73	79	71	84	23	88	20	86	85	71	88	87	80	74	73	73	88	75	76	82	78	72	80	74	71	72	88	24	73	73	74	89	84	86	87	83	82	72	81	88	73	16	80	86	85	25	82	85	87	75	74	76	80	73	83	20	75	85	23	86	76	80	23	78	72	79	76	25	86	85	88	72	75	73	76	72	71	75	89	83	75	17	71	84	75	87	88	77	86	72	81	88	20	87	84	77	78	79	74	89	72	74	82	77	88	17	84	89	73	75	78	21	72	84	84	79	71	72	79	71	79	81	79	73	76	71	16	79	85	21	89	78	81	73	78	71	72	16	80	74	71	80	84	87	77	81	82	70	89	74	87	23	75	88	88	72	73	77	85	70	75	20	89	78	19	87	82	86	71	82	72	73	87	90	90	78	77	74	83	15	70	72	78	26	70	78	21	75	90	86	78	81	76	25	84	76	28	80	84	83	80	21	71	86	73	18	89	76	24	76	80	76	76	78	70	85	83	81	80	72	71	79	83	84	76	84	24	76	18	80	81	74	79	80	72	78	89	83	82	70	82	70	85	75	86	75	21	86	21	70	76	71	71	88	72	26	85	78	72	21	81	83	18	75	86	74	79	82	70	85	24	87	79	22	88	76	83	85	87	76	83	85	75	73	88	87	76	82	71	73	84	23	73	73	76	73	71	76	74	17	80	70	70	86	19	75	70	20	90	20	84	89	83	81	82	74	78	73	23	85	71	84	28	78	76	83	86	27	79	78	71	26	78	90	27	78	84	79	89	89	76	84	74	79	84	82	76	76	90	23	72	23	88	22	73	74	74	84	74	84	85	88	75	74	81	88	81	72	80	73	84	85	79	85	77	73	74	83	84	78	83	24	79	88	81	82	79	78	77	71	75	71	87	77	74	70	81	85	77	20	75	70	77	86	72	80	70	71	78	89	82	71	24	84	71	89	79	80	73	86	76	17	77	77	75	75	86	80	83	83	80	83	73	86	80	89	90	79	78	71	87	81	70	79	83	75	84	79	79	88	73	79	75	71	77	77	75	76	75	81	83	77	17	75	88	86	82	85	88	74	22	85	72	75	72	86	84	80	72	77	85	74	71	79	81	76	83	84	76	78	83	89	27	17
76	22	73	79	72	86	85	71	27	89	81	89	84	72	75	87	85	26	73	85	86	80	86	78	78	83	79	86	81	90	74	83	84	22	71	80	84	77	74	22	80	71	22	74	75	88	74	87	71	75	89	76	26	79	88	77	79	86	89	77	80	74	19	84	80	90	20	80	75	23	71	78	77	76	18	20	75	86	80	87	86	87	23	71	72	76	70	87	84	84	83	73	73	89	70	23	88	24	72	20	87	77	88	90	86	78	87	76	72	23	88	23	74	76	87	23	87	83	85	74	74	87	18	82	89	22	90	81	82	72	87	78	84	82	25	78	77	77	85	83	82	89	77	73	82	72	80	81	25	71	73	82	80	88	83	18	76	79	82	17	25	19	81	73	76	77	82	78	77	84	90	89	87	72	73	23	89	87	74	72	85	83	22	71	90	83	78	88	77	87	81	73	87	20	22	75	77	75	16	88	75	85	24	79	85	72	89	82	77	72	90	76	84	86	89	87	78	73	89	86	74	27	70	79	85	81	80	80	72	75	83	71	81	78	89	81	81	72	76	74	74	80	23	83	85	75	82	78	80	70	85	76	75	24	78	86	79	74	71	83	22	84	74	72	82	72	70	72	79	89	82	24	75	80	78	81	24	75	87	87	74	82	72	86	19	90	74	19	25	77	72	23	75	87	78	87	78	78	76	72	79	73	84	81	24	78	83	86	20	77	73	76	77	75	75	88	86	70	70	76	86	87	78	71	80	72	87	73	79	71	89	21	89	83	82	89	84	80	79	82	83	84	76	78	73	76	71	85	82	82	27	82	77	81	71	71	86	89	79	81	72	81	76	79	83	89	79	21	70	77	76	81	83	70	70	84	86	82	71	82	83	20	79	24	82	87	26	83	78	87	80	90	81	73	80	88	79	78	79	20	74	77	19	76	72	88	73	89	76	86	75	74	24	81	79	87	75	82	88	85	22	20	83	81	90	71	87	89	76	84	77	86	77	73	90	83	79	74	73	72	86	82	73	80	84	71	81	89	72	76	88	85	82	72	76	75	23	73	86	72	27	73	76	78	76	24	89	74	85	88	73	83	81	81	77	72	76	86	81	71	86	20	80	82	83	16	81	77	76	82	71	79	70	79	75	81	72	84	71	90	74	71	86	75	74	16	77	82	75	70	73	76	83	77	74	79	73	70	84	25	79	23	72	88	90	85	25	22	78	72	78	81	84	84	86	80	83	81	78	84	78	74	78	78	89	87	17	89	72	25	74	84	89	72	20	77	80	89	73	88	79	84	26	82	84	80	85	23	20	86	77	82	20	79	72	81	81	87	88	83	82	75	72	78	90	70	22	85	89	84	82	71	88	70	77	79	90	81	79	87	73	72	72	89	85	78	89	74	89	22	87	80	18	81	71	90	71	24	88	88	81	81	84	79	81	87	73	81	79	88	84	89	82	73	89	18	85	74	81	87	76	84	77	85	74	87	85	71	78	70	88	80	85	25	87	23	75	78	83	82	84	80	85	83	76	88	74	88	83	84	75	89	79	79	84	75	83	75	72	84	74	74	77	73	87	26	87	70	75	26	88	72	77	79	77	78	82	78	25	86	82	83	80	73	77	72	20	87	76	83	78	74	78	81	88	76	74	78	22	74	77	75	83	72	74	89	72	89	87	86	26	88	85	77	82	77	86	74	71	81	75	72	74	73	26	82	73	82	73	84	83	71	86	84	71	78	22	77	75	87	79	74	23	82	75	76	89	83	88	87	78	88	87	74	80	88	73	72	86	83	81	73	84	72	80	75	76	84	76	72	78	75	89	72	71	86	73	18	84	79
74	76	72	75	86	85	73	88	85	82	90	83	75	84	70	27	72	84	82	76	83	78	77	28	88	85	81	76	90	18	17	74	19	88	77	79	81	71	21	80	77	71	90	81	74	79	83	88	79	85	87	80	77	73	26	75	77	20	85	19	72	76	90	71	18	87	74	85	90	83	73	86	76	88	20	71	88	84	78	80	76	25	75	84	85	76	73	22	77	89	77	72	89	89	81	85	73	86	88	89	84	80	85	86	81	71	74	88	17	80	83	87	88	72	73	73	74	85	76	83	70	85	85	83	74	83	77	20	76	72	72	72	79	81	75	18	77	83	78	84	83	84	87	78	72	82	90	77	73	87	26	74	72	78	79	74	27	86	18	72	83	75	22	24	72	26	78	27	71	77	79	73	72	84	89	82	75	85	87	21	85	79	70	73	79	82	88	79	80	75	83	83	81	86	79	81	86	83	73	21	85	74	78	22	81	72	84	78	85	71	26	82	84	81	70	80	82	78	73	87	86	81	83	71	75	81	90	82	87	16	89	86	76	76	77	71	82	75	79	84	86	87	72	89	89	76	84	20	89	76	72	88	76	73	83	90	87	74	75	18	80	84	78	78	84	72	22	86	75	72	83	82	19	81	86	87	86	84	73	76	25	82	83	75	87	20	83	85	81	81	85	74	76	81	83	27	74	81	74	78	20	71	80	89	76	72	78	75	81	81	86	80	20	77	18	84	85	73	86	87	73	25	90	74	80	86	81	74	79	71	90	76	19	74	25	85	26	23	86	20	74	84	89	87	82	83	83	87	20	78	78	70	79	90	87	84	75	89	85	76	83	75	82	86	25	75	73	83	76	21	86	21	81	89	87	82	87	88	75	83	23	75	87	26	82	83	71	82	81	74	84	81	88	89	89	75	72	89	74	88	89	86	77	24	83	73	79	82	85	81	90	88	76	85	86	72	74	75	83	81	75	74	72	75	75	18	83	84	73	73	22	74	75	83	70	76	74	77	86	89	81	27	72	89	16	87	25	73	72	81	76	81	83	78	24	79	76	88	82	89	74	90	88	73	80	84	79	74	75	76	78	25	88	74	86	90	71	80	85	90	81	87	71	87	79	83	79	72	19	76	90	83	21	76	74	76	85	83	75	88	21	77	82	18	79	81	74	83	20	71	20	87	88	83	83	76	90	89	77	81	74	74	86	80	80	71	79	22	85	78	84	74	80	76	78	84	24	86	79	89	25	88	72	87	84	81	81	72	72	78	77	90	84	78	83	84	70	74	84	80	74	71	88	78	85	82	88	71	75	70	77	89	89	26	83	74	84	71	84	83	90	71	73	88	85	75	70	85	88	86	87	23	85	29	85	79	76	87	72	74	76	72	88	71	87	85	71	77	79	73	88	80	85	83	86	71	76	89	72	86	89	88	78	17	81	72	74	76	86	84	82	73	74	79	73	78	25	86	71	74	80	87	86	81	70	72	80	82	73	78	71	70	83	85	82	73	78	72	22	78	90	88	87	78	79	88	76	78	85	77	70	86	88	89	89	88	79	82	26	70	82	74	88	70	88	89	71	89	22	88	81	81	74	78	87	86	73	20	88	87	86	80	83	83	88	85	72	20	78	84	84	17	70	70	85	72	70	72	80	87	72	74	82	88	72	74	83	74	18	81	88	81	79	86	78	72	70	71	70	85	87	81	73	74	80	85	83	71	70	84	83	89	25	23	87	73	24	77	80	72	75	71	71	86	86	86	89	86	89	87	15	87	77	70	89	84	70	80	89	90	85	71	74	73	73	81	72	78	81	84	87	83	82	70	72	21	89	75	84	72
78	75	88	80	80	72	76	74	25	77	85	82	77	75	74	28	81	90	72	75	85	22	85	76	87	28	78	82	83	89	71	78	72	81	83	76	71	19	81	24	84	83	89	24	76	89	73	73	71	76	73	71	73	71	73	74	71	89	88	75	84	83	73	78	87	72	18	71	21	86	89	20	77	18	79	73	72	87	72	86	80	83	22	84	87	79	74	83	74	78	83	81	82	76	19	75	72	71	76	83	76	84	17	81	71	81	79	82	85	79	80	79	87	17	84	73	84	78	89	82	77	90	84	89	76	86	81	83	75	86	88	73	80	81	89	72	73	24	84	85	78	88	78	22	73	73	71	86	89	70	86	85	84	74	70	78	87	24	74	87	75	83	77	89	85	71	78	89	89	83	74	76	72	81	88	26	78	72	20	22	76	81	87	73	79	71	86	73	82	76	79	21	81	71	71	18	78	82	18	85	82	71	88	72	85	85	84	26	75	82	74	78	71	74	70	84	84	27	76	78	87	81	82	76	75	21	70	74	78	80	75	89	74	90	83	77	23	76	74	89	74	78	73	88	72	89	85	77	73	74	74	77	79	71	82	72	77	71	72	82	87	73	22	78	79	79	81	78	76	23	89	82	71	87	77	87	87	83	82	85	82	85	86	84	72	82	85	78	71	71	75	76	85	77	81	81	78	81	90	27	82	88	88	82	83	17	23	86	81	74	83	71	80	77	89	85	22	73	87	72	78	81	89	77	78	85	22	77	72	88	89	89	89	79	84	84	75	81	78	82	80	87	86	86	80	82	88	73	77	82	72	72	77	84	22	78	71	79	83	21	77	73	77	76	75	72	24	73	78	82	83	81	71	88	20	70	89	77	76	86	75	89	88	72	72	82	75	82	78	71	73	77	86	89	72	87	82	77	83	87	70	82	81	84	23	84	84	80	71	85	22	84	70	81	77	83	76	81	29	89	85	83	20	70	77	86	87	75	87	74	22	87	80	75	85	85	79	89	84	85	83	83	78	79	71	74	79	79	23	79	78	89	18	77	76	90	76	79	78	88	75	82	78	20	90	84	83	70	79	73	83	84	21	72	75	77	22	73	82	25	87	77	78	85	26	82	77	75	75	88	84	76	71	72	83	25	76	76	80	25	85	86	80	84	84	74	76	21	74	79	85	78	75	70	71	88	73	86	78	82	17	79	86	79	81	78	77	83	18	71	18	71	83	76	16	76	25	86	79	90	73	88	76	76	26	17	86	78	76	85	24	75	76	81	73	78	76	87	86	85	76	81	77	88	79	71	20	22	70	72	86	76	81	71	74	80	24	80	82	83	75	85	76	82	89	83	88	84	77	88	80	81	20	85	81	83	77	82	19	77	81	87	83	84	77	79	76	85	82	86	83	72	77	79	73	77	84	89	88	84	86	19	80	88	80	74	25	81	77	87	81	71	71	70	84	86	74	81	73	77	28	79	83	78	87	83	21	85	85	84	72	72	77	75	88	79	80	81	88	23	27	75	80	76	88	75	80	88	90	89	82	78	86	87	73	79	75	71	76	19	27	20	76	89	19	74	89	83	70	71	82	85	73	79	79	18	81	83	86	22	87	90	79	80	78	80	86	83	28	73	83	72	83	76	81	19	83	88	76	74	74	18	87	72	89	78	88	85	19	88	85	71	84	80	81	80	24	86	70	77	82	26	23	73	25	85	73	76	73	85	76	75	86	82	84	86	82	80	83	76	81	25	80	84	84	74	26	72	18	87	89	80	86	76	75	74	80	87	87	84	82	74	87	87	73	71	88	87	89	73	72	89	82	74	74	85	28	79	77	86
21	73	84	85	79	80	77	73	83	77	16	89	72	90	71	72	17	83	81	80	72	80	82	73	88	71	89	88	90	90	74	22	74	72	81	84	81	89	22	87	25	87	85	89	88	88	26	84	80	85	71	72	89	85	89	75	83	72	76	78	86	83	78	24	16	80	72	26	82	78	76	82	73	78	76	74	71	86	89	75	73	80	82	73	78	86	82	84	75	82	88	80	85	84	82	83	74	88	76	76	76	25	86	77	77	88	78	21	76	75	85	77	81	70	86	78	16	86	79	81	77	81	75	75	80	72	72	70	81	86	86	74	89	90	89	86	86	83	89	87	78	76	89	84	86	71	71	82	78	74	72	84	74	85	76	79	82	22	75	71	86	73	71	81	72	86	79	73	24	83	89	83	74	72	20	71	85	83	86	73	24	84	78	80	77	79	79	81	72	71	75	78	72	73	83	84	90	70	87	80	79	89	78	86	26	77	84	82	73	81	81	87	80	76	84	74	80	78	83	89	70	90	71	77	83	83	89	77	90	74	78	73	71	73	86	90	71	78	76	89	90	74	71	88	83	73	82	80	70	77	73	82	72	70	73	72	85	85	79	73	76	83	72	87	78	85	84	77	90	87	70	84	72	79	72	76	75	82	83	71	71	82	85	76	88	82	80	88	85	78	85	71	85	73	74	80	83	73	89	27	80	84	84	75	72	77	76	73	88	73	90	83	87	79	75	16	88	21	82	24	73	73	87	87	82	80	71	72	81	22	78	74	85	80	71	72	80	73	77	77	23	77	82	20	74	88	78	74	77	84	87	82	83	82	79	74	89	75	78	82	73	84	86	86	70	84	71	84	85	83	73	89	83	81	73	72	25	80	83	79	78	81	73	79	76	89	86	70	72	89	74	73	75	88	89	86	88	78	78	90	74	81	89	90	86	76	73	85	81	84	84	82	70	72	78	86	73	88	81	24	86	81	89	80	78	82	72	19	75	75	72	85	83	88	72	71	74	88	88	88	80	88	84	79	73	84	78	75	83	15	19	19	76	24	83	75	85	79	79	80	84	71	85	82	80	86	20	79	85	89	75	77	24	81	83	82	79	89	80	89	75	85	20	79	80	82	74	70	89	85	83	73	73	88	77	75	84	76	75	89	87	75	86	72	82	83	83	78	81	76	72	83	73	85	86	80	85	23	86	77	77	85	86	22	87	77	80	80	72	18	86	87	77	79	84	79	88	73	86	23	83	86	80	74	75	89	89	77	73	88	73	76	82	78	72	79	77	88	84	77	72	78	84	81	88	71	72	72	79	76	81	84	75	83	81	75	86	89	86	85	86	79	24	76	89	78	71	90	88	77	89	70	85	78	84	80	70	77	88	72	80	75	75	74	82	72	87	82	83	89	82	87	86	72	89	88	71	89	77	81	72	82	73	83	84	79	72	89	76	79	77	77	73	84	71	90	22	84	75	72	77	73	26	25	88	86	87	74	71	82	84	83	86	77	79	83	71	73	74	76	86	81	73	76	87	87	89	85	75	78	83	84	71	87	72	87	75	76	70	77	79	82	85	18	75	90	80	88	84	80	87	83	79	77	71	81	84	88	80	73	86	80	77	80	80	86	79	77	29	80	70	90	89	87	78	77	87	80	85	76	90	77	80	89	73	86	28	71	78	77	73	84	72	86	80	83	73	76	17	87	82	87	81	86	74	72	80	72	74	81	79	86	75	70	90	89	76	81	88	88	72	85	76	75	73	70	85	73	73	18	72	73	86	80	89	80	81	79	85	74	87	87	74	77	70	71	76	89	83	88	90	86	80	84	78	85	70	80	82	71
wj																																																																																																																																																																																																																																																																																																																																																																																																																																																																																																																																																																																																																																																																																																																																																																																																																															
53	10	91	49	42	20	8	9	50	45	90	92	6	6	63	64	57	2	49	81	59	54	18	27	22	57	98	69	79	73	87	79	14	92	17	59	65	37	42	65	12	43	91	4	65	18	95	42	78	38	87	13	51	91	5	30	61	87	29	37	60	27	71	63	76	48	3	39	15	57	85	45	30	43	70	42	50	62	67	64	76	48	71	45	10	34	37	69	81	96	87	66	48	76	58	29	40	1	1	15	57	55	4	49	38	64	45	87	49	4	71	97	10	62	23	31	93	79	15	9	33	50	80	41	20	17	31	15	18	27	5	10	68	5	98	60	4	42	75	65	59	76	68	54	84	30	26	36	22	26	98	54	60	28	23	22	75	29	67	15	23	62	30	41	51	87	31	59	41	22	65	42	48	98	85	83	81	37	44	12	93	87	60	61	97	73	33	85	45	17	39	85	24	93	74	27	8	33	54	64	33	52	41	94	19	21	53	4	62	26	5	61	71	32	97	11	34	34	13	80	16	14	23	55	79	95	37	23	77	37	81	43	2	94	18	9	100	43	76	15	94	98	5	54	13	19	21	42	49	83	40	84	80	32	12	59	33	75	67	88	24	99	60	78	18	25	24	82	53	42	6	34	41	4	50	82	17	14	83	92	49	52	9	18	16	97	75	81	8	40	87	76	33	46	83	84	47	52	56	96	4	67	10	55	78	56	43	90	41	99	37	14	47	75	47	31	97	90	67	65	23	67	48	82	18	62	72	59	95	75	45	45	45	89	86	66	51	21	99	69	72	7	85	60	69	14	51	30	58	92	88	8	99	30	99	47	69	4	56	10	49	57	23	19	58	36	49	6	27	76	55	3	33	4	57	4	94	15	26	54	97	94	91	30	36	76	52	89	55	16	77	60	61	43	3	5	35	76	17	92	48	11	67	88	9	24	34	25	75	76	56	92	67	88	37	37	32	94	70	79	58	33	80	66	70	24	92	7	42	99	10	25	51	44	65	32	17	78	39	71	33	13	97	92	63	59	7	79	87	82	71	79	57	41	93	53	23	94	76	92	85	57	4	82	45	75	16	45	56	59	66	80	74	53	91	22	41	19	26	13	79	88	10	76	15	2	40	70	71	81	78	25	4	62	87	39	55	73	11	84	12	9	27	56	80	16	51	30	38	19	11	6	25	48	85	78	79	69	1	93	70	37	58	18	91	20	16	1	40	8	66	44	45	15	99	52	89	6	52	52	93	83	37	72	3	58	16	75	72	61	52	4	19	85	44	34	69	71	61	31	30	35	8	34	14	45	77	10	93	69	68	43	52	32	14	5	4	4	16	53	26	47	65	34	54	8	54	87	18	44	3	46	48	22	8	65	88	94	72	66	28	87	51	98	41	82	43	57	41	38	23	79	85	94	86	18	97	57	31	38	86	94	34	5	8	84	69	9	69	50	59	77	2	89	50	30	12	55	13	92	60	75	46	2	9	8	72	12	45	24	41	47	63	93	86	7	71	4	69	90	25	19	55	4	52	3	5	7	78	25	58	40	31	34	21	75	89	83	90	60	30	13	74	70	55	59	92	94	94	47	88	46	62	39	68	26	43	72	77	15	46	85	68	90	84	64	87	99	27	40	8	74	12	46	99	49	8	89	80	39	80	47	93	82	5	72	61	48	6	18	92	63	27	33	96	4	26	36	11	100	98	14	83	5	30	35	55	66	96	57	71	62	56	44	36	9	44	4	98	2	65	66	76	10	66	95	68	53	74	99	51	10	84	35	76	37	68	31	72	39	45	49	46	86	89	36	31	4	93	93	52	4	70	94	51	88	56	69	3	26
