pij																																																																																																																																																																																																																																																																																																																																																																																																																																																																																																																																																																																																																																																																																																																																																																																																																															
13	6	9	7	7	9	7	8	11	13	5	12	10	7	8	13	13	8	9	6	6	6	8	7	6	13	6	12	7	7	14	8	8	13	11	14	11	11	5	14	14	5	9	8	8	7	9	7	9	7	6	4	10	9	10	9	9	11	9	11	9	7	10	13	9	6	13	9	9	7	7	9	12	6	11	12	7	12	12	9	8	6	4	10	9	13	12	8	8	7	11	9	13	13	7	11	7	5	12	10	11	8	12	6	11	12	10	8	11	9	11	8	4	11	13	9	11	10	10	6	6	14	6	8	13	13	10	8	10	14	6	7	4	6	6	14	7	13	13	11	9	12	8	12	10	10	6	9	6	11	7	7	6	13	6	9	6	7	10	9	5	5	5	12	5	7	6	5	9	7	7	13	12	13	7	10	7	7	5	4	14	14	10	6	8	5	4	10	14	13	13	5	9	14	13	11	9	7	10	11	6	10	8	8	7	10	12	14	7	8	8	13	4	9	4	12	7	14	12	13	12	11	5	6	4	9	10	12	5	10	13	12	8	13	5	4	4	10	9	5	4	4	10	13	4	12	6	5	11	4	13	12	12	6	9	6	14	13	13	8	9	13	4	12	13	7	10	12	11	8	11	11	5	9	11	9	5	14	6	13	5	5	7	11	10	13	10	12	7	14	11	8	11	6	9	5	11	6	9	7	12	7	10	8	7	9	9	13	9	9	6	9	13	6	11	7	11	7	12	8	10	12	13	12	13	6	6	10	12	14	7	12	13	14	11	13	14	10	9	7	10	11	7	13	9	14	8	5	7	7	13	11	12	8	7	14	9	9	11	7	8	7	11	14	8	10	7	11	11	5	14	6	8	11	8	11	4	7	9	8	7	14	6	5	5	9	13	7	7	8	12	6	8	6	9	13	6	5	13	13	11	10	7	9	12	14	10	7	10	4	5	9	14	6	6	7	5	10	6	11	13	8	7	11	12	9	11	12	13	12	8	9	13	11	11	9	11	14	13	4	5	6	12	10	6	6	9	12	7	9	12	11	6	12	12	4	12	11	14	10	7	4	12	11	5	10	11	11	9	10	5	13	4	11	12	9	10	5	8	14	6	10	11	6	5	9	7	13	6	5	7	9	5	7	7	9	14	13	9	12	10	6	14	13	7	6	4	12	8	13	8	13	13	5	10	8	7	11	6	4	10	10	4	7	11	7	5	6	10	5	9	12	10	10	10	4	10	9	5	11	10	11	10	7	14	9	8	10	11	6	10	6	14	12	5	12	12	9	12	9	11	11	8	14	5	7	13	5	7	9	6	6	6	5	11	7	13	9	13	11	9	7	13	4	8	11	4	9	10	13	6	12	9	11	13	7	5	6	9	14	8	7	11	14	12	9	4	9	6	11	9	9	11	6	6	11	7	13	7	11	9	5	6	12	6	10	4	11	5	6	10	9	6	5	10	13	12	14	11	10	4	8	10	11	11	11	9	13	14	12	12	7	11	6	5	9	7	12	5	4	7	5	9	5	11	5	6	8	12	13	13	10	10	6	12	12	8	8	13	6	12	5	7	13	14	12	4	10	13	9	13	11	13	9	9	5	14	14	6	8	6	6	10	12	6	7	7	6	6	14	10	10	9	10	8	8	13	6	6	12	9	7	10	5	6	5	10	8	12	14	5	12	6	9	13	10	13	7	9	11	14	4	7	10	5	11	5	14	11	10	12	6	6	4	8	5	9	9	10	5	9	4	4	9	9	8	10	13	5	8	13	9	12	6	9	4	5	8	11	6	12	13	12	7	13	8	11	11	11	6	13	11	12	9	14	13	12	10	7	11
81	74	82	78	75	81	77	84	79	78	81	74	82	80	78	79	80	79	81	81	79	81	83	84	80	77	79	74	84	81	80	83	82	78	79	82	78	74	75	79	82	83	75	79	81	80	74	78	75	82	79	82	83	79	81	77	75	78	79	75	78	79	82	79	81	80	81	80	82	82	78	77	74	77	78	76	80	75	81	74	80	82	74	77	76	78	79	81	82	79	76	84	84	77	75	76	83	84	75	76	83	76	77	75	75	76	81	76	82	77	84	76	76	83	83	75	77	80	80	83	74	82	77	76	79	82	79	78	83	76	76	78	82	83	79	81	82	81	81	81	75	76	75	81	78	75	77	77	79	76	77	81	82	78	80	77	75	77	76	77	82	76	79	77	78	80	75	84	76	77	78	77	77	80	78	77	84	76	75	84	76	79	84	80	82	76	78	83	84	82	76	82	79	80	81	83	83	81	79	76	83	81	75	76	84	77	76	76	75	79	82	79	74	76	77	80	76	77	76	77	77	81	78	77	74	77	82	82	84	75	75	81	75	79	77	81	81	77	76	75	78	82	76	75	76	76	79	80	82	82	76	74	79	82	76	80	80	81	74	75	83	77	80	74	77	76	79	83	74	76	78	79	75	79	75	80	82	76	79	75	75	81	81	80	83	83	79	81	82	79	84	78	77	81	84	76	75	75	77	77	78	83	84	82	76	78	78	83	74	80	83	84	83	76	83	83	82	77	80	81	78	75	77	79	81	81	74	80	79	78	75	79	78	77	75	78	80	78	81	75	82	76	80	82	76	84	75	83	82	80	77	78	78	75	79	81	80	81	80	82	74	81	83	76	83	78	74	74	75	81	75	76	82	81	81	84	77	74	82	78	75	81	75	76	84	78	78	76	84	81	80	80	79	80	78	76	76	79	77	82	83	76	79	81	76	81	83	78	78	79	79	75	77	84	76	77	80	76	83	82	76	77	83	74	75	84	77	76	80	79	83	76	78	77	82	80	83	81	78	78	76	74	82	83	83	77	77	82	81	75	80	79	81	77	76	76	79	84	78	79	83	80	81	84	77	77	80	83	82	83	79	76	76	82	76	75	79	80	77	80	80	82	76	84	77	83	83	78	75	77	78	76	82	81	75	78	82	83	82	84	78	75	83	77	75	78	81	74	76	80	82	77	76	83	76	76	77	75	76	83	84	74	80	79	80	77	82	78	78	79	79	76	78	76	74	81	78	82	84	79	83	78	76	83	80	75	80	82	76	76	75	83	82	75	74	76	78	76	74	76	79	77	81	76	74	82	76	82	78	80	77	79	81	80	76	74	75	80	82	83	83	79	76	76	77	74	77	81	80	76	75	76	83	83	82	78	75	75	83	75	83	82	80	82	80	82	82	74	74	81	80	80	83	75	78	77	77	81	79	79	75	81	77	84	77	76	75	77	78	83	83	78	75	76	80	82	80	82	79	83	81	78	77	77	74	75	83	82	81	80	74	76	78	84	82	82	82	80	81	81	77	78	83	77	79	77	78	74	80	76	75	75	81	74	75	74	80	82	78	79	81	82	77	78	84	75	79	78	74	80	76	82	82	78	80	83	79	82	78	81	82	82	80	83	84	81	82	79	75	83	79	84	81	79	83	83	83	76	76	78	80	82	82	82	76	80	77	83	80	80	76	79	84	83	77	82	82	81	84	78	83	82	74	75	75	76	75	82	75	79	76	77	80	78	78	81	78	79	81	81	77	78	83	83	81	75	81	79	75	74	80	83	82	79	75	76	84	82	82	78	79	76	77	77	79	79	82	84	82	76	75	83	81	75	81	75	74	77	80	84
74	68	74	65	70	71	72	72	73	71	69	73	70	66	65	72	71	72	68	73	67	69	73	74	72	68	70	66	72	67	67	69	69	67	69	65	73	71	70	72	65	68	70	69	68	74	69	72	72	72	73	71	74	74	69	68	69	69	71	69	72	69	74	65	71	71	72	68	75	67	71	66	71	72	74	73	67	71	75	70	70	67	71	71	70	72	71	67	74	73	68	68	69	69	71	73	66	67	75	74	70	71	70	73	74	66	66	68	67	70	72	68	72	65	74	74	75	74	66	66	66	72	68	66	72	75	71	73	69	67	72	67	66	73	74	66	75	66	67	69	73	71	67	70	72	70	75	67	70	74	69	74	69	71	71	70	66	68	68	71	65	72	71	66	68	69	70	73	72	70	67	70	72	74	71	65	71	68	72	70	70	74	68	67	67	75	73	71	73	68	72	75	68	69	73	72	71	67	74	73	70	73	75	68	71	72	69	75	65	72	74	71	65	70	66	68	67	69	68	72	71	74	69	73	66	73	72	75	73	69	65	67	72	71	70	75	75	71	72	68	67	72	69	69	73	65	73	73	71	67	74	65	67	67	69	71	66	70	72	67	68	66	74	74	68	66	72	67	70	72	73	69	74	66	73	68	72	72	74	69	71	70	66	74	72	74	67	71	73	70	69	73	67	65	72	69	73	72	75	72	75	70	69	68	73	71	69	74	75	70	69	74	68	74	68	67	75	75	67	71	71	74	73	73	69	74	71	67	70	72	73	70	74	75	73	71	71	75	67	66	72	73	73	67	69	69	73	75	69	72	74	70	73	73	68	69	73	68	66	73	71	72	67	71	65	73	75	67	65	75	66	67	72	74	72	72	67	74	67	74	71	68	65	68	71	70	70	67	71	71	74	72	70	68	74	69	73	75	69	67	71	72	71	74	68	66	74	75	71	67	74	70	71	74	66	66	73	67	69	73	74	72	72	72	68	68	67	67	71	66	69	66	72	74	73	71	66	68	68	71	70	68	66	69	74	72	71	65	72	71	69	68	69	67	75	73	75	71	68	66	72	74	71	68	72	71	67	66	68	74	72	67	69	72	69	68	72	69	66	67	71	68	73	74	67	75	68	74	66	68	70	65	69	74	73	69	71	66	69	74	67	66	72	74	69	67	70	73	67	72	74	68	67	71	69	73	65	74	66	71	71	68	71	66	65	66	70	67	68	65	70	67	70	70	74	68	75	71	75	65	71	73	67	75	66	74	72	69	68	72	74	69	72	75	65	73	74	72	71	74	69	73	71	69	73	73	72	73	71	67	69	70	73	68	68	68	68	72	69	73	71	67	72	69	73	71	74	74	71	73	67	68	73	66	71	67	67	71	66	75	67	70	70	69	66	66	68	71	74	66	68	68	70	69	72	69	69	65	68	72	70	66	72	72	67	67	73	68	72	67	70	67	73	67	69	73	72	70	73	66	66	72	69	71	74	68	73	71	70	66	70	73	71	69	74	73	70	69	71	73	72	73	66	68	68	74	74	68	71	70	68	70	73	72	69	72	67	66	70	73	70	68	72	73	75	72	74	74	69	66	66	72	74	66	73	73	66	70	69	74	74	68	70	72	69	67	68	74	66	68	74	72	68	69	69	74	67	71	74	70	69	67	72	69	69	72	73	69	73	72	69	70	66	66	72	66	70	65	69	68	69	66	67	74	66	70	70	74	71	68	71	73	71	74	74	74	70	70	66	66	71	67	71	71	65	70	67	73	71	67	73	73	68	70	67	73	73	72	67	69	67	69	66	71	65	74	73	66	69	70	69	68	72	73	71	69	69	69	72	68
42	46	46	49	49	47	43	41	42	48	49	48	43	42	48	46	41	49	45	42	49	45	48	44	46	42	42	47	46	47	45	46	47	44	43	48	44	49	43	48	44	43	48	49	44	49	48	51	50	45	43	48	44	44	48	44	50	44	48	47	51	50	49	49	44	41	51	49	47	48	42	43	44	49	51	42	45	41	47	45	50	42	46	49	43	45	50	44	50	43	46	46	47	44	45	41	47	48	42	50	49	46	42	41	42	43	49	45	45	45	46	48	43	46	44	45	48	49	42	46	43	45	42	43	42	45	51	42	42	46	41	48	43	48	42	45	43	46	42	43	46	43	45	48	47	43	45	45	47	48	45	47	50	48	43	49	48	45	48	47	50	44	42	44	44	49	50	51	50	50	49	44	48	48	41	42	43	42	46	48	45	45	42	45	45	47	45	45	42	50	48	51	44	50	50	49	41	45	49	47	48	48	44	41	44	45	50	48	41	42	43	45	48	41	49	44	43	48	46	43	42	46	45	50	41	49	50	42	45	41	44	48	51	49	43	46	50	44	46	43	51	44	44	43	50	48	48	50	51	44	49	46	50	41	48	48	48	49	43	44	47	49	43	44	41	41	44	51	43	49	43	44	46	48	41	45	44	46	44	45	44	43	44	48	48	44	50	49	42	49	44	45	42	43	43	48	47	49	41	46	51	42	51	44	46	51	49	49	48	48	47	50	47	45	50	48	42	42	44	45	46	44	49	43	50	46	50	42	45	44	46	48	43	50	50	41	45	47	43	46	49	42	45	50	44	49	50	47	44	48	44	50	44	46	47	46	46	47	50	42	48	45	47	46	46	41	47	49	51	46	48	43	42	41	51	43	44	47	41	49	51	45	42	49	43	44	43	47	49	47	42	48	44	41	45	47	47	42	45	51	50	49	47	46	44	49	46	45	42	50	51	46	43	50	41	49	41	43	47	48	42	42	43	43	46	48	41	45	46	42	44	48	48	44	43	46	44	47	44	46	47	46	41	49	43	42	50	45	49	45	48	46	42	48	43	45	43	51	43	45	44	47	41	44	51	42	49	51	49	48	49	48	47	48	47	50	49	49	51	47	49	44	49	49	46	45	43	43	43	41	49	48	42	43	47	46	50	51	48	50	43	43	47	45	46	44	43	43	45	50	47	43	48	47	43	42	46	45	42	47	51	50	48	47	43	51	49	42	44	41	46	42	42	46	47	48	46	44	49	49	44	47	49	50	46	48	45	43	47	47	47	42	42	50	45	44	50	42	50	43	48	49	44	46	50	45	42	47	47	43	43	51	44	50	42	48	45	51	46	44	46	49	43	50	45	42	43	47	50	48	46	44	50	44	48	43	46	50	49	42	44	44	46	44	42	45	41	45	44	44	47	49	45	43	50	45	45	46	43	51	48	51	47	47	50	50	45	49	43	49	49	45	48	50	49	47	50	44	48	44	45	45	44	43	47	50	51	45	41	50	49	50	47	51	46	49	49	49	49	49	51	50	47	42	45	44	44	46	48	49	44	46	44	48	44	51	49	47	49	44	51	45	43	46	47	46	43	49	48	42	49	43	49	45	43	42	50	43	43	49	42	42	42	45	44	48	49	50	42	43	41	47	45	49	48	50	47	51	42	48	43	44	46	46	49	48	41	45	45	46	46	50	46	43	44	51	43	46	44	46	47	50	42	42	45	48	44	44	41	42	51	45	44	47	45	50	48	49	46	51	46	43	46	47	46	45	44	46	42	49	50	48	48	49	44	49	47	46	47	50	48	46	46	45	50	44	47	43	45	42	46	43	46	46	45	46	50	47	45	42
67	76	70	66	76	76	69	66	67	75	70	75	76	67	71	71	71	68	68	70	68	72	71	69	73	69	69	67	72	74	71	67	73	74	69	75	68	68	68	73	69	74	75	69	69	69	69	75	70	71	70	69	68	69	67	71	70	72	72	69	67	67	75	66	74	73	75	68	74	73	69	76	71	70	68	67	67	69	72	71	68	73	67	71	73	71	75	67	67	69	75	67	68	72	72	71	69	73	68	69	70	71	74	75	73	66	71	76	76	72	68	67	71	68	69	68	68	71	71	68	70	76	71	69	74	67	74	69	73	74	74	68	75	73	73	66	71	75	73	76	75	68	67	66	71	70	73	73	71	68	73	66	75	69	74	75	71	74	69	72	76	71	75	68	76	73	67	74	70	75	73	69	73	69	75	67	74	73	75	71	71	74	69	74	73	68	75	74	68	70	76	73	69	66	73	75	66	69	67	76	75	75	73	74	73	74	66	72	67	69	73	76	70	67	72	70	66	72	67	76	74	66	69	73	66	69	69	69	68	71	72	75	72	68	73	67	68	74	70	74	68	75	66	75	70	69	70	70	67	68	71	75	75	71	66	71	73	66	75	73	69	70	69	75	67	67	69	74	75	70	73	72	74	68	69	67	69	74	73	73	75	73	68	68	72	72	67	68	73	72	74	67	74	75	74	73	70	73	69	69	71	68	74	75	69	71	70	67	66	70	76	67	74	68	75	71	73	69	72	71	74	73	67	71	71	74	76	73	73	73	71	68	72	74	76	66	71	72	68	69	67	76	72	67	70	66	76	75	70	66	70	70	69	67	69	68	67	66	74	67	70	70	68	67	75	72	75	68	72	71	72	66	74	73	71	75	75	72	68	68	74	71	66	75	71	73	74	69	69	71	71	71	74	71	68	75	76	75	75	69	74	67	69	69	71	67	74	66	69	69	71	70	76	67	75	75	76	71	70	70	72	67	69	71	71	69	72	75	75	72	66	71	71	68	69	69	73	67	70	68	70	67	71	67	76	73	75	75	73	67	75	70	74	73	67	75	69	75	71	67	69	67	73	75	67	71	71	69	69	67	71	75	67	69	67	68	68	67	75	76	76	73	74	75	67	72	67	75	69	67	72	72	76	70	67	72	68	66	71	73	70	76	75	72	74	71	73	67	73	71	66	66	67	70	74	70	72	67	69	73	71	73	72	68	74	74	72	76	75	71	75	75	69	66	69	75	66	67	73	68	72	68	75	72	71	67	69	69	69	69	74	69	69	69	68	75	69	67	72	75	76	74	72	70	71	75	75	73	67	75	68	74	67	70	74	69	74	66	70	71	66	67	67	69	75	73	69	74	67	68	67	69	68	68	71	74	67	67	70	70	67	72	74	72	69	72	76	71	68	74	70	66	67	74	75	74	75	70	70	75	71	75	67	75	68	74	73	68	72	75	68	71	71	67	70	74	71	73	76	70	68	70	74	74	68	69	66	75	68	70	66	74	68	68	67	74	71	70	75	69	66	72	75	75	71	75	68	70	74	73	73	73	70	75	70	72	74	71	68	69	69	73	76	70	68	73	67	68	68	67	67	67	68	69	66	71	76	72	72	74	67	73	76	70	71	75	71	66	67	68	69	75	68	73	76	72	71	73	72	70	68	74	76	72	70	67	70	70	73	66	72	66	70	66	66	70	73	74	71	69	76	68	69	67	69	75	70	73	71	69	71	66	75	75	73	68	72	66	72	66	73	71	68	68	75	75	68	73	68	75	70	69	67	71	71	71	72	73	68	73	75	72	68	66	76	67	75	75	72	71	71	73	69	70	69	73	69	70	73	72
81	81	86	79	82	86	85	80	86	80	80	87	84	84	79	78	82	80	80	87	87	80	88	80	81	80	86	86	82	85	87	84	79	88	87	79	79	81	86	81	83	87	81	87	86	86	80	79	81	82	84	80	85	80	85	85	87	85	80	82	87	78	86	87	83	80	80	79	86	83	79	85	82	84	81	82	86	82	80	80	82	81	83	83	81	85	79	83	80	78	84	88	78	82	80	87	86	87	87	88	78	84	79	85	81	80	87	85	79	86	83	85	86	85	79	80	84	87	84	83	84	79	78	83	84	78	85	84	83	87	79	84	83	85	86	84	82	84	83	87	79	79	78	80	78	83	84	81	88	85	80	84	84	87	79	84	80	79	79	85	85	86	86	88	84	85	86	79	80	86	86	79	81	83	83	81	82	87	83	82	86	78	87	83	84	81	86	81	79	79	81	87	85	84	80	85	80	87	86	86	83	81	87	86	82	79	84	78	82	78	84	88	82	81	86	85	84	86	87	87	82	80	83	82	87	82	81	79	85	84	79	87	87	87	87	84	84	81	85	82	80	78	80	85	83	80	84	81	81	87	82	84	87	80	86	84	84	82	82	79	80	85	80	87	84	81	83	82	88	86	82	81	80	81	85	84	86	81	82	86	85	79	79	81	84	81	85	85	84	83	84	82	85	81	81	81	87	83	83	80	81	80	83	80	86	86	84	88	81	79	82	80	79	86	80	81	80	86	83	80	81	86	79	83	85	85	85	85	83	84	81	84	86	85	80	82	84	80	81	78	80	79	87	83	78	87	86	79	81	85	83	84	87	85	85	81	82	85	86	81	81	81	87	80	82	88	82	80	78	87	82	82	86	85	80	79	84	83	83	83	88	85	79	83	84	82	80	78	88	83	87	85	85	83	85	80	85	84	87	87	79	81	84	87	87	82	82	88	85	80	80	87	82	82	83	84	78	79	87	78	81	82	86	84	86	86	88	80	83	85	86	81	82	83	85	83	83	82	83	85	87	82	85	86	79	80	84	79	80	82	82	87	83	82	84	84	86	80	78	80	81	82	85	84	80	87	87	80	85	83	87	80	79	83	83	85	84	79	86	83	84	81	86	84	84	80	82	82	87	82	88	87	82	87	84	81	85	78	86	83	82	87	79	82	87	78	85	80	78	79	81	78	88	84	86	83	83	86	83	82	88	88	85	81	80	88	81	87	84	82	83	80	86	82	88	86	86	84	82	78	84	85	85	87	84	83	83	79	82	80	81	78	85	83	80	78	86	86	83	85	88	85	87	81	86	83	86	79	79	82	84	83	85	87	88	84	88	83	81	81	88	88	85	85	81	81	82	78	82	80	85	83	82	85	78	81	79	88	85	86	80	81	82	78	80	81	82	85	83	80	79	83	87	88	85	84	84	78	80	84	78	80	80	84	80	82	85	80	84	84	87	82	86	87	81	86	78	78	81	88	79	87	79	80	87	87	83	86	87	84	81	84	85	84	82	87	84	85	87	86	82	81	79	84	82	81	86	85	85	79	86	79	79	79	79	81	86	86	81	83	88	80	87	83	86	83	82	87	78	81	88	81	80	80	79	87	87	81	81	86	81	80	85	79	86	87	79	85	80	82	86	87	81	82	83	84	81	84	86	85	83	87	82	79	82	84	84	87	80	84	79	80	87	85	78	84	83	87	84	84	80	88	88	85	80	86	87	78	81	86	79	82	80	87	86	84	85	86	88	82	79	80	82	81	85	84	85	87	81	87	83	86	78	82	79	82	84	84	84	84	85	79	78	81	80	82	88	78	81	81	80	81	87	84	82	80	83	80	86	84
39	47	41	38	46	47	39	39	45	39	45	39	42	40	39	48	41	45	40	39	45	44	44	48	44	41	38	41	40	44	45	42	39	43	39	42	45	44	43	39	42	43	46	42	42	38	47	42	46	47	39	42	47	44	39	42	47	44	41	45	48	42	40	39	40	47	44	46	47	40	47	45	44	47	42	39	41	40	48	45	41	46	44	40	45	46	44	44	38	48	45	40	40	45	43	41	42	39	46	39	45	38	39	41	41	48	41	44	39	46	44	42	45	39	47	40	44	44	45	47	43	47	41	44	41	45	43	40	45	47	41	42	46	41	42	44	45	39	45	42	42	47	43	42	46	42	43	47	42	42	43	45	42	45	48	39	43	40	47	46	47	38	46	41	38	48	44	43	43	43	39	43	45	40	38	45	47	39	46	46	39	40	40	42	44	45	41	42	43	43	43	46	47	48	39	47	41	38	40	40	48	41	45	44	45	44	38	45	47	41	46	43	44	41	39	46	40	46	44	44	43	39	41	39	44	43	41	39	43	43	43	44	47	46	44	44	42	45	45	45	38	47	42	45	44	46	45	41	44	43	42	42	46	47	44	43	42	43	45	38	46	40	44	44	39	38	38	42	45	44	43	43	40	47	47	43	39	41	44	40	43	43	42	45	41	39	48	44	39	44	47	47	43	43	40	47	38	46	38	43	44	42	45	48	44	41	44	41	47	47	43	43	46	38	46	44	40	44	38	48	44	45	47	41	42	46	48	42	47	43	41	47	40	45	46	40	42	41	40	47	39	43	46	41	41	45	44	45	42	44	44	48	43	47	45	46	45	39	43	47	43	42	46	39	44	39	42	38	39	46	42	47	40	46	44	39	39	40	41	38	41	46	46	46	40	48	40	46	39	42	44	40	42	41	43	42	47	46	47	47	40	40	44	41	39	46	45	46	43	39	41	44	38	42	40	41	40	38	44	47	38	40	40	45	39	39	43	42	43	45	44	42	40	46	39	44	38	41	44	44	44	39	41	44	45	40	40	46	42	45	40	41	41	40	41	42	40	43	38	45	48	38	40	42	44	46	42	46	46	40	44	45	44	38	38	43	45	42	42	48	41	47	40	43	44	46	38	46	44	42	40	42	42	44	44	40	45	39	47	38	45	46	40	42	44	47	42	44	44	39	47	45	42	42	42	40	43	47	48	46	40	42	47	48	45	48	41	46	38	47	45	39	42	40	42	47	39	41	46	48	48	45	41	44	40	48	41	41	44	46	39	47	44	42	42	46	46	46	46	39	48	48	41	43	39	42	38	44	39	40	45	47	41	43	47	46	40	42	42	44	46	44	39	46	47	44	46	42	47	42	46	47	41	43	39	39	45	44	38	43	42	38	40	41	44	39	40	44	45	44	39	40	43	45	43	45	47	44	42	45	40	40	41	46	43	45	47	39	45	47	48	45	47	40	41	40	41	44	41	40	43	41	39	43	40	39	40	42	41	45	46	46	40	42	38	41	47	42	41	47	42	47	41	43	44	39	41	41	46	41	44	44	47	38	46	43	47	42	43	39	43	40	38	39	41	40	47	44	41	47	38	43	46	39	39	39	45	40	43	48	39	40	45	42	44	39	47	41	46	44	47	45	47	48	47	46	41	48	47	42	41	46	42	41	43	40	41	47	44	39	45	38	45	46	46	47	40	42	43	41	42	39	47	48	40	46	39	43	43	46	46	39	40	42	43	44	38	46	40	45	46	45	38	45	38	41	42	47	41	46	41	44	39	45	41	48	42	40	45	45	47	38	44	48	42	44	46	40	43	40	43	48	43	46	39	47	39	45	41	43
39	33	33	35	39	36	36	37	40	33	32	37	33	42	35	35	37	36	34	39	39	39	33	32	37	33	41	33	34	41	36	35	37	36	41	35	41	39	41	38	37	40	37	37	34	36	37	35	40	34	40	37	33	33	42	36	41	40	33	37	41	41	34	40	34	42	36	39	40	33	36	33	40	33	35	39	35	33	38	37	38	32	39	36	33	37	33	41	39	36	33	42	36	39	38	37	36	38	39	35	41	37	32	38	36	41	41	39	39	38	38	37	33	38	36	37	38	40	34	33	33	32	36	39	32	37	34	41	41	33	33	35	33	33	33	39	40	35	40	39	40	38	32	37	39	39	39	33	39	41	38	34	42	38	37	41	35	38	33	38	40	34	36	32	37	42	38	32	35	38	33	39	37	39	39	40	39	35	32	32	39	34	38	39	39	32	37	37	37	42	37	33	38	42	36	41	35	39	37	40	40	36	35	39	37	42	32	34	35	35	40	42	39	34	36	40	35	32	40	40	39	35	39	34	34	39	38	33	40	37	41	36	37	35	41	35	38	38	40	38	40	37	36	37	36	36	36	32	34	41	35	33	34	34	38	40	38	39	35	37	39	39	34	34	36	35	37	40	37	35	40	33	35	40	39	40	32	36	39	33	35	37	38	37	38	34	36	35	34	32	38	41	35	33	34	39	35	38	35	41	32	36	36	35	40	39	36	41	35	36	36	35	41	33	32	40	37	39	34	33	33	38	39	33	40	33	38	39	40	39	33	36	41	37	34	34	40	34	40	33	40	32	37	39	38	35	37	40	38	41	38	39	39	36	33	35	34	38	40	36	35	34	38	35	38	37	37	35	34	39	32	34	39	36	39	37	41	40	40	33	39	32	36	34	42	40	35	41	36	33	37	39	37	40	36	33	38	37	40	37	37	32	40	36	39	36	33	39	41	33	36	40	41	33	32	32	39	33	36	40	36	38	41	34	40	40	34	41	38	37	41	41	37	34	39	37	39	42	35	37	35	33	34	37	39	38	39	35	35	42	41	39	38	38	42	38	42	34	34	40	39	34	40	37	35	38	37	39	41	34	41	36	33	36	35	35	35	38	33	37	39	40	39	40	34	41	39	34	40	36	34	38	40	37	37	40	35	33	41	34	33	39	41	38	41	36	37	40	38	33	37	41	42	36	38	32	40	40	37	37	34	41	35	32	42	34	39	39	37	41	39	35	33	37	38	39	34	34	36	34	38	33	39	41	32	33	37	40	39	41	41	40	39	41	40	38	36	35	40	36	35	38	37	39	39	37	34	42	41	37	35	41	35	37	34	38	38	39	33	33	37	33	33	37	39	39	37	34	32	40	34	37	41	32	35	42	37	36	37	34	33	35	40	37	36	40	39	35	42	40	33	33	33	34	42	41	38	37	32	36	35	37	36	39	37	38	36	38	42	36	33	40	37	39	39	39	41	35	36	36	34	38	35	39	36	37	34	35	42	38	34	37	38	36	39	35	36	39	41	34	37	35	41	34	34	36	39	40	40	34	34	39	36	40	39	38	39	41	34	34	37	39	36	37	38	35	39	37	36	39	41	38	41	38	39	38	35	36	39	41	39	36	34	38	38	37	32	32	35	39	34	33	38	34	35	38	35	38	36	36	33	42	41	40	34	38	38	35	39	40	39	37	33	33	39	37	37	35	42	41	35	32	39	33	41	40	37	40	33	39	40	35	36	33	41	39	42	33	34	39	35	37	41	32	38	38	37	40	35	33	36	37	41	36	33	42	35	39	38	39	39	32	36	36	36	37	42	32	38	34	40	32	37	41	33	40	39	34	33	42
41	35	42	36	42	34	34	39	38	42	42	38	40	33	39	37	34	35	38	41	35	39	40	39	43	37	39	33	34	36	33	39	43	38	40	42	39	35	34	34	35	41	41	40	34	37	42	40	41	34	40	36	35	39	38	37	42	38	41	42	35	35	42	37	35	42	39	35	33	41	40	37	43	42	43	34	36	38	35	35	33	43	37	40	37	39	36	33	38	41	34	34	38	37	39	37	37	41	41	37	38	33	34	34	38	36	37	36	35	36	33	33	42	37	42	41	43	41	40	34	39	36	35	35	35	42	42	34	43	42	34	41	42	42	37	42	35	37	37	42	34	41	35	36	41	42	40	42	36	42	34	41	38	34	33	42	41	39	35	36	40	37	43	34	38	37	36	39	40	42	42	41	33	35	40	38	42	36	43	41	37	41	39	34	38	43	34	35	40	42	39	39	37	34	40	39	40	35	39	42	35	34	41	36	40	43	43	43	43	33	35	37	38	42	36	37	40	37	37	38	37	42	33	42	39	41	34	33	40	40	40	38	43	43	36	34	42	39	37	42	40	41	39	35	41	35	40	35	34	35	39	40	43	43	34	41	36	34	42	41	42	37	33	43	39	37	39	41	37	37	39	40	39	38	33	39	38	40	41	40	37	40	43	41	37	35	35	40	38	38	42	38	42	37	40	36	38	36	34	34	41	39	39	35	40	41	43	38	35	42	40	36	40	42	41	41	35	33	34	35	39	42	42	39	41	35	43	34	33	40	33	42	35	39	42	40	38	42	43	37	34	35	35	38	35	37	36	37	36	39	35	39	34	37	42	34	38	37	34	38	43	37	35	42	36	40	37	34	41	38	41	36	41	37	35	39	35	42	37	40	34	42	37	43	33	39	35	40	34	35	36	40	38	41	38	42	36	40	40	34	37	42	41	38	38	34	43	36	35	41	37	38	36	39	39	34	40	38	42	38	34	43	42	39	39	40	33	37	43	38	42	33	42	42	38	39	38	39	35	42	34	38	41	33	41	42	36	35	40	36	36	35	39	36	39	35	41	39	35	38	35	34	38	35	38	35	39	39	42	41	41	42	39	41	41	34	39	38	40	37	34	36	42	35	42	39	42	42	39	33	36	39	34	38	34	40	34	42	42	37	39	42	40	38	39	43	36	38	42	42	39	34	42	36	33	42	36	34	39	39	40	42	39	40	40	39	42	37	42	35	43	37	34	35	42	36	38	36	39	36	38	43	42	43	41	40	41	35	35	34	42	41	36	37	40	37	37	34	43	35	36	41	35	38	38	35	39	37	43	41	40	34	33	39	37	38	38	34	36	39	42	41	35	39	39	38	41	43	39	34	35	33	35	34	35	36	37	39	43	39	42	36	39	39	34	37	37	41	38	38	38	41	36	35	39	34	35	41	34	41	38	38	40	38	39	41	37	39	40	40	41	34	39	42	41	36	34	33	36	39	43	36	36	36	40	43	36	42	39	39	38	34	41	34	40	34	35	35	38	38	43	36	42	38	34	38	36	39	36	41	37	43	42	42	40	38	35	36	39	37	40	34	40	36	38	34	35	41	38	38	41	34	42	36	39	42	40	43	38	42	33	43	35	42	39	36	39	42	33	41	35	41	40	33	37	41	39	37	39	41	38	40	42	42	34	43	42	41	33	40	40	43	40	34	36	37	35	35	38	37	35	39	41	35	36	41	40	38	39	41	43	43	34	37	39	37	38	33	42	38	37	42	43	41	35	38	41	42	35	37	40	40	39	33	34	38	35	37	39	41	39	37	37	35	37	41	40	36	41	43	34	35	36	37	36	34	42	42	37	35
32	23	30	25	31	26	25	29	24	26	27	30	25	26	24	26	29	29	27	29	28	29	28	30	31	30	26	29	27	31	25	26	28	25	28	28	25	27	29	29	26	24	28	32	25	26	28	24	26	24	26	23	24	25	28	31	25	26	30	27	28	30	28	30	29	24	32	28	30	29	32	25	32	29	29	24	32	27	33	30	31	29	27	24	25	23	26	27	32	24	26	26	32	33	31	32	30	30	31	33	30	32	26	30	25	24	23	30	25	24	28	29	30	30	25	25	23	24	30	29	30	25	32	30	27	23	30	28	26	25	28	28	28	24	28	30	29	28	31	31	26	31	32	30	29	30	24	28	29	27	32	24	30	27	28	26	28	23	29	31	31	30	25	28	29	24	30	28	33	31	25	27	25	29	32	29	25	31	26	29	25	32	23	31	29	32	24	26	29	32	32	32	25	30	28	24	24	26	32	30	26	28	32	24	29	33	28	29	26	24	30	31	30	25	26	24	24	24	27	26	23	31	31	29	29	26	27	26	29	28	31	24	32	24	32	32	27	29	26	25	27	29	33	28	23	29	27	32	32	24	25	28	25	24	29	31	26	29	26	28	30	33	26	25	30	32	24	29	32	32	31	32	24	31	25	32	27	28	24	28	27	24	24	24	32	27	25	27	30	29	32	26	28	30	29	30	25	24	33	26	26	24	26	26	29	28	31	30	32	31	29	29	30	30	30	33	25	29	31	32	31	24	27	32	29	27	27	26	24	26	27	31	30	30	28	23	31	33	24	28	32	24	26	27	29	27	27	29	26	28	31	30	24	24	32	30	27	26	31	29	28	25	24	30	32	24	27	23	32	31	27	28	30	26	27	33	31	25	27	25	25	29	32	24	32	29	32	24	24	26	30	25	29	31	24	24	27	25	33	24	30	24	30	23	23	27	28	24	25	28	27	28	30	30	24	28	33	25	32	24	28	26	24	24	29	23	27	30	25	26	29	27	29	25	26	24	32	28	29	25	24	31	30	31	33	25	26	29	31	24	29	31	31	27	32	28	32	26	28	32	28	33	29	33	29	27	25	28	25	25	25	31	25	30	32	32	27	33	28	27	32	24	31	27	27	30	32	29	27	26	26	25	30	29	27	25	23	31	29	28	24	29	23	31	28	29	27	24	24	26	27	29	30	31	24	32	29	31	31	32	24	25	30	24	26	32	28	31	33	33	23	29	25	33	26	27	33	24	27	30	24	29	24	32	25	30	29	30	32	30	29	23	32	28	24	29	31	24	25	28	31	27	33	32	31	31	23	29	32	31	28	30	29	28	30	27	25	32	30	23	32	28	30	25	33	29	24	24	26	32	24	29	29	28	26	30	32	25	30	27	31	28	25	25	25	27	25	24	29	28	31	30	27	33	26	25	33	30	29	24	24	26	25	33	32	24	26	26	25	30	31	32	30	23	30	30	31	26	24	27	32	25	26	30	32	32	26	30	32	29	30	24	24	27	32	24	29	32	24	24	28	30	32	31	27	28	26	27	30	30	25	23	32	26	30	26	28	33	32	32	25	26	26	24	23	31	32	30	25	27	32	27	25	26	30	23	28	29	30	27	24	23	23	29	32	27	28	26	29	26	24	26	24	25	25	32	31	28	31	26	33	25	28	23	26	28	30	30	23	29	25	26	27	32	26	25	32	25	32	31	33	25	27	27	32	31	30	32	32	25	29	31	32	26	26	27	24	30	24	25	28	33	32	27	29	31	25	28	26	28	24	26	25	27	25	23	27	25	26	24	26	23	25	29	29	31	25	31	26	28	31	28	23	33	27	28	32	30	27	32
103	107	101	106	106	104	106	101	100	100	106	102	101	102	107	108	102	107	107	99	104	99	103	106	103	104	107	106	107	100	100	107	105	104	108	102	103	101	108	107	103	106	106	102	102	105	104	104	105	108	106	107	104	105	103	100	100	104	103	106	106	106	109	105	108	109	105	104	101	108	108	104	109	106	101	105	102	103	100	100	100	102	107	109	108	107	104	102	102	104	102	105	107	103	103	99	103	100	107	104	107	102	100	107	108	109	109	107	100	103	108	104	104	105	108	103	108	103	107	105	100	105	99	103	105	104	101	104	102	104	108	101	106	107	106	106	104	107	104	103	101	106	101	103	101	102	104	104	101	102	108	109	107	103	101	105	99	102	106	108	101	103	105	104	105	100	100	104	108	105	104	107	100	99	102	104	107	100	104	100	107	102	108	104	100	99	101	103	105	104	106	102	106	100	106	106	103	103	104	108	107	105	105	108	105	100	105	102	108	104	99	99	106	103	106	107	106	109	101	104	101	103	106	107	105	109	102	104	106	103	99	104	100	105	105	99	104	100	104	103	107	102	104	108	105	103	105	102	106	107	108	108	106	108	102	102	103	102	102	108	100	99	101	108	101	109	107	101	105	102	108	107	104	105	105	101	99	107	102	102	100	102	103	103	108	101	102	101	106	107	101	107	105	105	100	99	101	101	101	102	108	101	100	106	106	106	101	102	102	101	103	108	108	106	107	105	106	107	104	107	101	101	105	103	101	109	99	106	101	106	103	101	103	108	103	100	101	102	107	105	107	108	100	103	104	104	108	104	104	103	108	107	104	100	101	105	102	102	109	106	99	106	99	106	102	104	103	101	109	107	105	109	101	103	105	109	102	105	104	104	108	101	103	102	108	101	101	102	103	104	102	105	100	99	109	109	102	101	99	100	104	102	105	104	103	102	104	108	104	106	104	108	105	100	104	108	100	100	101	105	106	100	100	106	101	108	108	101	104	100	107	103	102	102	109	105	108	108	102	108	100	102	103	108	100	104	108	103	99	100	100	100	107	100	101	101	101	102	99	105	107	103	108	108	100	108	105	101	108	106	100	101	99	106	104	107	105	108	106	109	106	106	104	104	108	106	104	105	105	103	100	102	104	100	100	107	100	106	108	99	103	103	104	100	105	107	102	100	108	102	104	105	107	105	102	103	101	106	104	109	101	106	106	101	100	106	104	104	105	100	101	102	104	105	104	100	107	100	101	104	100	108	101	101	107	103	106	99	108	103	102	104	102	100	100	108	107	102	101	105	104	104	109	99	107	102	100	105	102	105	107	99	101	105	100	103	103	107	108	108	101	104	105	103	109	102	102	101	106	101	101	99	104	101	107	107	104	107	100	99	109	109	104	102	102	102	101	106	102	107	107	104	106	102	108	107	107	100	104	105	101	100	100	102	108	109	99	107	100	103	109	106	101	102	100	99	100	103	108	104	101	103	105	101	103	100	103	106	103	99	102	104	106	109	101	105	105	102	102	105	109	102	100	100	99	102	104	107	108	102	106	105	103	105	107	107	109	107	109	101	109	103	107	105	102	108	107	105	108	102	103	106	102	105	100	99	104	107	100	102	108	99	100	105	107	107	106	103	103	105	100	107	101	108	106	103	106	105	109	109	108	103	106	103	100	106	103	102	107	102	99	102	104	106	100	107	108	104	108	100	104	104	105	101	107	107	105	106	107	105	108	100	107	106	104	109	101	105	109	99	103	101	102	100	100	104	107	104	109	104	107	100	102	105	100	107	99	106	101	100	102	102	106	108	100	104	99	101	108	103	103	107	108	102	102	103	109	101	104	100
56	56	50	50	55	56	49	54	53	49	51	49	49	50	53	52	50	51	54	48	55	47	55	49	57	49	52	49	57	50	50	51	52	52	53	47	57	52	53	51	56	53	51	53	49	56	55	49	47	47	52	50	57	48	48	55	48	47	47	55	48	51	53	47	50	57	55	56	53	48	47	55	55	52	47	56	50	48	56	54	54	53	48	51	52	48	47	51	56	53	49	50	47	56	55	54	48	55	49	54	50	55	53	55	48	53	49	51	55	54	55	50	52	47	54	48	49	50	51	50	49	56	49	54	51	52	47	55	47	49	56	55	50	54	50	49	51	52	51	51	48	52	57	53	49	51	48	55	49	50	54	51	52	48	50	50	50	56	47	52	49	53	52	56	55	54	56	52	57	55	49	51	48	52	55	56	57	56	49	52	50	54	48	47	48	49	48	50	52	56	55	55	53	54	56	56	52	51	50	48	52	56	56	50	50	51	56	53	56	48	51	55	49	56	50	51	54	51	55	52	52	56	53	48	51	51	50	48	50	49	54	47	53	49	53	49	49	47	56	53	49	56	48	54	50	52	49	50	52	47	53	56	57	56	50	49	57	51	48	55	50	52	52	53	47	51	53	48	56	55	53	54	49	55	54	50	51	53	47	49	55	51	52	53	57	52	53	49	52	55	48	55	49	50	50	57	50	50	53	51	52	56	51	49	53	53	56	52	47	54	56	54	52	53	55	57	50	53	55	57	47	54	50	50	51	49	47	55	55	56	51	51	50	56	49	54	49	50	56	47	54	55	52	49	53	54	54	49	51	55	50	52	50	48	55	54	57	53	48	50	48	51	56	48	54	55	54	48	55	49	53	52	51	49	53	51	57	57	48	50	57	55	50	54	47	49	54	55	52	49	53	54	47	56	51	52	49	54	53	48	51	47	49	55	53	47	51	49	53	55	55	52	49	56	47	54	55	53	52	52	52	48	49	57	55	56	49	53	52	51	48	54	51	49	53	48	51	52	51	49	52	55	50	54	50	53	53	52	51	53	50	50	57	55	53	53	47	53	50	53	52	49	48	50	53	53	52	48	48	48	47	48	51	51	54	49	47	56	57	54	50	56	54	50	54	56	51	48	52	50	54	48	55	48	55	47	47	49	54	50	49	51	50	50	50	51	57	54	55	51	55	54	47	49	52	49	54	49	49	56	54	56	50	48	49	56	56	56	50	48	51	56	52	49	52	47	56	57	56	57	54	48	52	49	48	53	47	50	50	48	55	53	48	54	47	55	50	56	49	48	56	49	48	56	49	48	47	53	48	48	51	56	56	48	55	54	55	55	50	56	55	53	48	49	52	47	54	56	54	53	53	55	54	57	50	51	53	55	47	54	49	54	48	50	49	53	52	56	51	54	54	54	51	56	51	56	54	50	50	48	56	54	56	52	49	57	48	56	47	55	57	54	49	50	53	55	50	52	51	57	48	57	55	56	53	48	56	49	48	51	55	53	50	54	51	47	53	56	50	52	49	49	49	48	48	48	54	53	54	56	52	54	52	51	57	49	50	55	48	50	51	50	49	57	56	53	53	54	54	52	55	55	54	53	50	48	50	57	51	55	54	57	54	47	48	50	51	57	54	50	51	49	52	56	56	47	55	55	55	52	57	53	52	52	50	48	57	51	49	56	49	53	49	51	48	50	50	54	52	52	54	57	54	48	56	48	57	57	53	54	51	51	49	50	53	49	56	53	57	55	54	57	48	56	53	56	52	53	56	57	50	56	57	53	51	51	50	49	54	54	54	49	49	54	50	54	57	51	57	50	52	51	56	51	53	57	49	52	51	56
105	104	101	98	105	106	100	100	104	103	102	100	103	99	107	102	107	106	107	101	105	101	104	102	99	105	104	99	100	101	103	103	103	106	98	101	102	100	107	100	99	99	102	105	101	102	106	98	106	99	104	107	103	103	100	105	105	101	102	104	106	105	105	101	105	106	100	107	104	104	107	105	98	100	100	99	101	104	102	103	105	107	107	101	104	108	103	103	99	99	103	99	100	104	105	103	98	98	99	107	102	105	102	104	104	99	104	100	105	105	106	101	104	101	103	99	103	107	107	101	104	105	107	104	98	98	107	98	101	100	104	106	105	105	106	107	104	106	102	102	105	100	103	104	101	106	103	105	104	103	104	105	104	104	105	108	100	107	101	100	100	106	103	100	101	99	104	107	103	107	100	98	101	105	102	102	101	102	100	107	104	101	98	101	99	100	108	104	103	105	104	104	108	101	100	102	100	98	108	100	105	105	100	108	104	106	102	107	99	99	106	102	106	100	106	102	99	99	108	102	105	98	99	108	104	102	102	98	106	99	106	104	103	103	105	102	100	99	98	101	107	102	99	104	101	104	106	103	103	108	104	104	104	105	105	108	106	99	106	103	99	99	101	101	102	102	106	98	105	106	104	108	104	106	98	99	98	105	107	99	99	101	100	99	102	104	108	99	104	102	104	101	102	106	107	99	103	99	103	105	106	105	100	107	107	98	98	103	107	103	99	102	103	106	100	105	101	102	99	106	103	104	104	105	104	101	102	105	104	104	107	101	103	100	102	105	107	101	100	98	102	101	103	98	102	107	104	107	100	106	101	99	99	103	98	107	102	108	99	104	108	108	102	100	106	105	98	102	103	100	107	107	103	108	106	105	108	103	104	99	101	107	101	107	99	102	107	108	100	102	99	98	98	108	103	105	104	107	102	102	98	103	102	100	106	105	105	98	106	102	108	102	103	105	103	105	103	102	99	103	101	103	102	108	104	104	106	105	100	101	99	108	107	103	101	104	99	106	103	102	102	105	105	106	101	105	105	106	104	107	104	99	103	103	107	100	103	105	104	99	107	101	105	101	105	105	105	108	105	104	99	107	104	102	100	105	107	103	99	107	108	99	102	104	104	103	102	106	105	107	107	101	107	107	103	104	107	99	102	105	102	103	102	107	104	103	102	99	100	107	103	103	105	106	101	102	105	104	98	99	108	103	106	107	102	103	100	108	99	102	106	108	99	108	103	99	105	100	99	102	106	107	107	100	102	103	105	101	107	108	101	104	105	99	103	99	102	106	107	106	103	100	107	104	100	103	102	101	98	102	107	99	103	101	99	104	103	106	107	100	98	104	101	103	100	101	106	103	104	99	106	103	102	100	104	102	98	102	99	104	100	105	99	105	99	105	105	102	106	102	99	99	103	107	99	98	104	106	103	104	98	105	103	101	104	103	105	99	107	99	103	108	104	104	105	101	107	102	102	102	105	107	102	104	100	105	108	99	103	99	105	108	105	101	106	103	102	99	106	105	106	99	103	108	101	108	101	106	103	106	98	99	102	105	106	100	98	104	101	102	107	101	101	105	106	100	105	103	99	106	106	103	106	101	99	101	102	108	107	106	108	107	106	106	101	102	102	104	102	98	104	104	102	104	106	101	99	100	104	107	105	104	100	106	107	101	106	106	103	106	107	102	106	102	106	98	105	99	99	100	99	106	108	104	99	99	101	104	103	103	107	100	106	102	104	100	104	99	105	99	108	100	106	105	102	99	104	107	104	100	104	101	103	106	104	106	100	100	101	106	106	101	107	106	108	108	102	101	103	103	107	107	107	103	99	102	99	104	105	104
13	10	12	14	16	18	11	15	16	9	12	12	15	12	9	13	8	18	11	10	18	17	10	14	10	10	8	10	13	17	16	14	12	10	12	18	15	12	13	9	17	17	10	15	8	11	14	14	12	13	16	10	16	16	10	17	9	8	14	8	10	16	15	12	14	13	8	11	16	15	13	10	16	18	12	8	14	16	13	14	11	17	10	12	16	17	10	13	10	12	8	15	12	13	15	11	13	13	14	18	17	9	18	15	11	18	18	11	9	18	13	12	13	10	8	12	10	18	10	18	12	9	16	18	8	11	8	18	14	10	14	11	11	16	14	18	16	12	13	17	11	13	17	18	12	10	14	13	16	12	14	18	9	13	12	12	13	11	13	15	15	10	15	10	13	12	9	10	16	10	11	12	11	14	15	9	11	11	16	12	11	10	16	16	11	13	16	11	13	15	17	16	16	11	9	17	13	15	18	10	17	15	18	16	11	16	12	15	11	15	14	18	10	13	17	12	9	17	13	16	18	9	17	12	13	13	12	16	11	9	13	16	14	9	12	12	8	17	10	11	11	15	12	14	15	11	11	8	14	15	18	18	16	16	10	11	13	16	14	13	10	10	17	13	15	15	10	13	14	8	18	9	9	10	9	10	16	18	15	18	9	16	18	12	14	17	11	10	8	14	16	11	14	9	11	18	13	18	11	9	11	17	16	11	13	11	15	8	12	12	14	14	9	9	10	16	12	18	15	14	12	11	11	12	17	8	10	11	9	12	10	9	16	8	11	11	18	13	16	10	12	16	9	13	17	10	9	18	14	13	9	10	11	18	14	13	18	13	9	9	14	9	14	9	15	10	11	13	11	10	9	12	11	16	17	13	10	17	15	9	17	18	9	15	15	9	14	16	10	12	18	15	11	8	16	17	12	14	9	15	15	8	9	16	16	15	12	8	12	15	11	11	14	14	9	18	15	17	14	11	15	8	13	10	17	11	18	13	18	9	9	11	9	12	16	8	17	15	13	15	16	17	15	11	12	15	8	17	15	16	9	14	10	17	14	14	8	12	17	17	10	10	15	9	15	14	18	9	12	10	13	13	14	9	11	14	14	16	14	17	11	12	18	17	17	16	16	10	16	11	14	14	13	13	14	14	17	10	17	13	10	16	17	10	9	16	9	13	17	8	14	15	13	17	12	12	14	15	10	18	9	10	15	11	14	9	13	15	16	9	14	17	15	8	10	17	15	17	15	8	13	15	18	15	10	16	15	11	12	8	15	14	10	14	13	17	16	9	14	9	17	16	12	10	11	9	17	17	13	12	16	10	9	16	15	17	16	15	11	11	18	16	9	12	9	10	12	17	10	16	8	12	13	18	8	10	18	10	15	14	14	17	14	9	16	13	11	13	12	11	16	16	13	8	16	17	14	13	15	15	17	11	17	17	16	12	15	14	17	13	13	16	17	12	8	17	16	13	15	18	13	18	11	17	17	8	10	16	17	15	15	15	17	14	13	17	13	12	11	17	8	8	11	16	13	15	18	8	9	17	13	11	9	15	14	14	15	14	13	14	14	16	13	12	9	13	9	14	14	15	10	15	13	14	15	14	16	16	13	16	14	11	16	17	10	12	13	9	10	18	9	12	10	13	12	13	14	12	18	9	14	17	11	10	17	12	9	18	15	15	15	9	10	17	17	16	18	13	11	10	9	12	14	10	16	12	15	13	14	15	14	17	13	17	11	13	17	13	17	12	14	16	13	18	15	8	13	10	11	12	18	13	9	11	13	15	16	9	18	16	17	15	12	11	16	16	12	9	16	12	9	10	16	12	16	9	10	15	8	11
74	68	75	66	73	72	72	74	70	74	69	71	71	73	69	75	75	71	67	69	70	68	69	72	75	70	70	71	76	75	71	72	66	75	71	71	67	76	75	73	71	72	68	73	71	73	69	71	73	67	75	75	76	75	68	71	75	70	71	72	68	66	70	74	67	73	71	75	75	74	68	67	66	67	72	66	72	69	69	69	71	76	67	70	74	71	68	71	71	76	70	70	76	70	70	70	68	74	70	74	70	70	73	71	76	74	76	73	69	67	72	75	68	71	74	68	73	70	68	68	67	66	75	68	68	75	66	68	70	68	73	74	76	75	74	69	75	66	67	75	68	71	67	73	68	66	72	73	71	74	71	73	71	72	68	71	72	74	67	69	74	75	71	75	69	74	74	75	74	67	70	71	71	76	68	69	71	75	74	72	72	76	75	75	75	70	67	70	75	66	76	74	69	66	69	74	69	73	71	70	72	73	76	73	74	68	70	75	76	71	75	69	66	70	74	68	71	71	73	75	76	74	71	75	72	74	67	73	67	67	74	68	74	66	67	69	68	73	73	71	72	67	74	75	72	73	73	69	70	67	72	76	71	76	71	70	69	74	70	71	75	66	68	72	68	73	67	73	73	71	68	67	73	74	71	68	70	68	74	75	75	67	68	75	71	73	68	71	72	70	67	69	76	75	74	67	69	75	69	67	75	75	69	72	74	69	69	72	69	70	67	73	68	68	69	74	71	67	73	68	75	71	71	71	73	71	70	67	70	74	70	75	70	73	70	72	67	72	70	68	75	71	73	71	73	73	69	68	71	69	69	75	75	67	71	72	72	71	71	74	76	76	74	67	73	68	70	72	72	69	75	70	76	73	68	75	69	74	73	69	73	72	70	74	72	68	68	69	73	73	71	76	72	70	70	66	70	71	75	73	75	69	71	70	73	69	75	69	71	76	67	72	69	73	69	76	74	73	70	70	66	67	67	68	73	67	67	71	75	73	66	73	76	74	73	70	70	74	73	67	73	73	71	70	71	68	73	74	71	74	76	68	73	73	68	71	74	69	74	67	74	70	73	71	68	73	73	75	72	67	69	69	70	74	75	75	70	73	74	75	72	69	73	75	75	72	75	75	73	69	71	72	72	68	69	69	69	68	68	66	71	72	66	71	74	76	70	68	71	73	71	72	75	66	71	69	67	68	70	68	68	75	73	71	71	71	67	75	76	66	71	68	72	71	68	68	67	71	67	73	73	67	74	70	67	70	72	70	67	70	69	73	72	73	72	74	71	70	72	74	76	70	75	75	74	74	72	69	76	67	67	68	75	67	71	68	66	66	74	66	74	71	66	73	72	69	70	75	67	70	70	71	76	70	73	69	76	68	75	66	68	74	69	69	69	75	72	73	70	73	73	69	73	71	68	70	68	68	72	68	67	67	72	67	73	68	72	75	70	69	72	73	74	72	69	67	73	71	68	74	70	70	74	73	66	67	73	67	75	66	69	70	75	68	72	75	74	73	74	70	76	69	66	71	76	70	74	76	73	71	67	67	70	70	72	68	76	69	74	76	70	68	73	71	70	73	67	66	73	68	75	66	75	66	71	69	73	67	70	75	70	73	69	70	74	75	66	66	70	75	73	71	75	70	68	73	74	76	70	72	73	74	68	74	67	70	76	71	73	73	73	74	74	68	73	68	75	74	75	68	69	68	75	68	71	72	73	68	73	75	75	72	75	72	70	68	73	70	74	75	71	69	68	72	69	74	75	73	71	76	68	67	66	71	75	66	72	69	73	73	67	71	68	71	74	70	75	68	75	68	73	76	74	71	73	68	74	72	75	66
62	56	55	61	60	57	57	63	55	60	62	57	62	63	60	57	55	55	57	57	56	61	57	63	64	57	60	55	58	55	62	58	60	62	63	58	60	61	62	57	59	61	59	63	58	61	57	62	56	55	58	60	55	62	62	62	55	60	63	55	59	61	62	57	55	55	60	62	54	55	55	61	61	62	61	57	56	56	62	59	56	56	62	55	60	60	57	56	60	57	54	59	59	59	56	61	59	57	62	64	54	56	61	58	61	61	58	54	58	63	64	59	63	56	63	55	59	63	62	60	57	58	63	57	62	62	64	56	63	57	57	62	61	60	60	54	57	62	58	58	56	58	55	57	59	55	61	64	57	60	59	64	56	55	62	61	60	57	60	56	61	60	57	63	60	62	64	55	63	57	56	59	55	59	58	61	63	57	59	58	58	57	56	58	56	61	57	61	63	57	61	58	62	60	58	54	61	60	55	55	55	60	63	54	60	55	56	56	63	57	59	55	57	55	60	58	63	60	57	57	56	55	62	56	64	61	59	62	59	61	55	55	56	59	59	61	62	59	59	56	55	55	59	57	56	58	61	59	58	64	54	63	56	63	58	61	56	62	63	54	56	60	57	56	63	58	64	59	58	61	61	55	54	56	63	55	59	57	63	58	57	62	63	56	58	62	61	58	61	62	57	57	63	60	61	61	57	55	57	64	54	57	63	58	62	54	58	56	58	59	61	59	62	59	59	59	58	63	63	57	58	55	57	58	62	62	59	58	60	56	62	56	58	56	56	62	54	57	55	56	54	63	60	62	61	55	59	57	60	57	54	57	60	54	62	59	59	62	58	62	55	57	57	55	56	62	61	55	57	60	59	61	61	60	59	58	54	58	64	55	59	58	64	57	58	62	64	57	63	56	59	61	63	59	61	57	55	60	62	60	61	56	58	64	59	63	57	58	54	62	58	61	55	57	64	60	56	55	61	61	62	62	61	59	58	64	58	58	64	55	62	56	60	63	61	60	55	55	56	61	59	60	61	56	62	60	54	55	55	57	59	63	56	56	62	56	60	63	59	58	63	60	59	62	62	55	58	63	55	59	58	64	56	61	55	56	58	57	63	56	57	64	55	57	61	57	60	63	54	60	62	56	57	59	56	62	57	61	56	60	58	58	58	56	59	59	57	59	54	62	62	63	60	62	58	56	58	56	57	57	56	63	63	56	60	61	60	61	59	56	63	58	57	63	59	61	57	60	55	60	57	60	57	58	58	60	56	58	58	63	56	61	63	62	62	63	55	55	55	58	57	57	56	61	63	58	58	59	62	55	58	62	55	63	55	60	57	61	59	62	55	55	62	55	59	55	64	58	61	64	60	64	57	56	61	59	59	61	59	63	55	60	58	63	61	58	61	58	55	57	55	63	64	60	61	62	62	59	58	57	56	56	59	62	60	59	57	60	56	60	63	55	62	58	56	54	61	60	60	56	58	55	64	55	61	63	55	62	57	63	61	58	59	56	64	64	54	64	58	56	54	58	60	61	55	55	63	55	58	58	58	62	56	60	59	56	61	58	62	60	63	56	62	59	59	57	59	60	62	59	58	57	58	57	55	56	62	56	55	58	63	58	55	62	64	61	56	54	60	56	58	63	61	56	63	54	62	57	56	59	59	64	55	57	64	59	55	63	56	58	58	64	54	55	59	56	59	55	62	60	55	60	56	58	58	63	55	57	62	57	62	55	62	59	56	64	62	63	60	64	55	56	54	60	59	57	62	57	59	55	63	55	57	60	61	55	59	55	61	64	58	60	56	57	64	63	59	62	56	63	56	63	61	62	59	62	56	58	63	63
72	77	72	70	72	78	80	77	77	73	77	75	75	73	73	78	70	78	79	75	72	73	74	72	79	71	71	78	79	77	72	76	77	71	76	79	72	73	78	79	71	76	79	75	76	77	77	79	78	71	73	70	74	79	72	71	80	74	72	72	79	76	72	77	70	74	73	76	74	75	71	77	79	77	72	78	80	73	73	73	79	80	75	74	70	71	71	74	71	75	77	71	78	73	75	75	70	71	80	77	78	74	74	72	75	70	78	73	77	78	79	74	73	72	73	77	73	73	73	74	77	78	71	72	71	73	78	71	79	77	76	72	74	72	74	78	70	78	76	74	80	72	77	77	72	78	76	76	74	70	75	76	77	72	79	75	75	80	74	71	79	70	70	79	78	70	77	73	78	75	73	80	79	76	77	79	75	73	71	70	71	77	75	76	73	78	76	72	76	77	75	73	71	72	73	77	73	77	75	77	70	79	77	79	75	78	78	73	79	76	74	78	75	74	75	72	72	71	71	79	70	79	71	71	76	73	72	75	71	71	71	75	74	76	70	71	70	73	76	79	70	79	79	77	76	79	76	77	77	78	77	73	74	77	77	74	72	78	72	73	77	79	74	77	76	75	70	72	71	73	70	75	78	79	71	71	76	74	77	73	74	76	72	76	71	77	76	70	79	75	76	76	74	74	79	76	72	78	73	72	75	78	73	73	77	72	75	75	70	72	71	71	79	77	78	80	75	72	74	74	70	73	79	77	78	76	71	71	78	78	77	80	79	72	79	77	78	76	72	74	75	80	78	76	78	74	75	75	74	70	75	77	80	76	80	72	77	80	71	76	72	71	70	70	70	79	77	71	72	74	79	76	74	74	75	75	74	72	74	79	72	71	76	74	77	77	73	78	74	74	77	78	78	79	75	79	79	77	71	76	72	79	77	80	74	72	72	77	79	72	75	79	77	77	78	70	74	72	72	79	77	72	78	71	72	77	77	75	80	76	73	76	79	79	73	78	78	73	78	71	80	73	72	79	72	74	80	79	74	77	76	76	73	78	77	76	75	75	74	77	74	78	76	80	78	78	73	71	70	75	79	74	72	75	78	80	74	72	77	72	75	74	71	77	79	77	74	72	78	72	79	72	77	74	72	72	76	77	79	74	80	75	71	80	70	75	72	79	74	71	76	74	70	80	76	78	77	78	78	76	76	79	75	77	78	78	78	73	77	76	75	71	80	76	72	73	76	76	75	75	71	73	75	77	74	79	73	72	79	70	77	77	71	73	78	70	75	72	76	80	77	74	71	80	79	71	77	79	80	79	75	72	70	72	71	75	75	71	74	77	77	79	79	71	80	79	78	71	74	78	70	70	78	71	73	75	71	71	70	75	74	71	70	80	79	79	73	78	72	80	71	79	78	73	73	74	74	70	73	78	76	79	71	76	71	75	77	71	75	78	71	78	71	76	74	72	71	71	72	74	73	78	76	74	70	77	70	71	70	79	75	72	77	77	72	78	78	74	72	79	74	79	75	77	75	72	75	77	79	78	70	73	79	78	71	76	75	79	76	71	78	71	76	74	72	71	77	77	76	76	76	71	79	72	71	77	76	76	71	73	75	78	74	72	75	75	71	74	74	73	71	75	72	78	77	71	80	78	77	71	71	79	75	75	72	78	78	77	71	76	78	74	72	79	79	73	76	80	72	71	70	78	78	73	76	74	74	73	74	79	79	71	74	80	71	78	77	74	75	78	75	77	78	70	77	77	71	80	71	75	72	75	70	75	75	79	78	73	74	77	78	79	78	78	80	73	78	71	75	75	72	80	74	74	78	74	74	76	71	79
99	103	96	101	104	101	103	101	98	101	105	99	103	98	102	102	103	99	100	102	104	100	106	99	99	102	104	98	99	100	100	104	105	99	104	99	101	103	96	99	102	102	106	96	98	105	99	104	105	98	100	96	97	105	103	102	99	102	101	102	100	100	99	104	100	103	100	103	104	105	99	98	101	104	103	106	105	104	100	103	104	101	100	104	97	105	106	98	104	100	104	104	106	100	97	98	98	97	99	103	103	102	99	99	97	101	97	104	100	100	103	104	97	101	97	96	99	105	101	101	96	100	96	103	100	99	98	103	98	98	97	105	101	96	99	101	99	97	101	103	104	105	98	100	105	102	103	104	98	101	100	103	106	102	105	102	96	104	105	97	101	97	102	99	98	105	104	102	99	102	105	101	98	105	102	102	100	105	103	106	101	102	99	103	104	104	105	96	104	105	100	99	99	97	98	101	103	99	99	98	101	105	103	105	98	105	104	104	98	98	101	104	104	100	105	104	97	101	105	99	100	103	103	103	97	99	98	98	97	103	104	101	104	104	103	97	98	102	105	101	98	96	104	100	106	101	100	103	101	103	105	97	106	97	96	101	99	103	104	99	103	101	102	98	105	100	97	99	98	102	100	98	101	101	100	101	100	97	100	102	97	104	102	105	103	98	101	103	103	102	102	99	97	100	100	100	100	99	98	101	105	104	102	97	101	100	97	105	100	103	97	97	98	97	98	98	102	101	97	99	101	106	102	102	101	105	101	103	99	99	100	98	103	102	105	100	100	100	104	103	101	103	105	97	97	101	100	98	101	97	104	101	100	97	101	98	101	105	97	103	98	102	103	98	106	105	98	97	105	103	98	98	105	98	106	97	100	102	97	99	103	102	102	97	103	97	96	105	101	101	96	106	98	97	100	99	104	102	98	102	98	105	103	101	104	106	100	104	97	101	99	100	100	98	97	97	103	103	98	102	102	104	100	97	105	102	99	101	105	101	100	102	97	104	103	104	104	101	104	96	105	102	101	98	98	104	100	105	102	97	106	98	103	105	97	105	97	97	101	106	98	99	103	96	99	101	104	100	102	101	106	99	106	100	104	102	103	98	105	99	103	101	104	105	99	98	100	102	100	104	102	97	103	100	101	104	101	104	105	99	100	103	98	102	99	101	103	97	102	103	100	104	100	104	103	97	103	102	100	96	100	97	105	102	106	98	105	100	106	97	105	99	98	99	106	102	106	106	106	101	103	98	100	101	102	104	102	99	105	97	96	100	97	103	98	105	104	106	100	103	102	99	99	98	101	103	103	102	97	97	97	103	102	103	101	99	103	100	102	104	98	97	96	99	99	99	97	101	102	99	98	103	99	105	103	103	104	98	98	97	104	98	97	97	97	100	105	104	106	96	101	97	102	98	96	100	97	97	96	99	98	101	97	106	99	99	99	105	106	104	99	99	97	99	103	97	103	96	103	99	97	102	103	102	102	100	101	98	98	101	101	101	99	104	97	100	104	103	102	101	103	98	97	103	103	99	98	106	102	101	97	100	100	100	104	100	103	103	102	103	98	105	105	103	105	105	96	103	104	98	100	98	103	102	104	105	97	101	105	104	99	97	100	102	97	100	101	97	97	98	97	97	97	98	98	101	99	97	100	96	98	96	99	97	101	100	103	98	98	99	100	102	104	96	99	100	101	99	105	98	104	102	101	98	99	100	98	101	97	99	105	98	102	98	103	100	99	101	99	98	103	97	97	97	100	97	105	102	103	101	98	102	99	106	100	102	104	98	103	98	102	97	102	103	104	103	99	100	97	105	97	103	99	106	100	98	97	105	102	98
40	41	47	44	40	41	43	42	46	38	41	42	39	45	38	43	38	46	47	39	44	40	44	43	45	46	40	42	40	42	42	47	45	48	47	46	48	44	38	41	47	46	43	39	40	43	39	38	43	46	42	38	38	40	45	47	48	48	44	45	47	39	40	43	40	41	41	46	45	45	44	40	39	47	46	40	41	43	44	46	44	46	45	48	44	40	43	41	41	46	43	46	44	47	39	44	38	44	43	44	45	47	46	43	41	43	45	46	41	48	44	45	46	39	41	47	40	44	45	39	43	46	44	39	45	41	41	40	47	40	38	45	39	43	47	46	45	38	42	41	40	45	45	39	44	39	41	39	41	45	45	44	40	41	46	41	42	41	47	44	41	39	41	45	41	43	46	39	44	46	45	46	41	46	39	47	46	39	43	42	43	47	40	41	38	48	44	39	44	46	42	44	46	41	46	40	46	43	45	41	41	42	47	44	45	40	47	44	48	44	39	39	46	46	44	40	45	38	44	44	46	43	47	47	46	46	43	46	40	41	43	47	42	42	40	38	40	39	45	44	47	43	44	48	40	43	47	41	47	41	38	41	41	46	43	44	45	40	41	45	39	46	39	43	46	44	45	44	46	46	42	43	38	40	48	48	46	42	46	46	40	45	48	41	46	44	48	43	46	41	46	46	39	45	44	42	41	38	39	42	41	39	40	39	41	38	39	42	40	39	45	45	46	45	41	41	45	40	45	47	45	48	44	44	46	41	39	43	47	43	42	41	41	45	45	46	43	45	39	43	41	47	43	42	43	48	40	38	41	44	38	41	47	45	39	39	42	42	40	42	44	44	43	42	46	48	41	41	42	45	45	43	39	43	46	41	43	42	47	43	39	41	41	47	41	38	43	42	41	48	41	38	44	43	43	41	42	42	39	47	40	46	45	46	40	45	45	43	46	44	45	40	44	47	48	46	40	47	42	39	47	47	45	47	44	45	40	38	41	40	48	40	43	43	44	42	45	40	45	41	44	44	40	47	46	44	45	46	44	42	43	46	42	41	46	46	40	45	47	44	44	46	47	47	39	38	48	39	45	42	48	40	47	43	46	41	43	38	46	38	41	46	46	44	44	44	44	41	46	39	42	40	45	39	44	45	45	47	47	43	48	44	39	46	43	40	46	47	40	39	41	44	46	43	44	48	44	47	43	43	41	45	48	40	40	43	46	43	40	44	39	42	45	39	44	43	42	39	48	39	39	43	40	44	38	44	39	40	41	45	41	43	45	45	47	40	43	45	41	47	44	45	48	40	47	40	40	45	39	42	47	39	45	44	39	41	43	44	46	45	40	41	42	48	39	41	40	39	40	38	46	45	44	46	42	40	43	39	43	43	40	43	47	39	46	43	42	41	46	44	46	43	41	43	47	46	40	41	41	40	44	43	41	48	44	38	42	39	40	39	41	47	46	43	45	45	41	39	42	44	39	40	42	41	44	38	44	44	39	38	42	44	44	46	44	47	47	41	45	43	43	44	42	41	43	41	38	46	44	40	43	47	42	39	45	39	41	38	43	43	47	47	48	43	46	47	46	47	39	39	46	40	38	47	42	45	40	44	43	38	40	41	46	42	43	39	39	47	42	47	45	41	44	41	45	47	40	44	42	45	43	39	45	39	46	44	44	42	42	47	45	41	39	39	42	41	45	44	46	40	38	41	47	42	47	38	45	40	45	39	47	40	47	47	42	43	41	39	43	48	38	38	40	46	43	41	41	41	45	43	48	47	45	44	38	45	41	43	41	45	43	46	40	38	47	40	42	47	43	41	43	45	41	45	38	39	41	45	40	41
85	87	91	86	93	86	93	94	94	91	91	91	89	92	93	94	94	88	88	93	87	88	93	88	85	91	93	84	92	87	85	84	92	90	85	89	90	92	92	93	86	94	92	94	89	85	93	91	85	93	88	89	93	90	91	84	92	87	94	87	85	92	92	93	90	92	92	92	86	91	87	90	87	85	93	89	91	89	87	94	91	87	88	93	89	87	88	92	92	93	94	88	91	84	87	91	86	85	88	86	92	89	91	90	91	87	88	93	88	85	94	89	88	92	89	94	90	86	84	85	90	85	85	90	85	89	86	85	89	89	89	85	92	90	91	86	84	90	85	89	93	91	91	91	92	92	85	85	87	88	90	87	92	87	85	86	89	86	86	93	92	93	89	92	89	89	87	90	90	85	85	84	88	88	86	88	88	94	93	84	88	86	90	93	87	90	91	88	86	93	92	87	88	91	85	90	86	90	88	87	88	87	89	85	92	87	93	89	87	86	87	85	93	94	87	84	85	89	89	89	92	90	88	92	87	88	93	91	89	85	89	89	89	91	88	88	92	84	85	86	86	87	84	88	91	92	87	85	84	86	86	94	88	93	89	85	87	87	86	90	90	89	86	86	85	88	86	94	87	85	88	94	84	89	87	89	86	94	91	91	86	94	87	87	86	90	92	92	90	85	91	93	86	91	89	87	91	92	93	89	94	89	86	90	86	85	87	92	90	86	91	92	89	90	89	91	86	92	87	85	87	92	89	85	86	88	86	90	94	89	90	92	86	88	89	85	93	86	88	85	88	93	85	85	88	93	93	94	89	89	93	91	93	91	91	89	85	90	86	84	85	88	90	87	91	88	85	92	87	92	92	90	88	88	93	89	93	85	91	86	86	84	88	93	85	88	84	87	86	93	85	88	84	86	90	89	86	89	87	85	88	92	91	88	94	84	87	93	92	92	89	88	89	89	93	92	89	90	92	91	85	87	92	86	84	94	90	92	91	86	87	86	88	93	93	94	87	94	85	85	84	93	89	85	90	92	85	93	86	87	86	86	90	85	92	90	86	89	89	92	87	84	94	86	84	94	86	88	91	88	93	91	87	88	84	92	91	92	86	89	92	91	93	90	88	92	91	85	91	92	85	87	94	93	85	89	89	86	85	93	89	85	94	88	94	85	84	85	86	92	86	91	90	90	93	94	93	86	89	90	92	90	87	94	85	92	90	91	88	88	90	91	89	88	84	86	89	87	90	86	92	88	85	88	89	87	85	92	93	90	84	92	90	89	91	84	91	91	91	89	87	90	84	89	88	85	93	86	91	85	87	92	93	92	93	90	89	91	88	88	92	90	85	89	92	87	91	92	93	92	85	91	87	93	93	91	87	94	91	84	85	92	87	85	85	90	88	87	86	86	93	89	94	92	89	85	84	90	86	92	88	88	92	85	91	90	87	94	92	87	86	89	86	92	91	92	85	90	87	89	93	93	88	87	91	87	91	93	88	92	88	91	87	91	92	87	94	94	88	92	90	88	86	86	88	84	87	85	90	86	92	89	88	88	85	85	90	90	90	90	86	90	92	89	88	87	93	90	86	89	86	93	86	85	93	93	90	90	93	84	90	92	89	94	86	86	94	87	91	88	92	89	90	93	89	91	92	93	88	93	88	90	88	92	90	90	87	88	87	89	85	91	86	88	88	92	85	85	87	90	90	84	92	90	85	93	93	91	93	91	90	86	89	93	87	88	84	92	85	86	87	88	85	87	84	92	93	94	88	87	86	93	90	92	91	88	85	86	91	90	92	93	85	85	88	92	92	92	93	94	94	93	91	86	88	90	88	93	84	93
wj																																																																																																																																																																																																																																																																																																																																																																																																																																																																																																																																																																																																																																																																																																																																																																																																																															
93	50	43	90	96	69	68	8	11	35	82	40	78	52	39	16	92	86	29	53	46	99	27	12	61	16	97	27	48	81	75	34	66	46	56	38	53	72	64	59	95	47	93	44	87	33	62	57	27	90	100	87	30	4	55	85	93	45	38	77	41	25	72	70	40	11	3	75	13	10	5	12	37	34	56	87	68	37	13	16	15	83	84	83	28	20	37	47	36	16	57	92	14	20	28	27	62	66	96	83	99	52	23	92	27	19	86	62	50	3	21	35	11	19	68	46	33	53	6	92	73	78	18	14	81	10	91	43	35	35	77	89	1	28	70	9	69	66	8	91	90	5	97	11	9	49	40	19	16	81	75	77	98	34	66	30	90	6	90	68	31	91	13	18	79	20	17	63	13	74	36	57	96	46	46	34	22	49	68	46	5	74	60	88	6	64	68	96	69	27	12	36	98	76	23	48	40	33	8	27	81	11	87	55	35	80	63	85	69	43	74	50	16	10	62	5	78	100	35	12	33	74	90	41	91	75	6	51	40	21	79	45	20	80	87	74	11	35	56	60	47	30	52	63	77	35	47	95	83	36	20	30	18	90	11	86	70	49	99	4	64	85	39	11	44	7	51	22	44	71	32	79	77	14	39	24	66	43	30	62	53	41	82	5	93	63	83	6	29	32	32	43	18	79	52	38	10	93	27	58	39	65	49	68	46	8	71	59	81	57	33	61	51	37	41	89	17	8	45	74	8	2	56	49	29	76	78	58	36	58	34	74	72	2	77	42	46	62	71	43	95	93	28	13	51	63	21	12	90	67	34	57	58	5	29	17	18	1	97	26	98	79	95	6	90	11	18	80	93	38	52	72	72	2	49	64	29	92	34	22	54	55	97	82	20	22	85	33	61	10	35	95	75	52	68	50	35	28	7	89	57	10	17	49	4	56	74	9	53	87	19	24	6	2	61	37	58	97	4	13	29	21	81	32	35	74	76	18	34	22	7	3	21	64	84	11	83	29	23	99	23	81	81	14	43	97	57	36	17	40	91	70	13	14	85	79	39	74	41	81	32	38	66	25	84	10	33	63	53	31	52	64	17	37	80	13	31	34	54	17	9	51	87	74	25	91	4	27	85	26	64	87	84	83	3	26	36	34	10	8	96	43	60	73	16	4	74	26	72	70	70	21	2	52	64	56	73	57	26	95	42	62	11	78	69	97	83	89	41	29	61	31	97	93	42	3	52	54	39	100	9	60	32	51	49	64	65	17	89	31	56	37	33	29	27	12	25	16	51	43	70	20	52	90	16	32	9	25	53	28	81	99	12	86	53	54	55	25	6	40	23	22	68	67	42	65	17	36	97	33	18	11	47	46	22	28	5	29	76	85	56	24	8	40	33	33	5	52	62	46	85	7	23	18	52	48	27	63	76	24	51	68	51	31	80	90	94	99	34	9	49	9	69	25	52	13	59	91	86	94	38	20	20	42	90	91	3	97	39	57	66	71	89	47	31	87	18	17	59	47	67	59	61	26	45	4	20	88	50	36	71	57	49	33	47	32	12	8	28	62	35	31	38	43	71	13	49	99	95	50	94	89	63	21	96	97	40	33	22	65	34	47	89	14	64	90	8	23	46	66	10	92	58	40	38	54	55	73	42	25	99	58	12	82	58	93	66	55	17	48	64	9	15	94	98	49	34	87	43	79	98	54	22	37	41	6	16	32	18	56	76	88	33	1	25	33	80	45	50	25	42	82	41	72	9	22	78	21	36	36	60	78	41	93	33	18	22	17	14	27	66	15	2	77	51	19	74	77	53	63	73	81	99	45	72	10	96	62	95	31
