pij																																																																																																																																																																																																							
66	94	21	73	56	80	49	14	11	24	67	32	32	48	76	40	48	38	46	81	74	62	17	67	89	19	78	13	50	64	74	20	41	77	30	74	68	19	13	73	80	70	48	73	38	60	98	23	83	57	24	19	96	78	39	69	98	32	68	26	60	27	55	61	83	55	32	60	73	89	76	93	19	92	65	91	16	59	76	18	36	48	16	30	91	30	62	86	92	73	61	47	30	47	78	67	56	62	72	75	82	100	84	33	72	93	29	85	53	12	85	63	13	38	16	19	32	37	64	62	26	66	30	20	100	73	61	32	69	13	78	20	39	62	88	83	27	19	91	13	95	25	32	43	25	36	18	63	45	64	45	78	88	75	48	15	30	95	24	76	38	75	24	15	27	36	32	47	63	50	87	14	79	76	43	30	17	45	88	54	42	47	87	13	80	38	25	71	53	64	22	56	14	85	18	35	75	58	97	18
95	73	90	97	91	68	15	48	89	28	13	56	18	74	37	39	46	32	37	20	87	65	87	86	78	40	33	78	92	84	23	30	39	69	31	21	24	61	43	17	93	78	97	100	67	38	48	90	52	21	19	28	95	51	43	51	22	41	13	91	12	83	77	74	30	68	92	78	17	100	51	93	71	96	42	12	71	13	99	30	39	59	96	13	99	73	55	95	25	30	83	34	74	34	46	52	53	19	98	18	82	24	26	86	21	85	78	14	50	34	48	38	24	31	19	39	89	57	83	58	54	96	57	58	60	17	57	38	65	78	18	81	49	11	50	85	85	13	83	61	38	23	29	67	77	86	12	40	45	65	90	66	81	57	94	96	74	69	69	13	69	14	56	83	65	75	59	32	29	47	36	50	66	17	39	15	19	45	71	48	98	63	32	58	60	73	94	77	61	49	35	51	50	16	14	43	36	94	65	46
82	82	64	47	83	14	32	30	54	97	85	92	23	70	96	63	14	66	46	72	47	59	50	48	49	66	21	82	77	75	40	21	16	50	16	70	87	78	60	38	55	89	23	89	33	58	21	67	22	44	66	62	14	18	84	75	57	65	47	68	74	16	56	27	18	52	56	98	30	44	94	73	53	63	15	68	43	83	12	65	100	15	17	68	63	12	50	15	35	28	19	70	97	90	68	28	62	40	30	72	69	79	54	70	47	14	18	23	36	89	23	73	94	13	95	30	77	65	95	51	16	92	35	11	20	57	62	33	84	63	24	65	13	14	46	33	83	75	28	89	69	59	23	86	26	32	94	88	61	39	15	88	81	85	11	47	26	61	94	88	41	76	56	42	96	53	35	37	52	56	63	95	36	14	45	12	67	25	18	75	87	45	31	90	33	53	25	17	76	15	90	98	65	82	77	47	64	26	35	88
23	78	62	84	100	31	73	38	31	51	67	37	45	76	67	27	67	29	21	33	47	96	19	75	28	48	83	39	79	33	84	40	79	84	85	24	83	16	10	16	34	99	45	73	37	62	88	48	31	66	75	62	78	37	79	72	88	64	12	87	52	70	43	70	16	81	73	87	41	46	34	62	38	43	23	73	34	45	15	11	45	46	74	76	34	32	95	51	74	70	26	56	29	34	95	46	30	12	74	14	18	68	55	64	56	97	55	13	92	69	73	85	65	22	83	26	15	71	80	90	37	44	65	65	65	34	14	52	27	24	57	41	19	61	98	97	80	44	24	34	37	29	92	97	31	75	28	53	38	66	87	88	13	57	45	51	80	11	25	64	85	100	47	88	17	17	17	19	28	26	41	40	81	66	27	19	62	55	99	61	99	19	19	37	83	10	51	78	17	82	62	85	93	69	17	24	20	15	18	82
68	49	27	83	93	12	28	80	70	55	58	60	97	56	24	52	83	80	44	32	82	38	84	76	49	97	64	30	65	37	87	66	42	95	99	82	55	97	82	17	50	28	14	40	24	82	73	86	99	48	20	19	48	49	11	64	31	46	30	34	77	91	48	20	89	84	100	32	69	70	14	51	49	45	21	20	84	98	79	28	41	91	27	96	11	91	76	34	66	20	34	81	36	33	37	48	51	99	61	98	14	23	26	75	88	98	33	32	92	61	15	86	76	11	62	26	11	75	77	16	37	46	30	15	91	60	51	26	37	25	18	50	42	18	50	43	60	40	32	89	36	52	92	95	89	35	37	10	59	46	21	44	72	91	18	49	56	11	12	45	51	90	16	31	12	65	95	49	71	20	31	62	46	97	16	38	72	50	11	17	16	62	40	45	24	64	45	85	23	72	29	12	49	64	30	92	44	38	92	71
26	40	52	62	49	21	28	54	68	14	18	19	24	25	79	80	52	83	18	25	72	62	43	26	62	53	43	49	15	43	74	91	46	55	43	76	74	33	59	98	72	36	46	94	19	30	75	99	80	60	46	74	31	66	17	64	93	36	82	95	41	17	56	36	85	97	16	24	17	57	62	53	48	53	64	60	88	17	38	30	38	100	87	46	41	51	16	28	25	71	72	51	48	62	72	54	73	17	27	85	74	34	67	49	56	96	63	46	47	31	64	82	33	62	100	45	20	61	27	50	62	56	96	42	47	84	45	89	76	26	54	83	12	82	23	96	55	93	33	22	31	55	86	85	58	43	54	45	85	28	31	32	50	48	39	87	47	50	65	74	10	64	66	34	68	25	45	68	64	63	28	48	75	70	77	50	56	77	65	31	86	60	66	58	89	51	33	93	23	64	12	14	88	23	85	78	78	75	46	39
21	60	33	78	83	38	61	15	91	29	86	98	26	14	34	61	41	75	93	68	18	99	82	27	96	26	33	32	73	37	59	61	55	83	49	30	36	55	87	64	31	16	13	31	16	42	54	24	50	38	62	47	89	22	62	92	48	88	50	41	65	97	16	46	63	50	45	53	46	39	33	67	67	19	14	22	36	59	14	66	77	24	23	36	25	60	78	11	87	71	47	37	41	34	49	12	20	20	26	93	44	88	73	79	87	81	65	24	53	28	86	69	59	65	75	40	65	81	84	99	48	58	23	89	72	42	87	95	63	20	83	80	66	62	78	88	21	51	35	69	17	53	63	40	38	24	45	95	45	74	42	63	95	27	85	77	58	81	91	29	97	95	24	68	98	100	66	49	64	61	68	63	30	42	75	75	41	12	45	44	12	70	62	11	84	67	65	53	93	86	25	72	44	31	36	90	35	12	56	80
35	89	93	85	16	29	27	49	35	67	42	45	72	78	51	60	18	99	35	74	58	25	13	95	74	68	73	17	67	100	48	36	99	96	55	95	37	79	19	61	67	93	64	72	60	53	49	17	40	71	47	15	94	85	65	40	11	30	36	92	53	99	99	22	40	19	21	79	45	41	99	91	46	16	20	98	57	78	41	26	62	49	40	23	70	36	63	37	43	80	74	24	55	49	29	31	30	43	61	19	21	82	22	34	67	23	63	25	79	94	79	72	21	67	86	70	30	21	53	33	82	15	39	42	16	74	26	63	18	93	16	79	26	17	24	18	53	49	64	67	85	13	76	59	38	32	58	55	26	20	10	55	90	10	87	34	79	31	28	99	69	22	49	82	89	67	49	58	97	73	52	85	50	37	61	42	95	64	88	87	94	90	96	61	73	71	66	95	37	21	11	43	80	95	29	32	30	86	13	23
33	92	30	12	27	28	49	68	22	94	35	40	16	51	64	91	33	63	70	44	67	59	98	34	40	73	76	55	51	67	65	43	23	40	49	21	45	34	62	20	74	86	52	56	55	80	62	91	82	52	53	28	84	75	39	49	10	48	45	46	86	84	38	77	62	16	57	40	65	32	90	72	38	43	65	37	81	90	65	71	30	93	31	18	80	28	53	25	29	53	22	73	61	95	58	61	97	96	56	62	66	88	65	26	90	27	61	27	43	11	74	14	83	94	82	74	42	45	99	79	35	15	15	84	48	32	37	28	60	17	96	99	77	19	45	55	11	99	97	33	35	45	83	65	61	89	80	32	21	61	18	49	77	48	82	16	93	66	85	85	50	15	82	59	74	59	38	87	36	20	47	57	60	83	99	86	13	27	91	35	58	70	27	82	22	56	97	98	36	60	93	65	80	32	26	65	74	90	82	43
82	54	60	11	91	85	88	18	10	32	12	33	74	43	81	46	49	60	90	41	44	22	61	65	95	86	53	16	51	76	76	27	30	12	35	13	47	13	83	82	80	95	79	48	19	47	30	69	68	94	26	30	69	74	70	33	41	52	85	64	30	48	61	75	68	12	15	10	97	67	28	95	50	61	72	53	82	29	62	14	78	31	69	40	85	40	100	53	92	20	56	50	82	45	77	58	76	24	46	63	71	24	59	39	93	15	68	22	48	93	41	24	22	45	40	87	60	69	22	54	12	88	16	52	52	67	83	99	35	65	99	65	55	23	92	66	75	39	57	94	55	21	65	94	43	81	98	32	100	99	69	28	41	58	48	64	46	56	77	32	73	44	35	19	25	75	54	78	72	90	25	52	37	83	37	100	61	97	26	68	19	64	89	95	57	30	14	89	55	68	23	41	22	87	65	13	82	53	96	27
41	26	76	31	29	70	77	98	75	14	69	75	87	52	42	28	13	78	80	87	88	81	20	32	73	61	80	64	60	39	74	76	41	96	90	22	63	75	56	91	11	26	14	49	86	47	93	99	30	40	42	33	33	43	46	61	87	46	39	42	36	31	34	40	31	99	78	39	65	51	49	26	50	23	85	98	68	70	14	11	17	91	90	14	92	72	97	73	89	93	94	62	59	82	75	11	22	54	58	37	32	42	35	100	60	54	60	82	29	17	67	47	33	12	47	66	99	36	18	87	55	76	33	63	36	81	14	80	54	23	51	15	25	77	64	39	12	16	54	82	92	15	43	59	99	29	45	64	77	47	70	55	89	53	13	20	79	43	18	59	60	20	92	95	25	27	26	27	62	63	62	28	45	49	63	32	83	95	83	33	16	44	16	96	33	12	91	84	23	43	44	14	13	44	15	63	25	92	32	73
84	45	79	73	41	11	20	84	27	76	52	90	73	11	44	74	50	70	23	23	40	71	11	99	16	91	62	52	72	26	76	45	93	73	95	26	80	62	75	98	38	48	34	67	17	79	61	66	99	89	61	59	79	35	62	62	29	59	98	58	17	63	18	69	20	60	68	98	88	78	21	68	27	30	67	31	10	27	69	43	25	17	19	67	93	87	68	17	75	36	95	12	41	21	11	66	100	62	44	47	89	44	75	10	53	66	39	28	65	19	34	45	19	64	22	19	63	58	31	44	42	46	76	43	24	87	68	33	44	92	48	81	87	54	11	47	85	15	75	99	53	26	89	33	83	62	92	72	32	61	58	30	86	93	16	57	54	59	79	26	43	59	61	44	67	76	57	77	41	31	98	37	24	82	30	86	32	93	11	90	48	78	24	88	67	90	11	30	62	76	70	93	95	19	37	65	38	66	45	80
69	37	11	10	88	68	58	15	79	15	82	59	83	97	87	40	96	61	36	91	73	64	64	53	19	97	67	53	23	91	35	87	57	11	58	36	34	53	44	30	26	95	30	74	76	43	23	67	33	23	87	71	45	11	69	65	51	44	69	47	84	48	19	67	26	17	78	34	81	16	35	43	93	72	96	95	85	90	75	68	15	14	90	49	24	41	47	16	22	73	26	54	50	29	16	61	22	20	79	35	50	69	76	35	47	57	63	93	52	80	70	99	14	30	50	70	32	48	19	53	52	52	66	27	88	89	58	42	43	88	17	15	44	94	37	86	42	80	61	51	44	88	87	93	85	73	14	82	22	77	55	93	96	42	59	61	53	66	58	29	71	32	42	18	67	49	52	48	82	12	20	20	77	15	38	20	10	22	83	60	52	32	73	14	46	53	64	31	22	16	38	77	15	20	80	51	47	47	39	26
61	33	28	46	30	47	92	92	92	68	21	72	36	94	75	83	69	40	81	40	36	13	75	85	53	77	67	91	16	72	99	32	27	94	95	43	92	67	42	37	43	74	94	53	58	20	88	74	56	24	20	89	98	33	44	21	26	90	64	43	99	50	20	22	20	95	93	57	72	35	17	86	65	71	95	56	28	18	23	83	31	86	38	24	93	83	12	51	30	30	49	99	39	74	77	58	12	24	76	31	22	70	75	74	40	84	85	39	13	17	46	57	23	62	92	33	56	90	79	48	56	31	66	44	82	27	57	47	25	77	26	45	12	50	11	83	43	14	87	56	81	59	17	57	83	44	62	43	18	62	89	34	34	40	95	54	23	43	11	11	43	69	98	46	10	48	78	30	94	65	24	94	51	81	59	12	28	37	53	24	74	87	72	47	45	51	84	45	87	38	87	87	72	77	19	19	83	94	97	32
84	13	71	19	46	27	17	58	70	41	28	91	58	35	55	75	76	45	47	46	23	72	99	56	25	26	52	10	93	14	88	31	86	94	94	81	81	40	32	67	67	81	94	16	42	64	96	92	91	79	46	62	33	30	17	24	46	34	96	25	56	48	90	58	18	77	71	43	89	75	24	72	24	90	24	71	21	26	87	32	50	12	86	54	38	86	16	64	30	72	93	18	65	12	96	70	89	29	96	51	97	53	29	98	39	39	82	53	86	96	96	63	51	66	69	98	94	17	65	64	47	25	61	34	36	84	29	23	90	45	86	28	60	74	77	47	33	16	54	62	76	53	72	73	88	73	39	39	17	20	39	57	45	87	97	30	98	17	96	76	65	60	79	38	44	11	17	53	89	48	35	60	54	61	36	79	87	66	57	61	44	72	67	35	11	58	62	97	54	50	71	27	47	87	23	81	76	84	96	34
81	69	48	15	92	30	56	61	38	32	87	51	54	59	24	77	35	72	58	80	42	95	53	62	82	68	80	89	65	41	52	55	36	18	36	36	94	82	29	50	18	85	21	88	91	77	56	46	85	88	87	38	73	52	65	86	99	25	72	78	28	95	50	100	89	15	53	68	32	79	71	100	48	23	49	37	17	27	22	21	70	36	28	83	90	50	71	48	22	82	82	83	95	18	33	64	55	95	24	47	97	56	26	88	62	69	13	22	13	94	73	12	28	53	90	38	60	26	80	46	79	10	39	19	36	31	34	30	16	67	52	89	62	67	89	74	74	29	51	29	44	85	78	30	42	31	48	57	34	95	53	70	36	33	86	51	47	76	25	60	31	51	56	46	74	51	84	61	38	92	95	21	99	73	90	80	28	74	83	42	81	17	45	48	83	72	58	63	63	13	78	74	34	78	50	98	56	55	56	62
80	21	75	90	86	36	91	39	61	80	18	96	30	70	45	88	86	71	30	82	66	39	45	59	72	45	54	51	26	12	25	16	22	41	22	19	39	54	95	44	14	70	51	22	60	38	79	39	55	82	86	14	22	55	88	82	51	82	81	94	77	93	14	57	58	24	61	72	82	60	31	67	28	54	89	89	72	13	64	61	13	39	67	49	91	87	36	55	88	76	81	61	36	65	59	100	21	21	96	47	14	58	97	69	70	70	48	36	34	14	90	89	98	31	30	60	39	22	36	71	95	58	22	22	11	38	76	75	77	94	13	78	45	61	48	75	74	42	51	77	27	36	45	81	39	30	69	94	34	81	12	24	96	67	80	83	40	36	34	89	24	50	33	43	62	25	53	57	78	62	58	72	80	80	69	16	69	46	25	75	48	32	13	61	80	84	93	76	40	13	71	58	25	34	21	74	89	99	98	97
27	78	82	54	46	17	12	81	90	56	98	82	13	12	21	90	57	90	47	28	68	61	72	100	20	28	29	27	40	76	35	69	70	48	66	27	64	80	33	46	39	97	91	19	66	56	68	33	23	34	58	85	78	33	83	51	46	75	59	65	75	75	50	29	97	53	45	74	76	56	92	40	65	91	18	41	69	24	25	92	62	27	49	98	75	15	86	32	91	68	81	96	15	97	63	89	27	80	25	66	55	46	45	91	76	100	78	31	95	93	46	76	77	47	57	88	64	69	28	75	61	79	86	93	59	29	28	97	58	47	71	14	80	46	41	27	31	40	75	18	68	39	82	18	51	79	20	38	82	47	69	70	45	19	75	94	21	14	82	54	55	99	57	87	30	64	62	62	58	49	95	81	79	29	64	32	55	72	61	25	24	68	43	53	53	43	62	44	48	31	36	53	91	42	37	89	14	45	85	13
58	15	32	20	31	54	28	77	14	43	32	66	84	91	15	90	87	13	91	72	49	53	91	40	93	35	55	91	93	78	20	92	87	30	96	90	69	65	14	25	90	65	64	49	23	18	46	11	96	27	20	84	25	87	15	47	42	97	90	17	18	14	35	60	42	47	55	64	76	13	58	76	95	35	52	37	62	21	58	15	95	71	99	97	14	45	39	90	44	26	63	72	49	41	25	77	21	39	34	88	85	37	23	25	29	87	97	33	62	56	62	15	17	83	49	73	42	91	41	19	53	77	42	77	87	94	61	90	82	25	36	79	74	26	23	48	99	17	75	29	16	32	75	45	95	26	68	13	91	31	51	36	73	65	14	36	79	98	69	27	45	42	42	66	18	79	24	24	95	37	75	36	89	98	90	21	82	38	29	27	10	95	51	80	95	65	59	76	15	57	13	45	56	89	93	72	58	17	14	12
66	24	56	92	56	82	84	51	18	21	44	81	38	93	48	65	94	67	99	29	89	91	98	81	27	38	46	87	57	98	35	33	29	81	53	22	66	55	56	93	29	60	36	18	73	79	61	63	91	45	39	84	30	72	42	43	87	73	84	45	45	57	39	43	72	39	99	56	66	47	74	70	79	32	12	48	72	75	72	71	35	33	58	77	60	26	14	49	60	48	93	53	13	73	33	36	61	81	67	12	69	89	73	72	16	92	35	41	62	64	48	66	41	84	36	46	63	34	71	41	46	87	47	100	24	88	55	77	94	33	37	85	76	67	72	34	91	29	22	54	59	34	59	35	16	34	64	16	46	77	51	11	33	85	87	84	65	58	95	39	30	69	41	32	76	97	28	55	25	62	95	41	93	50	59	92	83	73	96	95	51	31	28	65	97	32	57	76	52	94	47	82	100	97	31	81	38	68	88	70
wj																																																																																																																																																																																																							
30	99	33	90	28	21	61	22	27	55	12	60	84	35	89	58	13	53	23	94	53	16	29	61	47	43	95	97	13	86	51	11	73	86	23	77	8	26	14	10	8	94	96	42	23	83	54	5	38	38	91	50	84	31	59	48	36	10	20	24	62	61	62	18	39	44	50	96	72	2	82	56	39	25	17	51	87	48	35	80	10	94	52	88	75	63	78	8	98	43	86	20	22	5	43	15	55	85	30	96	60	76	89	61	12	27	27	31	72	62	72	16	46	74	97	16	52	14	36	94	12	20	14	76	25	77	27	18	66	46	66	79	43	59	11	50	92	79	48	22	72	29	97	64	83	92	78	81	68	84	46	29	34	86	11	11	91	92	42	26	54	91	79	77	23	77	39	37	74	74	10	85	11	59	35	44	31	7	74	96	39	63	21	94	5	61	16	59	49	68	46	64	38	76	51	28	20	96	38	57
