pij																																																																																																																																																																																																																																																																																																											
53	24	39	46	71	57	94	75	36	63	32	75	66	98	63	82	54	92	20	11	57	23	73	58	73	53	90	57	79	97	41	55	78	79	21	11	85	91	11	25	87	76	41	31	90	83	19	84	37	49	71	38	59	67	12	23	20	45	15	95	33	82	84	29	14	89	55	95	73	65	67	43	78	16	77	90	80	48	41	43	49	35	40	30	84	83	56	63	28	62	71	63	25	84	57	71	65	46	32	87	34	75	93	73	27	57	24	10	82	72	26	44	73	62	77	17	88	17	13	48	48	91	49	63	19	40	54	93	45	35	79	47	15	55	77	78	98	57	46	47	81	13	51	38	26	80	42	46	64	78	70	34	57	13	91	57	52	45	77	49	25	40	32	55	58	90	48	59	59	68	63	66	42	52	100	66	57	30	25	16	13	14	63	58	22	26	95	35	88	66	42	66	66	16	69	31	82	40	46	62	88	61	50	84	88	89	80	14	72	100	78	61	92	96	57	47	70	18	16	29	80	68	15	73	21	87	96	32	21	92	79	19	62	66	34	28	11	22	14	17	99	42	61	51	38	50	77	17	72	92	41	27	93	55	53	17	18	81	19	39	45	12	95	45	46	94	61	87	74	22	52	59	15	90	77	53	67	86	80	49	38	71	83	74	13	32	40	24	98	21	69	43	26	78	86	91	24	13	34	19
90	35	31	48	79	66	63	32	32	11	46	58	11	96	96	82	10	75	28	52	28	56	51	82	53	35	50	73	37	97	56	80	44	67	85	37	49	83	45	88	20	95	55	57	86	21	53	83	55	72	42	72	87	64	16	94	85	24	93	13	57	46	56	25	28	11	44	62	95	70	94	92	74	93	69	64	10	97	23	24	33	50	21	15	72	26	10	31	45	95	41	73	38	90	68	63	64	21	15	60	52	35	78	97	38	27	86	60	79	39	35	28	85	63	79	20	86	72	62	19	59	69	88	86	17	62	23	83	94	94	72	63	82	37	64	31	46	33	54	30	46	53	38	51	86	46	77	97	45	98	38	33	28	24	98	95	73	27	12	73	21	43	80	54	72	74	35	15	70	87	27	88	14	88	19	28	100	14	79	75	29	83	84	60	67	77	34	64	23	56	99	51	38	22	43	83	73	11	72	69	34	46	46	52	22	42	90	58	66	58	38	56	47	72	67	20	24	15	53	26	66	26	44	80	44	48	75	62	75	54	83	73	64	75	75	36	28	25	95	21	42	44	39	33	54	70	91	89	92	90	99	55	73	13	37	66	10	34	60	89	53	39	64	86	40	89	47	91	54	39	22	41	54	46	73	56	20	85	89	50	15	37	29	65	21	35	51	39	24	51	75	18	77	72	69	18	86	43	79	45
28	57	86	72	60	22	79	48	18	79	74	70	91	18	49	93	30	66	69	24	75	53	70	87	49	83	76	22	99	21	60	85	94	66	65	66	32	85	76	59	30	27	83	28	33	63	92	81	22	69	45	58	98	65	32	76	97	89	61	33	40	17	35	72	20	19	70	76	29	75	94	98	83	71	16	19	58	23	56	86	93	62	73	61	16	11	56	92	59	72	100	19	49	26	19	14	73	18	54	29	89	89	18	65	67	21	69	70	67	86	53	54	81	89	87	14	61	57	39	11	43	34	91	42	29	34	19	61	87	51	98	45	43	56	25	90	28	93	64	14	16	11	55	60	79	56	45	12	28	96	72	95	87	94	63	88	59	83	78	65	42	74	49	43	26	75	85	33	57	61	85	88	92	71	83	54	96	62	48	23	30	79	12	37	20	26	16	67	34	62	35	77	36	89	60	33	72	75	53	41	12	44	57	90	28	66	31	95	40	26	51	38	83	53	60	61	60	20	28	17	48	85	38	54	98	42	79	99	75	25	80	47	36	48	29	53	11	37	68	32	42	53	83	36	29	51	35	37	73	61	30	62	50	96	40	79	99	65	48	45	31	31	47	23	43	100	79	77	94	34	21	32	63	46	17	82	91	65	20	50	100	88	63	60	62	36	45	82	59	66	32	78	68	68	34	42	59	55	20	81
37	19	11	15	85	45	68	74	96	56	87	67	90	76	14	42	63	33	12	72	100	20	46	46	42	84	89	51	26	70	83	66	69	50	17	76	97	16	23	54	81	49	39	63	67	62	44	19	61	52	84	99	25	91	98	70	48	19	87	23	33	70	20	70	68	99	94	89	84	82	28	46	80	18	30	83	49	43	76	76	89	77	51	41	92	66	73	42	93	16	40	44	73	83	11	62	11	65	98	79	14	51	82	48	58	53	87	10	64	17	81	99	80	46	52	99	75	18	80	76	78	53	51	87	20	91	68	20	69	75	43	75	50	77	30	42	65	94	23	95	38	54	22	49	38	77	82	99	26	18	85	48	68	85	31	82	26	85	13	45	77	45	89	37	50	15	31	14	35	74	12	69	81	54	48	97	57	57	71	88	49	93	69	22	46	57	69	83	94	21	96	33	60	11	27	21	98	68	93	17	97	83	27	59	77	74	65	79	61	48	61	35	24	45	94	43	48	19	33	69	14	41	36	43	73	15	60	14	42	72	59	78	36	88	71	79	27	63	16	78	54	85	44	45	68	29	36	13	90	98	24	61	37	49	44	52	46	15	18	36	75	74	62	44	32	14	69	38	41	34	100	89	61	56	38	32	13	19	75	43	72	11	28	94	17	72	79	90	45	60	65	85	15	74	96	64	67	55	73	87
99	23	74	19	28	66	50	23	45	71	46	10	54	55	56	67	27	81	35	26	46	93	46	20	57	86	33	75	21	14	32	77	25	36	35	86	46	31	24	15	77	31	79	21	94	83	94	96	50	11	85	29	63	66	99	13	99	82	24	95	92	46	80	96	54	53	89	18	65	18	39	29	43	73	41	90	60	44	22	68	92	84	17	19	46	86	93	20	26	52	60	19	91	75	21	56	60	25	38	95	26	55	16	37	79	77	95	63	77	88	85	52	36	79	51	16	14	72	81	18	28	33	67	44	86	59	16	63	78	80	64	62	70	89	25	61	63	96	77	34	71	57	32	24	22	47	23	88	42	14	96	85	39	30	24	75	33	81	52	57	12	96	38	93	29	14	46	81	47	34	91	89	44	26	35	16	10	40	48	95	54	32	43	66	32	60	100	22	76	41	51	68	59	46	68	83	69	68	64	76	94	83	37	93	48	90	48	56	97	25	64	76	40	64	59	35	35	37	34	73	64	33	91	68	17	90	95	70	11	98	48	30	51	52	54	21	48	37	22	90	30	68	96	21	24	89	13	57	58	74	50	18	31	54	92	36	87	31	54	65	61	14	80	81	83	54	80	42	90	31	98	34	68	100	100	43	97	56	85	20	39	15	13	84	36	40	16	96	13	24	32	27	75	74	23	26	14	56	30	54
58	39	19	85	12	44	32	99	16	11	78	49	50	63	15	35	66	14	49	77	30	78	31	83	31	89	56	57	81	29	67	33	22	32	31	98	57	78	71	75	91	12	67	28	95	42	91	71	97	22	83	53	74	13	67	88	23	13	21	65	15	61	44	59	22	50	70	50	52	85	87	13	50	25	51	49	21	74	53	31	62	46	13	15	97	73	50	44	96	68	78	32	83	23	41	25	51	35	52	87	54	66	85	83	50	57	61	30	98	30	73	41	62	75	77	46	47	14	21	87	96	52	24	31	64	89	94	86	90	52	21	77	90	64	15	14	18	10	24	28	82	40	94	35	74	41	91	98	52	57	26	46	27	83	56	17	46	76	15	25	42	56	32	38	32	74	34	21	98	62	49	48	31	38	86	79	25	58	80	61	17	15	70	48	92	82	80	13	84	99	15	38	65	13	12	57	83	22	97	69	49	60	24	86	33	84	92	74	98	80	97	98	32	72	64	70	56	55	45	77	98	64	46	99	89	42	23	99	74	94	32	74	79	34	66	59	37	24	12	22	22	41	91	68	72	54	42	80	57	93	93	79	46	70	47	33	60	65	20	80	45	16	72	31	80	57	25	73	16	52	96	20	66	81	23	60	75	37	46	35	51	14	17	14	73	99	19	97	26	93	80	18	36	31	11	66	95	18	85	94
86	93	27	80	31	63	33	65	84	59	59	62	25	62	62	85	62	50	13	81	83	63	72	30	51	32	37	60	12	19	48	27	58	47	33	79	56	35	65	91	62	52	62	65	14	76	39	30	14	33	16	18	39	44	28	33	24	71	43	44	97	81	39	75	97	19	16	49	19	37	95	33	60	96	80	18	90	57	71	100	31	54	71	75	33	47	29	32	37	42	86	100	27	47	20	69	27	66	55	35	73	20	83	53	96	13	65	30	90	43	77	16	21	20	36	53	86	61	92	30	95	38	10	74	71	41	39	79	32	37	83	21	18	81	98	67	22	67	71	36	60	81	69	91	32	97	58	80	18	71	69	37	24	63	74	58	45	33	12	16	88	17	25	90	52	25	58	15	41	47	15	56	21	17	30	79	95	72	65	13	80	98	41	95	27	45	80	74	76	100	37	90	52	62	56	61	90	93	88	63	84	89	51	30	97	89	82	20	16	41	16	85	62	22	78	79	74	44	17	98	48	17	94	13	40	10	11	15	20	13	78	69	79	86	43	100	41	29	10	28	34	96	33	38	87	47	72	24	70	22	34	57	83	80	27	23	14	30	83	96	91	84	57	67	60	32	35	26	43	47	54	29	16	40	51	74	42	71	60	32	56	15	62	93	77	76	22	79	100	18	88	66	48	54	71	22	21	67	64	29
27	14	48	57	25	34	44	49	66	94	16	97	59	43	74	47	12	33	88	77	12	94	88	24	16	83	99	91	28	18	66	17	72	69	18	92	49	46	21	30	34	85	39	14	52	94	60	27	79	44	74	42	27	41	18	42	70	74	64	54	77	76	18	11	22	15	58	99	51	29	12	99	38	49	28	68	80	42	95	99	37	45	34	59	88	66	59	40	32	88	49	74	51	17	64	97	39	40	79	50	76	50	97	74	68	80	15	44	33	15	59	68	18	65	99	22	39	36	74	91	79	53	91	15	66	57	21	22	26	73	12	48	21	35	23	88	82	85	55	11	95	65	64	26	43	97	71	73	38	76	80	13	76	31	68	41	20	31	91	12	24	95	53	62	98	15	74	61	15	49	34	47	89	49	14	20	41	80	91	13	100	60	70	68	94	49	66	16	28	17	77	45	99	97	99	65	96	47	24	33	85	20	85	78	77	48	91	93	15	52	26	84	60	36	73	83	50	52	83	14	98	86	86	70	15	67	42	56	78	98	81	48	90	37	81	70	20	60	37	17	36	97	73	82	95	76	32	66	70	85	56	55	34	90	18	39	98	83	61	45	97	33	33	47	61	23	25	19	86	52	93	25	70	75	12	35	24	39	54	13	51	47	61	15	53	76	93	59	13	21	37	46	44	27	38	75	43	23	14	55
33	30	63	47	53	24	50	41	95	35	55	75	23	73	87	84	64	19	93	80	41	88	50	64	73	57	39	48	82	51	36	43	29	85	18	67	21	78	91	53	47	72	40	23	63	30	51	53	17	96	40	61	39	78	78	51	57	14	48	39	14	43	89	17	30	31	10	60	94	53	27	32	14	31	23	68	62	99	93	30	63	73	72	53	42	95	31	17	39	75	22	71	57	51	77	29	93	23	65	56	88	44	90	51	12	11	65	70	16	66	37	56	67	53	65	80	85	61	40	90	95	38	26	60	46	63	51	63	32	46	94	21	24	38	42	57	81	85	23	16	24	53	14	19	91	53	63	99	73	55	19	59	58	73	78	79	87	26	16	64	89	33	11	92	93	54	48	70	25	73	92	44	49	13	71	89	50	82	65	27	63	34	42	85	23	39	42	100	35	99	88	38	90	87	71	15	98	90	38	61	69	65	72	55	72	23	64	56	20	20	13	43	91	93	85	68	55	50	80	91	18	96	14	58	32	82	89	13	10	24	51	40	97	23	89	24	84	86	21	67	37	51	56	69	50	42	83	30	76	18	48	30	48	83	34	81	90	70	79	80	77	98	13	44	64	83	42	38	54	41	37	23	52	64	77	57	47	12	28	80	78	88	74	26	19	45	90	43	36	91	14	22	59	53	44	97	16	21	48	19
93	94	47	32	35	20	39	61	67	78	95	90	91	97	15	80	72	71	41	79	47	86	27	62	99	20	79	18	84	80	18	22	25	60	44	55	92	78	50	20	27	21	53	88	39	74	59	72	65	59	79	40	39	92	64	56	76	70	53	94	14	38	94	45	56	48	34	41	77	78	58	74	26	45	67	84	35	53	94	65	21	26	14	10	27	38	56	95	65	71	65	24	70	57	34	73	98	22	77	85	52	72	13	81	50	94	12	96	95	27	39	83	13	94	95	17	16	32	28	33	82	29	30	23	58	92	36	80	55	76	83	98	73	61	96	61	75	46	65	51	96	47	86	60	93	62	18	15	51	17	29	56	52	36	19	24	18	88	34	17	70	58	58	39	94	75	48	38	61	98	68	81	21	57	46	51	19	89	59	35	72	12	33	76	92	44	29	11	35	67	63	80	44	59	27	85	20	49	73	62	86	28	20	76	52	87	21	62	96	89	88	76	87	17	86	16	27	23	28	19	81	64	41	75	83	36	98	72	27	30	58	77	30	20	61	97	38	40	87	84	84	18	70	28	52	54	64	47	78	34	43	94	49	89	91	32	95	98	51	20	84	27	56	44	71	22	61	40	81	42	86	40	74	35	62	97	87	92	34	98	24	44	30	41	13	37	24	13	14	30	68	72	44	21	97	63	72	11	70	23
39	29	90	53	57	35	88	72	24	77	71	81	79	45	90	98	27	57	59	53	37	47	56	46	40	81	67	82	82	69	50	27	53	54	97	97	88	83	13	89	21	75	43	75	69	84	28	91	72	71	12	30	61	97	75	94	93	69	36	92	77	43	86	59	62	75	54	13	31	94	85	94	23	59	29	70	86	66	67	50	35	74	61	99	90	21	96	20	66	72	75	15	32	30	51	84	53	81	69	58	43	89	73	85	90	54	85	96	33	50	40	49	19	79	52	33	64	61	56	39	33	41	41	22	52	32	21	12	89	57	14	94	58	31	76	10	42	44	18	34	14	24	36	21	37	10	80	44	62	96	52	26	47	81	90	65	20	57	13	40	97	82	35	82	20	84	49	53	54	68	84	13	99	53	20	39	45	18	28	88	27	47	53	83	77	49	80	98	45	22	92	69	46	87	95	59	58	60	14	20	100	11	87	57	62	31	25	90	50	73	24	44	32	83	85	12	92	45	92	36	14	94	18	81	16	12	90	98	73	13	98	83	55	97	13	61	83	28	62	88	92	94	17	76	45	71	31	86	14	10	26	20	40	94	39	83	12	17	48	86	82	58	53	39	65	92	48	38	73	44	41	89	22	16	48	63	51	40	61	40	49	34	54	13	29	57	56	32	79	53	19	95	65	81	64	50	34	82	45	53
44	83	75	98	30	78	54	17	100	22	45	17	14	88	64	59	82	38	50	52	86	86	22	20	54	25	28	84	52	28	60	47	75	74	31	69	73	12	42	26	90	11	41	33	85	71	74	32	41	86	84	72	24	20	26	29	87	62	92	50	79	91	26	92	75	62	74	37	53	79	20	94	53	27	85	75	16	27	56	23	40	39	65	59	53	69	21	62	75	47	60	75	89	77	96	32	27	58	35	74	42	26	43	38	10	69	94	82	44	67	46	95	67	28	55	96	91	25	60	70	68	70	18	31	22	98	97	84	46	85	21	38	47	24	14	72	54	32	71	81	16	93	28	33	62	60	96	17	98	55	15	51	30	40	53	97	64	22	17	31	43	24	66	74	25	26	97	27	62	89	63	35	86	93	94	71	69	100	91	28	27	28	39	64	72	53	99	82	40	86	86	24	39	19	95	60	31	52	41	34	17	38	34	97	59	13	15	90	56	89	37	40	100	56	16	83	38	80	100	35	39	50	52	70	87	44	89	48	25	99	28	51	96	42	23	33	63	78	34	34	45	97	46	74	27	37	38	88	25	16	18	64	33	84	50	27	34	92	49	31	95	59	78	38	33	27	17	66	93	72	59	15	75	73	45	37	68	25	17	68	32	68	24	52	21	43	18	69	16	43	33	72	17	82	32	76	97	76	25	28
35	56	41	82	34	27	32	80	54	21	81	83	82	23	86	27	91	47	28	46	73	52	22	48	19	65	84	23	50	14	35	48	15	92	32	48	19	54	34	79	38	52	40	46	33	81	42	85	32	64	22	42	17	34	11	65	54	66	29	65	42	39	17	97	13	85	27	32	18	95	74	14	99	13	14	63	91	32	13	67	71	30	91	28	20	51	96	10	89	78	35	30	76	14	46	84	67	68	28	74	90	18	71	83	99	28	45	41	52	41	77	57	98	45	46	53	28	54	62	54	23	72	65	76	94	81	17	78	23	58	84	79	30	64	89	13	57	11	38	61	57	58	44	81	73	65	27	65	38	68	15	80	87	55	37	43	39	73	81	86	14	98	14	75	40	59	41	53	10	98	91	89	95	73	85	46	10	45	77	18	32	69	80	54	64	81	35	47	31	57	26	15	46	46	18	85	59	13	41	26	100	76	58	92	35	11	90	23	74	55	43	20	70	18	56	34	79	67	52	17	23	42	54	66	78	10	74	69	59	35	52	87	93	27	24	85	76	35	20	54	71	74	79	78	44	47	70	47	22	59	50	85	28	87	84	77	83	68	56	99	23	50	47	22	99	39	97	24	87	13	98	60	62	57	67	96	84	20	92	13	42	55	66	54	25	34	90	54	25	19	31	87	34	15	96	40	46	56	67	37
55	95	67	63	57	41	80	11	28	40	34	59	46	69	63	15	52	64	29	98	96	83	68	28	64	58	19	96	82	38	25	48	80	72	68	36	30	49	27	87	85	64	40	27	93	39	43	35	86	95	12	22	55	57	88	35	83	98	58	75	59	90	45	10	45	35	65	34	94	38	67	51	34	29	97	60	49	15	48	34	85	65	65	63	94	81	25	77	17	61	17	40	35	18	60	74	41	66	22	38	87	83	22	11	62	31	99	92	52	43	84	49	27	70	60	19	49	16	66	34	88	12	90	16	87	85	17	89	79	76	13	48	77	66	31	57	62	61	44	97	31	96	24	48	79	48	33	77	22	82	36	16	37	33	97	72	13	91	21	52	99	25	11	92	50	20	32	67	58	91	93	80	32	34	47	53	75	42	84	25	47	71	13	96	61	52	26	22	37	45	55	27	84	66	60	46	23	48	89	87	69	16	30	72	74	57	53	97	59	21	40	64	98	78	93	40	36	91	47	56	76	81	56	87	87	14	67	20	34	41	89	60	60	47	30	78	50	14	37	19	62	58	89	19	94	95	38	20	87	78	65	56	93	70	35	65	34	98	16	63	14	66	74	92	79	90	11	37	31	97	51	35	11	30	92	79	92	38	69	76	53	90	84	31	61	89	10	81	81	25	98	85	13	85	63	97	90	25	44	89
84	16	54	99	19	32	61	21	100	44	59	46	69	74	53	37	80	37	61	30	33	40	90	56	34	94	38	56	51	82	11	74	14	56	27	31	37	39	38	35	40	66	30	64	39	92	72	89	34	37	49	45	74	81	72	79	61	47	78	69	78	61	100	77	93	95	53	31	29	52	85	68	99	17	58	11	81	97	56	71	64	98	81	41	55	23	89	51	96	29	55	34	88	82	38	57	31	58	50	92	97	45	86	73	13	35	12	62	95	10	12	14	80	80	97	27	77	93	86	70	86	82	65	92	85	84	67	72	10	61	99	49	50	38	84	57	51	37	61	79	89	57	13	78	58	89	41	20	20	71	86	99	91	26	80	81	35	78	93	14	52	21	87	75	46	88	62	37	70	20	66	47	63	16	59	83	83	43	40	80	93	99	27	82	63	97	23	16	18	17	75	58	16	16	29	91	57	30	23	48	49	42	91	42	47	86	68	37	73	66	52	29	14	24	43	13	67	41	98	86	93	75	65	44	13	69	78	97	57	79	15	97	68	24	88	82	13	30	56	10	17	93	42	44	100	14	12	88	28	88	49	93	95	26	65	20	95	17	96	51	79	80	69	82	30	40	86	10	86	84	89	53	95	95	42	83	22	74	17	27	96	68	79	25	36	50	64	59	39	13	74	37	68	38	68	78	27	93	31	50
31	48	63	56	25	14	46	37	62	23	35	70	10	41	47	74	55	50	11	55	19	39	33	79	61	53	26	71	59	99	25	41	29	92	61	91	96	29	18	31	97	35	81	36	46	88	52	23	16	62	77	88	47	54	43	43	68	13	66	29	26	75	67	18	47	30	46	30	24	99	25	70	17	27	11	80	57	91	98	97	59	29	69	79	73	31	24	99	26	87	58	11	67	47	73	15	13	100	84	43	51	91	35	39	14	16	25	55	60	17	33	72	50	31	61	34	82	25	60	46	72	61	67	89	17	51	17	13	90	16	17	11	100	94	43	50	43	57	77	22	82	73	77	25	95	99	54	30	15	70	45	81	46	52	59	28	23	49	28	17	16	18	24	85	93	26	45	33	13	48	54	94	42	15	23	80	13	61	59	29	95	38	43	82	41	73	44	57	57	82	18	71	98	21	61	27	51	27	48	37	26	38	27	38	34	63	82	97	27	89	89	31	44	71	41	60	45	93	13	50	16	39	16	38	54	11	46	13	30	60	96	38	15	55	80	71	69	23	47	47	82	37	92	48	98	60	83	36	77	70	67	90	45	33	32	43	18	27	26	81	66	35	93	14	91	79	93	57	96	48	89	39	25	43	41	75	46	93	43	90	97	41	73	87	82	48	65	14	90	40	78	64	79	76	62	87	61	27	98	65
94	91	15	45	63	23	55	38	44	93	24	97	62	74	32	23	70	52	43	33	77	67	42	31	98	62	38	52	22	77	37	83	89	33	26	83	75	23	12	87	11	72	66	54	17	93	90	74	93	14	49	58	65	93	39	39	65	11	81	14	39	70	20	38	96	64	23	18	61	19	88	85	61	66	51	22	58	56	25	88	43	75	44	29	39	27	19	33	31	11	86	73	86	70	70	29	62	14	26	77	34	73	99	48	38	63	48	26	44	81	29	13	97	28	86	92	57	94	30	24	76	54	85	52	13	85	79	76	92	28	98	97	79	20	59	44	23	42	78	19	57	81	78	33	10	28	22	22	20	66	45	35	63	37	76	22	96	20	32	96	45	34	11	33	50	39	78	48	73	74	51	95	13	41	77	77	72	73	50	79	78	60	69	52	74	10	96	71	81	27	83	68	26	89	22	59	32	96	16	74	30	75	71	96	99	16	57	63	32	14	54	82	21	74	71	31	53	65	63	24	97	56	18	52	59	45	22	52	83	57	70	73	52	51	14	18	29	37	85	81	29	75	74	86	15	33	26	86	47	71	17	94	74	90	44	13	48	50	35	40	86	89	94	36	45	54	45	96	27	40	67	11	89	31	65	48	78	92	46	57	90	95	95	91	36	54	60	74	39	76	35	39	27	62	92	32	49	42	85	44
15	68	100	37	45	20	45	49	75	48	88	74	11	27	82	62	28	34	28	13	56	20	67	93	67	73	23	59	82	28	82	32	57	84	24	90	34	16	16	98	96	40	41	100	81	83	95	94	83	40	37	28	29	57	30	16	55	17	51	54	42	77	59	90	32	86	37	95	93	93	72	29	55	52	66	94	22	18	81	18	57	76	12	30	100	63	53	51	77	16	60	83	20	30	49	25	40	17	93	71	46	62	64	21	75	98	22	14	74	32	16	79	12	78	95	79	21	70	19	34	86	81	82	16	47	78	39	99	24	80	37	98	19	36	29	48	92	43	35	63	13	49	97	91	81	63	63	38	56	90	47	100	38	20	40	53	35	73	63	84	99	100	47	84	17	21	46	79	42	34	95	84	65	33	39	14	71	55	99	81	45	38	21	26	95	45	98	87	60	20	48	63	27	33	62	23	20	29	24	70	73	35	85	44	95	40	34	42	54	21	86	64	91	82	85	30	60	10	91	38	46	62	22	99	59	42	45	73	99	24	84	74	36	39	17	19	89	21	16	22	90	44	79	84	98	67	83	44	85	15	17	53	98	72	69	87	15	74	47	93	64	74	58	33	13	43	48	12	73	71	93	76	51	30	27	86	63	67	50	63	21	52	54	85	66	23	81	73	65	40	60	41	85	57	34	96	82	37	45	64
48	46	81	16	33	80	81	85	40	54	24	94	63	96	64	76	24	51	38	13	13	67	32	50	81	24	60	86	38	13	57	13	67	39	31	31	84	38	57	51	98	92	43	41	56	55	67	69	88	40	97	26	10	89	51	86	47	73	48	26	12	68	49	45	71	16	61	11	48	55	20	60	84	37	27	83	88	53	54	84	47	73	82	50	25	14	37	70	30	11	31	75	62	94	59	89	70	91	60	96	79	32	78	49	13	34	68	87	35	32	40	93	71	80	19	68	79	58	26	87	97	52	36	39	47	72	36	89	68	31	93	18	39	23	37	37	64	57	19	27	29	83	76	15	14	47	55	90	52	58	24	27	94	66	59	83	75	55	80	53	22	80	34	34	50	70	14	78	53	18	84	18	26	50	24	42	67	88	31	63	49	48	62	19	46	71	52	56	61	12	95	83	81	96	86	51	72	75	33	79	33	43	78	63	98	37	26	10	52	92	86	58	67	51	54	96	17	61	100	41	63	64	25	99	60	23	32	91	49	45	50	89	50	31	83	69	47	32	25	94	76	58	82	79	53	75	39	78	25	18	12	55	63	35	73	64	96	95	34	48	25	88	55	35	18	47	61	15	93	29	47	86	45	77	99	85	95	65	47	13	47	87	81	23	61	49	76	15	42	43	82	97	88	10	96	87	16	38	98	53
75	33	51	44	54	21	74	97	37	48	23	33	85	24	19	85	96	81	47	100	18	74	34	17	14	85	38	39	16	85	57	25	36	97	28	58	29	68	98	84	79	17	58	59	22	90	26	82	95	40	23	18	43	46	25	81	66	93	73	58	51	76	24	83	11	41	17	24	58	94	39	84	35	11	97	45	37	92	60	55	26	30	26	98	85	36	27	14	11	81	45	59	64	43	51	72	100	68	61	73	79	81	82	94	27	81	69	83	27	50	81	63	16	97	18	48	12	31	44	73	37	15	52	20	76	76	67	99	13	73	97	94	21	42	71	23	34	30	71	57	64	72	11	49	78	24	41	17	99	11	30	90	66	85	96	86	49	67	83	81	59	51	65	10	35	44	20	40	60	69	97	99	87	12	39	86	79	14	36	81	19	36	35	27	65	45	65	64	56	78	64	81	99	99	69	62	22	87	15	59	76	30	69	96	66	57	93	65	65	87	48	47	64	70	58	25	32	88	37	60	73	77	49	73	72	68	72	37	46	65	24	49	24	74	87	81	97	35	90	57	52	30	24	39	82	87	59	22	94	99	57	71	92	80	50	89	44	63	95	77	52	55	39	44	91	43	18	26	48	96	43	40	57	75	98	53	12	35	34	68	69	70	82	25	78	68	30	92	62	48	39	69	37	69	12	69	20	69	48	84
wj																																																																																																																																																																																																																																																																																																											
25	81	98	62	22	17	89	11	39	49	2	78	9	74	75	23	69	4	59	7	9	82	42	11	95	26	44	25	53	62	66	5	13	66	22	47	28	58	19	29	3	70	18	83	74	69	66	48	62	77	38	100	91	81	24	96	84	73	62	14	46	62	3	78	90	34	58	26	42	24	9	88	85	69	13	32	32	35	7	91	95	12	80	98	77	79	40	60	63	36	52	17	52	59	72	79	65	25	41	84	25	32	22	72	25	66	13	94	94	53	82	59	85	92	21	66	88	55	31	98	86	83	91	33	68	89	91	57	18	96	17	63	82	11	48	48	61	95	61	96	97	3	19	24	20	64	53	44	76	79	46	66	13	23	99	52	17	37	59	64	72	39	23	90	54	100	92	38	58	56	23	25	60	80	76	38	8	56	13	69	43	19	35	68	27	70	70	95	84	54	64	3	50	38	22	7	65	64	36	21	7	4	17	68	31	61	54	23	50	45	50	23	20	81	6	51	95	26	81	42	93	97	90	2	20	3	20	52	7	90	10	65	86	17	40	57	38	79	35	43	63	49	34	81	4	81	5	8	95	30	66	43	13	42	89	54	22	81	86	87	96	67	41	28	91	59	11	52	65	65	58	59	41	7	11	6	73	26	35	49	44	44	61	58	41	12	35	20	32	71	69	68	100	98	99	96	53	28	31	69
