pij																																																																																																																																																																																																																																																																																																																																																																																																																																																																																																																																																																																																																																																																																																																																																																																																																															
64	62	60	65	66	63	63	59	58	67	62	66	57	64	62	60	58	60	67	61	59	61	63	60	63	66	65	64	61	60	67	66	62	64	59	62	64	61	62	65	66	58	60	62	67	60	59	65	58	58	60	66	59	64	59	58	64	61	62	58	61	64	64	63	62	63	58	60	58	61	59	63	63	57	64	60	66	64	60	60	61	66	61	58	61	65	67	61	65	66	59	66	64	58	64	59	57	61	61	64	62	62	65	66	67	67	63	64	59	58	65	57	63	61	61	60	65	66	63	66	57	62	59	62	60	61	58	59	60	66	59	64	64	58	57	59	67	62	67	58	59	66	57	58	66	67	57	63	58	67	61	59	62	60	62	64	67	65	67	61	59	65	64	61	59	58	64	60	61	60	66	64	63	58	58	64	59	59	58	62	66	63	59	57	64	63	60	61	66	64	66	65	60	59	63	58	60	65	67	57	60	62	64	67	63	63	58	57	66	64	63	62	66	59	60	58	61	62	67	66	61	59	61	61	66	59	67	58	60	57	62	62	58	62	58	63	61	67	64	62	64	60	65	60	65	58	62	63	65	61	58	62	62	59	60	61	66	59	59	58	59	66	65	66	65	59	60	61	66	57	65	58	64	66	65	61	64	64	65	59	62	61	66	57	59	61	65	58	61	59	57	59	66	62	62	58	59	65	60	59	61	57	59	65	64	60	60	66	62	60	60	58	64	65	58	59	63	59	58	63	63	63	66	59	58	59	61	58	63	58	59	65	66	66	60	63	58	62	65	60	61	63	60	61	65	63	58	58	58	64	58	67	66	66	60	65	61	63	59	60	60	58	64	63	65	67	60	58	64	65	65	63	58	61	61	58	60	59	66	61	61	58	62	66	64	66	66	63	65	60	66	61	60	61	58	63	60	63	58	61	66	62	62	62	63	62	64	60	64	61	62	65	63	61	62	59	62	64	62	58	67	59	66	61	65	65	62	62	62	59	64	65	62	60	60	61	61	65	63	58	64	66	66	67	65	63	64	64	59	65	66	58	63	61	66	61	61	57	62	60	62	59	66	62	59	58	62	60	65	64	60	62	65	58	59	63	64	65	57	61	59	65	60	63	60	65	66	67	65	67	59	61	66	64	61	64	58	58	59	62	62	60	62	57	63	63	63	61	66	61	59	59	63	59	61	61	62	63	65	57	61	66	62	57	60	64	59	59	66	61	64	57	64	64	65	61	58	62	58	65	59	61	60	67	62	64	67	62	65	62	60	62	58	60	62	58	57	65	66	58	62	59	64	66	65	62	59	60	62	65	58	59	65	60	59	64	62	64	63	58	66	58	62	63	58	65	63	65	61	59	64	57	59	63	67	64	64	61	59	59	63	65	62	62	58	59	66	62	60	66	62	63	59	59	57	58	66	57	66	61	65	66	67	65	66	62	59	59	58	64	63	59	61	62	64	63	61	60	60	63	58	64	63	65	65	62	59	59	58	61	66	61	60	60	66	66	65	64	62	65	62	66	64	57	64	66	59	60	65	60	66	59	63	61	58	64	57	63	63	63	57	64	65	62	58	64	62	61	62	63	62	65	58	62	60	64	64	66	66	61	58	59	59	61	57	67	57	62	65	64	61	64	61	59	65	64	63	66	63	63	57	60	65	65	65	64	61	57	62	63	65	62	61	59	61	61	67	59	63	66	62	62	66	67	63	62	64	58	66	60	60	66	60	60	65	60	57	65	62	59	66	59	59	58	61	62	60	63	67	64	65	59	62	63	64	66	59	65	66	61	62	65	66	59	65	63	60	62	60	59	66	64	59	62	64	62	64	66	57	67
13	10	11	6	8	6	11	11	13	5	8	6	11	5	12	5	6	13	7	12	12	9	4	6	13	12	13	12	13	7	9	10	4	13	5	10	11	4	7	5	5	4	13	13	6	9	9	10	8	13	8	10	5	7	4	5	7	13	9	13	13	13	8	12	8	10	10	12	11	6	8	6	11	5	14	5	14	12	11	5	13	10	13	8	6	8	11	14	9	5	9	13	11	7	12	9	12	6	14	5	9	5	13	6	13	9	10	10	11	5	10	8	14	12	8	12	6	6	8	7	12	7	5	9	10	7	13	7	13	8	12	12	9	9	7	5	8	5	12	5	7	14	5	5	10	6	8	11	8	11	7	14	8	7	4	10	13	12	13	14	11	8	9	12	11	13	10	8	11	11	10	5	13	10	11	14	8	4	9	5	12	10	13	8	5	8	12	10	10	8	13	6	9	5	4	5	4	6	13	11	7	11	13	8	5	13	11	12	8	7	12	12	9	11	9	14	8	7	11	7	9	12	14	6	12	9	7	13	14	7	12	10	11	5	10	13	10	5	7	14	4	11	13	11	12	6	13	9	5	13	5	11	8	8	8	9	13	5	14	4	10	9	8	13	12	7	10	5	14	10	14	13	6	4	11	12	13	8	11	5	6	7	6	6	7	13	4	9	5	14	5	8	13	8	11	11	8	12	6	7	14	11	7	7	10	8	9	12	7	14	7	11	8	9	11	7	4	7	10	8	10	10	13	9	6	14	6	13	7	10	12	7	12	13	10	8	10	13	6	7	11	7	14	5	7	9	5	12	10	13	9	7	8	9	12	5	7	10	12	8	5	12	12	12	9	6	4	11	13	13	8	13	7	5	13	12	10	9	9	12	8	6	6	4	12	4	4	12	11	13	13	5	7	9	6	7	12	11	12	13	8	6	14	12	12	8	4	11	7	4	12	5	7	13	6	5	6	14	7	7	14	8	8	9	6	13	12	10	8	12	12	14	6	6	5	5	8	6	9	6	8	4	13	5	11	9	6	13	5	12	12	10	11	6	12	6	5	7	9	10	10	5	8	11	11	5	12	8	12	12	9	5	12	4	5	9	5	9	11	14	7	5	6	6	12	6	6	10	7	5	8	6	6	13	13	9	9	11	14	12	5	11	6	5	4	7	14	4	5	11	11	7	13	10	9	13	14	13	10	12	13	13	11	5	14	5	11	9	5	6	10	14	11	9	14	8	6	11	12	8	14	10	12	12	6	9	8	10	14	9	7	7	11	9	5	8	13	12	6	11	5	11	13	12	6	13	6	9	4	9	5	11	7	9	7	9	5	13	7	11	13	10	13	12	9	11	8	7	10	5	12	9	14	10	10	13	8	11	10	9	11	13	11	8	8	11	10	11	4	7	14	13	13	10	12	11	10	11	14	7	7	11	5	13	12	7	7	12	12	10	12	7	10	4	7	6	9	7	10	12	9	13	6	10	12	8	6	6	7	9	11	12	11	8	11	12	10	4	6	9	6	9	10	7	6	13	6	11	6	10	10	12	12	6	13	6	13	9	11	12	4	13	12	6	6	14	13	7	10	9	11	7	7	4	7	10	6	5	13	7	8	5	6	4	5	13	6	11	9	11	6	13	9	7	6	8	6	4	10	5	13	11	8	10	11	14	6	14	12	14	11	6	13	10	14	9	6	7	11	13	10	8	11	9	5	13	7	6	4	7	10	12	10	7	5	10	11	6	7	10	6	9	11	9	10	5	8	13	7	12	13	9	8	5	6	13	13	7	11	6	13	7	10	8	8	6	4	13	10	12	14	5	5	7	7	13	9	8	8	11
21	30	25	29	28	21	25	26	24	24	23	29	24	30	23	25	26	26	29	21	22	28	20	28	29	27	22	26	29	24	25	28	27	26	22	26	29	26	30	24	30	22	26	27	27	29	27	27	25	28	21	29	28	25	29	24	25	25	24	24	29	27	20	24	29	27	25	25	23	24	28	22	22	28	22	27	28	29	30	28	25	25	28	27	28	21	27	22	29	22	25	21	25	22	28	29	22	23	20	28	30	26	23	27	27	21	23	23	21	23	24	27	21	25	20	23	25	24	28	30	23	24	29	26	27	20	26	26	25	22	24	28	29	27	23	24	25	21	28	28	24	22	26	21	22	21	30	22	26	21	21	20	21	21	23	28	26	26	26	28	24	28	23	24	24	21	24	25	27	30	30	26	26	21	30	24	25	24	24	26	20	22	24	23	21	23	25	25	25	24	25	21	24	21	29	25	30	24	26	30	30	28	21	21	24	28	27	29	26	26	27	28	20	28	24	28	25	25	25	23	26	27	21	23	27	21	25	20	27	21	22	26	28	20	22	23	23	27	29	27	21	30	27	29	24	24	20	21	25	28	26	29	20	23	27	28	21	26	28	30	28	23	28	29	23	25	27	25	23	21	29	24	24	20	23	22	29	21	27	27	29	29	23	25	22	20	25	30	25	21	27	24	24	29	30	27	25	28	25	22	21	27	29	23	21	30	24	25	23	22	22	27	27	27	28	27	27	22	22	24	29	22	25	21	23	28	21	29	29	26	26	29	26	25	28	23	26	21	21	25	21	29	24	20	22	21	23	21	29	28	23	29	27	26	21	23	28	28	22	29	21	22	30	26	27	24	22	27	29	21	24	25	29	24	30	24	21	21	20	22	24	22	30	21	20	22	21	29	20	25	29	28	28	22	30	29	28	26	30	29	21	23	29	30	23	29	27	25	26	29	23	27	20	21	26	27	23	29	27	22	26	30	30	22	20	21	26	28	25	27	23	25	26	29	23	29	23	26	26	28	23	28	29	26	29	24	22	27	22	21	22	28	29	22	20	23	28	24	21	27	26	29	24	26	23	24	29	23	29	28	26	21	30	21	25	26	21	26	28	22	25	23	26	29	27	22	25	29	26	25	21	22	25	24	24	24	28	26	26	25	29	21	24	24	22	25	26	30	27	25	22	28	24	24	25	25	25	28	21	25	27	24	20	21	22	24	22	26	28	27	28	28	28	24	25	21	28	29	25	26	24	22	29	28	25	24	26	25	27	29	30	29	25	29	25	25	29	24	20	20	27	22	28	25	26	27	30	30	28	24	26	28	29	29	26	26	24	25	22	29	24	27	29	24	23	23	27	22	23	25	30	21	27	21	28	28	24	27	25	26	28	29	24	27	25	20	29	29	24	25	23	29	24	26	24	27	24	29	25	26	24	25	29	27	29	21	21	22	26	26	20	21	29	26	26	29	27	28	28	22	21	24	30	27	21	21	28	21	24	21	21	21	23	25	24	25	30	25	22	25	29	23	29	24	25	26	21	27	22	24	27	23	23	28	22	24	28	24	21	27	23	25	26	28	24	23	23	29	25	25	29	21	26	24	20	25	23	22	24	21	24	29	25	23	20	23	27	24	28	27	21	22	29	28	24	25	25	26	26	27	22	28	27	26	30	23	28	22	23	23	26	25	25	22	23	27	20	21	25	28	25	26	24	27	28	26	26	24	21	29	21	28	29	26	25	26	21	25	30	22	30	28	26	20	27	24	25	26	24	24	29	26	21	23	28	26	24	27	28	27	21	26	22	23	24	25	24	25	21	28	26	21	21	29	23	21	29	24	28	20
26	26	31	27	22	30	31	23	31	26	31	22	25	25	26	29	25	28	22	31	31	31	31	27	24	26	25	24	31	26	26	23	25	25	26	26	26	23	30	26	31	24	31	26	31	29	24	27	27	32	24	25	26	28	24	31	23	25	23	29	24	32	31	23	24	30	30	28	26	23	28	22	25	22	30	32	31	31	22	32	26	32	31	30	25	27	27	25	26	27	26	32	22	31	24	25	29	23	22	25	22	31	25	27	26	27	31	24	24	26	25	23	26	28	30	25	25	31	28	30	31	28	23	30	23	28	24	24	31	31	23	28	23	29	22	28	27	30	30	22	31	26	22	24	28	30	23	27	31	23	31	29	28	24	23	32	23	24	29	28	29	31	24	28	26	31	24	31	26	28	22	23	25	23	27	26	29	24	23	28	28	24	23	27	23	29	31	27	24	28	31	29	27	30	29	26	25	25	30	31	25	29	32	31	24	26	25	25	31	29	27	25	22	28	31	26	29	25	30	28	29	24	32	26	30	28	23	31	27	28	28	27	29	28	31	25	25	22	24	31	29	23	24	30	28	30	23	24	23	28	30	29	22	24	27	31	23	25	26	29	28	32	25	26	28	27	22	23	25	28	29	22	25	23	31	23	24	28	24	31	25	28	30	31	28	32	30	29	24	23	31	26	27	25	30	27	29	26	25	25	31	30	32	29	29	24	22	29	28	28	27	24	25	27	31	30	29	29	25	30	31	29	25	22	25	31	31	25	26	24	23	23	27	26	31	32	31	29	30	28	26	28	22	24	28	25	30	28	26	31	25	27	28	23	30	23	30	29	28	31	27	26	29	22	22	24	29	27	31	25	31	28	26	27	25	26	32	23	32	32	25	30	32	24	31	30	25	25	24	22	27	25	24	23	30	30	24	25	27	31	28	31	24	24	23	25	31	24	31	27	30	30	24	25	25	26	30	27	27	29	26	28	23	29	23	23	23	31	26	25	26	31	28	25	29	22	23	30	22	31	28	32	29	28	27	24	28	28	25	26	24	31	23	22	29	28	26	23	23	29	26	23	23	28	27	26	24	23	24	22	30	30	31	27	27	26	29	23	29	28	26	27	28	22	27	30	26	28	29	29	30	31	30	25	30	26	31	31	26	32	25	26	26	32	30	26	22	29	32	27	23	30	30	27	27	28	24	26	27	25	30	28	27	23	26	23	26	23	23	29	27	30	24	30	23	29	25	25	23	32	31	27	29	31	25	22	32	28	23	28	31	28	30	25	28	27	23	26	30	27	31	26	28	27	24	24	29	32	24	32	30	26	23	30	29	31	25	28	28	23	31	23	22	32	24	27	23	26	30	28	26	30	28	28	26	30	31	23	25	25	24	30	29	27	28	22	30	29	24	24	26	29	32	32	29	27	31	22	25	28	29	30	28	29	27	23	27	23	30	30	26	30	24	30	22	23	25	23	30	31	26	25	24	27	22	32	27	27	26	23	29	31	25	22	28	29	31	27	32	24	25	25	25	29	28	30	25	27	28	31	22	30	29	30	26	25	31	28	28	27	23	23	22	25	22	31	25	29	25	30	24	23	24	26	25	23	30	31	27	24	27	22	25	31	24	28	23	23	28	24	27	30	25	23	28	24	29	29	28	22	32	26	31	32	23	28	22	31	22	30	29	23	24	23	25	23	28	32	30	28	29	29	25	24	31	28	26	23	23	25	24	24	30	32	24	22	24	25	26	24	26	29	32	25	25	23	23	29	30	31	27	29	23	24	26	28	22	31	24	24	25	25	24	26	31	29	22	25	30	23	26	32	27	26	28	23	22	26	24	25
9	6	11	10	14	6	9	8	13	10	16	11	8	8	7	16	15	11	13	11	7	11	10	11	14	11	10	15	13	10	8	9	6	9	8	13	16	14	14	15	14	10	8	15	10	9	13	14	8	11	7	11	10	8	7	8	7	12	9	11	9	15	13	7	13	8	10	13	9	14	8	9	10	12	12	15	11	10	15	14	12	7	15	6	7	11	15	9	14	15	10	13	8	11	7	11	8	6	15	11	10	13	16	9	8	10	12	11	12	10	9	8	12	12	14	12	11	8	10	12	15	9	16	7	14	6	13	9	9	7	9	8	6	10	15	7	14	7	9	13	6	13	15	11	10	7	11	7	8	14	6	11	14	8	7	16	7	13	16	12	14	9	8	15	9	12	10	6	12	11	11	6	10	13	12	14	14	8	10	13	9	7	13	10	6	13	8	11	14	8	13	7	7	9	10	12	15	9	12	12	11	9	14	14	13	12	12	15	12	8	12	7	11	16	16	8	7	8	15	10	12	13	10	11	14	7	14	7	14	8	14	7	8	7	15	11	9	16	13	6	9	7	13	8	9	6	16	6	14	11	8	10	13	11	14	14	14	7	12	9	6	14	9	8	15	15	9	15	6	7	8	11	9	9	15	12	11	11	7	11	12	9	14	13	11	9	8	8	7	15	7	16	7	12	14	13	6	8	13	9	6	16	12	13	16	10	9	12	10	14	10	12	8	15	9	6	8	14	8	8	16	7	9	8	10	10	9	11	15	16	13	14	15	13	8	11	15	11	9	16	14	15	14	13	12	13	10	12	9	11	14	9	10	10	13	15	12	14	13	11	12	14	11	9	6	14	6	12	7	7	15	7	9	11	11	12	14	14	7	15	12	12	9	10	14	13	11	12	13	13	13	13	13	16	11	10	7	12	15	8	6	6	8	13	9	16	14	15	13	7	6	12	6	11	11	13	15	8	11	10	16	13	16	6	16	10	13	15	15	11	9	9	7	9	9	13	7	14	13	15	15	12	13	7	8	15	10	6	13	11	13	15	10	9	7	7	12	10	14	11	9	11	8	13	13	7	8	12	12	12	11	10	14	7	16	12	11	13	9	11	12	14	9	11	10	9	8	9	14	7	14	7	14	13	12	13	8	15	10	9	16	16	15	11	6	14	12	6	14	14	7	16	12	7	15	14	14	12	6	10	15	7	8	10	10	14	10	15	14	12	12	9	11	12	9	8	7	16	14	12	16	14	14	14	13	6	6	9	13	6	10	6	16	10	13	12	14	6	8	16	11	12	9	6	7	7	8	15	10	7	6	14	9	14	8	9	7	14	16	12	13	10	15	15	10	12	15	8	7	6	7	11	7	8	14	7	7	10	14	12	11	10	14	13	13	12	15	10	12	9	10	14	7	12	15	10	13	9	8	12	11	13	8	10	14	8	15	16	7	9	6	15	12	7	7	9	13	14	14	11	8	11	16	9	13	9	10	12	8	9	13	9	11	8	9	11	15	15	8	9	7	12	8	14	14	13	8	10	8	11	8	13	14	12	6	9	10	10	8	13	9	8	14	13	14	9	12	14	14	11	7	15	9	7	10	15	13	11	14	6	8	12	6	10	9	14	8	12	15	12	12	9	16	13	15	8	14	12	13	16	10	6	16	10	14	14	11	9	15	15	9	7	7	12	8	14	12	13	12	7	15	16	8	12	15	7	8	6	9	8	13	15	15	13	14	14	9	10	7	7	14	8	7	13	11	12	14	15	16	13	10	15	12	10	14	10	11	7	9	8	13	13	12	14	11	16	8	11	8	7	14	8	9	10	14	8	12	15	7	16
79	74	81	76	81	82	75	76	81	80	79	83	79	75	80	76	76	83	79	82	75	73	74	82	74	74	73	77	81	81	75	76	82	83	76	77	78	79	75	82	81	77	76	82	82	74	79	78	76	81	79	81	82	80	80	80	76	77	75	76	76	78	74	83	82	79	82	82	77	83	80	75	74	78	74	76	76	80	75	75	81	73	74	79	74	74	80	82	77	80	81	80	76	75	76	81	76	78	74	78	82	73	82	73	74	83	83	82	74	73	83	74	79	76	76	79	74	82	77	78	82	75	81	78	76	83	79	79	83	77	78	77	77	73	81	76	83	77	82	77	79	76	76	79	75	74	82	83	76	75	77	83	82	76	79	74	75	79	75	74	79	81	76	82	80	74	82	75	74	73	78	75	75	82	82	73	75	83	81	75	82	79	76	83	73	77	82	77	80	82	81	78	78	78	78	81	77	82	74	77	78	74	78	78	82	80	82	83	75	83	78	77	73	79	75	74	74	81	74	76	79	74	80	78	81	75	76	74	82	83	79	77	78	75	75	81	80	83	76	74	73	82	77	80	76	79	78	74	77	80	77	79	76	83	79	79	77	77	79	76	79	76	78	73	74	78	74	74	75	75	74	81	82	82	81	73	75	74	82	78	80	77	78	78	75	81	81	74	82	77	78	74	82	78	74	78	76	73	77	80	82	74	82	79	77	81	83	76	75	81	77	82	78	76	76	81	82	74	78	78	73	75	80	75	78	77	82	80	77	79	74	83	80	81	80	75	80	75	74	82	76	78	81	78	76	79	75	76	77	81	76	78	74	77	77	79	81	74	80	79	83	81	77	83	82	76	82	80	77	75	80	82	77	75	76	73	83	77	79	78	74	74	77	81	78	73	79	83	79	74	77	79	79	76	81	77	77	76	81	82	81	82	75	73	75	80	73	80	78	74	79	81	79	79	79	77	82	74	73	77	75	77	81	75	78	74	78	81	80	79	77	80	74	80	81	79	74	81	75	77	82	77	74	74	78	74	82	81	78	79	83	81	82	76	81	74	79	73	78	76	79	74	80	80	79	79	74	77	82	79	75	77	77	76	83	79	79	74	73	82	77	78	78	80	74	79	78	77	78	77	81	73	79	75	75	78	74	78	78	76	75	73	79	81	76	75	82	81	81	75	81	80	82	76	74	74	78	77	81	81	80	80	79	75	74	80	80	81	76	80	81	80	79	80	74	81	80	77	78	76	77	79	81	75	80	79	82	74	79	79	81	82	82	81	78	73	74	83	79	80	78	82	77	77	74	82	80	75	81	75	80	78	77	80	82	76	74	79	74	76	79	75	80	82	76	75	83	77	81	80	80	78	83	78	75	76	75	79	79	75	79	74	80	74	74	74	74	77	74	79	80	76	77	82	76	77	77	74	73	81	77	74	78	82	78	76	82	82	82	78	79	74	81	76	82	83	82	76	80	81	81	74	80	75	79	79	75	82	75	73	76	83	74	76	74	77	82	78	77	74	79	74	76	82	80	74	79	78	77	78	76	78	81	76	82	77	80	78	77	77	76	78	79	76	78	82	78	80	77	75	74	76	78	75	79	73	75	76	77	78	76	82	80	76	81	76	81	80	74	76	75	75	81	78	79	78	77	80	79	76	82	75	74	82	80	78	76	74	79	78	77	75	73	78	80	79	76	81	83	79	74	75	81	81	80	77	76	82	74	75	76	75	73	80	80	80	82	75	81	80	78	82	79	80	79	76	82	80	83	81	74	80	82	82	75	76	80	73	79	74	80	83	78	73	74	83	76	83	82	76	74	80	74	74	75	82	75	76	75	74
28	21	30	27	25	23	24	28	21	27	28	23	21	26	25	20	24	22	26	23	23	27	26	23	27	29	21	27	24	25	27	29	28	22	22	26	24	29	25	24	30	23	30	22	21	24	29	29	23	26	24	21	20	28	27	26	29	24	24	26	27	28	28	22	27	24	21	21	24	20	21	20	28	25	29	28	22	25	28	26	21	30	24	28	28	27	23	24	22	22	26	29	24	21	25	27	25	29	29	29	22	29	25	25	23	26	23	25	22	22	26	28	23	26	26	30	24	30	22	30	28	23	27	23	24	20	27	22	22	26	23	25	29	28	29	23	24	29	30	25	23	27	22	27	29	30	20	20	21	22	20	28	29	25	24	30	29	23	21	29	26	23	22	24	21	29	29	27	21	30	22	21	27	22	20	23	27	29	23	22	29	25	30	21	25	23	27	21	22	27	24	28	29	22	23	21	29	25	22	27	23	21	23	25	27	28	30	23	29	30	26	22	27	27	23	20	26	29	21	24	26	28	21	25	27	25	21	24	27	28	29	29	24	22	21	23	28	27	22	28	21	21	22	21	28	28	22	24	20	25	26	25	25	22	22	25	29	23	24	26	21	24	28	29	23	24	23	24	25	27	27	22	28	29	28	27	26	23	29	26	23	29	25	26	21	27	27	25	21	27	27	23	28	21	24	24	23	28	24	21	26	22	30	27	25	28	28	27	25	29	21	20	28	28	23	23	27	25	25	24	27	21	28	20	26	26	22	27	26	21	28	24	27	21	23	22	23	21	26	30	22	21	26	23	26	23	30	28	25	30	20	27	28	23	21	25	27	27	23	24	22	27	22	25	27	27	22	27	23	22	22	28	24	26	25	20	28	22	25	22	29	26	21	27	23	20	21	22	21	25	21	26	21	28	21	21	22	22	25	26	25	23	29	24	22	27	20	24	27	27	22	20	26	26	24	24	23	21	27	29	30	23	22	26	27	29	24	21	24	21	20	24	27	20	27	26	22	21	20	26	30	23	22	28	29	22	25	23	27	27	21	24	22	21	29	28	24	29	29	24	20	27	22	25	25	23	24	29	27	26	21	28	21	24	23	20	20	21	21	23	24	23	24	21	25	27	23	27	21	24	23	22	28	30	21	25	26	30	23	21	26	26	23	27	24	26	24	27	27	20	29	26	28	25	26	28	23	25	27	27	23	27	27	24	27	23	26	23	29	25	23	25	23	21	22	21	26	21	27	25	29	28	30	29	25	20	25	27	29	27	21	23	29	30	25	24	22	29	28	27	27	28	27	23	22	24	26	26	25	28	26	23	22	28	27	25	21	30	24	26	22	26	29	20	25	21	22	25	25	29	23	28	23	25	25	27	20	25	22	30	29	28	26	27	22	21	21	28	26	23	26	26	21	24	26	21	27	24	22	25	27	21	26	29	24	27	23	23	27	25	29	29	29	20	28	29	25	23	25	23	21	29	29	27	28	28	24	23	29	22	22	23	26	21	25	25	26	29	24	23	21	30	23	26	26	23	26	28	29	20	26	24	27	25	23	22	20	30	22	22	26	28	29	29	26	21	24	27	30	26	24	23	25	27	27	22	24	28	22	23	22	21	29	30	21	22	24	29	27	24	28	22	22	25	29	21	21	29	23	29	25	21	30	23	24	29	29	28	25	28	23	22	26	21	30	28	23	24	21	29	23	21	22	26	24	21	23	20	29	25	26	28	26	27	20	21	24	22	28	29	28	26	27	21	27	27	30	24	20	26	26	23	25	23	27	27	25	22	29	28	23	21	26	27	28	20	29	25	22	24	24	28	23	24	29	25	20	20	22	26
93	94	96	91	94	88	93	89	95	98	93	98	94	96	94	92	95	93	93	98	98	93	96	97	95	89	93	89	98	94	92	95	92	91	91	90	96	97	96	89	96	96	95	92	96	95	90	88	92	94	94	90	92	95	93	95	90	96	94	97	96	96	91	97	95	92	97	97	95	94	93	94	92	94	90	94	93	93	93	93	89	97	96	98	89	95	94	92	88	97	97	89	89	97	93	89	96	89	98	97	97	92	95	89	91	98	98	92	88	95	89	98	89	90	96	92	96	89	97	92	92	90	94	97	95	97	95	92	92	97	94	88	89	97	92	95	95	92	96	88	96	89	96	89	90	90	95	93	94	89	90	92	95	91	96	96	95	91	90	89	93	91	93	97	97	96	96	94	96	89	90	88	94	97	98	93	93	92	96	91	92	88	93	96	89	97	97	90	95	96	95	90	97	95	90	96	95	93	94	90	90	91	91	96	89	95	93	96	98	95	96	92	95	92	97	94	89	92	96	95	98	88	95	89	97	97	92	89	88	95	91	89	97	93	94	89	98	94	97	96	96	89	96	91	89	90	91	97	95	92	98	95	93	89	95	97	92	91	90	92	96	90	94	90	89	96	89	89	93	98	96	91	92	93	92	97	98	90	98	92	94	92	93	93	97	90	88	94	90	98	90	92	97	95	95	89	96	94	88	97	96	89	91	90	96	93	95	93	92	95	88	95	94	96	95	91	97	91	96	95	98	97	90	91	98	96	93	88	91	90	92	98	90	95	95	90	94	95	91	96	93	96	92	96	94	97	93	93	91	95	89	88	97	92	92	93	95	89	98	96	92	97	90	90	98	91	91	94	96	91	95	91	89	92	97	97	88	90	88	93	91	92	91	89	90	91	96	89	95	90	96	97	94	89	94	95	94	92	88	89	90	90	93	89	91	89	94	97	94	95	94	95	93	94	93	95	91	88	97	93	94	92	96	89	95	96	94	89	91	90	96	91	93	94	96	97	92	90	93	92	92	95	93	95	96	92	94	91	92	94	95	91	90	90	94	93	96	92	96	88	90	89	90	94	89	92	90	93	89	97	96	88	89	94	93	90	96	98	97	93	90	97	90	97	89	97	93	95	96	93	94	90	90	88	95	96	92	96	93	89	97	91	97	97	91	92	89	90	97	95	97	98	95	90	92	94	96	88	97	92	93	88	94	92	91	94	89	93	92	96	90	90	91	96	96	95	92	96	94	95	96	94	94	97	97	97	88	97	88	90	95	88	92	89	94	96	91	94	89	97	88	93	97	90	94	93	96	93	94	96	91	90	96	92	91	96	97	96	93	91	89	94	95	93	88	92	90	89	92	90	88	92	90	89	94	88	96	95	97	93	95	89	94	95	91	89	96	95	97	95	95	97	97	97	96	95	91	95	90	89	98	97	89	93	94	95	92	95	91	97	94	93	90	89	94	89	92	91	95	90	88	90	92	97	97	93	96	97	91	93	95	98	94	98	98	92	94	90	92	94	88	94	89	94	98	88	94	98	88	91	96	90	94	96	88	92	91	97	94	94	94	96	94	97	89	94	92	93	98	94	89	94	94	92	96	96	92	92	97	88	96	91	95	90	96	97	88	92	93	95	98	97	96	90	91	95	89	96	98	94	92	90	93	97	93	96	94	92	93	93	92	92	91	97	92	97	89	89	93	96	90	94	96	97	94	91	90	90	93	90	98	97	89	96	98	97	88	89	92	90	91	88	89	90	93	97	95	97	92	92	88	93	92	90	92	96	97	95	93	89	95	90	92	93	92	95	95	96	91	90	90	91	89	95	96	96	97	92	92	92
44	48	49	43	46	48	43	47	47	48	48	45	47	46	50	47	44	50	50	43	42	44	47	44	47	42	49	50	49	44	45	50	46	48	42	45	43	42	49	45	48	51	44	44	42	50	43	42	50	41	44	43	45	48	49	50	49	48	42	46	48	43	48	44	43	45	48	44	49	48	43	49	41	44	48	44	48	43	43	42	48	51	46	47	42	42	50	46	50	42	47	42	47	46	45	48	46	41	48	45	43	43	43	48	48	43	49	43	41	44	44	45	44	49	47	41	50	43	45	42	43	47	41	48	46	44	45	41	47	46	43	44	46	50	47	49	46	45	44	50	48	42	45	47	48	50	45	48	44	51	45	43	46	47	42	42	45	46	48	49	45	46	47	49	49	42	46	44	50	49	46	51	47	45	47	47	49	44	49	42	42	47	44	41	47	48	48	48	44	48	42	42	50	51	48	47	45	47	45	43	43	45	41	49	46	46	45	47	42	51	46	47	47	51	48	46	44	47	49	46	46	43	42	44	47	44	50	48	47	43	50	45	46	41	46	44	42	44	46	46	44	49	42	46	46	48	43	44	49	49	46	46	49	43	43	50	44	46	49	44	50	46	49	46	43	48	47	42	46	46	47	49	41	49	46	45	49	42	49	49	46	46	43	49	46	45	50	44	48	44	50	47	45	48	44	49	51	42	45	46	45	46	46	42	45	42	50	46	42	50	47	47	47	44	48	44	50	41	46	50	47	42	44	42	41	46	42	49	46	47	42	41	47	48	42	50	44	42	50	42	49	51	42	51	50	49	48	50	42	43	42	46	51	44	44	50	46	51	49	48	42	44	50	47	48	46	42	47	48	46	46	41	44	46	43	43	45	45	47	50	42	47	46	48	45	49	43	42	49	47	45	42	50	45	43	43	41	46	41	43	50	45	45	49	46	50	41	42	44	42	48	42	44	51	47	50	46	51	43	48	47	45	45	44	45	47	41	44	45	49	42	46	47	49	51	44	51	50	48	51	50	47	47	43	45	43	49	44	43	47	49	45	51	42	50	47	46	48	48	49	49	41	50	51	49	50	44	41	44	44	43	49	47	43	44	49	49	49	47	48	43	45	51	44	46	50	42	41	42	49	49	45	50	46	49	41	44	41	46	46	48	49	44	47	42	44	50	44	49	46	48	42	42	47	45	46	42	49	42	41	44	45	46	50	46	49	44	41	49	46	42	47	45	44	43	46	45	48	50	41	48	49	49	44	48	46	46	47	44	50	44	43	49	43	48	51	45	42	45	45	47	50	45	50	47	50	41	47	48	51	41	42	49	42	48	42	47	50	48	46	47	50	49	43	43	48	51	43	42	46	44	46	48	46	51	43	50	44	42	51	45	49	45	44	47	44	43	49	46	45	48	46	48	44	42	50	46	42	49	49	42	42	43	44	46	43	46	49	48	49	42	47	49	42	44	44	45	47	47	43	42	49	50	51	44	48	47	42	50	45	41	46	49	44	43	48	41	50	47	42	47	51	48	43	43	47	49	44	47	41	51	44	42	45	48	49	46	44	45	44	41	43	47	43	46	50	44	48	49	47	43	47	44	48	42	42	46	43	46	45	48	43	46	44	51	41	50	43	42	47	49	50	51	46	42	50	42	46	43	41	47	44	43	43	48	48	43	49	47	50	45	42	44	45	49	49	44	48	50	45	51	43	41	44	46	45	49	45	42	50	41	46	45	42	46	50	42	44	47	49	49	49	46	47	45	43	44	47	49	46	45	49	43	46	50	50	42	46	44	46	50	42	45	50	50	44	46	49	47	43	44	50	44	50	44	45	46	46	45	46
18	18	19	11	14	18	18	14	17	13	13	11	11	18	17	15	16	15	20	16	15	10	16	17	10	19	14	14	12	19	18	20	13	15	18	17	20	13	16	19	19	12	19	15	13	13	17	17	16	10	15	15	12	11	14	12	14	14	15	19	19	12	18	11	13	16	13	10	19	14	11	15	19	19	19	14	18	10	15	13	13	19	19	13	16	17	16	11	10	17	15	19	16	14	18	12	17	18	20	10	19	17	16	13	15	15	15	19	15	15	14	17	16	16	13	14	17	14	14	13	11	15	10	16	13	15	14	15	14	10	11	14	16	16	13	15	12	16	15	16	14	12	13	12	12	11	14	10	10	11	18	20	12	11	10	15	18	17	12	11	17	20	16	19	12	10	16	11	11	12	19	18	18	17	19	20	11	16	13	18	18	18	16	10	17	18	11	13	16	13	18	20	17	17	17	12	17	17	18	12	18	12	16	20	17	19	15	19	13	18	16	11	13	19	18	12	17	11	17	14	11	15	18	19	15	11	11	15	16	11	14	16	19	18	18	14	13	14	10	16	15	19	15	14	11	10	19	12	10	14	16	15	13	13	19	12	14	14	12	15	17	16	14	18	19	10	16	13	16	17	14	14	20	13	13	13	17	19	20	11	16	19	16	14	19	14	16	18	12	16	17	17	17	18	18	14	11	15	11	18	14	13	15	14	13	14	15	14	16	19	12	15	18	20	16	10	11	16	14	13	18	19	19	10	12	15	18	13	16	10	19	15	14	10	16	17	17	13	11	13	15	10	18	14	15	15	19	14	15	16	10	10	20	17	13	15	10	17	16	11	16	17	14	14	12	13	16	14	12	12	14	19	10	19	15	18	14	13	19	16	13	16	17	13	14	19	11	12	13	10	13	16	19	17	14	14	14	13	18	12	16	20	17	14	14	19	15	15	15	10	15	15	20	17	11	15	13	14	16	11	15	13	12	15	14	12	16	18	12	19	10	12	14	10	13	15	18	16	17	18	18	12	11	12	15	15	19	18	20	11	11	19	16	12	13	14	19	19	12	13	12	12	14	14	13	18	14	10	11	12	16	17	14	17	17	17	13	17	11	20	19	11	20	15	16	11	16	13	13	12	17	18	20	18	20	14	14	16	14	20	13	18	13	17	13	18	18	17	17	11	16	20	19	19	17	13	12	15	12	20	13	16	11	13	20	19	18	14	18	17	18	14	15	20	13	12	16	15	13	17	18	13	11	18	15	19	12	14	19	11	13	20	12	16	20	18	13	16	12	18	18	10	18	16	17	18	18	11	15	19	14	16	18	17	19	11	16	15	11	12	10	13	18	18	19	16	19	11	14	13	11	19	18	11	13	19	16	16	13	11	12	12	14	17	13	11	12	13	18	14	19	12	12	11	16	15	10	13	12	16	17	14	18	17	15	15	17	13	17	19	14	12	12	16	10	18	15	13	19	18	17	11	15	18	18	15	18	14	18	11	17	16	17	16	17	18	11	13	17	18	13	20	10	10	12	13	14	14	17	10	17	15	12	13	20	18	17	18	19	20	19	11	17	16	12	14	11	13	13	16	14	17	11	15	16	15	19	17	11	13	19	18	13	19	17	15	13	12	18	12	20	13	17	18	13	12	18	18	11	18	12	12	15	11	17	18	15	10	12	18	12	17	18	18	14	14	14	12	12	18	10	17	11	18	19	11	17	19	11	15	14	18	17	10	10	13	19	19	15	16	13	19	14	11	16	17	15	12	15	19	14	14	15	19	12	17	14	13	14	17	15	12	18	10	11	12	11	17	11	16	11	16	14	14	11	19	11	16	16	14
29	36	37	31	33	28	35	33	35	33	38	31	34	38	31	32	37	32	37	31	32	29	31	35	29	35	36	33	37	34	36	31	37	28	36	32	37	29	28	32	32	37	35	37	38	30	35	31	29	38	34	33	32	35	35	34	37	30	31	37	35	33	36	30	32	32	32	30	34	35	34	32	37	28	29	32	29	30	28	31	33	31	38	30	37	32	30	30	30	30	37	35	28	29	30	32	37	28	29	28	33	29	38	33	32	29	33	38	36	28	35	38	28	35	36	31	38	29	33	33	36	36	33	29	29	32	36	31	36	29	35	35	31	29	33	32	29	38	37	28	30	38	33	35	38	34	29	31	32	34	35	33	37	32	33	28	28	32	30	30	34	37	36	36	36	36	35	28	28	29	34	38	35	33	32	28	32	37	34	33	33	33	30	36	32	35	35	37	38	36	37	28	34	34	31	31	37	38	36	36	31	35	34	34	37	34	32	33	36	38	37	30	34	32	34	32	37	38	37	35	30	28	35	35	30	33	37	31	34	29	29	30	31	35	31	32	33	28	30	33	31	35	36	37	34	33	31	29	33	38	29	34	36	35	35	31	31	34	36	28	33	36	31	30	30	29	32	36	37	32	32	36	33	37	34	37	38	30	30	31	34	31	32	37	32	32	29	35	37	30	33	32	38	28	38	37	32	32	35	30	36	29	38	30	30	36	34	35	31	29	37	35	32	31	30	32	34	35	33	33	30	28	31	29	38	31	35	35	38	29	34	32	35	37	30	30	36	34	35	35	31	32	31	29	29	30	38	29	29	33	36	29	33	32	36	35	31	29	36	28	34	37	30	30	34	32	33	30	30	38	32	32	34	33	37	34	34	28	32	36	38	30	37	37	34	32	32	36	33	29	32	33	29	29	35	31	35	32	35	36	29	29	32	33	29	32	37	29	38	36	29	35	36	30	29	34	37	34	30	34	32	38	30	34	30	29	38	34	29	36	31	34	36	37	30	35	31	36	34	32	37	35	28	32	36	35	36	36	28	33	37	34	35	33	36	31	28	36	31	28	37	36	31	34	30	30	35	37	29	28	37	30	37	33	30	34	31	32	30	35	32	31	35	35	31	36	34	32	35	34	37	38	32	31	38	29	34	32	30	34	36	35	29	32	31	31	34	32	29	37	36	31	35	28	32	33	31	33	34	33	29	33	38	31	30	29	32	32	35	29	37	32	29	32	35	36	34	38	37	31	31	33	29	32	36	29	30	28	35	30	34	34	37	30	35	29	29	34	33	29	29	31	31	29	30	34	33	34	33	31	33	30	36	38	36	30	33	36	35	38	28	29	37	30	38	31	30	29	32	30	31	33	30	37	32	36	38	33	32	31	30	38	35	35	32	38	31	31	31	34	34	34	33	35	34	37	37	36	34	33	33	29	36	34	28	31	32	36	30	36	37	28	35	35	37	36	31	34	28	33	29	34	33	37	34	31	29	28	31	33	29	34	32	35	38	35	38	34	29	36	32	28	36	29	32	31	29	36	28	35	28	29	36	35	29	28	33	31	30	32	35	37	33	32	30	33	34	33	36	30	32	32	36	35	36	36	32	34	38	38	30	38	38	37	31	32	31	33	28	31	28	36	36	34	33	31	35	32	38	32	32	35	31	37	35	32	35	36	30	35	36	32	37	29	30	33	35	30	37	30	35	34	29	28	36	28	35	33	34	32	34	33	36	31	32	37	36	30	30	38	34	36	28	32	29	29	33	31	34	38	36	35	28	33	34	36	38	34	29	32	30	37	35	30	35	33	34	34	36	31	31	34	33	34	29	34	37	30	32	35
102	108	103	104	103	109	103	100	109	104	102	109	108	106	103	102	108	106	107	108	109	104	104	108	109	103	99	104	109	108	104	106	102	102	102	105	108	108	106	101	105	109	101	108	107	105	107	107	108	103	100	105	100	106	103	100	106	109	103	102	101	100	108	107	101	103	101	100	99	109	104	101	107	100	107	106	109	101	100	104	107	109	107	103	103	102	108	106	99	109	100	105	108	99	107	99	104	105	109	109	109	105	104	108	102	100	102	105	106	101	108	103	103	105	105	101	100	101	102	108	103	108	108	105	102	106	103	104	102	100	101	109	106	101	103	101	104	101	107	100	104	102	107	100	103	105	100	108	109	108	107	100	109	107	105	106	101	100	107	100	108	108	109	103	107	108	102	106	108	105	106	104	108	106	108	101	106	99	102	106	105	109	103	108	102	107	100	109	101	104	105	106	101	100	101	109	107	103	105	101	100	107	105	107	100	109	108	100	108	101	106	106	108	107	109	105	106	106	101	105	102	99	101	107	99	106	105	109	108	108	108	104	101	107	99	102	104	107	101	105	102	104	107	103	100	102	101	102	107	108	104	104	106	102	107	99	106	105	107	101	109	108	101	108	103	109	105	101	104	100	107	101	102	104	102	99	103	99	104	99	101	107	108	100	106	106	108	104	104	101	108	103	105	103	105	100	108	106	101	105	105	103	101	101	99	99	106	109	108	102	106	106	108	99	102	107	103	104	103	104	105	102	100	101	108	103	106	106	105	102	104	100	108	109	101	100	102	100	109	104	108	100	107	105	101	103	103	102	100	103	103	108	101	104	108	108	105	106	104	104	107	103	109	109	108	100	108	102	105	102	107	107	107	107	106	100	108	99	108	102	101	107	104	103	102	108	102	102	101	108	104	101	101	102	108	100	107	102	106	107	104	104	99	101	109	99	100	106	103	100	107	108	101	99	101	105	106	105	109	108	108	101	101	107	107	100	102	103	100	108	103	105	103	101	106	105	99	107	101	100	104	105	108	105	108	107	106	104	104	101	104	103	109	109	104	101	108	104	103	108	108	102	105	104	108	100	100	107	104	108	107	100	108	100	106	103	106	102	101	108	100	107	101	108	106	108	103	103	103	103	106	104	100	106	104	106	106	106	105	106	101	103	107	109	105	107	104	99	101	108	100	106	106	103	105	104	107	101	107	100	101	104	109	104	103	102	105	108	108	101	101	101	108	107	107	106	102	99	109	102	104	99	107	101	106	102	106	106	100	109	104	106	104	107	104	109	108	103	103	102	106	108	101	107	105	108	99	99	106	105	103	107	101	108	105	108	105	106	107	104	102	107	102	102	105	103	105	106	108	101	106	101	103	100	103	107	101	107	105	100	99	107	107	109	106	109	104	108	104	102	100	105	106	107	106	101	108	107	101	109	108	102	104	108	100	106	100	103	109	106	103	102	101	104	108	107	108	104	103	103	107	101	103	99	101	100	107	103	102	106	107	104	109	106	100	106	102	100	99	104	108	108	105	99	108	103	108	104	103	105	107	108	104	106	101	104	106	100	99	103	101	104	106	102	101	101	108	100	104	108	109	100	107	99	103	108	105	103	106	101	100	102	101	101	103	109	106	106	105	109	101	104	105	102	104	104	102	104	104	104	103	101	107	106	103	105	105	100	102	108	104	101	101	99	99	106	105	101	102	108	106	107	101	106	102	101	108	102	104	104	101	102	109	106	108	109	102	104	107	102	100	100	106	109	106	105	105	108	107	109	99	105	104	106	99	101	104	100	103	101	104	104	106	105	99	102	108	101	103	103	106	105	104	104	105	102	109	109	105	102
13	16	8	11	16	9	11	8	10	12	16	15	14	14	13	14	10	16	11	12	17	11	12	15	14	15	7	9	11	8	11	16	14	14	14	11	12	11	16	11	12	7	11	13	10	13	15	13	12	8	10	7	15	15	10	8	10	8	12	16	13	12	11	17	7	8	9	9	11	11	14	14	9	7	13	13	7	17	9	16	14	17	14	14	13	12	10	11	13	11	12	14	12	15	17	10	8	15	8	11	8	10	16	11	14	17	17	10	8	10	10	10	12	13	15	12	13	7	12	16	17	14	13	11	11	10	13	12	13	15	17	11	11	16	11	11	16	13	16	7	16	7	15	15	14	11	9	10	9	16	10	16	12	14	13	13	11	15	16	12	9	17	11	11	13	11	11	10	16	15	12	8	8	15	15	15	13	12	10	16	14	11	9	11	14	12	15	13	12	9	13	11	16	14	15	15	8	11	16	13	12	11	16	7	15	8	16	16	10	7	14	16	12	12	10	13	8	13	12	9	16	10	11	13	11	8	16	8	13	15	15	11	15	10	10	17	14	10	9	12	9	16	8	11	15	16	17	7	14	16	12	15	16	17	11	8	11	14	8	9	16	14	7	8	13	13	12	16	13	12	17	7	9	14	9	8	13	15	14	14	15	17	8	15	15	14	16	7	17	12	11	8	11	12	8	9	9	13	9	13	14	8	15	10	14	8	11	10	16	13	14	11	14	13	13	9	10	14	8	13	9	15	11	16	12	12	13	11	7	7	7	9	12	12	11	16	10	14	12	9	17	7	9	10	16	17	16	9	9	15	15	16	14	14	11	12	10	8	8	11	15	15	8	9	16	15	14	15	15	10	9	8	9	10	13	11	7	16	17	13	7	9	15	14	11	7	16	15	11	12	8	13	15	9	9	14	9	15	12	9	9	14	9	8	12	8	15	9	14	13	14	8	8	10	16	14	9	8	10	10	11	16	10	14	14	12	16	15	7	12	11	10	16	9	14	8	10	10	15	12	16	9	7	10	10	15	10	15	11	12	10	16	12	9	11	9	17	8	16	17	14	10	14	13	16	13	15	10	16	14	10	12	10	12	8	12	13	15	11	7	9	9	9	16	11	10	15	10	17	14	15	16	8	12	15	17	7	8	16	9	13	10	8	7	13	13	16	17	10	13	14	14	15	11	13	10	16	14	11	13	16	7	9	12	16	8	8	10	16	8	16	10	11	9	13	16	7	15	8	14	13	15	11	7	10	17	9	10	9	8	17	11	14	14	15	16	10	17	7	11	8	15	7	10	13	13	11	17	9	13	10	14	9	16	15	17	17	10	7	11	13	12	9	10	8	16	14	13	10	11	14	8	7	11	14	8	9	8	16	14	11	12	10	15	10	15	11	15	8	11	7	11	14	17	8	15	8	7	12	10	14	11	9	13	16	17	16	12	12	16	16	11	10	16	12	14	12	14	14	9	8	15	14	15	12	14	14	10	7	16	16	12	9	9	14	13	11	10	7	15	12	11	10	10	9	7	13	12	16	16	14	11	8	16	16	15	12	11	10	12	12	12	15	8	17	10	10	11	12	15	14	12	14	14	12	17	13	7	16	8	8	10	11	8	10	15	10	10	8	10	16	10	12	15	8	11	15	9	15	15	8	14	12	12	8	9	13	11	16	16	14	10	13	16	11	13	16	9	10	14	14	15	10	9	16	16	8	8	15	9	13	7	11	7	7	10	11	8	17	11	7	16	13	17	8	14	14	13	8	14	15	14	16	8	14	15	9	13	16	8	12	15	17	14	8	14	8	12	11	10	13	12	13	11	16	15	15	11	15	7
89	86	85	85	79	85	84	81	86	80	87	81	83	87	83	87	85	79	80	82	83	84	82	85	87	80	84	80	87	85	80	89	80	87	82	83	86	89	85	79	83	88	86	88	81	87	87	86	84	81	85	89	83	87	86	84	79	80	84	81	79	87	88	80	88	84	82	87	89	81	88	87	84	80	81	88	80	79	86	83	83	89	88	85	81	80	87	85	88	81	82	83	85	84	84	88	81	81	85	86	80	87	83	88	86	88	87	85	79	86	83	88	89	79	84	86	82	89	84	80	82	89	79	83	87	87	81	86	80	86	87	87	82	88	85	88	81	81	81	87	79	87	85	84	86	79	82	88	81	85	80	80	88	84	89	85	86	86	81	85	87	79	85	81	86	83	87	88	85	81	89	89	89	81	88	82	81	83	84	80	87	89	82	82	86	81	86	83	87	81	80	87	82	82	86	81	84	83	82	80	89	85	80	80	80	84	82	85	89	85	84	80	87	88	80	81	81	82	89	86	79	88	80	87	85	80	82	82	79	81	83	88	86	80	89	81	87	80	89	88	86	83	88	89	80	85	81	85	80	88	89	84	85	89	87	80	80	81	89	82	84	89	86	85	82	81	88	81	87	84	82	88	87	87	80	84	80	88	81	80	86	80	82	79	85	85	82	84	84	86	83	85	80	83	86	87	85	80	86	85	81	87	87	86	86	84	80	87	79	83	88	84	81	84	80	88	80	79	81	84	79	83	87	81	80	80	86	87	85	84	88	81	80	85	82	81	87	83	83	85	84	89	81	86	79	81	83	87	84	83	88	80	84	84	82	85	85	89	87	79	79	79	81	86	82	83	79	83	83	83	85	80	87	81	88	86	89	81	82	80	82	83	83	89	89	82	85	79	88	79	86	85	88	81	84	82	82	89	79	87	86	83	88	79	81	89	80	88	83	87	86	82	88	81	88	84	83	83	79	84	81	86	82	86	82	85	80	80	83	84	86	80	87	84	81	82	86	89	83	86	85	87	80	84	79	81	83	82	83	82	81	82	88	84	82	87	84	88	80	88	80	83	86	81	79	83	89	84	84	89	88	86	87	81	87	85	85	81	89	87	86	80	89	86	85	88	86	85	87	87	83	85	85	85	82	80	87	84	86	85	86	85	80	87	84	85	81	88	80	84	85	88	88	85	89	84	86	85	88	83	83	86	86	86	85	83	87	82	88	82	86	83	87	81	81	81	82	85	82	81	88	86	87	88	83	79	81	85	81	80	86	84	86	84	80	84	83	88	86	81	86	84	82	88	86	84	88	83	88	88	88	80	86	84	84	84	80	79	82	86	87	88	87	84	82	84	87	88	85	81	84	80	81	88	85	88	82	88	89	88	82	81	87	81	82	86	87	84	80	87	80	83	81	87	86	88	79	88	88	81	86	88	88	81	88	81	80	89	85	86	81	88	82	81	86	79	86	81	88	80	82	79	81	87	88	88	87	80	85	83	85	80	79	83	83	84	85	86	80	83	89	79	87	81	84	81	80	88	86	84	80	82	87	82	81	85	87	81	81	89	83	80	84	84	89	85	80	87	86	88	83	83	81	84	88	84	79	86	86	82	82	80	81	89	82	84	83	85	89	79	88	84	86	81	83	83	81	80	80	86	89	83	85	86	80	81	82	87	81	82	88	85	82	80	86	80	86	85	85	80	83	88	88	87	87	80	85	83	84	83	85	81	82	83	88	88	89	87	82	80	80	84	86	86	83	83	84	84	85	88	87	88	88	81	87	79	81	89	88	82	89	81	79	80	80	88	79	89	85	89	84	81	89	87	82	88	83	85	84	87
3	4	7	13	13	6	13	9	10	9	5	9	5	8	12	4	9	3	4	11	4	6	9	9	5	13	13	11	10	10	5	7	5	12	10	8	3	10	5	4	10	9	9	7	13	7	6	6	4	5	4	8	5	8	6	7	10	4	11	4	12	10	10	4	8	7	9	5	11	4	7	11	3	10	11	12	10	7	7	11	6	8	6	6	11	12	12	3	7	5	6	8	5	8	9	7	12	4	8	7	8	10	6	4	4	6	5	7	7	9	5	7	4	11	10	7	11	5	11	9	3	12	13	11	9	6	13	8	10	3	8	4	3	13	12	7	10	8	7	9	10	7	10	9	11	9	10	13	7	8	5	9	12	10	13	11	3	8	5	8	4	7	8	10	6	12	6	10	7	7	6	9	10	10	6	7	10	8	6	5	12	5	4	9	10	10	5	9	11	8	13	11	8	5	10	13	13	10	7	13	12	4	8	6	8	8	3	8	12	13	8	11	11	8	7	6	8	4	12	3	8	11	9	8	10	13	12	13	10	10	12	6	4	12	7	8	8	11	11	11	6	13	7	10	11	8	6	3	12	8	13	7	7	13	10	7	9	10	12	4	12	10	12	4	10	6	13	8	5	7	9	12	10	6	6	7	7	4	10	6	12	11	10	4	10	11	9	9	4	8	12	12	3	9	5	11	7	5	7	4	8	7	8	8	11	4	3	4	7	7	12	11	5	12	3	5	10	12	5	4	6	9	10	4	9	13	8	8	10	9	4	4	5	8	9	8	3	7	13	6	4	13	6	6	4	4	11	4	5	8	9	11	11	10	6	4	10	7	6	8	10	8	3	11	12	12	12	7	6	8	4	5	12	6	10	4	8	8	8	3	8	10	12	11	7	5	3	11	9	10	12	8	12	6	12	9	13	6	12	8	7	9	3	11	9	10	4	9	6	10	7	5	4	10	4	5	10	6	10	5	10	12	6	9	13	10	9	10	9	3	6	4	6	4	8	5	11	6	12	5	9	12	7	10	6	10	11	6	10	8	10	11	5	4	4	3	12	7	9	5	12	3	9	6	11	12	3	11	7	5	12	12	6	9	5	10	12	12	9	9	11	12	10	5	12	10	8	6	6	6	13	13	10	5	3	3	10	10	6	7	11	12	13	4	12	3	8	6	6	11	7	10	5	10	3	11	3	10	12	11	7	12	8	10	7	11	5	11	6	8	9	10	3	8	11	8	7	12	5	6	7	4	11	11	8	8	3	5	10	5	7	5	6	8	11	10	8	8	11	9	11	11	9	8	12	7	10	11	7	10	4	5	10	7	10	3	10	7	8	9	7	11	12	3	4	13	3	7	11	11	7	13	4	5	6	12	3	12	11	9	7	5	3	6	5	5	3	3	5	12	5	7	11	6	5	5	6	13	4	5	7	10	8	4	12	3	12	6	3	9	4	6	4	6	4	8	9	10	6	5	10	12	10	6	5	6	6	7	12	5	12	9	6	3	8	4	3	9	9	4	7	7	13	6	12	11	13	4	3	6	12	7	12	6	6	12	7	8	11	4	4	12	5	9	5	10	3	8	8	5	12	5	13	6	10	12	5	5	10	6	12	6	7	5	5	12	12	7	13	5	7	3	7	8	4	6	10	6	11	12	9	9	6	7	9	4	9	4	12	9	6	12	7	10	7	12	9	10	11	9	12	12	3	4	11	7	4	8	9	7	11	7	7	12	9	11	8	4	5	4	8	9	10	7	7	6	8	7	10	3	7	7	8	9	7	10	6	8	10	12	4	11	5	9	6	7	11	11	7	13	5	5	4	6	4	12	10	5	4	6
43	43	40	36	41	41	43	36	42	37	37	36	38	36	40	37	42	41	43	36	40	37	44	36	38	41	40	41	35	42	36	38	44	41	41	43	43	41	40	37	38	38	36	43	40	37	34	40	40	43	43	38	39	41	36	40	41	37	39	41	37	42	36	38	34	35	40	42	42	37	36	35	39	37	34	38	44	37	36	39	43	36	42	42	44	40	40	38	38	39	37	37	37	34	40	43	37	43	39	37	35	39	37	41	43	42	44	36	40	41	44	39	36	38	35	35	43	43	42	35	36	34	39	34	39	38	38	44	44	42	41	44	42	40	44	42	42	38	42	37	42	37	38	41	34	38	42	39	42	37	39	38	43	40	35	34	43	38	34	42	41	38	41	36	42	37	36	40	44	35	38	43	41	35	38	38	39	40	42	34	39	42	43	42	37	41	34	43	42	42	37	40	37	39	38	38	40	36	39	43	41	42	42	42	41	43	39	40	40	36	43	43	42	37	42	37	42	41	40	43	36	41	43	37	38	38	39	36	42	34	44	34	42	43	44	35	39	43	39	37	40	42	40	40	38	37	36	41	36	40	41	36	40	40	41	40	42	35	35	36	40	39	42	35	34	38	38	41	41	35	37	43	37	40	35	35	41	39	39	38	34	36	41	40	41	41	43	34	39	37	43	36	38	43	38	41	38	40	40	42	44	37	34	38	41	38	35	40	43	41	34	43	41	37	36	38	42	42	41	42	37	36	42	44	42	35	37	34	42	43	44	39	41	34	44	43	38	41	39	38	36	43	35	40	37	41	41	35	41	38	42	37	43	43	41	34	42	42	37	41	37	39	44	35	43	38	36	42	35	34	40	38	42	35	43	42	40	41	35	43	35	35	36	42	37	34	43	40	44	43	38	37	39	39	40	40	36	38	35	39	43	38	43	36	41	42	38	37	35	36	42	38	43	40	40	42	36	38	37	43	42	38	36	39	36	41	39	44	41	44	42	44	41	39	41	43	43	36	36	40	40	36	37	39	39	37	44	35	35	41	44	39	37	41	40	35	36	41	42	35	43	38	41	37	38	42	43	36	36	43	43	42	40	44	42	38	40	40	36	37	38	36	38	36	42	35	40	44	38	40	41	40	44	38	40	44	36	43	42	35	36	40	41	36	41	42	41	34	38	42	40	38	43	36	41	40	38	40	36	42	40	35	43	42	36	37	40	40	40	42	38	44	34	36	36	44	43	38	38	41	41	43	39	44	36	42	41	44	36	37	35	34	44	34	40	38	40	35	34	35	34	41	43	36	38	42	37	37	41	39	34	39	42	34	41	40	42	34	41	37	41	43	35	38	36	43	35	36	41	38	37	43	36	43	43	40	37	43	42	44	40	41	39	43	36	36	43	36	43	37	44	44	37	34	40	38	43	42	40	36	44	35	40	37	35	42	39	43	36	41	42	39	42	41	37	37	43	35	39	40	42	36	41	40	43	37	35	43	38	38	38	37	42	36	39	43	42	40	37	43	40	43	37	35	37	41	43	40	38	35	35	38	39	38	39	43	39	38	40	35	36	37	40	42	42	38	36	43	43	36	43	43	39	38	37	35	37	35	38	42	38	39	35	39	36	36	43	35	41	40	36	44	41	38	38	43	40	41	42	38	35	35	40	37	40	44	38	38	39	43	43	44	39	37	35	41	44	35	42	37	40	39	35	43	36	39	39	35	35	35	40	44	43	38	43	43	37	35	41	35	34	42	40	34	38	40	42	36	38	43	36	41	42	41	36	41	36	34	43	42	41	34	41	37	34	37	39	35	43	42	40	39	43	42	36	38	43	36	42	35
69	69	65	62	64	72	72	64	66	69	64	69	69	66	69	71	64	67	65	68	63	67	63	69	70	64	66	70	69	69	68	69	63	69	66	67	66	65	69	67	72	68	71	71	65	63	67	66	64	67	70	63	64	65	70	63	68	70	70	71	65	65	71	70	66	65	68	67	69	69	68	62	67	70	62	65	62	65	67	68	71	69	63	65	65	70	65	70	69	63	69	70	70	72	69	69	65	71	63	66	66	64	69	63	63	63	63	62	68	72	68	72	62	70	67	63	69	69	67	70	67	64	67	71	67	71	70	71	69	63	67	72	67	63	70	70	62	65	67	72	63	63	62	69	65	64	72	67	65	70	69	70	70	68	72	71	69	69	69	67	69	63	71	70	71	71	67	63	71	64	65	62	67	62	70	72	70	64	64	65	62	68	66	62	69	70	65	69	64	63	68	63	67	63	64	64	64	71	63	71	67	67	68	65	69	64	66	66	64	66	72	65	66	72	70	69	63	69	70	70	65	71	72	66	72	64	63	70	69	71	70	64	64	65	70	65	68	63	63	67	64	67	69	67	71	62	71	65	71	65	71	71	65	67	66	67	63	69	67	63	68	65	67	67	67	64	68	62	63	69	64	65	71	70	72	65	65	71	68	71	68	65	63	69	68	64	65	71	70	63	68	63	67	70	70	67	72	62	63	65	70	71	67	63	68	69	64	69	65	64	68	68	62	70	72	68	71	67	69	62	68	69	70	68	71	68	63	65	72	66	69	68	63	63	72	67	68	65	71	63	69	66	63	68	67	67	67	67	71	62	65	69	63	63	69	64	70	70	64	65	68	63	68	62	62	65	66	66	69	70	69	68	71	70	70	64	68	63	69	72	71	70	64	65	68	70	66	65	64	64	72	71	66	71	72	69	69	65	65	62	64	62	72	69	64	68	64	68	71	68	69	69	70	64	63	68	63	63	71	70	72	67	68	67	62	66	64	69	64	67	67	70	69	67	64	68	66	70	65	62	63	63	70	69	71	63	70	67	65	63	70	62	66	64	65	66	67	70	68	65	66	69	71	71	64	65	64	71	72	66	71	64	68	66	64	67	66	72	66	67	64	66	68	68	64	70	63	71	66	71	71	69	70	71	69	71	70	65	69	71	66	71	67	66	67	63	66	70	63	69	69	66	67	64	69	63	69	63	70	69	64	64	68	67	68	67	63	71	68	69	68	68	65	66	66	70	66	71	64	65	70	63	68	65	62	65	63	70	67	66	63	64	64	67	64	72	70	70	63	64	67	70	65	69	69	71	71	62	66	67	66	65	70	69	69	71	66	66	65	71	70	69	65	70	68	68	65	69	72	70	68	70	67	67	71	72	71	65	70	66	63	65	62	64	62	67	72	63	65	66	64	70	71	69	63	71	70	64	72	66	65	67	64	70	65	70	69	65	64	67	64	72	70	67	72	64	71	64	65	69	65	72	69	66	67	69	64	64	66	68	69	66	65	71	63	66	68	70	63	63	71	69	69	68	65	65	63	68	69	70	66	66	63	69	62	65	63	69	72	69	66	65	65	67	70	64	63	71	67	66	64	63	62	67	69	69	65	71	64	66	65	68	63	66	70	64	66	65	66	69	72	65	66	69	72	65	64	71	65	70	68	63	67	72	64	71	70	64	63	64	67	69	68	66	69	72	66	71	68	64	66	72	67	70	66	71	70	64	63	64	72	72	65	68	72	63	69	63	70	69	65	68	68	70	65	70	69	71	66	67	64	68	66	71	70	65	69	63	70	62	68	62	64	68	67	68	67	63	71	70	65	70	66	67	65	66	63	72	70	62
35	35	29	32	27	30	33	29	31	30	31	30	28	27	34	27	28	32	35	34	35	28	29	33	27	28	34	31	29	27	26	36	31	35	33	33	30	30	32	33	30	34	34	29	34	27	28	30	33	31	35	26	34	33	34	28	31	29	34	27	34	31	29	33	29	34	27	36	28	36	30	27	35	31	30	33	35	35	26	33	35	29	26	32	32	29	27	27	33	33	30	33	27	35	27	36	35	29	35	29	30	30	35	29	30	30	29	28	31	26	27	30	30	33	27	30	30	31	32	35	29	30	34	33	28	30	28	36	31	33	30	27	32	32	33	30	34	35	34	33	35	26	29	33	31	29	27	29	34	26	35	26	36	31	28	32	33	31	30	29	35	29	36	36	30	30	35	26	30	32	32	30	28	32	31	34	34	31	29	36	29	28	31	26	26	34	34	29	26	29	34	33	29	36	28	31	33	34	29	36	29	27	32	31	33	36	35	30	35	33	28	32	33	32	35	30	33	35	28	28	32	34	33	29	32	35	32	28	35	33	35	27	30	30	29	35	31	30	27	35	29	29	32	34	30	34	30	27	31	29	27	31	31	28	28	26	30	31	28	31	35	29	26	34	26	35	31	28	32	28	35	32	32	27	26	32	27	33	33	30	36	27	29	28	34	26	27	33	33	36	31	33	29	30	26	36	34	28	30	33	30	36	29	33	31	32	34	28	27	29	36	30	28	28	30	34	30	32	35	29	30	32	33	33	34	33	31	29	34	26	30	29	32	32	30	30	35	35	35	31	28	31	36	27	29	30	27	27	36	33	35	29	30	31	27	29	32	32	29	30	31	28	31	32	28	31	30	28	32	26	31	34	27	32	30	29	34	34	36	35	32	34	32	30	31	31	29	33	31	26	29	33	35	27	29	32	34	27	34	30	29	35	34	27	30	34	28	30	32	32	30	30	35	26	36	30	31	33	36	36	30	35	31	34	26	31	36	28	28	34	32	35	35	28	30	33	28	35	31	29	29	26	26	33	34	26	32	28	29	36	26	34	27	34	26	36	31	35	31	31	28	30	34	35	27	34	36	29	29	31	28	35	35	32	28	35	28	36	27	27	27	31	28	29	35	26	33	30	31	31	29	35	32	29	31	32	31	30	30	27	35	28	28	28	28	26	32	33	31	26	28	26	33	29	34	36	30	33	31	26	31	30	28	32	29	30	30	29	34	33	27	27	29	29	35	35	31	34	33	34	32	31	31	33	27	34	35	35	28	34	28	35	30	26	32	27	36	36	27	32	29	35	28	29	27	27	27	35	27	26	32	27	32	32	30	30	33	32	32	35	28	30	29	31	28	35	34	34	34	36	27	32	31	26	29	30	27	36	30	33	30	33	34	28	30	35	27	27	32	30	29	35	29	35	32	35	30	33	26	34	33	32	32	30	29	33	34	27	32	27	34	32	26	32	30	30	28	31	27	35	34	30	27	35	32	30	34	29	35	35	32	34	32	35	33	33	32	33	35	34	28	32	33	28	28	32	32	27	28	33	32	35	36	30	34	33	26	33	32	30	28	30	29	34	27	36	33	31	33	31	26	29	34	30	32	30	35	28	31	31	27	35	36	35	32	34	30	34	26	26	35	29	31	29	31	32	29	31	32	34	33	27	30	26	29	36	34	35	27	32	32	28	28	30	32	27	29	27	27	29	32	28	33	32	27	26	31	36	36	35	27	27	34	35	30	29	35	31	30	31	28	32	30	35	35	30	28	31	35	33	33	32	26	33	33	34	28	35	28	33	28	33	35	26	30	33	34	29	28	30	28	31	34	35	31	33	34	28	28	33
11	9	8	14	7	10	12	9	10	14	12	7	12	13	16	14	8	15	15	10	7	9	11	9	10	8	16	8	13	16	8	7	14	17	15	12	9	10	12	12	8	10	17	16	17	16	11	14	13	13	16	15	14	14	9	12	11	11	7	9	14	11	16	10	9	15	16	16	11	15	12	14	10	12	14	9	8	17	12	9	15	11	12	9	16	8	8	14	9	15	15	8	11	8	14	12	7	11	14	9	14	12	8	10	10	12	9	14	8	10	11	9	12	17	17	13	16	17	7	13	14	11	10	9	12	16	8	13	10	13	8	15	7	11	12	7	10	12	9	13	9	8	16	15	11	11	12	13	15	10	16	17	9	9	15	11	17	8	9	11	10	11	16	10	8	9	9	16	9	8	8	16	8	12	14	9	9	13	11	10	7	14	9	12	12	8	16	7	7	15	9	13	8	15	16	16	15	17	10	7	14	13	16	10	15	11	14	7	11	15	8	9	15	13	15	13	16	12	13	9	17	16	12	11	12	12	15	10	15	14	10	9	15	12	9	14	7	13	14	11	10	16	15	12	11	15	8	14	11	10	10	16	12	9	8	11	14	10	8	12	12	9	8	12	14	17	9	12	12	13	11	8	14	11	15	16	15	10	12	11	8	15	13	9	13	8	8	13	9	16	12	10	14	8	12	13	9	12	10	15	12	9	17	13	14	16	9	10	16	9	7	13	15	8	17	16	14	17	9	12	12	13	7	7	16	15	12	13	9	17	10	15	14	11	16	14	9	8	13	13	13	16	11	14	16	15	13	12	14	10	8	12	9	16	15	7	14	17	9	8	15	11	14	12	16	10	8	7	12	13	14	16	13	10	12	8	13	8	13	10	12	11	9	12	8	13	15	9	10	10	10	14	15	15	17	12	10	10	9	17	16	14	8	9	17	17	7	15	9	16	14	12	14	11	9	11	11	11	17	13	8	15	15	13	15	12	11	9	13	15	16	9	16	14	8	7	9	14	11	16	17	12	13	15	9	8	7	7	15	15	17	7	16	13	15	12	8	11	14	11	16	8	15	12	9	11	10	10	11	16	15	11	17	13	14	8	17	7	14	10	13	9	14	12	13	8	9	11	9	12	14	10	8	8	15	16	9	8	10	11	13	10	8	11	12	16	13	8	10	10	12	8	13	13	13	9	15	13	13	15	8	9	9	13	15	16	14	7	12	15	9	10	12	16	15	8	13	13	14	11	14	15	11	12	15	8	13	13	9	10	9	10	11	8	8	11	10	12	16	7	14	13	10	16	12	13	11	13	8	7	9	10	12	14	9	15	12	14	10	11	13	14	15	7	14	16	11	17	12	16	14	9	11	15	12	11	14	12	17	10	11	13	16	13	8	10	15	10	14	12	7	11	8	14	16	9	7	11	10	10	17	12	8	8	11	14	13	14	12	13	8	10	8	14	11	8	12	10	16	7	14	11	7	17	8	10	13	11	15	9	9	13	11	13	13	7	8	10	10	12	12	11	9	13	9	12	17	10	16	9	7	16	13	9	16	10	16	13	14	12	15	9	12	16	15	15	7	15	10	13	10	9	16	16	16	16	8	15	11	10	11	13	13	16	8	11	11	10	11	8	15	10	8	17	7	7	13	9	8	12	10	7	10	14	9	14	11	9	15	10	8	8	14	11	8	14	10	12	10	15	12	12	14	11	14	8	11	13	16	8	13	14	15	14	10	12	8	12	17	10	14	7	9	10	15	16	14	8	12	14	9	15	15	13	16	8	9	7	10	12	13	13	13	16	9	15	9	8	11	10	16	11	15	7	16	10	11	16	10	8
82	77	80	82	76	82	83	83	85	82	82	83	83	75	77	81	79	81	78	78	82	81	84	83	82	80	78	84	81	79	81	81	75	75	83	81	79	83	82	77	83	76	76	84	79	79	79	83	76	83	82	81	84	78	77	82	84	78	77	78	79	81	78	76	78	81	82	77	76	82	84	80	77	80	80	75	84	79	80	82	84	83	80	82	79	77	75	81	84	80	82	76	77	77	77	83	83	80	76	83	80	83	85	82	80	79	85	80	81	82	85	80	82	79	75	77	76	79	75	78	77	81	81	80	75	80	80	81	81	82	84	78	79	85	83	80	82	80	85	78	82	77	80	76	79	82	81	83	76	79	79	82	77	80	84	84	84	77	76	79	77	80	78	81	80	81	78	81	82	83	82	77	80	76	85	77	83	79	84	81	78	77	75	78	81	82	85	84	76	82	76	82	77	83	79	82	78	77	82	81	78	78	84	85	77	81	82	81	77	83	81	77	84	79	81	76	80	81	83	80	81	83	75	76	83	79	81	82	82	82	81	76	85	78	81	82	81	80	84	81	76	78	76	81	85	80	83	76	83	81	82	84	81	78	81	80	83	76	81	78	79	81	84	77	84	84	79	80	78	84	76	81	80	76	75	85	81	85	83	79	80	76	77	81	83	78	84	75	84	78	80	80	80	81	84	76	79	84	78	82	82	76	80	80	84	76	84	75	84	84	80	80	83	84	85	78	83	76	84	84	84	81	76	75	78	78	81	84	82	81	77	84	76	79	77	80	83	84	79	81	82	80	83	77	83	85	81	79	83	84	83	76	79	82	80	81	76	83	78	83	81	83	77	80	81	81	79	80	84	85	84	77	79	78	80	75	83	79	79	80	77	85	77	78	83	83	76	84	77	84	82	85	78	85	83	84	84	76	79	81	84	80	78	83	83	81	80	81	82	84	75	84	75	79	77	78	82	77	76	83	79	85	75	76	76	80	79	79	77	85	84	85	78	78	80	84	81	80	84	82	79	79	77	83	80	82	83	80	85	76	76	76	84	78	82	80	78	78	80	83	80	78	83	80	77	76	79	81	78	77	80	83	83	78	78	79	77	82	81	83	83	82	77	75	85	78	84	83	84	77	85	81	82	83	76	77	82	80	80	76	83	82	79	85	76	77	78	77	84	81	84	85	81	81	83	82	75	81	84	82	78	76	81	80	81	76	77	84	80	76	78	85	81	82	76	81	85	84	77	82	77	76	77	78	76	75	84	83	79	77	82	77	80	81	81	84	84	82	82	83	81	82	81	77	76	76	81	84	82	76	77	75	77	85	81	79	82	77	80	82	78	84	79	81	81	84	80	76	76	83	83	80	77	80	81	84	80	78	82	80	84	80	79	76	84	75	79	77	81	82	84	75	77	76	82	83	76	84	80	85	82	76	81	85	75	85	81	84	77	77	82	81	85	76	82	80	85	81	84	76	75	81	83	79	78	85	80	82	83	76	80	76	79	83	75	83	81	84	84	83	81	82	76	83	76	76	83	78	76	84	83	82	79	79	85	75	80	76	79	80	83	83	82	84	75	85	76	79	81	84	83	81	76	82	82	76	77	84	75	75	85	76	75	83	76	84	78	82	81	79	85	83	82	83	82	78	84	81	84	79	82	79	83	84	78	82	79	76	81	83	79	82	77	80	82	82	76	79	76	83	79	84	76	84	75	82	78	76	82	78	77	81	77	84	83	81	84	84	80	83	79	77	76	79	78	84	80	81	76	82	84	75	80	83	82	78	79	81	82	76	78	82	83	83	84	80	79	76	79	75	76	81	82	79	75	76	77	79	84	85
wj																																																																																																																																																																																																																																																																																																																																																																																																																																																																																																																																																																																																																																																																																																																																																																																																																															
22	56	97	77	57	51	86	90	77	46	60	65	60	1	35	54	77	25	88	50	95	20	84	51	3	29	26	86	69	41	39	30	93	30	38	70	68	25	58	77	5	6	52	73	20	69	41	58	39	16	41	91	96	46	37	13	55	15	77	2	21	25	67	32	26	100	99	32	55	71	5	91	66	97	67	1	47	4	33	80	79	44	53	38	35	83	90	74	70	27	36	85	7	31	58	2	19	36	34	57	59	21	69	28	23	82	100	3	11	96	83	38	65	52	70	19	85	4	60	43	20	36	80	66	59	2	38	13	76	23	26	96	79	48	51	50	9	92	21	79	66	38	66	96	97	62	74	94	24	17	22	41	65	93	73	87	87	88	51	4	24	43	18	39	53	87	53	65	86	6	81	77	37	23	57	95	16	15	12	6	83	18	4	52	64	60	2	38	6	4	85	37	17	35	6	99	41	70	14	94	25	5	15	86	87	60	69	91	12	30	99	70	80	35	35	20	30	29	38	43	16	7	64	31	21	35	97	33	68	33	20	1	91	43	18	60	21	25	66	33	84	40	67	88	47	60	54	8	49	56	17	90	50	65	90	17	94	5	43	2	59	5	16	62	97	91	63	89	13	37	12	46	55	51	5	71	8	24	32	51	78	19	33	90	37	13	2	22	25	29	88	77	16	32	79	64	35	45	78	23	77	34	99	66	5	40	65	17	79	45	20	35	42	75	55	16	30	14	81	21	16	27	45	79	89	55	85	81	84	49	17	79	20	20	87	30	10	17	25	93	57	27	46	63	17	24	35	62	44	24	21	99	93	98	19	88	80	77	59	86	19	35	59	43	7	99	21	51	81	60	62	89	5	88	80	96	13	43	7	52	79	73	80	58	59	37	56	75	9	50	12	94	27	11	87	61	50	44	34	65	91	41	43	32	19	50	54	55	8	8	89	86	58	53	9	96	81	78	70	67	13	100	37	25	16	69	70	46	49	90	87	25	29	51	86	61	39	78	89	58	4	8	98	92	91	5	87	2	7	62	99	52	82	15	41	60	81	79	99	94	80	7	66	84	52	54	83	6	78	56	67	70	65	96	5	42	51	32	43	46	68	48	56	92	52	62	51	33	5	64	23	75	87	64	4	98	59	59	26	12	7	94	2	83	25	19	38	73	2	2	33	85	28	92	31	71	22	8	14	37	51	37	81	2	56	87	14	76	99	59	9	2	89	95	10	21	96	99	11	90	69	46	84	88	33	57	28	45	32	88	54	77	70	88	14	30	28	1	89	37	20	15	33	64	71	10	34	72	66	68	39	79	83	15	77	29	17	44	30	72	21	86	22	56	95	4	14	63	90	90	96	29	59	16	16	42	79	97	39	65	58	66	83	9	71	67	87	50	28	89	85	57	19	54	38	18	24	13	11	55	66	43	58	3	36	28	45	47	4	7	40	21	1	60	26	9	56	5	92	11	69	47	31	87	46	23	90	24	28	85	15	77	36	35	35	100	13	4	71	43	64	22	23	70	97	34	75	1	66	81	49	33	65	87	52	65	96	57	61	9	21	79	43	53	16	24	50	79	78	96	29	88	43	95	26	69	11	60	83	50	82	53	97	71	46	8	45	81	15	10	13	39	72	49	4	52	99	8	81	91	50	36	36	77	57	86	2	55	39	38	13	99	54	77	23	13	77	46	17	6	90	46	35	84	52	30	22	75	81	85	36	92	88	7	49	55	60	15	2	82	44	33	67	77	48	59	35	10	86	63	2	87	86	99	88	13	19	26	71	14	39	22	60	95	53	73	52	44	66	83	81	38	71	11	44	74	23	98	61	35
