pij																																																																																																																																																																																																																																																																																																																																																																																																																																																																																																																																																																																																																																																																																																																																																																																																																															
86	72	87	81	82	77	87	83	71	80	75	78	83	80	75	77	89	71	84	86	79	86	76	77	89	87	74	83	19	84	71	87	85	78	86	79	86	87	73	73	83	84	72	88	83	77	77	77	78	22	71	82	87	86	87	76	89	70	89	83	77	83	79	75	84	73	75	87	89	18	87	88	72	82	18	72	83	81	81	83	78	80	22	89	76	86	70	89	84	89	80	79	81	77	79	83	89	85	80	90	82	24	71	84	90	75	85	73	80	89	78	72	84	75	79	89	70	23	72	72	89	77	72	79	76	77	85	87	74	88	86	71	89	86	20	76	76	86	74	81	81	84	87	88	78	70	72	73	81	83	71	86	86	80	80	85	89	19	77	80	88	88	90	74	82	85	87	81	82	75	75	82	70	87	90	81	70	77	87	73	89	74	75	83	86	75	89	16	78	84	20	73	88	72	73	73	72	88	87	81	74	76	76	87	18	90	74	74	76	76	74	84	71	72	72	78	88	74	71	88	75	86	86	75	72	20	88	82	86	71	85	70	79	87	87	74	73	75	90	73	75	72	72	76	77	73	78	72	72	76	89	83	79	71	23	81	86	75	74	82	76	71	80	77	74	80	23	16	72	79	78	87	90	90	71	78	85	22	76	72	78	83	89	83	81	71	73	75	88	89	72	83	87	85	84	71	78	77	90	86	80	88	70	80	79	89	89	78	25	78	89	71	83	23	87	78	77	76	74	90	82	87	85	83	86	72	75	88	85	79	87	89	75	86	88	73	90	84	77	88	88	82	82	76	76	71	79	76	77	19	85	70	84	74	74	82	78	71	89	71	84	71	78	24	76	70	82	74	77	23	71	81	79	74	74	89	70	74	84	72	87	87	71	77	71	77	81	76	18	73	89	76	79	86	71	24	78	22	77	78	85	79	81	89	88	75	71	81	78	78	75	84	77	77	80	87	77	86	76	80	74	76	74	18	75	87	75	75	73	85	71	80	85	86	88	74	77	85	88	77	84	87	74	74	71	85	82	79	83	87	79	82	78	78	87	78	81	76	81	89	80	83	77	76	22	87	79	72	79	20	77	83	72	86	72	75	18	89	83	85	72	73	74	18	85	83	25	88	85	74	73	80	89	25	83	83	72	85	71	75	74	83	89	84	89	89	81	79	79	82	88	85	74	80	25	86	82	75	70	89	82	73	21	71	79	80	24	84	77	73	86	76	86	77	24	18	88	87	71	85	79	74	71	87	76	78	80	72	80	78	71	24	78	71	86	77	85	90	90	83	74	87	77	86	80	78	81	88	77	86	19	88	86	85	77	78	88	89	83	87	74	81	87	73	82	75	70	85	85	74	84	80	26	78	85	70	70	80	80	84	75	89	81	82	71	78	84	82	85	71	72	88	81	76	87	83	75	73	88	89	74	89	71	87	71	77	71	76	87	23	73	80	70	89	81	74	87	71	85	81	88	82	87	78	81	85	86	86	72	73	90	76	87	86	83	78	85	77	73	87	76	83	82	85	74	89	85	85	71	88	82	71	80	89	90	77	89	80	86	79	80	81	89	70	89	89	86	87	86	77	80	74	74	72	72	73	74	82	75	70	86	84	89	18	70	77	78	72	74	86	84	24	71	81	75	75	77	85	87	79	88	81	79	87	79	80	77	87	24	79	87	73	76	72	74	79	88	72	81	86	79	73	83	88	87	78	75	83	76	81	86	75	73	81	74	72	75	75	77	84	89	87	86	86	87	86	72	86	88	83	81	88	74	74	77	80	89	89	75	83	89	73	86	88	78	82	84	74	89	72	75	89	72	86	77	88	73	86	90	75
85	75	74	90	76	87	87	79	74	89	81	87	17	71	72	71	89	73	89	82	81	76	84	16	23	90	84	85	88	84	77	76	74	78	88	78	81	28	87	24	84	86	75	89	88	89	80	74	86	80	81	78	77	79	81	74	87	76	85	76	84	87	74	74	73	76	81	25	78	78	25	71	85	71	88	21	88	22	75	86	83	86	85	76	78	21	76	74	81	89	79	86	73	89	85	86	81	72	84	77	87	72	89	75	71	84	71	89	71	73	86	80	82	84	86	73	71	23	71	77	71	87	85	70	85	90	74	72	79	82	77	82	81	83	83	20	79	75	87	86	76	76	21	76	72	85	87	87	84	77	83	24	85	74	77	77	87	88	77	71	82	83	86	84	88	25	82	74	79	81	76	26	71	73	83	85	74	78	79	86	83	83	89	76	87	21	83	80	80	22	77	77	86	77	72	78	70	82	89	78	87	87	27	81	83	80	78	88	82	79	81	87	82	78	28	87	74	20	76	77	81	73	76	87	16	83	72	81	82	76	83	17	81	81	75	89	86	84	72	22	83	89	85	76	71	83	78	77	74	89	79	21	24	16	88	75	71	81	75	82	73	88	77	85	81	78	74	76	70	84	71	25	89	72	76	76	84	79	81	79	89	82	71	86	19	87	90	75	76	23	83	88	81	80	18	90	81	88	84	84	88	87	18	86	83	70	27	90	82	83	86	87	79	23	78	85	82	84	80	75	84	75	26	87	83	80	90	77	26	86	25	85	71	83	73	72	83	26	74	79	75	85	90	74	77	85	77	73	70	81	72	90	79	87	70	85	82	89	72	26	85	81	74	78	85	83	85	87	26	86	89	73	81	73	81	73	84	73	74	90	77	79	18	73	85	80	75	78	78	72	88	76	74	84	74	84	86	89	89	82	89	90	87	79	72	71	90	74	26	87	71	81	79	77	79	79	84	84	87	80	75	79	88	77	74	76	80	85	22	87	71	82	84	73	82	86	74	89	83	78	84	26	76	84	84	71	71	90	80	85	25	72	25	18	76	74	90	75	82	23	79	26	83	89	72	27	89	75	87	76	82	79	77	71	75	79	73	75	18	81	73	88	76	73	79	23	89	79	82	89	88	20	79	88	20	74	82	71	71	81	87	82	87	77	78	84	89	82	77	83	86	23	89	78	82	87	88	76	73	24	21	87	89	22	86	85	84	25	84	86	82	70	89	78	85	86	78	90	83	74	84	89	20	76	75	74	79	71	80	24	80	75	82	23	84	87	77	78	72	82	74	71	73	87	78	85	85	90	85	89	74	88	74	20	85	82	81	80	87	79	85	71	15	20	71	23	73	79	72	23	72	77	90	73	22	21	84	88	82	76	82	87	73	88	86	83	73	26	76	81	86	90	71	83	80	25	85	80	86	25	89	77	20	86	90	86	19	73	23	75	20	90	25	81	87	71	78	74	85	80	90	71	79	77	27	87	74	22	74	79	83	87	70	74	83	71	78	20	90	90	80	89	82	88	71	77	90	80	82	74	75	87	73	82	76	73	72	83	81	71	76	87	87	79	76	76	76	77	83	74	74	75	87	88	72	87	83	74	81	78	79	87	79	84	72	72	23	79	78	23	84	79	81	76	77	86	79	84	82	80	89	87	85	87	86	78	83	76	80	83	78	87	26	80	70	84	74	80	79	72	88	79	75	82	80	71	82	90	82	80	85	88	86	88	83	76	27	27	86	89	88	72	78	83	18	87	79	72	76	71	85	89	71	80	81	81	71	82	74	71	78	18	79	83	87	81	77	19	76	90	24	81	75	71	74	81	85	71	74	88
87	82	70	85	88	81	87	85	76	21	79	85	71	81	85	75	24	79	73	88	88	24	88	88	83	82	87	81	71	81	79	87	78	21	77	73	81	80	86	24	73	89	80	75	85	86	77	84	80	70	87	84	90	74	74	83	86	81	88	86	84	77	86	79	74	72	82	88	88	18	74	74	79	76	82	87	74	80	80	86	79	73	81	88	78	85	80	86	84	90	26	79	83	74	81	19	80	77	82	80	78	80	83	80	73	87	76	83	78	80	17	89	89	71	85	24	76	71	83	84	74	77	74	24	90	71	81	73	88	76	79	74	72	89	19	78	80	89	75	29	77	85	81	74	88	77	71	89	85	71	82	80	72	79	70	76	81	76	85	71	23	78	23	22	22	78	74	82	90	71	89	89	90	86	81	87	77	80	70	27	88	77	83	72	71	86	83	85	88	73	87	89	77	72	24	78	71	20	72	88	76	77	86	81	76	90	86	84	80	19	71	85	89	86	72	87	84	78	88	90	18	83	81	77	84	86	75	89	27	84	80	18	74	21	80	79	25	89	75	76	87	18	85	80	89	83	71	20	79	25	77	87	71	90	88	74	21	79	86	86	83	76	72	25	72	90	25	80	76	25	78	72	82	21	82	79	85	83	23	78	81	72	85	89	76	75	86	81	23	81	85	76	70	71	88	71	23	23	83	23	72	85	81	74	89	21	81	84	87	85	76	74	86	73	79	84	80	70	87	82	21	85	75	89	88	74	84	79	89	18	72	80	71	76	84	88	81	87	72	25	87	19	80	79	72	80	83	74	87	88	87	74	77	75	84	73	72	79	75	80	87	24	76	77	84	87	75	85	80	72	89	70	89	74	72	78	82	72	78	20	85	75	86	72	71	71	73	73	76	73	84	85	73	73	83	71	18	88	80	72	87	86	83	85	87	90	73	73	90	86	81	89	83	74	84	73	73	77	74	85	71	88	70	84	82	81	87	76	89	70	82	80	89	72	88	87	72	84	73	70	86	85	74	21	88	90	73	73	74	72	77	18	71	73	25	78	18	73	79	71	81	78	86	88	88	73	70	85	81	78	76	87	82	90	86	71	87	86	78	74	88	71	88	89	74	84	72	70	90	83	19	71	74	89	79	76	89	85	81	78	84	19	87	86	90	83	85	85	24	81	83	82	75	73	88	25	88	76	85	74	75	82	86	85	81	72	78	77	82	86	84	88	82	71	22	84	89	82	89	25	77	85	76	87	82	18	83	80	85	86	85	84	78	81	90	22	20	80	72	72	79	81	72	73	81	88	89	70	76	86	79	73	87	83	80	77	79	87	78	24	86	76	79	81	90	79	88	26	81	72	76	80	88	82	88	87	20	74	84	86	76	84	22	71	76	81	84	72	73	82	88	76	25	88	77	72	81	89	79	72	77	82	85	78	83	82	71	73	75	77	71	72	77	73	86	72	71	72	80	70	85	73	87	89	77	70	73	80	79	74	77	72	90	81	77	75	88	81	72	83	89	89	77	85	83	71	76	72	16	78	83	71	83	79	87	84	25	73	76	87	89	72	81	79	90	73	88	88	87	85	76	81	83	19	83	81	71	78	72	20	88	76	26	84	88	78	84	77	80	20	75	73	86	89	81	74	75	85	87	28	71	80	76	72	23	81	86	74	76	72	83	90	89	82	76	73	87	28	80	88	71	19	87	81	74	73	78	85	71	88	83	19	88	83	89	85	75	89	78	75	79	78	76	71	84	79	78	85	71	89	80	71	77	76	23	75	89	23	22	82	73	77	74	27	87	22	80	82	79	84	76	83	77	17	25	83	76	74	77	72
82	89	79	88	19	84	70	73	83	73	82	89	79	72	84	82	79	85	90	80	85	87	70	71	84	85	89	79	72	80	78	76	77	81	89	71	87	84	83	76	24	74	87	72	84	73	74	88	87	71	74	83	89	76	75	74	89	82	81	83	86	87	81	76	84	73	86	79	73	78	80	84	80	78	80	77	78	80	84	88	73	82	76	85	82	89	80	84	74	26	74	88	83	21	26	79	16	90	89	86	74	88	84	26	79	87	78	90	86	82	73	79	76	71	71	84	76	87	86	88	70	84	74	71	79	79	80	83	73	72	76	85	71	75	86	75	74	80	22	84	71	15	74	81	80	78	89	19	79	88	89	75	79	82	23	79	84	79	76	77	79	20	78	87	80	81	89	76	70	72	21	75	70	89	73	71	90	22	83	73	79	22	87	79	71	70	79	87	88	77	82	73	90	85	71	75	89	74	88	83	78	74	70	88	81	77	86	89	85	77	76	73	83	88	88	88	83	79	74	83	76	28	82	84	87	88	76	70	71	75	81	77	26	84	75	82	85	71	73	75	80	87	71	81	84	75	76	87	81	88	84	86	21	88	74	71	89	87	73	79	90	82	79	79	86	79	77	78	88	80	71	72	86	70	24	85	88	85	72	80	82	20	79	72	76	84	72	82	88	89	72	73	72	73	77	75	79	88	86	75	85	71	88	87	25	79	76	71	75	21	22	73	87	73	81	75	76	71	90	88	71	88	75	79	73	71	78	89	25	87	77	90	76	89	81	25	89	79	84	90	80	19	73	75	73	73	80	82	71	86	86	81	87	85	72	88	25	81	81	72	85	81	26	87	84	84	84	89	78	77	75	76	79	73	78	81	72	82	73	21	81	73	78	82	81	85	85	77	80	85	87	83	26	18	78	75	76	82	18	81	86	71	81	85	80	71	72	84	80	81	82	71	88	80	80	81	21	78	85	74	89	74	19	81	71	90	86	80	85	86	74	84	25	26	87	88	76	70	74	87	21	76	75	88	83	71	77	88	81	85	77	18	72	88	25	78	84	18	74	22	90	70	78	71	87	75	80	72	82	82	80	27	72	84	72	82	88	76	86	82	77	90	85	72	89	73	27	89	86	88	87	16	88	78	86	82	87	86	80	74	86	74	87	72	77	71	88	84	90	87	79	80	84	83	89	84	72	25	76	70	77	72	85	80	85	77	88	79	74	83	83	72	87	89	87	75	23	86	18	81	71	75	78	25	78	78	88	77	89	24	86	78	83	78	74	87	20	87	75	82	75	72	72	89	79	80	72	87	75	78	80	81	80	80	89	21	74	79	83	81	22	89	78	78	19	71	71	78	72	85	75	75	71	86	74	87	73	85	89	71	78	84	72	22	73	89	74	77	76	70	27	77	81	83	77	71	89	84	86	88	90	71	74	78	82	73	83	76	73	74	74	77	23	80	72	74	84	71	21	87	71	16	75	80	86	73	71	72	81	27	71	83	77	78	70	77	88	77	78	85	71	72	79	72	90	89	77	88	75	80	89	88	22	72	78	76	82	74	88	21	76	20	83	84	83	21	21	24	75	88	81	71	75	71	70	73	74	24	81	83	88	89	80	76	80	75	71	76	81	85	70	78	82	22	77	78	84	78	82	83	84	83	80	79	77	72	85	81	87	79	88	86	86	84	74	79	75	82	84	78	82	78	90	18	86	17	80	80	27	87	74	77	16	87	90	88	79	74	76	82	87	83	83	89	20	73	72	24	76	81	77	81	89	26	70	79	90	90	82	79	75	90	87	85	26	77	86	84	78	78	72	87	72	74	85	76	79	79	86	18
75	87	71	75	85	75	72	88	85	87	89	74	90	84	83	71	77	84	90	71	26	79	90	87	23	71	88	77	85	89	77	77	85	20	82	74	79	90	80	83	81	71	22	89	73	75	83	85	87	76	81	71	19	78	20	88	85	83	19	76	75	72	19	82	90	73	84	75	74	77	80	79	76	23	20	81	72	72	73	79	72	88	79	80	83	90	78	84	84	75	80	82	25	74	77	77	80	79	72	83	74	79	70	88	78	85	82	22	21	70	84	78	90	76	76	89	81	82	88	72	90	89	72	24	75	88	75	86	71	80	86	80	19	21	70	75	88	20	86	76	71	72	75	72	89	80	76	79	71	75	24	89	87	73	77	76	72	74	78	73	87	87	83	90	76	25	26	73	74	75	85	75	73	82	73	85	71	76	86	83	22	74	73	72	75	78	79	79	87	80	79	78	72	77	80	73	77	85	84	84	80	87	87	72	83	19	78	89	75	81	70	25	81	87	74	77	15	76	78	88	78	87	74	85	81	75	77	80	90	73	70	77	76	71	74	73	81	73	73	71	75	78	88	89	88	80	76	19	21	72	75	75	74	84	89	86	70	83	86	77	85	71	15	72	21	85	83	87	17	87	19	77	82	76	76	79	73	79	77	80	73	79	84	85	80	80	80	83	78	89	73	81	89	85	81	81	72	82	75	73	81	78	87	85	84	77	88	79	72	76	87	77	76	79	89	80	80	85	82	80	78	77	85	83	71	19	18	72	72	82	83	80	82	73	90	81	73	87	80	87	70	85	21	86	21	87	90	24	79	20	76	72	82	78	72	85	81	24	84	77	82	75	83	86	87	75	73	79	77	90	76	79	21	88	26	76	21	85	90	79	75	82	18	78	86	88	78	18	77	78	86	80	70	88	70	75	78	71	81	86	77	72	81	80	89	71	81	80	78	86	75	87	76	87	80	71	84	27	70	82	82	80	88	86	77	71	27	74	80	71	22	77	87	77	18	70	81	78	88	71	82	85	82	71	88	90	82	24	74	25	88	72	75	83	82	21	78	87	89	70	78	24	71	71	80	75	82	86	83	87	85	80	27	75	85	73	80	88	89	79	84	75	72	77	74	84	77	86	79	78	85	76	88	82	85	73	80	72	78	89	83	85	77	76	74	86	85	87	74	88	86	77	73	85	82	86	78	25	90	22	70	79	83	82	83	73	88	71	72	74	73	74	87	70	80	87	77	22	72	72	80	82	73	80	22	80	73	74	82	74	87	88	82	86	21	73	86	72	71	72	75	71	71	74	78	77	87	82	89	80	83	82	89	86	73	80	83	74	77	90	87	75	70	85	76	77	78	89	78	82	84	73	82	82	81	81	89	88	84	84	84	74	70	74	72	71	86	86	78	81	77	84	71	80	79	86	88	87	72	71	86	87	79	74	81	80	78	20	76	89	72	89	85	80	84	81	90	75	88	84	82	82	22	83	81	85	77	72	75	82	23	89	75	88	26	80	77	77	76	78	74	79	76	26	81	88	88	75	82	78	80	71	79	79	71	83	86	90	84	71	79	85	25	78	83	79	72	89	81	27	79	87	20	90	76	87	72	86	74	71	83	80	88	73	81	78	84	77	77	78	23	81	71	86	71	88	77	81	73	83	78	74	81	83	75	86	71	72	75	72	89	88	90	78	77	85	88	88	87	82	75	80	84	71	88	74	27	90	85	75	88	76	79	70	89	72	25	79	74	83	86	80	83	77	77	83	18	83	86	84	18	76	77	89	89	79	79	86	73	77	80	75	81	79	23	86	72	84	88	77	75	82	87	76	72	83	82	88	79	86
89	85	82	20	72	84	78	78	82	79	82	78	78	88	75	85	78	80	25	88	82	78	22	71	74	89	21	76	76	74	83	81	75	71	79	72	73	75	89	72	71	73	72	81	22	79	84	85	76	77	25	73	76	89	86	75	76	74	73	75	85	78	75	82	74	75	84	73	85	71	74	74	72	83	84	87	71	85	84	88	81	72	83	74	79	90	73	88	80	78	87	85	80	71	82	87	75	75	21	88	76	87	71	81	17	22	86	80	74	90	72	79	70	89	84	78	72	79	83	26	84	86	71	72	82	72	90	84	78	79	82	74	86	71	80	19	80	21	81	72	23	77	89	86	85	87	89	72	83	78	71	85	71	89	72	81	89	72	71	84	71	79	71	87	88	90	79	73	19	85	72	83	72	89	81	89	88	77	26	90	89	82	72	71	86	85	83	88	79	78	87	72	74	84	70	23	72	80	83	73	26	80	88	18	88	71	77	17	79	79	19	85	85	89	89	72	77	75	82	86	74	86	22	79	83	24	79	73	81	81	76	86	90	80	87	70	75	72	80	79	88	80	78	76	24	77	78	80	88	85	81	78	78	77	86	83	72	77	75	86	85	77	88	25	84	73	76	77	87	79	83	70	76	87	75	73	78	76	77	78	87	77	71	83	89	75	72	79	81	79	78	17	79	86	86	78	90	90	78	75	87	75	89	82	85	81	85	22	75	73	77	73	72	73	72	24	73	84	74	90	72	24	89	84	84	87	76	86	88	87	77	83	75	87	83	76	77	75	74	84	82	72	81	81	80	76	26	26	86	77	20	22	70	74	72	83	82	86	80	74	86	73	73	85	74	77	89	90	87	87	20	81	74	20	71	79	84	90	75	78	25	20	83	85	80	70	88	73	75	79	88	76	76	87	79	71	79	20	74	20	80	78	80	74	88	86	80	80	82	89	72	17	79	87	19	84	82	76	72	71	74	75	76	72	27	78	85	82	83	80	87	89	77	73	86	85	78	85	73	73	25	88	79	83	87	84	74	77	83	82	89	85	26	74	82	23	79	85	73	85	81	78	84	82	75	77	81	77	81	84	76	84	74	83	78	73	73	28	76	84	18	72	71	83	83	85	73	19	75	71	78	71	77	81	77	81	80	80	81	87	84	73	74	20	80	78	87	74	24	76	76	79	88	81	90	84	89	85	83	71	72	79	79	23	84	79	81	76	83	88	80	84	81	87	74	86	79	86	81	80	84	83	79	83	77	88	71	85	88	73	82	80	81	88	88	79	84	73	79	90	23	70	72	78	87	76	89	71	23	79	21	86	18	79	72	86	85	88	88	74	77	74	17	74	88	24	85	82	89	75	70	71	87	72	84	22	78	74	20	26	83	25	89	80	24	86	78	71	84	76	71	85	88	18	83	76	74	89	88	83	85	71	77	85	89	76	89	79	76	71	72	76	88	73	84	71	27	85	73	89	71	77	78	74	90	83	86	81	72	86	87	85	87	80	73	78	83	86	76	81	89	86	73	88	81	82	85	82	75	21	88	84	74	74	74	75	86	88	73	87	74	73	84	73	75	73	88	71	79	72	75	86	86	78	83	84	78	81	86	85	85	81	26	79	81	90	86	90	80	83	74	80	21	82	73	76	77	89	84	76	84	79	77	82	72	89	86	85	84	70	81	25	89	88	81	88	70	80	27	72	70	80	88	90	73	16	72	85	74	27	23	83	19	73	72	83	85	26	83	84	74	75	89	78	86	88	81	87	89	87	85	76	88	77	87	73	79	85	81	80	88	20	85	70	74	72	86	86	89	74	23	80	81	89	75	75	73	74	71	83
87	87	86	87	75	73	72	72	77	73	83	19	79	76	82	89	77	19	73	77	74	73	86	75	71	74	81	84	77	73	86	16	87	78	73	79	88	72	80	71	74	88	83	23	70	70	72	88	84	78	82	82	90	21	77	75	73	88	85	87	19	84	79	90	80	90	89	90	22	81	72	80	18	73	76	88	85	83	17	80	88	21	82	81	88	20	71	83	22	87	78	90	74	86	80	79	74	87	78	20	84	72	83	88	17	70	72	84	80	90	71	79	19	88	83	87	25	74	80	26	88	79	70	87	78	87	88	28	87	85	74	73	79	21	81	86	88	73	79	74	73	73	76	21	83	83	89	86	86	77	82	76	79	89	76	80	71	72	77	77	72	74	71	21	73	80	80	85	84	82	74	79	81	74	76	77	73	87	88	75	23	77	89	77	70	90	29	81	71	81	79	81	75	23	76	88	70	87	80	88	77	85	90	86	72	81	80	21	84	73	79	72	27	22	78	75	73	77	75	80	85	72	87	86	77	78	26	74	87	82	82	86	74	76	90	70	73	22	85	74	76	85	85	86	74	84	75	72	79	75	90	86	78	85	88	82	85	82	79	75	74	89	88	84	71	79	80	17	86	81	71	81	82	80	87	78	74	89	83	82	78	71	73	75	77	83	78	83	78	85	79	87	90	71	71	78	88	89	86	70	70	87	83	84	84	83	71	72	80	87	24	19	76	81	73	79	89	74	82	78	83	83	25	25	18	19	88	88	87	73	82	21	81	86	82	73	86	74	78	71	87	83	73	73	86	73	89	81	79	88	73	88	81	88	75	71	73	88	72	76	72	80	72	80	89	85	80	80	78	78	71	80	77	85	72	78	79	89	82	82	85	86	87	84	76	76	89	73	72	89	73	84	74	74	19	83	79	76	86	72	78	80	71	87	79	78	85	77	78	81	75	73	71	74	86	89	87	29	77	77	80	90	78	70	80	73	79	84	74	87	78	87	73	81	88	89	89	81	81	19	87	88	78	80	89	17	80	85	84	74	78	87	78	71	88	85	85	75	19	80	73	79	76	83	77	26	89	73	82	76	70	24	27	86	16	74	77	82	84	78	85	86	75	86	26	74	76	77	82	78	84	75	75	86	81	78	26	19	85	84	75	75	77	83	90	89	86	23	87	89	73	80	80	87	24	81	71	80	82	83	76	87	80	72	88	71	26	76	90	19	80	71	77	81	73	78	70	84	75	26	89	70	88	89	23	80	75	81	84	82	85	89	90	79	83	80	77	76	79	89	73	73	18	86	77	74	75	21	79	83	79	71	80	82	85	88	70	77	85	22	20	77	83	74	85	86	73	73	89	84	78	71	78	77	24	80	80	75	75	76	26	72	88	77	79	20	25	73	25	19	77	76	76	71	88	85	86	82	83	75	24	23	85	74	84	24	80	72	79	77	89	82	83	79	71	90	86	79	72	89	88	90	88	84	77	77	74	74	79	71	83	89	84	17	70	82	75	71	79	74	77	21	74	77	79	90	90	74	86	90	81	76	74	84	77	73	23	88	71	79	76	80	73	88	70	82	87	72	89	78	71	17	21	79	71	24	19	74	76	74	73	73	81	81	76	72	79	80	18	89	71	24	87	70	85	76	75	84	79	80	27	88	79	79	88	89	24	89	81	81	74	88	82	78	19	83	89	26	77	75	85	86	23	20	80	83	81	84	87	78	77	84	77	28	75	19	83	79	80	73	78	78	23	72	72	21	85	71	78	89	79	81	90	76	84	75	80	89	72	78	73	84	81	86	77	80	87	82	80	77	85	21	22	87	82	82	87	75	71	89
84	86	71	74	73	86	87	78	72	90	86	78	72	72	86	26	79	79	80	80	80	88	87	85	76	78	79	73	22	70	88	80	78	79	79	87	20	80	75	78	23	70	73	75	86	86	21	87	81	75	25	80	81	71	89	74	80	84	18	89	74	86	76	81	22	24	86	84	76	86	23	72	75	85	78	85	17	82	79	77	76	87	82	70	89	79	18	24	82	70	85	70	83	86	74	81	88	20	76	87	19	81	71	73	73	88	87	89	75	87	85	89	79	85	19	81	78	74	89	73	74	73	88	76	75	80	75	83	86	78	21	82	74	77	89	88	72	75	87	70	89	71	77	89	83	71	82	72	78	89	84	76	77	78	89	72	72	85	24	76	86	73	70	71	89	88	76	19	81	74	81	75	88	81	83	80	85	76	77	26	87	79	25	84	79	83	90	77	88	71	21	79	90	88	72	76	85	78	89	73	74	76	89	85	78	71	81	70	87	90	72	71	86	78	86	74	77	80	22	83	81	27	78	85	88	73	72	80	73	71	72	73	77	87	89	88	75	87	78	80	76	74	74	18	82	79	89	72	89	87	23	76	83	75	79	86	76	84	16	80	87	73	82	85	73	88	77	80	71	82	73	72	72	78	82	83	77	20	77	74	22	88	88	71	75	76	72	74	80	88	88	74	89	84	84	74	84	23	79	72	24	88	79	23	84	89	72	85	87	79	85	81	80	83	84	87	19	75	80	78	81	27	80	87	78	82	77	22	82	80	74	76	22	73	71	87	88	89	87	84	77	85	85	87	81	79	88	72	72	88	79	73	88	23	86	80	86	86	18	90	86	70	77	73	85	89	21	90	77	73	19	76	71	82	26	81	70	89	71	89	86	77	87	84	80	72	73	70	72	82	21	21	71	80	76	74	80	77	70	83	74	89	86	21	77	71	17	81	79	78	17	70	17	84	90	24	90	74	84	80	89	18	88	78	76	21	88	90	80	76	83	90	25	74	79	85	74	81	80	82	72	74	85	79	73	77	81	81	77	88	71	86	82	90	70	83	74	71	89	73	84	78	26	87	88	75	86	87	85	78	79	89	74	75	79	85	75	74	83	80	78	85	88	87	83	78	83	87	88	75	76	79	82	74	86	74	79	72	81	85	85	81	70	83	83	75	79	79	77	81	85	80	21	81	80	77	82	86	74	72	87	74	72	82	80	84	85	80	71	82	74	86	89	74	71	86	71	71	86	80	90	85	73	83	80	84	88	82	82	74	17	26	88	80	75	81	87	70	76	81	88	18	75	90	85	22	71	79	81	73	88	18	78	77	21	70	70	23	71	83	88	22	85	75	74	73	84	80	87	79	83	73	81	87	78	77	80	18	88	88	75	72	75	71	72	89	78	90	82	87	84	83	71	88	78	80	25	82	78	90	79	73	82	78	73	78	78	78	89	89	88	83	90	79	21	76	79	82	86	18	26	81	89	24	83	78	90	85	25	85	82	89	84	88	79	77	70	85	78	72	84	88	73	81	84	88	85	82	87	89	72	18	83	84	18	87	82	83	77	86	84	86	73	86	74	71	74	71	73	74	88	19	89	90	74	70	79	83	76	84	73	89	73	76	21	89	75	74	76	77	76	85	71	82	72	72	74	88	19	88	25	23	70	80	81	89	75	23	80	74	78	88	89	71	83	74	73	89	89	74	76	77	71	73	24	85	88	89	86	27	77	83	81	80	71	85	89	86	74	71	70	86	84	76	70	73	89	87	75	88	70	71	71	88	24	89	20	72	23	83	80	76	24	85	79	86	77	81	77	78	88	73	89	86	83	86	76	71	72	18
72	85	81	72	80	74	78	72	22	75	28	85	73	88	82	83	88	89	71	74	73	79	78	84	89	79	82	71	77	77	83	86	78	89	27	16	88	74	78	82	83	85	80	87	78	75	81	80	75	80	71	78	74	73	74	85	21	84	81	82	82	82	74	75	76	75	80	77	80	87	74	77	16	71	86	73	76	70	87	75	81	79	79	86	80	75	81	22	77	23	86	25	85	74	75	86	80	81	77	86	86	78	86	84	89	87	80	71	72	90	89	71	79	86	88	23	75	84	23	74	25	88	20	71	88	89	75	79	72	90	82	71	84	84	84	82	90	74	72	78	23	72	71	82	23	79	78	86	89	73	87	82	74	86	73	78	77	81	71	83	80	76	23	72	22	77	78	74	85	86	90	88	88	16	88	20	74	75	76	72	84	83	78	73	87	83	80	80	90	79	78	88	76	79	87	77	71	72	76	22	75	75	82	87	72	87	85	88	75	85	78	81	85	83	82	72	75	75	88	81	90	77	76	76	82	90	74	73	73	81	89	88	87	73	26	72	71	78	73	81	82	81	79	70	89	27	72	87	21	26	79	79	87	81	25	80	88	72	74	73	84	20	71	79	74	77	73	71	77	78	83	76	85	71	78	85	22	86	22	81	72	82	78	82	86	70	71	21	70	87	84	89	21	89	75	74	82	80	17	86	24	75	78	89	76	76	86	80	86	18	82	87	89	72	79	72	82	25	79	86	84	79	87	74	73	75	83	80	87	18	84	87	81	18	79	90	80	75	73	78	88	86	74	27	82	86	89	76	86	89	72	85	15	22	80	89	81	78	78	70	27	81	73	84	82	81	80	84	74	82	84	87	77	75	73	21	86	19	89	85	79	84	76	85	83	24	76	84	74	87	81	85	71	85	85	77	81	79	70	83	78	80	84	87	26	89	70	23	77	87	81	80	80	71	83	76	70	89	19	83	88	78	81	86	89	86	79	80	74	18	72	22	88	89	79	75	79	85	86	70	72	84	81	78	75	89	70	72	17	79	80	80	85	86	84	80	82	86	71	70	78	75	81	78	75	87	24	22	82	81	77	72	77	81	80	84	74	75	77	76	86	89	80	81	84	73	86	71	73	72	82	74	17	88	83	82	76	71	87	88	72	73	72	84	80	83	84	71	84	73	87	75	79	87	77	71	77	79	81	77	82	89	73	83	22	20	74	83	86	71	72	73	71	81	70	71	86	83	86	71	89	80	71	75	72	87	74	75	90	72	78	85	78	75	81	87	74	86	82	87	23	80	84	89	74	72	81	73	85	79	80	82	83	90	90	19	85	88	74	79	89	87	77	78	19	88	77	90	20	83	83	78	85	18	78	71	72	89	73	84	74	26	87	80	74	74	72	76	88	88	76	19	80	88	82	89	75	74	80	89	80	85	71	74	71	73	81	80	74	87	87	81	84	78	72	81	79	71	83	76	71	18	77	73	28	88	75	85	24	78	21	77	70	80	84	80	24	72	82	77	75	86	70	83	89	72	88	82	79	71	87	19	75	89	80	22	88	72	87	75	86	84	72	76	76	87	85	85	72	79	86	72	80	74	90	23	74	88	73	71	71	77	80	80	81	82	85	78	88	89	82	85	81	78	85	78	23	74	81	84	83	89	27	78	77	80	81	74	75	82	73	71	89	18	89	78	81	79	85	78	76	86	84	81	78	71	72	87	74	82	87	87	76	80	72	71	80	73	72	79	24	82	83	87	71	89	75	23	70	25	76	25	16	85	76	87	87	71	73	87	89	75	86	90	73	75	19	88	70	74	85	77	78	72	71	26	79	79	73	77
87	89	85	76	76	77	19	21	85	78	28	80	84	74	87	72	90	83	89	89	88	83	72	81	88	72	76	75	79	84	24	75	84	89	74	87	89	87	80	80	70	26	88	85	83	78	70	86	79	73	88	23	72	70	73	20	79	84	89	19	90	76	81	87	80	70	82	27	72	80	82	24	74	80	70	72	80	83	86	77	84	72	20	82	76	79	90	88	85	73	73	81	81	83	76	19	76	83	76	84	80	22	71	79	83	74	89	75	84	25	83	19	90	78	76	81	88	86	75	81	82	71	74	88	75	19	88	81	74	76	75	25	84	81	86	87	88	79	85	73	80	81	79	83	84	80	79	16	85	78	76	77	87	19	79	82	80	90	84	77	74	88	87	72	80	88	27	81	21	21	22	82	83	77	82	78	71	75	74	76	74	80	90	81	88	79	72	74	85	84	73	87	86	77	82	23	73	76	83	83	83	26	29	90	84	76	17	83	75	72	83	81	79	71	90	71	15	72	81	73	84	86	89	86	16	82	84	76	27	83	81	89	78	82	70	72	73	78	19	79	20	81	74	81	85	84	87	79	75	77	86	88	85	88	79	19	87	90	76	21	21	89	78	88	71	17	80	77	72	73	72	84	83	75	21	74	23	85	75	70	87	84	87	85	20	27	72	77	88	87	27	73	79	88	87	85	73	80	75	83	72	84	78	85	80	74	75	19	90	80	75	72	81	75	79	81	75	74	27	78	86	76	86	73	77	76	19	86	71	73	89	88	89	81	87	23	85	84	84	85	74	88	82	26	71	26	80	83	81	78	75	73	73	70	83	18	71	86	71	86	80	85	88	84	73	87	76	82	25	75	78	85	90	79	71	78	82	78	82	89	81	79	73	87	70	89	87	73	71	23	84	21	80	17	86	81	77	77	88	78	77	22	80	80	81	83	84	70	82	84	80	78	77	88	73	73	82	73	79	79	88	77	71	85	79	73	72	78	77	79	79	78	81	28	84	88	76	82	81	75	74	82	81	80	82	85	72	73	72	72	77	74	86	78	73	71	81	84	73	75	84	80	25	89	88	80	70	85	21	82	86	81	76	74	79	88	87	77	84	78	88	79	80	80	85	85	77	19	88	82	76	89	17	77	74	81	85	90	70	21	84	86	81	76	77	90	78	85	72	75	87	73	88	22	79	81	86	82	78	85	82	76	89	82	86	74	89	70	80	82	74	70	24	78	77	77	82	73	88	73	78	23	80	84	73	71	77	88	86	80	75	86	75	82	88	20	89	79	19	21	90	83	80	81	89	89	70	71	73	85	75	82	70	20	72	87	26	23	73	81	87	85	83	88	88	89	87	80	83	90	72	24	27	82	82	81	87	89	81	85	72	84	85	81	83	78	85	90	73	82	88	81	75	86	86	86	80	23	21	73	80	82	22	74	71	71	74	20	70	81	82	83	85	84	77	75	88	80	77	19	71	72	23	84	73	73	75	71	75	85	80	85	77	72	82	73	76	79	74	72	20	82	75	81	83	72	22	83	16	79	74	76	85	71	17	87	80	78	86	81	88	72	72	24	25	20	85	87	90	73	77	89	74	80	83	77	76	78	74	88	79	70	85	87	86	75	86	25	78	80	78	89	73	70	18	89	89	88	84	81	71	79	88	22	87	19	89	78	24	28	79	84	76	74	72	85	86	74	82	24	77	20	83	81	90	79	83	74	75	75	80	75	83	73	22	21	76	86	23	73	83	87	87	83	90	81	85	71	76	72	78	78	86	75	72	18	74	73	86	24	27	88	77	90	71	81	74	77	22	22	78	76	82	84	81	81	88	74	85	70
76	83	23	90	88	76	82	87	78	75	83	17	82	76	80	75	74	83	74	78	79	76	83	17	80	85	87	88	73	73	90	88	75	81	79	87	89	77	25	81	73	80	90	80	74	80	86	81	83	90	76	84	78	89	18	73	22	84	85	84	78	90	85	89	88	88	81	89	90	84	89	81	72	79	70	77	78	84	84	79	78	86	88	83	87	81	89	80	76	85	85	23	24	87	81	85	73	84	76	20	72	83	75	76	74	76	75	76	74	77	90	19	86	88	89	86	90	70	71	76	25	84	84	84	82	87	24	74	77	75	83	84	75	81	85	82	78	89	79	78	81	76	74	21	73	81	72	72	73	71	25	75	25	18	87	79	23	89	77	77	89	85	74	74	88	84	85	87	77	89	71	79	27	78	73	78	83	71	25	83	81	73	75	75	75	76	84	74	84	73	79	71	76	77	83	79	74	77	82	88	83	82	78	20	79	78	81	71	82	71	88	86	85	80	85	88	74	85	83	76	87	85	88	71	83	85	72	81	71	89	83	85	86	84	72	83	80	87	74	85	83	90	88	81	88	76	24	72	76	79	85	79	83	80	71	79	23	82	71	19	86	87	89	77	79	72	85	83	88	75	88	23	78	89	84	75	84	78	83	80	71	84	24	77	79	78	16	75	83	76	74	74	80	90	72	71	87	90	79	78	79	75	72	85	84	89	87	73	72	89	79	73	87	85	89	70	77	26	70	24	71	79	73	77	74	79	83	89	84	87	80	79	75	82	76	83	20	81	81	77	74	90	84	71	86	80	86	82	85	75	77	81	81	84	18	20	88	21	73	88	89	75	25	82	87	77	80	74	79	88	83	78	81	77	88	83	75	21	87	77	83	72	77	87	25	89	26	70	86	87	81	90	75	78	77	81	75	73	73	81	86	22	70	81	70	78	89	76	89	83	83	76	75	77	86	73	87	74	70	89	86	84	82	79	78	21	70	72	23	76	23	79	89	78	18	70	77	24	77	71	84	83	81	79	88	77	22	25	79	85	89	84	84	88	71	86	80	74	89	84	72	81	73	87	78	75	26	70	85	87	87	83	76	85	71	75	74	84	86	81	78	22	79	77	89	80	83	88	22	76	20	86	83	71	77	87	75	77	25	86	89	80	85	20	70	73	87	76	74	73	71	87	23	23	71	74	88	82	89	90	85	90	77	74	24	73	89	84	20	88	86	22	25	73	79	72	71	77	72	71	89	74	75	80	75	90	77	71	82	79	86	80	72	88	22	87	73	79	78	82	76	71	80	84	22	87	86	77	85	74	79	79	19	80	72	74	26	74	83	89	74	70	82	20	84	82	79	84	88	23	87	75	80	74	72	76	79	19	86	73	76	89	70	71	89	84	89	76	75	89	70	20	75	73	74	74	79	71	72	82	73	90	76	79	89	85	80	89	74	74	75	71	72	21	80	89	72	79	77	78	87	86	88	81	79	72	85	73	71	76	72	83	28	71	83	26	25	81	90	77	89	72	80	76	17	21	77	71	71	73	83	85	22	89	87	85	76	72	82	71	83	86	72	73	24	86	85	78	24	74	75	85	72	71	23	72	74	25	72	82	70	79	79	79	89	77	76	89	86	82	86	81	21	23	71	80	79	23	75	79	80	86	84	83	80	18	23	83	73	26	85	84	71	76	89	88	70	90	75	73	73	88	76	84	81	84	28	21	75	90	74	80	78	82	20	85	72	72	77	81	84	84	83	75	77	21	86	80	70	88	20	73	74	80	87	73	73	73	79	70	84	79	73	81	75	75	80	83	21	72	84	80	82	87	81	71	83	75	73	88
84	77	73	88	71	81	81	78	76	79	73	83	78	27	71	71	79	70	89	84	74	86	20	71	85	70	79	90	81	82	27	76	83	84	73	73	82	26	71	71	84	26	23	78	86	71	89	74	21	78	80	79	79	74	75	17	90	81	88	87	87	76	88	21	86	76	85	78	78	82	81	23	85	73	72	75	83	22	89	25	89	74	89	71	78	71	78	86	83	75	73	76	89	83	87	80	70	89	86	86	18	79	26	85	87	80	22	85	86	75	18	79	82	73	73	72	71	77	22	82	89	18	85	80	81	88	74	90	84	70	87	78	84	86	84	75	81	80	74	78	79	73	88	85	77	74	22	70	79	71	77	75	25	80	76	83	81	84	77	74	81	81	87	74	84	78	71	85	81	77	89	75	78	78	90	74	79	75	83	77	78	74	81	20	71	76	74	83	26	20	84	22	77	82	24	82	77	72	84	73	72	74	71	78	75	82	88	78	26	72	70	81	76	79	87	23	81	88	74	23	74	89	73	28	89	79	25	88	75	84	88	79	75	71	22	88	25	86	85	71	85	75	86	83	80	84	81	80	76	89	90	82	81	16	76	85	74	81	84	79	84	21	87	77	21	89	89	84	83	84	88	79	70	86	82	75	77	85	72	23	73	75	79	88	79	85	74	89	87	80	71	19	85	71	76	24	78	77	89	77	70	76	78	74	77	75	27	83	86	87	79	73	72	89	79	79	86	79	86	76	83	73	77	83	74	70	74	77	86	71	76	18	72	84	73	78	81	84	25	85	76	90	81	70	79	80	72	83	25	76	86	86	16	81	90	72	74	81	71	77	88	79	73	85	16	16	82	79	76	86	84	83	75	82	87	22	74	83	18	81	82	83	83	87	86	85	85	78	73	21	87	81	72	75	75	80	75	74	75	80	84	78	77	24	25	74	18	26	82	16	79	17	20	87	84	73	88	81	76	89	85	86	74	73	75	82	71	24	73	89	72	89	73	77	89	82	77	88	79	83	90	84	87	86	84	84	24	77	77	89	71	81	86	73	89	73	82	84	81	79	79	70	83	23	71	79	89	87	75	18	75	86	89	20	81	24	71	71	86	72	89	77	70	87	86	85	76	82	80	27	81	84	81	26	84	21	26	19	24	72	78	88	21	81	17	86	87	72	74	70	83	76	77	86	79	89	83	90	86	73	73	75	24	83	88	77	75	25	88	72	73	76	70	85	86	78	73	86	87	71	26	86	82	86	76	76	29	70	74	86	77	82	27	72	75	82	88	73	88	86	80	88	82	83	77	75	24	83	81	87	83	83	87	83	79	80	81	86	26	81	89	19	78	78	72	90	72	87	20	87	19	79	85	88	71	88	77	75	87	80	78	79	72	71	23	73	24	84	25	88	77	73	77	80	74	85	83	82	87	76	79	22	85	25	73	74	90	85	88	70	75	21	83	72	81	71	70	77	71	83	83	87	85	84	87	89	74	76	87	86	79	82	85	79	89	77	79	87	75	20	88	89	70	84	75	87	77	74	78	24	74	86	78	70	70	73	72	77	73	78	70	77	75	80	82	89	71	82	76	28	74	76	90	73	78	79	82	71	82	83	87	27	76	73	79	26	76	79	83	87	81	82	79	87	75	80	86	73	84	85	83	82	84	23	74	85	79	89	76	89	78	81	84	77	75	82	79	74	23	86	81	89	89	82	84	90	74	76	87	77	74	20	80	71	74	85	85	83	73	78	72	85	76	87	71	89	80	78	82	80	79	83	85	80	79	80	83	72	72	78	86	82	73	87	75	87	20	89	86	85	84	72	74	72	87	29	77	70	88	88
79	74	73	79	79	24	15	71	78	87	71	82	86	24	27	74	80	76	80	19	86	71	85	76	89	19	87	86	82	22	80	82	19	71	71	85	72	88	25	76	74	85	83	23	74	18	87	70	71	82	86	71	88	78	74	78	80	84	87	84	80	73	79	81	23	73	78	78	88	89	78	78	73	84	77	83	75	79	86	80	75	86	84	81	86	77	73	75	79	88	74	70	71	89	80	86	16	72	76	87	82	86	78	23	85	70	21	85	89	25	89	72	88	90	86	83	72	75	89	88	79	71	80	87	76	73	26	76	22	82	79	72	79	88	73	86	22	84	72	71	84	87	80	74	78	83	80	82	89	82	90	23	82	84	89	84	90	19	85	74	80	81	89	82	86	79	87	73	84	74	77	73	77	81	82	82	82	80	81	89	79	72	77	71	76	82	72	86	85	79	88	23	83	21	75	74	26	75	70	73	23	86	90	86	79	75	89	75	80	73	77	84	72	85	79	75	72	84	86	89	81	76	89	75	72	81	89	88	73	75	21	73	73	75	88	19	83	22	78	87	87	82	89	88	85	74	77	84	87	73	75	78	84	86	79	89	84	75	88	86	71	81	19	86	78	76	80	82	75	78	19	70	72	75	76	78	85	85	87	84	74	74	88	78	83	71	17	75	83	87	73	88	78	81	85	84	82	79	89	72	77	90	71	85	85	89	88	78	74	73	79	88	83	73	78	89	88	82	88	71	82	72	90	79	90	89	88	24	85	85	79	86	76	83	78	88	70	76	78	85	88	79	21	88	75	86	81	88	71	83	78	74	78	77	74	87	27	88	82	27	87	75	81	89	78	87	83	74	85	85	80	86	72	70	75	87	78	78	72	83	90	89	71	87	78	80	88	88	70	83	77	72	81	82	80	85	18	71	74	85	27	70	78	85	83	74	74	76	76	88	77	75	74	83	82	71	71	81	17	76	17	73	20	87	80	85	74	85	87	73	78	88	76	84	75	86	88	71	87	78	71	76	21	21	72	88	76	82	72	79	87	82	84	84	80	83	80	73	73	79	71	81	82	88	87	82	85	86	74	70	78	76	88	79	79	74	20	28	80	23	78	81	19	86	80	23	87	90	90	71	75	77	81	85	76	77	87	79	87	83	22	78	78	75	77	78	82	21	84	22	83	72	89	71	85	84	24	79	24	80	85	84	80	85	84	22	76	82	84	84	82	72	81	73	74	71	76	71	88	83	73	77	74	85	88	72	83	25	87	76	72	81	76	73	85	78	84	23	82	89	77	76	79	75	76	23	84	87	72	71	73	82	77	82	88	80	84	75	80	84	72	89	83	70	86	72	73	83	90	88	77	24	76	19	81	73	89	84	80	77	85	80	70	74	76	86	85	89	90	83	83	71	89	81	84	84	83	84	84	27	86	70	70	86	78	84	71	71	22	82	87	72	83	76	84	23	84	19	86	87	28	85	78	89	85	73	90	87	78	77	70	90	86	86	86	75	82	86	75	77	88	21	77	26	82	88	85	71	71	84	78	87	87	70	74	84	84	27	78	86	89	82	86	80	83	79	84	88	86	88	78	73	83	88	82	83	84	87	70	73	87	25	76	88	70	80	22	71	75	72	23	86	85	78	89	87	76	23	79	77	88	75	82	73	71	84	81	73	76	74	88	89	81	75	86	71	84	87	84	89	71	76	74	72	84	71	85	85	73	89	76	89	80	89	75	75	89	76	79	89	76	74	81	81	71	85	80	82	72	77	80	84	82	81	80	73	82	25	74	85	73	87	77	70	80	75	84	76	86	83	71	87	70	74	80	86	75	80	88	78
88	90	79	71	80	74	83	74	82	73	90	87	76	80	24	29	82	83	89	86	76	25	73	84	70	84	83	79	88	89	76	15	87	90	90	85	88	74	87	81	87	79	88	79	81	80	88	19	83	71	81	86	87	74	81	87	86	87	86	88	75	24	88	86	85	85	29	80	24	72	75	76	70	82	77	73	88	77	90	75	26	23	85	82	78	86	87	83	71	81	84	72	71	87	26	86	74	85	70	72	88	72	25	79	76	82	83	72	18	83	86	71	71	73	19	84	22	79	84	86	85	77	72	77	24	87	86	26	84	89	73	73	78	86	86	80	86	89	83	28	72	82	78	72	79	87	73	90	72	20	84	82	88	73	87	79	90	78	72	88	77	24	76	73	72	88	90	79	75	82	87	78	88	72	71	21	72	81	81	82	82	23	83	85	85	84	81	89	90	78	84	75	22	87	77	84	87	77	20	87	84	81	77	74	71	71	87	82	83	18	73	71	27	87	25	79	82	71	72	22	17	84	85	77	73	82	83	75	90	85	23	79	27	77	86	74	79	72	20	73	85	84	18	73	87	81	85	78	80	75	72	76	85	77	74	72	80	77	83	72	88	84	74	88	72	72	71	81	83	83	74	79	85	74	85	74	70	74	72	20	20	78	21	73	89	85	89	86	75	87	26	72	21	20	73	79	81	81	19	85	71	85	78	80	23	89	85	83	85	87	73	18	27	82	89	78	87	72	76	80	70	79	87	88	71	84	78	76	72	83	84	74	73	72	73	73	87	89	82	26	24	81	85	74	21	77	84	85	85	71	86	74	75	84	87	89	81	73	74	86	26	73	77	80	82	79	71	73	87	75	88	82	75	77	81	82	83	71	71	79	89	87	75	87	70	88	84	70	73	87	86	73	28	86	82	78	87	75	80	87	28	78	20	78	83	75	89	82	80	83	71	77	85	75	82	85	79	78	72	88	74	74	84	88	89	81	86	76	77	84	75	78	79	70	83	80	22	78	19	77	70	84	80	75	75	78	84	89	74	74	81	75	87	76	90	70	84	19	22	87	78	73	71	88	79	85	82	77	77	77	83	73	79	81	19	81	77	72	19	71	16	74	80	89	25	86	77	83	82	86	78	89	83	83	74	85	83	74	83	23	83	77	70	73	72	23	24	80	87	77	78	89	78	83	80	77	75	79	73	74	89	70	71	76	78	78	73	79	90	83	88	23	76	86	71	19	74	79	22	72	82	23	71	82	85	77	77	81	26	84	90	85	72	80	72	84	86	70	87	82	72	19	72	27	85	87	24	75	80	71	75	84	73	86	76	78	75	78	77	73	77	73	86	90	75	73	74	85	76	83	79	83	71	83	76	73	18	83	78	76	88	77	72	89	73	74	72	23	77	74	76	76	86	88	22	74	77	86	89	88	22	82	71	72	86	27	71	86	78	21	76	84	71	79	84	74	88	79	84	81	74	78	78	74	86	75	20	76	70	89	75	72	79	81	25	74	79	84	21	90	73	86	74	79	19	88	22	76	85	87	26	75	76	75	81	19	81	90	79	19	79	73	70	79	89	89	21	80	23	70	73	72	89	72	88	73	83	73	75	86	87	84	80	81	20	25	77	75	19	83	75	78	74	76	89	84	90	85	78	76	71	79	85	84	75	79	72	25	84	75	20	83	72	72	19	82	70	88	72	79	89	87	23	88	23	82	88	85	78	82	74	72	81	77	87	83	86	77	70	85	80	27	24	78	71	72	77	71	75	77	89	88	82	26	87	18	22	79	77	86	75	80	70	87	90	82	75	71	90	75	77	82	78	88	25	84	24	90	73	77
24	20	82	19	84	72	89	70	89	80	90	75	81	87	79	90	79	75	88	86	86	79	88	78	74	17	20	71	85	77	89	76	85	81	86	76	83	89	79	88	90	78	75	89	85	78	80	20	74	87	77	79	87	75	83	87	81	72	85	71	75	22	86	77	84	23	78	81	80	70	81	88	81	20	73	72	20	84	81	22	81	78	74	84	84	90	87	89	74	78	74	74	75	82	82	72	71	74	77	71	84	88	78	78	74	70	89	20	81	78	82	72	84	24	81	71	79	90	74	89	81	90	80	71	76	20	78	83	83	19	22	23	76	89	82	81	87	86	79	71	87	75	75	78	76	20	82	90	86	77	71	83	85	76	23	23	76	88	73	17	77	88	79	81	76	84	75	82	85	71	83	79	80	73	24	85	82	71	71	74	73	86	71	82	19	23	29	89	74	82	88	84	21	78	78	88	85	20	88	74	79	77	90	74	80	76	70	72	86	78	20	76	70	78	80	90	78	74	75	83	87	76	84	90	87	84	85	79	85	26	75	89	71	81	85	18	80	75	83	76	82	89	87	75	22	86	21	89	80	74	77	89	72	77	73	78	88	89	74	85	71	82	76	87	72	20	75	76	72	86	81	77	90	72	73	71	89	89	83	86	89	71	81	25	71	88	78	89	75	72	77	73	84	76	17	79	89	80	84	77	82	78	20	83	81	87	74	74	75	90	83	75	87	82	19	89	71	90	28	86	89	75	75	86	83	72	83	87	83	80	71	72	71	20	26	71	19	78	75	86	70	79	83	79	89	24	84	78	72	75	20	83	84	88	83	86	78	79	22	72	74	89	78	87	17	85	19	73	90	73	79	27	79	21	83	73	77	70	20	76	73	88	86	25	78	75	77	79	73	78	22	81	81	82	85	85	81	73	81	73	82	78	20	76	79	84	88	86	70	84	19	90	81	80	86	82	81	88	80	21	89	90	82	83	80	89	27	72	75	83	85	89	76	81	79	18	85	89	80	18	77	25	84	88	84	79	77	76	82	85	82	78	85	89	83	75	79	71	85	76	24	76	80	74	75	76	87	21	86	87	77	87	74	86	79	74	84	72	84	79	72	90	88	78	76	79	80	73	78	76	73	89	87	74	72	84	73	88	82	78	72	82	83	72	89	86	75	82	74	85	78	24	84	83	78	70	24	84	84	80	81	82	70	74	79	79	82	78	76	88	80	90	71	75	85	86	76	23	77	87	75	88	86	89	85	18	81	77	89	77	19	76	23	79	76	74	80	75	20	24	77	83	83	88	90	89	78	21	79	71	77	89	78	73	22	71	81	85	82	71	74	85	76	80	74	75	21	77	73	86	81	82	89	77	88	78	90	82	81	81	78	89	74	88	82	87	73	82	89	78	28	89	88	78	89	74	76	80	20	79	85	86	82	76	87	75	75	75	82	76	81	85	83	77	77	71	72	85	89	72	74	84	77	79	72	76	88	87	80	25	84	20	73	19	79	71	76	89	74	87	72	79	20	84	84	85	87	25	72	87	80	84	87	83	73	84	90	27	23	82	72	82	86	87	79	74	71	86	70	75	19	79	71	74	23	74	81	75	21	77	22	86	86	81	74	77	90	74	79	75	77	71	89	73	73	74	21	86	76	84	75	25	25	73	87	86	82	77	85	84	70	81	70	73	87	20	85	88	82	90	29	71	82	75	70	85	82	83	88	80	22	90	74	70	88	80	75	88	83	70	88	24	73	18	75	80	85	88	84	72	85	78	16	77	71	73	85	82	80	71	87	71	26	77	73	75	83	21	74	83	74	81	84	88	83	71	72	81	87	88
88	79	75	72	80	24	74	82	23	82	78	82	84	76	70	73	76	87	85	72	28	81	77	82	82	82	72	85	73	22	79	72	70	77	76	71	17	73	79	71	89	83	72	89	23	76	21	71	90	71	75	70	18	19	82	81	75	89	71	84	74	71	87	89	78	75	88	87	80	81	83	80	80	78	78	75	86	73	73	88	26	86	77	79	73	89	19	88	19	77	76	79	90	73	81	89	83	87	23	73	89	77	85	77	83	87	77	89	83	75	75	74	86	26	78	74	82	75	77	81	71	85	19	80	25	75	74	89	22	76	77	85	71	86	86	76	89	74	24	75	77	70	77	76	71	87	88	81	23	84	78	73	74	79	76	82	70	79	82	83	80	80	75	82	81	70	72	90	77	17	72	72	76	71	24	84	78	79	86	77	80	84	26	86	82	73	74	73	24	83	84	73	81	75	76	81	70	76	79	71	82	88	77	89	70	86	78	76	75	87	71	25	87	85	74	81	84	21	84	88	73	81	81	28	89	77	87	21	87	77	87	76	84	82	80	73	80	85	86	88	81	71	75	77	86	88	70	88	90	74	24	84	83	90	81	83	79	20	90	84	77	79	79	90	73	80	76	77	84	87	76	88	75	86	81	26	79	81	89	86	88	75	83	72	90	86	82	84	75	86	87	80	76	85	72	23	26	88	72	22	71	72	83	83	89	75	82	72	84	83	83	79	27	76	71	79	85	80	82	88	74	82	75	77	19	88	82	81	78	77	73	88	73	87	87	84	86	78	79	84	88	89	76	82	73	89	85	72	25	80	72	19	77	87	80	79	80	84	74	79	76	74	78	90	85	90	73	23	86	88	72	79	19	86	86	84	20	76	85	89	26	84	89	74	90	77	79	83	80	77	71	78	71	78	17	83	79	73	18	77	76	79	73	70	81	74	83	87	27	19	74	73	76	23	90	89	85	76	74	77	79	81	85	74	26	76	77	83	79	75	87	70	75	77	89	78	88	70	76	83	79	82	76	82	26	82	76	83	75	26	80	74	90	84	84	81	81	84	81	88	25	82	86	77	83	80	72	80	84	81	81	88	71	75	81	73	70	81	74	82	88	21	77	72	71	88	76	86	85	79	82	75	74	80	83	21	76	84	77	86	77	18	88	72	18	71	79	77	86	23	19	71	83	77	76	72	84	86	78	78	72	88	80	84	79	72	79	79	84	79	85	82	82	70	81	72	26	89	86	80	85	81	88	81	78	75	81	84	71	88	86	70	77	75	79	81	88	87	72	87	75	74	80	23	70	71	72	80	81	18	80	88	90	85	82	70	73	73	86	72	81	75	77	70	83	78	82	84	86	86	74	79	82	78	85	88	88	76	81	76	89	86	70	80	87	74	78	70	86	77	74	83	82	89	90	23	21	86	75	86	88	78	73	85	19	85	73	89	85	76	79	89	88	75	71	78	73	87	89	82	72	78	81	25	87	85	81	73	73	78	81	80	89	87	81	79	88	84	21	76	19	80	23	73	79	88	85	28	87	88	73	77	78	78	90	82	80	71	72	85	24	85	78	81	82	83	71	85	85	78	88	74	88	79	70	88	81	75	72	83	73	78	74	89	71	85	79	87	81	82	77	76	83	71	73	21	83	73	78	74	74	73	81	72	73	70	79	77	85	82	88	83	90	74	79	18	26	72	82	89	79	83	72	90	80	74	76	79	75	83	81	76	89	29	88	73	84	89	78	22	87	79	75	88	86	72	82	90	72	84	83	74	84	78	90	86	76	74	76	73	73	85	88	73	77	80	70	81	75	22	70	23	86	75	88	90	77	77	17	74
70	78	74	86	82	89	71	21	78	76	74	74	18	88	81	84	79	83	25	17	87	76	85	77	72	85	83	83	88	79	77	76	88	73	72	71	84	86	75	72	81	74	72	86	84	80	81	76	79	90	84	23	84	84	73	84	78	20	76	21	82	89	87	72	72	84	29	89	88	82	80	75	80	77	82	24	87	82	70	76	86	85	86	85	22	78	74	81	86	87	90	72	86	89	78	78	90	76	86	90	85	85	80	73	86	78	71	77	71	83	81	90	18	79	83	74	73	88	85	89	77	81	71	74	85	79	82	86	74	75	84	87	79	74	88	79	78	76	72	89	77	17	80	72	70	72	19	72	71	86	70	86	77	71	75	23	88	86	22	80	23	86	89	88	87	83	76	90	79	85	70	82	83	16	79	73	79	21	89	90	78	74	87	84	81	81	77	83	76	70	84	74	88	88	85	81	86	87	89	26	71	80	77	89	16	18	72	80	84	73	83	81	80	73	86	85	86	77	74	90	83	89	25	88	75	71	78	80	80	79	79	83	71	22	79	87	71	86	88	83	75	75	77	75	79	72	71	87	81	89	75	20	70	85	84	18	71	80	83	77	86	70	84	71	74	78	75	89	82	71	81	72	75	85	76	78	70	72	76	85	82	78	77	87	81	84	84	73	76	24	84	78	84	72	82	72	86	72	80	71	71	84	72	74	87	81	82	73	26	87	90	89	79	87	20	86	19	73	77	87	82	86	88	80	82	83	74	82	81	78	74	79	72	82	78	85	83	75	75	87	77	71	73	81	74	87	71	82	78	72	89	84	78	89	86	73	75	88	72	73	79	89	76	24	75	85	72	88	81	72	76	84	90	80	86	81	80	81	80	74	74	87	89	75	83	82	88	85	73	88	75	90	73	72	71	80	74	71	75	88	73	88	75	89	77	22	71	88	74	81	75	87	81	86	81	88	22	72	87	82	74	19	89	73	79	79	80	75	77	88	87	87	75	77	88	18	82	83	71	89	77	80	85	85	86	19	87	83	80	82	79	78	83	76	87	78	72	71	86	87	73	78	83	76	89	73	83	81	19	79	21	77	73	22	78	70	79	88	84	21	76	75	84	87	71	90	86	86	77	26	77	78	76	81	20	84	75	88	85	81	74	70	78	74	77	20	88	77	77	73	74	84	77	82	89	74	72	81	88	81	80	21	74	75	78	75	82	88	74	81	16	73	82	87	72	79	79	72	70	78	28	76	79	72	76	77	27	72	88	84	78	81	74	22	78	86	83	24	86	82	84	87	73	77	89	82	85	87	80	86	71	79	71	82	73	73	70	74	82	73	72	82	75	73	83	74	85	71	85	87	87	89	84	77	84	88	90	79	82	81	25	73	89	21	80	18	77	85	82	20	77	80	70	87	88	82	88	83	81	82	70	88	83	75	71	81	78	70	88	85	75	81	88	21	20	25	27	16	78	85	84	90	77	81	81	22	81	22	83	87	84	20	27	90	83	83	86	20	87	20	79	88	86	84	90	20	79	77	80	72	81	87	84	86	84	86	87	88	79	75	24	21	84	71	72	80	84	27	84	89	74	74	80	80	71	86	70	81	77	80	84	86	80	19	71	81	89	25	79	79	73	76	82	88	74	71	81	71	80	79	80	79	80	73	78	84	88	87	88	72	87	73	24	81	77	78	77	83	75	23	28	83	76	72	82	71	70	72	27	86	74	77	72	83	75	72	87	76	81	25	78	84	76	76	76	86	86	75	23	28	89	85	74	79	79	87	84	82	86	85	79	76	88	89	71	70	86	89	83	80	76	78	88	78	84	84	24	27	82	74
79	89	83	76	83	81	79	80	73	85	86	73	78	87	71	71	24	21	88	87	78	80	74	87	75	85	81	20	71	86	78	70	20	83	25	81	81	72	86	84	79	75	89	71	83	82	86	80	75	76	74	84	86	71	87	79	89	77	89	82	84	81	84	81	84	76	82	70	75	76	87	71	84	89	89	83	81	81	20	85	87	85	76	26	24	78	81	77	81	71	25	77	84	21	71	90	75	21	72	83	83	82	73	90	73	21	79	82	82	82	71	78	78	76	80	74	75	77	80	83	89	77	81	71	75	79	81	76	85	75	88	89	20	80	88	72	72	71	79	82	72	82	20	75	21	86	84	78	22	86	71	85	87	73	89	88	21	82	71	19	73	86	90	85	77	70	86	18	83	72	85	26	27	90	72	74	25	90	78	88	79	85	83	19	18	89	85	19	81	84	80	74	72	78	83	88	72	79	21	80	77	85	75	88	83	85	77	71	25	81	88	80	78	73	74	89	79	86	22	71	88	81	85	72	71	88	75	20	71	72	82	83	89	71	83	73	75	75	70	82	20	17	90	18	78	28	88	88	89	84	76	82	82	73	85	84	84	77	19	74	86	78	71	80	87	87	70	71	74	24	82	77	16	20	73	25	90	87	89	77	87	20	73	81	77	74	88	80	86	76	81	75	80	22	85	87	75	79	90	73	79	27	87	26	81	90	71	83	74	83	86	88	74	77	85	73	75	88	89	24	90	81	86	26	80	74	72	74	86	72	82	88	88	73	25	77	71	79	84	71	80	72	82	85	82	88	79	76	82	80	85	84	76	82	79	70	73	77	72	88	85	22	73	79	73	76	73	84	75	77	75	77	84	76	71	73	77	81	72	89	72	21	74	78	24	81	27	76	15	78	84	80	72	70	85	75	79	71	81	75	71	77	79	75	80	86	72	89	76	75	71	82	81	79	85	88	71	72	84	80	71	74	74	77	78	82	89	25	87	72	82	20	81	86	88	80	25	88	81	73	85	71	89	88	86	87	79	83	85	83	85	86	70	89	87	86	17	76	77	89	76	77	78	82	24	83	77	71	85	80	88	78	78	80	75	73	84	85	85	77	86	70	73	73	82	73	86	77	25	83	72	88	80	70	83	76	78	76	71	77	77	81	70	75	81	88	81	86	87	81	17	81	89	70	78	80	81	85	26	88	21	83	76	83	83	88	79	78	19	84	77	75	76	82	80	70	85	89	79	74	89	86	74	70	70	83	81	26	23	74	81	85	89	77	70	87	82	73	77	78	76	85	20	82	70	73	83	80	77	19	90	88	79	82	73	80	83	90	28	80	84	76	79	90	87	82	79	26	82	89	86	87	87	81	77	81	70	70	88	27	72	76	79	89	78	86	70	81	82	89	88	83	73	88	21	75	76	22	73	87	86	82	80	76	76	74	71	85	76	75	19	87	71	76	79	73	78	86	23	73	71	75	82	74	85	84	85	90	85	71	90	82	75	72	88	75	82	79	88	80	74	84	75	79	87	74	85	76	83	76	85	74	84	22	73	81	88	78	72	84	82	87	79	26	78	79	77	72	89	72	70	77	80	76	72	71	87	71	78	19	81	76	71	80	78	72	78	75	75	89	79	80	90	81	80	20	71	79	17	73	77	79	78	75	22	87	88	88	83	82	20	26	87	16	88	74	90	83	75	80	87	71	80	89	88	77	77	21	72	72	81	73	86	87	84	87	74	83	73	80	88	71	72	89	89	82	73	82	73	73	86	70	71	76	82	81	74	87	80	80	75	80	86	25	78	86	89	74	81	86	77	72	88	85	72	77	84	26	78	72
25	22	83	85	90	75	82	73	78	21	85	90	86	86	78	82	72	71	88	89	83	70	82	86	80	73	77	84	89	86	80	79	86	71	82	19	85	77	88	85	77	71	70	80	89	81	86	86	86	89	84	79	80	85	86	78	74	76	73	83	81	88	20	18	75	74	80	87	79	77	90	83	72	80	78	71	81	76	78	87	71	74	89	71	85	87	77	78	89	72	84	87	81	75	86	82	82	81	82	71	83	88	77	89	86	75	87	86	78	81	71	74	84	82	82	85	87	72	89	77	74	19	80	84	75	88	73	76	87	17	85	85	76	76	88	78	20	75	76	71	78	87	77	90	81	17	82	88	71	75	75	81	79	84	71	73	88	71	79	75	76	73	71	84	82	79	83	86	71	85	90	88	74	85	75	74	81	73	82	76	71	71	76	81	85	71	86	83	86	79	88	80	75	72	76	81	81	76	76	76	72	28	83	80	82	77	77	83	83	86	74	86	78	21	75	21	87	79	82	88	72	82	77	71	87	82	76	76	90	24	74	86	80	83	70	85	71	73	78	88	72	75	71	82	76	88	79	87	82	86	70	88	82	83	74	85	89	18	71	77	74	84	78	76	86	82	88	79	18	84	87	70	15	89	73	70	88	72	88	75	88	82	80	81	82	25	77	23	22	73	87	74	84	80	74	78	70	78	86	75	80	24	73	86	83	20	85	84	72	85	79	74	88	86	76	87	85	75	85	73	22	84	76	84	89	73	88	89	70	90	26	70	22	89	78	90	83	25	24	84	87	87	76	84	81	86	27	83	87	82	70	75	86	76	17	88	88	74	77	83	79	74	72	74	83	18	73	26	87	23	74	87	84	88	86	80	79	77	74	77	85	85	78	26	77	23	80	19	85	80	88	75	88	82	76	77	82	85	73	19	83	80	87	72	70	84	84	72	80	90	86	71	82	77	23	22	74	75	86	21	18	82	74	18	77	81	73	76	72	18	84	73	83	87	71	85	72	25	16	82	89	86	85	90	26	79	79	76	77	70	25	86	83	19	72	85	85	72	77	89	86	79	85	23	86	80	86	71	77	83	19	77	75	77	70	24	80	83	75	76	75	80	17	16	75	73	89	77	73	73	72	90	85	72	73	72	84	86	72	87	24	82	20	88	71	71	24	73	75	78	77	78	78	82	78	26	79	86	87	71	80	90	90	73	88	85	72	74	87	19	20	89	78	22	81	84	77	82	81	83	74	86	19	27	73	84	72	77	72	71	74	78	77	73	86	83	82	74	76	78	83	75	80	70	24	76	84	86	22	84	76	82	72	83	79	80	80	77	88	74	83	72	74	75	87	76	18	71	75	86	22	79	81	76	77	74	88	79	22	83	85	72	20	84	77	84	76	84	75	71	71	73	23	81	71	88	74	85	80	80	85	81	82	74	21	83	19	78	74	78	74	80	89	73	85	75	76	77	77	82	84	83	70	84	71	24	22	87	76	84	77	74	90	74	72	28	76	78	81	77	78	86	73	89	85	88	88	85	84	77	73	79	87	18	74	75	90	81	23	77	70	73	77	75	84	71	75	84	74	84	19	89	82	77	74	89	22	79	20	81	83	88	80	72	77	87	72	81	89	81	85	73	75	86	18	87	75	89	82	27	86	75	82	83	78	80	76	74	73	81	76	89	87	74	78	72	77	80	76	80	76	86	71	89	80	86	86	86	89	72	80	71	78	89	83	72	76	90	23	77	23	79	88	16	83	86	86	77	20	72	72	25	87	76	82	87	88	86	89	24	26	80	84	85	79	24	88	84	90	84	84	89	79	20	87	86	77	82	84	75
84	78	20	84	20	75	88	89	82	85	77	86	89	71	72	83	77	87	82	83	85	81	84	74	87	85	88	23	79	78	77	89	86	78	87	88	75	79	88	86	85	75	79	76	78	18	90	87	21	20	74	71	85	89	77	84	89	21	74	90	16	84	88	72	84	78	73	77	71	81	71	82	86	85	84	87	75	79	84	77	72	77	72	26	81	72	78	89	89	86	79	71	89	79	82	76	70	79	83	82	89	78	87	90	72	80	89	89	89	77	81	74	88	75	90	76	77	71	88	88	80	90	74	85	84	73	73	87	72	73	89	72	71	87	77	87	70	79	72	79	87	79	78	89	86	84	85	86	77	22	78	75	86	85	77	73	77	76	83	84	80	81	88	80	78	71	84	88	71	77	77	79	75	87	83	72	24	84	71	81	88	80	79	82	89	74	87	74	75	71	74	76	81	73	88	82	26	86	87	73	73	80	72	75	86	71	16	84	71	88	89	80	76	71	71	77	88	90	81	81	74	74	78	87	84	80	81	86	85	80	70	78	81	75	87	74	78	79	72	21	89	83	18	85	82	73	73	79	86	78	85	89	82	79	84	73	84	84	71	87	19	71	72	73	71	82	75	77	73	89	76	76	78	88	86	72	72	87	76	71	89	73	90	23	88	86	75	84	81	76	88	84	72	80	86	87	80	84	84	74	84	74	71	74	88	73	78	77	88	88	84	85	83	88	74	24	80	80	79	81	79	88	89	80	87	81	81	79	71	82	85	84	74	76	89	70	85	89	83	72	22	75	87	83	72	73	74	87	89	85	73	76	88	86	85	84	78	88	73	86	87	75	79	77	85	85	88	84	77	74	74	26	82	89	86	73	80	76	74	79	76	89	89	86	79	87	76	83	80	82	78	77	87	78	81	25	88	82	82	72	75	76	81	77	80	22	71	71	72	76	90	87	77	21	83	90	83	72	88	82	82	81	74	89	77	81	82	79	72	75	81	78	79	80	70	71	72	85	84	73	77	74	23	78	90	78	89	88	19	87	89	83	71	82	70	72	79	76	79	73	82	87	87	79	74	89	73	73	71	72	79	76	81	77	90	71	80	87	80	88	75	88	70	88	79	77	74	72	83	79	87	90	86	77	76	81	70	87	77	79	84	86	70	90	82	82	90	74	76	73	77	73	71	81	87	78	83	88	70	84	71	21	70	74	89	83	89	83	82	85	83	89	79	23	76	75	79	84	81	88	81	90	77	79	87	88	76	80	76	78	79	78	75	82	74	89	73	84	88	81	84	87	72	73	80	83	79	72	87	89	75	20	79	80	88	71	74	85	82	86	71	76	79	83	89	73	71	87	86	88	72	74	75	78	80	77	73	79	83	88	85	87	78	84	85	76	86	76	78	78	72	87	74	19	87	71	88	70	72	85	76	80	77	25	77	80	78	74	87	73	72	21	83	82	87	82	79	72	86	76	82	80	76	86	90	80	85	73	71	74	73	72	79	85	83	72	79	89	74	77	87	77	78	79	89	84	86	78	73	76	28	75	74	72	89	83	79	84	71	80	71	75	24	89	84	88	75	75	72	86	73	89	72	19	81	82	72	85	82	76	22	85	86	89	70	71	73	86	83	89	82	71	75	80	82	85	77	74	85	72	79	86	81	87	76	81	85	87	84	84	88	86	83	85	79	73	27	83	78	70	80	72	80	72	83	84	85	80	90	89	73	87	81	85	73	74	74	83	71	75	88	82	89	84	84	83	17	79	89	79	80	85	77	82	85	82	83	71	78	74	86	90	86	87	74	86	72	73	78	77	89	85	18	74	70	90	84	80	16	79
wj																																																																																																																																																																																																																																																																																																																																																																																																																																																																																																																																																																																																																																																																																																																																																																																																																															
14	56	14	42	77	48	95	14	24	13	10	9	50	75	74	8	86	61	65	2	49	13	90	71	52	7	27	37	69	49	66	5	77	44	28	94	15	59	80	90	97	30	99	17	87	14	55	66	44	96	29	7	73	75	80	86	73	8	17	32	96	56	5	76	24	95	59	59	13	13	100	30	71	8	68	37	73	48	25	13	74	54	62	54	21	69	8	78	96	4	46	1	14	76	4	58	13	86	48	22	23	55	13	44	89	10	5	41	99	46	39	54	81	25	42	35	80	31	79	66	16	78	53	32	9	66	69	65	2	82	20	46	40	73	35	79	18	27	81	81	73	57	58	22	73	23	13	12	35	10	23	13	49	74	65	25	97	56	32	98	88	48	82	60	86	25	30	34	13	12	78	48	64	79	62	46	96	42	51	53	36	5	10	47	48	50	41	25	82	76	80	91	81	36	13	61	78	2	32	9	39	25	89	66	7	55	91	68	99	80	99	59	17	83	97	93	49	13	92	79	75	36	17	98	6	18	23	79	41	19	10	60	43	74	68	51	20	55	97	96	29	54	82	17	16	27	47	46	59	16	62	36	59	19	15	98	93	95	1	3	61	72	61	58	24	14	58	32	30	69	9	93	62	95	63	75	5	69	29	64	94	37	99	79	13	21	27	41	7	74	57	81	22	30	13	3	11	51	21	86	45	56	18	2	66	63	41	52	25	30	41	52	57	21	87	2	29	96	13	59	64	76	5	80	40	57	5	81	67	68	5	68	22	37	56	49	13	58	95	13	2	64	10	48	56	19	67	60	83	74	97	2	24	39	85	53	42	26	85	87	7	81	89	68	65	96	86	51	80	42	85	58	9	36	50	50	14	14	11	32	10	62	86	33	76	98	6	13	75	65	23	39	5	32	15	17	79	67	13	79	53	29	31	39	82	28	20	37	49	82	11	90	73	83	70	10	96	37	12	80	81	92	40	92	41	73	46	49	53	18	8	74	16	78	74	65	5	18	43	23	23	36	91	14	18	86	47	81	26	88	83	67	42	30	71	61	48	46	50	41	8	38	71	8	51	23	65	89	65	42	16	59	82	38	54	76	70	56	60	54	45	66	46	60	98	24	5	68	30	12	83	54	98	71	20	52	68	16	10	65	47	10	51	27	65	19	84	98	88	25	55	12	23	13	47	39	92	78	22	29	16	74	73	95	66	37	38	35	34	20	19	6	50	89	71	96	49	16	57	23	50	82	62	60	47	42	32	40	47	23	69	75	72	95	19	47	24	75	13	39	85	77	21	97	64	36	33	78	70	68	40	57	46	44	56	79	1	83	2	49	75	75	75	91	63	83	94	59	46	74	24	33	25	69	85	67	53	48	52	16	28	3	20	62	23	23	50	17	46	25	14	73	35	81	20	39	30	21	1	4	10	9	13	29	11	29	25	87	69	32	56	78	13	64	24	94	71	26	31	97	24	68	58	21	56	3	28	99	14	12	94	31	25	89	68	55	16	88	30	82	56	14	28	54	96	42	18	63	12	88	94	10	48	88	82	89	27	2	100	64	38	9	69	27	54	68	46	44	73	3	33	59	22	32	93	64	12	17	50	10	15	52	82	18	15	57	24	15	50	71	85	90	63	82	86	25	92	48	59	53	56	46	34	20	48	47	87	83	40	47	70	14	40	21	5	25	81	75	52	62	48	34	32	50	33	44	18	39	53	31	26	43	66	63	75	1	14	69	59	41	48	48	73	78	93	63	37	76	12	93	97	95	81	11	64	39	6	99	14	92	54	75	23	16	15	11	42	10	99	57	84	84	88	31	69	91	85	65	37	51
