pij																																																																																																																																																																																																																																																																																																											
55	43	27	36	13	72	20	45	34	28	94	15	97	84	72	42	94	78	40	25	61	66	74	42	31	38	39	74	14	49	32	41	26	48	14	68	47	24	22	36	79	41	42	91	61	50	66	14	29	54	44	91	96	85	15	24	59	72	59	80	12	38	93	76	52	47	76	76	74	84	79	43	46	62	96	84	96	80	50	74	26	27	33	18	35	64	32	95	14	46	53	21	34	73	98	27	45	66	100	34	30	84	67	47	55	95	21	86	50	71	18	37	46	94	56	43	14	70	49	50	94	64	47	60	14	84	23	32	39	15	45	94	52	71	41	57	57	69	62	39	77	51	31	95	35	66	32	94	73	20	94	63	27	80	70	41	43	22	79	91	46	58	31	10	26	83	76	11	82	28	86	40	89	90	12	64	41	41	41	100	59	89	33	96	10	37	64	67	20	14	87	45	12	92	88	100	26	44	76	33	67	61	16	51	76	69	63	85	22	75	52	28	32	71	77	97	26	20	78	93	98	47	14	33	21	46	23	31	64	44	82	79	39	99	53	69	48	91	42	89	46	48	52	61	56	80	20	86	43	40	77	100	61	15	52	51	69	48	63	43	19	55	39	94	68	50	64	91	35	78	68	70	80	89	36	20	72	35	75	28	64	73	66	72	25	11	62	93	97	29	24	79	45	54	54	36	43	48	91	37
16	79	44	31	63	60	22	75	80	44	92	37	56	35	38	52	26	83	14	65	91	33	78	36	98	55	80	94	90	12	31	62	17	71	96	32	71	40	89	65	24	18	62	33	46	96	61	93	25	51	94	63	92	18	74	83	93	15	53	60	68	13	96	15	86	19	91	82	61	94	10	45	81	86	30	13	61	64	67	99	24	27	12	23	17	69	23	85	29	75	70	37	51	86	73	33	21	92	69	58	91	11	79	32	52	53	40	59	96	65	100	23	12	77	85	38	90	77	53	50	80	30	52	80	72	96	85	97	24	19	47	48	46	32	97	76	89	33	91	56	47	94	87	51	79	58	64	45	93	23	21	76	79	36	80	82	88	13	79	42	55	36	92	71	53	44	37	91	58	50	35	63	87	91	91	72	41	77	67	47	74	89	73	92	58	68	21	86	57	94	85	30	51	84	48	18	16	94	85	45	90	38	16	90	58	84	83	41	81	92	33	83	92	13	79	96	26	76	86	47	38	83	22	59	75	11	40	46	21	84	47	85	77	60	54	95	15	41	15	73	90	15	85	82	75	33	89	17	28	73	46	22	99	26	87	28	98	41	50	60	53	96	12	14	83	17	26	37	59	90	35	66	52	35	42	75	66	87	43	36	82	52	28	18	82	86	68	95	23	39	57	60	87	90	99	27	37	34	84	51
26	34	47	53	29	49	21	95	17	94	70	87	22	47	31	42	43	96	97	40	13	18	82	64	100	64	44	16	40	39	26	44	38	85	71	71	99	80	40	100	12	54	42	85	22	70	37	92	75	20	85	95	95	62	87	98	50	51	17	84	11	27	41	50	99	45	89	73	75	23	18	10	80	14	21	51	45	14	24	31	35	79	79	36	20	34	22	19	65	75	40	37	15	85	98	95	74	97	56	12	81	55	89	72	56	88	35	19	19	86	45	88	34	65	69	95	53	45	43	38	47	24	33	26	58	61	35	22	90	69	13	60	34	53	33	29	43	50	46	96	80	94	95	45	96	35	23	77	86	68	40	88	17	55	12	39	68	41	34	32	48	35	38	57	88	24	64	31	13	89	94	46	90	25	93	85	46	82	43	30	14	77	71	28	13	20	22	21	69	12	81	60	37	56	60	59	74	84	78	28	16	68	47	33	54	87	52	96	42	33	67	86	97	78	91	61	31	40	36	54	15	82	57	34	55	80	14	24	79	71	23	74	48	56	77	16	97	38	73	15	61	47	13	54	27	23	34	93	40	64	97	41	77	78	21	72	86	70	75	12	54	88	75	92	69	17	85	79	16	46	41	33	83	12	86	38	67	99	82	69	11	66	29	17	16	77	84	59	52	81	69	83	15	34	93	13	62	20	74	47
43	21	92	89	41	27	50	51	70	77	83	93	75	38	30	58	99	55	52	87	19	68	61	80	35	38	55	96	79	52	80	53	92	46	57	85	69	35	84	42	42	28	47	56	45	27	66	84	78	79	95	11	26	50	56	18	75	51	94	50	54	50	91	23	99	31	44	40	30	85	28	65	53	74	15	74	25	83	86	29	25	17	38	44	90	26	79	13	62	65	95	43	68	72	93	11	85	62	39	41	35	29	43	43	49	47	75	96	45	75	29	22	16	100	71	70	53	46	42	58	89	30	76	94	52	17	76	44	36	43	19	42	28	49	49	60	34	52	15	95	56	79	72	80	54	80	67	63	82	90	19	84	24	78	24	43	81	49	43	24	78	76	28	77	18	14	60	61	79	14	93	44	92	93	24	73	92	98	70	58	41	48	24	12	73	40	53	15	45	51	40	21	51	92	78	29	60	78	76	15	29	88	68	28	42	12	49	58	15	78	61	99	40	55	97	91	93	89	21	82	24	80	27	71	93	36	15	39	54	18	43	19	33	48	57	73	98	34	75	46	53	27	89	12	51	67	95	66	13	51	84	33	20	15	28	31	93	72	80	59	97	94	31	55	25	84	84	30	41	46	28	16	46	49	26	92	65	16	77	18	75	27	34	90	56	42	91	35	22	100	17	39	28	34	91	63	66	93	95	60
78	11	12	19	79	14	50	39	76	66	25	17	57	58	72	52	23	43	26	52	13	80	33	54	47	37	63	68	49	44	41	93	42	81	36	24	100	30	96	32	92	77	27	85	26	47	59	100	13	84	60	89	17	71	12	60	25	50	85	47	40	21	63	55	37	94	70	52	49	45	55	35	40	21	91	95	48	84	22	89	73	52	53	91	88	97	28	42	13	72	62	58	49	72	12	92	76	14	64	65	88	94	59	39	18	27	68	71	21	51	14	90	27	66	81	81	34	14	69	48	43	98	45	49	95	52	41	81	62	28	99	66	72	91	50	83	91	97	46	57	68	43	41	88	30	92	16	18	93	61	75	20	76	17	27	15	41	77	21	79	86	90	12	58	65	15	56	25	53	52	96	56	88	18	89	62	89	11	99	97	13	39	10	64	87	62	37	23	28	58	30	55	69	53	19	30	60	78	47	83	90	38	63	40	45	11	63	63	48	68	48	48	28	76	96	29	17	81	93	42	51	73	58	59	10	69	15	98	77	38	53	38	13	51	92	21	59	89	53	18	27	53	54	80	41	22	56	56	99	86	54	78	26	17	85	30	64	64	16	18	14	22	67	72	63	37	97	71	32	11	90	32	45	80	31	58	52	80	32	30	98	34	92	72	30	70	60	76	47	88	20	65	39	26	10	86	51	91	41	64
80	46	14	40	74	81	93	66	74	45	25	49	12	16	36	21	76	46	83	44	93	98	97	71	58	96	33	42	88	51	42	55	50	87	49	14	27	50	78	26	77	99	56	79	93	76	78	49	34	18	50	31	81	56	77	18	71	96	86	25	78	90	18	94	13	59	22	43	90	48	66	49	25	93	97	86	39	19	11	14	79	18	71	79	69	18	75	25	35	40	29	74	21	74	65	48	21	16	85	71	91	56	99	41	56	69	37	20	45	61	29	82	35	49	12	65	12	22	99	77	89	33	32	76	78	39	85	44	79	81	59	100	91	40	98	91	52	86	21	57	27	56	72	49	35	29	26	49	71	90	80	96	73	82	55	86	54	43	73	50	37	69	40	28	57	61	89	39	15	18	78	29	22	81	14	29	42	64	17	92	14	58	54	91	88	54	65	29	41	56	39	88	46	21	38	90	71	71	88	79	24	86	94	38	99	76	79	98	93	55	11	19	80	24	13	66	97	21	24	76	47	90	54	39	97	65	38	90	39	24	84	58	44	19	45	26	56	96	28	18	88	63	54	40	25	94	43	54	31	65	31	11	44	85	50	79	39	37	60	90	60	94	85	53	80	71	54	38	27	24	14	44	67	93	16	76	45	92	23	29	43	48	39	59	55	97	45	93	97	38	73	34	96	27	85	56	99	73	94	33
86	99	64	84	57	76	62	75	22	23	74	93	38	13	56	35	68	63	39	10	29	27	99	41	58	81	64	69	29	49	54	57	64	23	20	23	88	50	93	78	56	21	90	85	68	48	20	13	95	72	75	61	94	66	38	67	59	43	59	37	77	70	11	68	86	44	33	15	71	49	51	93	24	83	69	82	67	26	38	11	28	29	87	99	94	27	97	37	27	32	61	85	42	25	15	21	69	50	20	89	39	30	45	37	67	37	75	74	94	68	17	14	99	96	15	25	87	84	61	19	27	82	14	21	59	21	74	15	91	77	26	11	53	36	98	21	81	36	32	70	11	36	40	32	85	25	18	59	20	44	98	34	17	61	74	43	79	84	84	28	49	37	88	32	12	14	16	84	76	95	25	59	45	35	19	32	76	76	86	96	89	28	78	69	11	46	80	40	43	25	96	85	10	89	29	16	27	78	47	13	98	93	37	37	41	76	43	77	97	97	78	29	74	88	13	78	48	44	86	28	57	67	32	53	88	35	75	41	25	54	42	84	43	93	93	44	45	100	53	91	42	91	41	23	57	55	12	90	27	53	71	88	29	67	99	22	28	33	89	47	39	39	85	76	53	91	16	45	42	41	98	58	52	66	18	47	89	58	27	57	43	30	34	49	64	56	87	95	49	85	65	21	22	30	17	71	45	28	67	94
100	62	77	57	76	12	15	32	97	93	55	81	78	87	17	41	81	54	49	88	92	38	70	20	51	69	91	64	60	55	57	79	27	57	30	93	45	11	13	30	36	98	57	41	93	39	16	44	20	53	86	20	20	71	13	51	71	19	58	92	92	18	76	69	16	13	49	38	98	44	74	83	42	31	31	18	97	26	80	65	16	21	74	72	90	92	17	60	90	11	32	52	40	82	87	32	63	70	27	38	41	70	13	66	71	24	62	32	66	82	57	86	72	26	14	83	93	84	18	56	16	55	55	22	15	15	52	85	60	25	27	16	80	45	49	37	72	71	20	29	98	24	69	81	16	47	92	82	97	41	63	42	54	78	96	57	30	47	34	51	71	25	83	88	20	84	36	75	50	30	54	17	70	18	96	48	47	10	48	38	30	69	11	35	50	97	13	67	80	73	28	18	75	87	63	78	12	47	75	56	85	95	44	22	29	38	87	59	54	32	49	42	74	75	59	99	37	60	81	22	78	89	43	85	52	96	39	95	58	75	24	11	83	90	80	86	35	94	83	89	69	28	91	56	73	54	61	73	41	73	19	62	47	99	85	78	36	99	56	80	41	53	86	34	57	18	20	35	76	21	14	69	92	92	56	63	38	57	23	78	71	18	46	67	15	39	52	17	24	31	39	29	77	22	66	70	62	11	75	31
83	98	47	80	26	72	24	79	93	50	24	99	61	32	70	97	56	12	59	11	60	80	45	69	72	81	65	31	45	68	91	90	73	31	80	43	62	66	73	79	31	81	94	53	63	52	87	68	23	79	75	31	29	20	37	41	89	99	55	39	100	20	78	61	80	30	24	32	14	81	24	36	83	88	92	22	42	66	88	25	77	41	49	41	56	24	33	10	54	11	37	54	39	27	88	32	14	72	64	33	47	19	54	22	89	40	37	77	22	88	25	97	52	49	62	57	89	33	65	69	35	66	56	35	53	71	85	95	10	51	12	67	96	56	55	32	82	14	51	21	64	53	76	67	10	37	95	92	53	48	99	10	45	23	10	63	95	77	23	95	79	76	85	61	50	20	20	70	92	82	34	53	32	21	83	11	77	39	47	67	15	60	90	70	48	78	61	66	78	50	25	65	39	68	13	95	82	24	86	71	79	50	75	23	82	13	55	12	52	74	21	66	65	40	77	79	88	71	56	28	71	81	99	30	81	33	80	89	87	58	33	27	58	20	46	13	58	35	32	34	25	46	49	90	84	63	71	22	16	23	89	53	71	69	100	18	75	93	83	56	27	93	18	99	50	77	26	53	11	66	83	67	38	79	17	38	87	88	49	40	38	33	77	25	45	69	24	80	58	61	18	90	37	59	37	77	74	89	19	18
27	74	92	100	81	45	76	81	49	63	87	16	12	36	84	14	38	43	26	22	37	91	22	20	71	62	84	34	17	45	80	43	28	26	24	73	91	78	86	74	66	48	19	40	72	44	15	65	94	14	43	84	63	24	67	68	14	31	63	96	19	87	66	91	17	92	96	17	14	88	22	97	45	17	96	41	81	87	40	68	83	32	99	41	35	75	38	38	29	97	64	31	23	83	71	39	68	14	47	79	56	99	11	20	44	62	66	48	57	25	38	90	92	49	84	31	86	72	32	10	84	22	71	57	66	21	35	14	63	67	17	99	25	13	28	50	44	17	21	92	72	40	75	27	41	63	70	74	59	99	64	67	12	68	74	76	32	66	80	90	78	20	98	31	56	99	19	37	39	38	64	74	100	24	32	11	65	53	39	72	21	46	49	46	36	41	28	21	69	93	84	90	94	17	38	88	66	81	75	43	69	97	48	34	16	49	15	22	65	28	78	45	64	13	72	60	24	82	63	50	27	73	66	58	30	62	14	99	82	35	83	68	73	45	14	56	47	61	56	90	87	66	69	24	12	78	22	58	20	18	89	87	74	51	87	69	69	69	95	56	89	35	53	11	92	24	69	14	14	12	96	47	59	90	34	98	95	62	62	76	65	63	78	86	98	10	79	21	60	44	11	22	96	27	38	13	89	63	66	32
88	52	14	43	39	92	32	59	93	34	83	15	84	87	100	35	49	86	80	23	95	18	60	25	79	52	50	71	70	61	87	82	94	11	62	75	85	33	47	65	23	66	61	10	71	12	93	62	95	33	88	76	42	49	77	93	25	46	55	65	68	19	79	25	55	68	98	95	65	88	52	61	55	30	70	99	11	83	32	42	19	87	49	73	72	70	80	97	32	66	60	10	96	61	16	90	79	27	91	20	35	20	19	60	38	13	61	19	22	68	32	34	24	29	13	16	60	69	21	91	22	15	58	81	37	26	32	28	53	86	61	62	50	54	81	15	69	68	78	80	59	63	35	57	17	43	67	30	91	48	83	35	17	17	55	54	88	68	91	59	32	20	96	93	100	27	97	31	60	56	25	98	27	63	16	35	100	11	33	96	98	19	61	98	58	65	24	74	96	48	23	72	23	33	98	65	82	75	33	19	11	98	20	73	32	69	80	43	13	38	68	50	69	47	66	94	25	43	37	80	44	11	83	79	68	48	48	24	47	33	11	45	82	59	35	69	62	78	77	58	34	27	54	13	35	29	22	89	79	28	61	11	11	92	80	10	61	17	19	55	48	47	20	13	67	17	23	66	15	52	11	100	22	54	72	92	41	98	49	97	72	61	40	34	34	94	61	55	15	38	22	57	85	15	79	34	98	63	94	72
43	39	73	100	61	43	69	53	85	76	10	69	35	34	80	36	70	88	84	94	59	70	72	60	61	46	72	32	99	12	45	81	62	86	91	98	64	97	55	40	65	50	57	39	43	23	75	49	59	65	13	36	69	60	25	39	50	73	28	49	49	88	59	94	31	91	75	83	14	37	60	74	77	28	56	81	71	67	22	41	69	35	11	27	44	46	75	25	69	36	79	67	24	26	55	84	32	50	48	32	19	48	64	14	34	11	24	31	66	74	80	82	13	15	39	28	10	45	24	100	65	97	52	57	90	63	60	54	81	63	36	55	21	63	60	75	28	19	75	27	78	26	76	98	41	95	73	10	81	73	38	64	52	31	14	32	61	71	31	50	87	34	24	87	42	98	30	75	48	39	91	56	58	30	88	80	82	66	54	62	98	54	82	33	73	52	20	67	32	10	71	94	18	95	17	96	94	37	82	33	32	92	61	46	39	62	44	52	95	10	18	45	30	66	52	88	56	64	57	91	41	31	14	71	20	80	70	19	71	85	30	28	40	37	99	43	56	56	77	63	71	70	66	42	45	40	63	36	61	12	60	61	95	57	72	91	20	63	31	54	71	97	29	57	81	43	15	81	45	72	92	37	94	59	71	21	43	85	29	67	80	65	63	58	72	31	73	53	15	37	55	96	74	29	31	30	38	41	69	96
39	50	22	96	67	60	64	79	27	56	25	15	64	18	56	20	65	57	26	88	65	53	53	66	34	12	48	61	35	76	89	43	41	57	33	86	16	34	75	12	98	83	21	22	88	85	84	22	82	92	20	48	31	59	74	31	15	50	63	27	80	20	96	16	35	96	71	82	31	41	29	19	83	21	40	99	18	92	91	37	94	68	62	46	98	81	51	60	74	90	85	14	25	35	34	99	45	27	70	50	98	15	91	75	73	80	32	60	45	94	69	30	29	20	19	52	64	15	45	21	77	62	49	86	25	26	28	27	66	35	64	75	81	25	66	79	91	78	21	94	42	39	30	22	22	36	34	81	86	56	51	98	32	38	31	39	12	15	12	56	42	47	65	51	32	39	28	26	82	49	46	91	93	79	84	79	88	38	26	11	47	92	44	61	25	61	32	14	30	49	36	50	53	77	20	76	98	98	78	61	73	66	27	32	36	81	40	90	54	81	88	14	74	95	38	77	14	48	93	52	90	96	19	69	78	76	25	51	85	55	44	43	56	24	82	51	100	54	57	50	49	94	46	48	50	89	16	77	28	49	78	15	97	92	60	86	77	75	100	30	22	89	39	12	90	82	80	39	77	63	91	42	74	45	68	72	23	14	70	78	55	11	11	26	73	40	87	95	19	27	73	84	58	17	42	95	96	98	53	98
87	100	70	76	32	36	89	27	22	34	89	16	55	39	21	54	57	63	81	13	24	68	92	31	25	26	53	17	22	53	21	63	39	40	61	58	86	53	26	29	31	76	39	65	93	11	84	90	43	62	98	96	74	73	43	21	59	42	14	53	52	75	31	64	78	58	68	49	40	97	44	23	25	31	49	83	50	96	22	45	38	71	35	77	83	12	44	90	97	56	48	63	16	94	59	18	93	77	27	87	29	45	32	17	82	60	63	11	86	38	20	89	93	25	77	12	17	29	41	52	64	62	18	84	65	65	15	21	62	72	66	88	12	11	25	84	62	41	59	64	57	97	12	55	97	56	72	22	86	24	57	76	29	59	56	34	49	60	24	41	97	63	13	68	88	100	15	60	61	10	74	23	63	35	29	96	68	81	17	73	77	26	84	21	34	13	18	98	63	48	97	33	52	36	67	63	14	77	66	51	94	35	73	70	12	92	29	28	81	53	64	50	75	17	34	89	63	35	28	23	52	88	50	60	64	93	98	71	71	74	71	31	90	93	75	51	78	89	29	57	95	62	99	17	28	48	96	18	93	20	36	29	44	26	58	68	91	95	46	44	52	53	96	15	43	47	61	63	92	93	27	22	80	54	99	60	11	52	98	66	35	59	24	70	35	17	77	17	45	33	83	75	79	99	95	86	92	41	23	55
84	70	34	84	52	86	95	10	47	74	59	41	55	93	57	52	82	96	78	33	32	79	63	40	45	87	47	36	59	47	92	81	67	64	72	38	36	64	47	73	69	51	28	21	91	73	91	98	96	27	40	34	81	99	32	19	97	96	37	67	28	86	21	22	59	99	74	96	62	36	42	21	30	73	89	71	15	99	27	59	15	71	37	12	49	73	82	72	72	60	23	19	28	68	27	60	96	83	24	29	30	57	79	58	71	75	98	38	93	44	19	93	76	34	68	24	78	88	45	50	51	17	45	82	88	69	78	64	47	65	79	95	84	43	76	60	70	68	30	29	52	19	35	50	20	48	37	94	14	13	61	61	43	49	67	43	68	61	20	23	83	28	32	29	33	79	62	47	55	90	61	16	60	58	13	60	71	77	97	59	43	21	26	51	34	54	27	13	12	68	16	16	59	10	55	32	70	74	33	20	62	91	24	14	92	83	93	24	69	60	13	81	48	66	29	68	78	25	28	60	82	17	37	42	80	66	60	78	48	33	25	84	37	86	33	40	35	24	94	24	16	78	31	33	12	67	91	85	48	34	96	41	38	48	80	71	96	81	27	22	76	92	76	64	33	58	19	63	69	47	84	15	47	67	79	51	20	86	85	25	39	69	58	26	86	10	36	79	37	52	44	86	16	42	79	86	85	82	66	39
41	11	62	99	93	42	19	52	38	38	45	16	13	47	89	87	100	86	55	47	98	78	65	19	54	30	15	69	41	40	28	90	21	68	21	48	19	46	41	53	60	74	53	28	53	98	22	41	35	29	78	48	54	97	47	41	92	32	69	90	80	60	77	81	89	68	96	18	52	46	25	96	14	83	29	94	91	74	52	21	17	40	26	42	35	100	60	54	53	15	27	70	72	67	52	96	46	71	80	79	54	79	43	39	63	51	27	43	85	100	94	25	23	25	100	35	28	32	19	88	18	93	46	32	12	50	63	94	71	42	85	15	20	47	43	99	19	53	50	39	64	93	28	76	37	77	16	24	85	50	48	70	64	52	63	56	60	23	89	59	14	20	98	79	13	59	81	92	40	14	100	40	95	43	61	28	38	23	64	35	29	17	83	61	24	73	32	27	86	25	32	46	11	96	31	70	20	82	76	15	88	35	11	40	42	72	18	73	32	40	59	27	42	96	71	87	40	82	16	37	68	67	83	75	54	14	76	12	14	65	46	73	22	17	69	54	53	41	12	77	37	49	83	95	32	85	79	45	37	70	12	95	47	68	92	72	19	40	66	26	39	26	37	70	20	16	24	66	29	23	58	52	38	62	72	82	14	67	48	93	68	19	49	23	57	85	49	15	32	29	51	82	60	10	79	54	31	33	46	68
76	10	24	68	87	92	56	55	19	48	48	15	32	32	94	27	73	63	52	13	19	79	39	74	34	64	25	84	26	55	57	25	44	72	15	18	73	70	88	81	47	71	20	100	25	24	15	27	31	89	17	29	25	90	25	51	62	17	93	52	72	77	49	93	78	65	69	53	75	25	67	78	58	62	11	53	83	27	22	60	51	67	35	88	51	89	79	40	97	81	90	97	61	61	59	20	65	73	34	87	95	49	43	85	28	62	30	29	45	63	56	16	11	100	17	62	48	59	17	46	44	77	65	14	56	72	15	61	99	62	78	57	22	78	37	92	97	25	56	26	53	55	68	97	83	41	14	47	32	17	43	23	39	53	93	23	47	56	70	20	57	66	21	83	79	73	72	62	34	23	60	18	91	23	58	60	11	50	98	79	16	51	85	74	20	22	54	69	82	53	10	35	40	44	12	78	22	27	89	72	77	42	45	25	80	50	73	30	39	53	33	23	92	69	83	20	42	88	92	95	91	36	82	17	25	71	95	39	99	21	97	27	88	45	73	60	57	99	59	85	58	29	62	56	35	68	38	74	23	61	23	62	92	65	43	88	20	21	34	86	29	31	66	28	60	52	54	43	84	71	52	31	97	54	69	31	28	31	62	87	27	86	92	81	93	73	57	45	34	32	46	74	84	45	43	26	66	62	25	78
50	39	90	49	88	91	100	94	66	21	39	20	45	49	11	43	30	60	34	72	74	36	18	41	30	43	34	33	71	12	76	69	47	42	12	75	99	63	54	21	13	15	97	97	76	98	75	86	71	53	49	30	66	80	16	91	67	99	98	69	21	85	18	100	65	85	56	62	54	44	57	100	85	64	78	43	90	53	24	66	26	71	39	15	15	31	45	28	39	90	66	67	77	38	30	12	75	90	84	80	51	66	53	23	21	24	12	74	34	11	96	10	53	20	58	69	33	41	14	88	98	75	37	78	71	84	53	66	16	39	87	81	24	25	27	91	13	50	12	78	10	31	87	11	61	49	79	62	80	94	15	50	52	76	16	52	79	97	61	84	88	93	60	54	72	67	77	38	22	79	66	57	57	15	65	87	63	85	89	20	36	90	47	94	49	90	30	15	18	24	28	37	46	85	95	73	35	71	88	52	78	90	80	39	46	65	66	22	61	21	74	92	72	88	72	96	70	65	67	34	75	85	28	57	75	15	98	91	77	75	52	13	31	60	79	75	25	32	72	29	88	87	65	44	59	38	97	17	96	30	40	69	23	29	13	37	22	71	61	43	89	81	79	47	28	72	17	86	12	17	65	18	23	40	42	10	23	32	85	78	30	32	22	34	90	16	98	34	77	14	94	56	38	26	40	45	80	63	56	50
75	28	94	67	57	82	31	22	60	64	99	46	28	32	75	51	45	76	71	42	67	18	98	78	46	18	33	34	53	85	72	23	32	14	78	72	88	59	16	70	82	63	35	87	90	41	36	47	38	50	78	88	44	73	40	64	55	86	18	32	61	30	23	27	97	21	29	40	91	51	50	72	61	69	47	95	24	98	55	71	29	63	48	27	95	90	84	75	18	35	76	42	86	73	77	45	68	95	95	42	37	16	71	16	22	41	68	32	46	86	84	95	11	82	98	55	53	42	62	79	39	11	78	68	19	30	17	54	69	71	71	33	67	75	68	19	83	14	83	25	34	44	54	70	46	68	43	33	82	94	97	46	94	52	18	86	65	12	48	27	83	85	66	95	44	97	92	17	20	48	65	56	44	19	74	91	83	29	70	54	57	34	13	56	60	75	37	77	64	43	95	50	96	18	79	53	84	26	23	41	64	40	28	72	25	78	48	54	47	78	98	75	96	76	36	28	30	39	12	81	27	44	58	36	43	17	25	78	55	45	54	58	26	72	91	85	41	84	45	67	70	98	35	42	85	27	50	43	99	88	43	37	45	32	59	64	66	83	94	34	49	80	41	69	88	30	82	47	37	32	36	11	11	25	60	29	43	47	30	98	12	48	99	35	18	56	37	42	88	93	31	58	89	76	37	58	44	74	16	92
82	17	61	72	31	28	53	53	89	25	74	50	24	96	65	16	90	50	31	97	31	40	68	44	17	53	15	93	90	81	33	64	94	66	22	90	34	56	94	59	68	23	39	17	62	39	48	88	52	84	23	55	55	24	98	45	85	63	40	63	46	67	14	60	68	54	25	37	36	40	19	73	55	81	70	51	29	57	82	66	42	58	99	41	76	33	52	81	61	71	60	56	55	83	31	87	56	51	69	15	17	39	27	63	100	85	83	48	30	80	85	81	14	17	52	100	32	40	66	65	79	55	32	86	30	71	43	20	32	90	47	35	100	43	95	75	40	94	23	37	91	64	34	54	61	98	38	60	97	53	83	22	92	59	48	86	90	93	78	77	30	56	96	20	95	22	37	25	12	39	26	39	50	46	33	11	79	76	81	58	42	30	63	34	90	96	48	61	71	89	64	21	78	35	61	16	34	78	57	72	59	100	47	92	43	98	64	19	49	72	79	50	49	98	88	41	52	51	48	78	97	92	27	26	65	99	56	54	53	94	60	66	90	21	96	26	50	86	35	36	50	12	68	38	58	52	51	48	98	78	63	51	80	44	69	38	13	66	76	26	28	72	67	74	47	25	37	59	11	87	20	95	11	72	58	30	90	16	40	39	24	52	17	80	58	25	56	62	95	80	78	19	84	22	26	47	16	37	95	52
wj																																																																																																																																																																																																																																																																																																											
37	56	1	82	22	79	75	100	19	73	5	51	29	78	43	10	17	51	96	79	36	48	30	59	74	20	30	37	97	65	69	75	87	47	10	22	36	100	76	83	51	88	41	42	58	24	47	12	79	54	28	27	82	11	65	78	79	38	89	64	76	31	88	92	57	26	6	72	84	3	89	65	54	2	33	74	22	40	29	47	35	58	7	59	27	12	45	19	59	95	4	57	27	40	74	45	68	30	30	28	54	95	36	37	66	25	54	31	20	77	49	58	45	17	30	94	18	82	43	41	45	20	29	23	48	23	13	26	19	48	59	29	54	43	98	18	18	14	70	74	33	64	59	11	7	4	80	61	80	36	7	47	86	40	52	74	68	63	53	85	35	36	34	34	25	82	66	68	30	17	19	49	81	23	68	31	48	10	31	55	15	98	20	49	31	78	37	9	70	79	95	67	33	1	29	92	97	35	91	85	84	32	78	42	100	46	67	97	86	76	95	5	62	77	81	29	55	62	18	75	16	51	71	14	46	22	8	31	15	18	72	29	29	1	84	71	38	52	25	41	99	9	49	94	78	75	76	25	5	59	74	91	99	59	66	25	95	70	27	26	72	74	5	36	26	20	97	25	15	79	68	76	85	21	91	16	40	87	46	52	87	97	74	72	76	26	97	16	92	31	84	61	76	23	22	56	8	25	84	35
