pij																																																																																																																																																																																																																																																																																																																																																																																																																																																																																																																																																																																																																																																																																																																																																																																																																																																																																																																																																																																																																																							
20	48	15	40	62	44	25	26	79	27	85	48	26	58	97	13	86	86	23	81	17	53	29	11	58	63	70	24	27	47	23	11	99	54	31	15	46	69	44	66	52	71	52	37	83	26	63	95	60	68	47	94	46	95	80	67	32	26	72	87	58	98	52	32	15	75	74	36	50	17	87	66	47	17	42	25	59	71	48	69	30	43	97	79	39	96	29	37	96	87	69	70	84	94	93	97	34	37	61	50	37	38	89	41	24	79	62	12	24	67	18	36	71	100	84	53	21	75	64	16	13	19	65	66	38	79	57	42	79	47	82	63	52	76	55	62	48	45	53	73	32	87	29	97	84	76	37	66	28	77	10	14	52	60	81	88	21	64	55	56	31	74	78	16	82	90	62	33	27	30	60	29	56	48	86	36	28	48	12	53	44	78	18	62	81	84	76	96	36	38	21	95	97	18	46	52	99	99	72	57	10	59	80	89	80	90	81	32	30	46	52	20	60	22	50	57	71	81	76	32	93	18	10	97	54	18	76	39	82	62	68	86	12	34	16	28	90	92	72	92	22	41	87	85	69	91	76	16	50	49	15	96	39	25	55	25	36	82	28	90	23	58	34	60	55	92	61	88	11	18	30	75	100	85	26	53	31	51	21	45	48	81	52	17	84	88	97	13	63	98	38	20	26	27	24	79	79	73	87	11	41	95	54	46	34	97	16	13	10	87	98	15	83	43	34	20	100	64	70	23	82	94	95	73	64	97	57	18	58	81	82	52	98	90	40	60	33	46	78	31	36	18	51	55	26	55	94	54	42	42	84	63	91	67	54	63	91	24	61	98	82	24	73	17	74	48	10	15	13	48	80	52	71	61	21	43	98	75	22	53	24	93	55	57	17	38	90	72	77	37	31	34	84	20	72	28	73	55	53	35	89	58	47	64	79	20	13	98	62	91	17	15	88	48	57	57	68	27	58	78	18	94	90	55	49	46	67	34	69	36	63	62	49	35	89	69	59	20	49	39	56	70	30	19	34	75	65	68	83	69	70	79	62	48	29	29	70	30	97	96	30	90	21	31	77	55	64	100	62	16	95	50	89	74	14	55	59	25	100	60	58	67	55	59	58	91	45	97	97	53	63	79	40	84	43	28	47	25	21	34	36	40	34	20	90	54	72	80	32	99	11	85	52	94	97	91	53	11	61	92	45	33	83	71	94	40	11	37	62	99	81	18	74	18	60	40	37	84	95	39	20	90	26	40	55	23	96	19	87	96	71	19	31	83	81	79	81	54	91	91	76	37	84	48	11	21	84	56	100	27	79	21	70	25	67	32	81	83	61	95	58	30	92	78	92	48	72	76	17	95	17	46	81	40	35	32	97	97	54	11	25	58	70	46	14	70	51	56	42	88	46	30	48	26	75	72	92	45	76	19	28	78	40	47	34	31	100	75	53	78	49	82	74	18	24	84	87	83	70	46	29	26	84	10	24	40	48	48	24	91	96	71	53	79	24	51	33	30	87	13	59	17	89	19	11	46	97	85	34	23	36	31	30	43	50	33	31	46	74	35	20	36	31	33	29	38	52	67	19	30	14	94	23	71	96	38	48	54	73	59	15	75	32	26	17	57	95	59	90	44	33	80	70	73	32	44	20	25	56	67	69	26	10	39	36	24	45	47	15	68	88	69	19	51	97	100	84	80	16	29	81	18	74	35	87	51	40	42	83	35	15	46	74	27	15	89	21	21	26	84	83	17	75	31	58	97	67	57	91	58	13	92	73	55	52	84	11	56	60	76	74	97	86	24	15	91	91	34	32	43	84	59	71	82	43	22	54	85	25	72	32	76	12	15	37	93	20	35	72	70	99	41	83	29	37	57	38	67	15	100	44	29	42	20	84	21	48	88	22	36	12	51	80	44	48	21	45	27	11	19	34	47	79	55	12	99	43	85	18	61	65	52	40	50	59	15	40	27	52	32	78	25	72	54	40	94	61	70	31	20	50	65	62	82	57	87	51	13	41	26	95	81	92	12	45	68	55	81	76	39	34	74	59	75	76	29	32	38	63	96	33	63	16	69	66	80	96	99	31	23	21	24	63	14	57	12	24	30	29	89	83	54	64	11	55	99	31	57	46	67	25	81	91	44	38	53	78	45	39	78	76	55	90	58	13	33	90	13	19	78	48	23	60	79	53	17	14	34	91	82	72	36	21	21	32	67	73	43	19	58	49	53	93	80	27	36	22	56	36	63	89	76	82	51	78	86	56	93	29	56	40	32	32	65	54	67	27	87	40	76
44	81	100	29	24	91	53	56	49	45	93	35	12	65	91	89	26	85	12	56	93	49	32	67	23	46	21	100	59	74	49	22	72	62	80	92	51	52	77	53	40	56	91	97	22	57	79	19	72	83	52	44	23	47	55	31	27	18	14	48	39	26	68	53	81	63	13	17	32	62	47	52	32	67	74	28	80	64	26	63	57	36	74	41	78	43	55	52	25	78	73	90	44	51	77	89	54	88	55	52	87	17	86	47	38	27	80	25	99	48	50	81	61	82	22	35	50	100	45	19	69	62	45	83	53	25	35	69	41	82	25	54	65	94	49	55	98	55	72	62	16	13	76	21	89	80	85	20	78	96	28	86	15	94	33	92	74	82	16	73	60	19	22	16	84	55	62	84	64	25	35	73	29	67	24	14	86	38	69	82	10	29	28	71	99	67	73	66	30	75	81	73	16	43	84	99	44	17	79	99	55	47	45	37	42	28	78	38	80	33	58	69	99	84	58	10	78	10	64	78	79	79	34	81	67	80	80	48	72	18	96	97	35	56	53	50	93	41	32	76	39	82	46	98	76	70	16	62	87	98	28	29	18	57	86	98	19	86	25	12	39	50	90	64	69	90	39	24	41	75	58	68	70	13	71	88	75	10	14	30	12	26	47	75	38	65	47	51	81	20	51	91	89	18	51	70	40	24	50	98	78	73	19	15	48	76	63	50	80	86	28	58	42	72	82	39	92	79	22	83	95	58	46	89	76	80	22	95	34	36	66	84	83	10	48	63	59	38	90	27	55	89	41	79	66	48	91	16	57	88	72	57	30	83	17	12	62	46	15	48	52	61	97	21	63	95	83	12	80	62	51	31	12	88	11	96	27	26	25	87	64	81	75	15	95	86	69	38	11	46	57	18	28	68	90	96	61	70	52	16	71	79	90	60	59	35	64	26	97	54	34	67	44	52	60	25	40	80	24	21	22	88	59	95	20	20	61	55	80	92	75	23	40	65	53	55	26	52	35	24	75	81	88	88	12	24	67	14	78	88	23	96	14	81	59	34	80	86	60	72	49	58	49	18	47	79	94	97	14	18	30	80	40	57	92	81	75	55	47	19	52	60	68	11	14	41	48	21	62	11	32	51	61	53	75	34	66	59	40	72	49	26	46	76	53	81	21	78	75	63	89	44	26	57	11	18	74	55	22	100	29	51	94	68	73	63	21	73	88	22	62	65	80	39	96	35	36	80	96	47	67	90	27	24	84	74	41	20	46	59	53	89	71	57	87	86	14	69	54	30	99	14	69	56	67	43	69	67	23	15	94	59	21	76	17	48	55	76	91	94	60	57	88	31	41	78	57	38	36	81	15	87	29	46	82	37	20	87	89	65	26	89	89	33	11	60	26	94	46	82	61	66	67	72	18	23	17	19	54	62	41	44	73	62	74	91	73	71	14	56	89	97	39	74	78	36	93	28	67	43	46	37	49	96	46	89	54	24	73	14	23	56	42	86	34	20	76	41	25	55	73	50	11	41	54	29	38	92	13	15	91	48	61	64	47	74	14	16	52	65	39	25	97	14	17	55	27	84	17	16	59	23	36	55	79	20	90	59	11	87	85	68	76	73	85	49	70	99	81	55	15	61	57	39	88	23	95	24	27	87	36	91	14	13	23	36	91	70	77	40	22	61	44	29	11	17	69	98	90	61	22	89	44	68	70	39	66	74	84	73	62	100	81	68	25	47	58	61	27	71	85	88	77	69	35	74	53	30	68	84	25	64	81	86	40	21	81	42	25	76	69	41	85	50	97	15	56	98	94	79	44	17	86	78	36	99	69	50	53	56	35	73	61	77	77	16	14	69	88	79	22	17	54	55	35	45	78	80	43	67	68	30	47	18	26	53	43	95	77	43	99	87	71	47	38	16	36	87	74	22	48	60	47	17	60	19	74	86	33	32	27	40	33	73	28	76	67	70	55	31	75	63	73	42	15	24	89	31	64	99	40	43	30	100	100	97	78	59	80	63	69	19	37	59	82	38	44	12	18	40	49	26	93	31	93	96	84	68	48	71	81	96	55	36	17	80	40	58	37	53	65	99	60	31	49	30	96	60	57	37	23	94	82	29	47	24	89	73	77	80	93	49	31	41	72	83	65	30	25	53	85	83	41	44	53	16	15	20	21	31	76	71	91	83	42	41	80	81	90	48	37	62	79	60	21	31	86	14	49	97	79	59	26	55	43	25	11	17	45	10	63	11	64	89	39	85	22	94	39	69	78	63	96	31	25	86	73	77	58	42
59	40	71	47	81	95	61	43	77	70	51	75	14	94	26	83	52	84	76	33	75	52	76	15	80	40	32	34	69	35	34	32	94	70	64	32	71	76	11	25	53	29	72	98	13	87	35	37	89	26	90	12	23	93	44	81	80	61	20	90	95	95	18	42	53	15	32	39	20	55	81	10	86	49	57	64	67	86	95	12	88	56	37	24	72	83	60	31	84	28	33	62	42	71	23	64	60	29	21	36	60	97	55	29	13	40	65	40	89	49	44	11	99	51	59	89	52	25	69	68	90	27	14	43	47	11	73	36	96	24	92	76	19	24	65	65	77	24	24	53	83	64	31	96	33	43	54	73	96	25	74	42	40	62	67	63	59	67	53	17	50	34	79	31	62	39	19	11	48	74	42	77	59	68	42	20	41	38	46	49	34	84	33	79	67	29	24	33	96	73	61	83	93	81	67	27	20	18	11	47	59	67	73	70	83	71	88	95	89	98	62	12	54	55	14	96	29	77	69	67	81	24	52	41	97	94	87	55	16	85	83	55	100	69	49	82	52	95	15	50	44	68	86	93	83	64	35	90	21	62	67	74	13	57	82	31	81	74	94	91	59	84	70	14	15	18	37	23	96	12	40	64	52	15	99	36	82	94	43	79	31	69	93	85	60	59	15	29	35	58	83	75	56	64	68	74	88	39	44	35	21	45	73	91	28	71	50	77	79	25	26	80	76	24	29	85	60	89	78	19	38	26	35	72	79	18	97	52	93	96	96	53	87	80	71	49	100	52	65	79	45	39	39	27	65	37	89	14	12	29	44	63	52	84	81	72	30	55	28	92	62	70	78	14	21	86	49	33	85	36	32	68	93	39	43	82	61	28	57	62	41	22	13	92	78	55	34	44	32	72	72	32	83	16	55	64	54	62	64	31	28	51	61	33	96	32	51	79	67	31	58	41	17	72	39	75	75	62	23	51	38	41	80	43	12	17	59	35	65	58	37	57	93	24	27	95	48	76	92	77	88	18	51	22	75	31	53	60	12	32	74	43	37	38	69	20	61	99	72	90	37	46	23	86	63	58	39	14	27	95	50	60	72	38	91	91	98	28	94	25	92	97	79	36	27	57	26	58	64	17	47	73	82	90	34	76	19	59	17	58	70	20	48	97	68	83	94	68	99	59	73	100	51	70	37	33	19	10	61	68	72	11	13	63	73	63	98	98	13	100	90	25	29	65	13	22	24	56	65	28	67	91	50	21	73	39	24	84	99	25	97	34	84	92	56	73	79	57	41	73	29	46	77	48	51	51	95	28	21	32	40	14	68	35	24	78	41	77	56	32	42	49	62	24	76	14	62	62	55	23	84	91	47	67	42	14	79	65	23	66	75	78	42	48	47	42	24	19	97	44	41	76	22	77	77	60	72	65	25	27	98	16	64	29	11	87	52	98	20	58	95	61	14	56	71	35	19	26	86	44	89	38	58	55	27	28	26	69	15	58	36	66	43	68	28	58	32	27	94	13	34	42	37	36	52	63	59	16	91	69	49	71	37	79	30	43	21	16	76	18	83	62	70	41	28	50	42	80	37	38	43	84	59	27	46	43	80	49	57	42	20	67	33	64	30	11	57	94	79	84	57	41	60	96	11	28	27	27	27	65	67	76	39	77	65	76	45	81	22	11	84	22	23	57	23	43	90	20	38	65	68	64	65	93	18	41	21	85	42	85	30	77	99	55	94	59	79	68	11	68	38	79	24	82	68	91	53	12	90	31	97	19	50	62	84	46	76	54	82	53	18	38	14	46	18	98	16	45	90	10	73	43	23	83	56	93	36	47	59	48	50	54	61	13	44	95	11	99	76	54	80	76	77	22	59	69	31	58	33	56	52	93	92	48	90	13	22	24	19	70	28	54	35	28	43	92	66	22	44	73	89	42	39	65	73	70	27	75	87	15	84	33	87	96	26	58	52	57	67	56	36	54	74	71	25	75	29	68	35	47	57	22	66	85	74	35	38	29	47	13	25	72	66	18	52	68	64	63	61	51	88	90	35	67	37	99	69	71	62	42	71	76	29	70	56	94	83	97	28	56	22	77	56	31	34	34	39	89	62	20	35	25	35	66	19	90	99	45	65	77	82	23	42	55	18	63	40	63	13	76	21	53	42	64	49	17	98	22	86	78	12	69	98	96	52	59	62	72	15	49	94	28	88	76	97	76	68	52	27	83	85	22	48	96	88	76	38	34	62	32	25	41	19	57	57	78	22	86	92	66	81	72	57	89	78	85	96	80	91	91
77	59	49	86	27	52	12	11	99	95	68	17	74	66	22	71	21	74	28	99	53	70	47	45	67	30	52	35	93	49	59	72	41	97	46	87	64	92	54	79	40	32	63	39	98	53	80	90	60	58	60	40	85	54	42	58	31	54	92	49	11	65	96	69	33	57	50	87	96	92	64	93	81	13	74	79	53	67	68	10	40	55	47	96	11	96	93	15	62	36	37	99	72	95	100	35	71	23	32	88	58	74	37	35	68	37	48	51	47	44	22	28	92	35	53	62	12	53	95	25	85	49	23	91	41	91	97	83	46	44	18	75	31	49	42	94	76	36	72	58	14	46	39	12	86	33	42	16	92	14	56	46	72	20	40	73	37	29	12	47	34	49	53	44	85	71	20	66	30	79	29	34	57	16	35	59	46	95	89	87	63	91	34	30	14	77	39	17	88	50	46	54	90	17	52	56	90	73	95	11	10	57	18	24	52	70	23	61	85	29	62	21	97	87	96	92	38	39	63	64	65	55	20	50	89	48	59	23	19	44	64	22	27	44	33	76	62	16	20	11	52	96	96	92	22	78	36	10	61	31	40	99	92	23	84	38	61	40	60	94	16	76	26	62	12	66	51	50	92	25	62	53	15	16	44	85	61	76	54	22	10	15	65	36	32	47	65	44	45	78	33	13	70	90	79	90	21	86	70	12	77	12	99	68	88	48	21	67	45	66	76	24	44	12	37	27	93	62	11	76	98	63	90	39	69	53	58	52	96	36	26	62	65	41	88	89	34	85	23	79	38	63	94	34	67	16	74	75	44	65	73	12	28	25	87	41	72	92	67	70	32	70	38	30	85	44	84	63	14	68	37	80	30	20	63	55	53	38	11	18	46	62	39	98	34	30	32	27	75	77	98	51	59	48	52	69	80	44	23	55	51	73	93	95	84	44	61	25	69	97	71	86	41	88	81	72	35	88	27	31	87	41	42	11	38	16	38	88	48	67	66	25	37	81	28	86	23	47	45	69	98	93	70	60	47	50	49	44	27	56	37	43	26	98	72	59	77	90	50	42	74	14	26	49	53	62	38	80	69	97	87	44	79	47	43	30	18	89	40	40	20	60	97	44	27	84	47	95	83	44	68	49	43	80	96	86	49	26	84	52	62	11	88	41	58	34	15	47	27	30	33	63	79	91	24	47	16	50	91	12	66	47	83	93	20	80	13	92	10	47	50	51	17	84	94	41	88	36	24	41	42	85	29	47	93	35	45	54	14	47	32	23	84	90	37	22	83	29	39	11	59	87	15	24	76	44	39	17	79	89	34	21	44	26	66	69	13	84	14	33	59	20	25	94	77	13	44	48	38	17	13	13	88	97	17	80	18	32	90	33	31	72	98	92	27	76	53	28	84	97	82	20	27	49	11	71	43	20	79	40	25	21	70	82	17	55	55	54	75	15	27	35	37	69	88	50	90	98	56	71	91	40	58	44	22	12	11	91	94	15	43	27	81	46	11	76	99	77	29	19	11	59	20	66	75	93	73	34	81	40	86	62	87	36	13	64	66	75	21	96	15	36	77	80	23	46	92	50	74	59	83	95	48	70	34	10	22	79	20	70	77	38	89	31	43	19	45	55	23	62	29	14	27	68	59	79	25	37	94	13	19	56	76	49	26	56	96	65	99	59	76	68	12	82	53	72	32	62	82	32	99	68	40	26	22	88	93	34	59	18	88	74	61	29	94	20	10	34	77	93	18	57	26	39	47	69	65	57	25	90	77	34	71	82	31	58	63	63	22	92	64	38	11	98	53	75	78	45	98	30	85	21	98	10	37	88	49	54	89	54	65	93	60	36	28	14	76	80	52	31	35	12	55	36	30	93	96	25	97	67	83	72	18	11	65	19	62	58	61	86	94	77	31	83	87	47	15	53	23	20	98	11	39	99	85	21	43	44	59	57	56	81	19	99	46	32	93	85	54	70	38	51	22	95	76	60	44	78	28	39	74	36	96	75	36	81	76	64	86	60	42	93	79	21	71	36	78	66	24	54	36	58	50	15	16	20	82	86	79	93	17	85	92	54	97	17	67	38	17	65	89	86	32	41	66	51	60	100	19	43	23	42	26	22	47	86	68	85	19	89	23	56	74	74	62	41	61	51	34	25	24	87	74	40	36	56	56	40	95	99	84	24	45	72	40	11	50	93	24	53	33	90	70	39	53	12	65	64	90	70	89	67	82	42	32	23	28	23	84	38	91	41	77	82	23	39	67	96	77	96	90	43	69	69	64	95	63	28	24	92
66	89	78	99	41	75	50	88	10	26	58	34	59	57	64	63	83	14	45	24	53	41	28	48	13	51	35	78	19	69	77	67	55	80	20	31	12	39	16	41	33	73	15	30	86	84	41	85	68	74	80	94	74	82	96	61	35	87	67	67	52	59	98	40	67	99	14	93	89	47	21	52	64	76	42	51	22	85	88	14	86	97	55	70	68	69	24	73	66	57	23	69	64	11	57	30	36	66	18	89	94	74	19	92	59	99	55	56	60	93	47	89	55	80	20	88	37	18	73	12	87	94	52	44	75	40	96	52	67	78	16	53	88	23	30	99	42	67	92	82	82	67	70	87	92	76	83	96	42	96	77	55	95	25	94	57	94	36	82	71	91	92	73	38	98	87	88	11	33	85	49	79	64	42	78	76	65	32	98	25	23	32	34	99	97	87	60	23	80	34	80	25	55	96	84	28	15	30	31	25	59	72	14	88	68	27	17	65	24	37	54	80	59	94	27	75	38	13	17	19	35	71	82	83	20	61	96	98	61	77	93	22	33	50	79	87	84	31	36	49	65	58	94	14	47	85	83	13	69	30	53	83	95	98	24	70	83	45	35	35	39	69	78	35	91	82	88	91	33	99	34	11	40	43	13	88	22	73	75	75	36	78	14	44	69	55	79	59	36	84	21	59	52	17	100	28	24	74	92	79	32	62	23	99	82	20	48	44	40	59	73	47	27	38	15	84	44	85	56	23	88	38	99	67	67	78	53	69	51	13	25	64	40	77	56	63	100	94	37	36	34	98	56	18	30	50	86	19	15	71	72	63	88	97	80	90	42	62	70	81	80	41	47	88	60	35	76	38	82	79	100	16	55	97	50	21	76	89	87	41	26	71	61	56	39	87	97	96	21	80	37	69	59	52	26	62	57	14	80	33	60	64	22	18	95	41	92	96	74	21	63	64	40	13	99	69	63	62	54	12	27	87	67	64	71	45	81	19	40	63	95	43	71	59	60	27	92	60	87	97	98	37	96	42	23	55	29	32	61	20	83	51	64	92	77	86	35	91	11	73	15	100	37	57	79	38	13	12	58	25	17	71	39	74	33	95	42	82	34	17	47	10	26	14	38	37	55	72	64	50	23	70	39	58	47	79	53	42	50	14	75	71	43	88	78	26	83	29	76	95	89	55	85	65	52	79	20	92	30	91	72	61	46	23	49	26	69	10	82	47	68	82	68	62	13	33	22	67	22	95	76	68	78	64	64	15	27	76	11	95	19	37	44	69	67	50	91	61	47	62	20	50	71	36	76	19	39	18	61	39	45	45	75	80	90	66	24	89	87	32	74	99	67	56	35	45	75	24	81	78	35	45	75	100	51	15	87	45	81	83	94	54	60	28	87	59	49	60	26	63	48	97	23	36	15	26	78	40	50	43	37	23	78	29	68	47	91	32	40	73	90	94	90	80	85	98	87	20	40	12	88	90	89	23	58	63	89	47	30	31	73	20	87	58	87	49	72	67	68	31	71	27	42	64	84	70	50	66	68	12	35	99	82	70	95	61	81	39	19	80	62	68	64	44	41	11	39	34	30	77	37	10	75	56	72	67	46	35	59	13	95	21	93	43	79	77	53	30	23	21	82	59	32	34	27	89	50	32	46	81	87	74	28	80	77	41	38	45	21	46	61	81	11	59	13	86	35	22	90	51	52	74	87	81	40	88	85	98	18	72	43	76	53	69	88	65	34	46	67	54	59	73	39	33	84	60	41	82	71	61	84	29	54	18	37	44	11	17	27	65	42	18	68	96	21	83	20	11	14	80	97	77	81	22	53	29	70	19	41	15	10	36	87	77	39	24	14	31	52	45	95	73	52	97	58	88	34	59	57	95	58	73	33	80	48	16	33	75	39	80	70	92	80	61	63	96	98	11	89	88	25	13	15	54	25	95	62	48	47	47	51	79	74	20	25	17	87	86	61	72	72	61	27	58	96	14	81	71	69	49	77	22	90	28	68	10	25	69	88	76	55	71	34	94	65	15	33	79	81	55	97	35	73	49	28	75	62	53	45	44	97	17	41	17	89	41	46	67	80	54	37	98	71	15	48	66	81	87	83	36	33	41	83	99	25	52	91	33	10	49	17	52	11	48	76	73	37	19	49	50	62	77	79	34	65	50	99	88	14	25	97	24	58	21	25	54	74	50	24	75	73	74	15	16	72	49	98	87	95	19	86	75	83	54	65	27	74	66	89	64	59	13	73	70	31	24	10	21	11	70	13	41	12	83	83	69	41	73	94	47
86	50	77	25	59	76	22	57	42	18	17	43	65	95	14	89	87	52	38	68	76	69	95	44	88	36	92	16	99	98	82	37	63	28	69	86	24	77	44	69	75	96	85	25	47	93	86	54	78	96	87	66	94	17	56	27	80	31	87	20	44	33	71	73	30	26	82	27	41	32	94	73	100	59	21	16	22	90	71	34	34	50	75	68	53	50	76	81	58	67	66	60	58	70	17	87	67	84	52	69	90	92	43	66	19	21	66	64	11	72	99	93	44	80	41	93	64	73	61	44	23	99	18	91	10	69	80	12	76	83	66	97	75	38	20	29	89	33	29	19	38	75	17	41	20	72	32	62	26	36	70	48	76	60	38	56	34	89	10	32	92	94	16	17	67	100	53	73	31	41	14	76	69	84	59	53	68	60	74	56	21	89	15	71	31	41	62	68	58	63	89	68	22	16	14	95	79	13	13	95	26	38	30	40	100	59	36	48	60	87	82	91	63	100	33	78	76	31	50	99	81	23	15	10	71	98	87	16	89	58	76	38	31	90	39	14	12	72	88	39	44	37	57	33	42	85	94	97	30	20	29	52	27	81	57	33	95	77	55	93	96	73	57	24	44	22	26	28	68	73	12	51	30	26	83	59	29	35	92	80	20	87	72	29	11	12	44	62	52	39	89	63	38	98	22	98	52	38	61	58	16	36	12	45	95	24	82	58	60	47	71	68	63	87	27	97	77	37	20	88	47	84	66	48	18	99	63	61	81	64	38	95	96	29	65	33	33	33	75	40	68	90	87	27	16	87	82	36	40	16	37	99	16	53	43	80	16	15	28	22	35	78	39	84	16	52	86	11	31	55	22	60	16	48	12	74	39	19	87	83	61	65	41	57	45	15	30	71	17	70	13	13	53	89	27	68	93	53	39	30	73	83	76	86	14	63	72	54	93	89	70	27	64	28	29	47	18	15	60	72	75	79	55	12	96	11	13	62	80	63	67	27	90	47	54	36	90	83	36	79	85	90	27	13	45	25	73	13	24	31	15	96	50	33	31	92	41	90	17	40	56	49	77	16	20	78	94	64	77	49	71	19	87	86	89	16	78	25	78	74	96	54	69	41	39	30	56	76	60	20	95	83	49	57	87	58	42	12	90	35	23	50	89	79	18	26	37	30	37	63	41	61	38	14	25	27	50	61	46	58	59	11	30	27	50	63	82	48	100	76	66	89	78	40	37	18	18	95	13	73	47	27	83	46	30	55	23	87	20	35	47	68	31	68	19	16	70	95	70	24	69	92	29	58	86	12	61	70	82	46	39	71	96	60	30	50	47	26	53	46	70	38	41	39	15	83	35	93	50	66	52	91	77	40	68	13	86	16	51	19	15	38	20	27	28	74	79	60	15	94	61	32	78	58	56	92	53	94	64	76	75	34	36	62	81	78	10	66	25	71	20	62	66	62	46	58	67	47	99	67	67	27	20	69	54	29	53	16	17	39	77	52	36	58	36	90	52	95	14	23	34	23	14	25	75	76	51	32	19	77	14	19	47	80	89	55	65	76	27	46	42	75	12	84	68	58	47	79	66	92	86	17	28	46	31	53	42	90	62	75	72	88	26	27	41	60	46	61	10	95	94	34	46	51	61	89	54	41	26	86	94	38	76	31	25	49	50	52	23	43	70	51	22	67	70	57	88	47	15	82	36	34	57	76	34	59	61	87	31	40	22	69	77	73	91	70	98	18	55	82	46	84	86	32	87	76	97	14	37	79	72	54	41	32	23	56	18	96	52	55	45	72	100	38	33	48	11	22	91	98	27	82	20	74	86	84	48	84	45	70	52	35	68	47	98	45	52	44	74	23	92	75	80	26	99	16	91	29	54	94	22	90	94	72	74	50	46	56	73	50	25	52	95	70	30	22	47	68	15	37	79	80	71	88	45	42	68	11	33	56	54	17	20	78	88	38	61	12	94	52	51	30	14	96	85	67	96	90	91	12	12	59	76	40	45	72	10	46	56	67	78	80	35	72	100	65	99	32	12	47	72	39	77	49	74	94	23	70	49	68	32	55	99	97	40	72	68	40	76	18	22	71	93	59	32	86	36	24	80	58	32	34	42	49	36	56	14	65	54	30	91	70	31	39	95	99	36	40	64	22	36	40	78	32	69	51	41	98	45	99	23	80	64	40	45	65	57	29	25	32	93	15	100	15	13	64	13	22	73	33	92	25	52	64	23	68	94	17	40	92	98	38	34	35	11	76	84	92	69	16	46	18	30	69	84	16	77	35	27	54
26	64	46	19	96	60	84	24	85	84	95	86	42	23	64	93	35	96	95	41	21	76	40	62	60	33	51	82	79	61	15	39	29	25	22	17	78	43	87	85	64	43	88	93	59	33	73	93	33	34	34	74	58	60	92	65	84	87	33	82	83	77	17	34	69	59	87	53	66	17	69	13	33	97	16	87	52	65	32	62	86	56	67	40	13	56	87	88	90	72	29	57	46	89	68	22	28	64	26	21	44	99	71	76	74	79	58	31	31	74	23	66	49	76	82	21	45	30	40	38	54	71	76	22	69	83	88	11	49	64	96	61	80	73	13	21	70	39	58	39	50	47	90	36	21	97	99	84	25	93	86	39	85	13	35	73	31	76	25	91	24	70	78	41	36	91	67	64	15	37	48	47	92	20	100	23	16	49	78	65	62	10	72	11	14	62	78	81	20	76	42	15	91	68	59	34	84	71	88	34	44	16	77	12	90	69	44	86	58	15	84	68	50	78	44	54	63	25	44	20	30	25	86	57	85	67	57	30	34	40	84	32	51	72	56	63	56	18	54	59	77	84	81	81	81	61	51	26	42	27	16	14	26	80	33	27	25	97	52	59	75	75	81	87	47	48	55	19	79	23	40	34	38	48	70	48	22	43	49	16	92	54	73	92	98	73	98	31	87	60	92	85	64	46	36	53	27	98	71	49	81	15	18	59	48	21	46	59	54	53	93	36	52	50	84	63	48	23	53	99	92	66	84	43	32	57	96	50	90	13	96	54	55	97	89	99	12	12	82	77	15	54	34	47	99	70	12	36	69	48	78	73	71	74	87	62	52	74	91	27	85	28	47	92	89	96	69	41	14	29	23	47	66	17	95	93	12	37	62	37	13	26	85	45	58	78	98	41	48	18	18	98	97	51	69	59	18	82	54	63	21	38	75	35	54	32	93	32	17	73	14	39	68	21	81	50	70	67	37	39	100	65	84	81	65	45	59	48	88	71	54	29	73	60	83	22	60	96	68	15	80	84	95	73	21	24	19	60	74	84	37	32	58	77	99	81	33	44	98	57	66	32	43	72	97	82	99	30	16	38	16	53	97	99	93	25	24	69	37	34	90	82	87	94	52	26	56	29	65	97	15	28	48	22	78	67	95	90	34	81	55	14	81	75	58	72	54	22	93	54	94	27	14	91	41	34	53	11	43	57	74	59	40	35	38	71	88	31	33	63	48	94	61	59	81	91	41	39	28	40	27	19	76	84	73	26	21	50	10	85	27	95	21	11	25	59	94	43	32	45	34	88	28	24	55	58	60	72	87	36	76	12	46	10	41	40	62	90	12	73	41	80	15	75	59	63	51	28	38	96	28	84	24	26	47	16	39	75	51	31	48	94	88	88	22	86	62	34	40	84	43	40	78	91	89	71	58	23	74	99	83	50	65	94	54	32	93	27	42	38	64	26	20	46	39	66	68	65	50	72	35	91	75	57	63	30	76	64	61	31	49	86	28	72	49	39	85	32	11	43	73	34	32	75	29	36	19	75	86	12	17	27	99	44	58	40	58	65	18	75	97	40	17	81	54	69	58	34	71	20	35	11	19	36	23	72	50	30	47	61	40	48	16	55	72	73	30	20	51	25	90	44	18	80	65	70	91	29	91	98	58	29	81	27	19	76	30	51	24	72	38	54	37	88	21	70	30	48	43	68	54	20	15	74	43	57	44	52	34	63	65	76	76	53	70	53	50	50	35	55	37	15	30	41	54	78	51	80	30	71	73	67	89	74	65	46	98	75	80	21	56	96	44	37	63	54	73	70	84	66	92	82	38	49	13	61	35	98	53	91	27	94	79	88	36	94	24	42	46	17	38	47	21	99	89	48	60	10	60	51	50	86	14	78	44	96	56	66	55	12	22	32	18	58	89	14	95	92	97	52	49	12	80	35	53	60	64	59	49	11	49	83	66	20	33	11	95	19	32	38	86	85	31	72	96	96	29	29	52	43	67	22	83	83	85	42	65	54	58	92	56	31	66	83	53	67	62	60	35	18	51	23	40	12	79	16	66	34	39	61	99	45	62	46	19	22	70	69	53	93	15	14	12	84	45	48	64	77	65	57	80	20	47	53	40	60	61	90	65	79	49	18	53	54	96	44	89	10	21	35	18	59	24	43	73	99	33	78	38	71	48	46	80	39	13	40	66	95	59	37	14	19	29	61	60	21	14	60	97	90	63	67	59	28	61	21	59	69	90	11	76	50	72	42	45	42	79	93	58	100	28	41	46	69	57	73	51	26	88	20
48	22	58	75	83	63	21	97	54	55	83	56	13	64	41	23	85	71	89	95	47	48	79	67	40	27	66	11	71	11	20	89	94	56	78	95	79	46	88	27	44	81	59	37	92	76	47	67	77	83	61	70	44	49	14	26	34	45	18	85	60	77	28	22	13	64	84	41	45	34	88	69	34	70	38	22	60	62	81	95	92	85	81	87	83	31	69	49	17	83	85	26	46	14	36	71	82	85	59	81	24	59	12	37	40	23	58	93	91	65	43	50	95	86	87	28	59	33	83	11	36	76	14	50	45	17	77	44	40	67	24	82	62	56	40	20	46	41	19	17	66	32	67	54	23	47	15	72	66	65	30	93	53	83	76	76	28	21	85	28	64	87	24	69	58	96	19	81	41	49	13	42	56	78	22	23	100	62	94	51	73	63	88	21	63	70	81	62	35	84	25	34	60	88	81	71	73	80	18	93	71	67	89	15	37	61	52	25	46	90	15	96	70	18	45	72	26	36	91	75	47	22	23	44	80	61	86	92	92	35	95	65	54	68	72	15	16	59	95	34	51	97	91	21	62	20	79	95	58	70	100	37	48	99	79	91	43	64	41	23	22	60	79	39	64	40	82	51	46	33	75	43	87	41	33	22	98	46	12	46	77	40	97	98	11	54	70	55	78	50	51	18	13	97	81	70	50	67	60	18	36	26	55	12	14	87	33	76	17	41	30	24	84	59	21	56	63	59	66	15	69	82	94	94	48	64	55	72	58	11	56	45	29	54	78	49	91	95	36	16	60	70	30	78	91	78	64	84	25	28	84	90	44	18	44	52	73	77	20	85	32	57	61	33	40	63	33	98	29	88	36	29	44	98	11	93	32	100	73	25	74	17	83	95	29	88	24	19	43	20	95	56	32	14	84	48	92	30	60	93	93	17	14	80	82	54	40	91	19	69	90	89	50	77	60	88	46	62	47	63	80	94	15	51	52	20	81	37	56	90	40	56	58	17	83	29	95	37	45	25	20	29	52	52	65	47	21	36	88	68	30	11	12	53	50	55	90	74	47	39	38	20	76	65	21	76	63	33	64	15	79	42	18	65	43	99	73	54	93	82	91	87	53	94	84	51	36	58	32	51	57	90	41	28	35	89	27	14	19	19	48	71	74	68	81	57	82	70	75	40	76	28	55	61	95	85	62	86	75	53	32	50	50	93	94	57	47	63	49	35	32	29	91	37	41	57	38	60	22	72	79	20	20	19	72	41	21	79	47	58	60	83	77	26	88	27	33	65	77	91	59	65	61	89	96	46	95	24	95	30	22	90	45	91	38	88	58	24	67	53	51	57	37	41	78	54	79	85	37	59	70	26	83	73	67	74	19	63	48	39	15	23	47	85	45	69	96	20	42	88	77	80	92	57	62	90	22	87	18	53	14	62	12	67	52	21	96	70	27	10	43	32	85	37	91	34	60	21	46	11	43	13	97	40	70	14	70	66	66	98	55	57	74	20	32	87	97	33	62	92	23	31	89	50	59	34	63	95	94	49	83	60	25	29	50	23	79	42	35	48	47	45	100	44	73	89	69	75	51	97	85	83	88	36	83	70	11	18	74	14	85	64	68	55	60	46	21	49	26	50	90	76	82	47	37	68	16	96	13	27	75	92	25	25	42	20	51	28	55	65	59	35	66	53	63	74	41	66	79	86	34	45	86	41	22	42	16	51	71	97	95	41	89	27	60	60	18	53	52	72	66	33	32	57	45	25	76	99	27	54	12	78	98	29	40	68	44	72	64	71	61	99	12	56	86	76	41	76	48	22	42	78	79	26	16	26	65	91	24	25	91	85	43	28	77	36	99	61	67	46	28	83	19	77	79	62	16	80	60	83	80	40	47	95	38	49	10	80	20	52	36	81	23	98	60	74	57	89	47	85	60	54	63	26	56	48	25	54	76	76	84	74	95	29	74	35	31	40	10	53	57	29	35	51	18	59	42	18	17	26	16	87	33	13	63	57	15	28	66	28	68	20	43	81	41	91	22	82	63	81	72	21	24	13	30	76	43	88	52	53	51	21	95	10	76	36	62	74	47	85	73	78	53	45	67	79	99	85	95	21	81	48	17	61	17	53	35	70	58	58	75	47	28	19	29	70	22	63	92	74	83	53	31	75	27	92	83	74	17	64	15	31	59	56	31	64	36	76	82	42	93	49	58	51	19	20	74	20	27	61	28	33	50	82	86	43	74	74	65	27	47	12	90	69	62	82	18	79	78	18	16	77	75	51	39	95	87	59	13	90
59	87	23	50	11	22	75	98	31	83	81	39	30	26	81	93	84	70	65	39	52	37	68	99	30	37	46	70	27	28	80	71	94	80	94	73	32	50	61	99	38	73	88	43	58	52	87	23	77	80	21	13	81	76	49	49	17	74	93	69	16	75	95	77	44	92	43	74	48	34	12	81	96	26	60	51	94	91	40	45	80	23	94	29	21	86	55	51	19	66	33	31	21	79	12	79	41	28	86	14	71	54	36	69	99	83	56	78	80	53	38	42	91	58	24	56	21	62	88	31	54	23	12	76	60	39	42	69	100	28	38	64	29	63	81	87	88	60	89	83	78	81	80	20	17	27	91	19	100	91	17	56	35	69	64	20	57	47	24	59	47	55	97	94	34	80	12	54	30	24	69	25	38	31	88	26	26	66	68	71	82	40	69	34	73	25	55	69	15	24	26	84	60	36	58	23	29	47	48	82	37	25	32	67	10	63	69	86	100	96	49	99	15	71	38	57	32	44	79	17	27	58	22	31	15	73	20	59	50	98	99	24	21	62	23	22	76	28	99	61	26	64	69	34	42	63	84	100	54	72	13	13	79	67	98	77	16	31	40	41	42	36	57	59	66	45	43	60	44	71	65	21	86	95	66	87	24	53	81	83	30	18	21	19	77	33	79	76	72	50	61	58	37	91	72	50	70	90	31	81	18	69	69	89	83	65	34	86	40	71	78	62	70	79	28	97	65	78	79	42	71	40	85	90	23	32	55	18	87	51	10	31	18	65	80	13	83	16	52	31	68	96	56	63	34	43	11	51	40	25	39	60	11	87	21	51	67	26	32	21	80	23	32	77	74	57	57	70	47	32	24	84	87	34	53	76	52	26	72	20	70	81	88	74	95	82	85	32	46	95	99	90	85	21	36	89	96	55	70	44	56	16	96	52	84	19	81	39	73	14	79	30	35	25	41	29	62	77	58	38	98	50	35	96	66	91	41	89	65	94	91	74	84	19	30	82	26	73	25	73	12	61	66	97	77	62	92	62	46	64	59	68	48	92	50	95	75	40	54	99	86	75	37	67	62	60	76	26	75	54	32	26	48	88	83	49	55	23	76	28	79	21	55	44	12	93	46	23	99	86	46	98	40	90	28	40	81	25	13	93	53	34	29	46	91	11	47	97	11	69	91	79	22	63	19	37	85	53	66	70	39	70	56	30	55	43	11	48	83	83	34	20	67	79	14	43	26	61	78	77	87	64	39	83	90	47	98	46	16	45	77	67	75	17	52	15	14	71	75	25	74	92	45	34	66	45	79	97	76	27	45	52	55	37	18	74	61	52	14	29	62	40	39	56	58	15	30	66	38	62	14	69	82	21	59	27	60	44	92	18	33	66	46	11	62	47	83	81	18	54	37	18	70	32	66	35	44	62	76	41	45	100	93	49	49	56	67	75	97	76	94	100	17	23	69	60	42	36	65	85	97	15	11	44	68	29	14	83	37	28	76	56	40	38	76	35	58	58	62	29	27	82	74	41	25	62	85	54	79	42	51	98	59	84	37	75	99	64	20	19	14	25	55	47	67	18	28	78	31	64	13	16	51	55	66	61	32	15	82	94	55	66	28	61	25	85	73	54	66	56	78	86	74	80	33	30	80	11	29	82	35	39	49	75	58	72	80	22	66	94	46	21	65	49	28	51	28	75	31	85	30	41	86	99	15	98	32	37	97	59	10	34	18	49	43	69	30	62	72	42	18	12	44	80	50	30	12	58	40	99	21	51	23	61	78	87	19	26	91	79	16	39	27	71	38	41	89	44	89	12	42	12	22	84	85	36	40	15	90	78	55	58	20	85	32	95	89	11	38	58	51	50	98	25	17	12	12	52	28	46	17	85	42	83	89	82	55	32	22	88	34	26	57	38	63	36	46	81	74	59	41	51	37	62	17	25	66	12	27	32	88	56	96	98	75	86	44	18	93	31	25	91	29	78	43	53	71	55	81	23	58	30	74	36	78	43	99	24	94	46	58	51	20	78	67	20	28	90	84	54	97	36	27	62	16	52	55	55	80	63	78	32	57	62	28	87	50	17	32	83	68	52	38	82	25	27	64	54	58	24	62	87	90	58	92	40	94	78	30	65	88	11	13	49	96	75	81	78	32	38	44	52	65	60	69	32	56	36	21	60	27	22	51	96	99	34	75	23	42	95	58	39	90	54	42	68	52	49	97	76	50	13	66	91	80	12	99	77	10	40	67	52	53	82	74	30	53	50	33	27	47	72	85	20	61	99	31	71	81	38
89	46	31	65	62	39	93	93	38	96	39	87	33	31	36	78	27	57	52	16	67	71	79	75	14	31	81	69	66	42	87	42	62	12	97	32	14	71	72	63	23	94	83	25	100	15	76	88	78	93	90	34	90	57	93	74	20	82	33	21	86	92	44	31	80	24	19	12	33	67	56	75	44	50	96	41	69	44	35	54	52	65	23	24	96	16	73	64	63	14	27	69	52	46	83	83	47	37	53	67	94	47	97	15	77	46	93	87	73	97	40	76	52	18	93	22	88	79	41	91	55	58	54	61	11	27	93	13	64	11	75	66	53	48	73	90	16	48	34	92	40	98	33	47	23	21	40	24	39	37	47	45	45	99	22	24	30	44	98	47	32	88	75	30	78	90	85	77	58	25	34	38	82	33	54	65	88	15	37	41	38	77	43	14	81	15	33	30	24	42	93	26	67	95	80	81	56	79	85	97	22	27	91	76	89	89	37	97	83	75	88	67	28	95	12	98	30	59	17	34	73	49	82	35	79	96	28	47	73	26	36	46	50	18	61	78	97	98	95	73	79	46	24	52	14	39	52	88	43	51	26	83	98	35	100	19	10	21	22	11	71	66	43	27	36	89	72	89	87	44	41	91	48	67	71	14	94	61	98	92	24	98	86	12	60	62	95	39	18	17	28	64	47	64	35	23	67	60	47	80	41	76	44	93	59	67	67	11	93	70	16	55	91	35	22	28	84	29	62	70	92	54	73	34	11	81	82	43	79	49	38	41	14	43	58	12	76	91	65	23	100	22	51	69	86	67	44	80	38	61	74	69	93	44	51	78	24	89	40	87	46	29	31	91	86	93	34	72	92	17	30	91	53	21	92	11	70	89	74	30	11	83	11	63	69	42	68	23	66	72	71	20	37	20	46	95	67	54	22	80	16	25	41	34	55	24	85	84	94	45	48	14	78	44	16	82	11	12	93	53	33	27	21	14	38	26	41	93	25	28	17	50	72	11	51	96	28	88	89	37	88	31	22	69	43	95	34	99	36	38	38	13	86	98	59	36	64	74	59	82	80	82	90	81	19	62	27	83	44	72	92	90	56	79	36	13	33	86	47	50	24	69	66	58	63	61	68	42	84	57	82	87	59	76	24	15	18	36	31	22	25	25	46	83	82	77	88	43	90	96	80	45	33	72	65	95	53	75	14	91	64	37	70	75	59	54	60	42	92	95	90	24	27	23	58	67	48	59	56	19	39	87	48	76	29	20	89	45	93	34	61	46	60	87	47	60	36	88	68	31	30	84	56	17	16	85	91	34	58	56	51	60	34	51	98	74	42	97	96	64	36	67	35	77	22	36	72	90	50	85	22	95	17	36	90	86	31	11	90	28	67	69	71	29	50	23	25	81	63	20	54	20	90	21	56	10	57	32	66	73	40	46	93	97	80	93	36	72	22	47	67	10	34	71	57	55	15	84	93	31	25	90	26	65	55	18	86	91	45	79	45	50	81	37	84	65	11	31	94	76	100	96	43	56	46	62	31	91	70	36	96	36	47	62	24	47	15	14	57	81	25	20	36	90	26	71	17	58	86	72	56	48	47	20	22	22	68	51	45	86	54	56	83	63	75	42	97	63	19	67	24	17	32	26	81	51	27	21	94	41	29	72	52	32	41	86	26	66	76	12	12	42	77	70	73	67	67	20	44	48	52	39	65	52	43	48	19	19	38	53	49	36	76	68	65	11	75	24	46	56	30	61	34	94	74	63	89	34	66	96	61	53	11	17	88	49	36	52	72	50	49	20	47	75	35	35	66	67	28	34	98	11	59	66	91	12	87	67	79	68	70	22	19	71	11	77	21	60	98	39	98	69	29	21	52	17	39	55	26	42	93	58	54	44	73	17	87	29	39	77	78	54	27	30	64	46	34	35	97	74	72	86	27	21	38	32	51	35	83	23	74	41	92	99	30	27	89	72	25	74	65	36	73	99	39	75	57	72	69	67	58	68	39	62	50	82	59	81	80	30	41	87	64	54	15	45	98	66	92	32	11	96	83	27	69	75	17	61	90	69	34	96	17	77	94	85	66	20	97	83	15	24	97	84	30	61	36	19	54	52	10	25	38	92	13	95	91	17	17	98	21	31	18	50	17	18	68	65	37	21	74	41	84	36	76	59	43	79	49	11	35	38	34	73	63	69	49	46	82	25	57	23	58	93	38	82	85	16	55	43	95	82	74	48	13	22	54	72	74	71	33	73	84	43	59	20	85	66	45	37	35	75	79	25	63	48	30	72	81	64
53	22	15	55	89	30	49	25	12	61	22	97	40	13	22	45	92	50	21	56	25	12	82	38	87	27	11	38	48	97	20	98	91	81	58	24	75	60	14	49	47	81	40	67	41	33	38	17	63	50	93	70	63	84	91	12	19	34	88	72	75	14	85	95	96	46	42	16	92	55	55	33	35	71	12	78	19	70	26	23	40	45	80	19	49	12	24	100	32	22	38	24	45	83	97	46	81	32	31	77	92	23	31	95	63	65	82	20	51	63	50	54	14	93	66	62	41	52	60	21	40	85	38	27	16	72	97	38	61	15	21	50	86	25	43	50	95	63	95	73	11	24	65	40	68	72	45	67	45	58	72	43	81	97	69	20	15	80	26	74	47	98	90	65	36	38	56	19	29	16	54	43	19	60	66	28	30	44	69	15	62	72	79	87	13	25	14	65	17	81	26	93	65	71	21	94	88	74	93	25	62	68	23	20	61	11	14	89	95	43	27	20	45	51	65	23	10	95	71	16	25	25	49	40	14	87	62	19	97	36	44	41	23	24	91	81	13	21	11	90	47	67	49	87	19	43	57	24	13	45	89	18	78	11	37	97	11	83	45	15	64	29	34	99	76	21	86	11	20	57	68	28	53	76	55	19	91	84	57	21	85	78	14	44	86	42	39	94	20	19	49	53	27	22	29	31	33	83	70	10	90	50	51	16	22	21	68	31	30	31	89	85	22	15	64	61	60	93	78	54	77	69	20	33	66	100	20	29	36	78	13	45	40	56	58	13	37	79	36	99	87	13	11	48	66	94	10	33	31	81	12	93	48	36	84	73	89	72	55	79	14	93	83	27	74	26	81	74	59	28	54	22	75	88	95	76	63	83	25	50	66	36	88	28	27	14	84	36	75	66	51	77	74	18	21	18	49	61	30	54	52	47	46	13	25	42	75	51	64	11	23	12	57	82	94	29	88	74	39	12	100	62	85	97	79	18	22	19	81	26	47	36	32	57	89	81	64	65	93	70	66	93	21	52	85	54	89	23	73	85	93	57	45	89	14	73	29	25	50	99	77	34	54	12	82	22	67	61	52	81	83	19	44	58	54	96	83	73	12	73	49	27	70	12	29	38	81	81	23	35	93	91	66	90	14	88	79	79	28	42	42	12	43	39	33	64	100	39	86	35	23	43	66	94	64	83	62	91	93	37	50	73	93	71	99	61	54	24	69	94	43	22	66	67	100	25	57	32	51	97	41	94	12	50	51	75	41	56	23	28	28	31	94	69	66	84	100	75	59	80	60	80	46	79	88	93	43	92	84	100	97	30	81	85	69	96	77	98	23	98	23	39	75	52	38	31	13	14	53	22	24	78	61	37	94	34	65	44	76	92	80	13	20	14	74	78	20	79	76	62	86	33	73	37	16	12	77	12	56	88	73	36	30	29	56	76	60	40	99	23	38	32	41	19	77	78	36	55	66	37	52	94	87	65	11	24	69	72	71	97	55	79	76	99	69	94	77	46	68	74	57	12	51	30	42	60	37	26	80	86	81	43	79	34	91	79	48	46	13	61	42	44	23	30	83	88	29	98	35	42	61	56	88	28	13	92	97	33	71	54	51	88	76	92	46	51	19	76	82	70	89	23	15	50	99	46	97	95	18	37	96	54	35	65	43	80	30	84	85	45	69	15	60	76	89	19	58	93	36	81	34	28	83	77	76	97	71	26	81	55	17	40	97	93	71	85	25	18	77	58	62	49	69	40	96	13	73	74	79	87	66	67	96	94	58	80	33	60	72	13	14	67	51	49	56	55	32	92	17	11	56	77	88	88	84	24	36	43	81	69	46	85	71	75	99	19	30	78	24	20	23	96	56	39	40	74	93	97	27	62	48	60	49	84	74	80	73	54	75	17	76	23	70	60	96	60	11	13	61	13	29	48	47	10	98	44	99	37	92	93	85	48	37	77	60	49	87	28	68	39	60	60	52	28	80	24	61	38	79	69	12	84	27	89	14	21	91	16	27	49	27	13	92	52	80	20	37	33	82	16	56	98	47	24	15	44	15	47	20	76	31	46	82	19	41	22	15	79	52	73	61	55	68	24	87	80	32	37	71	38	95	68	33	29	57	29	63	67	69	66	29	86	91	40	84	30	34	52	51	21	29	51	42	76	49	34	65	15	88	54	49	87	24	100	75	22	84	79	54	37	50	42	82	78	41	47	88	91	82	96	19	18	59	35	67	73	15	35	75	14	60	90	54	67	25	85	13	11	33	97	18	28	51	35	89	33	42	20	64	26
74	78	97	32	81	16	39	78	27	39	37	10	100	71	54	44	100	65	85	61	21	62	87	70	50	51	44	95	46	15	82	83	49	81	27	71	63	12	78	25	100	32	13	78	23	13	81	11	26	86	21	69	70	64	22	80	22	90	76	56	45	50	31	27	56	58	41	75	49	78	72	71	66	83	18	23	20	28	31	81	91	40	95	88	94	76	67	48	75	47	75	16	45	32	76	67	93	57	74	87	28	16	51	36	68	95	42	68	67	44	31	95	14	16	51	33	49	55	51	30	20	67	19	20	54	73	74	61	17	70	97	14	85	90	10	75	49	56	99	97	69	23	17	11	70	48	52	52	17	47	89	81	79	85	69	86	45	72	49	70	58	62	91	78	67	15	39	10	51	83	40	45	45	79	46	31	61	55	29	78	53	88	75	87	82	95	80	49	27	65	81	44	26	82	84	72	35	78	69	68	63	41	16	79	13	78	11	96	16	29	40	74	94	43	76	21	19	67	27	53	76	61	30	32	67	12	54	33	25	38	99	41	29	70	20	79	38	22	31	77	38	93	85	51	72	43	92	14	95	28	35	43	67	54	14	38	15	53	84	100	96	89	53	30	92	94	31	25	76	11	59	24	75	92	69	25	37	81	47	66	35	87	65	11	41	37	85	14	80	31	15	83	57	96	68	80	98	84	51	84	80	96	94	16	49	85	76	98	68	89	24	31	32	87	88	47	99	22	50	76	85	49	70	38	100	59	65	50	47	63	51	35	92	71	13	81	22	92	98	39	85	88	72	39	48	26	49	74	40	96	69	87	12	77	15	56	90	37	37	94	84	88	70	79	16	76	63	12	56	28	71	82	87	21	99	75	75	53	97	85	20	21	52	96	27	41	95	19	32	62	80	19	60	68	60	18	36	42	21	98	68	17	70	55	30	74	67	27	11	24	65	77	28	78	38	42	21	84	43	38	99	74	47	93	83	11	27	90	85	74	80	92	24	90	30	78	60	55	98	92	82	45	69	18	26	63	12	92	12	25	39	91	89	14	60	23	72	20	40	48	22	70	62	11	70	74	76	67	60	23	71	62	59	86	44	77	65	71	80	85	52	27	43	33	67	79	75	33	29	99	51	49	24	79	34	84	61	36	78	95	17	85	77	94	85	65	67	55	80	51	60	51	67	88	52	15	12	52	19	44	96	45	45	43	100	91	71	34	64	25	48	15	84	95	17	24	56	31	42	43	56	63	71	82	56	74	97	43	26	50	100	51	97	69	66	81	32	22	98	19	51	45	44	84	17	35	18	53	36	48	55	15	78	81	45	26	59	95	97	31	60	93	35	55	50	67	45	33	60	79	60	65	52	37	84	17	23	58	51	99	29	32	80	46	21	25	11	40	20	41	12	82	71	83	84	39	96	43	31	76	71	33	61	15	85	31	95	41	88	64	47	55	58	63	25	92	35	56	34	97	31	96	61	93	73	19	82	26	27	90	35	82	26	18	22	43	52	94	91	45	26	97	90	13	36	28	39	12	66	78	25	26	53	85	23	60	14	18	74	12	22	97	47	91	16	88	79	44	63	91	85	43	24	29	22	56	41	60	81	93	49	27	64	29	63	56	12	57	18	92	59	16	71	18	55	31	96	59	74	88	42	94	65	88	76	45	76	71	95	56	22	78	79	63	63	58	48	63	75	78	25	60	38	43	12	36	28	24	28	22	69	19	52	38	73	92	31	60	61	77	15	25	75	42	12	16	46	80	12	26	64	63	52	68	34	57	42	18	85	31	57	24	91	43	13	14	18	62	66	57	86	81	64	15	53	84	80	44	41	53	90	84	85	73	38	84	91	60	54	96	45	59	73	75	21	14	75	66	59	52	17	24	41	33	46	63	72	56	57	56	27	87	61	86	13	90	84	27	85	78	95	68	89	26	64	74	52	97	33	83	27	49	69	60	56	52	55	35	100	41	77	38	12	71	95	19	10	78	79	41	36	34	54	67	38	75	11	11	94	49	17	18	43	11	87	65	74	15	29	95	83	39	88	27	77	77	30	12	31	46	12	50	73	82	15	41	76	43	56	76	70	85	22	64	56	71	85	30	96	35	11	71	28	38	51	45	94	81	74	78	69	46	99	49	72	71	31	68	64	74	98	27	76	61	47	12	62	37	40	20	34	49	85	19	15	23	70	98	53	34	46	62	27	37	75	61	57	54	20	34	11	87	81	30	30	85	13	61	64	12	98	61	11	98	35	88	50	18	39	48	26	67	34	70	18	78	76	67	95	69
36	97	89	100	25	64	80	73	67	93	24	12	15	40	39	61	14	65	26	97	13	64	47	87	39	14	63	23	97	78	65	60	76	83	51	37	92	50	16	78	60	80	32	28	65	86	38	31	65	21	21	96	70	65	79	97	34	71	44	73	48	48	82	67	58	76	15	21	78	85	12	47	70	62	75	25	47	88	48	69	60	16	61	35	67	14	74	85	37	25	60	11	60	63	29	43	79	75	30	56	14	14	52	13	48	64	96	39	41	49	97	64	79	95	19	52	89	26	41	76	57	19	75	22	56	52	80	88	49	86	56	55	98	26	94	49	73	94	84	68	86	51	22	15	63	69	98	79	11	34	28	11	14	23	86	42	50	63	93	47	49	80	28	43	54	84	22	41	24	89	44	59	12	62	27	24	84	78	25	40	22	49	25	45	67	47	86	38	36	40	23	82	34	68	97	51	32	39	69	51	76	87	61	82	80	68	64	68	75	43	16	80	39	91	95	59	31	98	75	86	52	80	85	43	55	80	44	61	75	99	16	15	100	89	20	40	91	11	26	61	51	92	61	55	61	38	32	73	57	94	43	21	93	80	48	86	68	26	44	55	59	39	99	86	99	24	66	29	51	32	95	52	17	55	21	54	65	28	58	98	98	12	65	28	27	18	60	42	11	27	36	99	89	51	35	62	81	36	24	66	45	19	64	54	40	32	82	16	96	53	65	68	15	62	86	69	31	62	58	79	13	32	37	55	40	59	20	30	81	24	62	98	14	30	45	83	54	15	38	26	57	43	43	67	11	74	35	72	22	78	67	25	99	11	88	23	76	33	84	32	72	89	90	16	46	74	34	43	80	65	27	45	88	11	44	66	59	64	22	32	30	23	46	82	99	18	58	43	76	78	58	30	17	52	33	94	29	48	61	34	24	18	27	45	42	36	45	48	80	90	86	53	46	40	57	72	49	95	12	97	71	82	51	74	37	54	35	71	53	71	38	98	44	15	78	61	65	60	49	40	72	38	65	44	42	74	95	68	20	71	22	33	74	43	30	71	72	14	62	13	57	15	86	53	62	15	74	74	69	41	49	25	54	36	46	47	68	77	96	21	44	47	86	94	76	58	28	24	91	76	29	38	57	21	56	80	37	57	81	27	58	36	74	85	66	30	85	25	23	75	40	60	82	65	34	32	19	99	18	84	87	43	98	60	31	68	28	25	85	39	74	13	69	91	11	81	18	66	20	81	81	15	43	19	22	94	70	68	89	53	25	74	99	21	39	96	88	18	91	72	22	38	80	63	54	30	21	87	88	45	75	35	39	26	56	62	99	38	20	11	36	44	89	82	64	73	88	41	70	83	67	84	20	63	93	27	58	21	69	59	51	32	18	91	41	12	16	73	16	79	99	60	74	15	48	26	36	23	65	59	74	15	48	86	36	72	32	57	61	76	69	46	68	42	91	14	30	34	49	63	45	49	30	47	55	49	38	38	78	57	93	32	46	14	69	31	78	69	15	88	23	98	84	94	87	45	19	54	15	32	12	18	81	39	77	22	77	76	98	36	85	36	10	35	82	15	81	14	41	12	91	18	17	62	31	45	88	84	100	14	68	16	99	58	90	23	85	44	55	15	71	55	66	91	70	58	38	52	81	92	92	20	75	57	37	52	28	94	55	66	63	31	37	43	36	79	29	86	16	58	70	79	49	46	92	33	20	68	88	95	76	66	17	33	44	44	27	98	66	78	27	26	33	49	26	48	15	16	73	89	77	80	53	45	14	53	96	27	55	29	98	43	11	16	52	26	33	30	30	44	88	40	64	19	88	86	75	62	16	97	20	83	40	20	47	76	27	48	27	58	14	22	77	42	95	74	11	65	94	28	63	24	23	85	74	42	16	94	86	86	91	25	11	84	58	46	60	76	57	42	11	86	26	94	45	91	42	81	11	23	89	38	76	56	97	54	16	23	73	66	49	86	87	56	27	39	34	89	24	50	20	29	49	24	36	19	14	18	70	21	18	43	90	12	82	70	66	59	85	11	52	54	54	68	56	31	60	63	43	89	59	73	31	47	94	57	64	85	25	92	23	29	83	35	12	50	91	45	27	85	17	82	30	56	83	25	83	53	73	62	34	31	34	99	65	43	81	19	50	57	29	81	56	11	69	18	62	23	11	62	14	83	20	53	49	91	48	46	13	50	25	28	63	52	69	54	51	74	39	82	26	55	70	45	42	14	99	40	39	40	48	81	69	25	20	45	98	30	49	22	50	64	13	64	78	28	98	35	13	58
46	28	15	59	12	93	44	77	29	64	92	26	81	36	50	24	20	44	49	36	87	17	13	22	39	12	73	89	17	58	46	22	89	17	14	22	54	38	97	19	93	33	13	73	23	79	24	52	97	90	42	81	92	53	40	80	87	94	66	90	37	79	44	63	31	39	12	48	89	98	99	18	99	11	57	39	18	83	68	11	85	95	62	58	68	82	34	54	50	83	76	43	31	73	89	13	63	92	88	18	85	11	35	77	79	54	59	11	19	97	97	29	82	44	65	76	34	48	41	75	29	36	50	79	88	54	92	51	81	99	64	73	93	51	99	77	32	41	63	36	38	26	77	65	64	64	35	28	36	28	61	12	94	36	29	28	27	51	36	44	15	30	72	94	54	60	60	52	40	69	94	65	90	80	81	97	16	61	25	68	24	94	61	22	86	64	23	23	32	71	57	98	27	29	56	46	69	39	97	90	82	24	89	51	78	58	75	80	17	64	53	94	60	34	56	93	60	86	64	67	71	94	38	50	92	28	42	76	92	92	87	77	99	18	47	92	43	95	26	68	22	33	14	94	70	67	51	80	28	53	10	65	13	75	29	71	77	13	88	85	90	62	53	39	64	81	68	33	57	22	62	41	79	50	91	58	22	99	98	38	69	55	17	19	33	97	66	35	47	87	83	11	93	79	61	69	63	10	54	91	71	62	55	55	20	65	35	14	85	85	35	40	67	91	23	19	74	83	14	24	13	71	28	72	94	99	43	64	96	89	35	88	43	59	95	33	98	36	52	33	56	31	79	65	24	42	73	96	19	77	42	35	65	45	20	43	41	44	19	69	65	60	15	79	95	82	47	64	44	54	45	52	84	22	19	38	14	15	91	89	65	45	15	32	87	72	26	78	10	79	31	70	21	51	27	44	42	41	26	48	14	61	90	43	80	22	86	87	63	10	47	43	83	23	79	21	34	34	93	64	95	73	44	24	49	94	79	60	66	23	72	13	80	70	93	42	19	31	62	24	61	94	74	46	12	84	91	64	42	39	89	87	55	60	76	45	54	88	98	21	11	76	43	66	66	79	26	21	15	87	49	61	38	99	25	13	83	45	82	12	98	12	95	97	41	15	60	56	61	34	23	14	37	17	96	42	72	99	51	63	78	98	70	82	64	74	99	31	50	36	35	24	99	100	19	34	84	46	97	25	95	50	20	45	48	19	84	46	30	98	95	15	51	69	54	63	52	31	59	51	24	84	47	86	13	72	50	22	57	43	29	85	57	21	93	48	43	85	59	52	92	37	74	57	44	44	74	16	70	62	85	22	67	57	19	80	83	87	30	48	95	18	12	55	29	25	22	51	71	71	75	42	85	51	54	78	37	65	60	99	88	28	57	31	98	46	27	62	96	75	42	22	90	36	81	90	88	94	70	35	96	91	53	58	72	90	83	65	12	94	40	81	42	95	29	13	21	84	47	54	35	16	80	33	32	12	47	93	73	71	90	18	15	34	58	47	96	62	24	53	49	92	15	71	38	76	35	13	78	70	41	60	37	40	35	96	58	16	78	92	95	43	26	81	71	53	62	80	51	99	45	23	56	81	31	28	47	77	83	73	54	85	28	76	61	58	53	32	37	72	27	85	65	15	26	52	98	18	82	98	29	57	66	20	39	35	44	60	89	38	81	15	53	60	75	22	53	87	29	87	40	94	52	61	26	93	68	51	22	48	82	16	61	25	33	74	99	44	59	95	24	87	52	36	92	16	97	94	17	71	66	38	49	84	51	80	47	93	32	81	24	44	98	68	25	45	68	87	94	93	66	87	60	23	79	20	80	58	63	65	32	95	36	68	61	52	78	36	87	16	95	98	60	91	89	75	27	88	84	66	65	59	60	95	21	62	35	72	36	33	67	86	84	95	77	72	93	33	35	95	69	76	81	21	73	21	66	25	25	24	37	30	84	86	23	87	91	85	96	63	29	72	69	93	95	44	24	70	17	25	71	32	67	87	65	58	74	20	18	26	83	72	36	41	73	64	30	66	30	24	96	67	73	44	17	29	14	67	68	78	13	91	42	98	31	80	43	58	67	67	21	59	11	65	74	18	87	77	99	49	95	70	71	20	36	18	42	25	67	58	52	58	20	31	53	68	57	38	40	86	24	32	64	23	86	90	58	57	76	18	90	48	80	17	42	57	90	83	67	16	23	15	21	50	74	60	78	74	85	21	35	73	15	70	46	83	85	84	44	31	75	90	58	75	89	23	11	54	73	90	67	84	87	61	36	18	72	17	36	54
82	56	46	36	86	77	30	39	77	24	53	61	33	26	62	32	27	42	42	38	41	54	72	11	99	42	62	61	49	76	29	25	81	58	57	12	19	45	55	91	95	61	62	92	76	44	18	61	73	44	16	43	72	60	82	22	88	12	83	79	48	43	54	85	21	70	86	52	41	38	59	53	33	39	94	66	14	82	16	85	46	87	28	47	49	71	99	55	95	75	19	54	58	17	72	91	84	43	41	13	42	14	95	33	80	90	14	24	78	74	67	54	88	60	29	53	37	59	30	71	13	47	70	49	75	43	52	41	69	56	66	17	71	85	51	52	38	38	32	46	53	84	26	78	58	55	83	33	25	34	95	43	74	65	86	71	39	91	64	35	53	28	35	63	57	33	95	61	48	54	40	21	19	100	26	86	39	56	78	20	88	87	83	18	48	57	100	62	93	43	85	56	52	44	18	44	66	41	33	91	71	29	68	10	43	55	92	70	18	32	77	56	46	16	73	67	40	59	78	79	88	68	67	55	36	10	85	33	65	15	74	85	50	49	56	71	55	58	81	93	51	68	83	50	54	24	46	35	37	30	83	90	33	94	80	97	49	42	42	60	79	31	43	93	42	67	30	44	62	78	11	21	30	80	51	40	86	67	85	48	58	64	11	76	99	38	50	15	21	80	29	34	34	23	29	98	56	62	29	64	74	77	72	57	51	17	72	24	21	22	48	48	97	28	82	37	17	21	79	59	32	66	88	59	66	91	91	58	66	93	41	45	37	20	28	75	37	94	20	17	72	30	68	73	58	31	78	76	57	64	95	29	82	51	25	13	51	29	17	84	63	91	82	47	16	31	52	35	67	13	67	25	15	16	85	67	18	14	15	73	19	35	24	37	56	56	82	39	92	56	57	46	96	62	52	29	38	88	60	62	62	81	69	29	53	71	78	15	51	53	74	78	40	28	89	62	30	46	68	26	99	83	43	30	23	52	51	22	33	90	16	12	93	71	43	99	67	51	41	88	86	21	56	93	59	45	68	60	86	100	40	97	28	18	86	77	30	35	98	34	63	58	68	24	81	23	12	65	84	45	11	68	47	62	32	51	100	33	78	85	56	71	56	30	81	15	91	41	60	36	20	72	15	91	35	95	94	70	30	63	37	10	59	28	27	27	81	59	45	100	98	91	43	11	65	16	58	99	27	51	10	42	53	41	21	48	59	93	48	20	86	21	45	41	82	98	81	93	38	60	82	90	97	77	87	33	83	74	68	52	17	22	76	28	57	74	62	93	32	12	78	77	23	70	55	25	83	31	29	34	50	65	77	90	27	53	18	64	82	67	99	95	48	55	53	76	33	49	60	70	72	99	25	71	89	18	20	41	14	14	40	53	36	96	85	100	70	50	31	74	54	50	49	13	12	98	75	62	61	39	44	67	53	24	83	17	65	31	82	35	92	89	66	82	39	34	96	65	93	70	61	61	98	64	59	16	82	61	73	99	54	89	31	78	98	49	79	26	61	24	14	75	93	29	43	25	27	14	97	93	90	83	37	80	12	36	93	13	34	88	34	23	94	23	77	18	73	58	42	72	40	65	24	39	71	98	24	11	26	24	18	78	13	51	18	94	88	72	24	55	90	89	31	85	20	35	41	89	89	75	80	88	98	50	84	34	23	74	73	36	70	96	37	64	56	51	56	12	69	83	55	50	56	37	98	31	52	21	48	65	94	14	81	66	38	31	18	85	30	69	77	88	28	43	55	51	45	42	17	28	17	91	93	30	71	36	25	57	73	77	45	88	53	84	18	47	22	95	83	70	59	41	37	83	13	19	99	76	36	46	25	76	47	24	53	93	47	22	87	53	26	19	75	18	29	33	31	86	38	91	50	93	85	13	83	36	97	94	86	45	44	53	10	87	77	30	15	85	42	72	21	12	36	52	15	56	59	98	30	94	36	21	67	47	83	76	20	16	51	31	27	69	99	13	19	50	32	60	20	93	43	83	22	41	37	58	53	52	39	65	88	91	80	67	92	48	89	92	21	22	24	79	53	13	35	31	68	22	37	54	41	21	69	84	18	60	50	21	65	78	40	94	40	82	26	58	34	67	87	20	72	74	82	93	26	48	82	20	20	58	19	53	26	24	69	70	18	94	31	51	96	98	72	96	77	77	71	62	18	54	54	30	100	79	87	74	19	70	25	64	89	35	59	68	39	92	23	28	67	62	97	59	54	59	46	16	59	64	23	42	14	11	34	52	19	35	63	53	93	94	89	20	40	68	11	10	18	70	56	25
63	97	50	15	84	58	87	59	17	62	69	32	69	98	95	69	77	24	68	37	69	75	46	13	23	91	89	80	23	82	15	76	76	60	90	33	49	21	34	62	47	59	53	46	24	67	46	11	50	75	32	24	51	76	70	99	32	48	53	12	69	41	63	79	93	64	13	14	32	64	23	31	46	58	57	38	69	53	81	68	72	53	16	62	88	75	51	18	62	28	96	54	30	22	24	48	43	50	45	79	89	72	92	90	12	64	78	12	44	95	95	27	44	98	92	71	24	82	73	64	23	57	77	33	72	31	57	75	31	95	11	19	42	41	15	95	77	64	56	54	57	60	85	86	82	63	30	73	57	52	43	62	83	98	60	99	52	40	95	19	46	21	46	68	56	31	64	80	61	56	33	12	97	18	76	57	95	45	51	12	70	26	100	31	56	38	97	33	24	94	97	58	62	47	86	51	49	87	25	100	90	82	54	65	86	80	13	35	71	53	36	39	65	17	100	83	46	62	89	27	26	52	26	76	87	52	69	39	36	69	32	80	93	97	88	78	62	24	22	57	21	18	57	33	18	34	41	30	51	37	85	35	29	63	77	77	44	49	91	99	92	33	94	32	58	45	80	22	54	44	85	27	95	79	55	23	22	74	87	81	93	51	46	19	68	11	29	20	48	84	63	73	39	14	98	39	43	47	15	49	80	60	55	83	62	97	77	93	83	81	41	59	93	21	59	66	47	86	29	16	61	99	82	53	28	21	36	13	31	82	53	69	18	23	80	99	32	79	53	84	22	70	84	74	93	33	62	45	40	78	33	61	70	58	17	44	98	69	38	28	37	49	43	43	32	33	38	21	63	98	90	72	38	70	83	44	40	34	49	39	17	92	18	43	28	79	14	42	72	55	18	11	92	14	37	99	77	28	39	87	96	33	20	49	67	84	32	20	28	28	57	34	79	22	31	51	13	76	33	82	42	74	87	87	29	82	17	67	70	48	79	33	48	15	54	11	84	96	68	82	57	40	91	78	14	64	57	36	92	48	80	43	47	95	78	50	71	83	40	32	56	79	61	32	48	46	96	79	84	40	74	84	97	84	71	36	40	78	77	74	95	78	60	80	93	35	70	74	54	82	91	62	65	35	68	12	58	63	93	57	37	49	10	21	87	23	79	81	54	63	29	11	59	96	64	91	63	39	11	46	41	96	95	49	15	17	51	93	67	15	17	33	86	91	26	41	14	48	30	19	97	65	81	18	83	77	12	79	63	43	91	62	77	75	58	84	97	80	18	53	87	69	46	11	57	28	40	33	95	41	27	73	64	76	77	26	94	75	55	24	33	89	20	33	69	44	32	85	86	86	69	48	60	85	74	26	95	70	56	36	44	44	37	86	10	85	60	80	75	51	58	49	12	31	77	29	11	39	43	39	91	25	14	26	47	17	17	58	46	66	77	71	59	71	62	81	82	68	45	89	69	76	87	87	47	81	15	16	80	12	30	48	85	18	41	20	95	100	19	81	14	11	29	57	59	34	17	52	74	36	24	63	64	57	81	11	64	67	51	19	58	39	57	46	10	51	56	59	61	62	79	20	19	83	46	45	29	51	64	40	11	29	34	38	43	86	77	50	18	51	69	67	89	48	96	65	32	19	56	87	34	34	23	22	28	20	37	96	50	34	26	10	78	46	29	40	85	55	91	14	99	98	70	15	92	24	98	25	46	52	63	54	90	21	86	91	86	73	12	39	65	90	25	73	52	68	70	94	49	16	61	39	48	89	37	98	29	30	86	22	35	85	23	66	36	90	27	100	36	20	94	35	19	73	58	37	44	17	25	18	79	71	99	26	32	82	51	13	27	59	20	14	54	75	38	94	13	39	76	28	49	56	68	22	29	14	36	68	49	28	82	90	57	80	57	46	78	44	91	97	17	19	97	12	41	11	59	14	62	41	26	29	58	11	18	100	83	63	14	64	69	15	11	34	34	28	47	30	89	26	89	24	68	87	23	81	26	84	30	100	68	58	36	63	56	89	84	35	92	46	48	23	41	31	48	61	99	50	40	38	74	22	40	45	86	70	25	52	70	51	66	79	17	30	69	97	82	79	48	67	66	31	96	67	77	68	73	18	21	35	100	68	42	83	83	81	77	22	18	20	63	81	94	37	22	81	58	18	15	68	11	95	92	85	30	13	49	81	48	39	94	18	13	95	75	34	25	91	59	28	35	25	35	79	70	84	94	69	61	54	38	59	16	46	72	72	44	66	50	52	46	49	77	38	37	81	97	31	57	15
54	37	11	96	59	57	95	76	11	97	76	46	40	43	19	95	82	31	80	59	56	13	17	84	92	64	18	100	12	36	14	62	84	34	79	36	88	73	47	90	99	72	88	36	10	87	20	17	34	20	63	38	12	66	41	81	56	97	71	75	60	77	70	11	41	52	66	17	74	12	99	52	46	34	66	47	60	81	21	97	68	58	58	57	29	20	67	70	57	26	45	42	66	52	89	28	60	53	73	34	65	76	30	31	94	56	83	64	85	43	15	74	93	75	35	80	78	98	87	93	98	54	35	60	84	24	36	99	12	17	32	40	67	78	36	84	95	29	78	86	63	10	39	30	96	62	15	51	77	21	39	38	67	91	93	53	15	54	53	21	71	61	72	30	79	31	14	65	66	97	32	74	36	74	72	88	59	91	35	91	85	41	12	22	50	68	45	45	11	27	38	55	79	24	54	94	66	75	70	75	18	99	31	72	88	77	72	66	25	28	31	70	72	72	43	54	55	59	78	34	61	29	63	64	81	89	46	69	17	55	84	81	45	27	71	17	73	83	91	92	51	93	79	44	40	73	64	38	74	12	76	10	69	85	100	50	46	17	37	71	52	33	74	69	42	30	73	25	68	68	98	50	45	89	62	61	29	68	35	58	89	72	39	38	84	29	23	61	24	72	71	81	18	70	98	35	86	77	84	17	58	75	70	57	41	56	23	16	35	52	18	74	79	89	72	77	47	83	17	12	64	19	56	34	14	61	41	15	26	33	62	28	27	47	55	21	79	89	53	59	46	50	10	60	40	28	88	28	72	84	61	59	54	55	42	24	69	51	50	46	37	80	73	26	18	99	52	18	69	19	11	55	14	63	62	85	61	93	55	56	18	45	31	52	40	77	64	58	99	62	47	93	32	73	59	56	24	84	64	71	35	74	34	14	10	29	44	15	92	29	63	93	54	46	59	88	41	33	60	36	83	86	27	26	64	37	33	17	71	100	71	43	26	43	22	62	60	30	82	47	47	40	24	32	18	77	56	72	83	85	37	69	97	83	39	38	49	17	78	96	68	69	60	73	51	13	75	12	37	98	45	68	71	68	99	36	54	51	46	92	86	56	33	30	16	27	58	30	58	59	78	34	45	62	95	72	63	46	67	93	84	56	91	41	99	43	10	95	93	32	11	57	78	21	28	61	65	60	50	84	80	50	66	32	62	27	36	81	78	40	48	31	80	91	40	10	40	13	67	79	77	32	48	82	86	45	49	83	100	84	33	40	75	74	29	84	41	66	11	94	26	69	79	96	91	25	31	98	57	94	32	43	100	65	86	12	23	20	74	48	45	88	25	22	74	11	75	19	84	56	28	76	58	64	44	24	31	53	89	74	21	35	18	75	73	31	46	57	13	85	64	13	51	19	23	82	40	48	98	37	74	48	31	49	23	38	16	46	78	47	64	92	34	41	68	19	21	24	92	88	10	45	84	90	83	98	69	14	65	84	85	99	50	79	42	45	36	25	60	76	49	22	47	85	28	85	37	19	74	52	32	50	83	12	82	49	88	41	94	89	98	24	37	88	20	12	27	99	57	97	64	20	51	81	86	84	71	12	51	95	75	89	28	33	26	74	59	81	21	74	60	28	53	59	50	89	62	86	88	14	87	97	73	20	56	46	71	19	17	35	83	23	98	41	88	78	48	39	12	58	85	92	67	72	70	47	23	87	39	60	87	82	26	48	85	49	56	55	47	68	36	20	65	53	49	95	46	21	47	84	15	75	85	89	12	73	16	21	77	68	17	60	42	34	59	49	94	82	21	17	35	12	42	76	100	55	77	99	72	14	45	50	22	14	23	45	93	45	65	52	74	58	39	16	36	89	14	95	86	86	46	12	70	70	66	17	67	77	80	78	96	56	21	85	58	61	69	98	20	69	45	14	76	99	99	10	82	55	88	65	44	39	20	32	43	24	88	78	67	54	29	24	70	11	90	67	40	57	87	45	26	89	64	96	84	14	84	49	73	29	31	59	55	45	57	21	36	38	14	86	38	21	12	90	44	63	49	90	43	79	56	73	33	26	74	62	71	15	40	65	22	88	74	20	45	69	41	90	86	82	85	44	39	21	45	94	28	61	97	53	40	70	23	74	94	50	25	15	11	43	90	22	61	41	98	54	96	92	15	66	97	73	91	87	93	37	69	69	98	30	20	74	57	25	52	79	61	49	95	88	24	29	59	18	61	74	13	80	63	76	73	88	21	38	65	11	94	31	53	62	63	50	22	80	69	22	54	81	73	37
14	47	83	17	17	71	35	75	89	74	67	34	91	65	85	29	15	63	85	31	84	69	31	21	41	40	68	86	26	52	73	67	12	90	66	51	79	80	98	61	61	54	37	39	79	40	45	24	64	80	76	26	92	80	27	92	91	20	34	86	54	96	44	29	66	69	86	98	76	42	93	93	90	53	21	68	37	92	82	14	35	34	50	73	26	26	29	76	42	18	84	38	90	65	98	21	56	11	18	24	65	65	40	72	32	63	51	62	67	59	66	58	28	70	61	86	26	37	33	56	44	12	35	99	70	45	65	41	62	20	48	22	96	59	45	29	97	57	74	46	28	57	82	46	50	66	34	27	50	60	86	91	41	64	39	93	31	50	59	89	80	50	43	14	78	53	16	26	32	34	57	36	62	79	27	12	23	50	99	16	37	45	24	79	55	47	84	41	97	90	55	63	98	19	32	48	13	88	74	98	43	67	77	10	87	29	83	78	58	24	56	18	32	91	78	66	73	28	36	96	98	23	47	45	36	22	78	84	11	48	51	96	33	58	60	31	48	40	25	61	24	78	50	43	32	27	56	66	65	20	71	14	54	71	81	31	63	34	82	68	56	58	65	61	96	47	27	52	92	32	39	95	95	61	57	57	48	31	79	91	63	94	58	77	78	59	68	70	33	14	10	42	15	89	68	17	48	26	54	52	80	43	61	37	70	29	41	84	12	17	86	17	12	64	98	79	97	90	94	28	10	94	14	23	26	87	20	23	25	67	52	50	32	20	23	45	89	75	35	63	58	70	19	64	31	26	72	21	47	23	39	36	39	98	73	66	96	18	70	15	90	24	100	44	62	17	91	44	11	68	18	81	45	34	20	32	100	36	98	16	25	76	20	93	92	88	73	83	35	78	79	75	65	52	60	91	76	67	51	31	83	57	63	49	33	49	51	85	81	41	39	13	23	70	98	91	23	37	91	19	37	63	92	51	99	32	47	50	66	74	89	56	11	89	44	75	27	82	28	66	30	94	27	85	24	11	22	26	34	20	28	50	16	40	28	67	57	49	52	80	21	54	92	83	31	87	73	44	69	66	99	49	20	63	65	41	42	46	81	26	99	35	77	34	18	27	58	66	95	52	57	15	31	30	64	25	76	41	82	96	72	82	60	74	68	86	72	87	34	12	75	80	38	51	99	85	27	53	26	26	28	58	53	11	51	78	87	24	20	46	83	25	45	35	32	87	71	86	42	13	67	80	42	66	97	90	27	14	48	71	71	80	26	90	63	23	77	59	83	53	32	55	59	37	82	78	99	76	95	16	49	63	80	100	59	63	80	92	93	33	64	29	12	16	50	16	88	53	38	66	69	83	87	48	71	95	75	32	25	51	65	69	63	91	22	94	15	64	11	78	73	57	28	84	35	28	83	86	25	45	25	100	25	29	39	33	10	81	89	81	71	99	47	87	62	58	13	38	82	34	32	41	43	33	38	23	82	29	81	95	66	70	28	94	20	32	59	88	76	20	30	35	71	58	45	25	44	69	65	88	75	62	48	12	18	29	66	94	99	39	83	55	56	31	13	85	13	38	44	59	100	13	43	32	72	64	36	73	71	67	91	69	96	62	17	67	91	79	39	42	26	58	22	74	54	39	88	24	27	29	39	48	95	96	49	94	77	38	37	27	64	97	93	59	90	75	19	44	75	79	70	47	47	30	12	82	91	78	64	59	15	75	61	91	99	74	74	66	86	58	53	85	85	49	92	25	35	25	50	70	27	67	48	54	55	23	88	72	59	39	26	22	43	27	95	66	61	14	59	17	82	22	53	17	73	65	13	56	59	23	81	66	79	14	48	51	20	45	97	32	93	10	80	86	22	82	66	41	60	31	68	20	73	99	91	60	24	98	29	90	44	42	74	30	13	30	36	82	16	58	32	95	33	93	96	61	87	10	13	22	18	53	70	24	37	44	78	48	55	47	86	44	96	59	30	37	95	32	23	68	26	51	54	71	37	75	30	64	61	74	50	87	72	41	79	81	99	76	75	52	30	37	93	51	61	11	71	82	96	46	69	45	75	80	70	91	75	72	53	46	17	43	67	78	87	79	91	90	62	86	97	64	20	39	89	52	68	62	73	57	31	67	79	14	64	36	20	43	16	45	80	82	88	61	85	92	23	85	17	12	76	93	59	93	68	54	55	56	65	46	44	81	73	38	15	25	58	89	83	29	16	34	29	50	94	79	41	52	64	53	65	13	31	36	57	48	98	38	52	13	70	30	26	13	63	22	51	97	49	92
46	66	36	61	85	53	94	68	44	86	32	64	91	21	28	58	17	20	72	45	74	27	84	59	82	15	79	68	81	19	95	45	43	41	55	96	50	41	87	72	63	53	42	90	50	12	63	59	92	28	90	15	92	38	77	55	33	65	57	75	34	31	51	79	90	39	83	22	79	58	36	58	65	38	49	33	67	35	93	54	17	53	51	11	72	50	25	74	83	32	40	38	57	85	66	95	69	18	55	32	98	70	32	29	43	94	13	89	31	82	78	98	18	27	27	20	48	86	58	70	72	27	64	98	78	65	63	94	61	46	77	86	29	53	77	62	60	53	54	39	54	36	45	39	56	95	95	12	33	79	96	13	61	72	48	63	63	27	62	69	18	78	92	70	58	97	63	78	76	77	82	76	86	98	75	25	83	47	75	76	19	27	12	15	46	85	97	60	45	32	34	71	73	37	56	37	59	67	48	94	83	85	97	75	80	35	58	15	33	41	90	24	88	49	28	27	81	99	60	80	24	64	57	57	39	11	89	68	20	88	10	97	45	14	35	96	45	83	27	77	22	44	73	38	51	59	24	57	96	16	41	19	12	85	63	39	15	76	50	54	29	22	78	90	95	79	57	82	96	52	34	61	100	43	48	42	99	16	48	66	94	74	100	86	84	69	96	51	12	92	31	17	97	49	72	97	85	52	97	43	94	67	92	50	66	68	96	56	54	26	59	25	83	74	59	86	56	48	30	52	29	80	26	16	63	50	75	62	73	79	82	28	74	46	73	63	40	53	58	80	37	47	65	63	84	75	85	64	52	85	43	38	55	67	68	70	40	50	66	25	29	18	58	70	45	53	44	68	85	11	61	20	92	94	77	47	25	66	76	55	30	32	82	95	59	32	81	33	21	86	24	100	16	68	53	14	83	18	76	28	73	96	62	39	23	55	42	22	37	54	64	88	31	95	46	10	57	18	17	68	21	50	96	19	80	64	61	88	33	14	40	26	16	73	12	11	99	72	44	90	54	15	53	55	73	21	48	90	55	37	97	62	97	51	44	73	26	62	61	90	28	47	99	10	27	37	77	33	95	66	86	41	77	74	88	74	68	19	45	48	63	26	34	39	49	68	47	91	45	46	20	63	47	84	25	55	37	93	81	38	30	97	59	27	92	58	75	11	60	20	87	70	67	17	85	99	33	56	77	42	20	79	72	45	86	72	72	80	72	33	36	43	95	97	64	63	55	28	49	18	17	80	15	43	89	97	49	56	87	96	67	58	51	77	85	72	44	65	78	94	44	62	42	44	36	16	80	53	96	37	28	24	67	55	13	59	100	33	95	56	63	85	26	94	64	44	54	67	98	21	31	41	99	22	52	50	27	40	81	17	54	90	71	17	94	33	63	33	50	92	22	35	18	85	56	63	14	65	13	41	64	31	71	85	33	54	25	18	60	26	62	52	24	47	84	84	60	76	12	99	85	23	76	44	62	97	46	27	64	13	27	31	60	41	40	56	77	62	74	25	50	86	42	93	84	99	12	84	64	69	14	46	91	17	99	24	79	82	59	10	91	28	54	12	29	13	40	47	77	82	55	97	96	95	12	70	69	49	40	16	25	81	37	11	77	76	33	61	53	30	18	15	50	91	42	47	62	11	83	17	18	24	13	84	42	98	37	37	68	94	56	78	58	20	23	83	86	16	55	71	65	91	69	55	40	48	47	97	71	67	82	46	79	56	21	67	13	57	40	52	12	88	95	48	55	52	41	88	34	12	31	31	96	29	69	23	14	47	36	90	21	76	16	82	80	57	32	55	99	48	72	65	42	13	54	44	40	33	28	62	45	31	87	28	15	70	35	51	57	88	56	79	19	17	64	87	85	16	26	48	81	44	27	47	19	29	35	80	75	58	76	84	79	60	46	12	47	43	37	67	67	28	36	84	79	66	98	16	48	12	16	90	77	20	61	26	11	42	50	19	44	22	31	56	64	39	78	47	57	35	60	24	51	76	44	30	17	17	66	36	58	38	77	20	100	96	98	23	16	56	29	50	54	10	66	79	54	76	87	21	85	42	75	47	22	65	10	37	25	98	48	43	49	58	21	43	82	70	11	19	32	29	17	20	57	51	92	75	24	81	77	13	89	78	68	40	87	63	52	91	22	23	78	10	61	95	62	35	11	92	62	59	42	83	32	77	66	90	36	98	99	70	29	41	39	77	65	32	71	95	97	77	74	36	87	43	44	12	61	84	95	34	11	16	17	99	24	75	12	87	63	89	94	25	79	15	15	89	77	74
30	31	68	53	77	69	27	85	70	54	53	17	39	26	27	22	32	60	14	43	68	51	48	15	72	25	93	69	67	79	24	26	19	20	67	69	29	67	92	91	97	94	13	58	70	65	98	43	44	75	65	35	19	17	21	43	65	55	70	41	65	93	47	13	54	75	68	49	62	16	81	68	48	93	43	10	80	87	70	81	68	11	22	94	91	28	35	91	76	57	93	22	67	24	51	40	42	23	72	68	70	45	81	18	68	50	47	33	41	83	48	90	65	91	10	16	92	97	16	53	55	56	62	71	11	41	26	82	78	54	43	23	74	50	72	40	50	89	69	37	70	96	21	78	92	91	97	24	85	38	80	14	29	81	73	64	91	95	45	34	73	18	21	97	35	89	72	95	15	82	61	86	90	17	88	58	13	77	73	70	42	28	24	93	82	22	90	21	63	29	35	77	43	69	14	12	63	82	12	91	16	25	26	85	83	62	20	30	17	74	63	82	15	48	60	83	82	42	87	25	67	43	39	88	98	28	13	23	47	79	25	86	40	71	50	90	40	77	83	21	68	25	86	85	94	37	72	44	88	59	12	45	84	58	42	99	22	59	87	51	80	34	38	61	38	86	47	59	66	41	12	66	35	16	42	60	23	13	84	66	47	62	15	53	19	14	13	50	76	22	66	73	61	85	35	69	17	12	50	26	34	15	10	73	31	68	64	14	45	44	24	73	22	21	87	98	44	65	91	12	91	64	42	94	29	15	78	64	62	60	64	93	59	31	66	18	28	21	17	64	89	57	39	70	15	13	99	85	97	78	37	95	21	21	74	90	54	38	81	96	71	92	51	17	27	66	94	69	18	38	18	12	12	65	23	51	16	26	40	77	64	67	15	62	15	15	72	98	63	60	93	61	44	69	46	64	38	53	93	92	65	95	84	33	41	46	81	77	11	43	59	34	93	56	54	40	92	95	96	38	40	63	58	44	44	86	77	43	93	57	100	12	66	99	28	47	70	61	82	12	69	43	58	51	56	87	75	71	20	74	29	27	93	36	15	83	68	44	63	67	40	58	19	58	83	79	84	36	49	78	72	40	74	38	25	43	23	55	97	19	45	93	99	87	52	40	48	73	17	30	69	67	17	94	61	43	61	24	25	40	95	72	70	24	64	29	46	75	29	40	99	95	45	40	46	48	51	19	61	51	71	28	40	34	49	49	55	11	74	37	59	55	23	70	53	98	50	55	15	30	98	87	14	71	43	14	53	66	39	26	55	64	53	66	15	58	78	51	97	91	16	59	66	40	13	19	56	37	100	51	64	73	96	81	28	60	18	16	36	54	47	19	19	42	11	88	77	32	61	71	23	45	62	32	70	90	11	30	79	92	63	98	47	91	68	87	76	89	55	40	86	64	31	33	28	49	17	59	11	23	16	44	52	67	52	50	29	43	91	26	13	62	48	73	10	35	35	51	45	40	87	26	81	68	21	32	27	29	53	68	50	64	17	48	61	45	70	81	38	91	64	13	37	21	93	51	77	80	95	83	99	80	97	89	76	22	86	66	92	52	70	99	51	52	15	95	30	50	37	76	50	30	57	10	81	58	87	41	93	74	43	31	34	93	15	90	74	13	28	98	12	98	83	39	69	68	19	43	61	70	25	70	46	97	24	52	44	39	56	64	78	42	65	87	45	32	15	38	61	53	57	32	99	26	23	61	60	82	35	29	77	67	50	19	68	83	27	77	79	52	56	39	27	21	35	33	77	57	54	25	19	96	95	77	51	11	72	60	62	45	30	85	86	58	54	68	19	33	29	27	56	18	33	99	60	88	25	44	38	87	90	34	92	45	27	66	25	77	51	87	97	72	76	42	99	90	23	19	37	82	89	51	24	23	20	26	56	90	55	40	64	17	34	28	99	71	27	27	58	38	87	28	55	75	17	32	72	73	47	41	14	37	59	51	60	95	98	99	84	46	10	68	61	42	86	84	82	23	96	72	35	51	29	62	54	13	73	64	79	48	77	68	25	17	39	65	83	39	23	72	66	13	18	38	58	87	22	14	56	84	43	40	40	73	71	54	86	72	19	19	59	90	20	49	92	31	70	20	42	40	15	95	87	38	46	70	89	44	76	73	60	37	87	90	51	33	67	25	12	53	53	79	97	39	74	29	63	90	37	88	75	68	30	22	27	12	30	98	96	18	43	25	54	89	21	41	80	35	55	15	50	83	64	42	22	92	42	71	73	81	40	27	20	49	52	43	97	84	13	52	95	41	98	73	50	88	18	63	24	26
wj																																																																																																																																																																																																																																																																																																																																																																																																																																																																																																																																																																																																																																																																																																																																																																																																																																																																																																																																																																																																																																							
86	59	2	44	98	81	10	69	78	67	57	14	84	14	41	17	91	15	71	32	24	58	95	10	74	35	83	8	96	98	69	69	99	66	20	91	37	5	67	51	96	44	3	66	70	82	77	75	87	2	31	67	10	11	14	83	39	45	29	2	57	19	52	4	100	87	52	20	1	14	38	98	26	62	33	50	15	37	24	68	18	20	19	94	32	13	54	75	29	82	86	81	57	49	71	43	48	55	22	97	61	59	81	26	91	68	39	97	100	99	5	32	20	46	56	18	53	44	58	19	100	78	33	96	15	45	55	79	77	68	77	13	40	37	30	30	58	90	62	46	24	69	93	7	45	63	1	71	81	39	3	67	67	88	89	33	76	58	56	95	36	20	76	37	42	19	78	39	17	25	59	11	23	12	24	11	62	29	44	94	80	83	75	88	84	14	27	46	39	40	80	81	80	96	91	75	67	31	22	63	11	90	65	5	56	33	6	89	71	25	14	95	72	28	25	6	4	25	41	13	36	74	24	12	60	11	36	74	99	75	92	53	6	44	64	87	64	40	83	84	69	22	31	5	1	10	25	59	100	82	67	75	16	34	2	6	31	98	27	60	6	80	51	10	14	61	10	38	13	37	68	9	30	66	13	85	17	65	93	62	88	41	24	56	59	29	19	38	38	63	12	21	50	6	96	22	24	78	22	86	47	81	72	72	30	10	40	79	55	86	20	62	23	15	23	20	65	39	19	85	75	23	81	15	64	78	74	33	2	98	81	84	73	58	54	57	53	5	84	83	27	95	15	20	42	9	96	78	35	97	52	49	22	58	31	16	52	96	76	10	100	8	35	26	85	65	89	11	84	67	96	68	86	34	99	87	88	69	5	16	24	11	73	15	28	88	18	65	24	87	90	96	78	62	27	54	68	79	100	42	71	35	16	61	96	19	69	6	10	39	73	53	40	67	41	58	86	31	53	63	33	4	67	86	72	49	53	80	31	76	2	4	82	67	26	76	78	34	36	12	57	83	23	17	12	29	49	92	42	94	78	3	38	44	31	90	42	66	63	89	77	9	52	34	41	27	50	95	34	10	58	55	98	75	2	6	72	14	45	2	67	15	30	80	97	24	6	74	76	13	50	54	49	72	94	97	82	12	74	50	60	82	58	17	24	16	6	92	98	11	46	4	38	5	39	74	94	47	54	11	9	87	74	20	15	61	14	21	5	38	50	23	63	58	22	72	20	70	25	65	84	96	48	96	38	69	36	13	95	59	15	70	11	11	29	89	36	37	9	89	24	23	6	93	4	24	59	30	3	21	8	89	51	56	63	91	20	36	72	86	29	88	37	56	23	100	19	78	12	19	99	49	48	33	21	75	14	85	42	56	29	70	28	37	79	47	46	50	95	59	51	98	18	35	46	6	80	75	33	29	4	45	54	65	93	42	60	28	80	42	72	62	14	56	89	38	62	83	58	22	44	23	17	71	1	75	58	88	88	10	24	75	21	64	95	85	5	54	34	91	87	95	70	49	63	63	12	79	29	3	39	75	65	74	98	88	49	55	87	94	87	90	55	11	18	6	16	74	49	77	67	62	77	58	77	14	70	56	50	17	62	47	94	72	8	84	68	29	85	31	39	87	11	70	35	3	33	24	43	84	34	32	80	30	69	80	64	6	87	90	66	28	66	53	82	10	74	7	3	65	84	82	63	64	13	59	24	94	52	67	3	57	44	40	28	78	19	90	31	88	60	6	73	59	23	42	29	90	6	72	63	42	72	54	91	18	11	16	86	54	84	75	17	35	51	50	37	14	53	88	25	17	6	3	29	2	42	77	63	91	70	29	40	27	79	67	19	59	98	18	98	7	71	5	95	33	96	42	94	15	85	38	82	32	43	1	32	96	28	70	33	39	78	87	17	62	21	27	88	64	65	37	76	97	73	80	8	81	40	23	37	41	87	5	91	84	11	91	20	20	86	37	18	91	54	12	43	21	37	29	46	31	9	73	6	26	91	27	22	35	59	50	39	90	57	25	77	30	32	28	35	73	18	41	10	5	6	89	50	49	87	11	92	45	52	25	89	39	91	57	72	7	78	67	96	45	10	58	84	16	93	57	41	66	73	23	32	22	13	35	55	24	57	86	46	68	33	50	43	27	10	73	48	41	33	44	30	50	30	68	16	48	34	68	51	31	17	32	46	61	69	29	76	71	39	7	96	92	75	62	67	6	56	26	74	95	76	28	97	33	88	55	23	4	82	75	40	53	31	95	17	34	62	32	9	98	9	94	84	28
