pij																																																																																																																																																																																																																																																																																																																																																																																																																																																																																																																																																																																																																																																																																																																																																																																																																															
31	32	28	34	33	34	25	34	31	33	30	31	26	29	25	34	32	31	33	33	27	29	32	29	32	30	32	26	33	28	29	30	30	30	30	29	29	29	30	24	25	30	29	30	27	26	25	30	31	27	28	24	27	27	29	26	31	31	29	27	27	29	33	32	30	33	33	33	31	32	32	31	26	26	27	25	34	32	30	26	31	29	26	27	26	26	30	26	28	29	32	33	29	31	33	25	31	29	31	25	27	30	31	33	25	30	26	33	27	24	29	27	24	26	27	33	27	26	33	33	32	33	26	31	27	28	29	26	29	34	29	32	28	30	34	24	33	24	31	31	27	31	29	32	25	31	32	28	29	29	33	29	31	24	28	28	33	34	29	25	25	29	32	26	26	33	29	30	27	30	28	31	27	29	34	26	34	26	25	31	25	28	27	33	32	26	29	26	33	25	30	31	29	30	25	33	31	27	32	24	25	28	28	28	32	30	32	33	29	28	29	31	31	28	26	31	28	24	28	28	31	26	31	28	25	28	25	26	30	26	33	27	33	30	33	25	28	33	24	33	29	29	28	28	33	34	31	30	30	27	29	26	29	32	26	26	29	25	31	29	28	30	26	34	32	30	34	25	28	24	32	29	26	31	31	28	24	28	25	31	33	29	25	29	24	32	29	26	30	25	30	33	25	26	33	29	30	29	34	34	29	33	28	30	33	26	26	32	28	24	29	28	30	29	31	25	31	27	30	34	33	26	28	31	25	32	32	31	28	25	26	31	25	26	27	34	33	31	27	28	28	30	26	32	30	34	32	29	26	31	28	30	31	32	30	31	25	33	29	32	28	25	26	27	26	34	27	28	25	29	31	24	33	31	26	28	24	27	31	32	26	33	24	33	30	25	26	27	27	33	31	25	33	29	26	30	30	30	24	32	27	26	28	31	24	30	30	32	24	25	31	30	26	24	26	29	27	33	32	25	28	27	26	26	27	30	32	32	24	31	34	25	26	25	31	32	34	30	25	29	32	31	32	26	25	28	32	32	25	28	29	25	27	31	25	30	34	32	33	29	30	26	29	26	34	32	26	29	27	27	24	31	32	27	33	25	26	31	32	24	31	24	28	33	33	24	25	28	25	28	26	29	24	28	25	34	30	30	29	33	28	31	32	29	34	32	31	24	29	33	29	26	28	32	30	27	29	26	31	26	27	26	27	31	26	30	25	34	32	31	27	30	26	28	26	34	30	33	26	30	26	32	31	30	29	26	29	25	25	29	28	29	32	25	33	31	34	29	32	28	27	32	26	28	25	25	26	30	27	28	30	26	25	32	33	30	29	32	25	31	30	30	29	32	32	30	32	28	32	31	25	32	29	25	25	30	31	26	26	28	33	30	25	27	25	26	27	26	33	34	32	25	28	26	26	24	29	32	25	27	27	29	25	27	30	31	32	31	27	29	32	34	33	26	28	27	32	26	25	32	26	32	28	32	30	30	25	24	26	31	28	33	26	33	29	34	28	24	28	29	26	27	27	27	27	34	28	25	34	29	28	25	30	29	26	27	30	31	33	24	27	28	33	31	25	25	27	26	25	33	34	33	24	29	26	32	30	29	32	28	32	31	30	25	31	27	34	29	31	34	25	26	32	26	29	29	30	32	31	33	30	33	32	33	30	32	32	30	28	32	27	31	32	26	28	33	29	26	34	30	30	28	31	26	33	33	33	32	27	25	33	29	30	30	24	26	26	28	24	32	34	27	27	33	31	30	30	28	24	27	25	33	31	25	31	30	33	27	29	33	27	29	32	29	25	31	24	33	24	27	26	30	31	26	27	27	31	33	34	34
91	85	91	86	92	93	86	89	85	93	88	91	91	87	93	91	86	84	88	92	88	86	90	91	88	91	91	89	91	92	90	84	86	89	91	87	85	85	88	94	93	93	91	89	93	86	92	88	93	94	87	87	94	89	91	93	91	90	87	85	88	91	94	88	88	92	84	88	92	87	89	86	87	93	86	86	88	91	85	89	92	93	90	89	92	93	85	92	92	90	88	93	87	84	92	90	86	93	88	84	88	90	93	91	88	85	94	91	85	90	91	85	90	91	93	93	87	86	94	85	91	85	89	88	91	91	88	94	88	86	87	91	87	94	88	87	92	87	91	91	85	94	92	88	87	91	92	85	90	90	89	85	89	91	94	84	93	85	89	91	88	86	94	88	91	90	85	88	85	86	87	84	88	84	93	90	93	88	90	93	93	91	85	94	84	86	91	92	89	93	87	87	90	88	94	91	88	91	85	90	89	91	85	86	91	87	90	94	93	93	94	91	86	86	85	91	91	88	92	88	89	89	88	86	91	85	87	92	94	87	86	89	86	86	89	87	91	90	85	90	86	88	91	89	84	94	85	93	86	87	86	90	85	93	84	88	87	90	87	93	91	92	85	94	90	90	87	84	93	85	90	86	93	84	85	91	90	93	89	88	85	92	93	90	91	88	86	88	94	88	90	88	93	93	86	85	89	94	92	89	88	92	87	87	87	92	91	92	91	88	88	89	89	84	87	93	93	85	84	90	90	90	91	88	85	89	92	85	85	89	89	88	88	84	87	85	84	84	92	89	90	84	85	87	90	86	87	89	88	93	90	90	91	87	87	90	86	91	87	85	91	85	86	84	85	92	85	88	90	90	84	88	89	85	89	89	93	87	94	91	85	89	86	91	91	87	88	86	90	93	89	93	89	85	86	92	84	88	86	94	87	85	93	93	94	86	89	86	89	88	87	89	92	87	94	87	86	88	86	84	84	85	93	86	93	92	88	89	85	88	89	89	92	91	87	84	88	85	93	94	91	92	87	94	91	88	90	92	86	93	87	90	87	89	89	86	87	91	93	91	92	85	84	86	91	88	93	88	93	91	88	94	85	87	88	86	92	87	89	93	90	84	85	89	85	87	86	93	87	87	91	90	91	86	94	93	89	91	93	93	90	94	90	91	89	86	90	86	89	92	88	92	93	85	93	87	88	89	86	93	85	91	89	92	86	93	91	86	90	87	91	90	92	84	93	92	88	89	91	88	88	91	84	87	86	84	90	85	86	84	88	85	84	91	92	92	84	86	84	89	93	87	92	91	90	88	93	86	88	87	88	85	90	90	94	86	90	92	87	93	88	91	92	87	85	84	85	92	87	86	89	91	90	90	90	85	86	85	90	91	86	87	90	84	92	92	84	87	85	88	88	89	84	89	92	93	92	85	91	94	87	86	90	86	92	91	91	85	85	88	90	89	93	86	94	86	89	89	90	90	91	89	94	91	85	93	86	93	90	86	85	91	87	90	93	94	89	85	91	94	86	85	93	84	92	87	89	92	93	85	85	86	86	91	92	85	91	90	91	88	92	93	94	94	91	86	90	91	90	89	87	90	89	92	91	85	91	87	91	88	87	87	91	91	91	91	90	85	87	91	89	94	90	94	89	89	93	88	89	85	94	89	85	94	86	87	88	93	87	92	93	92	93	93	91	92	89	84	88	89	91	87	92	89	90	90	90	88	85	86	88	93	90	86	91	91	85	87	92	94	85	91	94	88	94	89	86	94	89	85	84	86	91	88	85	91	89	86	92	89	84	91	93	92	91	92	89	89	90	86	92	87	90	89	86	91	86	85	90	88
58	58	59	59	65	64	58	58	62	64	60	60	64	60	62	64	62	62	65	63	59	59	65	66	58	64	66	59	66	66	62	65	57	65	57	58	60	59	59	61	66	62	60	63	64	63	64	64	61	60	64	63	60	62	64	63	65	58	64	57	61	67	64	58	65	61	62	67	63	67	61	59	65	66	60	59	67	62	63	58	58	66	63	67	65	63	58	61	59	62	57	63	57	64	62	63	63	66	67	62	58	65	59	59	58	66	64	60	64	66	62	67	58	67	64	61	67	59	58	62	66	62	60	67	65	63	62	64	67	66	58	62	58	58	64	65	66	61	57	63	66	63	58	65	63	63	63	62	64	62	60	59	63	62	61	60	66	64	63	59	64	64	58	64	58	62	60	60	58	61	59	65	62	65	59	58	63	61	67	66	66	57	61	64	61	60	66	67	64	60	59	59	63	60	61	63	58	61	58	59	58	58	60	62	63	63	61	60	60	60	65	57	61	63	64	60	63	67	62	65	64	62	60	64	62	61	62	58	58	58	63	58	63	67	61	66	64	61	63	57	61	60	63	65	58	63	58	59	58	66	58	67	63	57	62	64	64	58	59	66	66	60	62	66	61	59	63	59	63	59	64	59	62	66	61	57	59	58	64	67	67	61	61	62	63	59	57	65	59	63	64	65	62	58	66	59	65	59	65	64	61	61	57	67	62	66	60	67	65	59	57	57	58	60	60	64	58	65	64	58	60	65	61	60	63	62	66	58	66	61	65	64	63	59	60	67	60	58	65	67	60	67	61	60	57	62	58	65	64	63	62	61	58	63	64	64	60	57	58	59	63	59	59	58	61	60	64	63	61	60	60	60	67	62	63	65	66	60	66	63	59	64	59	58	64	64	58	66	65	58	61	58	59	60	63	61	58	65	60	64	65	62	65	65	58	58	59	60	66	59	62	65	60	59	66	63	59	60	63	61	60	57	62	65	61	60	60	57	63	67	61	63	60	58	63	64	58	65	63	61	63	61	66	61	57	60	62	64	59	60	67	58	63	63	61	62	64	66	65	60	65	63	64	65	63	66	58	62	66	67	60	59	59	59	62	66	65	65	65	64	66	59	59	58	61	60	65	62	65	62	59	63	60	58	57	63	60	57	65	63	63	57	63	63	61	57	66	60	59	57	58	57	58	67	59	67	66	60	58	60	58	58	66	58	62	67	65	60	67	63	58	64	66	64	60	64	66	63	63	65	64	66	62	63	60	57	63	60	65	59	67	62	66	58	63	61	60	58	61	62	59	58	58	64	59	63	60	64	62	65	66	62	64	58	61	61	59	67	62	61	60	57	62	62	64	64	61	57	61	64	58	63	60	60	62	62	62	60	67	59	57	61	64	62	64	57	63	63	58	64	58	66	65	60	65	61	59	59	66	58	58	66	63	66	63	61	67	65	67	65	59	61	63	66	62	57	62	65	58	58	64	60	61	64	65	61	58	62	63	64	61	58	66	62	62	58	66	66	62	62	65	65	64	61	60	59	59	62	64	62	58	60	65	61	66	62	62	58	63	63	60	67	61	62	61	64	60	59	64	62	60	57	60	60	64	63	63	63	59	66	65	60	67	64	67	63	60	66	62	62	62	62	65	65	64	60	58	60	63	57	59	60	58	64	63	62	60	58	66	65	62	67	63	57	63	60	59	65	58	59	59	63	57	64	64	62	65	63	59	61	64	61	64	57	58	60	63	62	60	61	63	66	66	61	62	61	65	63	57	62	58	59	57	60	67	62	60	67	66	59	66	59	65	66	59	62	60	60	58	67	61	66	65	63	59	58	67	62	64	58
85	84	85	83	78	80	79	80	77	80	84	80	82	79	83	84	86	85	77	77	84	80	82	78	78	84	78	79	86	78	86	80	81	85	79	80	81	80	80	83	85	81	81	78	85	85	78	78	83	84	86	79	83	85	81	76	79	81	82	81	81	79	78	77	83	83	81	77	77	84	80	83	80	81	81	84	79	77	81	85	80	82	84	86	78	86	79	84	82	76	77	81	82	82	80	77	78	78	77	79	85	84	81	78	78	83	81	76	82	77	82	84	77	80	78	80	80	78	78	78	78	84	81	78	77	77	82	76	77	76	81	79	77	85	77	84	85	82	78	79	78	83	76	85	76	82	84	85	84	85	82	79	77	79	77	86	80	85	80	84	82	78	85	83	83	83	85	83	77	78	82	79	84	81	77	85	86	79	80	84	79	84	82	78	77	80	76	83	85	77	78	86	84	81	85	80	85	86	84	76	85	84	82	86	82	80	84	86	80	79	83	78	77	84	78	77	84	85	77	82	76	77	82	86	86	82	78	80	79	78	84	80	81	84	83	85	80	76	79	81	81	80	84	79	83	83	76	85	78	85	80	80	85	82	85	84	77	82	85	77	83	81	84	80	80	83	79	80	84	83	78	83	78	78	78	78	79	80	84	83	76	76	83	82	78	81	78	80	80	82	82	86	77	81	83	82	76	82	77	85	78	80	83	85	78	80	76	84	81	77	84	85	83	77	85	83	78	80	84	82	77	80	85	86	80	78	82	76	79	78	81	77	83	78	85	84	83	82	79	77	85	79	77	86	82	84	82	78	81	80	81	83	81	84	81	85	83	80	83	78	78	83	81	76	80	81	81	83	77	78	81	81	86	86	83	76	80	85	79	77	80	84	82	76	86	78	84	85	76	85	80	85	82	82	82	85	80	85	79	80	82	80	84	84	84	85	79	82	78	81	81	84	83	78	78	83	78	80	81	79	86	84	83	86	80	82	81	82	83	77	80	85	85	82	84	85	81	79	80	77	84	85	83	86	84	77	83	84	81	77	83	84	83	85	81	82	85	85	79	83	76	81	85	79	86	79	80	85	84	80	81	81	78	86	78	86	80	77	84	79	82	79	79	79	81	81	83	86	78	80	76	83	78	84	76	80	81	85	82	83	79	84	85	77	78	80	76	81	79	85	81	84	80	80	82	76	85	77	82	77	85	82	80	78	78	78	86	79	81	80	83	80	78	82	85	77	85	81	79	85	83	84	78	84	81	81	83	77	84	77	79	77	79	78	84	82	83	82	76	79	83	81	82	86	84	83	81	81	83	80	86	78	78	78	78	79	85	79	76	79	85	77	79	82	84	77	76	84	78	79	81	80	80	83	84	84	80	81	77	84	84	78	79	82	85	85	81	76	83	80	83	76	84	82	80	80	77	78	78	78	80	77	79	85	82	81	84	79	83	86	84	86	82	85	81	78	85	77	78	81	79	76	79	77	76	84	79	81	77	78	83	82	77	84	81	83	85	85	82	79	77	83	80	77	81	77	81	82	77	80	80	78	84	83	78	79	79	79	83	78	79	78	84	79	77	76	77	82	80	79	82	86	77	77	85	83	77	84	82	81	78	83	85	78	76	85	84	76	82	77	81	83	85	76	79	85	80	83	80	79	78	80	85	82	83	79	85	85	79	82	80	84	85	76	78	79	85	84	77	76	84	77	83	82	77	76	85	84	85	86	78	84	80	81	77	82	82	80	80	80	78	83	79	84	82	78	83	85	85	77	78	83	86	83	80	79	80	80	84	84	84	78	79	79	79	81	83	80	84	80	77	79	81	78	80	78	84	82	79	79
24	25	26	24	29	24	21	26	27	28	25	25	29	21	23	21	21	23	23	27	26	25	21	29	29	24	28	24	26	29	22	29	29	29	27	20	26	28	24	24	25	24	22	25	23	29	26	24	30	24	23	25	27	28	24	28	25	27	20	27	27	21	22	27	21	30	30	27	27	24	24	24	21	25	23	21	30	27	25	21	20	21	29	26	26	30	29	25	28	28	29	25	26	22	24	23	23	26	26	28	30	30	26	25	26	23	26	29	25	22	22	26	23	23	28	29	25	29	21	28	26	29	21	24	25	29	23	23	27	26	30	21	23	23	27	20	26	20	27	27	22	21	30	22	28	20	22	21	27	21	26	29	22	28	26	29	22	24	25	21	24	26	26	26	27	26	22	20	26	20	24	23	22	21	29	20	23	28	23	28	28	24	24	23	25	27	25	24	29	27	25	30	26	28	26	24	23	26	20	25	28	30	26	29	27	23	29	29	30	21	27	30	22	28	21	20	27	28	21	22	26	27	29	28	29	24	29	27	23	27	20	26	23	27	25	28	21	20	25	21	28	27	29	20	25	22	23	25	28	24	23	23	23	27	25	27	30	25	29	24	26	27	29	25	27	27	24	23	26	27	29	21	27	28	29	25	28	28	28	25	23	26	29	25	29	29	29	22	28	26	22	29	28	24	28	25	29	23	24	25	25	23	28	25	25	29	27	30	22	26	23	28	29	25	22	22	24	28	24	27	23	20	26	23	22	28	29	29	22	25	21	21	21	22	22	24	29	28	27	27	29	28	29	26	25	22	23	28	24	28	26	21	25	25	26	29	23	20	29	26	23	23	21	29	29	20	27	21	24	29	24	25	29	23	25	29	28	23	28	29	24	22	21	26	25	21	29	21	20	21	25	27	22	29	28	21	28	26	25	24	28	25	28	21	25	27	29	25	23	22	21	26	27	26	22	29	20	21	25	27	26	21	26	28	22	22	25	23	28	23	29	28	28	29	29	29	25	30	25	21	29	30	22	28	29	26	29	29	27	29	25	26	25	27	27	25	24	24	24	26	30	29	24	23	22	24	29	27	23	27	26	28	29	23	24	24	27	25	26	20	28	23	26	26	25	21	26	22	21	26	24	22	24	24	30	21	28	26	29	30	24	29	29	29	20	26	26	27	26	29	24	28	23	23	22	20	23	27	27	25	21	25	23	27	27	23	26	22	22	26	20	28	22	21	26	22	22	28	20	28	22	23	27	23	28	28	21	27	27	24	27	21	22	25	28	22	23	22	27	22	21	29	22	22	25	25	26	20	25	22	24	21	21	28	29	27	26	28	30	23	27	26	25	27	27	27	29	26	26	20	28	28	22	20	23	24	28	29	26	24	30	26	27	24	24	21	27	21	29	22	26	24	22	24	26	29	22	26	28	20	21	29	29	30	28	25	26	27	22	26	29	21	20	23	28	25	24	22	22	20	27	25	23	25	24	21	22	27	26	22	29	26	28	29	23	21	22	20	22	25	22	29	22	23	27	20	22	23	29	25	30	20	23	27	30	21	21	28	27	28	21	28	30	20	29	28	24	27	24	29	21	29	21	28	23	25	22	26	25	21	24	21	29	27	26	22	23	24	29	21	28	25	22	21	20	28	22	22	28	21	28	28	30	30	27	26	23	26	28	29	25	26	28	28	20	27	24	22	28	21	25	22	26	24	30	27	28	29	22	27	29	21	30	27	28	29	22	27	24	26	25	27	22	26	21	28	23	21	21	29	24	24	29	23	21	25	27	28	24	22	22	24	26	22	24	26	25	28	28	25	29	24	29	21	22	21	29	28	23	23
10	15	15	14	8	10	14	10	13	11	13	12	8	16	16	16	12	12	13	17	16	11	10	12	16	16	11	12	12	9	14	16	11	7	14	14	7	13	15	11	10	9	15	7	14	10	11	9	10	7	14	13	16	12	15	14	13	13	12	7	16	16	11	12	10	14	12	10	14	11	9	15	13	11	15	9	16	15	9	16	15	9	8	14	9	10	14	9	14	16	15	13	8	12	7	11	14	9	13	14	8	16	8	14	10	8	16	8	15	9	13	9	7	11	12	17	9	13	16	15	10	17	16	11	12	7	14	9	17	14	9	14	16	13	12	11	11	11	8	10	13	11	15	13	14	7	10	12	9	13	15	12	8	7	12	7	7	12	9	8	12	14	16	14	11	16	17	12	15	10	14	15	16	13	17	14	11	13	9	10	15	16	16	16	17	9	10	12	14	8	17	16	8	16	15	12	14	8	8	9	13	13	9	13	10	9	15	11	15	11	17	9	7	8	14	13	12	11	15	15	10	11	15	15	14	9	12	8	10	15	9	15	14	11	17	15	17	14	13	13	14	13	8	16	9	12	16	14	8	14	14	13	13	16	12	15	8	14	11	7	15	11	13	11	12	15	17	11	9	11	11	8	11	13	11	11	8	11	8	16	9	13	13	17	9	16	12	7	15	16	15	14	13	11	15	16	12	8	8	10	13	13	8	13	7	8	16	14	17	8	7	8	9	12	13	9	10	14	11	15	15	13	11	8	11	11	11	8	12	14	10	15	17	12	11	15	12	11	12	14	16	12	11	10	14	16	12	11	7	14	17	15	13	12	15	7	8	16	13	8	7	14	9	8	14	15	11	17	15	8	13	10	10	12	17	13	9	13	8	16	11	10	8	8	7	14	7	17	12	8	15	12	11	7	17	14	13	16	8	13	13	11	13	10	15	13	16	17	12	16	17	17	10	13	8	17	10	14	14	16	11	10	11	14	11	13	9	11	16	13	11	11	10	16	16	12	16	8	12	8	9	10	13	8	10	7	14	8	7	16	15	9	16	12	15	12	13	11	9	14	8	9	12	14	7	7	11	15	11	11	14	10	14	11	11	12	17	11	9	11	8	11	10	17	12	8	10	8	16	17	14	16	15	16	9	13	17	8	13	9	11	11	10	11	10	12	17	12	8	13	10	8	9	14	14	13	17	13	14	15	14	8	12	15	16	9	14	7	9	7	7	7	9	16	11	8	8	13	11	17	15	13	11	15	16	7	12	12	10	15	7	16	9	13	10	13	11	12	9	9	10	11	15	7	9	11	14	10	16	13	10	12	16	9	10	10	13	9	16	15	10	12	13	15	12	15	7	12	8	15	9	13	12	12	16	14	15	14	8	8	15	9	15	11	8	14	10	16	10	11	10	9	10	9	12	12	16	12	13	15	8	16	8	10	16	11	9	15	14	9	8	15	12	12	9	9	11	9	11	8	7	9	9	12	15	16	15	9	16	13	7	13	7	17	16	9	17	13	17	15	13	16	17	11	15	16	9	15	11	13	13	11	10	12	13	8	12	8	11	12	12	10	8	7	8	10	16	7	16	11	11	9	9	16	10	9	9	9	8	12	15	14	14	7	15	9	9	16	7	13	11	16	9	15	13	9	8	15	7	8	15	9	7	11	7	11	11	12	16	13	16	11	14	15	12	7	14	10	11	14	8	16	16	7	14	7	10	14	16	14	9	16	16	9	15	14	14	16	17	16	13	13	8	15	15	13	13	14	13	7	14	9	10	16	13	16	7	14	17	12	9	14	11	11	15	8	12	13	9	14	11	16	16	14	9	14	17	16	14	10
27	26	30	34	28	29	34	28	30	28	28	26	32	31	33	30	30	28	28	31	32	26	35	35	26	27	31	33	26	34	33	27	32	25	25	29	31	26	33	28	27	26	30	29	26	31	34	28	25	34	35	25	26	26	33	25	34	34	33	32	26	32	28	32	29	30	29	27	27	25	31	25	29	29	27	25	31	28	32	29	35	26	31	34	29	35	34	33	31	26	31	28	34	33	33	27	26	28	31	28	26	32	32	28	27	34	27	28	33	27	31	32	34	34	32	34	27	35	33	27	27	26	31	31	34	35	35	29	26	29	34	34	29	27	33	25	33	32	31	26	32	29	34	35	30	30	35	31	32	27	27	33	31	27	26	30	35	31	31	33	29	31	33	34	27	31	27	34	30	28	27	28	30	28	25	27	29	28	32	34	25	33	29	31	27	30	28	27	35	32	32	26	33	33	29	35	26	33	33	26	32	28	32	28	27	28	26	28	28	32	27	34	27	28	30	30	34	28	32	29	34	33	26	30	29	25	26	32	27	26	30	31	32	34	35	33	26	27	27	26	26	30	33	32	34	27	34	32	25	34	30	33	29	25	27	29	25	33	31	25	30	26	32	35	26	34	31	26	27	33	30	27	31	30	31	27	32	28	29	26	32	26	26	31	35	30	27	29	30	33	29	31	27	33	28	29	35	30	28	26	31	27	31	33	32	29	28	27	26	29	30	31	27	30	27	29	28	32	33	26	28	26	32	34	34	28	26	25	30	28	29	33	26	25	29	30	33	27	32	26	29	25	30	29	28	34	33	32	29	27	25	32	28	35	27	31	31	35	32	28	26	31	28	34	29	32	27	34	27	31	27	31	27	34	32	25	35	33	34	30	32	32	29	29	32	31	26	32	34	35	29	26	33	34	32	34	30	34	28	27	28	32	31	33	32	33	30	26	35	35	31	27	29	33	28	32	33	34	33	29	30	33	34	26	27	31	33	30	28	29	33	28	25	34	33	27	27	32	30	31	34	32	33	27	30	25	27	30	25	29	34	31	32	34	29	28	32	29	33	34	29	27	35	29	32	35	28	31	34	32	34	33	30	32	26	33	32	31	31	28	29	30	28	25	26	32	32	30	26	27	34	30	30	32	32	28	34	28	33	32	30	34	27	31	28	31	27	33	32	34	34	32	32	31	30	30	31	29	35	27	30	32	32	29	27	27	28	31	28	26	32	34	26	25	26	33	32	27	26	33	34	33	26	26	34	32	28	31	31	32	26	26	26	25	32	27	26	32	31	29	33	25	26	26	31	26	30	30	29	35	27	35	27	35	32	31	27	34	25	26	27	28	28	26	31	28	28	29	26	29	32	26	30	32	35	33	33	30	31	33	34	27	26	31	30	30	34	30	34	28	33	29	35	28	34	27	27	27	33	28	29	29	35	28	34	33	32	33	25	26	26	32	30	35	29	28	34	26	33	28	35	26	34	30	26	34	26	27	26	27	32	32	28	34	34	33	32	26	34	32	31	31	32	28	34	33	26	31	33	28	33	30	27	27	32	31	32	27	27	29	35	34	30	30	26	27	31	27	29	29	26	33	31	31	31	31	27	29	32	31	31	28	34	32	32	34	29	33	33	26	28	31	30	30	34	27	33	29	28	26	27	29	27	25	26	33	30	34	29	32	31	34	29	25	29	28	31	30	26	29	34	34	28	31	26	32	29	33	29	26	30	34	33	34	32	32	29	31	33	27	34	28	29	31	34	26	33	33	30	33	33	27	29	34	28	32	31	25	27	34	31	32	32	31	26	30	33	30	30	28	33	30	33	29	30	34	31	27	31	26
25	23	30	28	29	25	32	25	31	26	31	31	26	30	27	24	25	30	27	25	30	31	32	25	25	28	26	26	31	32	23	28	29	33	32	27	30	30	32	28	33	24	29	29	29	26	31	31	31	28	26	27	27	32	27	27	24	29	26	33	24	30	29	24	26	24	30	32	30	31	33	30	26	27	29	30	29	30	27	23	25	31	25	27	31	27	24	31	32	26	31	30	27	33	24	32	28	26	32	24	30	32	30	24	33	26	27	29	32	24	31	26	23	30	29	26	30	27	28	27	28	31	25	23	31	28	31	25	27	27	25	32	28	28	32	25	28	31	27	25	24	26	27	25	24	27	28	32	31	31	24	28	28	25	28	30	24	29	25	24	29	27	24	28	28	30	27	29	24	30	27	31	26	32	23	28	30	28	26	33	33	30	31	25	32	25	24	26	25	30	26	27	28	28	30	28	27	24	24	23	24	23	29	32	25	31	29	28	32	30	26	24	31	27	29	27	29	23	24	24	30	24	27	26	31	30	28	29	33	27	31	28	24	28	33	26	33	25	28	32	26	25	25	30	28	29	27	30	26	28	32	30	23	26	29	33	31	31	32	30	31	25	33	31	25	25	32	26	33	33	25	26	28	24	28	27	28	25	24	28	29	27	26	26	31	24	28	26	23	29	24	26	26	24	33	28	25	27	29	26	26	27	26	30	28	29	32	28	25	30	25	31	26	27	27	29	28	26	24	27	31	31	25	26	30	26	27	27	31	32	31	25	26	27	27	29	26	28	29	26	32	27	31	24	25	25	32	29	32	28	32	25	29	28	33	28	24	25	29	33	28	28	26	32	28	33	23	24	31	24	29	30	24	24	25	28	32	24	25	26	31	26	32	32	32	32	27	31	26	33	27	28	24	25	29	28	24	23	23	32	25	25	27	33	30	30	25	25	25	30	23	29	29	23	26	27	28	28	25	30	25	32	29	24	29	29	24	28	32	32	23	32	28	32	31	26	24	25	29	33	28	25	25	24	33	28	26	29	32	29	31	30	25	29	32	28	30	24	31	26	29	32	24	27	27	24	30	29	30	26	32	33	25	27	33	30	27	30	28	31	25	24	24	32	28	32	25	29	29	33	32	30	25	31	31	28	29	28	25	28	30	25	27	31	24	29	28	29	25	31	27	27	29	29	26	29	31	27	30	24	29	31	32	32	26	32	33	23	29	31	29	32	28	26	29	29	32	30	30	29	28	29	27	27	31	29	24	27	32	26	29	32	30	27	27	26	24	29	23	33	27	29	32	32	29	30	29	29	33	28	32	28	23	25	24	24	31	32	26	26	31	30	29	29	23	32	27	26	29	32	24	27	29	24	24	30	30	28	31	32	32	33	25	26	31	24	24	24	29	28	32	30	31	23	25	32	24	28	24	32	32	30	27	30	23	28	24	32	27	26	28	32	25	32	30	32	27	23	24	25	32	26	24	24	32	30	30	31	32	29	28	23	30	27	28	27	32	27	26	31	29	31	26	27	28	32	33	26	26	24	33	28	24	23	24	29	23	30	30	25	31	27	26	31	28	30	28	24	24	29	30	24	32	26	29	33	28	30	28	30	26	27	33	24	25	23	27	33	23	33	24	30	24	31	27	25	33	29	23	26	24	27	25	24	33	32	24	29	31	27	27	31	30	24	29	28	31	32	27	24	30	23	31	25	29	30	29	25	26	28	25	27	27	25	29	27	23	24	26	25	26	32	33	32	33	23	25	29	24	32	24	28	26	29	32	25	26	28	23	31	30	30	28	31	32	25	32	28	30	25	28	33	27	29	27	28	31	32	25	28
74	72	74	75	77	71	71	69	74	75	72	70	70	69	76	78	74	76	78	69	77	73	70	68	77	73	77	75	77	68	74	78	76	76	72	78	76	74	74	74	69	71	70	77	75	71	72	71	76	74	75	77	72	76	76	74	76	69	74	68	74	77	70	75	72	70	78	69	75	72	72	71	72	77	73	76	78	74	74	75	72	73	70	71	72	69	75	70	74	76	77	70	72	76	77	69	73	69	76	73	69	69	71	76	69	68	68	68	77	73	76	75	75	76	71	72	72	75	77	76	73	72	73	69	68	75	73	73	76	70	71	77	68	68	77	76	73	73	69	68	68	73	69	76	77	72	73	68	75	70	74	71	76	76	74	77	75	69	74	72	70	69	77	76	76	75	72	69	74	75	69	69	69	77	76	73	75	72	75	73	71	77	73	71	76	70	75	69	70	77	71	75	69	77	76	71	76	75	74	77	71	78	73	71	73	78	72	71	73	77	70	72	71	71	73	75	78	77	76	69	71	76	76	76	75	74	73	72	72	68	70	74	76	69	74	71	76	77	74	74	75	72	76	74	69	72	69	72	74	71	70	74	75	76	77	74	76	76	71	70	76	72	77	77	73	71	73	69	78	69	73	69	69	75	70	71	76	74	70	71	73	70	73	68	76	69	71	68	76	68	70	69	74	76	71	78	78	69	76	77	78	76	71	71	72	72	69	77	75	74	75	76	70	70	77	68	69	78	77	72	75	75	77	73	73	76	73	73	70	73	75	71	78	73	73	72	70	71	74	74	74	71	78	68	72	71	69	70	70	68	75	76	69	75	74	73	71	78	74	69	76	70	73	71	76	76	74	70	70	75	71	74	74	70	69	72	75	78	70	72	71	74	73	74	73	73	77	69	74	70	72	78	76	71	71	77	68	77	73	69	75	73	75	78	78	77	71	74	73	71	74	76	76	73	77	70	69	74	74	71	74	69	76	73	76	78	72	70	73	77	74	78	74	71	69	74	71	78	77	71	72	71	71	74	69	78	78	70	68	72	76	74	77	73	77	74	78	75	76	72	76	77	72	74	72	68	72	68	69	74	77	76	74	70	73	76	72	76	72	77	70	77	70	74	69	72	76	77	75	72	76	70	69	78	76	70	72	75	72	76	71	78	73	69	74	68	76	69	70	77	72	76	72	75	72	76	76	70	69	73	76	76	72	78	69	73	70	73	73	72	72	75	72	74	70	76	74	74	76	75	73	69	71	70	71	75	77	73	77	71	74	77	71	73	73	77	69	78	68	78	74	75	77	74	71	74	72	72	73	71	70	72	71	76	68	77	77	69	70	76	74	68	74	78	77	77	77	76	76	76	76	75	72	74	76	74	78	70	73	68	69	73	71	78	78	72	73	70	76	74	70	77	70	69	72	68	72	73	69	71	78	75	69	76	71	77	75	77	70	70	69	70	69	71	68	73	74	76	74	72	69	76	76	74	78	73	75	77	74	76	73	74	72	72	74	77	71	70	69	77	75	68	75	73	76	70	73	73	71	74	71	68	72	76	72	76	70	77	73	76	69	77	71	69	71	75	72	75	69	75	69	77	72	69	75	68	70	74	69	76	76	74	69	74	75	69	72	74	74	71	69	76	69	73	76	72	70	76	69	74	69	71	76	70	77	73	73	77	77	77	75	76	71	74	73	69	78	69	74	70	78	73	74	68	73	71	75	69	73	74	77	69	75	73	78	78	73	73	69	70	70	73	74	71	78	77	71	74	73	69	70	77	74	75	73	74	78	76	73	76	70	70	71	78	76	70	74	69	72	75	71	70	75	70	75	70	74	69	77	76
88	85	85	92	86	89	84	85	83	92	86	92	92	85	84	92	87	86	93	92	83	85	86	88	89	84	85	86	89	91	88	86	88	88	85	86	92	87	90	93	83	89	89	85	84	86	85	89	93	87	86	93	92	91	90	85	93	88	84	89	84	85	88	92	88	86	92	86	91	87	85	87	89	84	92	88	91	91	93	91	88	87	85	90	85	86	87	88	85	93	89	88	90	85	87	91	85	85	92	92	91	83	89	91	87	91	87	91	83	91	90	91	90	88	84	87	91	88	91	89	84	89	91	89	90	92	93	88	93	84	83	89	84	93	86	86	89	90	89	91	89	83	93	84	84	83	89	91	92	90	88	89	85	93	85	84	87	87	91	84	85	90	85	86	88	83	93	83	84	90	91	85	92	85	90	93	90	84	92	88	93	89	87	92	90	93	88	90	84	90	87	90	90	90	87	84	89	89	84	85	88	92	88	84	91	91	85	90	89	92	89	90	88	84	90	89	89	88	88	89	85	91	92	83	92	88	88	85	87	89	92	88	87	87	88	89	92	84	88	86	84	85	93	90	89	90	83	93	89	88	86	88	88	84	87	85	90	90	85	85	86	83	91	86	91	86	91	92	87	86	92	83	90	92	83	83	90	92	83	83	87	88	91	89	84	84	85	86	87	89	91	84	91	84	86	89	85	89	85	88	85	93	86	89	88	86	88	84	92	86	86	92	90	84	90	87	85	90	90	91	84	88	85	84	90	88	90	88	88	92	91	89	87	88	92	85	85	88	87	84	88	92	91	90	87	90	86	90	89	90	84	90	93	89	84	92	87	85	87	84	90	85	86	89	89	85	84	92	87	90	83	88	87	83	91	90	91	90	89	91	87	85	87	92	90	84	92	91	89	86	90	84	85	87	93	91	91	84	88	87	84	91	86	92	84	83	83	86	86	90	87	84	91	91	92	93	92	93	84	85	90	84	85	86	88	87	91	86	84	93	88	92	86	90	88	92	88	91	91	88	91	87	85	86	91	86	89	84	88	85	90	93	84	84	90	90	85	89	89	85	89	84	85	91	83	86	89	85	86	90	85	93	88	85	87	88	84	89	87	91	87	86	84	91	84	93	84	88	87	91	90	92	87	90	88	86	84	86	87	84	93	89	90	88	89	92	86	92	92	86	88	91	83	87	84	87	89	89	89	91	87	90	83	88	91	86	85	89	84	93	87	92	91	91	85	87	85	92	88	91	89	86	91	90	91	84	83	91	92	91	85	89	85	91	93	87	84	87	87	84	90	85	92	88	90	89	85	87	85	92	89	89	89	91	85	84	85	86	87	89	85	91	87	87	87	92	87	88	85	88	90	90	86	87	91	93	84	90	91	83	90	91	89	87	86	89	89	91	90	83	83	90	90	88	85	84	83	89	84	87	90	86	90	92	85	92	89	89	90	86	86	85	89	90	88	92	84	91	87	87	92	92	86	85	85	92	92	86	89	86	88	83	86	89	92	86	89	83	87	85	91	84	85	83	85	84	84	89	84	92	87	88	88	83	89	89	89	91	91	85	83	91	93	90	89	90	88	85	89	88	91	89	87	90	84	86	88	88	88	91	85	86	92	92	86	86	89	85	90	84	86	88	92	90	93	93	86	92	93	86	84	91	92	91	90	91	89	89	89	83	93	90	87	85	83	91	87	88	85	89	92	86	84	83	84	84	84	90	86	89	89	86	86	89	89	84	85	85	84	86	85	92	84	93	89	92	86	93	91	85	84	84	88	90	89	91	88	84	89	84	91	89	92	91	85	92	85	88	90	84	83	85	88	85	90	83	92	83	92	84
16	10	11	13	11	8	12	7	10	10	9	8	10	8	9	6	10	15	15	13	7	15	9	11	11	12	10	16	11	10	12	13	11	15	9	14	13	9	14	9	13	15	12	13	12	11	12	8	7	6	15	13	9	12	15	16	9	9	6	7	9	7	15	14	12	13	7	11	15	12	10	13	14	15	6	15	9	10	14	7	9	14	11	16	13	15	8	8	13	12	10	8	14	13	13	11	13	11	6	9	14	8	11	10	13	14	11	13	15	9	12	7	11	9	11	15	10	16	16	11	15	15	12	9	12	10	7	15	6	10	9	15	15	13	10	9	13	12	7	7	13	10	11	15	7	15	13	10	15	11	11	9	9	11	10	11	15	13	15	7	14	11	11	15	13	7	10	8	8	8	13	14	13	7	8	15	8	14	14	13	11	10	11	9	12	13	15	16	10	11	9	8	8	13	10	14	15	11	12	10	9	6	12	10	10	14	10	13	9	14	11	9	11	14	10	12	8	8	9	7	12	16	8	10	16	11	14	8	12	15	12	8	15	8	12	15	8	12	12	12	10	14	8	10	11	7	9	8	10	14	8	9	10	11	13	10	12	13	14	10	13	14	14	12	12	12	13	6	14	15	13	10	7	15	8	14	10	7	13	15	6	14	8	6	9	7	15	11	13	11	12	13	6	14	11	16	12	15	12	13	13	7	7	15	12	8	13	12	6	16	14	11	9	14	7	11	9	13	14	9	6	13	7	16	9	10	10	11	9	8	9	13	13	7	10	10	9	12	10	14	7	12	16	10	8	10	12	8	13	14	12	7	13	14	10	10	11	11	14	11	7	15	13	7	13	7	12	10	12	6	7	12	11	9	10	11	12	15	9	9	14	15	8	13	15	8	14	13	14	10	8	15	12	12	14	12	9	13	6	16	11	6	10	6	9	6	8	8	10	6	10	14	14	9	6	16	15	10	11	8	15	10	8	7	12	16	13	14	10	12	6	11	10	14	13	7	15	8	13	13	15	8	11	15	9	9	7	7	10	12	13	8	8	8	9	16	15	11	16	10	12	12	9	12	6	10	15	7	9	13	13	14	13	8	8	12	10	10	8	16	7	8	13	8	11	14	8	7	13	13	16	14	14	13	16	11	10	8	14	7	11	9	15	13	9	7	15	14	11	11	9	13	12	6	7	12	13	16	9	14	12	15	11	8	13	7	7	12	15	12	15	13	14	9	7	8	8	12	7	13	8	7	15	14	16	13	6	7	9	12	10	9	7	9	15	15	10	6	13	14	13	9	16	8	10	8	10	12	11	11	8	12	7	8	14	7	10	11	8	9	10	13	11	9	13	10	15	12	7	11	10	10	12	13	7	9	6	6	16	12	6	12	10	14	8	13	12	10	16	7	13	10	12	16	9	14	7	7	14	14	7	8	10	8	15	7	10	15	15	9	9	15	7	12	12	10	14	11	14	11	12	10	14	9	12	16	13	8	13	7	12	11	12	14	14	15	12	6	9	9	10	8	9	13	11	10	7	10	12	13	14	10	16	12	10	13	8	7	9	11	15	8	9	14	12	12	9	16	7	10	8	10	9	9	6	10	8	11	10	6	16	8	11	10	16	15	15	8	7	9	12	11	9	12	13	7	13	10	11	15	10	13	8	7	7	13	10	13	14	15	14	11	12	16	8	11	9	15	6	13	12	7	10	12	14	13	13	15	15	10	14	12	6	14	13	11	14	8	13	7	10	10	9	10	7	9	16	11	15	12	13	13	8	7	12	7	14	13	8	11	7	13	14	8	13	8	11	6	9	8	12	13	9	8	10	9	16	10	13	14
84	88	83	80	80	86	83	86	86	87	89	86	86	83	89	81	84	90	81	89	89	89	87	87	82	87	89	87	80	84	83	90	86	88	84	86	85	89	80	83	82	83	87	88	90	89	82	85	85	87	81	83	88	88	88	80	86	86	89	85	89	82	81	80	90	89	82	87	86	83	81	87	88	83	87	82	83	86	89	84	89	83	83	84	86	83	86	87	86	87	88	86	89	89	89	85	84	82	87	85	83	84	84	82	81	87	83	86	90	83	81	87	81	83	85	88	88	81	82	83	85	84	85	88	88	86	82	84	87	88	81	88	86	84	84	89	83	83	85	89	85	83	87	86	85	82	84	83	87	87	83	80	81	88	81	89	87	85	86	87	84	89	81	83	88	88	88	86	85	83	89	83	81	80	87	86	81	80	86	88	87	82	82	87	88	83	84	80	87	89	83	88	84	80	88	81	82	82	85	86	87	85	89	82	86	87	86	88	90	81	81	83	83	82	89	82	89	81	85	85	88	84	82	84	82	82	80	83	89	82	86	81	83	84	83	85	89	85	80	86	84	88	89	82	83	81	89	81	81	80	84	80	84	81	89	84	86	80	85	84	90	89	83	82	87	86	82	81	87	81	85	83	86	85	82	88	90	84	81	88	80	89	81	89	88	82	89	86	80	89	86	82	84	87	88	87	81	86	86	83	81	88	85	86	89	83	82	89	81	80	80	82	87	90	85	89	81	89	80	89	85	81	85	81	88	88	86	85	89	86	86	87	85	85	83	89	89	83	87	85	82	87	86	88	84	82	90	86	84	83	85	81	82	88	89	87	83	85	85	81	83	83	81	86	84	86	84	81	88	81	81	81	86	87	86	84	88	86	80	89	90	87	87	80	89	84	84	86	88	80	87	89	83	89	80	82	80	80	89	80	88	88	85	89	82	85	86	81	87	83	80	84	83	84	82	90	86	81	84	88	87	87	87	90	85	81	88	87	81	90	85	84	86	81	88	89	83	87	88	84	87	83	87	82	84	84	82	86	90	84	81	85	84	82	88	82	81	83	85	85	85	88	80	87	86	86	85	83	81	85	84	88	89	82	83	84	81	82	80	82	89	81	82	83	86	83	82	88	90	89	84	86	81	89	86	87	81	82	88	88	82	83	89	82	87	82	89	85	81	90	83	84	84	89	87	81	80	85	85	87	85	84	84	85	85	81	90	86	88	87	83	88	87	84	86	81	88	87	87	81	89	81	86	80	89	90	88	87	87	81	82	83	86	82	81	87	81	83	81	84	83	83	81	89	80	86	86	81	83	85	84	89	88	86	87	88	88	84	85	81	88	89	84	89	81	81	80	89	82	86	81	89	80	86	83	82	84	81	89	83	84	81	82	88	89	83	82	83	86	81	90	85	82	80	87	84	86	84	89	81	83	89	80	82	86	82	88	85	86	83	83	81	82	86	86	89	87	87	85	86	88	82	83	84	84	85	89	87	82	85	84	81	81	85	90	80	83	82	85	84	85	90	83	85	88	87	89	86	87	88	87	87	86	87	81	86	83	85	86	84	85	84	82	83	85	87	84	89	87	81	80	84	85	85	84	85	84	81	83	82	81	80	86	83	81	80	87	80	90	85	87	85	83	89	90	85	89	88	88	86	87	81	86	83	81	81	89	83	82	81	82	84	90	89	84	87	83	88	84	81	90	86	87	88	83	82	83	89	84	90	81	87	87	81	84	82	87	88	87	81	89	82	84	80	86	85	84	86	88	87	86	82	89	83	85	87	88	87	89	80	83	86	85	81	87	86	83	85	86	82	84	82	82	85	83	86	90	87	84	90
12	18	16	17	13	18	20	21	19	19	15	13	13	14	12	16	16	17	16	20	18	17	21	14	14	18	18	12	18	20	18	14	12	14	19	18	20	20	13	22	12	21	21	14	20	19	14	20	19	14	18	17	20	19	20	20	17	15	17	17	12	17	18	12	13	18	17	16	14	18	16	13	14	16	16	20	17	21	17	19	20	16	13	22	19	13	20	13	21	17	20	14	15	20	20	22	22	16	18	13	16	15	15	21	22	14	13	16	20	14	16	15	14	18	18	20	13	20	15	20	21	14	12	21	13	19	22	17	15	15	18	18	13	19	19	16	22	19	17	20	13	20	21	12	19	15	20	13	15	18	16	19	20	13	21	13	13	15	12	16	14	15	13	21	15	14	16	14	20	17	15	15	15	22	12	15	20	19	13	22	20	20	14	20	22	16	19	21	18	13	16	15	20	13	17	14	16	20	18	16	16	21	15	20	21	13	16	15	18	13	18	18	21	15	16	13	14	18	22	14	17	12	13	17	21	16	17	16	16	20	13	13	22	14	18	15	21	17	14	20	18	18	20	15	17	17	21	13	17	18	17	18	17	22	16	15	15	21	18	22	16	20	19	13	13	13	12	21	14	20	22	15	19	20	21	21	13	21	20	15	17	15	13	20	22	20	17	16	15	12	18	15	20	21	15	18	19	19	20	13	22	21	19	16	13	19	15	20	13	18	14	14	17	12	14	17	16	15	19	16	13	20	19	13	19	15	15	16	13	21	14	18	16	21	21	21	15	16	21	17	16	21	18	12	14	15	13	15	19	15	17	12	17	18	13	20	17	19	18	18	15	17	19	14	18	20	16	21	17	20	19	18	14	17	16	22	22	18	12	18	17	16	18	15	21	16	16	18	17	12	17	20	18	15	13	19	16	22	13	16	15	15	13	18	16	20	17	17	15	17	19	15	21	18	12	20	20	12	13	20	20	13	16	15	20	20	17	21	13	14	22	15	13	19	14	16	21	19	15	21	22	14	17	15	14	20	22	21	21	15	19	15	22	13	20	22	13	13	18	13	12	22	15	17	12	22	15	13	16	19	18	17	13	18	14	17	15	20	18	19	14	21	22	13	14	15	20	15	19	17	19	20	15	19	14	15	22	20	18	15	12	18	17	14	17	15	19	16	21	21	21	14	22	16	15	18	17	17	15	17	21	19	16	16	22	17	21	17	19	15	16	15	17	18	21	18	22	20	12	16	13	17	17	15	20	13	21	15	21	17	14	17	20	17	16	15	17	16	16	20	14	22	12	21	21	14	15	22	22	19	21	14	14	13	15	20	13	14	18	20	15	18	19	13	20	19	13	17	15	13	15	14	21	13	18	18	14	21	20	20	19	18	21	22	14	16	17	16	18	18	22	14	18	14	21	21	18	20	16	17	19	14	20	20	22	13	12	15	21	15	15	18	14	13	18	15	18	21	14	21	17	16	19	18	15	17	21	17	22	16	13	18	15	18	19	20	16	15	21	22	16	19	15	19	16	14	18	16	18	21	13	15	19	19	15	19	20	17	20	18	18	16	18	19	19	18	21	19	20	20	21	19	17	13	21	20	19	19	21	14	22	12	20	18	22	19	20	15	20	20	18	13	17	13	18	18	13	14	22	21	14	15	16	19	22	14	21	17	14	15	16	20	20	20	21	19	18	12	20	13	13	17	19	17	12	12	12	22	12	16	17	16	21	17	19	16	18	18	15	12	18	21	13	16	19	14	18	15	20	20	12	12	18	14	19	19	16	16	20	18	21	21	22	17	14	18	15	13	12	18	18	20	15	16	21	15	16	17	16	15
41	38	47	38	44	47	48	38	38	46	39	47	48	46	48	39	47	41	42	45	47	40	43	44	39	40	39	43	42	43	48	48	39	46	47	44	41	39	38	43	43	47	45	43	46	44	42	38	44	43	38	43	40	45	44	41	43	46	39	45	45	45	39	42	40	42	42	40	41	44	40	45	38	42	43	43	46	38	40	38	43	47	42	46	42	40	41	46	42	41	40	39	44	41	41	48	45	47	47	39	43	42	41	41	44	41	44	44	45	40	45	45	45	43	44	40	39	38	47	42	48	44	47	48	42	43	48	40	44	40	42	42	41	46	40	43	45	43	46	40	44	42	42	48	47	43	44	42	45	45	42	43	44	40	44	43	48	42	48	42	47	43	39	47	45	46	40	47	42	47	48	45	38	40	40	42	41	43	48	45	46	39	45	43	46	40	38	40	41	38	40	44	40	38	47	41	43	44	41	45	43	39	44	43	43	46	39	41	45	40	42	42	42	46	43	42	40	46	46	43	41	45	38	48	44	47	42	38	47	40	46	46	40	41	45	40	45	47	45	45	39	40	42	46	40	44	45	46	42	47	42	47	47	39	43	48	44	45	45	46	41	41	40	46	40	43	39	39	47	44	38	45	39	44	41	43	47	47	46	40	47	46	41	45	47	44	42	48	44	45	40	48	39	41	40	42	47	47	40	40	44	45	39	46	48	47	39	39	43	42	44	41	42	38	46	43	43	42	38	47	47	40	40	41	46	43	40	38	42	46	42	45	40	47	48	38	43	41	48	46	42	47	43	46	45	41	44	48	44	44	39	46	45	47	38	43	45	43	47	39	45	42	48	46	43	39	41	44	42	45	45	41	42	46	39	46	44	48	47	45	39	46	44	47	42	48	44	42	40	39	39	45	42	48	44	42	43	43	40	40	39	41	42	47	39	41	48	46	42	43	41	40	47	44	44	41	41	42	44	44	38	46	39	41	46	39	39	46	38	43	47	46	47	46	38	47	48	39	41	43	38	43	45	42	47	43	38	40	44	46	48	38	40	45	45	48	42	40	46	47	45	47	42	40	39	41	42	40	42	44	42	39	48	42	39	39	39	38	41	39	41	47	40	44	42	40	40	46	46	43	40	48	43	45	48	44	43	44	40	43	41	47	47	44	45	46	48	39	48	38	43	41	45	44	42	43	46	38	47	40	45	41	41	43	45	46	44	38	43	43	39	45	41	43	42	38	43	39	45	45	41	43	42	39	46	40	44	48	43	45	41	45	43	48	46	46	42	47	42	43	41	45	41	39	39	39	39	41	47	48	42	44	38	44	44	39	45	42	46	38	41	45	43	40	47	41	43	43	42	41	40	44	45	44	43	42	43	45	42	44	41	47	47	42	40	48	41	41	47	39	40	45	44	43	42	42	44	41	43	40	44	46	43	43	47	42	43	46	38	40	46	46	45	39	41	40	46	45	47	41	42	40	42	41	43	43	45	43	42	40	46	41	43	46	42	48	40	45	39	42	46	41	42	47	44	47	41	40	43	46	44	40	45	47	41	48	48	45	44	44	47	45	38	44	46	47	47	43	47	46	43	44	40	48	47	45	45	41	39	43	43	42	42	40	48	39	47	42	42	43	44	47	43	42	43	47	43	47	43	47	40	42	45	44	39	48	42	42	41	41	46	44	43	41	44	39	43	40	39	47	39	43	44	40	44	41	46	48	47	39	43	45	47	48	40	47	45	46	39	43	47	42	40	46	44	43	43	41	47	40	41	40	46	39	45	39	46	44	40	47	47	44	40	46	48	44	39	46	46	40	47	43	44	47	42	39	47	40	46	43
72	79	73	76	81	77	75	72	81	77	80	79	73	78	81	79	74	75	79	74	73	73	76	75	81	74	75	78	72	79	81	82	81	80	80	79	80	76	80	78	75	72	78	78	78	80	79	78	78	72	78	79	75	77	77	79	76	72	78	78	79	74	74	74	72	78	79	77	76	73	73	78	79	78	79	77	74	80	82	77	72	78	77	76	72	76	76	77	73	79	80	78	76	77	81	80	79	75	74	74	73	74	81	72	82	77	77	77	78	80	74	77	74	72	77	74	74	73	72	77	78	82	80	75	76	79	74	77	73	76	72	72	78	78	80	73	77	73	78	77	77	75	78	75	77	75	79	79	72	73	82	74	73	79	73	78	76	73	73	79	79	73	79	82	81	80	73	82	77	77	78	78	76	77	73	80	81	81	74	74	74	73	75	82	74	72	77	76	73	81	78	82	81	76	78	80	80	73	81	74	79	73	82	72	80	75	80	78	81	77	81	76	74	75	81	78	80	75	77	76	76	76	72	74	79	78	75	75	81	78	73	81	79	78	76	80	80	75	75	80	78	78	79	77	78	77	81	80	73	75	76	81	76	76	80	79	74	74	77	81	74	78	72	77	79	79	81	78	74	79	77	76	73	75	75	79	81	74	81	76	77	81	81	77	79	77	74	78	79	74	80	74	74	76	76	82	74	80	76	72	79	76	77	81	78	76	79	73	73	72	81	77	80	81	79	73	76	80	76	80	77	80	81	82	73	75	82	75	76	77	74	81	80	81	76	81	82	80	74	80	79	81	77	76	76	73	81	78	74	79	74	80	78	74	77	75	74	82	78	80	80	78	82	81	73	78	82	72	76	82	75	73	73	80	76	79	72	78	78	81	77	74	81	72	74	72	75	77	75	73	74	81	80	74	72	78	78	80	78	74	82	80	81	79	72	73	78	77	80	81	81	80	79	80	75	75	75	82	82	74	79	77	77	75	78	80	73	81	74	79	75	73	77	79	72	78	81	76	72	81	79	74	73	75	75	75	76	72	78	74	72	74	73	75	81	75	75	81	73	73	76	73	74	72	77	73	76	80	76	72	74	76	82	73	75	74	79	74	79	74	80	77	80	76	81	75	75	75	81	80	80	80	78	79	79	78	79	79	78	78	76	79	75	75	76	75	81	76	80	75	77	74	75	72	77	82	76	75	74	78	79	77	79	80	80	75	74	78	79	73	76	80	79	77	77	80	74	80	79	77	79	73	80	79	78	73	79	73	79	73	78	82	75	73	72	73	78	75	76	82	76	81	74	77	79	78	73	73	75	80	73	79	73	77	74	74	79	79	78	77	79	79	77	78	72	82	81	79	82	75	72	73	75	81	73	74	74	77	80	76	75	78	80	77	75	73	82	79	73	77	80	79	75	80	82	72	79	78	78	77	73	79	79	72	76	78	77	75	81	73	81	82	72	79	76	73	74	73	76	81	81	77	73	78	72	77	74	73	82	72	81	73	80	74	77	79	75	78	73	78	75	77	81	75	72	79	81	74	76	78	75	74	74	80	82	75	75	72	72	82	75	81	74	77	74	77	81	74	77	72	75	78	81	72	76	73	77	73	81	78	81	74	81	79	75	79	75	77	80	74	73	74	75	73	81	74	74	79	74	75	80	75	75	80	79	81	75	81	73	82	76	76	74	77	76	81	80	81	78	76	78	75	81	73	77	82	73	73	75	79	80	80	79	78	79	72	74	76	78	80	82	73	77	80	77	72	72	72	73	72	77	76	82	77	79	78	76	77	77	77	72	77	80	79	80	79	76	82	78	74	78	74	75	75	81	74	72	75	78	78
24	19	21	24	24	23	23	23	26	23	23	20	26	18	27	28	19	27	20	22	19	28	28	26	22	26	22	18	21	21	25	20	24	19	27	25	23	19	19	24	18	26	21	24	23	25	26	27	22	19	19	24	22	27	25	19	23	19	21	18	22	19	19	24	23	27	25	20	23	22	22	25	22	21	27	23	27	26	23	19	18	18	22	24	19	19	20	25	19	22	21	27	22	26	23	26	22	27	27	21	24	27	28	24	24	28	19	21	19	27	19	27	27	18	19	23	25	21	19	23	26	24	24	26	22	23	22	26	22	26	27	27	25	23	19	19	25	19	25	26	20	26	22	22	23	28	25	22	24	22	27	24	18	24	25	27	25	20	20	24	21	23	28	21	18	27	26	23	25	27	20	18	20	26	20	27	23	27	24	21	21	19	18	24	20	23	22	23	24	23	25	19	20	23	19	20	28	22	25	24	20	22	27	24	21	25	21	22	25	26	18	22	24	27	23	23	22	27	19	19	27	26	25	24	22	20	24	22	18	19	21	19	26	20	21	21	18	20	27	19	23	21	21	27	26	25	20	20	28	25	28	27	27	20	20	27	25	26	26	18	27	23	24	21	20	25	23	20	28	22	24	25	19	23	25	27	20	22	28	22	26	22	20	20	26	27	20	24	24	20	19	23	19	22	27	26	18	20	26	27	18	25	21	22	22	21	25	25	20	19	27	28	25	22	24	22	20	26	21	27	23	26	26	22	25	23	23	21	19	27	22	23	26	19	19	19	22	21	18	23	25	20	26	19	23	25	20	26	19	20	22	19	18	23	19	28	26	26	21	22	26	25	20	26	18	25	26	20	24	18	27	20	28	18	25	23	26	21	28	24	20	19	23	25	25	19	24	22	23	26	21	19	25	21	23	21	24	27	22	28	23	18	24	21	23	21	20	23	26	24	24	23	22	22	26	18	25	22	20	23	25	26	27	21	25	27	26	24	18	28	23	24	23	25	28	28	20	21	27	25	19	27	24	18	21	24	24	18	25	19	24	26	23	18	22	28	20	19	25	24	19	23	23	26	28	27	20	23	24	19	26	21	27	23	23	28	25	25	24	24	25	28	25	20	18	23	26	19	21	20	22	23	18	27	25	25	21	27	20	19	23	21	24	24	21	22	26	21	25	22	27	22	26	19	22	21	20	26	26	18	27	25	23	28	23	24	21	19	22	20	24	22	27	19	23	22	20	21	26	23	27	28	25	19	22	26	22	20	20	19	19	18	21	25	27	22	25	21	21	22	24	21	28	20	20	18	24	21	27	20	26	22	27	24	25	25	24	19	22	24	25	20	26	22	22	22	20	20	22	26	23	21	19	22	27	24	24	27	26	27	20	21	21	27	22	25	27	22	28	27	27	27	22	18	18	22	21	26	28	25	26	26	23	27	20	23	20	22	22	24	18	24	19	23	25	28	21	23	23	26	21	20	23	27	23	27	20	23	27	27	20	26	24	25	25	26	21	23	21	25	25	20	27	28	25	24	19	22	19	24	23	21	22	25	26	22	25	23	24	26	28	27	19	23	19	21	26	27	27	22	26	25	25	26	18	24	27	25	25	18	27	28	19	23	25	22	27	23	20	18	19	20	22	25	21	25	27	19	21	25	23	20	24	18	21	21	28	19	23	24	20	22	26	25	24	23	23	27	21	27	26	25	25	23	20	26	26	27	27	21	23	21	26	19	21	22	20	21	22	20	21	26	21	21	19	28	27	21	27	22	20	19	26	23	27	24	18	21	25	26	22	22	27	22	20	20	21	22	25	19	25	22	19	26	21	20	24	28	23	22
40	36	43	40	41	38	41	38	35	37	43	39	39	43	42	41	41	44	35	39	43	37	40	39	39	43	37	44	41	35	36	43	43	41	44	40	44	44	35	36	43	36	44	41	43	41	40	36	41	40	44	36	38	40	37	37	37	39	37	41	37	36	41	35	39	38	43	41	41	44	43	45	43	39	37	41	39	40	38	37	44	39	42	43	41	45	43	39	41	42	40	38	37	42	41	41	45	38	42	43	39	42	37	43	41	36	38	39	39	39	36	44	39	37	39	41	40	42	40	40	40	37	39	45	37	45	45	44	36	37	41	41	41	42	45	38	38	43	44	40	42	40	39	39	38	39	39	38	41	37	36	36	44	40	38	36	43	44	40	37	41	36	41	37	36	45	44	37	38	36	37	35	44	38	37	41	44	43	38	42	44	38	42	41	36	40	36	38	39	45	40	36	44	37	36	44	35	45	42	35	44	41	41	42	43	38	43	39	40	43	42	42	36	35	35	38	38	35	38	44	36	43	41	36	36	42	42	36	42	38	44	38	44	39	36	41	39	41	36	45	45	38	43	38	45	40	39	44	43	37	43	42	39	39	40	41	39	39	39	37	36	44	42	35	37	40	42	39	44	41	43	44	40	45	41	44	43	41	35	44	42	39	37	42	44	42	44	36	35	43	45	43	38	38	44	35	44	41	45	37	37	44	36	45	44	36	38	37	41	40	44	39	41	38	36	36	41	35	39	38	44	39	42	40	44	43	38	42	37	44	42	43	39	40	37	35	45	36	43	44	40	43	36	40	45	35	37	36	39	40	43	36	40	44	36	39	44	37	35	39	38	39	38	36	35	37	38	42	38	42	38	36	38	43	36	36	38	40	42	41	38	38	35	40	43	44	36	41	40	40	41	40	44	42	43	37	38	40	41	42	40	42	45	40	38	37	42	38	43	39	37	36	39	44	38	40	38	36	42	37	38	45	38	40	43	42	42	38	42	36	41	44	43	36	44	42	40	43	45	36	41	36	44	44	44	43	42	44	43	40	45	36	42	44	42	38	42	37	36	39	40	41	39	39	38	35	41	45	41	35	36	36	43	38	38	42	36	39	42	39	44	44	41	42	43	37	36	39	38	40	42	39	38	44	38	36	35	37	35	38	41	44	38	37	38	37	45	37	36	42	38	38	44	40	39	39	41	36	36	41	44	35	38	44	40	45	40	42	42	39	41	38	35	35	40	35	43	35	41	42	37	40	35	36	45	45	45	45	39	41	36	41	40	35	44	43	41	35	43	36	45	36	42	38	40	36	39	41	42	40	35	40	39	37	42	39	42	38	37	40	36	43	40	39	37	36	37	37	40	44	36	42	40	43	42	41	43	37	43	36	43	40	41	37	41	40	37	45	45	36	35	41	37	42	42	36	35	43	39	36	43	44	40	39	35	43	45	38	41	43	39	42	42	42	42	37	41	40	44	42	36	38	36	45	36	40	42	39	38	45	42	43	38	44	39	36	44	36	38	43	37	37	40	45	37	41	38	37	39	36	38	45	41	37	39	38	43	38	36	42	38	37	44	43	38	44	41	42	40	40	42	38	36	43	39	39	44	43	40	40	40	39	38	38	41	36	44	40	38	38	45	44	38	40	42	36	40	43	38	40	39	37	36	37	40	39	42	44	40	38	38	41	44	36	38	39	41	40	40	38	36	36	43	43	39	35	36	41	43	41	38	43	42	42	44	39	44	35	44	36	37	43	43	42	37	40	38	41	44	39	45	36	41	44	42	41	41	44	44	42	39	35	36	37	41	41	38	42	40	43	41	43	45	44	36	44	43	38	38	38
53	47	50	53	47	48	47	54	47	45	53	51	47	45	48	55	52	48	51	52	51	54	46	49	48	55	46	54	53	45	50	47	53	54	51	50	46	46	54	51	52	51	46	46	48	48	45	54	47	52	48	50	50	52	47	52	54	47	53	50	52	50	53	47	49	52	51	52	49	49	45	51	55	46	50	46	51	53	55	55	51	50	48	50	53	53	51	53	51	54	53	53	52	53	47	54	45	55	46	51	52	53	48	54	49	50	48	51	50	53	53	54	46	53	51	50	48	49	45	53	50	45	47	50	48	45	47	46	46	47	46	53	49	50	55	52	46	55	50	55	47	52	51	54	53	49	51	54	54	53	52	51	48	49	53	45	49	51	53	52	54	49	50	46	48	52	47	45	54	53	53	49	54	46	49	47	48	50	52	48	54	49	55	48	51	50	49	53	46	52	48	48	50	49	47	53	50	52	49	48	48	53	51	46	46	46	46	47	53	49	47	48	51	48	45	48	50	50	54	53	46	48	53	55	49	52	50	47	49	49	51	53	48	45	53	46	47	50	54	46	51	51	47	49	51	52	52	51	53	49	46	53	50	47	50	50	55	51	52	53	46	51	51	51	46	54	48	46	50	47	47	52	49	45	50	52	46	53	47	54	54	53	48	46	52	54	50	48	48	49	45	54	48	45	49	47	45	54	48	54	54	48	49	45	46	48	54	53	50	50	52	54	48	49	53	50	53	50	54	49	46	49	55	52	52	46	52	54	53	46	53	50	53	50	46	45	50	49	53	54	54	52	50	51	45	48	52	52	50	46	46	47	48	48	53	47	52	51	52	49	54	55	52	47	46	50	46	45	46	55	52	48	52	48	53	51	49	48	51	53	50	45	49	47	54	46	48	53	51	54	54	46	48	52	50	54	45	47	55	54	47	48	46	50	53	48	54	48	48	52	54	46	48	55	54	46	50	50	47	51	46	49	51	50	49	51	47	52	52	53	55	49	52	49	50	46	51	53	53	54	47	53	51	47	46	51	54	52	49	54	52	45	48	46	47	55	48	45	54	45	45	47	51	55	46	48	50	45	47	51	53	47	48	51	46	48	45	54	52	50	49	48	49	51	50	53	54	52	46	49	54	55	50	47	55	52	48	48	52	48	55	54	50	48	47	51	53	55	53	53	46	46	49	51	51	51	53	47	55	50	54	46	55	51	50	46	46	47	48	48	48	46	55	55	47	55	47	55	54	52	46	51	48	46	50	55	46	49	47	54	50	55	54	54	48	47	46	55	51	52	53	50	46	50	49	50	50	45	48	51	55	50	49	52	54	52	50	50	45	47	46	46	48	49	54	52	51	54	48	51	46	53	55	51	51	49	50	47	53	54	47	47	53	54	51	52	55	49	48	50	50	55	52	52	48	47	53	49	46	54	48	54	54	45	51	50	45	48	49	51	52	51	47	50	51	51	48	47	49	50	46	53	47	46	51	50	46	49	47	51	50	49	51	47	47	52	45	50	53	54	45	50	52	50	48	48	53	50	49	45	53	49	49	47	49	52	55	46	54	47	52	50	53	47	51	48	50	55	53	45	47	54	46	45	52	55	50	53	46	47	48	46	47	54	52	52	54	54	46	51	55	51	51	54	50	47	54	47	53	51	51	50	48	46	53	51	51	51	50	50	49	49	45	52	54	52	53	55	55	48	53	53	49	53	48	53	52	52	51	49	49	54	47	52	52	46	45	52	47	51	48	53	46	48	55	48	49	54	46	51	50	48	51	45	50	46	53	45	54	54	47	53	48	51	53	52	54	53	53	51	52	53	46	53	47	53	48	48	55	47
71	79	74	73	77	69	78	75	78	69	73	79	75	77	73	77	75	72	75	73	70	72	78	75	74	74	72	74	73	73	73	77	71	71	69	77	72	72	79	70	76	76	73	78	79	77	79	71	76	72	71	70	75	71	76	75	74	73	77	72	74	69	71	77	74	72	73	71	73	70	78	79	71	71	74	74	73	78	72	78	74	75	79	77	71	70	78	75	75	75	74	73	71	73	74	72	72	73	72	71	73	72	77	75	73	71	70	78	70	74	75	76	78	76	77	78	70	70	79	74	75	73	74	77	73	71	69	77	74	73	76	73	75	70	78	71	78	73	79	72	74	79	70	77	78	76	70	75	76	70	74	70	76	73	75	71	78	74	75	74	72	73	78	79	76	73	74	76	74	79	74	75	75	71	71	78	77	72	71	70	75	76	77	75	69	70	79	75	70	75	72	71	73	73	70	72	76	72	79	75	73	69	77	72	77	77	74	76	77	78	74	75	76	71	69	76	73	69	71	75	78	75	77	76	70	71	71	79	71	70	71	72	69	75	69	79	75	75	77	71	79	73	70	77	70	78	72	72	73	72	75	74	74	74	72	79	74	75	76	75	70	69	75	69	72	72	76	76	75	73	78	70	77	69	75	77	72	78	73	70	78	77	78	77	73	76	75	70	78	77	70	76	78	73	72	70	71	76	75	76	71	79	75	73	75	79	70	73	75	75	76	72	74	70	71	70	73	78	78	73	74	71	72	71	77	79	73	79	79	71	77	75	71	77	71	75	79	74	74	78	75	71	79	71	77	75	78	76	75	70	72	72	72	76	71	75	79	78	79	77	70	71	70	77	72	76	72	74	69	76	78	73	77	70	72	76	74	77	73	69	79	73	71	72	72	78	71	70	73	78	76	70	71	73	73	73	76	77	75	71	74	72	74	75	71	75	77	76	78	78	70	77	70	70	76	75	72	75	77	78	75	75	71	73	77	76	75	70	75	76	73	71	76	69	77	75	70	76	74	78	78	70	69	77	72	70	79	69	71	72	77	70	70	76	73	77	76	70	75	77	70	73	76	74	69	70	78	71	79	76	73	75	77	75	78	72	74	78	78	79	77	75	72	74	75	70	74	76	75	77	71	74	74	78	78	72	72	74	75	74	78	77	71	72	69	77	79	71	73	77	70	78	74	69	75	76	72	71	73	69	77	76	75	75	79	73	77	77	74	74	72	74	70	75	73	74	79	73	77	69	78	75	69	74	71	76	76	71	70	73	77	74	70	72	73	71	71	71	77	70	71	78	72	75	70	76	71	75	69	70	71	79	75	76	78	70	74	70	74	69	71	71	77	78	71	72	75	77	72	78	72	77	74	76	72	78	76	74	74	76	75	71	73	76	75	75	71	76	74	74	73	78	70	74	75	70	72	71	76	78	74	71	74	75	70	75	70	73	78	73	72	73	74	69	70	70	72	70	77	69	70	75	73	69	71	78	76	69	79	70	73	74	76	73	71	78	77	69	73	75	73	72	71	74	73	77	76	77	70	72	79	77	77	78	79	70	78	75	70	78	76	71	73	76	72	76	78	75	77	74	75	74	75	73	70	71	75	71	79	77	73	72	78	76	70	79	71	75	74	79	78	69	77	75	71	69	70	72	77	75	75	78	76	75	78	71	72	75	76	77	73	70	75	70	72	69	70	69	73	78	72	74	73	73	73	78	73	69	78	73	74	69	74	71	71	72	78	69	70	78	72	74	78	70	70	78	76	70	70	74	75	77	75	74	70	76	73	75	78	78	72	71	78	73	75	72	73	76	79	69	75	73	75	73	76	69	78	79	71	72
104	98	103	103	103	96	103	102	96	99	104	101	102	104	102	101	100	102	94	97	101	98	100	101	100	101	102	96	97	103	99	102	98	95	103	97	102	98	101	94	101	96	95	103	99	97	102	103	104	101	96	102	104	99	96	103	103	104	101	97	103	97	103	100	103	102	101	97	103	97	95	101	97	99	100	103	96	99	97	95	97	102	100	100	100	98	102	97	101	102	100	100	98	97	99	97	101	94	99	101	99	100	101	99	96	101	96	95	97	97	95	97	96	104	102	103	100	102	101	103	94	94	99	99	94	102	101	97	102	98	102	94	95	103	98	95	102	100	100	99	99	99	96	103	99	95	100	99	98	104	101	97	102	100	96	104	98	99	98	99	97	103	98	102	102	97	100	98	101	104	95	101	101	97	102	102	104	95	103	103	96	100	102	97	95	103	103	97	97	103	103	100	98	101	99	95	104	97	95	98	102	99	99	97	102	99	95	103	102	101	95	104	101	96	102	104	100	100	103	96	100	96	100	102	103	98	100	97	102	101	98	101	98	97	104	98	97	99	98	99	94	101	94	102	98	99	104	100	103	101	100	102	104	99	99	103	94	95	97	96	99	96	100	95	99	100	103	102	102	102	103	100	97	97	97	102	99	98	95	102	101	99	99	101	100	103	99	95	101	102	99	96	98	96	97	95	100	99	103	98	95	100	104	104	96	94	98	97	100	96	94	101	99	103	95	98	96	97	103	97	101	102	100	99	101	95	103	104	103	99	98	100	96	96	96	104	96	98	103	98	103	97	102	100	103	98	101	97	95	100	101	99	104	104	101	104	100	100	102	94	96	101	101	101	98	103	101	104	99	95	94	103	97	97	99	104	100	97	100	96	103	102	97	95	97	101	94	99	102	94	101	99	97	96	101	99	100	95	98	99	96	98	97	104	97	95	100	98	99	97	99	103	99	97	102	97	95	97	99	100	103	104	95	101	103	103	99	101	98	102	97	102	97	102	95	96	99	97	96	95	100	101	103	102	101	101	95	97	95	103	96	101	101	100	102	100	101	99	101	103	98	95	100	102	95	99	102	102	95	99	97	98	97	103	104	97	96	95	99	100	99	97	104	98	97	96	103	95	99	101	98	95	102	96	94	100	99	95	102	96	97	94	101	103	94	101	100	103	97	96	97	95	97	94	95	102	102	103	100	103	97	94	96	94	96	98	98	99	103	95	103	98	101	94	99	103	97	102	103	96	99	95	94	101	96	103	103	100	101	100	101	99	96	104	102	101	104	94	97	98	97	102	98	97	100	100	102	95	102	102	100	97	102	95	103	102	103	97	96	102	103	103	99	99	103	96	103	99	97	103	103	102	101	97	96	97	103	101	101	101	95	100	104	96	98	101	95	97	97	94	97	97	95	94	98	94	101	101	99	103	99	99	96	97	95	99	98	96	100	102	96	98	95	102	97	94	104	99	102	96	104	102	103	101	100	96	96	94	97	102	102	96	97	94	95	94	104	100	97	97	94	103	97	96	96	95	100	103	95	101	96	104	103	100	102	96	101	97	99	97	97	94	94	101	103	97	97	100	94	100	98	104	96	95	96	102	98	97	102	101	98	101	95	98	96	104	97	97	95	102	97	104	100	98	97	96	96	94	96	101	97	99	103	94	97	98	95	102	101	99	94	101	98	102	100	101	98	98	101	95	95	97	98	100	102	98	99	101	97	99	102	103	97	98	99	98	101	98	101	99	102	96	95	101	95	96	103	96	103	97	100	96	95	98	96	97	101	103	100	98	96	100	97	101	94	96	96	99	100	99	97	104	97	98	94	102	96	96	98	99
wj																																																																																																																																																																																																																																																																																																																																																																																																																																																																																																																																																																																																																																																																																																																																																																																																																															
56	52	51	20	82	34	93	99	5	70	7	32	78	19	53	99	47	78	97	89	80	89	23	55	17	18	91	43	22	21	13	38	57	82	79	62	94	76	54	93	91	41	27	3	28	55	34	60	70	51	8	89	64	39	39	4	79	89	54	82	66	5	69	15	20	35	40	55	10	11	18	86	82	64	55	82	80	55	17	53	25	72	69	40	40	10	29	7	98	69	50	62	52	63	75	73	36	85	37	89	21	99	22	64	86	99	68	92	70	6	96	88	94	56	26	69	74	27	59	46	41	41	72	47	42	65	88	35	57	54	40	92	100	11	88	91	98	78	17	14	86	71	68	50	93	41	74	33	99	16	28	63	34	24	49	16	44	4	79	80	53	46	32	24	11	71	69	25	86	61	47	8	60	39	87	49	57	4	97	18	88	13	23	36	79	70	6	20	11	100	89	95	38	26	38	46	61	40	12	43	91	20	73	6	96	76	37	34	19	4	62	48	49	32	72	61	52	53	59	75	14	96	75	59	67	76	82	25	10	39	48	96	50	34	87	16	2	39	32	62	72	20	3	93	89	45	21	24	93	66	46	74	97	43	31	46	52	66	8	45	65	85	67	86	30	56	60	18	37	64	46	38	96	77	76	18	39	4	59	4	7	22	17	44	90	26	48	12	68	60	77	35	5	60	41	29	23	3	36	51	32	54	66	54	29	5	39	98	44	72	95	49	51	63	64	42	92	16	8	86	19	98	10	28	69	28	26	34	11	86	72	47	33	53	81	84	19	45	35	88	53	8	67	48	35	11	96	9	6	28	88	95	80	38	2	11	73	75	54	28	63	82	22	10	98	100	75	62	30	12	3	47	51	30	87	31	92	16	28	7	27	95	38	98	40	44	36	29	27	97	29	96	60	92	44	19	52	38	17	26	40	26	26	55	6	51	86	84	22	87	67	60	80	28	71	47	47	1	13	55	28	38	81	20	18	21	17	81	93	64	79	57	45	90	79	44	24	31	10	95	79	56	11	62	55	25	75	47	37	73	39	27	15	16	67	35	11	87	46	4	29	47	98	14	21	77	64	35	34	32	91	44	16	84	41	72	39	78	17	34	69	31	55	74	85	26	17	34	72	74	90	15	65	8	57	86	14	92	72	3	87	13	40	11	57	59	57	22	15	41	76	76	2	28	91	29	76	82	98	64	57	34	27	1	49	97	49	95	41	47	19	19	42	45	56	99	92	61	10	26	94	79	56	80	6	16	51	69	6	95	4	45	4	75	87	97	48	63	35	33	94	47	12	50	97	86	94	96	99	30	12	35	47	23	18	81	8	23	95	13	55	72	14	96	29	39	40	87	94	39	72	7	95	30	11	38	24	56	24	14	47	61	54	3	89	87	2	14	82	72	40	35	79	75	55	5	64	90	60	64	78	38	59	93	27	31	3	53	66	47	82	97	51	20	40	90	66	99	21	20	83	43	81	95	36	79	78	7	47	18	40	25	32	83	17	13	43	11	44	46	83	96	8	59	26	19	36	31	75	26	77	16	17	49	44	3	52	47	90	50	86	31	70	93	97	46	64	4	22	64	88	21	40	91	6	69	64	12	50	1	15	40	90	29	55	34	44	99	32	43	87	88	49	7	3	87	73	50	48	7	70	77	84	80	33	42	11	94	11	56	40	61	46	8	95	47	5	94	52	81	78	68	31	45	33	26	15	51	24	28	41	66	50	24	21	83	53	36	8	6	20	41	93	8	31	76	73	50	79	27	58	17	29	79	5	64	78	90	47	64	56	9	83	21	19	3	58	60	68	21	42	14	60	63	10	58	60	33	76	30
