pij																																																																																																																																																																																																																																																																																																																																																																																																																																																																																																																			
97	82	18	80	29	79	26	30	48	82	68	70	32	27	92	11	90	37	70	27	33	22	66	51	19	87	60	61	13	73	45	85	70	70	72	82	47	74	56	53	61	78	11	44	59	62	79	63	29	12	60	61	57	12	60	92	73	76	25	82	41	84	61	91	29	88	88	96	45	80	52	16	82	52	57	91	98	63	57	57	53	76	71	54	23	57	54	77	44	19	27	28	51	48	65	69	75	78	88	13	48	29	83	45	70	21	32	38	11	15	95	31	65	73	64	62	68	73	65	57	41	44	98	24	42	63	41	30	96	18	88	69	56	38	14	96	85	67	77	48	78	51	15	88	78	65	33	39	53	34	35	46	16	89	71	18	40	71	91	84	35	18	53	98	86	70	29	18	55	76	35	37	22	69	54	98	62	24	11	53	39	35	88	25	61	77	12	96	29	58	67	93	62	58	48	94	30	88	88	90	53	25	68	17	69	25	66	13	82	50	64	84	28	38	12	97	82	42	32	51	99	83	65	75	79	33	30	46	54	38	21	41	78	79	22	14	68	37	91	29	43	25	71	40	55	62	44	10	81	77	72	22	20	73	47	10	48	91	58	38	50	42	20	32	52	57	71	69	62	22	57	71	86	91	40	85	56	48	31	52	21	57	71	85	52	44	71	28	16	30	66	74	90	68	39	20	54	53	74	34	17	18	88	32	42	77	26	87	80	56	15	12	76	76	70	60	16	49	38	78	19	51	75	35	65	70	39	32	91	74	61	49	24	25	36	15	50	57	32	67	49	60	76	78	11	52	53	53	82	50	95	57	82	11	45	71	36	21	36	59	32	82	42	22	45	85	46	10	98	74	86	93	88	55	29	18	45	99	73	61	37	34	34	93	93	54	63	64	11	38	80	70	31	41	94	56	20	64	20	35	58	38	87	86	49	84	85	66	89	12	61	44	33	78	14	83	95	22	58	34	23	23	88	27	71	37	81	60	85	68	50	23	28	21	26	28	22	29	63	75	67	18	88	42	64	46	90	15	58	45	24	14	17	50	70	22	97	70	14	51	61	55	14	48	35	61	56	35	88	67	11	75	28	22	51	38	98	62	33	34	59	58	40	29	83	94	38	18	69	53	56	81	50	80	91	35	74	10	66	87
73	30	81	74	14	12	23	66	49	83	28	93	29	78	72	80	14	55	29	86	50	72	92	16	89	75	77	80	12	13	83	57	23	98	70	51	56	99	71	86	67	67	50	76	89	48	79	64	91	90	60	21	52	36	59	42	12	92	46	42	42	94	74	24	57	31	30	44	77	64	14	27	31	21	69	38	14	52	32	24	98	26	98	57	37	80	12	86	73	96	60	50	38	39	72	59	44	43	14	45	31	41	84	63	85	84	73	67	64	32	98	81	18	50	42	48	26	61	92	60	68	16	85	60	53	36	98	81	71	71	11	100	77	25	71	55	29	39	44	36	85	35	80	93	77	56	22	30	75	82	77	21	94	79	43	80	56	83	19	89	74	23	13	28	44	61	80	46	45	42	52	86	77	38	28	13	36	63	77	34	38	25	44	50	72	68	77	89	64	33	92	93	68	63	97	66	88	82	52	89	36	21	27	32	72	40	56	45	80	95	87	48	69	39	43	76	90	92	17	93	54	65	45	40	89	57	33	32	93	31	44	80	91	34	50	74	23	31	93	91	55	52	35	96	45	69	13	37	89	61	46	82	53	47	56	91	61	24	36	43	94	52	77	51	34	69	10	58	70	14	46	97	27	23	70	48	62	35	38	29	35	74	68	34	91	34	31	26	35	80	93	47	88	13	18	79	56	21	60	92	40	92	29	42	26	76	41	96	99	79	47	93	86	25	18	42	72	80	21	47	90	79	94	71	24	54	79	63	90	90	91	26	11	20	31	22	44	58	85	12	71	60	21	32	81	64	64	66	43	65	87	88	19	95	15	13	54	14	50	40	99	86	60	45	71	97	31	20	19	43	40	51	86	80	17	84	22	71	67	44	60	81	28	71	20	56	78	16	98	17	15	41	62	40	73	18	45	43	79	78	39	83	26	20	50	95	69	86	17	23	26	15	35	88	52	63	71	62	39	82	26	92	72	75	89	51	86	87	35	88	78	40	80	31	41	33	12	21	22	87	65	66	52	35	74	50	75	99	74	74	55	20	17	74	60	64	33	28	72	91	70	78	76	83	83	50	14	68	12	19	53	91	91	15	34	16	18	44	20	87	88	37	30	51	37	45	42	67	75	92	64	11	49	51	80	78	88	13	31	66
58	84	51	10	59	55	100	51	59	37	64	48	65	56	40	94	50	14	87	66	88	80	44	20	51	48	51	73	64	13	36	96	88	45	21	25	40	37	90	52	48	18	13	39	55	67	22	50	77	11	61	94	49	40	90	98	82	18	43	18	18	76	80	94	68	53	85	70	88	88	64	26	17	98	21	71	30	37	44	72	94	71	11	64	85	36	48	87	71	56	63	86	84	83	74	65	19	45	78	35	24	87	57	30	99	82	81	59	90	89	95	66	58	35	69	67	61	92	35	72	67	93	52	52	90	88	59	51	54	61	44	62	13	81	14	96	69	33	73	57	38	28	34	36	98	25	19	36	16	96	79	29	86	64	31	99	91	88	72	42	43	32	86	84	59	67	49	46	34	17	84	49	11	51	79	49	27	26	52	51	40	65	12	25	53	97	73	67	43	57	93	71	49	89	78	40	82	22	16	62	83	16	22	20	64	93	86	23	46	67	53	44	18	18	43	81	93	53	33	52	33	55	98	23	69	45	91	57	59	24	15	54	20	67	57	92	40	97	83	80	67	71	37	57	94	33	54	58	80	77	58	47	73	66	36	35	79	85	22	97	41	72	97	90	61	38	68	97	53	37	26	26	60	68	35	36	67	73	37	85	85	84	29	56	99	31	13	72	77	90	80	25	19	46	51	35	41	54	82	81	11	23	80	55	94	93	16	52	24	79	59	82	94	60	18	78	89	57	80	39	26	17	86	57	28	88	11	20	12	56	96	72	14	48	77	80	54	69	51	75	25	65	37	32	69	65	40	82	38	28	84	26	36	26	59	32	86	60	74	34	76	54	58	52	65	37	94	64	24	53	37	91	26	48	64	71	60	95	52	82	32	69	39	52	59	14	11	77	12	39	40	67	42	30	50	62	73	49	97	97	62	69	93	41	35	85	52	87	60	46	67	68	26	84	98	75	65	33	54	75	97	88	34	27	25	69	86	27	74	59	54	52	75	97	61	20	73	100	14	83	76	35	46	22	15	24	30	27	10	38	84	56	16	81	45	82	99	29	49	18	74	78	45	53	72	40	74	87	33	76	76	31	91	48	82	72	80	91	51	60	34	62	83	47	12	55	10	24	97	69	34	46	77	79	58	49	43	59	21	12
11	56	91	62	65	21	68	94	89	36	12	64	14	18	90	44	48	16	60	52	41	30	65	98	33	63	60	47	31	88	93	29	21	72	53	32	69	71	89	74	20	44	88	71	29	87	79	52	85	89	54	80	87	99	72	57	38	54	33	40	32	71	49	97	11	34	63	83	97	26	60	10	48	99	89	86	74	26	95	23	47	27	39	16	50	68	43	37	30	26	53	94	80	77	37	39	60	45	24	80	71	88	49	41	89	49	68	93	73	51	99	24	51	95	95	14	39	12	10	92	59	92	61	81	69	28	52	82	32	28	54	43	52	43	56	57	89	58	15	67	77	25	49	100	99	55	55	68	88	73	15	13	58	76	55	57	42	42	19	51	57	100	71	94	17	65	80	96	55	60	19	58	41	43	55	18	20	80	16	44	54	77	14	80	54	61	48	43	13	30	73	34	83	50	33	80	94	61	60	36	38	12	56	75	32	42	45	91	90	99	97	60	67	60	15	85	59	34	17	19	86	55	22	72	35	33	23	88	86	51	84	88	98	70	43	73	12	60	37	25	82	81	80	57	28	52	80	73	28	51	59	20	74	63	12	26	83	14	42	72	15	91	62	35	54	41	78	80	29	96	75	14	38	89	50	91	41	26	48	64	98	22	66	41	86	79	81	98	59	52	97	95	73	20	13	98	99	74	81	20	63	95	57	49	35	79	64	80	36	32	61	99	11	27	92	79	98	19	80	24	27	62	14	35	28	18	16	63	96	42	20	98	70	10	98	43	20	65	49	97	77	16	17	91	93	78	18	28	37	76	98	85	89	93	86	70	75	14	15	35	98	24	97	97	49	11	38	79	48	86	48	16	95	88	81	62	81	71	21	30	14	72	81	68	28	33	74	61	27	26	50	46	89	75	26	58	25	35	90	63	93	52	16	77	90	19	32	20	11	59	64	74	78	41	84	12	81	37	58	97	13	80	60	30	65	89	24	32	52	74	51	68	87	69	93	35	55	88	72	36	45	43	21	18	69	89	53	51	71	33	90	99	91	41	90	59	26	82	44	26	85	10	32	63	96	81	62	74	58	50	89	93	34	45	98	19	77	49	32	89	53	15	60	49	84	64	74	63	74	87	22	11	21	78	12	41	33	54	75	14
70	42	80	81	42	63	44	68	75	56	16	74	24	33	71	70	22	38	35	21	67	16	88	74	99	11	97	37	96	60	92	83	70	44	45	61	87	91	11	30	24	62	77	71	60	76	88	35	64	32	27	17	35	26	40	29	34	67	53	76	67	66	16	94	76	24	79	37	34	84	89	90	73	18	57	55	68	12	70	65	11	20	19	31	65	16	97	60	44	37	96	90	21	46	68	56	55	83	24	84	38	99	45	36	77	29	78	18	48	27	93	61	48	48	35	99	33	16	77	36	50	16	55	89	74	70	63	68	61	28	66	31	62	20	91	71	71	30	49	68	30	16	15	24	38	95	89	66	60	83	11	88	18	42	83	67	90	73	15	32	100	78	30	91	15	70	76	12	23	29	77	97	13	93	31	41	99	98	68	17	43	34	44	79	27	33	38	71	41	89	58	96	34	44	12	88	73	59	12	97	12	58	79	73	23	40	73	23	95	21	67	46	58	27	63	25	31	29	36	45	75	61	73	42	76	96	15	26	35	58	44	67	75	71	51	94	41	65	47	90	29	29	12	41	100	83	29	46	46	45	40	40	12	89	37	99	80	84	56	22	49	73	12	63	26	61	42	38	61	79	47	57	45	84	55	25	86	16	10	77	62	18	81	61	41	78	46	42	52	65	51	18	91	91	14	26	60	87	20	14	58	72	76	22	74	94	68	93	50	29	78	89	20	86	98	92	54	81	84	45	36	41	16	10	31	60	86	78	70	49	60	13	69	82	10	55	72	50	14	71	56	17	28	74	79	29	77	89	62	65	60	52	14	67	58	93	73	21	24	32	88	36	70	46	65	76	62	41	12	66	55	18	91	98	39	24	80	17	98	71	74	52	64	84	31	95	71	14	46	57	50	59	89	55	20	11	37	30	64	44	90	33	94	96	72	18	83	24	65	33	22	59	42	64	86	43	28	18	16	44	18	89	82	56	87	38	86	32	25	44	90	61	93	44	77	67	35	32	40	11	75	66	95	53	71	26	55	26	83	15	62	40	15	40	21	13	49	89	59	84	69	36	80	94	54	98	13	72	47	19	47	43	40	15	40	14	37	30	23	44	34	14	17	64	65	75	10	43	31	90	24	58	68	45	93	17	41	13	45	93
30	70	20	68	29	28	66	50	86	86	94	48	39	78	43	85	67	26	85	19	10	92	54	29	66	43	69	62	72	97	22	51	65	81	31	86	36	76	54	86	32	64	75	28	59	77	69	89	53	93	36	24	41	99	16	44	38	21	70	73	35	24	100	72	60	83	97	18	21	22	31	98	33	28	81	98	39	53	60	90	44	36	97	76	76	52	77	43	13	67	69	35	14	13	94	24	18	16	79	35	30	23	35	23	17	44	83	42	87	69	87	96	20	78	67	55	21	20	94	52	56	13	51	44	58	34	94	13	97	53	17	54	19	24	21	25	23	72	68	10	96	12	70	51	96	18	78	55	71	35	27	67	78	52	92	84	12	93	55	13	45	27	68	10	78	59	35	58	73	66	94	41	53	48	57	70	96	58	20	61	75	98	78	42	93	78	37	83	75	16	89	29	40	47	58	83	75	59	90	11	45	62	49	63	66	95	22	45	63	21	77	73	62	11	28	37	66	13	98	56	51	99	89	68	89	52	40	43	95	86	45	60	54	55	77	21	75	14	67	86	54	42	65	11	98	67	67	74	88	97	35	58	90	45	98	28	64	19	45	89	24	38	72	24	14	55	70	90	27	16	93	55	63	74	48	46	20	88	44	14	45	91	87	62	72	73	26	96	41	15	72	91	59	25	18	88	40	32	61	18	98	61	87	75	88	14	14	35	94	98	82	16	88	11	15	60	22	35	42	82	58	92	42	17	26	95	49	32	62	89	83	91	22	33	36	98	43	10	87	98	85	24	82	58	41	50	97	95	78	89	26	41	63	13	58	95	19	24	90	36	40	69	12	63	15	83	82	41	33	14	24	65	58	76	54	72	29	72	96	36	91	71	53	51	95	94	91	32	78	13	78	74	61	97	58	78	50	11	76	82	83	61	99	28	90	96	82	88	35	45	98	56	38	59	64	59	11	57	35	12	92	81	19	69	100	27	38	46	27	76	21	88	16	72	75	33	91	72	88	27	35	14	75	28	39	95	11	72	52	17	21	75	90	53	32	60	21	91	48	52	29	55	16	83	41	49	58	70	27	14	47	77	12	79	19	83	72	50	99	30	83	48	40	29	33	27	60	21	39	15	86	13	32	53	97	16	19	68	72	23
18	10	49	52	70	53	33	28	99	52	95	49	93	92	33	66	29	100	83	11	71	79	84	74	51	25	37	37	43	74	56	83	75	49	35	47	56	56	39	24	87	11	42	88	94	50	19	14	97	46	37	76	55	67	14	25	71	61	79	46	29	80	77	83	36	95	39	71	18	90	99	74	92	79	33	18	62	19	26	96	81	58	39	25	14	62	16	70	98	34	32	92	36	49	41	97	49	13	30	22	99	14	21	98	90	35	92	68	43	25	14	22	67	56	40	57	72	34	11	37	48	86	58	34	57	31	13	70	28	39	96	16	66	81	14	88	12	47	46	93	59	52	65	35	27	69	22	56	87	62	60	56	63	15	64	95	87	83	55	91	60	25	98	15	23	17	97	26	73	64	97	20	97	49	41	74	80	34	11	67	83	78	34	61	25	59	74	20	10	75	51	95	12	65	42	35	36	17	59	60	80	64	27	82	48	60	64	64	30	98	92	60	84	44	87	61	18	62	41	45	35	72	79	29	30	53	36	61	91	90	57	28	33	78	10	91	21	89	61	54	76	17	28	72	74	85	18	38	27	39	64	10	27	39	55	33	44	85	46	83	87	61	43	31	66	41	29	74	47	61	44	83	95	46	21	24	59	15	92	81	64	94	73	24	47	31	36	94	53	38	21	92	91	29	24	33	48	64	89	11	54	95	40	11	73	46	91	79	97	56	84	69	27	66	53	46	91	40	91	18	40	19	24	28	40	28	53	53	60	65	96	93	94	58	82	82	28	24	58	77	81	34	55	45	42	98	93	92	84	99	30	77	35	31	23	22	94	86	48	22	57	74	78	68	48	21	85	28	67	28	58	73	72	88	31	70	93	93	53	15	15	28	83	48	51	52	69	58	99	52	12	94	64	30	89	69	61	70	37	88	33	78	76	35	74	82	42	83	92	23	92	98	61	95	68	58	79	23	39	76	19	92	25	97	53	81	19	37	99	73	60	13	30	39	63	25	71	62	63	15	93	67	33	95	82	99	34	80	32	10	94	96	25	58	24	76	64	67	33	68	56	96	28	98	65	42	31	45	34	79	88	47	51	70	90	18	60	34	29	42	80	35	53	38	91	45	65	83	64	15	73	48	17	73	43	90	25	98	88	45
14	78	66	40	54	49	62	12	32	34	80	32	29	56	67	82	40	42	17	51	10	78	44	67	52	15	63	86	74	16	86	77	82	89	57	76	21	45	26	57	79	23	67	31	18	44	25	86	24	29	77	90	68	56	17	99	99	81	85	79	11	38	96	73	50	68	59	38	96	23	87	51	68	56	67	59	45	84	26	50	42	54	90	65	91	17	27	91	24	12	69	13	94	16	22	57	46	30	62	50	51	56	92	85	67	94	86	57	29	97	96	32	59	61	52	20	23	78	34	84	12	69	57	67	57	44	43	12	62	37	30	33	12	61	92	46	71	85	17	90	94	84	57	65	54	84	19	57	27	10	74	81	13	56	16	23	21	82	21	43	96	94	50	41	51	54	75	54	25	56	11	89	51	63	80	84	34	68	99	94	29	50	25	84	29	64	25	24	17	69	54	98	17	70	87	72	40	66	12	14	28	50	91	44	20	58	10	74	35	97	28	29	14	63	96	29	46	60	41	92	55	96	35	64	78	38	41	40	12	35	31	51	39	21	65	30	98	82	53	41	87	73	31	98	30	41	25	54	12	52	56	59	26	99	98	54	76	86	24	79	11	91	78	69	76	41	56	25	35	19	36	79	87	79	25	90	77	42	25	21	38	40	36	68	92	54	62	31	97	20	80	82	54	33	19	99	18	61	36	58	39	90	70	44	21	34	73	30	74	69	45	43	94	77	81	60	23	97	62	76	36	53	72	67	84	57	66	54	84	32	37	62	44	74	70	46	19	98	35	78	31	13	33	53	80	73	39	90	68	24	65	66	70	67	42	89	78	52	54	61	47	12	77	17	83	99	34	30	67	25	35	44	23	80	50	43	99	23	40	23	12	17	92	20	65	60	68	43	74	79	59	51	22	38	89	22	93	59	95	76	10	38	83	68	83	88	67	47	70	36	91	71	27	30	77	12	40	54	87	80	91	72	38	31	38	14	25	44	59	81	88	37	10	52	92	77	92	76	72	30	16	55	82	97	91	72	45	41	29	71	35	77	67	21	63	56	65	54	47	43	49	97	66	60	11	96	14	85	76	66	19	14	76	36	86	44	96	94	68	56	84	11	73	88	29	17	29	37	52	29	99	44	59	66	79	20	99	94	20	97
25	85	91	96	50	95	36	19	50	91	86	66	19	87	10	45	11	68	72	74	12	73	27	27	31	82	89	33	98	68	72	51	13	98	94	46	15	61	29	54	13	46	97	43	48	54	34	15	54	19	83	52	87	54	50	10	33	15	36	43	78	76	47	41	33	37	38	47	53	91	74	40	99	17	23	77	29	47	47	27	35	98	60	88	36	87	85	83	68	27	68	47	76	42	80	28	21	13	51	32	34	79	91	94	35	65	16	72	14	15	69	58	58	44	24	18	86	52	81	51	16	46	12	90	44	65	38	71	63	53	15	18	65	84	19	56	73	63	64	39	19	16	13	21	16	53	36	94	65	79	59	21	25	18	25	84	87	20	88	60	60	86	47	15	57	41	52	68	17	41	70	61	18	90	17	33	53	19	40	59	34	95	73	80	23	68	73	24	58	36	30	41	22	60	41	45	46	86	23	57	95	67	24	53	67	15	23	52	27	46	34	25	17	15	19	30	84	91	71	84	77	48	22	18	70	81	79	10	79	95	27	14	30	15	20	99	89	12	99	12	26	73	21	28	81	55	67	29	70	75	87	14	20	86	33	98	24	46	79	48	40	25	61	97	71	83	26	31	69	17	48	15	80	73	79	27	57	84	22	61	66	55	20	25	60	57	21	44	64	33	88	93	99	97	83	42	50	52	13	73	52	77	18	25	91	97	90	48	17	81	48	48	39	85	63	70	57	79	71	11	26	53	71	74	39	20	46	96	94	88	19	52	42	19	65	63	46	92	74	87	46	33	69	88	80	72	75	62	20	23	48	59	74	48	89	71	76	11	41	38	25	21	81	65	37	26	19	37	96	54	44	63	88	18	49	63	74	14	91	16	72	67	33	72	48	41	54	20	59	45	18	81	45	72	89	39	42	74	40	75	32	68	16	86	17	55	80	86	72	76	19	59	30	48	39	21	69	41	74	29	69	87	79	10	27	13	82	49	70	40	72	51	54	97	73	84	24	88	36	94	83	85	84	33	98	17	87	59	97	22	89	81	66	56	96	83	61	39	74	86	73	88	52	39	77	69	27	72	30	41	14	91	13	95	47	78	64	63	97	12	56	80	16	67	27	37	96	74	79	45	55	91	54	80	17	74	83	64	83	31
60	26	28	88	81	48	41	43	73	81	85	42	80	71	16	65	94	93	73	57	83	60	21	45	73	45	27	65	32	35	88	34	18	26	17	64	10	69	60	23	39	18	82	20	59	12	73	29	68	36	47	53	71	46	13	85	40	63	15	72	62	87	64	64	22	71	75	41	24	24	61	69	27	69	48	33	26	98	83	95	63	78	63	35	50	42	89	83	92	44	54	85	97	35	54	96	11	53	44	43	39	25	37	87	83	84	92	98	94	30	39	11	11	73	89	42	65	64	51	43	33	72	11	59	14	23	68	49	47	60	66	39	62	92	64	84	91	66	64	43	71	43	29	29	31	37	55	42	92	41	78	65	38	26	34	22	60	21	58	27	68	10	20	51	66	34	48	20	95	64	13	46	89	35	15	18	21	48	17	85	96	61	28	67	49	65	17	39	11	68	47	28	68	34	29	20	25	20	32	30	42	70	40	38	75	72	62	48	60	22	33	38	32	49	34	48	35	68	56	57	95	71	86	53	97	48	71	85	30	96	56	45	42	79	75	31	44	36	26	86	50	71	76	34	38	46	58	32	30	58	48	28	23	64	21	71	90	79	87	35	66	80	66	20	75	51	54	27	38	29	42	20	32	38	93	16	53	46	71	96	76	14	20	25	40	55	10	10	69	78	42	32	21	77	23	82	67	88	38	59	41	49	96	37	75	97	12	26	55	43	49	46	28	11	93	90	96	76	14	85	12	77	32	25	22	53	58	24	77	89	98	30	71	38	84	61	38	40	21	29	78	99	48	67	93	20	92	94	38	26	93	84	16	26	87	26	19	94	82	84	26	33	16	86	99	79	22	35	77	55	64	54	61	66	46	70	51	38	55	68	24	52	20	71	59	97	14	53	80	49	64	91	21	83	63	34	56	80	57	78	44	30	88	56	46	48	22	66	55	85	91	85	39	89	66	30	31	29	91	58	38	58	80	44	50	58	30	50	21	45	22	13	68	74	54	32	11	76	100	18	37	51	48	88	38	67	34	55	11	12	62	24	31	80	86	81	31	91	60	85	80	94	88	34	52	95	95	68	75	43	27	21	66	16	87	12	13	52	17	62	17	89	61	40	48	13	79	97	70	33	15	21	31	66	73	91	81	58	49	63
74	14	54	13	66	26	39	27	47	58	52	98	94	19	83	84	27	59	32	33	23	96	60	81	60	71	88	35	30	92	57	10	37	90	39	51	33	83	87	66	86	15	38	98	84	63	66	81	60	56	91	10	88	54	81	23	73	44	44	81	26	39	91	71	100	67	49	24	14	13	53	71	26	85	38	14	62	92	42	80	60	58	76	95	65	40	57	27	57	59	60	14	50	18	71	89	94	25	65	37	53	60	51	55	79	11	67	70	62	100	23	27	12	38	98	65	34	29	48	67	18	14	59	35	24	84	18	20	64	77	48	44	30	81	45	51	98	26	14	31	98	31	63	80	65	91	80	61	71	29	43	13	65	33	53	92	74	85	64	33	91	19	57	36	32	55	95	74	67	47	71	17	91	84	64	42	38	22	17	72	37	18	49	70	21	51	24	24	36	82	45	23	51	71	15	30	33	79	86	89	100	83	45	100	63	36	94	71	19	78	41	76	45	78	52	82	21	91	20	54	70	41	12	18	64	41	73	79	19	77	86	25	89	45	79	15	83	17	16	52	42	95	41	65	93	43	33	48	78	83	92	63	29	35	70	30	65	67	24	76	58	15	99	50	74	93	72	71	87	25	78	70	93	22	52	86	58	98	56	28	82	44	42	30	23	54	98	20	14	66	29	63	71	35	85	29	48	21	60	12	35	85	83	74	100	94	91	78	83	95	47	92	63	37	34	45	24	94	46	41	29	74	30	59	82	13	43	80	63	37	88	58	31	63	86	82	12	77	36	65	81	97	29	44	90	59	55	99	59	52	98	85	25	99	67	90	49	56	25	53	20	96	61	81	11	65	46	91	85	87	48	63	37	25	77	93	16	31	90	97	25	16	61	81	49	67	15	26	31	45	56	89	79	92	60	74	37	36	58	59	93	84	39	92	99	17	41	58	71	41	73	97	80	35	29	90	73	69	64	72	91	22	71	28	96	98	47	64	93	11	66	39	76	47	20	17	93	52	37	63	37	18	32	82	55	86	39	41	40	74	70	26	46	71	59	16	42	97	60	55	33	56	96	58	59	59	56	16	99	81	54	93	10	54	45	54	15	28	25	12	14	71	19	53	36	70	36	67	39	76	40	87	53	32	23	21	92	11	70	11
74	31	88	100	87	68	33	26	51	82	79	27	60	18	94	67	86	45	63	52	23	78	57	60	22	19	29	78	97	23	16	60	25	79	29	17	89	59	90	98	65	91	20	25	45	46	10	42	75	28	13	44	27	60	56	80	79	36	74	24	58	73	67	88	100	88	86	74	18	52	92	94	65	50	25	87	28	57	83	38	39	64	61	99	11	73	17	15	65	41	66	77	72	56	17	83	54	81	17	49	53	84	48	41	36	53	17	97	88	23	51	45	74	44	54	66	51	100	63	49	33	87	71	59	79	78	48	51	55	68	60	51	74	49	79	50	31	29	47	27	46	93	52	27	12	19	98	78	62	66	48	15	38	34	61	81	52	11	27	20	65	35	72	49	70	53	60	66	83	79	78	81	46	48	32	76	66	70	25	43	65	76	54	94	89	24	27	50	24	67	40	67	60	64	32	24	27	20	35	15	20	13	17	83	94	14	56	53	31	15	89	37	97	14	94	94	70	80	19	54	20	87	81	80	69	79	43	94	86	42	100	54	10	70	57	56	77	55	68	92	57	89	63	57	66	87	99	43	22	77	62	69	49	92	71	94	29	64	71	45	49	37	81	62	58	96	14	55	19	80	98	35	94	62	52	82	58	78	59	67	11	95	95	62	61	28	58	95	55	76	37	22	59	93	12	28	95	54	20	29	29	65	38	80	26	75	72	84	52	67	62	78	41	21	76	75	12	78	27	69	33	54	98	42	96	60	80	99	77	70	79	81	76	97	48	31	18	41	56	40	74	59	64	79	13	82	41	52	21	30	78	67	25	36	11	69	78	73	34	60	56	42	82	34	75	87	69	61	80	86	60	81	11	27	68	18	13	78	15	89	47	39	17	87	96	85	47	12	90	28	21	98	48	72	45	42	69	12	82	43	92	30	88	33	26	37	15	54	40	28	98	25	57	74	73	12	55	61	90	66	83	16	20	22	53	66	74	29	77	81	17	60	61	97	80	12	93	40	91	97	86	59	57	35	16	47	64	38	57	50	37	61	66	16	13	96	100	80	48	91	66	80	73	86	56	86	40	46	36	85	94	22	78	68	25	24	15	52	67	23	74	80	93	86	18	30	31	19	60	57	49	32	46	90	81	28	98	73	80	43
32	44	49	47	44	99	66	39	43	36	31	20	76	65	57	58	91	41	96	67	43	90	40	85	44	68	94	66	73	75	30	89	10	82	25	19	51	88	82	41	92	22	11	89	68	15	74	19	10	33	42	57	67	54	98	13	10	90	11	14	41	97	14	85	96	56	52	38	63	59	32	47	49	67	62	15	92	53	38	58	96	71	14	19	86	24	72	78	92	48	67	39	43	45	19	61	94	43	25	98	72	82	49	18	79	85	84	82	52	95	36	34	26	46	68	81	39	36	12	90	67	58	83	98	80	70	68	35	43	18	79	62	35	80	18	87	77	89	16	76	71	42	20	52	41	11	17	75	15	33	33	19	83	61	80	40	81	48	81	69	36	69	14	17	42	96	63	70	88	63	93	15	79	62	37	32	78	96	68	75	22	97	30	72	29	58	80	73	48	87	80	66	99	44	54	77	60	98	75	98	73	84	96	42	33	35	78	13	76	23	90	66	41	88	79	13	13	20	61	41	17	48	22	92	35	74	27	20	15	91	69	92	98	42	75	75	54	95	39	77	36	15	83	35	16	56	62	74	95	83	92	36	58	30	62	46	39	25	61	16	20	74	29	66	42	57	68	92	93	62	95	59	82	49	12	92	38	27	68	33	86	29	15	26	21	77	12	51	93	97	84	64	84	26	78	31	30	74	40	88	49	24	11	91	39	56	91	68	82	99	60	62	51	72	45	22	80	71	85	34	64	55	54	29	19	73	48	33	89	88	69	64	83	29	98	84	69	30	91	23	79	96	95	23	89	34	13	31	76	71	36	79	67	36	89	13	85	88	63	53	75	54	24	34	12	10	62	18	27	73	18	73	14	66	26	14	22	28	80	51	66	83	21	15	57	15	27	69	88	82	70	13	65	32	94	11	53	76	47	27	69	85	59	85	60	44	100	64	68	74	87	69	92	55	27	87	98	65	44	91	18	95	50	94	71	38	47	36	25	68	73	66	15	47	32	33	93	57	41	60	78	52	58	23	95	46	90	15	81	89	21	18	79	59	50	98	68	26	39	58	51	43	73	46	68	90	69	61	22	79	97	32	60	21	46	49	26	91	27	73	33	55	90	23	31	35	48	47	43	71	19	55	16	33	20	66	87	13	22	29
26	87	55	73	35	20	47	62	66	68	22	25	39	19	80	40	80	59	93	53	85	62	57	25	72	63	21	75	52	13	69	41	14	63	69	91	49	25	11	49	17	17	60	54	96	73	47	63	33	53	16	94	11	99	45	99	92	71	81	48	67	65	94	74	40	61	62	62	29	39	11	24	73	18	61	92	42	60	11	72	85	35	62	54	37	22	65	12	84	22	87	95	38	70	57	75	60	54	21	87	63	84	66	43	82	23	39	89	41	80	25	24	45	80	78	60	89	40	31	46	30	57	29	82	84	91	88	16	17	83	38	88	96	85	25	37	45	39	30	17	84	13	24	81	92	81	96	90	69	34	16	22	60	19	90	62	23	21	84	87	91	34	54	15	88	92	94	95	38	52	45	97	18	59	44	94	99	13	62	65	99	86	23	92	34	64	89	77	65	91	80	58	30	46	56	32	92	15	73	17	56	20	34	40	28	57	83	59	15	36	89	19	88	50	65	92	87	11	60	42	45	30	71	58	55	76	52	70	81	89	99	66	68	86	97	32	92	73	21	55	59	72	66	83	32	62	23	39	42	20	49	21	25	19	60	91	36	45	90	29	91	64	83	32	33	86	71	53	86	99	95	43	27	68	18	10	51	31	75	40	17	34	34	94	87	63	97	23	56	57	35	70	53	76	27	71	84	38	52	90	36	60	93	56	97	17	95	59	49	18	44	41	63	33	84	11	87	34	11	85	85	36	60	32	34	99	24	70	88	89	80	21	12	94	30	32	71	29	100	93	70	89	19	91	14	27	18	52	40	34	28	75	65	100	63	15	42	36	83	28	88	87	14	22	53	22	74	62	64	100	48	71	35	57	25	33	96	13	81	40	19	21	40	84	18	96	79	65	43	51	47	40	96	66	87	34	90	57	85	18	27	30	75	14	17	27	33	17	83	40	58	50	25	47	19	53	44	51	84	94	100	33	98	41	82	55	18	99	93	71	30	28	12	85	92	21	12	74	94	84	69	39	14	84	57	51	94	67	41	45	87	29	22	42	72	48	54	39	29	70	34	97	60	30	75	32	86	60	40	10	99	34	29	14	57	45	37	88	93	81	19	95	41	57	21	21	98	77	63	88	20	27	42	66	30	75	55	97	27	15
47	38	26	80	83	37	44	55	33	70	45	22	22	84	67	35	66	81	17	38	30	31	92	45	36	67	11	53	70	75	92	77	77	63	17	64	99	41	80	85	41	74	35	10	87	87	94	33	31	85	97	67	24	83	86	18	76	11	62	67	80	68	71	34	99	62	34	12	52	20	52	37	52	55	24	91	46	36	50	56	32	27	87	89	66	24	22	20	68	10	50	25	16	37	63	46	100	71	92	44	55	42	45	69	98	42	24	69	68	44	77	63	48	62	18	67	40	61	87	79	15	77	53	84	62	65	99	61	78	48	17	93	99	52	87	48	34	46	59	25	85	98	32	43	86	87	66	84	55	83	51	88	26	87	57	100	56	33	53	22	36	75	71	79	93	30	93	54	90	73	11	82	13	88	17	67	57	23	98	19	20	88	47	55	79	37	43	46	48	51	78	68	94	53	84	56	60	31	35	21	18	94	63	66	21	81	85	45	24	70	25	27	67	18	53	11	14	79	49	33	83	57	10	63	28	53	55	21	10	57	98	77	31	27	92	19	77	53	39	27	73	97	21	52	66	74	68	69	25	48	75	94	97	57	62	64	97	44	87	66	46	17	98	46	54	77	37	20	54	13	59	79	77	13	80	23	50	16	84	79	59	75	83	72	82	22	61	76	42	23	78	72	54	92	53	78	95	87	49	32	25	45	99	81	80	62	34	73	43	20	76	67	26	40	39	18	65	91	80	46	14	19	50	99	88	54	99	45	66	11	55	73	27	51	94	15	26	48	47	71	93	55	84	54	36	54	26	85	54	54	18	56	28	72	57	51	44	98	78	35	28	68	52	46	26	73	80	42	75	100	52	75	24	64	73	51	76	64	81	68	73	13	72	72	14	50	28	40	53	81	54	15	93	26	17	25	69	88	36	93	89	30	17	47	69	94	28	73	58	55	93	31	13	86	94	18	40	88	88	65	51	72	42	69	76	50	61	87	20	36	23	30	52	30	57	21	34	29	82	45	41	91	75	69	57	32	27	20	13	91	91	30	75	75	64	95	11	86	64	34	73	21	77	70	29	59	92	58	45	76	61	13	84	15	18	66	84	49	78	20	42	36	16	87	45	40	11	53	23	78	84	63	28	65	100	16	56	47	48	19
87	70	70	47	84	33	33	89	79	13	30	25	67	33	97	69	20	91	69	83	74	17	55	47	38	23	61	92	16	63	19	11	66	80	99	88	93	55	22	13	87	13	77	37	25	42	61	39	75	24	65	11	26	17	19	54	58	78	36	11	68	30	12	11	76	35	17	43	22	88	32	78	47	24	15	14	39	51	41	71	29	31	31	51	78	78	94	96	45	31	23	52	88	84	36	19	30	68	19	57	11	45	68	31	86	31	25	75	69	84	86	38	38	11	30	23	43	41	83	19	20	57	98	89	67	75	19	76	54	15	54	45	62	19	49	16	28	28	33	98	47	41	90	93	99	34	69	12	62	38	35	13	88	30	20	76	69	94	16	47	49	94	37	84	18	31	65	26	90	53	78	18	20	24	19	64	63	30	64	42	49	34	78	26	61	98	94	22	60	96	39	70	34	69	71	49	50	39	42	22	36	95	77	22	39	26	12	94	76	83	11	81	13	52	60	31	83	19	72	51	29	29	32	51	97	77	91	34	24	23	70	25	98	60	89	80	82	57	92	86	50	82	17	29	12	64	74	71	41	44	83	50	24	59	92	15	47	74	26	13	33	88	79	56	22	46	72	79	17	84	29	37	57	20	62	68	32	71	84	70	23	66	32	79	48	32	39	21	11	27	58	46	70	18	54	87	34	58	33	63	74	17	84	85	82	67	20	94	57	59	68	42	51	30	81	99	24	62	38	38	98	81	91	23	60	76	42	66	62	51	24	84	93	90	19	76	30	72	63	74	43	30	79	73	15	59	80	79	88	67	74	67	69	18	80	46	44	67	12	19	13	77	18	30	45	71	62	80	19	82	75	84	17	17	94	64	93	26	36	76	72	64	40	22	99	42	11	74	49	68	36	31	63	81	76	72	20	77	24	81	75	20	47	56	95	74	13	29	61	36	22	92	23	25	97	65	36	29	63	63	36	58	51	69	81	68	82	20	18	78	95	88	44	26	62	73	71	33	99	47	29	11	26	19	32	51	97	20	47	32	90	38	94	44	66	13	15	71	85	25	67	70	14	71	58	33	66	65	27	22	94	64	56	92	14	70	73	34	49	91	32	72	59	38	48	41	30	66	76	78	96	91	85	30	43	34	20	94	50	78
69	72	62	88	88	83	27	72	91	39	73	25	89	44	53	82	36	73	24	13	38	45	85	50	30	53	77	89	48	48	18	28	96	49	20	64	17	29	59	94	70	96	67	23	59	59	36	12	29	17	39	78	27	72	28	14	78	15	77	41	40	28	36	45	87	39	23	83	38	86	55	60	38	39	60	88	44	26	96	78	40	50	29	17	51	50	64	21	92	12	82	97	16	50	72	57	39	22	92	43	43	16	75	41	35	83	77	35	56	52	31	40	16	93	59	54	55	74	81	53	56	69	81	21	92	78	38	54	16	90	41	55	87	87	40	54	29	75	85	20	16	41	68	59	89	44	78	44	41	40	81	23	24	37	39	46	95	94	75	57	89	75	84	95	82	94	41	35	54	34	61	65	56	70	71	36	49	64	74	61	92	54	68	99	56	23	41	31	20	91	81	38	54	88	14	81	61	53	34	67	24	94	14	21	89	76	85	88	69	87	39	86	16	90	43	76	12	12	38	22	21	84	72	77	46	80	17	43	48	79	34	65	25	46	95	97	27	94	72	75	45	52	97	71	90	24	47	50	86	27	61	91	99	56	78	52	78	27	88	53	91	23	71	94	91	65	98	84	79	69	100	85	60	54	22	17	74	77	74	14	65	31	53	37	55	95	15	99	87	27	92	63	38	84	37	99	84	60	85	44	76	61	80	74	17	94	80	30	47	57	92	29	27	63	37	20	50	38	55	20	73	86	82	40	38	46	14	13	38	14	95	96	34	66	17	100	72	38	55	28	26	45	27	60	91	73	37	60	73	51	11	100	12	95	15	17	71	42	32	43	44	66	55	16	76	98	91	41	88	100	77	45	62	58	80	91	21	92	88	90	69	61	95	38	96	43	21	13	81	25	84	22	68	36	94	24	65	34	92	21	84	88	66	28	32	95	96	64	40	59	17	71	23	29	75	77	99	22	95	14	56	32	21	87	25	19	22	75	100	39	99	26	41	35	10	14	24	15	42	26	30	43	53	65	27	70	19	10	34	58	62	53	93	48	10	52	25	24	13	82	62	48	88	89	85	79	60	97	19	65	81	22	16	24	22	62	72	47	69	34	49	37	37	94	32	19	16	73	85	83	26	17	37	59	36	82	36	76	73	72
25	94	28	72	52	41	98	96	68	32	25	85	54	42	37	66	85	84	100	59	75	93	20	82	47	57	90	75	100	63	89	49	80	89	85	12	91	84	72	71	64	52	95	73	58	23	66	75	61	22	33	63	79	11	70	30	24	37	62	64	88	79	23	28	36	32	37	41	29	75	60	45	98	99	46	63	98	88	98	30	99	72	34	98	67	97	63	83	40	97	91	29	11	79	86	99	21	44	77	77	33	98	77	32	19	11	83	45	85	11	84	55	24	46	35	49	59	79	17	73	41	73	27	26	91	55	71	88	81	77	59	31	70	88	59	39	47	14	80	21	81	15	33	68	58	78	44	24	60	60	27	46	41	66	98	49	72	92	90	82	27	94	44	70	82	76	13	18	33	21	68	33	84	44	93	89	15	57	36	30	12	48	60	44	60	23	31	52	79	99	88	49	63	24	70	29	100	42	20	47	43	14	81	77	90	67	93	97	29	47	84	81	78	13	12	36	95	32	84	57	66	16	85	52	66	14	19	30	65	20	38	37	68	85	45	23	50	72	63	92	23	63	77	12	92	43	73	64	36	62	12	95	73	81	99	53	27	53	23	16	24	95	68	100	16	68	80	71	48	47	80	32	96	44	35	66	82	52	88	84	13	93	11	82	34	66	94	42	71	75	56	89	74	91	87	34	47	82	84	63	35	28	74	44	41	18	45	24	65	58	50	57	100	57	67	41	40	68	81	50	26	54	51	78	82	46	13	98	71	44	65	90	27	81	98	94	70	72	97	77	48	13	92	69	17	38	54	63	47	45	92	25	72	38	76	54	85	13	15	77	27	87	43	43	90	56	94	37	19	18	77	88	68	79	53	50	75	47	55	94	67	100	21	33	21	27	27	40	17	34	76	63	19	62	90	95	81	58	100	21	41	36	79	80	72	67	12	45	16	62	67	62	52	87	24	93	53	71	60	57	37	49	85	51	34	84	13	76	46	15	51	40	97	11	79	93	32	51	44	74	50	86	33	41	69	37	23	44	16	27	82	43	76	71	83	67	72	24	50	37	56	16	44	16	50	41	53	60	76	79	74	61	30	23	84	92	46	94	29	85	10	77	79	80	99	27	46	35	45	10	56	17	62	12	51	93	24	63	26	13
74	49	78	22	70	14	63	46	98	52	27	29	68	88	84	54	13	63	63	95	83	48	66	81	41	88	69	66	21	61	17	82	60	11	71	38	97	39	74	54	69	52	99	77	43	55	40	87	55	71	91	53	59	94	15	89	65	91	55	84	52	11	93	44	67	37	72	35	81	40	96	41	80	70	97	47	30	78	55	70	13	69	43	25	57	91	41	99	73	14	81	48	99	93	36	29	98	100	77	36	69	20	55	95	87	61	14	56	70	49	13	64	86	23	20	29	56	34	84	11	67	18	56	28	75	13	59	81	14	35	54	28	44	34	36	32	67	25	36	86	28	40	19	11	98	73	46	13	58	60	64	30	61	84	75	29	70	96	25	65	31	18	27	91	17	16	46	13	76	71	85	97	26	12	49	93	48	22	47	54	30	48	87	67	63	55	48	85	18	68	47	18	32	51	77	68	38	74	76	39	47	19	46	15	19	63	35	100	47	20	52	93	36	83	41	72	68	90	83	98	17	86	78	80	79	23	37	61	61	27	57	12	67	96	78	91	58	30	22	19	28	71	90	58	81	95	90	89	70	92	42	33	29	57	37	22	57	42	71	62	88	93	95	88	77	12	93	87	37	50	20	81	31	67	89	42	78	79	60	28	87	19	79	97	11	81	97	61	86	12	93	11	85	15	23	43	97	90	48	22	38	47	87	97	34	32	11	17	52	23	15	83	55	24	46	99	56	63	68	21	40	37	36	77	97	41	82	14	78	20	21	99	65	64	58	27	51	44	96	88	40	96	10	75	51	21	37	58	58	91	75	24	63	96	89	46	45	10	12	75	81	31	71	80	42	58	23	29	90	39	39	17	51	56	78	39	80	64	99	76	55	11	21	39	81	19	11	94	37	16	69	15	46	82	84	19	84	47	25	42	61	30	30	87	18	62	70	53	48	70	97	80	30	12	86	79	100	74	22	33	99	74	45	55	99	48	16	31	81	51	65	34	30	28	80	68	56	65	44	84	51	97	74	42	22	72	21	72	90	80	66	23	74	78	70	64	34	35	65	23	44	28	64	38	92	56	32	61	57	62	44	98	47	58	98	97	67	93	26	17	22	69	88	34	17	55	66	86	92	82	39	83	39	60	74	21	72	55	87	67
51	83	97	83	24	53	35	17	84	91	87	55	52	68	61	96	36	87	42	20	54	12	66	30	94	75	72	76	30	50	45	31	16	74	45	67	32	71	83	78	58	87	58	13	97	96	26	57	36	21	34	43	87	14	49	22	14	88	39	98	88	61	52	66	58	58	53	33	98	62	65	13	22	91	34	40	43	45	14	99	55	68	68	17	100	33	81	56	99	48	92	50	89	95	53	26	31	31	27	57	54	65	56	48	83	42	57	70	27	27	69	50	70	39	37	92	94	73	71	100	84	71	94	89	57	79	54	88	94	34	93	11	97	66	21	75	11	99	14	38	62	34	97	77	23	19	12	78	69	68	57	95	60	16	79	14	83	72	20	50	92	40	50	53	15	65	69	25	13	42	28	23	40	62	78	73	45	29	93	85	45	22	90	22	64	16	89	84	55	11	57	64	28	80	70	48	48	27	58	60	93	29	36	64	79	47	37	94	43	39	35	27	77	37	52	67	13	25	68	46	71	48	32	71	71	52	86	82	35	65	45	70	16	33	45	23	26	49	26	92	97	50	80	87	90	42	39	87	45	91	82	77	90	58	24	98	12	32	42	38	79	66	47	38	10	98	84	57	26	83	97	64	35	62	90	23	27	42	22	66	41	53	57	81	72	100	45	54	84	47	40	14	28	47	64	15	18	15	91	92	61	84	100	32	27	69	51	66	100	42	91	87	32	89	52	16	25	85	88	80	41	100	17	24	63	33	18	84	90	91	51	74	49	34	51	61	82	26	56	76	90	46	25	23	75	86	83	29	39	19	93	21	20	51	68	71	25	99	84	32	56	61	12	83	63	97	73	56	80	21	33	23	81	31	94	34	74	99	91	14	60	46	53	63	15	12	75	50	59	24	80	58	55	32	11	53	95	16	91	58	40	75	36	35	71	98	54	88	23	47	32	90	62	72	60	27	70	56	36	59	17	21	38	83	68	89	51	45	74	59	67	92	79	96	36	73	57	21	92	100	65	98	54	73	13	62	62	87	93	84	14	74	71	57	43	49	49	50	34	43	47	47	55	55	11	47	15	86	49	83	87	30	66	58	86	37	42	86	42	76	44	80	14	29	45	90	94	95	48	75	16	49	13	96	31	49	67	39	30	35
wj																																																																																																																																																																																																																																																																																																																																																																																																																																																																																																																			
85	33	77	82	33	7	71	82	20	49	2	63	28	79	66	73	45	15	58	96	7	71	7	28	30	26	53	57	62	33	62	100	75	25	14	86	76	94	71	87	18	12	7	35	84	4	75	25	65	95	31	53	9	12	21	85	55	31	54	71	16	31	69	77	5	67	76	83	47	70	76	38	57	59	24	24	69	9	43	5	46	57	49	63	43	21	89	80	17	13	46	10	56	58	79	97	62	82	93	23	93	90	13	41	82	13	30	61	34	29	7	92	82	13	24	92	96	59	43	81	66	51	32	80	65	48	13	64	59	18	33	37	23	42	86	38	15	17	35	15	16	92	8	58	60	5	18	82	23	63	34	50	62	73	80	15	29	41	82	32	77	46	48	99	65	44	83	16	90	49	56	7	32	33	70	82	26	20	16	10	35	39	36	40	25	83	57	6	15	36	63	57	54	58	39	56	50	90	41	71	96	65	24	77	53	90	95	48	27	29	47	95	57	79	11	44	38	48	96	99	50	6	52	60	24	79	61	63	80	51	59	79	88	33	63	82	58	99	42	66	66	7	7	24	43	34	55	7	44	98	55	29	7	54	24	97	36	92	20	51	8	83	53	59	6	86	4	87	73	8	69	63	76	88	83	35	89	86	89	94	89	60	59	84	38	31	22	8	46	6	2	19	36	91	80	77	5	86	52	43	50	55	95	9	27	47	18	20	32	36	20	6	52	88	2	30	8	100	1	51	96	96	2	38	76	51	94	75	16	31	40	54	100	85	15	98	49	13	41	38	91	66	7	30	5	23	86	71	55	41	34	20	26	36	61	17	60	6	11	95	59	68	79	53	32	36	29	22	45	79	96	38	59	93	57	66	82	45	2	44	14	79	56	47	30	59	25	99	24	48	19	27	31	25	45	96	29	7	91	34	46	50	8	41	55	6	9	14	69	41	91	41	71	64	10	65	87	10	87	90	68	50	90	39	23	61	95	29	7	97	85	15	77	38	32	41	19	15	61	82	57	97	8	52	88	49	97	37	86	44	29	93	56	70	29	24	7	62	58	74	48	79	80	10	20	85	95	83	43	40	23	30	81	19	30	53	51	36	61	49	25	11	96	5	78	53	81	68	62	35	100	8	24	59	86	25	92	31	89	14
