pij																																																																																																																																																																																																																																																																																																																																																																																																																																																																																																																																																																																																																																																																																																																																																																																																																															
79	78	85	82	86	81	80	85	81	79	86	80	83	83	84	80	87	82	80	84	86	79	84	87	85	80	83	80	78	86	82	82	84	82	83	77	79	84	83	78	83	84	78	79	83	85	81	86	81	84	82	86	85	81	78	77	86	86	86	84	79	81	81	83	81	86	79	82	85	79	82	77	83	83	86	84	87	82	83	87	81	86	78	85	85	78	78	86	86	77	84	81	79	77	84	78	85	78	81	84	85	82	84	86	83	81	83	86	83	81	82	84	83	85	79	86	81	77	84	82	85	78	80	79	79	78	81	83	85	83	78	86	86	79	85	86	85	83	85	81	83	86	85	85	83	82	83	86	78	87	87	82	85	82	80	86	79	82	86	80	79	79	79	83	85	81	85	85	78	85	84	83	86	78	85	79	85	81	83	86	80	79	81	78	80	87	85	78	85	82	83	80	80	78	79	87	81	84	80	83	78	82	78	86	84	78	85	83	80	80	77	86	80	79	80	81	83	80	85	81	81	80	82	86	79	84	79	82	83	87	83	86	77	81	82	81	86	79	84	82	83	84	85	85	79	87	78	83	82	79	85	81	84	84	77	81	79	85	80	78	82	78	81	81	78	79	84	84	84	81	86	82	85	79	85	79	87	83	79	77	84	87	87	78	84	82	79	82	80	84	79	81	85	80	85	87	87	84	78	87	81	81	83	82	81	84	86	82	84	78	80	81	82	79	87	77	79	80	86	86	82	87	82	85	78	81	80	80	86	81	83	81	80	78	86	80	84	84	85	85	86	80	82	81	78	85	82	84	82	81	79	82	84	79	78	80	86	85	82	86	79	77	80	83	83	82	86	85	78	86	84	80	79	86	83	84	86	85	80	81	77	81	79	81	82	80	78	78	83	81	79	84	78	78	84	85	85	79	81	87	83	78	78	79	86	81	85	86	79	83	86	79	77	84	87	79	84	85	77	86	78	79	82	82	80	77	79	85	81	82	84	84	85	79	77	82	79	82	83	81	81	84	82	78	79	80	78	79	79	78	82	85	77	84	82	84	82	87	87	77	82	85	84	87	79	84	83	81	82	78	78	83	87	84	85	80	86	82	80	84	84	87	86	80	85	82	82	86	81	80	87	83	81	81	84	85	81	81	81	77	80	77	82	78	81	81	79	78	82	83	82	84	85	85	80	84	79	82	87	82	77	84	83	87	78	87	87	84	83	85	84	87	80	86	77	79	77	79	82	81	85	79	81	86	83	83	83	82	82	82	84	78	82	84	77	79	81	78	78	86	79	81	80	77	85	86	83	86	82	82	80	82	87	81	80	83	82	78	86	80	78	77	86	80	80	81	86	80	83	81	79	78	86	87	81	86	86	82	82	78	87	84	80	83	85	77	79	79	79	79	78	78	84	87	85	77	79	79	79	86	81	85	87	78	82	85	78	87	82	81	78	84	81	81	79	83	86	80	82	78	82	80	83	79	80	83	77	86	80	82	84	77	87	84	86	82	85	86	83	80	83	86	82	87	80	78	84	80	78	85	78	83	83	84	83	87	81	84	79	83	79	83	85	81	83	81	86	78	84	86	85	87	86	77	80	80	78	83	83	83	85	79	77	86	80	79	77	84	82	78	81	81	82	78	80	83	87	86	83	85	77	81	79	85	85	79	85	80	80	80	80	83	80	79	79	79	85	80	83	82	84	87	84	84	81	82	79	79	86	85	84	81	84	85	82	81	83	77	85	77	85	80	80	79	78	84	84	80	87	82	80	79	83	79	84	77	82	83	84	78	81	85	83	82	86	82	79	83	80	85	78	86	80	83	83	85	85	80	80	82
78	80	78	84	84	84	81	83	83	78	82	77	77	85	84	84	75	77	78	79	79	76	80	78	83	78	82	75	84	80	80	83	84	84	77	83	79	78	78	80	83	81	75	80	78	76	78	81	84	76	75	84	82	80	85	78	81	85	76	83	82	77	77	83	79	83	78	75	75	79	83	81	78	83	79	76	78	82	81	76	81	77	81	85	78	75	81	76	85	78	75	80	76	79	80	84	77	84	82	83	83	77	79	81	77	77	84	84	78	75	79	84	77	80	79	84	82	83	77	81	76	81	75	81	79	83	81	76	79	80	81	78	82	77	81	81	82	82	77	83	76	79	80	78	85	79	76	83	79	84	85	76	76	79	80	76	82	77	79	84	77	85	77	80	80	84	77	80	79	83	81	79	83	79	85	85	77	77	76	83	85	76	77	82	75	77	84	80	75	77	79	84	83	78	77	77	79	83	82	76	77	76	79	83	85	76	82	79	79	80	83	81	76	84	83	77	75	79	78	79	82	78	78	78	82	85	78	82	79	78	81	84	79	79	84	78	79	81	84	81	81	81	77	76	79	75	80	83	82	82	83	84	83	79	77	81	81	84	76	81	78	80	84	83	80	78	80	76	83	83	75	85	79	82	84	84	78	82	83	79	82	80	76	82	84	77	77	79	82	81	77	77	77	80	84	83	81	78	81	81	83	84	81	78	76	75	84	80	84	82	79	80	85	77	80	76	78	77	82	84	75	79	85	78	76	77	77	78	81	81	77	76	77	82	83	83	84	78	77	79	82	79	79	81	83	78	80	82	77	77	77	81	76	77	80	77	77	79	79	80	77	83	81	77	78	80	75	78	83	80	82	76	79	80	78	84	80	77	79	83	82	80	76	79	80	76	79	76	76	79	80	77	83	78	81	82	80	80	78	76	76	75	76	85	81	82	83	84	77	84	76	77	75	79	82	80	82	79	82	80	81	81	81	80	78	76	76	80	84	82	79	79	81	82	80	77	81	81	78	75	78	83	82	82	75	81	75	80	84	84	83	75	80	78	80	76	79	81	82	77	76	85	82	83	85	81	75	79	77	80	82	85	81	81	83	76	76	76	81	84	81	79	80	75	84	83	81	76	83	80	77	83	79	82	80	82	84	82	82	81	79	80	81	81	79	80	81	78	77	83	78	84	80	84	84	76	78	78	79	77	75	83	79	81	84	80	81	82	80	78	77	80	77	83	78	81	76	80	80	85	76	82	79	81	80	77	76	78	84	85	78	84	79	80	80	77	78	77	76	76	82	79	81	81	82	81	80	80	80	79	83	84	80	82	80	79	81	85	77	81	80	77	76	83	83	81	75	85	78	79	84	76	85	84	75	79	78	77	78	78	82	80	81	82	80	76	78	78	82	84	81	75	83	81	82	77	80	80	77	82	82	84	76	80	76	84	82	80	81	76	84	84	76	80	83	80	77	77	82	76	80	84	84	77	80	77	79	80	81	84	82	81	79	81	83	76	81	83	79	80	77	80	76	75	82	76	77	79	82	78	84	76	77	84	82	81	81	84	77	77	81	84	77	82	75	76	78	76	82	76	78	83	80	83	84	77	84	79	76	84	85	78	80	77	83	80	77	80	77	78	83	82	81	75	83	82	77	82	78	75	77	78	85	80	75	81	83	77	84	85	78	84	81	77	80	84	85	79	80	81	80	81	81	78	77	79	76	77	78	77	78	76	76	78	75	79	85	79	84	84	81	82	78	83	84	81	82	84	76	75	75	85	81	78	75	84	83	78	78	79	76	84	81	79	85	85	81	83	77	78	77	82	79	76	76	80	83	79	79	84
93	91	89	93	96	96	96	97	93	98	90	93	99	97	97	98	90	95	93	94	98	92	90	93	92	93	99	97	90	93	97	90	94	91	96	98	91	94	95	98	95	96	97	90	97	94	95	92	93	97	99	92	90	92	90	92	98	91	99	94	95	97	94	96	94	97	91	91	95	96	99	97	92	89	95	95	93	95	95	92	93	97	94	91	93	95	89	93	94	97	97	96	91	93	94	92	90	99	95	97	92	98	98	93	95	96	93	96	94	92	90	94	93	94	95	98	98	94	99	93	96	93	96	90	98	92	91	94	94	92	98	93	96	95	98	93	94	98	91	97	92	98	90	96	92	90	93	90	98	97	98	92	94	91	97	97	94	94	94	92	91	92	92	90	92	94	98	95	92	92	99	91	97	90	93	93	95	91	90	99	95	94	95	93	90	95	92	92	96	91	93	95	96	93	95	96	90	91	98	93	98	98	96	96	90	92	96	91	98	98	92	91	92	91	91	91	95	92	91	96	90	90	97	95	92	98	98	97	90	92	95	98	97	95	95	93	94	97	95	91	89	95	93	92	95	90	98	92	95	96	99	98	91	90	94	97	98	93	90	97	98	98	99	95	92	90	93	98	96	96	99	98	89	95	97	99	95	94	94	93	99	93	99	98	94	97	99	90	89	94	97	98	95	96	90	90	91	93	93	94	90	90	95	91	93	97	90	90	95	98	97	95	96	94	92	98	94	97	90	92	93	98	94	89	95	94	90	98	92	90	92	99	96	90	93	92	90	91	97	98	97	98	97	94	94	94	95	90	95	94	92	94	91	99	92	90	90	93	91	98	94	90	93	91	94	94	96	92	98	98	96	91	92	93	94	90	98	89	92	90	94	96	93	92	96	96	98	92	96	98	92	90	91	90	93	91	99	94	92	98	90	97	92	94	99	96	93	89	91	91	93	90	91	93	96	95	97	93	98	89	91	89	94	91	98	90	98	89	94	97	93	91	98	91	95	98	97	99	99	97	97	93	97	90	90	94	91	91	93	99	93	97	99	89	98	96	95	97	96	96	91	96	96	92	92	97	97	96	96	94	92	98	94	89	90	92	89	99	94	96	96	94	92	96	90	95	98	93	95	90	96	97	96	95	90	97	90	89	98	96	98	90	90	89	91	91	95	96	90	98	94	94	96	98	90	97	91	94	93	95	90	92	91	89	92	97	91	95	97	98	91	97	90	89	98	97	97	92	98	96	92	98	94	94	91	91	95	91	98	90	95	97	96	91	97	96	92	91	95	99	89	91	97	98	89	91	99	94	98	99	94	95	99	98	92	98	92	94	95	96	90	96	91	93	94	98	97	93	95	94	97	89	90	90	91	89	90	95	98	96	97	89	97	95	92	93	91	93	95	98	89	95	92	94	95	94	98	90	99	96	95	89	94	95	97	91	97	93	90	90	97	95	93	93	91	94	90	99	97	91	90	91	91	92	97	93	92	93	91	97	90	97	92	90	95	94	98	98	94	97	99	91	93	93	93	99	95	89	96	93	95	96	96	91	94	91	90	92	90	98	94	96	96	99	97	96	93	92	97	98	96	90	90	97	95	91	92	92	92	98	93	96	96	93	93	97	91	94	91	91	97	95	99	91	94	93	90	97	92	90	96	93	94	94	97	99	96	93	95	95	97	94	93	93	95	91	98	92	89	90	96	95	91	94	92	93	99	94	90	89	90	94	92	96	92	98	94	97	89	96	94	95	94	93	90	96	96	96	96	89	91	91	90	98	94	99	98	97	98	94	90	93	94	94	97	91	93	93	94	95	95	89	97	97	96	90	91	94	95	99
94	86	92	91	93	87	95	88	93	87	94	87	89	94	91	88	90	87	91	89	90	89	96	88	91	92	90	92	94	93	91	94	87	95	89	89	92	91	90	95	88	87	89	95	88	89	95	90	92	86	93	91	88	87	92	93	93	92	92	88	90	88	94	89	90	92	93	90	88	89	88	89	89	92	94	89	94	92	87	95	95	90	88	94	87	88	95	88	87	86	93	89	91	95	87	96	93	88	89	95	93	92	90	94	93	88	94	91	93	87	91	90	90	95	87	90	91	91	92	94	91	91	95	93	89	86	92	94	94	95	95	90	94	90	92	95	87	92	86	87	94	96	87	91	88	96	88	88	89	90	91	87	95	95	91	91	92	91	88	91	86	95	89	94	88	92	88	91	92	90	92	90	89	91	88	92	94	91	93	92	95	95	94	95	94	94	86	94	92	91	93	87	94	91	91	92	95	88	88	86	90	90	89	92	92	92	91	94	94	90	86	94	93	94	90	87	91	90	88	92	94	95	94	92	89	89	89	93	90	87	93	90	91	91	90	90	89	88	89	90	86	92	96	89	93	88	96	87	89	93	86	94	88	90	95	90	88	87	87	90	87	91	89	89	92	94	92	87	90	87	93	90	93	86	95	91	90	88	90	91	89	93	89	95	87	92	88	90	87	91	89	93	86	88	92	94	96	96	93	87	93	95	89	93	94	89	96	90	93	93	91	87	91	89	96	89	93	95	94	92	86	96	93	90	87	95	93	93	91	90	95	87	92	96	86	90	86	94	95	91	87	91	87	88	94	88	88	94	95	93	94	88	87	89	94	91	89	94	94	96	90	89	91	90	94	93	87	89	94	90	91	90	89	94	93	88	91	88	88	87	91	87	92	87	89	89	95	93	88	87	94	96	94	94	93	93	89	91	96	95	93	90	93	88	89	88	90	93	87	95	95	86	89	90	90	90	93	89	91	87	86	93	94	86	95	87	92	94	93	89	96	87	95	87	95	94	93	92	92	87	87	89	95	87	91	92	88	91	88	94	95	93	91	87	89	89	95	90	89	87	86	93	94	89	96	94	96	96	91	95	95	94	90	95	90	96	95	88	92	93	91	95	90	96	91	89	96	88	89	86	93	94	88	93	87	95	87	86	92	94	88	89	95	94	93	88	86	91	87	91	93	91	87	94	91	92	90	87	88	88	91	95	93	92	91	93	92	87	86	95	92	94	86	91	90	89	89	87	88	96	96	88	90	92	87	90	86	92	89	89	96	87	88	92	93	87	89	89	86	94	90	87	92	92	93	87	89	90	92	88	94	88	89	92	96	87	92	94	87	96	94	92	89	90	89	91	91	86	89	93	95	92	92	92	94	87	94	90	95	91	87	88	96	94	92	96	86	89	95	93	96	96	90	87	93	95	87	90	89	92	90	95	92	90	96	93	93	95	87	90	92	92	89	86	94	94	87	92	88	94	96	89	91	91	86	93	94	88	87	91	88	87	92	90	92	92	91	94	88	92	91	91	86	94	90	87	86	93	92	94	91	93	88	92	87	91	92	87	87	94	92	89	86	89	95	89	91	87	88	91	87	88	92	89	90	95	91	88	94	94	86	96	94	94	86	89	88	86	88	95	89	91	94	91	93	88	91	95	92	92	96	87	92	92	92	89	95	95	92	87	94	87	91	95	90	87	89	89	90	93	96	90	94	95	93	92	91	95	90	89	94	87	90	86	89	90	95	92	96	86	90	95	95	95	92	89	90	90	93	90	93	90	95	94	95	89	90	88	95	93	87	88	96	87	91	92	89	90	95	93	94	96	94	92	95	90	89	89	90	89
9	8	3	6	9	4	6	11	8	11	5	10	8	3	5	3	2	9	8	8	12	8	8	11	8	5	3	5	9	11	7	3	11	6	3	4	12	8	2	2	8	10	2	9	11	3	2	5	10	10	10	6	6	10	5	7	6	10	12	8	11	6	10	11	5	11	5	4	10	8	7	5	9	8	9	6	2	11	4	6	4	5	8	7	10	9	5	10	8	11	2	5	7	12	11	10	7	10	3	3	11	3	4	9	8	3	2	11	4	5	5	12	6	10	3	11	6	7	6	9	7	6	3	3	10	7	5	2	5	8	10	5	6	4	11	10	9	3	5	11	5	8	8	3	4	9	6	3	5	6	11	4	7	5	8	6	3	9	9	2	8	10	5	10	11	11	5	11	7	8	9	12	7	8	7	4	10	10	7	7	8	4	11	6	6	5	8	5	4	11	11	12	9	11	3	5	4	11	8	7	4	2	9	3	6	7	4	11	5	5	10	5	3	10	8	5	9	7	7	10	5	11	5	5	3	6	4	5	4	7	11	5	2	5	3	6	11	3	10	8	5	9	8	12	6	6	10	7	7	7	10	5	7	5	9	3	3	7	4	12	9	9	3	7	5	8	6	6	10	11	12	6	11	6	5	10	6	4	11	4	3	4	8	2	7	10	5	3	11	8	4	6	7	9	8	7	9	2	10	10	4	4	7	5	8	8	11	7	5	11	10	7	9	3	2	8	6	6	4	4	5	4	9	6	8	9	3	11	7	7	9	2	6	7	9	8	11	3	3	9	5	4	10	10	5	5	7	9	4	9	6	9	9	10	11	3	11	2	9	6	4	2	3	6	5	10	2	7	10	6	12	9	3	11	8	5	11	6	3	2	9	9	11	11	3	10	3	3	12	7	5	8	2	6	3	7	5	11	3	4	3	8	3	10	3	11	12	7	8	12	3	10	2	3	6	7	12	5	4	10	9	8	2	4	7	6	7	11	4	7	7	10	8	9	2	8	7	12	10	6	12	10	7	9	5	7	8	7	10	9	10	7	8	10	10	11	5	3	9	11	9	7	9	5	3	9	3	5	2	8	9	4	11	10	9	9	9	9	10	9	9	8	6	3	2	10	7	11	6	9	11	5	2	7	5	6	4	5	4	4	8	9	10	4	10	6	6	4	7	9	9	7	11	11	3	9	12	6	10	2	7	10	2	3	3	8	3	3	2	7	12	11	9	2	4	12	3	11	9	8	8	5	7	4	10	9	9	6	5	3	9	6	5	2	6	9	10	4	7	8	4	2	9	2	2	8	6	12	10	9	10	9	3	4	6	2	9	12	4	3	8	2	9	6	11	10	4	11	11	3	4	8	11	4	5	4	11	9	10	4	9	4	10	7	10	7	10	3	10	3	9	9	5	9	7	8	5	8	9	7	4	6	8	3	5	11	8	9	8	5	5	5	5	7	7	6	7	7	5	7	7	7	10	8	6	7	7	8	3	2	10	5	2	12	7	9	8	11	6	8	9	8	8	8	8	8	6	7	11	4	3	2	6	4	12	5	3	11	4	7	7	11	11	11	5	11	7	10	4	6	4	3	10	3	11	8	4	12	10	5	8	6	8	5	12	9	10	6	7	10	10	8	5	10	4	4	3	5	10	11	4	4	4	6	4	9	10	6	5	11	9	9	8	6	12	4	9	7	11	9	3	6	9	10	5	8	10	8	4	9	6	4	3	10	6	7	3	7	11	10	8	11	9	6	4	10	3	4	6	10	10	3	6	3	10	5	3	5	8	12	6	5	3	3	11	4	6	6	2	10	3	10	6	5	7	3	6	5	4	6
40	32	32	37	33	41	37	38	38	31	34	40	39	37	37	33	38	33	38	35	35	34	39	38	39	32	36	33	34	41	39	32	39	31	32	35	40	39	39	33	39	35	33	37	34	34	36	35	35	40	35	38	36	41	35	33	36	31	37	32	36	32	41	37	37	34	36	40	33	38	36	34	33	41	38	38	35	31	35	35	32	32	36	34	34	34	34	36	34	35	34	37	34	38	40	33	39	32	40	33	35	41	32	35	36	33	38	32	38	38	40	37	41	38	37	32	33	39	35	33	35	40	37	38	37	35	34	32	37	39	36	34	35	35	37	36	34	37	37	36	36	32	36	36	37	33	35	34	41	39	37	40	38	40	35	40	39	36	35	37	38	33	34	39	39	31	32	37	34	32	31	38	35	40	38	36	40	34	37	39	36	36	34	35	38	37	36	39	32	35	38	32	35	37	38	36	39	40	39	39	34	37	34	40	38	37	40	33	39	37	40	34	34	34	31	41	37	39	31	34	39	31	38	39	31	37	32	36	37	41	41	40	39	39	38	31	40	34	35	40	37	34	32	33	32	35	35	39	41	41	39	33	34	39	38	36	33	33	34	35	39	36	41	37	40	39	33	36	37	33	38	33	36	33	40	39	36	32	36	31	40	32	39	34	33	39	38	32	33	35	32	31	35	34	35	35	34	41	32	33	32	38	40	37	33	36	34	36	40	32	32	38	32	34	32	39	40	36	33	35	32	37	34	37	36	36	33	33	37	37	40	34	37	36	32	32	36	35	39	34	39	38	41	39	33	38	36	39	40	38	39	40	40	34	32	38	36	41	41	32	33	35	40	31	36	32	35	40	35	31	34	35	37	33	41	35	35	37	32	34	35	33	33	31	33	40	35	39	32	38	39	33	36	40	40	31	35	41	39	35	35	40	39	40	40	36	34	39	37	40	33	34	33	37	38	39	36	38	32	39	40	39	38	35	33	31	39	36	36	37	39	33	39	31	37	37	37	36	36	38	33	38	38	40	34	40	37	38	35	34	33	41	34	37	33	32	40	33	34	32	35	32	33	35	32	41	38	38	33	40	36	39	33	36	34	33	40	36	38	32	34	31	35	32	32	32	36	39	40	40	36	33	33	35	34	36	41	35	37	36	36	37	33	39	38	31	35	37	37	40	39	34	35	36	37	34	38	40	41	37	39	39	34	34	39	33	37	32	39	34	33	33	38	39	36	32	36	38	36	37	40	39	36	39	36	37	32	35	33	32	36	31	38	39	34	32	37	32	36	35	36	35	39	41	32	38	34	40	35	37	36	36	35	40	38	41	41	41	37	39	40	38	39	35	36	35	35	36	33	40	36	31	34	40	39	31	31	40	36	40	32	39	33	34	38	38	40	41	40	40	34	38	32	37	38	35	36	33	39	33	37	31	33	32	38	34	37	36	33	33	34	40	39	34	40	35	37	38	40	34	32	32	40	41	33	38	39	41	34	38	39	35	39	41	40	39	40	32	38	33	35	31	38	35	36	32	36	32	39	36	35	38	41	33	34	38	41	39	38	35	37	37	36	36	34	41	41	41	38	36	37	38	39	35	35	38	33	40	34	34	39	39	36	33	35	32	37	32	36	39	31	32	31	36	33	36	32	40	38	40	32	39	40	40	35	32	34	33	41	32	40	33	39	38	36	37	36	34	39	39	35	34	39	35	37	40	39	38	35	38	39	35	40	33	33	35	37	34	39	31	34	40	41	39	35	32	39	37	32	33	38	40	33	33	40	41	32	37	34	34	36	39	38	38	33	38	34	31	34	38	34	39	39	39	35	34	32	40	38	37
22	17	15	22	18	23	21	22	20	22	19	19	20	17	20	17	16	19	25	17	15	22	19	25	18	19	25	20	23	18	21	24	17	15	23	17	24	15	16	21	22	25	19	24	15	18	23	15	19	21	19	16	16	22	24	23	16	18	20	24	20	16	25	25	23	22	15	21	23	22	18	22	18	17	20	18	17	15	20	17	15	20	16	20	25	21	17	18	25	25	24	22	19	17	18	24	20	20	17	21	21	24	16	22	22	21	24	16	23	17	23	19	16	21	16	25	23	16	24	25	24	17	21	20	25	24	21	22	23	25	19	24	20	20	19	22	23	19	19	19	20	24	24	24	23	24	21	24	20	22	23	18	23	22	15	24	20	16	22	16	16	18	15	16	25	17	21	23	24	18	18	15	18	23	16	20	21	16	23	23	21	19	21	16	17	22	22	21	22	17	18	17	16	23	20	23	20	16	17	24	17	17	16	24	18	22	21	20	17	24	24	20	24	16	24	25	19	17	18	20	21	17	23	21	20	25	24	25	22	20	19	16	21	16	22	21	21	23	24	22	21	23	21	22	23	17	24	22	22	24	16	24	25	24	24	15	21	20	25	21	18	19	16	25	21	16	21	19	18	19	21	17	21	16	18	20	18	22	20	22	18	22	24	25	22	17	21	17	24	19	16	24	23	20	17	24	21	23	21	18	19	16	18	18	19	20	18	16	23	17	20	17	16	18	16	24	20	19	17	20	22	21	16	19	19	24	18	18	16	23	24	19	24	20	22	24	19	16	18	21	16	16	23	20	24	15	19	22	22	22	21	17	24	15	24	22	17	24	19	22	22	23	23	22	24	15	19	24	16	25	22	22	22	18	16	21	20	21	20	18	20	17	15	17	24	16	17	22	20	16	18	20	21	15	21	21	16	23	17	21	22	24	16	24	18	21	18	19	21	19	18	23	20	23	18	20	22	21	20	23	21	19	22	19	21	23	18	20	17	23	17	16	22	19	23	18	15	21	18	22	22	19	20	15	22	23	17	25	23	18	22	18	24	21	24	15	24	24	17	19	16	24	23	20	20	23	23	21	19	25	15	19	18	23	21	22	20	20	15	17	19	22	21	17	16	25	25	24	24	24	19	19	15	17	19	16	17	22	20	22	16	16	17	24	16	22	20	18	16	24	22	23	20	20	20	17	23	17	24	17	19	17	20	23	22	24	24	24	17	22	16	20	24	20	19	21	22	22	25	18	24	20	19	17	16	19	19	15	19	16	24	16	23	24	21	17	17	16	18	18	16	20	19	18	20	16	24	24	15	15	16	22	18	19	17	17	24	17	23	24	21	24	19	24	16	18	24	22	21	21	18	20	22	19	16	21	18	23	17	17	23	25	19	23	16	17	25	19	17	19	21	22	17	24	22	23	23	19	21	19	16	24	17	20	20	17	15	20	22	20	20	20	20	24	22	16	22	22	21	23	24	18	15	24	19	16	25	20	19	21	20	19	21	24	17	16	15	23	25	21	17	18	15	24	15	17	20	19	16	19	22	15	21	21	15	24	20	20	17	19	15	22	21	17	23	25	20	23	16	16	17	17	19	18	16	20	19	19	16	19	19	23	23	20	18	19	23	24	19	24	24	22	25	21	16	16	23	24	23	20	21	15	23	19	17	19	18	19	24	21	17	18	20	16	22	15	23	16	25	24	23	25	21	15	18	23	15	23	20	25	21	24	15	22	24	23	20	19	25	21	16	25	19	22	22	20	20	20	23	16	20	15	21	18	24	23	22	20	22	18	24	20	19	19	23	16	16	22	20	25	20	18	19	22	17	17	25	22	23	25
32	30	24	34	26	26	28	32	29	29	33	25	27	25	33	28	26	34	30	33	26	26	32	29	26	28	29	31	26	32	32	33	31	27	28	31	26	25	27	30	31	32	33	34	26	33	25	30	26	30	28	30	33	28	31	32	31	33	29	30	29	34	28	25	33	28	33	28	32	27	31	31	26	32	27	28	34	32	33	26	27	30	34	27	26	24	28	28	28	25	33	29	30	25	28	28	26	33	33	28	32	31	28	32	26	28	33	27	29	27	27	28	30	24	30	27	30	25	26	33	31	26	28	30	33	33	24	29	29	28	29	28	25	25	29	25	33	30	31	25	28	28	33	30	34	28	32	24	29	26	26	29	28	29	33	25	34	24	28	28	31	28	33	29	27	31	25	29	28	33	29	28	29	32	33	28	25	29	24	28	27	30	27	33	29	33	31	28	25	31	26	32	25	25	33	29	24	32	27	28	30	28	31	31	26	27	27	29	25	27	34	28	30	30	34	32	25	31	34	34	25	29	30	27	33	25	30	27	31	29	24	30	31	26	29	25	32	30	30	30	24	27	32	28	31	27	26	33	33	25	33	31	26	34	26	31	30	27	33	27	31	28	31	33	28	28	24	26	25	30	25	24	33	30	33	26	30	31	29	31	29	29	33	32	24	25	32	32	32	32	32	32	31	31	31	28	29	33	27	25	28	32	31	33	26	27	26	29	30	34	28	34	32	26	25	32	28	29	25	26	32	31	31	28	25	27	31	27	30	32	33	31	33	32	31	34	31	30	29	28	27	30	26	29	30	30	27	32	27	30	25	26	30	32	32	27	25	27	27	28	29	27	26	29	28	28	32	32	24	29	24	31	30	26	27	32	25	32	28	25	24	28	32	30	29	28	25	29	30	27	26	26	30	24	28	27	25	33	25	24	33	27	29	32	31	25	26	30	27	29	30	32	27	32	30	27	25	26	25	25	28	30	28	31	31	26	30	32	30	29	28	31	24	31	29	30	30	27	24	27	26	32	26	30	32	29	30	26	31	26	26	27	30	30	31	34	31	31	34	24	26	28	27	31	32	28	31	26	34	25	28	34	25	28	32	25	30	33	30	34	29	32	31	32	30	30	28	27	29	28	27	24	32	26	32	26	28	24	26	28	28	26	27	34	33	26	30	31	25	27	33	26	25	34	28	31	32	31	31	26	25	32	30	27	29	33	27	30	30	32	29	31	29	26	29	31	25	27	31	32	28	31	32	25	28	28	34	32	33	25	31	24	27	34	31	25	34	31	32	31	28	28	25	29	25	32	28	27	33	27	27	26	28	29	28	27	29	26	29	27	26	30	29	29	26	26	29	26	27	33	25	30	25	33	29	27	34	30	26	28	28	32	27	29	33	27	25	31	25	33	24	27	29	31	25	32	26	24	26	31	27	34	28	33	28	32	26	24	27	32	33	26	29	26	33	26	28	26	33	33	24	32	26	28	34	33	28	27	32	26	24	28	30	33	33	30	33	34	25	25	25	29	28	31	30	27	26	31	26	29	25	26	32	30	27	28	31	32	28	32	29	25	27	30	24	32	27	31	28	33	24	30	26	31	29	25	31	25	24	26	26	26	33	32	28	29	30	27	33	32	31	24	31	33	29	27	27	30	30	30	28	31	34	34	27	30	26	28	34	32	29	30	27	30	31	30	26	29	29	29	30	25	34	29	26	28	27	26	31	26	28	32	32	32	27	30	28	26	33	29	29	28	25	33	34	28	30	25	30	30	32	26	31	34	30	32	32	26	32	30	27	30	33	26	30	31	30	29	34	30	33	32	31	31	27	24	34	28	30	26
96	98	100	92	97	100	98	92	95	92	101	92	98	97	91	98	94	96	93	99	100	97	96	100	95	97	100	98	94	99	94	96	95	93	99	92	92	100	97	94	92	96	93	96	92	100	99	97	96	98	96	99	99	94	97	99	99	96	100	100	94	100	99	98	91	94	97	97	98	95	99	98	92	97	100	99	91	98	95	93	93	98	91	92	94	97	97	94	98	95	101	100	92	92	99	94	100	93	97	99	95	95	98	100	93	95	93	99	95	91	98	99	95	98	96	95	96	98	100	91	99	96	97	100	99	95	99	101	93	93	101	95	98	95	96	99	94	96	92	96	95	98	97	100	93	96	96	95	99	98	93	95	94	95	97	101	101	99	96	94	94	98	91	96	91	97	93	97	98	93	92	91	97	94	98	95	101	93	93	93	96	100	94	101	101	95	95	92	94	94	96	98	91	100	92	92	96	91	100	92	92	91	91	96	97	94	93	100	93	95	97	92	95	93	94	95	91	99	93	96	97	98	92	96	96	94	98	92	101	96	99	100	98	95	95	95	92	98	100	91	95	96	96	100	93	98	99	94	95	99	97	92	97	95	92	101	92	99	99	94	91	92	101	96	100	99	95	94	99	93	93	99	95	95	100	98	93	100	99	97	94	92	101	96	99	91	99	97	100	98	95	94	93	96	93	96	95	99	96	96	93	98	101	97	100	97	94	99	100	94	97	95	93	97	94	100	91	98	101	100	94	93	92	99	93	95	99	96	94	95	94	93	92	94	101	98	97	92	99	94	95	92	92	100	96	98	99	94	99	92	92	94	97	92	94	93	96	96	99	100	93	101	92	98	93	94	100	94	101	95	95	98	93	96	92	98	99	99	97	92	98	96	93	96	94	96	101	96	93	96	93	99	92	91	92	100	101	92	98	92	98	91	95	97	97	98	100	96	92	100	100	92	98	98	95	99	93	94	94	101	100	99	95	93	99	98	97	99	96	91	92	100	96	97	94	97	99	97	101	92	93	95	95	95	95	94	95	95	101	92	101	99	93	97	96	99	93	93	100	96	93	101	101	95	98	97	100	100	92	96	95	98	93	94	99	91	96	100	100	97	100	95	97	94	98	93	94	100	96	93	98	96	92	97	95	94	101	94	93	96	98	94	93	96	98	100	97	91	92	94	92	100	94	99	97	98	96	97	98	94	95	93	96	99	100	98	100	96	92	92	94	94	93	92	100	97	95	94	96	95	93	96	93	96	97	97	98	98	98	94	97	94	94	91	92	95	99	93	91	97	93	99	101	99	99	97	95	96	94	92	98	99	95	91	95	98	97	93	96	100	95	91	97	98	92	96	97	92	94	93	98	100	99	100	98	93	92	91	91	94	92	97	93	94	91	95	101	98	92	97	97	95	91	94	98	97	96	99	91	93	92	100	96	97	97	98	98	92	97	101	99	93	93	93	100	100	96	95	100	92	91	96	93	99	100	94	98	96	94	92	100	94	96	97	99	99	97	95	96	96	96	91	95	99	99	91	93	100	99	94	96	100	99	98	93	92	95	100	92	95	94	95	91	95	100	95	93	95	93	93	98	98	99	93	98	96	91	97	91	93	95	94	91	99	97	97	96	92	99	95	91	92	94	94	95	95	93	100	94	95	95	92	99	101	96	97	97	99	100	96	91	97	95	99	101	99	99	95	98	92	98	92	92	97	99	100	92	94	94	94	97	94	101	100	99	97	92	98	100	100	96	94	95	98	100	99	99	95	99	94	98	96	97	100	93	94	94	97	97	99	97	94	91	94	92	100	100	100	94	101	95	94	96	95	96	94	100	101	95	96
36	40	37	43	37	34	35	36	33	42	41	43	34	38	43	38	42	37	41	33	35	39	34	40	41	35	40	36	42	37	35	43	35	43	39	36	38	34	37	40	38	41	41	33	42	43	39	41	34	43	40	39	34	39	33	39	43	40	37	36	38	35	36	39	34	41	41	38	33	37	37	42	40	35	35	40	35	37	36	40	42	40	35	35	35	43	38	38	38	33	37	39	38	35	37	35	37	35	42	42	38	34	38	39	38	43	42	36	34	36	39	40	36	41	37	35	36	42	35	34	37	42	38	42	33	35	38	37	40	35	40	37	38	37	40	39	35	39	38	33	43	40	34	42	36	41	41	37	39	39	41	39	41	39	33	42	33	34	40	35	40	40	37	43	42	38	36	40	42	39	40	43	37	38	42	40	41	39	37	39	36	41	35	42	38	40	37	41	43	38	40	39	36	42	37	41	33	39	39	41	39	40	36	43	35	37	41	40	40	42	36	36	36	38	34	43	35	34	37	40	34	39	41	39	35	34	37	36	42	35	38	37	43	38	39	35	36	40	36	42	40	33	41	34	36	42	36	34	37	41	42	40	36	42	37	38	41	42	42	35	40	40	36	42	36	40	38	34	38	40	42	34	37	37	41	38	41	34	43	39	34	42	36	37	38	41	36	39	33	35	34	40	34	36	38	34	42	41	40	35	38	41	41	38	36	38	36	42	36	38	41	43	38	42	43	40	37	36	42	33	43	37	35	42	35	36	34	39	39	39	41	42	40	35	43	36	36	34	38	34	42	40	37	33	40	36	43	38	41	38	36	35	35	41	35	36	40	37	40	36	41	42	39	34	38	39	36	34	38	38	39	41	40	38	38	34	36	35	36	41	34	39	38	38	34	37	36	35	35	42	36	35	35	39	34	33	37	42	42	39	39	42	38	39	42	40	39	41	34	37	40	39	34	42	39	35	39	38	40	40	41	41	42	35	39	36	43	33	40	36	42	41	40	37	36	37	35	41	41	33	37	40	43	42	41	43	41	35	42	34	39	42	43	40	36	37	42	35	35	40	40	34	34	35	35	35	36	37	33	34	37	41	38	35	35	39	37	35	38	38	35	38	43	37	40	34	39	42	42	33	34	37	40	42	33	41	35	37	35	42	42	35	37	38	42	35	39	36	38	36	37	41	40	40	34	37	43	40	41	35	42	34	38	36	39	34	42	33	40	34	39	42	39	39	35	36	39	40	33	42	36	34	34	43	37	35	34	42	40	40	38	40	34	40	40	34	40	36	35	34	34	35	42	41	36	41	41	35	36	41	37	41	36	39	37	34	35	33	35	41	37	42	42	42	39	39	40	36	36	38	42	43	35	37	35	38	36	33	37	40	34	41	42	37	41	37	41	38	40	38	36	38	35	41	37	42	33	35	41	41	38	38	42	37	40	37	34	38	39	39	38	35	36	38	41	36	34	37	37	41	35	43	38	39	36	36	41	41	36	43	38	41	34	35	39	42	35	39	38	38	39	42	34	41	41	42	41	35	38	35	40	41	35	42	34	38	37	42	36	39	42	33	37	42	36	40	40	36	40	37	36	37	41	38	40	36	41	35	37	41	36	43	41	39	39	42	40	41	36	40	42	42	38	41	34	42	33	42	34	43	37	38	38	39	35	34	39	42	40	38	42	37	36	37	41	43	39	37	34	33	37	39	38	40	43	36	39	38	40	38	38	43	41	42	38	42	42	34	34	33	41	38	38	40	36	37	36	36	39	34	41	35	41	41	37	41	38	41	42	35	35	42	42	40	42	40	40	34	40	34	36	36	37	40	34	41	34	40	40	40
54	50	45	52	46	51	53	49	53	47	53	53	51	48	54	52	50	46	50	46	46	47	53	46	50	46	49	45	51	50	55	54	54	49	51	53	55	47	52	48	49	49	46	46	49	48	55	52	47	50	51	45	48	49	51	46	45	51	46	53	48	53	47	53	52	48	51	46	52	51	55	46	46	51	52	55	51	46	47	47	49	47	48	47	47	50	53	49	48	48	52	55	47	52	46	45	48	45	51	45	50	55	49	48	50	50	53	49	53	48	45	53	46	53	46	49	54	51	54	48	53	48	46	49	55	53	48	48	53	53	52	54	51	50	48	48	49	51	55	48	46	51	47	52	49	53	47	53	46	54	50	49	47	54	47	51	52	54	47	45	54	52	50	49	50	54	47	46	46	53	46	48	48	50	54	49	48	52	55	46	51	53	51	52	51	48	49	53	50	49	51	50	49	54	47	45	48	52	45	54	54	50	48	52	55	47	48	50	49	49	50	51	51	54	53	45	51	52	49	46	54	45	54	51	55	47	49	54	46	46	54	53	46	49	51	51	54	47	47	54	52	49	54	54	49	51	46	50	53	50	48	45	54	49	54	47	46	45	45	49	46	50	48	50	53	45	54	54	47	54	52	51	48	47	47	48	50	48	55	48	46	49	46	51	50	51	53	55	52	54	53	53	55	53	50	51	53	52	50	52	47	54	50	52	52	50	47	53	48	52	50	46	46	50	55	47	48	50	45	55	53	52	48	49	48	54	45	50	52	48	53	54	48	52	50	48	49	48	46	46	50	47	51	55	50	53	48	52	55	50	47	49	48	49	54	49	46	52	46	49	52	48	47	49	49	53	48	46	52	54	47	52	48	51	46	52	48	48	53	49	51	55	49	49	53	50	53	47	51	47	54	45	49	51	48	52	53	48	46	52	49	48	54	45	50	46	48	49	53	50	50	48	48	47	51	46	54	51	50	53	54	52	50	52	53	54	49	55	48	46	52	47	55	46	45	54	47	51	47	52	48	46	55	47	51	53	51	53	53	49	53	49	53	50	51	54	49	50	47	53	49	55	45	46	54	51	48	50	52	54	49	49	51	48	54	48	54	51	52	45	54	49	45	52	48	49	52	47	54	54	46	51	50	53	53	49	51	47	47	51	47	49	46	54	45	45	48	55	51	53	50	52	46	49	48	46	48	53	47	49	47	47	53	47	51	49	51	50	52	50	52	52	50	51	48	54	54	49	53	52	52	45	47	49	49	47	53	48	48	55	46	53	52	54	49	54	50	52	52	54	50	54	47	50	50	48	53	46	47	48	47	51	48	47	53	54	51	52	52	45	52	48	54	46	48	47	53	53	54	49	54	50	50	46	51	46	55	49	53	52	53	52	52	52	49	48	45	46	54	49	46	48	46	46	49	45	50	52	54	46	49	47	53	48	51	53	54	47	52	45	49	47	52	50	48	52	55	46	49	45	54	48	54	46	50	53	49	49	50	46	48	49	47	46	48	51	53	54	48	53	47	54	47	48	47	48	52	46	46	48	46	48	49	51	46	48	47	50	51	50	52	53	53	52	50	52	47	53	50	47	49	49	47	52	55	54	53	50	52	49	55	49	47	54	49	51	46	46	53	45	46	54	50	46	54	52	52	46	49	47	50	53	47	48	50	49	47	47	54	55	46	52	48	48	53	46	50	47	48	46	50	50	47	53	50	55	46	47	48	51	50	55	48	45	51	50	45	53	50	47	51	49	55	54	48	54	50	45	45	50	52	50	50	54	51	50	52	51	51	53	52	53	52	50	49	50	47	53	52	48	46	52	45	55	46	47	47	47	50	55
81	83	84	82	77	85	84	78	82	80	81	80	85	77	77	76	76	80	77	86	83	82	81	79	79	78	79	83	78	78	79	85	78	81	83	80	81	86	85	85	85	81	80	78	79	77	84	80	83	85	79	80	83	84	83	81	80	78	76	82	77	79	81	85	86	82	80	78	79	85	77	76	80	84	85	83	80	86	81	80	81	82	82	84	78	82	77	84	79	78	82	81	78	81	84	80	86	85	83	81	81	83	78	83	81	84	81	84	76	77	78	80	79	85	79	83	84	84	78	83	85	80	77	85	84	86	81	80	83	77	84	85	85	84	81	81	77	85	80	77	76	81	78	79	82	78	80	82	82	81	84	80	84	76	83	82	86	79	79	82	78	81	84	85	79	76	77	77	83	80	80	82	82	84	82	82	85	83	78	77	82	77	84	85	84	85	84	78	85	78	84	83	77	83	82	83	81	85	80	83	77	82	83	76	86	81	84	76	80	79	85	84	77	85	83	82	80	84	79	79	85	84	82	77	78	79	81	76	77	85	78	83	83	78	84	80	85	81	76	83	83	76	78	80	79	77	80	80	85	77	76	85	82	81	85	80	77	86	78	84	80	86	79	85	78	82	85	85	83	81	85	84	80	85	80	77	82	85	78	84	83	81	77	77	79	78	86	82	77	81	83	79	85	76	83	80	82	83	78	80	85	82	85	85	85	82	85	78	76	86	78	79	78	79	81	77	81	80	81	79	79	77	81	78	77	85	76	84	77	77	85	86	82	79	82	84	80	82	86	83	85	78	79	78	85	77	83	78	78	84	84	83	80	77	83	86	85	84	82	85	85	84	79	85	79	82	81	86	77	84	83	80	82	76	81	77	79	82	84	80	83	84	83	85	84	77	77	84	84	84	78	82	85	81	81	80	82	82	82	81	85	76	82	78	82	77	83	79	77	84	79	76	77	83	84	82	78	79	84	85	85	83	80	82	79	77	77	82	86	81	76	83	78	84	83	81	84	77	77	83	77	81	84	77	86	78	85	82	82	85	77	78	78	84	80	83	85	81	76	78	85	83	80	78	76	83	77	84	82	85	77	82	79	84	84	80	83	76	83	78	77	83	77	85	78	83	79	76	85	81	85	78	85	82	80	76	83	78	85	80	83	77	85	84	82	80	83	80	78	78	85	77	78	79	82	83	83	82	79	77	78	82	86	79	80	79	85	85	84	81	84	83	80	82	77	85	81	79	80	86	82	77	83	77	79	78	76	83	84	79	77	77	77	86	78	77	83	80	85	77	79	82	83	78	81	82	84	84	78	76	86	82	77	77	82	82	85	77	82	79	84	77	76	85	80	79	82	83	85	80	84	77	84	85	82	78	80	81	83	85	83	84	83	78	79	77	77	81	82	82	85	85	79	81	84	79	82	77	77	80	81	84	81	84	76	85	81	77	84	78	81	83	80	77	79	84	79	83	81	80	84	76	82	83	81	80	80	86	80	84	78	80	84	82	80	79	81	82	77	84	79	78	80	78	85	80	82	79	83	83	77	78	82	80	77	80	85	83	82	78	84	84	85	79	86	77	84	77	80	82	83	77	80	80	77	84	77	79	84	80	79	78	84	84	83	85	84	78	85	79	80	80	84	79	81	83	83	86	76	80	79	80	79	83	84	83	78	78	82	81	83	84	85	79	80	85	76	85	85	86	77	85	84	80	79	82	79	77	82	81	85	77	76	83	85	84	82	78	81	80	83	77	76	81	83	79	85	85	76	79	85	86	80	81	83	78	82	78	79	86	83	83	80	77	83	81	76	79	78	78	80	77	78	83	81	79	79	83	86	83
100	98	100	93	97	102	99	93	102	97	100	100	102	96	92	94	99	96	93	100	100	94	101	94	101	96	94	102	95	98	97	99	99	102	95	95	97	93	96	101	97	97	100	101	95	97	99	96	94	93	101	94	102	92	95	93	94	100	97	101	102	100	98	99	98	92	98	94	96	94	101	95	100	92	93	100	96	93	99	96	96	97	93	98	94	98	101	100	98	100	96	99	98	93	97	94	95	96	97	95	99	94	101	102	99	94	97	95	99	102	99	97	102	96	100	97	99	97	98	101	93	99	99	93	95	100	101	101	100	96	97	97	96	97	94	96	93	94	99	101	99	97	101	93	94	96	96	96	92	97	97	101	96	94	95	94	99	94	101	101	95	100	100	99	102	98	96	102	99	97	97	100	100	100	102	97	95	99	97	96	101	99	100	98	100	100	98	98	93	99	98	99	94	93	102	101	93	99	96	101	101	94	100	100	94	99	99	95	96	101	100	101	102	95	100	97	93	94	96	97	101	95	95	96	101	94	99	101	94	100	94	97	102	96	98	95	93	96	94	93	94	98	100	97	102	97	95	101	98	101	98	99	98	100	101	99	94	94	94	101	101	102	95	100	96	100	99	100	97	94	96	95	101	99	98	99	99	95	93	101	94	100	94	93	100	96	97	95	99	99	95	92	99	96	95	92	98	95	95	100	96	94	100	99	94	94	98	97	97	102	94	97	100	101	99	99	93	100	95	98	98	92	101	92	95	102	100	98	98	102	97	101	93	98	94	94	95	99	96	96	96	97	99	97	92	95	98	102	100	100	101	101	97	101	100	97	102	101	100	92	95	96	97	99	95	98	102	98	96	93	94	98	93	97	97	99	96	97	102	98	95	99	97	98	101	93	92	102	95	98	93	97	96	100	95	98	98	100	96	96	94	95	99	99	100	99	99	93	102	94	94	94	102	92	96	92	100	101	101	98	98	97	102	99	99	95	97	100	96	93	96	98	93	101	92	92	102	98	94	100	100	94	99	95	93	96	92	100	93	95	100	93	97	101	96	99	92	102	98	101	97	96	97	99	94	93	95	92	96	93	96	102	99	102	99	93	95	95	99	101	99	94	95	98	96	98	100	95	97	97	92	94	96	100	99	93	98	95	100	96	97	93	97	93	98	100	94	100	98	94	95	100	94	97	95	93	93	99	92	102	97	96	93	100	101	93	92	101	95	100	97	93	94	96	96	93	93	95	100	97	94	94	96	102	98	99	94	93	96	92	93	95	94	99	96	96	97	94	93	95	101	95	93	97	97	94	96	98	96	102	93	96	93	93	96	99	97	102	100	92	93	100	101	99	94	98	93	98	97	100	98	97	99	98	94	95	98	99	93	97	92	99	93	96	96	102	95	93	101	98	95	97	98	96	102	93	92	97	96	97	96	99	101	95	97	97	97	94	100	97	95	93	93	100	95	94	99	100	93	94	94	96	102	101	94	101	92	100	92	95	100	97	99	96	95	92	98	101	93	102	98	97	100	101	95	97	96	99	99	95	94	96	95	97	94	99	98	100	101	92	100	98	102	98	99	96	98	92	93	94	95	94	99	100	94	94	100	97	101	97	100	96	94	95	100	99	101	101	97	94	93	98	101	99	100	100	99	93	97	97	100	95	99	99	97	100	101	98	94	93	96	98	92	93	94	94	96	97	95	94	99	96	92	93	94	92	95	93	100	102	97	98	102	101	98	95	92	92	95	94	98	97	94	96	98	98	97	96	99	94	92	92	93	95	101	92	99	93	96	94	99	99	92	95	99	94	95	98	95	96	100	96	97	100	95	100	96	95	95	97
62	59	57	61	56	63	65	57	59	58	60	55	65	62	57	58	55	62	55	59	61	63	57	62	63	57	63	57	63	56	56	60	63	64	56	56	59	60	61	56	63	60	59	60	62	59	60	63	58	64	59	56	64	59	64	61	58	61	62	62	57	61	55	62	64	58	64	59	58	65	56	65	64	55	62	57	62	59	58	64	56	65	62	57	56	61	56	64	61	62	61	58	56	65	55	65	56	57	57	65	65	61	59	58	65	61	64	59	57	64	65	59	63	62	63	56	64	61	57	64	61	62	60	64	62	60	64	58	56	64	62	59	57	64	56	55	62	58	57	62	65	60	60	60	63	59	59	59	64	58	60	63	63	60	57	55	61	63	61	61	56	60	61	65	64	57	65	60	60	60	60	60	58	58	57	62	65	60	57	64	58	61	62	61	64	60	56	62	55	60	56	65	57	58	55	62	59	64	58	60	65	64	58	62	63	63	60	63	61	64	59	59	59	57	64	60	56	59	58	55	64	62	60	63	56	63	63	65	63	63	57	56	59	61	60	57	58	62	61	56	61	60	60	56	62	63	62	57	62	62	57	59	64	60	62	59	57	56	58	62	65	63	59	57	59	62	60	59	64	61	60	60	64	57	63	62	58	58	59	64	65	59	57	63	57	64	65	56	63	56	60	61	59	63	62	63	61	64	62	56	56	61	57	58	63	65	61	62	64	56	56	57	58	59	57	56	65	63	64	62	59	60	55	63	56	63	59	60	62	63	56	62	59	62	55	63	56	60	57	61	64	57	57	59	59	64	64	57	60	59	60	59	64	57	61	63	60	62	59	64	64	61	58	57	61	59	60	58	63	64	55	62	56	64	59	62	55	63	59	62	56	57	62	58	56	63	57	58	59	64	64	61	55	55	64	58	56	61	64	63	59	63	58	59	62	61	64	62	59	64	63	55	58	61	61	61	64	56	59	61	62	63	62	55	55	60	56	60	58	57	63	62	57	59	64	63	58	63	62	57	65	58	56	57	63	57	59	59	65	60	62	64	63	57	65	57	60	60	55	63	58	58	64	62	61	62	62	60	60	61	58	59	60	60	63	56	59	65	58	64	62	56	62	57	65	65	59	60	58	63	58	64	58	64	61	63	63	56	64	59	60	62	64	61	61	56	61	58	61	56	64	55	64	62	57	56	56	59	56	57	59	59	58	64	65	62	65	64	57	57	60	59	59	62	56	61	64	56	58	64	59	63	57	59	61	58	64	64	61	58	63	63	61	63	58	62	57	57	57	56	58	63	56	58	62	57	57	65	59	55	60	63	58	63	63	64	56	61	65	59	61	56	63	60	57	65	64	64	58	65	58	62	56	60	59	60	65	64	61	59	60	57	55	57	62	64	60	62	58	58	55	59	61	55	61	62	63	58	57	59	56	56	57	55	60	61	56	57	57	64	58	62	59	62	61	64	63	62	60	60	55	59	59	62	61	55	61	61	59	59	56	62	58	62	56	59	55	56	61	62	57	63	57	59	59	57	60	59	63	64	60	59	61	56	57	60	63	60	63	60	61	55	57	62	56	63	60	56	61	56	64	65	60	63	56	56	58	64	64	63	63	64	64	62	59	58	57	62	64	62	64	61	64	64	60	59	64	65	56	59	57	57	63	59	64	56	56	63	60	61	57	58	59	58	57	59	56	59	64	61	57	60	57	55	63	62	60	64	58	62	61	63	62	61	62	56	58	56	62	62	64	63	62	60	56	63	57	56	59	63	63	58	56	61	59	57	62	64	56	62	57	63	57	60	57	60	63	56	57	57	63	59	61	65	56	65	55	63	64	62
82	90	89	87	87	84	90	91	86	81	82	86	87	84	84	85	88	90	88	84	88	82	82	82	88	86	82	82	83	90	88	83	90	87	86	81	84	82	82	91	90	86	83	90	91	90	82	83	81	81	84	91	82	89	87	86	86	90	90	90	83	83	84	81	90	86	83	86	86	87	83	86	84	85	85	86	91	86	91	87	89	82	88	84	85	84	85	85	90	89	89	88	81	83	86	86	82	90	87	84	89	82	86	87	88	87	85	82	85	85	88	89	83	86	90	82	83	91	89	86	89	91	85	89	82	82	83	84	86	85	81	83	88	82	89	86	86	87	85	91	86	82	83	90	89	84	88	89	83	91	81	86	89	81	82	83	84	85	86	89	90	84	88	84	83	87	86	82	83	86	89	84	88	87	84	83	83	88	91	88	89	88	90	84	85	88	86	83	87	82	89	85	84	86	88	85	81	87	90	88	82	82	82	86	85	91	91	86	86	86	81	83	89	82	89	91	83	90	84	81	89	87	85	82	89	89	82	84	87	90	84	91	87	82	86	91	86	87	88	83	88	81	87	82	82	88	89	85	86	86	85	87	82	87	81	83	89	82	84	84	81	83	82	87	90	82	85	90	85	86	90	87	91	87	83	85	89	87	83	82	91	90	89	85	90	81	88	90	86	88	91	88	88	85	89	85	89	91	85	87	85	83	82	81	82	81	89	83	86	89	88	84	83	88	87	82	89	82	85	91	90	88	86	88	90	84	82	84	89	87	90	82	84	86	89	84	81	83	91	91	87	90	90	89	82	89	85	89	81	88	81	90	85	85	88	83	88	88	89	90	86	81	84	82	84	91	88	84	85	83	85	90	83	90	84	89	84	83	91	90	85	86	82	86	89	90	85	85	82	85	86	84	83	89	83	89	84	83	88	84	86	86	82	82	81	89	86	81	86	87	87	82	83	81	84	83	82	86	91	85	90	86	81	90	84	86	87	89	82	87	86	88	84	87	86	83	82	83	87	89	82	85	86	81	88	89	89	89	81	89	86	85	90	90	90	86	81	89	85	90	85	84	81	87	90	84	83	81	83	87	86	84	84	91	84	91	90	85	82	85	84	85	88	82	89	87	83	88	84	83	90	84	89	91	85	91	88	83	88	83	89	88	90	88	89	89	90	90	82	90	81	83	88	81	90	90	84	86	83	83	88	86	85	86	89	81	83	84	91	82	85	85	89	85	89	85	83	83	83	86	86	87	86	83	85	81	86	82	89	90	86	86	83	85	85	87	82	83	85	86	90	90	81	81	82	85	81	82	88	83	87	85	88	89	82	90	84	87	88	86	82	88	84	82	88	89	91	86	89	85	81	91	89	89	91	88	81	84	90	89	82	88	82	86	83	86	89	83	87	82	88	87	90	90	85	87	83	84	90	87	88	86	89	89	82	90	89	85	90	89	86	88	84	89	90	84	89	90	91	87	83	83	86	83	85	89	88	87	85	83	86	87	85	88	83	85	81	88	86	86	90	86	84	82	87	85	82	89	89	85	87	87	87	81	85	88	86	83	90	83	81	82	81	89	86	91	91	83	83	86	83	83	83	85	87	87	88	88	82	83	82	89	88	89	82	85	84	87	86	90	88	85	89	86	87	82	85	86	90	87	88	89	87	86	83	81	85	86	84	88	84	87	91	89	85	81	84	90	85	89	82	91	90	87	87	84	81	82	91	91	82	85	89	83	85	82	85	82	81	88	82	86	85	84	89	91	87	88	85	82	85	84	84	84	86	90	81	83	89	87	81	83	83	85	83	82	84	89	83	84	85	85	84	89	82	84	85	86	88	85
85	86	86	85	78	83	87	81	82	78	83	85	81	85	80	78	84	87	84	78	83	81	79	84	85	79	78	82	82	81	80	78	85	81	87	81	83	78	83	84	77	78	85	80	78	77	81	78	84	81	79	87	86	85	79	85	81	85	86	81	82	79	79	79	85	80	86	80	80	82	85	78	82	85	82	85	80	79	79	79	79	84	84	80	82	85	84	85	80	78	79	85	82	83	83	79	83	81	77	84	80	86	84	84	77	81	78	80	81	83	85	86	79	86	78	85	78	81	79	82	82	78	80	78	78	85	85	82	78	82	83	80	78	84	83	87	82	78	79	80	85	78	80	78	80	87	84	83	85	87	85	81	84	78	84	86	80	83	82	81	80	78	86	86	87	86	82	86	80	82	85	82	84	86	85	77	80	80	85	81	81	77	87	80	82	77	80	83	87	82	81	81	82	84	86	78	85	80	79	77	86	80	78	82	84	85	79	79	85	86	79	79	86	85	77	82	83	81	79	77	84	83	79	82	78	86	86	86	84	85	78	82	82	83	79	78	81	82	77	79	79	80	82	85	78	85	83	85	81	85	79	81	85	80	79	82	78	81	78	83	81	79	78	78	81	79	84	85	82	84	87	81	84	84	78	77	84	84	86	85	82	77	84	80	80	85	81	81	80	79	87	85	83	83	81	84	77	81	81	79	83	79	86	79	81	84	87	87	82	81	80	78	83	82	86	80	85	84	83	84	81	77	78	86	85	78	77	85	84	81	80	84	80	78	83	83	84	81	83	77	78	78	81	82	86	86	78	83	85	79	84	87	83	77	78	77	85	86	78	86	84	82	83	82	84	78	80	84	85	85	78	84	77	86	83	78	85	85	83	79	79	85	85	79	80	83	78	77	84	82	86	78	78	80	85	79	84	87	79	81	86	85	84	81	78	82	78	84	84	85	78	78	84	78	82	77	79	85	82	87	80	81	84	80	85	81	86	81	83	81	82	85	84	81	85	83	78	84	86	78	86	82	85	82	80	77	77	83	79	86	86	81	83	87	82	81	84	83	83	86	85	78	80	85	79	83	82	78	86	81	77	86	78	81	81	84	80	81	85	86	86	80	84	85	79	85	85	78	78	85	86	84	80	78	80	86	78	80	84	79	78	86	84	82	78	85	83	79	77	77	85	86	79	85	84	85	80	86	86	79	77	77	81	79	78	85	84	86	86	81	87	83	82	84	78	80	86	82	86	83	83	79	87	87	85	83	82	86	79	79	81	87	84	87	77	77	78	85	83	84	83	85	79	80	85	83	78	86	81	78	87	78	82	83	85	84	87	82	78	86	80	84	78	83	78	81	78	84	85	79	78	82	83	87	78	87	86	83	85	80	83	81	87	82	80	84	82	80	86	80	83	84	78	80	86	86	86	84	81	84	81	86	82	85	84	79	81	80	80	79	77	79	81	82	86	86	83	84	78	78	85	78	77	85	85	79	79	84	77	84	85	86	83	81	78	87	87	79	80	81	85	80	84	78	81	82	79	84	83	86	81	79	83	80	84	83	83	78	80	84	84	85	80	79	85	80	84	87	82	85	78	78	82	78	87	78	78	78	79	84	84	80	78	81	79	79	79	78	80	80	82	80	78	78	84	79	85	81	77	79	84	83	79	84	87	82	80	82	82	79	82	81	80	80	84	78	79	81	86	87	80	82	85	82	78	84	86	77	83	85	78	85	82	79	83	85	85	81	84	82	78	84	82	85	83	86	80	82	82	82	80	83	87	84	81	79	78	82	82	79	78	82	79	81	78	79	80	87	82	86	78	83	79	86	78	78	77	82	83	77
13	10	8	6	9	12	10	13	4	4	6	6	13	9	12	8	4	5	13	7	8	10	12	13	13	11	7	5	5	7	12	5	13	4	5	8	14	8	5	9	7	6	13	11	5	5	12	12	5	11	8	5	6	9	10	12	10	9	11	6	14	12	11	7	8	13	11	7	6	8	6	10	8	9	8	14	11	10	11	14	5	12	6	8	9	8	11	7	8	8	11	8	7	6	9	12	14	12	6	13	9	10	6	7	9	13	8	7	13	8	4	11	10	8	10	11	9	13	12	10	5	5	10	14	6	11	11	8	5	13	6	12	5	13	13	10	12	7	9	14	11	4	10	7	4	10	6	9	6	10	5	14	8	11	8	8	8	13	13	12	7	7	10	5	7	8	7	11	12	11	9	7	6	12	5	12	14	5	13	5	14	8	12	13	9	6	12	11	10	13	11	5	5	13	7	7	4	11	4	7	13	12	9	9	10	9	7	9	5	8	11	7	5	10	10	11	7	12	11	9	8	7	5	10	4	8	12	9	7	8	4	12	6	10	12	8	12	11	10	11	11	6	6	12	13	9	13	9	4	5	8	5	11	5	13	7	8	6	6	12	10	10	13	12	6	6	8	5	13	5	7	12	9	11	13	9	9	10	8	7	7	5	4	13	6	9	6	4	13	5	9	6	13	5	6	6	14	11	11	8	8	11	7	12	5	5	6	7	14	14	12	9	6	5	13	5	13	11	8	9	12	6	11	11	7	6	13	12	6	13	5	5	10	9	6	6	6	12	10	6	8	11	12	13	14	7	4	8	13	7	11	6	10	8	10	5	13	5	6	9	13	10	8	14	10	6	12	12	5	14	6	6	7	14	11	8	5	14	8	10	13	11	6	10	5	14	12	6	8	8	9	14	11	4	9	9	8	9	8	11	9	10	7	7	8	5	8	13	8	14	12	14	14	9	12	8	10	13	12	10	5	7	6	12	14	12	7	10	6	8	5	9	5	5	8	7	4	10	14	13	12	4	13	13	11	5	5	6	7	14	5	13	10	6	10	8	10	10	5	10	9	11	10	14	13	8	12	6	10	12	9	8	7	9	10	11	9	5	5	4	9	11	5	14	11	12	7	9	12	5	8	10	4	5	9	6	5	7	5	9	8	7	14	13	14	7	6	14	13	12	12	11	13	14	10	9	14	4	5	6	12	13	5	12	8	11	11	12	11	9	8	11	8	9	9	10	14	5	4	11	12	7	9	12	8	8	9	12	10	9	9	10	8	10	8	5	11	13	7	8	13	13	8	14	9	5	5	9	12	8	11	6	13	9	9	8	11	10	14	11	9	7	13	11	5	7	7	10	10	13	9	9	12	8	12	10	11	9	4	13	6	13	4	7	7	12	10	12	6	6	6	8	11	11	6	8	10	6	12	8	11	12	14	8	11	4	13	10	8	10	6	5	11	10	11	13	14	4	11	12	11	8	7	9	9	11	11	9	10	10	6	8	8	4	7	8	8	6	13	7	6	12	13	8	11	10	10	12	12	5	12	13	13	11	14	7	11	11	4	10	8	12	9	5	5	14	7	13	13	10	12	9	13	9	9	12	9	5	5	8	5	5	9	12	4	9	8	8	12	11	12	7	5	8	4	11	14	13	4	4	13	11	13	7	7	5	9	13	9	5	7	9	12	6	9	5	13	7	9	11	7	12	13	4	7	7	10	8	9	11	4	7	11	10	12	11	13	9	4	4	10	13	5	9	13	12	11	6	8	6	12	8	11	14	11	10	8	11	5	10	13	10	9	7	11	13	9	10	12	13	13	11	13	9	10	8	12	11	9	13
42	41	34	35	40	34	37	38	40	35	34	36	36	35	33	40	38	39	41	33	32	34	36	39	39	33	41	38	34	42	41	35	42	36	36	40	35	42	41	42	36	40	39	37	39	41	33	41	36	39	41	35	36	37	40	37	34	34	39	41	39	41	42	32	37	37	39	40	35	35	41	35	40	37	39	40	39	32	36	40	34	41	33	41	33	33	33	36	36	34	33	37	36	35	36	36	41	37	37	38	40	34	41	40	41	39	40	32	40	34	33	36	37	42	33	37	35	41	32	38	40	37	36	34	36	41	38	38	35	33	37	39	40	38	41	34	36	38	42	39	32	36	38	39	32	35	32	32	41	35	33	42	38	38	41	34	33	40	39	33	39	40	35	34	32	35	42	39	40	39	40	33	33	39	35	35	38	34	42	38	38	35	42	33	34	35	38	35	35	32	41	36	33	35	38	41	32	40	42	41	38	37	35	41	42	34	41	37	35	33	35	38	36	34	37	39	34	39	42	38	33	40	33	37	39	36	34	40	40	34	39	40	38	41	37	32	36	38	39	40	38	33	32	38	41	38	33	40	33	39	33	42	42	41	40	33	35	42	35	33	36	42	38	36	39	37	35	37	39	37	42	40	41	33	40	40	32	36	39	41	40	41	38	36	35	40	38	35	35	32	35	36	33	33	33	42	33	38	34	36	37	38	40	33	40	32	35	33	41	39	34	42	37	32	32	38	38	34	40	33	33	39	38	34	39	36	42	38	36	35	40	35	34	36	34	42	36	41	35	40	36	34	40	42	40	34	42	33	35	35	36	42	34	34	39	34	32	33	41	34	35	37	38	33	39	37	41	35	37	34	38	32	40	32	37	38	42	41	36	34	32	40	36	33	40	35	32	35	35	38	39	39	40	34	33	35	40	35	39	41	33	37	41	35	33	37	34	35	33	38	40	34	33	36	35	37	35	36	33	41	33	34	42	38	42	41	34	37	38	41	39	35	34	37	35	37	36	40	40	36	39	40	34	40	40	36	38	36	42	33	39	38	39	38	38	39	34	42	36	41	42	40	41	38	32	37	34	41	39	36	36	32	40	37	33	36	35	32	37	41	41	33	39	34	35	37	34	37	36	40	32	32	32	33	36	41	32	38	33	33	37	37	41	33	36	41	37	35	37	40	36	35	32	35	39	37	33	37	34	35	40	37	33	40	35	39	32	38	39	41	34	37	35	34	33	34	35	36	36	35	41	36	38	32	34	41	39	37	37	42	40	36	34	34	38	40	39	40	35	40	40	37	35	37	39	32	39	36	33	33	32	41	36	32	36	42	41	35	35	39	42	38	36	40	33	37	32	36	39	33	40	42	34	39	34	40	35	39	34	35	40	36	33	33	35	41	33	37	32	42	40	34	33	35	32	37	34	35	34	38	39	36	34	39	34	40	36	41	38	34	35	37	41	39	38	41	40	34	34	37	32	32	41	33	34	40	40	40	35	41	35	34	42	35	36	35	33	35	33	37	35	34	37	41	36	41	39	34	33	33	33	37	32	37	32	40	42	34	35	41	36	33	33	38	38	34	35	38	35	39	32	35	33	36	39	32	39	41	37	34	33	32	41	41	39	36	33	35	34	41	38	39	36	34	39	42	38	36	34	40	34	38	33	36	35	35	36	40	34	32	34	36	33	37	34	39	35	41	37	34	40	34	37	41	34	39	39	33	41	33	38	33	41	42	38	33	35	36	41	35	33	34	37	36	41	38	35	42	39	37	39	41	35	34	38	32	34	42	38	36	40	42	33	39	41	34	35	39	34	39	33	37	36	36	37	32	40	38	33	41
2	2	11	3	7	11	3	9	9	10	3	2	10	1	6	3	8	1	10	1	4	1	9	8	3	8	3	8	7	8	7	8	3	9	2	4	9	9	3	5	8	9	8	3	10	3	6	3	9	11	9	11	2	1	7	4	11	10	2	3	4	2	9	9	8	8	5	5	5	1	9	10	2	7	5	11	7	5	9	5	7	1	4	2	8	8	1	10	7	2	3	4	7	10	11	4	10	6	5	2	2	6	9	8	8	3	3	6	10	2	9	5	5	9	3	9	10	3	4	9	9	5	4	3	2	3	5	3	3	9	2	6	8	2	5	4	5	6	4	9	6	6	6	6	11	11	3	10	4	8	7	5	4	5	8	5	8	10	10	10	1	6	9	3	8	8	8	4	5	5	1	5	2	5	1	1	5	2	11	5	9	2	9	8	9	5	2	7	3	9	3	8	9	2	8	3	2	1	10	9	6	8	8	8	6	1	7	6	8	2	6	9	6	1	7	10	8	9	2	9	4	2	10	5	9	6	11	6	5	7	7	8	10	5	1	8	7	2	3	3	3	5	7	5	6	10	5	7	2	1	1	7	6	6	6	8	3	4	7	2	2	10	5	4	7	7	1	6	9	10	1	3	2	2	8	11	11	5	6	7	8	6	6	6	11	4	9	5	10	3	8	5	9	8	9	8	4	8	1	5	4	7	7	10	11	2	5	9	4	3	11	1	4	9	10	2	4	7	10	2	6	8	9	5	5	2	5	11	7	6	11	3	2	3	6	1	9	7	7	4	6	6	7	4	2	3	6	6	7	4	10	4	3	11	3	2	2	10	4	4	6	2	10	8	5	11	6	9	5	10	4	8	3	7	10	6	8	2	5	4	7	5	8	9	7	9	10	7	8	6	10	7	8	5	3	2	5	2	2	2	6	1	5	4	5	5	11	5	9	10	6	1	7	1	3	1	5	2	6	10	9	11	6	8	10	7	2	8	3	3	8	4	10	9	11	6	8	9	8	4	3	7	9	5	3	9	1	2	7	6	10	3	8	9	9	3	10	5	4	2	10	8	1	3	1	3	10	3	3	6	4	3	3	5	7	9	2	6	8	9	5	1	9	9	9	3	6	9	3	4	3	4	7	5	5	3	5	9	5	11	4	7	5	6	8	9	6	11	10	8	10	5	1	8	2	8	8	4	8	10	8	9	7	9	10	5	11	6	9	3	6	2	9	8	10	10	10	10	3	11	5	11	7	2	2	3	6	6	8	4	9	6	10	2	4	3	8	10	8	4	2	5	7	1	8	9	8	3	5	2	3	2	10	3	2	9	2	11	5	6	5	6	6	3	5	1	4	7	6	5	4	9	3	3	1	11	5	9	11	1	8	8	8	7	9	7	7	3	5	11	10	5	10	9	5	10	3	9	7	2	7	2	7	11	2	5	6	7	1	1	8	4	4	10	8	7	5	4	3	1	6	9	11	11	10	6	9	5	4	8	10	6	4	5	11	2	10	4	7	8	3	5	5	7	5	6	1	6	3	7	8	4	2	2	6	2	2	3	10	4	7	7	1	7	6	3	5	2	4	4	1	6	8	9	2	7	1	8	4	7	4	8	5	10	3	2	9	11	1	1	7	7	2	11	8	2	11	8	6	4	10	2	2	11	1	6	5	5	9	5	8	6	5	3	1	7	2	4	7	2	6	4	10	6	9	7	2	8	9	9	1	3	3	8	8	4	11	8	9	9	6	8	8	11	5	9	1	11	8	9	7	7	5	1	4	4	4	5	8	2	5	2	8	2	4	2	6	7	10	7	5	4	5	6	6	10	8	6	4	4
78	80	82	80	75	77	82	78	85	79	82	78	80	83	82	79	80	83	79	76	83	83	77	78	83	84	85	81	79	77	79	81	76	78	84	75	83	84	81	77	84	78	76	76	75	76	79	84	77	78	76	85	80	83	79	83	78	81	79	82	81	82	78	82	83	81	82	78	76	81	78	82	76	79	78	79	79	76	84	75	79	82	84	75	85	75	79	77	81	82	81	80	83	81	77	84	82	81	85	82	78	77	83	84	84	80	84	83	77	83	75	80	85	78	81	79	79	82	83	75	77	81	79	78	84	80	76	75	76	83	83	75	83	84	78	81	80	78	81	82	79	76	77	78	76	77	81	78	75	83	78	81	77	85	80	83	75	79	77	78	79	78	78	76	83	78	84	83	84	80	82	78	76	85	79	77	76	85	82	84	79	78	75	75	84	75	80	78	85	77	81	83	82	82	82	84	84	81	84	76	78	85	80	80	81	76	77	78	84	80	76	83	84	85	77	81	76	80	79	80	80	80	78	81	76	77	83	77	84	76	79	83	82	82	78	78	81	76	83	83	79	85	76	79	80	85	78	78	79	76	84	84	79	82	76	82	85	83	78	76	79	77	80	80	80	80	76	76	81	77	76	83	78	82	82	82	78	75	76	77	83	81	82	83	76	80	82	84	82	82	83	81	84	78	77	78	79	78	84	78	82	85	81	79	83	83	82	82	82	80	85	84	77	83	75	76	81	84	77	78	82	75	83	79	84	78	78	84	85	84	84	76	84	80	83	79	84	76	83	81	75	77	83	83	82	78	84	85	84	75	82	78	78	85	80	76	84	77	77	82	84	76	85	77	79	77	81	78	75	84	79	82	83	84	81	85	84	75	79	81	81	77	77	76	79	78	84	81	79	83	77	78	84	82	77	81	81	78	78	78	80	78	81	75	76	76	77	75	85	85	79	82	81	84	78	80	84	78	79	77	75	85	83	84	85	75	75	85	85	81	75	81	75	82	80	84	79	82	82	80	78	83	79	80	75	78	80	83	83	81	82	78	81	80	79	78	77	77	77	84	77	78	83	83	78	83	80	75	84	77	80	78	85	78	83	76	81	77	76	81	83	75	80	77	85	77	80	77	76	82	85	83	76	76	84	78	81	78	84	77	83	78	75	83	83	82	82	76	78	84	84	78	80	80	76	79	84	83	78	78	79	79	78	82	81	82	79	77	82	76	81	84	84	84	79	76	82	84	84	77	83	80	78	84	76	83	80	79	82	84	80	76	80	80	82	78	77	77	84	75	81	83	83	79	76	78	78	81	80	85	78	83	75	84	76	78	81	77	83	79	82	84	78	84	80	75	84	75	80	79	84	83	79	76	82	75	81	79	78	79	75	85	80	83	77	79	78	81	75	78	76	76	77	76	75	76	78	80	78	85	77	76	79	83	81	84	83	78	75	79	78	82	81	83	82	83	85	77	76	78	83	85	82	76	84	83	82	80	80	80	83	84	84	78	77	75	79	83	78	79	76	83	81	76	79	77	82	85	81	84	78	83	84	83	81	79	80	83	84	80	79	81	78	77	79	84	75	82	80	76	81	77	82	76	80	76	84	78	84	79	81	79	82	83	80	75	81	76	75	78	80	82	83	78	79	80	80	82	83	82	77	77	85	81	84	75	81	85	83	84	79	82	79	76	82	79	76	76	80	80	80	83	84	78	79	78	81	77	79	83	78	79	78	80	77	84	84	77	81	83	78	76	82	79	80	79	75	82	80	78	79	76	81	82	82	84	76	81	75	81	80	80	80	83	80	75	79	75	81	76	80	79	80	79	83	82	84	79	83	82
wj																																																																																																																																																																																																																																																																																																																																																																																																																																																																																																																																																																																																																																																																																																																																																																																																																															
93	60	20	81	77	93	79	17	15	59	3	28	38	96	92	26	61	99	78	37	29	25	2	66	75	52	9	95	62	29	64	30	18	45	69	41	14	82	26	72	2	3	37	72	11	54	19	81	3	89	57	86	54	50	8	40	81	12	40	27	83	53	19	63	15	13	44	51	53	68	2	93	72	23	85	91	67	49	94	3	86	4	13	36	58	99	4	30	77	45	8	2	86	62	4	14	97	15	81	17	88	28	38	15	50	33	94	21	54	83	66	46	98	20	3	11	65	49	58	77	60	30	60	90	52	41	74	9	65	27	11	82	65	44	34	3	95	42	32	44	91	88	82	86	55	40	38	42	80	20	87	75	88	62	81	59	10	27	15	38	93	38	70	73	29	45	12	51	97	8	51	82	56	10	16	95	88	46	99	86	43	36	91	96	3	39	23	2	54	91	48	54	6	35	42	93	41	11	66	64	35	59	37	43	78	81	71	25	39	40	33	27	33	51	94	67	6	78	24	75	93	15	29	74	17	91	74	89	25	25	66	43	70	11	87	37	71	58	74	70	78	69	15	62	27	38	76	49	2	11	95	86	30	29	100	21	83	37	2	81	47	31	85	72	58	69	23	78	56	52	36	55	59	63	98	55	36	89	40	38	61	15	48	83	25	33	19	31	65	92	48	51	76	95	69	33	18	26	45	54	42	85	74	42	36	83	6	68	60	68	45	85	54	45	44	4	6	97	45	86	72	42	7	5	96	84	54	59	79	88	96	46	15	67	97	82	84	47	30	29	47	8	57	48	92	50	56	38	25	21	85	4	99	49	98	2	34	54	12	77	56	57	74	76	95	83	77	16	51	28	37	60	25	16	49	86	77	12	77	21	91	47	85	78	22	69	10	44	72	58	87	66	60	54	25	27	94	18	66	44	72	73	30	95	13	83	18	84	82	53	77	84	77	85	22	47	19	28	16	62	37	29	7	44	16	98	53	31	20	14	52	6	82	49	97	41	90	80	97	1	33	49	10	99	38	14	27	98	60	41	33	21	46	68	49	34	68	35	25	44	78	69	62	37	11	40	94	93	73	64	3	15	93	20	34	13	77	86	89	12	29	8	60	58	77	21	27	83	27	99	29	70	69	7	15	67	17	73	40	66	61	58	90	98	50	20	92	22	83	10	39	71	45	86	56	72	81	6	18	2	46	5	63	86	87	15	82	69	14	66	13	19	92	57	20	49	65	32	53	6	30	42	40	13	49	81	14	75	47	42	92	85	66	76	5	26	56	70	63	30	58	19	19	100	63	27	38	67	42	17	92	59	27	37	84	40	77	85	8	48	89	61	93	91	57	53	3	41	44	90	23	67	86	5	8	31	14	97	38	91	74	94	84	94	23	22	73	97	66	32	55	48	29	58	52	40	65	4	6	19	89	94	26	3	27	46	94	60	86	18	51	83	99	53	100	74	88	83	16	7	4	66	14	40	9	45	90	95	34	9	88	96	23	2	96	5	57	85	91	11	78	24	40	29	9	29	41	14	19	25	38	60	79	44	76	98	25	69	77	45	42	38	24	48	43	88	83	72	47	38	88	32	90	50	74	52	30	29	21	50	79	5	50	100	76	30	16	48	46	28	38	20	58	2	3	43	89	43	49	11	97	51	86	47	74	59	95	100	23	75	44	99	64	13	36	34	12	39	43	82	47	91	89	32	17	90	51	12	33	97	74	94	69	74	27	72	97	67	32	89	7	99	29	28	100	10	3	68	64	10	23	49	2	66	38	88	19	21	63	56	42	55	42	82	11	59	29	95	53	43	55	90	68	52	79	52	55	85	31	16
