pij																																																																																																																																																																																																																																																																																																																																																																																																																																																																																																																			
65	25	20	85	89	37	77	54	39	52	17	55	48	35	58	12	91	39	94	99	35	15	32	32	52	44	47	96	24	13	46	72	76	71	94	98	58	16	16	37	30	36	14	28	26	88	65	95	51	73	17	40	11	59	49	49	73	59	89	40	57	83	74	73	14	94	97	83	34	35	81	20	83	94	70	58	78	85	30	40	28	29	98	30	37	34	58	39	77	37	80	44	55	73	88	67	43	17	44	25	11	65	26	77	42	27	23	70	44	56	63	17	18	21	50	82	90	83	72	18	78	40	35	14	79	95	57	65	97	41	27	36	88	17	34	15	40	26	48	29	88	62	68	47	78	15	49	91	35	34	38	77	75	98	60	21	94	27	52	38	69	23	18	87	12	51	94	52	99	46	63	69	43	93	77	75	62	36	22	82	53	24	62	73	56	20	37	93	77	96	51	57	27	77	42	26	17	58	90	81	61	78	72	23	98	53	98	58	29	26	38	66	91	65	64	86	20	62	77	89	52	95	47	89	75	83	47	30	14	20	23	35	12	34	37	21	57	92	88	88	18	65	63	21	54	13	11	76	74	45	44	15	62	95	57	81	23	44	96	59	23	45	48	60	34	35	36	65	77	74	22	96	64	96	18	56	33	10	37	96	93	56	83	14	49	86	43	31	15	75	14	79	49	83	64	59	59	83	90	59	43	42	97	84	12	27	56	59	14	55	70	99	76	27	68	45	81	28	68	48	29	23	32	41	58	75	35	35	24	14	39	38	21	91	52	19	41	54	65	34	70	54	82	65	32	43	84	72	16	14	65	74	31	13	29	30	27	28	100	25	12	77	75	83	10	11	50	63	86	25	22	90	17	18	12	68	98	99	56	43	14	25	58	49	45	77	50	25	16	46	35	17	10	57	51	28	69	83	39	25	28	42	75	31	77	79	65	32	18	30	32	28	95	28	42	20	41	25	60	38	79	100	25	95	48	46	22	50	34	52	53	80	44	44	29	98	21	40	24	77	39	51	11	65	90	88	32	98	14	80	12	53	86	57	14	20	22	71	34	16	88	83	52	20	38	15	42	18	19	47	70	33	44	47	96	83	91	88	35	18	68	63	43	75	62	56	64	60	85	97	11	97	54	81	24	94	96	46	96	25
32	92	27	34	94	27	73	85	37	50	59	17	64	16	87	45	76	70	47	78	17	48	73	24	70	76	18	48	96	21	61	55	14	27	43	75	90	86	88	94	51	24	50	46	41	26	24	73	71	27	33	43	47	75	96	73	65	80	40	99	40	22	35	43	23	80	74	31	12	18	48	29	74	21	42	40	58	34	76	95	20	80	99	90	32	53	60	70	53	56	45	14	73	64	81	53	73	46	81	64	92	88	13	59	97	89	45	82	63	74	85	53	48	25	94	49	99	56	27	13	13	11	78	54	47	28	49	60	64	48	38	88	75	23	36	36	100	22	82	61	58	56	49	24	91	66	73	28	79	79	23	51	65	13	65	81	43	12	28	36	18	34	58	32	86	79	63	63	23	65	67	84	43	85	62	16	46	96	58	88	75	31	39	11	90	25	37	37	18	19	89	21	47	84	44	22	24	98	24	50	88	62	68	46	72	62	61	37	11	18	92	98	99	63	61	36	75	35	98	44	85	51	92	75	99	46	35	30	72	25	94	69	51	55	51	39	61	24	98	13	25	82	67	34	31	17	15	63	88	22	11	93	18	93	49	11	40	82	35	49	60	59	53	52	41	35	97	66	51	70	86	40	13	67	51	40	95	31	91	67	40	58	97	57	100	68	49	64	91	91	68	44	79	66	29	91	79	13	62	75	82	30	41	30	14	41	80	88	76	83	70	27	97	32	42	73	42	28	62	45	19	26	87	74	17	74	93	57	81	42	46	87	15	41	74	43	87	59	76	36	42	93	69	48	48	94	27	15	66	57	56	61	45	82	83	66	67	51	32	46	57	94	91	20	31	38	77	40	43	36	49	58	44	85	75	51	45	83	54	33	30	50	20	19	80	56	89	54	43	35	92	74	33	84	36	36	38	18	99	85	62	68	92	37	19	44	29	66	64	60	64	27	69	100	29	47	84	31	10	89	18	44	98	42	31	19	88	19	49	82	74	77	42	46	55	43	40	27	36	73	75	36	18	36	57	27	15	35	39	54	21	31	97	48	87	39	25	98	53	70	64	15	41	13	90	73	55	48	47	67	41	70	50	37	36	73	81	54	32	27	55	76	22	61	29	95	85	49	43	21	81	22	99	64	49	41	15	59	31	18
11	15	80	42	65	25	40	20	80	45	85	25	34	26	35	28	34	13	47	18	96	79	97	72	28	81	78	13	46	31	57	90	37	55	60	44	59	55	25	67	28	69	27	60	58	18	90	76	18	98	34	89	51	57	89	76	37	86	75	83	60	16	13	60	59	58	49	13	11	36	52	51	58	28	85	37	56	38	28	71	43	69	68	10	15	79	48	32	66	96	65	15	59	86	98	20	86	37	32	47	14	67	52	82	32	69	23	84	76	38	41	17	23	35	54	29	75	36	73	74	46	66	53	38	86	69	16	31	69	72	61	50	24	52	57	18	40	34	79	99	38	35	90	59	53	45	44	41	98	95	95	59	24	25	51	24	69	83	54	50	60	80	37	35	62	11	11	68	54	59	26	37	24	71	30	43	57	32	38	30	99	70	100	64	20	56	22	36	60	71	42	30	49	70	41	26	63	33	57	36	37	64	73	71	66	73	21	76	71	38	27	91	62	83	53	68	64	77	98	65	31	30	26	96	11	98	48	16	15	81	79	90	22	16	56	46	22	99	92	25	58	45	10	86	97	27	78	78	23	62	38	49	89	22	63	50	69	83	46	99	76	15	78	94	28	39	90	73	39	74	32	46	74	48	71	72	82	45	27	70	14	34	46	78	24	47	56	43	73	24	36	54	100	69	87	81	25	50	94	88	35	35	89	65	14	15	76	94	81	17	56	95	18	34	52	90	41	91	23	93	18	85	69	91	29	27	42	51	11	32	73	84	25	84	33	19	49	94	54	48	76	53	25	52	98	98	21	23	87	27	67	87	97	55	88	72	74	53	78	99	13	81	32	91	98	22	33	18	75	27	11	29	73	33	47	96	99	49	29	23	54	44	46	51	84	36	30	34	97	49	29	27	46	25	98	34	80	60	95	29	24	23	83	43	18	65	65	88	19	61	40	64	65	38	85	16	42	17	46	84	73	78	20	12	60	81	92	24	58	16	29	95	81	77	71	83	21	25	67	12	60	65	67	55	99	77	25	19	64	77	44	33	70	61	46	19	56	10	37	15	20	21	15	67	75	18	12	71	37	24	19	88	43	19	84	17	12	68	22	42	43	26	30	37	26	74	99	35	66	15	57	95	25	87	33	30	40	34	72	98
25	25	100	28	26	42	42	66	82	75	77	91	63	90	14	73	38	24	62	54	39	68	45	29	83	31	38	21	70	30	70	76	58	54	60	77	19	20	87	24	58	21	17	24	15	58	19	13	29	33	96	14	57	71	67	49	22	22	67	39	72	75	88	38	51	26	46	80	89	90	63	74	26	87	67	28	95	12	46	25	28	71	91	100	21	84	70	31	34	38	53	88	87	13	28	35	32	73	69	95	76	99	25	83	82	75	82	87	38	25	23	71	69	74	57	74	13	34	62	71	44	19	49	38	21	73	63	82	55	74	27	98	90	49	97	19	90	43	99	67	12	42	45	92	47	16	13	29	89	86	94	15	82	88	43	36	73	23	16	24	55	46	93	62	31	59	13	84	49	28	37	61	52	52	19	56	52	27	40	95	91	67	14	90	40	26	97	44	92	78	30	20	92	15	51	40	92	65	83	46	41	56	30	16	82	59	83	39	19	65	63	46	39	14	93	36	72	38	37	93	24	94	81	97	63	43	72	21	93	11	69	48	99	80	84	90	62	17	65	39	33	21	16	80	77	67	26	83	14	40	79	99	34	57	82	91	100	51	63	79	93	37	18	82	37	67	62	26	34	40	41	68	14	13	34	97	65	67	13	73	36	21	56	68	33	56	59	45	55	50	74	23	95	83	54	13	67	82	36	13	84	100	45	94	91	14	37	71	19	51	60	52	75	79	100	63	20	65	14	11	26	82	69	53	67	80	76	93	45	14	87	73	85	58	86	84	12	92	61	87	47	28	76	56	80	25	54	27	20	71	57	53	61	15	75	80	87	68	20	52	84	76	64	49	95	14	71	74	23	23	96	97	24	13	73	37	69	29	16	83	75	60	87	89	79	60	62	37	62	69	94	90	91	72	12	35	84	45	73	14	82	62	70	45	17	64	37	80	71	61	72	60	21	42	42	18	67	55	74	44	30	50	54	41	77	96	51	18	64	24	60	53	38	51	53	83	36	85	83	21	80	89	12	18	88	82	72	67	18	34	87	36	22	29	69	32	14	54	59	97	49	65	66	83	29	36	33	40	23	30	53	32	25	64	12	49	37	91	73	18	28	75	74	44	73	81	32	34	90	18	22	47	24	62	32	86	87	82	32	22
46	50	61	66	43	32	50	27	89	21	90	38	50	46	75	65	49	89	14	15	73	72	36	65	65	97	52	71	77	80	45	51	88	21	31	21	27	33	85	61	89	21	18	27	42	33	44	21	45	69	66	31	70	27	15	82	86	41	66	72	46	80	26	93	45	62	36	78	99	89	87	25	23	77	91	80	57	28	92	48	69	50	79	56	89	61	20	72	59	52	12	38	71	42	85	79	55	47	94	37	28	86	48	37	87	27	61	36	10	69	44	69	64	49	71	55	88	10	66	59	41	94	74	48	49	12	26	26	97	71	92	34	75	23	10	65	95	62	96	39	42	16	50	42	15	63	11	58	94	58	21	95	26	75	23	23	74	67	20	98	52	96	88	57	41	31	22	87	15	47	42	19	72	16	74	64	27	20	48	96	65	55	83	100	53	43	85	100	68	92	40	79	63	85	58	92	64	71	37	87	79	51	35	70	39	24	28	17	11	73	39	21	67	30	15	87	27	95	38	52	98	83	67	61	53	58	67	78	88	63	91	39	61	54	62	42	33	23	65	70	64	75	66	53	26	36	19	38	72	65	95	98	85	37	68	16	46	23	27	58	59	80	14	26	17	65	13	66	58	98	94	53	46	70	60	57	52	86	46	30	18	71	52	61	54	11	70	100	91	94	36	78	100	34	92	38	41	42	31	84	12	34	87	70	46	11	94	92	15	62	24	92	76	66	25	36	49	13	32	59	21	44	62	59	81	49	94	18	84	73	44	97	84	46	68	16	41	18	11	64	29	99	67	17	72	83	86	61	28	65	99	73	21	93	12	87	53	69	63	89	38	70	94	18	79	47	99	17	51	43	88	96	25	53	79	86	49	78	41	20	83	41	32	15	78	87	15	86	98	74	82	97	70	76	54	38	27	12	60	56	19	31	94	20	48	70	45	18	32	44	74	84	24	59	92	72	90	51	25	48	41	96	75	82	22	75	34	81	78	21	100	77	15	93	26	29	40	24	46	73	46	97	61	19	91	17	42	87	66	44	25	35	31	40	90	25	57	19	62	49	96	81	12	73	44	44	91	96	22	78	54	27	91	17	84	83	68	17	60	33	71	74	36	54	94	25	45	21	67	48	89	93	77	62	25	73	40	31	85	32
86	75	17	13	97	94	79	26	15	80	73	32	24	25	47	41	54	39	90	55	66	23	85	18	23	18	18	19	53	18	21	60	90	35	100	17	56	39	34	44	98	87	29	77	41	73	88	30	44	26	73	44	91	68	92	66	64	52	75	45	52	61	99	32	79	87	36	89	57	52	39	76	50	63	51	58	65	77	48	64	69	12	67	69	61	27	29	90	22	44	19	40	52	10	29	95	30	95	39	24	71	86	13	78	11	21	97	67	14	35	48	30	73	59	93	25	91	28	28	61	100	16	50	50	98	49	21	97	74	86	40	15	97	43	53	36	15	66	63	100	34	98	36	73	73	64	86	34	67	72	55	68	32	65	55	44	31	95	10	61	75	39	60	49	55	100	44	96	62	30	42	88	33	99	18	95	73	17	19	28	91	63	63	61	58	21	72	62	40	46	64	98	42	64	61	85	14	59	46	91	34	43	23	11	44	94	63	78	56	37	19	82	42	52	92	82	32	71	49	57	70	51	12	52	78	44	41	89	63	36	30	37	78	57	41	62	40	41	16	99	82	29	33	83	43	38	80	72	11	38	50	86	47	96	36	16	72	40	51	68	21	22	52	86	74	79	46	26	28	11	21	52	78	22	68	33	84	81	74	86	97	33	40	98	64	52	95	43	90	77	87	76	11	10	21	69	12	97	11	96	25	50	56	86	12	97	28	39	74	50	26	63	35	40	82	33	12	21	73	26	26	37	34	25	98	54	71	24	36	32	13	88	84	80	48	44	71	100	93	16	92	62	33	89	43	52	23	30	89	37	36	57	79	48	50	68	13	82	52	85	52	60	14	91	68	71	63	56	86	56	67	67	46	36	37	12	75	52	87	89	62	26	26	58	86	43	14	67	96	80	15	83	50	19	72	34	74	52	100	83	38	15	33	96	85	96	76	43	14	97	62	19	58	38	59	86	39	23	46	61	11	95	54	79	84	41	26	13	77	79	71	30	18	82	43	20	63	49	74	17	43	76	58	39	28	88	45	35	72	44	16	88	49	70	32	100	53	64	51	20	100	90	35	29	71	38	61	46	73	74	73	70	99	42	26	74	100	88	15	32	65	48	25	69	82	93	70	96	38	33	28	91	90	76	11	76	68	83	51	20
67	45	51	30	75	54	13	45	91	88	13	27	79	86	98	15	83	20	71	19	16	63	73	70	86	31	82	94	73	92	81	55	91	81	46	99	65	23	54	57	64	55	86	96	90	97	87	46	69	69	27	15	50	50	32	70	89	44	81	32	22	21	82	22	95	92	93	92	63	23	61	90	97	78	19	82	99	62	60	59	78	65	66	56	38	34	29	69	12	36	24	41	27	74	89	99	37	71	18	67	96	33	52	10	54	92	71	74	62	59	95	68	87	28	17	27	69	84	62	59	29	88	52	81	62	49	63	85	47	14	41	47	76	24	51	93	21	88	51	34	55	68	68	80	63	23	93	97	46	64	57	74	29	32	61	33	16	43	51	90	77	55	77	43	25	95	19	59	70	51	68	18	53	37	32	80	29	71	90	39	86	51	50	35	35	30	30	84	81	32	67	43	63	79	16	55	82	92	19	66	11	52	94	94	38	57	59	84	92	17	86	95	47	41	35	10	88	58	53	58	65	38	88	80	34	15	50	62	73	58	54	51	28	83	88	67	59	12	99	38	78	54	57	79	69	87	75	99	45	50	19	10	53	57	39	91	29	28	13	46	54	63	94	60	77	88	85	18	32	35	78	78	98	47	14	20	34	16	86	16	14	45	30	38	72	85	55	91	97	86	21	66	60	38	27	94	84	12	74	72	38	20	23	50	20	68	66	33	49	16	42	37	70	50	42	83	73	63	65	37	19	94	49	94	21	55	98	98	29	91	11	59	57	29	40	84	90	14	96	38	94	50	46	27	54	88	70	70	15	60	20	67	56	42	75	93	68	93	74	59	75	68	47	43	58	79	10	18	27	59	26	58	61	61	59	25	97	54	66	51	83	49	44	48	12	33	19	17	17	47	84	31	98	70	54	12	83	65	49	18	17	49	50	54	14	100	42	35	100	14	97	59	35	76	43	93	75	25	44	60	96	72	97	88	60	83	81	68	88	28	73	58	69	39	75	25	96	95	47	57	69	43	99	54	89	26	48	85	29	35	88	47	14	62	30	27	23	82	48	33	74	79	21	40	16	39	60	75	11	18	36	37	12	47	54	95	76	44	34	28	15	20	58	90	20	25	23	44	85	15	92	13	42	86	96	61	79	66	27	71
88	54	27	66	28	70	66	63	66	32	46	34	39	68	62	57	54	37	16	23	82	62	23	58	91	50	72	97	67	75	27	76	20	89	24	56	47	62	63	62	21	43	50	11	97	85	49	77	42	43	96	91	86	90	19	37	83	46	86	86	38	86	63	47	26	17	89	79	34	80	21	72	23	35	94	41	31	38	15	96	89	94	69	79	36	25	100	89	20	98	83	63	63	70	34	19	17	45	75	11	17	36	42	75	10	39	67	66	56	83	43	80	25	48	23	61	57	83	54	43	75	23	91	36	87	41	83	15	98	30	97	20	83	81	92	44	19	79	55	24	97	14	44	95	25	62	52	59	100	73	34	19	41	61	16	68	71	91	47	34	33	85	26	54	28	71	54	52	24	91	71	70	38	27	99	81	91	76	94	80	74	38	81	86	31	73	72	18	58	50	21	25	24	45	53	56	83	55	64	54	77	61	26	16	25	15	32	38	71	35	31	69	14	12	18	50	45	15	11	51	27	56	83	51	76	99	86	85	75	88	21	95	22	16	82	82	59	15	28	64	93	76	40	29	52	37	55	95	58	72	32	95	23	83	68	79	15	83	17	86	76	69	89	31	33	85	14	91	64	99	36	14	45	82	54	96	71	86	37	37	16	41	92	70	37	82	45	20	25	52	31	30	53	93	46	100	76	27	41	27	74	91	55	25	81	94	76	73	56	33	38	78	100	22	12	63	72	49	66	40	38	19	64	51	86	35	59	94	54	21	52	74	48	99	35	14	78	35	86	65	61	48	11	32	67	42	76	85	80	25	54	34	72	37	68	63	14	68	30	47	61	27	62	83	50	36	66	59	42	95	37	94	50	49	33	48	99	50	67	99	44	96	43	44	83	65	44	68	83	41	76	26	17	35	56	75	52	39	68	51	45	84	55	92	60	41	38	66	17	43	66	64	63	59	93	33	90	89	66	58	94	74	91	71	44	90	18	45	26	55	91	86	67	85	82	63	57	20	27	97	63	61	60	11	71	42	87	99	100	34	83	35	42	27	17	48	28	62	87	66	25	46	41	13	98	19	53	94	47	45	40	53	84	97	77	96	21	83	75	82	89	51	55	60	90	83	52	38	12	32	60	89	43	66	44	14	54	49	15	30
52	20	21	28	63	79	48	98	57	18	59	25	47	16	93	29	15	65	18	62	27	38	94	38	51	86	19	38	27	39	69	14	93	46	22	86	57	62	43	44	77	69	27	45	31	93	18	11	65	32	39	97	70	61	46	28	34	71	51	91	23	88	97	79	11	52	82	98	50	40	67	62	29	31	88	86	46	97	37	73	15	74	41	40	79	91	77	85	47	26	33	28	92	81	83	98	38	12	13	36	89	86	87	97	25	67	51	59	56	69	62	75	80	47	10	57	15	48	99	47	51	48	85	28	27	77	88	12	38	27	50	80	68	47	71	40	96	51	54	79	46	63	47	53	74	93	55	77	57	23	42	69	86	84	32	93	86	93	99	73	67	77	38	32	69	64	65	83	67	35	18	89	54	99	13	79	33	72	87	54	71	94	28	12	40	15	76	71	14	22	43	69	58	64	70	59	91	66	21	98	59	66	54	32	51	50	31	70	76	67	45	80	40	54	17	46	27	49	97	72	58	28	66	58	82	86	46	39	59	71	59	37	49	52	39	17	16	90	48	13	98	78	77	91	61	50	17	29	88	70	16	16	83	20	49	90	27	68	98	61	28	85	44	89	80	12	95	68	45	12	50	31	79	87	65	20	95	60	38	89	69	25	30	25	99	94	92	86	84	93	48	36	79	60	62	17	73	21	29	60	33	70	66	74	62	74	32	48	28	60	70	58	39	81	52	54	36	53	18	51	28	27	39	78	41	47	11	89	86	58	17	28	42	36	34	20	19	17	43	57	52	12	48	12	31	25	36	91	44	24	96	11	50	17	50	32	16	74	29	29	11	74	58	57	38	55	77	99	96	12	90	24	88	32	57	36	80	33	28	29	96	61	62	88	27	95	82	43	27	76	61	24	91	18	97	87	12	28	45	100	76	63	56	81	24	68	20	18	40	31	14	74	28	16	21	88	31	19	81	29	59	70	69	67	19	27	91	57	83	35	29	60	98	12	16	40	44	73	22	56	81	81	44	69	71	92	37	85	15	70	46	68	28	97	61	28	67	69	59	65	14	55	42	15	79	65	94	59	91	48	100	35	21	86	18	34	35	56	64	33	73	62	20	44	97	39	67	26	38	56	51	98	72	27	34	89	20	36	63	68
26	40	91	79	61	78	82	19	89	73	55	83	34	88	94	25	12	28	84	29	88	15	63	76	71	44	29	95	80	91	94	44	44	64	30	20	13	48	76	99	90	62	35	66	56	18	32	33	26	83	37	77	63	17	20	99	45	62	22	47	31	82	96	60	13	83	13	13	47	41	53	38	32	74	50	66	38	27	20	77	32	49	14	97	21	88	93	35	99	90	14	49	58	20	63	67	58	65	27	94	20	51	66	32	81	10	48	16	20	84	54	47	95	26	63	26	78	26	12	38	30	42	29	84	35	99	99	35	64	22	32	43	69	51	64	23	89	59	55	44	96	14	19	92	61	25	83	35	59	18	81	26	66	66	18	67	54	15	91	43	58	60	86	40	78	60	91	94	31	62	30	21	29	40	12	74	76	22	56	30	90	67	27	64	42	91	11	85	28	96	80	97	91	79	78	84	55	88	36	30	29	57	39	32	18	39	82	56	17	34	31	94	28	41	41	18	68	46	46	53	19	28	12	92	37	11	84	93	28	33	98	79	86	80	34	13	57	69	12	16	78	84	83	13	43	66	21	57	54	37	46	82	75	39	52	23	89	36	83	36	69	95	66	28	43	36	61	13	71	70	63	94	53	22	84	80	34	18	41	12	37	80	84	74	72	78	29	83	66	94	99	16	22	46	35	12	67	16	20	93	92	45	83	94	83	92	92	64	93	62	94	66	71	23	12	64	40	85	76	26	92	42	32	60	53	87	72	27	55	32	12	99	86	26	51	69	68	76	23	58	37	56	42	77	47	77	35	77	47	77	65	76	75	19	78	13	89	10	97	54	22	26	75	97	81	39	69	46	13	74	43	53	18	54	76	47	85	93	40	92	26	98	83	22	47	71	92	28	42	35	66	80	73	30	41	34	76	95	33	54	86	37	56	35	48	41	66	45	38	26	40	68	40	96	81	38	37	68	78	89	10	67	50	13	13	40	96	59	72	53	59	57	24	23	83	86	22	21	75	72	46	94	39	67	73	81	82	73	95	61	81	52	55	80	50	64	96	64	84	56	81	48	82	13	46	27	62	39	50	56	52	86	57	73	24	54	40	98	54	95	24	20	12	18	29	64	23	85	78	80	22	80	60	86	84	34	16	38	47	22
28	39	25	61	65	23	16	55	67	34	83	13	93	23	81	84	37	38	82	71	87	37	28	41	70	74	52	38	64	68	62	78	66	64	23	89	63	53	50	48	83	69	95	57	57	29	26	63	58	94	39	24	76	30	67	58	47	81	64	53	89	49	82	72	43	97	92	51	38	62	77	43	65	43	20	83	35	79	47	52	15	26	26	76	34	13	13	92	93	46	61	45	66	93	22	36	48	14	57	27	14	39	42	35	56	40	69	54	59	76	44	41	61	57	47	65	35	68	20	82	62	24	32	76	20	72	27	82	48	38	66	92	49	91	63	46	83	93	49	56	52	78	30	48	94	61	26	47	99	76	72	11	36	64	70	27	12	85	13	32	17	23	31	44	36	24	74	79	98	54	29	45	62	54	65	99	95	99	45	48	94	59	40	19	85	79	85	19	98	90	21	77	59	88	37	48	19	80	13	70	59	98	25	74	84	45	62	84	29	86	24	57	73	88	86	69	67	15	20	58	82	99	68	47	90	22	18	88	28	82	90	17	59	25	44	58	48	24	66	91	49	47	88	37	31	78	19	81	84	64	59	20	55	83	61	91	31	24	30	25	77	55	40	60	98	54	100	15	61	80	38	30	14	17	32	31	40	43	96	52	62	84	92	22	76	65	25	75	50	85	38	34	73	36	23	87	54	69	61	37	88	18	89	69	99	39	12	37	77	86	28	17	75	73	78	89	23	70	18	96	62	78	54	63	35	68	46	18	86	49	86	24	97	26	49	10	54	77	49	99	86	68	26	29	64	94	39	60	10	100	74	37	54	71	18	79	79	65	28	69	51	57	51	20	39	99	50	19	48	85	37	53	86	26	93	53	24	69	56	13	44	75	66	74	65	26	88	41	99	40	63	35	45	83	54	92	20	44	59	37	40	98	76	21	66	66	79	60	53	73	85	16	30	23	48	60	83	27	19	97	68	14	16	11	47	77	61	44	82	15	56	86	11	21	25	39	43	12	29	18	48	80	82	17	84	73	38	36	36	26	40	23	16	29	53	91	93	47	42	98	64	82	74	75	45	34	72	62	33	36	95	47	60	83	42	32	63	55	73	53	94	38	93	67	46	95	43	77	46	24	13	22	40	74	72	75	41	71	48	11
32	67	65	43	26	59	25	66	23	14	47	99	46	52	29	34	48	40	75	90	93	68	15	13	58	99	28	99	39	50	13	11	72	35	43	46	40	78	49	24	82	29	67	21	93	55	43	72	96	39	75	56	24	46	31	36	11	70	78	96	83	24	64	13	96	84	76	31	91	34	21	61	23	28	35	98	70	88	77	86	67	69	13	52	69	33	84	66	25	57	96	73	41	78	75	46	94	97	64	33	23	30	65	73	96	91	36	11	25	18	53	65	31	95	25	79	20	70	53	58	16	88	75	83	86	11	28	22	83	32	17	30	38	19	22	62	37	23	79	74	30	46	17	14	15	63	87	48	87	48	88	56	83	86	79	74	95	68	41	11	29	39	85	53	57	65	21	47	50	90	40	13	83	52	53	12	13	14	12	18	98	95	56	47	73	41	20	95	91	93	53	96	78	99	71	77	87	20	94	59	26	15	36	33	69	99	84	67	76	10	24	77	100	12	22	44	33	82	88	77	47	84	64	11	16	22	10	44	78	37	61	65	52	61	69	84	65	95	33	37	66	48	32	95	94	58	64	81	84	100	19	21	12	35	70	92	42	100	61	94	78	98	87	30	19	87	60	30	82	13	92	32	22	46	19	45	75	31	55	91	26	96	81	67	12	22	90	46	70	11	98	71	54	61	63	44	76	72	72	39	84	41	77	99	11	62	84	77	94	39	26	36	93	47	85	92	63	29	81	53	70	71	10	76	87	82	92	98	80	62	52	69	45	22	30	86	78	61	64	70	49	53	71	57	94	55	38	71	51	36	89	37	81	76	80	56	94	76	38	91	72	22	61	11	39	66	30	13	61	76	81	77	11	71	79	34	74	81	98	83	85	28	20	22	97	73	19	23	64	18	52	37	54	57	66	68	21	99	89	78	33	52	36	23	39	98	66	28	24	67	55	48	81	73	58	26	80	67	98	83	72	45	35	41	13	16	89	38	12	57	16	36	54	44	71	90	97	29	18	80	68	29	79	79	33	33	40	45	60	36	35	53	37	13	52	45	93	58	71	98	67	66	62	99	70	25	63	89	73	14	81	19	43	76	60	21	24	85	92	70	18	60	64	91	77	34	21	17	89	34	22	99	96	41	59	76	30	90	59	28
51	38	83	65	39	17	23	59	99	66	85	23	62	82	40	70	91	72	47	43	62	88	38	82	34	16	76	45	67	46	44	87	25	37	22	24	40	58	57	24	19	36	79	94	39	41	11	64	86	25	26	89	42	95	85	46	11	33	81	73	58	71	45	71	13	58	81	18	38	100	11	100	100	74	85	76	32	25	64	68	89	48	91	14	54	37	52	71	81	52	61	75	52	98	45	55	30	49	50	57	24	62	53	73	16	46	34	37	39	98	13	40	89	39	95	13	77	75	47	32	13	96	74	86	56	59	49	93	68	43	37	93	25	11	24	99	58	43	37	35	79	15	64	84	66	67	84	58	18	29	41	39	23	86	84	47	58	81	86	75	26	82	15	17	98	65	23	26	80	16	58	57	70	78	66	78	20	13	87	98	35	70	30	65	51	28	20	60	21	40	66	89	82	58	77	33	21	83	93	41	60	18	90	93	78	61	40	95	35	11	86	81	21	14	98	78	43	83	75	19	49	52	52	41	47	77	15	94	97	70	74	84	61	58	10	12	79	53	16	40	15	15	44	13	12	90	44	42	97	25	72	95	17	22	31	95	95	67	73	89	37	13	11	44	39	71	14	39	46	97	17	91	25	37	66	12	46	71	12	58	84	58	21	67	19	25	45	84	52	40	72	30	24	33	99	24	41	27	92	46	46	55	79	49	20	92	81	88	25	21	50	11	45	45	89	39	74	37	23	60	37	64	14	16	76	33	84	42	73	95	89	73	27	46	82	54	60	50	24	19	42	89	76	26	70	29	47	28	14	25	35	69	23	68	31	86	75	82	50	75	64	22	59	20	72	97	68	72	39	85	45	67	73	78	41	23	65	20	33	21	76	90	66	19	65	97	44	67	33	24	20	74	10	63	48	83	48	10	48	64	92	54	10	93	25	36	98	84	84	23	49	23	30	96	94	92	27	85	42	98	54	71	66	80	42	71	10	43	16	81	13	96	38	26	59	56	54	96	81	71	33	75	64	17	68	86	40	32	24	89	34	83	10	10	74	88	63	66	83	40	72	55	88	93	56	32	95	47	97	10	53	27	10	57	79	46	63	97	42	74	89	29	39	36	22	54	74	40	39	81	52	56	69	75	59	47	82	97	17	80
91	61	62	10	81	40	59	73	72	30	71	46	94	56	91	30	75	14	29	20	38	90	80	39	38	59	63	22	91	59	88	22	100	55	47	39	51	15	48	56	74	73	29	32	30	15	94	92	41	18	80	69	74	54	74	43	24	53	21	96	46	63	50	75	98	29	85	22	82	59	18	66	97	46	76	96	40	76	25	58	26	79	95	16	27	69	95	89	75	69	10	19	58	85	85	71	99	77	74	98	68	52	27	45	46	47	52	91	27	88	60	89	72	22	74	46	18	26	84	91	74	72	87	52	16	37	21	63	80	96	25	10	24	48	69	63	61	40	90	33	73	13	76	15	30	64	31	71	57	14	65	47	12	33	68	49	55	26	61	59	40	58	44	71	32	14	39	52	83	57	50	30	11	38	68	93	52	66	26	59	99	60	69	14	14	87	14	62	77	95	20	75	17	78	61	72	70	50	65	94	85	64	30	46	32	97	66	23	14	28	40	54	55	65	45	54	61	44	77	71	56	44	77	98	62	51	89	32	52	25	87	57	97	13	12	79	26	60	23	76	68	84	52	83	57	81	55	86	76	92	28	29	55	34	16	54	70	71	38	100	20	55	93	51	21	95	66	47	79	59	82	50	10	83	24	61	28	74	92	52	54	69	25	65	50	86	14	89	44	42	87	62	79	84	61	31	27	86	29	85	74	55	71	54	73	45	59	67	92	49	17	51	96	86	57	44	64	47	82	51	41	58	68	48	92	33	28	45	50	79	35	29	58	33	95	78	59	86	51	39	65	36	45	68	83	36	31	81	68	11	49	30	19	63	31	29	81	55	50	70	69	96	62	37	91	45	44	44	16	42	84	64	79	59	28	58	33	80	79	64	92	53	12	61	33	29	53	26	77	39	98	70	46	77	35	24	34	85	74	61	68	72	49	69	21	25	61	16	21	87	19	52	13	26	69	55	72	79	21	85	82	95	91	27	21	12	87	30	29	24	15	38	58	38	96	65	39	65	88	91	25	94	79	71	26	44	66	59	97	19	30	96	31	70	50	68	39	23	80	10	20	97	25	14	97	96	25	76	23	52	28	82	54	63	75	21	20	72	86	35	44	78	84	54	26	81	52	56	66	96	27	33	55	80	21	42	16	35	57	54
34	13	16	20	45	84	46	70	23	73	91	54	96	86	26	99	75	81	93	62	86	45	77	63	59	41	31	84	15	23	17	35	65	99	17	81	52	31	86	47	24	59	62	86	60	85	89	69	28	33	68	75	77	96	44	46	17	100	52	74	79	54	90	11	62	51	54	44	12	99	76	64	54	45	44	17	96	79	71	41	23	66	82	79	86	69	40	63	51	15	58	66	72	13	52	53	24	69	72	19	51	23	12	96	15	19	65	70	71	68	57	22	87	46	12	44	58	41	45	31	54	59	28	14	51	64	100	55	53	40	44	56	64	28	29	38	48	21	53	55	87	12	44	53	29	29	84	33	13	91	26	31	84	46	64	48	25	22	34	78	36	27	24	21	57	28	81	30	85	55	46	51	84	54	31	75	57	41	54	74	42	85	84	33	83	54	14	23	91	41	29	80	87	32	46	26	27	15	97	39	33	74	84	16	52	98	99	66	40	66	91	31	96	39	23	14	41	56	61	61	89	82	80	52	47	90	14	100	35	26	97	18	40	97	69	86	15	78	47	79	26	58	67	97	62	17	50	18	51	45	67	47	96	19	42	43	72	67	79	33	49	89	19	24	42	79	64	49	42	17	16	59	53	67	38	66	37	14	62	82	37	44	70	54	48	46	37	24	92	23	92	94	38	99	55	83	74	20	15	15	13	20	89	41	38	49	85	25	70	37	30	24	34	79	76	93	88	75	43	97	96	77	87	43	48	63	75	33	17	22	48	58	67	35	85	33	45	73	94	88	29	48	25	90	74	22	93	40	67	36	28	44	74	65	55	93	95	38	60	25	22	17	66	44	17	94	73	87	55	12	52	73	34	93	85	54	17	86	35	45	19	56	99	38	79	27	70	99	73	58	17	40	39	67	73	27	88	78	29	32	11	60	88	73	12	30	52	65	28	36	100	38	77	16	76	39	70	98	97	71	41	52	32	46	65	28	86	41	58	32	36	17	57	88	21	12	45	50	67	26	98	16	26	73	29	16	70	43	39	91	57	19	90	81	47	37	83	82	50	31	68	20	51	16	79	60	17	89	65	72	89	54	59	52	20	68	31	81	98	68	31	46	28	93	75	16	80	79	46	13	67	84	34	63	97	54	55	91	45	64
59	84	72	23	98	83	59	28	79	65	97	92	54	100	73	34	61	30	89	61	29	65	18	90	13	96	47	40	79	44	33	42	26	81	87	42	89	54	83	91	31	33	11	31	90	20	39	42	88	93	46	59	38	41	84	30	54	26	69	58	81	68	13	57	58	45	32	59	98	21	65	79	30	61	15	39	27	18	53	44	62	25	74	99	99	43	41	48	53	78	14	66	94	31	69	30	61	45	49	99	65	19	90	16	78	96	60	66	15	60	18	33	51	43	50	35	35	69	50	75	57	73	55	47	39	19	84	84	64	18	31	48	69	76	48	69	39	69	63	81	81	94	34	38	27	77	85	20	14	59	28	32	32	99	37	81	25	99	17	20	23	60	32	91	63	17	41	34	96	58	49	52	77	18	92	65	25	82	26	20	59	81	37	92	18	72	57	62	18	37	84	59	31	24	38	75	55	96	75	97	83	35	30	51	60	31	54	24	48	69	29	47	16	38	16	90	99	21	96	23	85	81	21	94	47	58	45	21	84	70	14	81	38	95	68	20	99	55	81	63	16	43	96	11	51	47	97	47	49	46	12	27	39	59	43	22	71	66	96	65	47	13	29	20	82	57	71	41	58	92	81	61	85	13	58	93	61	97	63	12	57	45	88	87	81	67	45	30	23	73	66	19	70	85	61	58	65	100	97	50	93	50	61	19	24	74	55	55	66	95	94	68	88	50	65	73	90	29	22	47	54	61	18	74	92	56	50	30	82	16	80	94	25	97	91	41	49	77	83	51	11	45	21	70	12	75	84	14	42	31	48	51	29	53	61	73	32	58	69	75	93	72	18	100	42	80	92	16	70	54	27	90	97	43	25	20	13	12	86	20	55	85	84	52	14	55	18	92	28	42	73	56	40	18	85	17	86	78	77	13	33	40	33	47	87	91	85	52	43	87	61	76	85	73	25	38	73	78	69	11	82	39	14	13	81	92	30	49	40	22	53	78	70	70	45	51	42	73	78	18	58	76	21	43	40	37	52	88	19	87	77	83	18	12	67	20	10	16	98	15	64	12	69	69	90	15	10	54	96	46	37	26	99	79	11	13	66	45	84	21	35	24	94	93	46	96	74	59	17	41	98	52	76	54	91	64	63	17	90	18
89	38	42	10	71	70	31	39	79	75	21	18	52	33	93	74	36	99	20	26	45	100	57	74	13	89	34	27	47	60	42	51	68	40	32	30	31	73	74	63	40	24	52	87	84	43	67	15	40	16	81	92	57	65	45	15	80	17	46	53	32	38	47	79	16	71	81	94	68	74	45	81	87	94	84	22	97	65	42	51	63	51	94	69	86	13	43	70	32	82	17	67	97	65	14	78	66	29	50	83	78	45	22	79	53	91	55	21	37	11	97	47	97	87	16	33	17	33	32	16	95	82	40	92	84	83	65	66	98	65	78	69	86	47	41	60	56	65	59	88	96	65	31	60	28	85	47	88	63	58	56	82	13	62	98	78	28	83	66	57	25	47	35	22	54	20	74	13	34	27	49	34	18	60	40	74	26	83	81	50	61	82	15	61	28	11	93	73	78	69	74	54	67	45	53	58	96	31	78	65	28	60	70	59	92	27	94	80	15	51	32	77	83	85	95	76	77	34	55	58	33	39	31	81	52	86	44	83	96	32	18	45	20	39	42	50	32	93	34	11	37	39	12	64	46	36	73	14	94	84	44	92	25	60	89	15	47	76	98	28	23	33	40	71	40	11	87	31	66	19	84	39	87	32	48	58	57	82	49	54	31	74	27	86	55	95	64	52	89	13	36	57	72	33	84	48	92	68	96	60	64	47	11	76	88	69	59	96	25	83	46	17	37	26	70	19	97	39	96	99	12	95	89	94	53	64	66	57	67	78	57	87	82	21	79	10	15	49	42	41	62	63	82	53	22	87	65	99	42	97	72	23	74	52	95	58	40	52	62	18	83	59	43	92	37	80	32	61	91	81	98	23	67	48	78	95	64	19	39	59	48	18	62	72	32	59	23	45	53	97	82	80	30	70	10	39	15	97	52	60	92	50	25	45	62	82	13	27	19	82	93	10	71	43	48	10	56	19	85	46	91	80	36	44	21	28	60	17	44	77	45	28	82	93	17	75	62	34	33	41	45	13	48	61	66	87	90	90	10	94	50	16	28	89	98	42	47	48	28	73	33	49	96	57	20	37	18	67	27	48	15	43	36	55	78	64	56	61	84	23	76	63	88	77	13	27	85	37	57	81	47	87	12	70	69	33	34	50	74	68
26	26	79	14	80	95	29	86	48	51	30	100	42	80	57	99	79	94	73	43	15	64	56	90	67	61	42	40	64	28	64	86	10	93	89	88	15	21	45	70	74	93	88	30	35	36	48	52	28	52	93	45	39	81	47	75	43	89	87	22	89	20	81	90	80	29	12	24	25	66	55	34	37	65	12	24	90	57	76	80	93	100	92	89	38	67	99	52	42	80	12	68	87	74	12	31	76	34	90	24	11	42	90	14	65	60	69	40	29	55	80	15	73	18	88	68	32	48	55	80	42	98	75	67	55	42	74	37	57	46	63	24	49	80	43	28	63	83	41	52	12	76	82	44	15	64	21	57	70	10	52	65	28	43	98	59	78	73	97	37	42	82	39	67	79	72	89	47	56	36	71	91	59	88	86	63	73	54	29	81	93	89	53	40	38	47	92	37	45	16	54	29	36	20	44	17	70	19	23	99	55	11	81	79	59	79	32	90	61	14	49	66	86	73	14	57	71	85	74	97	68	57	91	34	90	40	12	47	29	56	91	93	32	60	17	84	99	44	84	40	12	43	26	18	79	86	47	25	79	56	51	64	58	96	15	13	58	11	40	100	70	33	83	71	90	72	65	61	24	30	28	34	97	71	55	85	75	28	62	45	50	44	34	40	83	77	38	92	94	22	25	95	78	81	14	84	58	51	79	61	28	62	61	24	99	63	43	99	13	70	35	35	81	73	89	17	17	66	65	88	23	12	99	35	24	62	66	59	93	86	20	19	32	66	11	25	90	50	97	62	40	99	57	59	62	24	98	72	30	66	70	73	60	22	25	41	16	35	25	50	91	33	49	43	49	77	78	85	46	45	84	72	88	40	40	17	30	85	87	72	76	21	27	91	59	73	71	81	79	46	25	99	63	23	30	22	92	96	45	80	79	55	67	34	98	93	19	59	13	88	18	94	25	65	32	44	76	25	89	31	64	22	83	58	17	62	18	48	83	53	34	65	91	100	32	40	83	35	84	47	35	73	88	19	56	96	51	29	41	65	83	41	39	48	35	37	28	49	29	92	31	86	80	38	28	21	34	49	54	76	65	98	62	79	42	74	94	60	30	59	17	77	30	64	55	94	60	98	35	95	29	39	31	24	17	30	61	96	72	57
53	56	13	13	71	57	96	44	62	27	24	82	10	81	41	82	60	28	64	95	77	22	96	51	33	53	33	17	43	99	15	60	89	60	78	96	38	55	58	16	17	92	38	69	93	64	57	58	99	19	91	39	98	63	97	76	58	37	67	96	47	68	12	52	21	38	18	23	83	42	93	60	78	49	77	81	78	75	37	96	69	69	75	48	64	100	61	47	36	30	47	49	48	54	80	39	40	11	77	70	100	11	31	42	42	62	68	22	47	61	95	20	88	35	47	21	60	42	60	81	73	17	88	34	73	25	27	53	34	56	22	52	36	66	75	31	26	53	25	24	40	36	36	31	88	56	94	68	97	22	66	75	85	64	31	46	27	50	20	100	41	46	62	28	21	31	71	69	19	82	23	86	77	80	81	54	57	65	42	21	66	92	18	64	74	11	74	76	46	94	26	32	70	34	67	89	69	89	80	34	60	23	97	11	40	100	49	94	76	77	89	24	98	72	34	11	47	75	14	91	11	30	54	22	21	46	38	70	67	33	30	48	41	44	71	89	20	83	42	72	36	16	70	86	55	38	31	80	48	41	33	76	61	53	46	95	80	92	96	49	25	54	45	27	65	66	71	35	92	25	45	62	98	74	30	91	65	67	37	69	15	11	63	84	53	99	40	11	99	11	30	29	75	38	18	46	60	98	29	99	73	44	88	86	83	16	26	50	51	25	22	99	49	77	71	10	70	39	97	98	61	55	61	57	99	12	65	97	35	57	34	32	95	12	71	99	47	12	39	22	45	72	96	63	84	73	21	73	30	100	69	95	45	46	58	100	85	61	88	18	52	35	41	68	17	16	89	82	13	95	80	34	53	88	30	65	47	50	76	74	18	86	94	76	72	48	36	78	42	52	55	74	90	91	47	45	26	96	39	26	31	34	45	65	46	71	84	62	85	63	73	97	54	98	22	52	97	35	77	52	64	11	71	91	77	50	26	27	61	59	70	40	22	68	63	27	78	94	14	53	61	56	87	100	58	56	52	13	49	53	12	11	27	98	50	94	12	39	32	20	97	34	78	13	71	61	82	69	79	11	52	57	12	92	30	82	19	70	92	99	13	69	75	18	86	50	15	52	13	19	66	29	68	14	81	37	18	29	54	59
60	94	36	89	90	61	74	18	66	32	94	73	62	32	84	81	19	87	97	65	30	29	11	33	14	31	97	67	94	41	28	33	19	65	21	49	94	32	69	18	87	86	64	74	68	83	33	70	29	61	45	22	21	96	54	51	47	61	12	95	24	24	72	82	75	61	45	58	15	78	99	34	92	74	94	24	89	16	54	86	27	27	80	55	34	77	89	56	23	13	59	20	10	93	83	48	80	88	22	82	56	35	94	83	56	60	72	57	73	97	46	72	28	85	67	57	15	73	92	89	79	59	29	13	83	19	92	62	13	67	42	15	36	56	46	72	47	29	73	25	40	37	12	12	24	87	10	74	74	61	11	36	59	18	34	69	85	20	22	80	73	73	40	32	20	83	19	56	14	59	36	98	33	94	44	33	25	57	19	44	58	82	83	43	31	16	26	66	11	31	86	19	90	100	92	40	53	28	50	26	94	87	52	88	74	50	72	56	34	48	25	61	52	15	70	16	19	86	90	86	96	54	85	39	64	75	16	59	97	16	22	56	15	38	47	91	19	39	93	88	85	43	72	45	30	94	29	53	18	82	61	13	21	80	41	12	84	73	32	49	32	51	22	24	78	22	53	54	80	38	69	47	34	66	31	32	38	16	35	92	91	93	73	16	59	23	41	73	37	55	41	32	48	71	58	31	18	95	79	70	17	59	72	74	72	73	65	67	57	35	10	28	61	89	42	78	59	99	90	72	53	63	29	77	69	87	80	88	67	18	99	76	70	29	57	13	77	27	60	90	87	43	82	61	78	19	12	33	90	63	33	93	84	93	53	12	21	97	84	84	70	83	50	96	57	64	34	20	38	41	79	13	54	29	27	92	63	99	98	34	83	31	68	79	22	63	89	74	28	24	38	98	88	80	43	71	36	68	38	36	29	82	88	26	32	41	81	85	99	98	67	44	19	86	88	28	81	81	69	74	60	68	38	59	37	48	20	51	12	82	43	56	53	46	43	42	47	54	84	17	32	86	86	50	15	12	37	100	82	71	16	26	74	76	48	26	56	94	76	65	11	36	39	82	70	53	63	90	78	58	39	39	89	45	74	41	91	13	49	61	59	54	63	55	37	78	21	50	92	98	48	30	72	40	11	14	75	50	59	92
16	48	89	86	76	47	66	33	13	17	62	39	33	68	95	36	47	20	90	46	93	72	100	67	56	40	100	80	35	33	97	88	39	54	89	67	22	57	25	76	27	16	77	56	46	43	62	85	65	19	98	76	85	87	34	69	30	86	61	78	84	18	11	94	16	53	10	94	88	46	69	27	82	40	52	64	66	32	60	28	60	20	53	59	60	36	97	15	32	97	84	93	36	73	10	47	47	97	15	34	50	59	37	70	16	55	76	18	49	28	29	57	87	72	73	65	61	67	70	19	55	70	77	20	13	58	60	91	14	28	15	54	79	64	82	38	14	85	43	89	43	26	91	45	31	94	29	11	79	97	12	79	68	74	90	99	58	85	13	39	34	16	35	66	62	38	86	48	92	42	22	82	28	36	11	42	92	53	38	79	13	91	25	99	13	13	24	99	62	32	17	83	61	57	88	84	38	53	22	79	21	57	81	20	96	87	85	15	57	54	70	98	30	62	91	49	79	82	74	18	50	59	83	33	37	99	69	82	47	74	18	11	52	84	77	24	83	47	49	43	32	89	33	45	18	50	23	29	83	57	14	79	12	21	79	66	75	81	84	56	21	55	30	31	65	45	95	75	43	84	86	96	58	13	30	81	28	44	64	67	23	96	36	12	14	84	10	37	21	49	70	53	17	51	70	21	33	100	62	28	74	31	51	98	26	45	13	91	85	47	18	89	42	54	81	69	62	97	71	100	45	31	21	87	61	72	69	38	64	98	19	25	80	92	41	82	46	21	91	59	44	74	38	48	82	76	47	11	79	43	44	86	79	79	84	78	96	87	59	18	24	19	66	71	52	65	23	86	78	99	14	100	31	58	40	89	24	45	40	58	50	36	79	30	12	51	24	77	66	76	26	63	27	48	53	70	25	50	31	24	34	64	62	79	72	72	67	34	84	83	85	79	14	94	67	65	28	81	19	11	59	93	73	57	12	88	59	40	31	61	35	64	70	59	87	56	31	78	40	43	47	25	61	56	52	69	17	67	43	41	85	91	37	75	24	69	13	85	64	73	17	63	14	54	94	27	90	17	34	97	92	63	70	27	85	61	50	91	90	27	60	17	91	66	78	10	43	45	89	95	58	12	98	40	95	93	25	14	96	64
94	67	34	63	41	56	50	13	30	12	27	18	87	42	13	98	98	34	78	29	35	71	62	38	100	54	35	17	94	56	77	29	68	37	17	53	37	51	83	89	34	29	83	31	90	38	86	100	11	44	86	51	52	20	54	87	96	65	68	71	27	60	89	97	94	35	92	27	66	71	53	46	22	81	43	40	79	57	71	86	67	69	34	58	100	87	80	21	51	76	22	36	87	73	96	78	42	41	17	85	24	68	55	43	52	20	54	93	19	93	81	18	70	40	42	91	25	35	25	65	64	74	93	98	83	91	37	25	60	73	42	97	93	80	62	90	73	23	20	41	85	31	11	62	25	21	78	14	94	15	87	27	51	77	54	48	38	23	84	47	78	77	18	55	81	97	91	89	93	30	81	95	24	54	79	51	28	12	14	50	68	55	94	77	74	20	32	28	51	43	37	54	53	41	24	61	42	84	56	41	56	89	22	79	29	43	44	78	12	81	57	38	43	90	83	39	37	68	31	55	83	43	80	99	66	78	13	53	87	43	43	44	97	89	25	63	88	40	80	65	20	89	79	73	64	49	98	83	40	49	42	61	74	75	69	24	37	67	69	46	82	28	93	72	18	42	94	15	23	81	69	30	22	52	97	96	39	52	84	59	45	90	97	63	62	80	21	76	59	93	74	49	51	82	41	39	99	97	91	86	28	51	47	22	76	36	76	46	71	72	68	81	82	58	27	78	34	30	71	44	23	26	12	59	89	50	99	60	19	19	76	35	34	64	69	58	44	56	58	69	26	97	42	41	24	58	39	51	69	50	35	87	36	67	29	57	15	18	71	72	61	43	91	84	37	43	72	15	52	64	44	65	75	53	57	78	91	89	62	88	46	36	64	85	34	99	82	94	24	98	54	41	47	30	57	22	14	39	80	89	89	20	39	36	89	85	100	90	12	51	26	71	76	78	46	64	22	67	20	29	62	77	38	41	15	19	34	65	61	28	17	53	19	28	57	22	65	63	88	91	48	36	62	22	30	28	92	40	89	19	55	87	100	46	24	15	81	82	88	36	24	71	99	64	40	43	21	20	74	30	55	98	98	64	32	64	11	64	48	49	53	18	59	65	27	98	57	74	80	59	15	14	22	23	53	23	28	96	58	40
92	43	48	45	48	100	83	67	46	30	82	24	57	77	15	31	97	89	82	99	32	65	79	59	34	70	47	96	37	48	32	56	62	19	20	67	37	68	14	86	47	55	72	78	46	52	35	41	12	44	60	21	15	37	68	64	81	97	93	74	17	89	71	40	78	20	75	63	46	24	46	72	61	99	34	18	64	52	85	20	40	41	76	71	55	60	41	73	35	81	23	72	52	98	18	61	65	53	43	29	89	34	50	66	72	56	54	41	85	26	33	63	100	63	45	86	51	49	41	12	73	36	83	92	82	99	98	37	79	35	87	35	17	12	95	49	77	93	28	37	31	48	48	30	13	99	91	12	58	11	10	34	87	16	46	48	79	17	44	32	70	78	98	72	40	63	38	20	59	38	54	11	31	64	37	16	83	53	49	26	28	55	45	84	36	43	15	21	92	79	83	51	15	66	60	61	64	93	48	38	72	26	83	17	51	79	42	78	43	82	47	82	78	36	10	44	10	68	90	50	53	61	34	26	28	23	77	92	52	74	48	34	31	93	47	52	87	87	82	19	29	90	53	81	69	44	92	59	47	31	31	92	96	73	48	27	15	46	90	84	53	13	52	20	51	32	63	98	76	97	70	92	59	88	94	71	11	58	67	86	61	75	36	49	56	78	55	12	11	98	91	41	84	18	21	32	99	64	49	60	37	92	79	44	11	64	91	30	20	56	35	74	83	59	50	15	40	20	21	81	14	84	43	45	97	89	59	86	65	18	27	77	97	75	69	23	98	37	66	85	47	11	30	25	81	91	13	29	95	15	41	82	29	35	63	25	44	14	23	84	47	40	37	57	68	21	76	42	86	23	32	83	72	21	36	87	90	35	70	23	21	58	14	86	77	78	92	100	69	46	32	52	63	84	27	22	75	77	10	17	97	38	81	79	85	93	44	46	88	40	70	78	54	57	84	51	43	42	69	90	40	55	88	63	37	68	53	52	15	66	50	51	98	14	20	11	38	13	49	29	43	64	59	13	80	95	28	58	63	30	28	97	89	12	97	33	20	67	41	35	62	96	61	85	18	42	59	40	73	96	44	10	11	51	85	17	93	50	66	83	62	55	51	70	59	36	18	29	41	75	29	95	60	69	83	27	91	25	38	80
66	41	35	81	73	55	80	79	10	34	66	83	87	82	71	77	80	34	61	85	44	40	57	62	52	22	83	69	90	81	70	15	29	63	80	78	22	13	14	44	79	88	80	55	41	47	33	20	51	77	60	86	79	54	95	15	21	76	19	46	79	74	53	13	40	90	22	74	41	69	97	51	60	91	24	92	12	27	65	28	36	35	20	33	91	86	25	33	89	17	17	30	21	18	77	99	56	59	94	19	87	41	70	94	20	75	33	86	23	44	36	23	81	28	19	18	72	79	87	81	96	82	43	64	14	14	53	81	32	31	95	30	43	79	88	74	28	74	23	95	96	71	30	55	34	13	37	27	40	59	63	12	77	49	85	31	85	22	85	43	51	76	66	53	46	77	29	48	83	14	30	100	36	76	29	76	92	29	37	79	82	75	34	69	25	65	57	51	59	39	50	81	85	27	44	91	33	26	10	34	42	11	52	34	49	75	37	23	63	26	63	42	61	31	62	53	17	40	75	13	48	18	45	46	61	79	44	89	84	47	19	19	30	81	44	69	90	42	94	71	50	48	70	98	19	18	60	69	35	43	88	70	83	46	99	58	79	85	44	26	26	60	85	83	80	82	59	63	70	97	54	88	69	76	26	76	76	62	58	55	64	93	29	97	74	11	94	94	72	15	53	64	23	98	14	10	35	16	20	93	81	31	69	53	15	13	67	22	86	21	87	47	73	14	88	23	18	71	78	12	25	11	28	21	44	63	59	71	94	59	11	67	89	97	18	32	14	39	75	54	83	32	47	53	85	26	18	30	20	33	78	27	29	11	71	64	13	76	64	12	96	53	87	29	77	14	63	80	96	54	52	46	25	98	90	88	21	76	31	71	26	30	24	28	60	54	35	97	46	37	83	26	27	63	63	70	23	38	36	67	31	57	89	89	36	72	62	70	80	48	93	82	45	73	57	94	25	19	47	42	87	56	57	33	46	70	29	37	67	26	88	28	91	19	42	38	25	68	46	27	67	82	21	76	53	28	53	73	27	56	43	36	81	34	32	27	36	40	57	18	82	87	30	35	14	57	95	54	88	61	17	46	63	42	64	57	78	97	44	15	50	81	61	76	37	47	73	58	85	81	16	31	86	69	57	50	47	17	33	85
55	29	58	88	17	14	57	49	26	17	61	90	12	18	52	22	50	20	34	32	10	25	11	75	41	73	71	97	90	19	21	65	68	46	45	39	83	23	93	37	66	54	37	56	99	79	92	72	55	24	57	89	23	94	59	97	91	89	74	82	99	90	55	94	65	99	25	32	15	39	85	49	99	53	17	97	30	68	33	25	67	86	82	77	17	85	85	51	61	39	15	36	71	38	98	90	58	18	57	53	46	81	97	11	86	33	76	43	31	16	93	68	46	98	49	77	24	59	79	27	16	60	66	11	60	36	52	99	72	96	71	74	13	62	34	21	79	85	91	48	39	78	81	68	83	96	18	72	90	83	28	41	20	96	51	97	82	46	61	96	66	86	23	97	31	13	72	58	28	49	51	45	64	65	98	71	71	55	18	93	38	67	23	33	49	31	50	70	37	64	42	50	49	43	68	36	69	15	28	49	29	47	97	21	59	86	79	84	81	84	98	35	97	40	61	11	80	30	21	92	54	49	96	97	25	99	73	65	36	47	17	55	90	85	65	30	60	22	59	30	55	92	23	37	76	73	32	51	36	82	80	92	90	27	68	20	16	41	67	34	29	61	67	41	38	48	83	65	37	47	23	26	52	38	83	90	87	97	73	75	13	99	81	27	42	50	96	43	61	87	16	34	41	54	15	96	21	65	32	20	88	64	90	64	42	69	36	45	96	99	72	98	56	55	26	65	95	88	75	85	29	89	68	97	99	99	46	70	15	25	71	11	99	80	79	13	69	93	92	18	89	91	37	62	16	14	35	73	27	58	56	93	33	15	53	39	17	37	79	26	46	94	97	75	32	22	54	55	24	61	72	55	63	30	89	47	77	34	45	48	89	12	52	14	36	47	54	86	20	78	98	95	51	72	80	94	41	94	67	44	40	88	99	75	33	91	87	20	64	40	93	66	91	86	13	69	44	23	16	48	41	83	58	32	35	22	24	28	39	72	86	29	65	46	27	69	91	86	66	35	81	23	100	78	48	59	19	10	16	54	26	68	46	49	14	89	98	40	14	59	41	41	22	32	57	62	12	84	60	75	14	48	94	77	24	96	41	71	53	75	70	98	39	40	42	36	49	78	95	56	74	34	28	70	31	78	11	14	87	100
39	13	32	59	29	69	70	40	65	94	52	14	89	72	32	57	65	34	96	19	14	14	63	29	91	94	29	23	37	36	15	46	96	40	95	52	48	42	20	55	61	95	70	99	44	68	20	19	30	60	27	71	46	49	33	17	67	88	57	43	45	79	90	57	31	32	77	58	51	60	18	87	65	62	89	36	34	98	38	83	67	67	50	90	55	59	20	98	97	37	59	12	23	100	40	45	99	43	88	53	88	100	88	32	74	33	91	85	90	69	91	40	38	69	55	11	90	27	61	16	13	52	75	16	46	21	36	24	49	60	27	66	37	50	85	46	21	57	19	40	96	99	52	16	38	66	72	94	74	43	15	98	59	38	27	18	55	73	79	26	61	72	88	64	80	55	18	27	90	38	49	49	41	93	50	46	57	37	39	78	78	25	69	80	97	63	35	40	12	51	62	36	16	35	100	11	20	77	83	93	89	40	63	22	82	18	72	69	62	33	22	70	90	24	74	95	45	10	16	26	48	89	94	40	69	75	15	44	58	66	74	67	68	50	10	93	89	61	72	59	17	26	57	97	70	74	74	91	97	48	13	71	45	35	62	75	29	100	64	19	28	25	43	67	86	39	78	46	84	60	90	51	37	62	48	60	63	19	74	92	30	30	99	93	37	69	12	73	13	52	72	19	50	12	50	49	42	36	67	84	62	11	87	24	63	30	86	88	28	81	18	25	97	89	44	63	55	27	46	63	72	59	38	15	34	38	35	39	73	98	45	66	11	62	74	76	17	31	16	45	15	21	74	37	83	86	33	32	29	18	32	15	37	51	39	38	47	57	17	47	37	96	93	67	21	43	45	22	97	88	82	36	84	78	75	93	98	11	31	52	12	13	51	78	80	72	90	61	97	28	41	36	92	23	30	70	49	60	11	86	10	36	17	69	23	32	78	90	69	65	33	50	87	12	33	89	32	56	23	50	64	82	44	67	65	57	23	76	11	23	55	49	48	36	97	95	22	11	28	95	43	34	32	73	47	81	71	74	99	75	83	67	94	93	25	21	40	33	70	24	74	88	17	35	49	62	69	41	79	61	62	34	66	19	70	53	47	98	98	89	54	41	13	80	66	72	24	21	40	74	45	28	86	44	63	99	71	79	17	93
19	42	38	68	90	25	36	57	29	79	77	58	61	93	40	43	77	84	28	87	25	80	40	100	74	91	91	81	29	43	71	27	90	75	97	69	73	76	14	12	65	58	63	92	64	12	56	48	50	32	21	74	35	69	11	43	23	70	96	20	94	79	12	88	31	22	22	12	39	38	37	64	25	86	73	71	16	16	34	14	39	31	82	28	67	11	83	30	91	37	92	31	68	13	61	91	85	61	89	89	51	86	38	88	65	55	84	75	38	59	87	87	12	66	52	36	32	96	23	53	84	21	81	72	65	42	88	77	42	99	83	35	88	74	31	11	38	61	10	16	19	46	96	79	83	22	86	93	95	99	37	42	69	34	84	67	33	80	55	76	22	41	85	99	76	80	17	64	94	77	90	58	73	65	80	51	86	74	46	92	54	65	73	97	43	66	63	10	41	78	98	26	73	67	21	57	39	97	18	97	37	70	95	99	19	39	32	53	88	78	69	51	58	17	47	56	36	18	48	33	33	19	47	99	62	32	77	80	10	87	35	83	17	22	66	44	92	36	98	90	98	50	78	23	93	89	50	84	15	89	28	76	97	85	32	42	63	73	64	63	74	95	78	25	42	63	32	55	88	86	96	23	97	87	94	87	39	90	47	74	99	74	32	47	33	59	56	21	50	38	35	22	29	52	36	35	66	46	58	56	45	13	23	13	73	17	80	36	74	21	26	24	80	94	91	15	100	12	82	83	84	99	90	91	86	27	42	46	28	83	94	79	71	81	63	62	78	20	33	19	63	11	82	54	62	94	59	36	28	11	38	61	64	29	34	90	70	97	68	34	45	53	72	24	19	53	18	68	78	87	82	65	26	92	54	19	65	98	25	50	11	64	63	30	35	96	27	44	45	77	15	11	66	34	81	62	10	14	89	54	23	58	30	87	84	54	48	87	76	95	23	39	36	34	23	95	88	68	89	57	27	49	30	69	33	67	32	51	98	86	97	17	45	39	96	56	73	16	92	29	84	58	92	21	100	21	49	53	96	98	29	25	31	22	34	55	78	91	87	77	42	77	92	73	49	66	60	59	67	10	53	37	65	35	82	23	37	79	67	11	92	57	40	100	35	94	65	62	17	93	88	95	20	29	30	60	37	43	23	24
74	53	27	21	65	68	72	52	10	89	61	52	80	13	58	34	11	42	73	50	21	100	49	58	72	84	41	17	80	82	67	17	17	56	43	87	79	55	97	20	51	19	97	39	60	28	54	39	91	64	76	72	98	88	35	61	40	71	32	68	31	46	28	40	22	76	76	14	20	84	78	49	85	13	62	41	24	35	30	35	78	26	67	40	16	19	94	72	91	56	51	78	49	99	39	97	79	92	96	50	21	26	80	59	49	19	11	74	87	75	12	56	85	90	31	88	72	28	52	92	85	23	19	71	55	30	16	19	42	62	15	78	22	70	57	68	16	78	81	92	36	47	92	76	16	11	10	23	68	38	83	90	65	38	23	57	51	69	73	99	65	44	17	65	98	84	44	26	44	54	41	84	39	20	45	28	93	30	49	66	57	82	87	70	82	94	54	86	66	48	40	54	45	81	90	74	86	26	37	19	53	87	95	40	23	82	95	82	80	55	12	89	26	76	59	20	80	27	71	63	36	98	22	58	90	76	53	15	43	69	90	50	59	77	68	63	45	91	35	64	62	80	94	30	67	43	38	71	80	31	83	64	31	42	74	12	14	33	75	56	29	19	11	95	58	71	97	25	13	88	59	36	47	30	97	84	68	11	42	77	43	85	56	47	27	51	19	67	36	35	81	55	41	61	74	52	34	33	97	65	43	81	95	73	13	66	57	30	91	69	31	85	70	67	22	80	32	21	40	40	84	37	75	35	26	70	12	32	14	83	76	86	53	81	77	38	80	43	81	16	46	16	25	67	68	82	93	26	42	69	61	42	25	12	43	53	34	23	71	68	29	88	50	57	59	49	56	51	82	31	99	34	73	46	51	96	31	79	94	96	21	63	33	18	60	65	51	13	18	22	91	64	95	71	76	78	80	87	37	41	10	54	93	40	94	39	58	49	86	91	43	24	83	63	68	91	50	34	46	12	64	73	44	46	17	75	43	20	36	11	18	58	56	51	52	68	67	65	29	93	89	58	46	78	36	23	45	48	62	88	59	48	19	51	62	84	33	69	99	82	37	19	60	11	90	39	91	49	39	36	61	79	90	78	100	91	75	25	62	74	17	27	20	20	55	69	92	100	19	14	94	90	62	48	42	17	72	85	61	29
37	53	19	38	86	12	89	99	49	78	23	29	63	35	38	86	72	31	27	31	100	53	20	15	91	59	26	28	57	32	21	99	68	71	55	34	59	55	71	84	54	27	49	74	71	59	24	97	36	33	78	83	59	17	16	58	82	85	15	41	85	72	17	94	35	32	68	59	18	21	63	92	77	52	18	92	70	54	74	61	67	34	51	49	35	40	55	30	48	73	97	95	21	61	13	92	21	40	27	77	31	23	30	37	41	40	70	42	65	55	27	64	37	88	18	95	26	59	36	92	96	74	99	27	67	59	51	27	39	37	54	52	86	81	53	13	59	74	43	71	53	67	81	65	91	66	10	81	56	61	65	97	63	13	95	86	37	68	29	94	80	85	33	65	35	36	34	60	15	40	23	36	34	39	87	42	39	28	54	91	81	60	46	96	11	93	59	35	51	37	85	68	35	52	39	82	61	64	14	40	42	30	83	43	55	10	91	99	77	87	78	39	68	16	81	99	88	71	47	19	70	76	23	60	55	57	88	26	80	89	93	84	39	80	85	71	59	75	22	95	58	66	83	55	45	76	92	19	86	42	81	29	34	21	91	11	22	40	73	74	15	50	16	28	45	60	23	51	35	48	99	88	94	69	24	91	62	18	60	61	43	46	54	74	68	52	58	33	42	52	61	31	68	33	89	13	22	70	36	11	74	21	15	16	19	65	17	67	65	28	24	12	60	60	23	56	89	72	47	75	90	94	73	61	50	73	13	19	39	25	12	34	67	86	37	94	27	97	65	13	12	98	64	50	15	26	98	27	88	44	81	12	100	22	21	86	92	41	97	50	46	90	75	39	49	31	21	64	52	97	29	10	90	68	33	82	74	14	43	51	36	82	91	96	73	11	69	21	52	94	33	33	36	84	71	42	42	58	15	17	70	32	42	58	95	31	49	29	79	55	20	91	69	29	50	77	58	85	96	72	34	27	28	44	75	86	69	10	91	34	72	99	84	96	92	37	92	82	10	11	67	26	70	53	80	38	85	40	98	55	88	21	20	81	10	74	20	33	11	23	52	66	38	38	18	46	35	73	31	39	73	29	13	73	24	88	56	70	33	72	55	23	38	60	29	87	31	52	62	97	11	93	94	51	66	42	15	39	95	89
27	87	58	66	33	37	33	37	77	63	37	52	11	53	12	43	15	40	99	16	10	10	11	42	93	36	71	71	77	74	73	48	21	93	49	88	52	12	56	28	26	42	81	86	54	58	21	89	45	92	60	19	99	25	34	78	37	46	48	64	34	78	69	60	55	30	12	82	82	30	79	100	47	70	27	50	69	35	39	76	70	90	75	63	92	82	51	79	47	63	73	56	22	47	52	47	55	32	91	28	50	16	68	46	22	70	70	95	80	47	47	37	92	84	35	60	22	46	53	54	37	31	98	33	38	29	64	36	35	54	55	24	92	27	51	92	100	73	61	85	99	75	46	54	95	46	23	17	72	24	45	91	80	59	89	83	56	37	22	54	52	57	32	58	51	25	57	18	68	37	22	43	73	21	33	89	12	41	70	75	65	45	79	94	68	98	29	43	69	63	23	39	12	46	22	47	50	66	70	98	49	29	43	87	61	56	12	84	39	66	25	81	91	85	49	12	96	13	20	38	71	73	69	46	31	28	40	84	15	68	12	39	43	69	60	12	17	97	85	68	25	91	53	74	32	16	26	17	48	53	27	45	33	54	99	30	95	45	38	96	27	10	26	54	65	57	77	88	52	96	32	44	52	75	19	66	87	47	12	95	70	60	86	59	78	59	89	87	23	95	48	95	75	72	70	89	26	93	38	13	71	78	98	74	73	77	69	63	17	50	58	49	72	34	90	63	30	88	63	27	27	32	40	96	91	20	76	64	24	32	11	51	32	79	62	51	75	27	58	25	69	65	59	70	16	91	55	39	39	18	81	65	39	16	43	95	66	89	48	72	70	13	31	45	30	25	88	46	27	77	61	44	44	23	24	50	81	37	59	82	74	86	41	22	49	56	94	28	21	18	32	85	89	70	10	61	28	55	44	62	54	14	86	89	67	40	33	89	24	62	32	89	76	86	16	73	55	36	99	32	51	81	73	47	75	60	58	37	17	75	72	22	99	47	58	28	53	60	47	80	65	97	15	97	64	25	74	67	91	87	59	37	39	90	89	60	74	23	49	38	96	82	49	70	82	90	43	26	24	89	55	65	59	76	67	50	74	52	54	57	72	79	11	26	89	84	46	56	48	76	68	44	20	14	41	38	90	95	72	100
33	34	59	44	96	12	20	33	81	19	12	87	21	82	17	40	27	85	26	66	20	18	50	39	19	53	73	81	66	44	56	14	31	28	29	32	53	19	98	95	66	61	13	28	30	42	20	90	66	23	20	68	13	99	59	64	52	41	37	96	39	66	85	12	35	88	42	25	72	86	11	51	15	98	13	25	54	98	69	47	56	33	91	60	32	47	79	47	65	86	23	62	26	36	13	82	32	63	88	87	28	92	94	99	73	39	72	89	61	99	53	33	81	46	16	19	81	22	55	96	91	29	45	53	55	16	68	42	52	16	68	95	11	24	88	57	95	23	17	32	93	39	55	78	24	26	96	35	47	44	71	21	81	70	68	79	41	75	42	37	39	62	53	79	71	17	79	40	94	69	65	98	76	57	44	76	87	65	15	60	17	57	88	74	82	91	28	38	30	65	23	61	87	64	13	21	32	83	79	68	94	69	86	92	62	70	21	30	62	59	99	65	59	53	53	79	91	84	15	33	57	92	46	41	95	79	24	25	63	24	22	82	41	57	13	61	75	96	55	44	13	41	90	87	49	92	64	58	52	66	91	20	59	59	41	83	37	44	38	20	20	78	81	69	97	62	15	84	70	70	98	63	79	72	37	79	100	13	21	26	19	63	71	13	54	22	75	22	76	16	52	10	17	29	48	28	84	14	71	74	26	85	97	37	64	79	99	87	80	16	42	37	68	53	48	11	17	88	98	32	97	32	94	44	97	90	76	26	23	91	26	35	47	96	12	42	91	50	49	52	96	47	27	39	36	45	40	61	74	76	30	76	60	54	63	69	97	38	30	40	14	15	51	47	55	87	38	98	15	23	83	12	45	52	26	20	96	80	19	29	98	94	73	13	81	60	11	70	28	60	68	12	52	35	47	90	78	66	40	76	23	25	49	51	38	16	73	77	52	83	90	56	72	88	74	53	25	26	79	76	48	23	23	35	22	82	81	30	42	91	13	28	13	14	71	23	70	70	13	80	56	56	73	25	63	16	67	95	82	54	69	32	32	77	64	19	19	81	38	21	75	35	66	59	30	39	82	11	87	61	45	26	43	23	96	20	14	10	80	16	24	32	86	91	69	66	35	10	48	14	59	49	26	19	37	98	44	59	99	44
52	14	92	16	45	57	52	51	91	48	42	45	23	15	12	20	11	87	96	32	69	79	10	66	76	17	25	14	63	36	32	58	45	28	88	56	54	43	41	43	24	28	82	92	28	49	66	37	83	68	86	19	13	36	95	17	89	100	10	64	26	90	81	86	46	77	96	61	81	61	87	63	65	37	38	57	44	55	18	59	71	43	42	97	26	42	19	42	86	27	53	91	32	26	75	79	50	52	42	66	48	44	14	44	45	25	89	79	70	90	84	70	91	44	87	94	78	13	21	13	77	92	35	39	12	44	89	85	47	29	55	99	17	63	50	99	20	52	41	72	42	36	63	70	35	45	92	92	78	94	68	45	25	28	47	45	80	61	57	37	50	85	25	27	48	54	45	69	66	13	35	12	81	53	67	79	23	15	56	18	13	14	93	53	51	61	88	34	72	28	49	56	24	48	51	18	97	95	60	70	44	50	97	81	36	46	47	15	30	44	85	52	26	92	44	49	24	14	36	97	69	99	39	44	12	43	47	23	42	71	11	18	79	86	41	25	78	82	57	13	89	79	77	95	87	27	66	42	52	34	51	69	52	27	73	63	85	70	41	52	75	71	60	48	100	94	46	14	97	28	60	93	19	16	12	97	79	62	81	71	91	51	22	81	64	49	86	24	36	26	82	26	84	45	14	52	78	64	48	94	41	67	21	20	84	46	26	41	62	60	15	35	81	45	17	65	97	42	23	64	72	15	17	70	81	18	55	78	35	54	78	50	43	32	16	19	32	66	62	27	21	94	41	46	96	76	36	68	10	74	34	11	34	79	94	72	13	56	56	33	71	70	46	44	30	76	40	81	78	65	69	90	85	64	24	95	30	88	10	43	88	54	15	30	32	41	23	74	14	33	82	13	13	99	35	23	92	60	34	16	69	31	15	77	74	71	31	77	30	57	37	84	97	72	11	81	14	81	40	48	67	88	15	98	10	60	89	40	60	12	14	63	38	82	20	24	63	59	25	57	22	24	87	53	68	53	74	80	29	23	75	86	80	87	85	34	91	11	13	66	46	51	81	46	14	76	11	26	52	62	90	61	89	73	83	15	72	36	36	12	79	56	22	95	38	74	43	26	83	34	100	86	46	64	28	28	91	67	59	35
96	79	61	98	13	59	61	99	78	19	56	26	78	70	28	92	67	45	26	89	69	44	23	47	34	14	97	18	65	21	61	37	26	57	16	78	87	23	35	38	31	67	25	69	73	44	76	44	98	63	85	47	34	43	20	59	15	46	78	27	41	38	18	24	78	87	24	26	51	41	67	61	27	19	14	83	99	67	58	36	16	68	91	99	14	95	78	41	52	47	12	70	40	35	83	87	70	21	95	35	14	91	29	91	11	39	51	41	92	45	29	48	91	49	81	66	78	83	58	100	54	16	76	73	87	54	67	80	32	33	85	40	70	44	73	63	12	73	13	20	96	69	15	74	46	70	21	53	18	79	70	54	37	73	58	13	15	19	15	71	16	37	38	45	58	19	66	65	37	19	23	23	25	53	42	19	76	69	20	92	59	24	51	75	89	98	29	11	67	25	23	60	65	71	86	80	40	12	21	68	31	77	68	53	51	64	34	69	30	67	85	56	33	47	94	72	41	70	94	47	27	94	31	87	94	43	48	66	66	18	16	71	84	34	45	53	57	86	60	31	20	52	41	71	69	55	44	56	43	94	72	11	46	76	30	48	22	25	60	89	61	83	45	21	97	90	47	57	98	65	78	86	54	36	81	71	29	48	33	37	87	58	66	81	94	69	14	36	27	52	17	29	21	56	33	21	90	16	98	44	68	98	25	66	47	46	27	62	85	73	78	77	39	48	71	50	12	75	86	61	30	55	64	11	39	12	14	40	32	91	34	56	92	94	77	50	99	36	76	36	17	78	44	90	58	68	11	36	60	73	38	86	32	37	18	29	21	20	42	19	96	46	74	78	94	44	48	89	49	85	62	71	51	63	44	68	80	25	72	40	54	73	27	60	45	72	81	21	81	53	24	92	39	100	65	96	53	34	43	45	50	49	71	17	25	74	86	67	44	23	69	36	64	40	73	32	31	32	45	42	21	40	69	53	82	61	25	57	38	43	22	95	44	85	71	56	65	69	87	53	77	32	20	53	58	38	77	50	96	39	95	87	50	90	19	60	70	50	41	35	82	84	48	68	73	66	84	23	93	31	25	55	59	15	36	22	72	67	11	81	80	83	98	11	58	43	82	39	54	42	66	89	59	54	69	65	14	93	70	82
16	93	36	100	19	93	71	54	56	37	46	44	47	28	53	55	65	37	62	57	55	75	77	52	13	86	90	31	94	43	27	55	95	83	70	78	60	34	23	86	29	42	94	29	40	56	55	97	51	72	47	95	55	13	58	57	32	38	34	52	96	60	91	32	90	34	88	74	45	66	33	98	23	98	18	67	93	27	24	70	24	57	53	22	69	82	51	45	38	25	100	10	23	20	30	35	58	94	88	39	87	38	39	87	95	16	88	42	40	46	75	28	56	17	65	100	35	64	16	96	83	62	86	37	59	42	97	37	74	24	90	30	54	74	26	15	66	62	55	84	45	88	96	39	88	38	77	87	36	71	99	76	63	57	46	30	70	74	98	37	50	75	90	40	29	99	68	84	83	30	39	37	37	25	85	53	29	11	48	56	47	55	71	65	99	34	43	26	35	15	50	49	27	36	12	40	94	84	40	97	31	61	72	30	60	61	23	92	67	90	99	46	56	56	66	95	17	78	79	23	30	67	52	76	88	72	99	40	21	30	58	36	90	33	78	44	59	41	33	29	18	89	87	18	38	47	31	93	58	82	34	91	82	33	96	77	68	98	26	38	89	23	17	47	81	77	28	87	11	30	45	24	88	42	45	74	94	32	81	62	19	93	31	37	39	53	47	72	57	74	72	80	71	74	29	11	35	21	56	14	41	48	37	24	89	76	78	79	79	89	15	46	13	56	51	67	89	95	26	89	71	62	89	54	96	66	80	14	59	73	99	86	62	54	46	91	28	99	60	17	66	12	46	97	36	69	41	39	27	73	98	43	74	70	27	67	85	53	87	98	66	87	60	56	56	94	34	70	10	78	13	59	14	48	52	50	13	40	45	71	63	99	69	34	45	87	52	98	66	93	75	70	55	76	45	48	98	95	81	88	99	20	91	73	81	40	40	58	48	21	31	23	34	63	43	89	65	97	22	43	92	59	30	58	36	70	72	94	86	33	51	97	16	97	43	50	86	84	71	13	60	48	20	19	43	28	17	18	38	56	39	24	41	31	72	71	61	19	62	97	94	76	100	91	31	79	37	84	22	41	63	74	30	65	66	36	24	79	16	95	53	46	90	77	88	81	55	71	44	52	72	84	48	79	63	72	56	98	98	11
86	36	45	61	31	66	62	28	16	29	59	33	24	20	20	48	86	59	62	68	49	39	99	86	15	58	87	70	43	88	41	14	36	16	62	94	48	74	62	23	13	31	14	47	70	61	32	93	37	10	89	47	34	87	48	47	29	42	85	51	91	23	14	56	49	23	85	80	87	82	74	36	82	38	10	60	56	81	39	13	47	80	69	18	32	94	52	61	43	49	50	80	92	49	31	36	27	42	80	43	45	68	21	43	94	61	96	71	97	54	68	28	47	95	61	64	30	46	31	87	31	16	81	18	67	51	35	66	98	33	93	54	21	34	18	60	42	82	82	48	17	76	96	69	68	14	11	77	52	61	86	99	64	85	56	28	54	83	35	90	70	64	35	23	50	82	71	90	93	29	65	86	36	65	66	35	62	85	10	22	30	44	92	62	79	46	42	92	45	82	90	34	21	55	35	44	29	90	11	41	35	99	66	66	78	74	29	11	24	22	53	50	97	68	95	15	24	92	93	66	65	88	99	85	97	66	75	38	99	87	83	34	92	76	86	25	22	60	19	26	15	100	32	57	17	33	20	89	28	77	70	51	23	23	41	27	72	43	28	17	79	67	95	50	55	51	54	61	96	18	49	50	58	46	70	77	35	28	83	52	92	53	80	52	66	95	80	39	86	32	53	79	19	34	100	80	43	70	73	35	65	11	76	43	19	68	53	35	26	53	63	55	63	44	62	19	32	54	35	45	83	18	52	90	12	58	39	53	75	28	12	15	88	75	98	99	74	31	84	94	68	57	77	53	41	68	81	78	65	76	22	94	72	62	14	49	53	82	20	52	21	21	38	32	32	37	28	23	75	11	44	37	70	70	43	85	75	34	15	16	58	100	55	76	80	30	40	98	44	22	39	74	31	30	71	82	81	81	90	94	33	22	29	68	46	96	51	99	48	17	99	11	81	99	29	22	34	66	89	93	41	64	17	96	66	40	20	79	83	71	17	90	72	53	67	29	87	66	39	93	40	69	86	26	57	64	90	41	41	69	74	99	45	68	16	31	23	58	16	18	29	40	11	75	77	54	18	78	85	60	53	61	36	31	12	47	41	72	41	95	69	71	92	93	47	55	92	71	35	54	45	17	81	23	18	65	58	28	64	32
42	10	40	29	51	83	51	98	90	96	72	100	34	25	60	84	79	32	78	80	69	22	22	28	28	57	92	42	42	66	60	34	94	11	32	90	37	87	24	88	30	60	46	39	34	74	78	27	38	64	41	19	36	41	11	13	39	95	40	55	21	30	96	25	61	51	29	18	64	28	19	79	99	61	86	74	74	52	89	34	39	80	40	47	21	41	54	23	10	95	88	23	94	53	60	92	26	17	44	28	96	78	58	18	66	79	24	43	36	28	90	53	54	66	13	57	50	32	66	76	99	84	88	37	42	24	99	44	28	40	60	45	26	29	88	61	92	19	75	10	47	65	86	15	100	34	58	53	37	80	73	94	51	97	98	77	31	48	89	86	35	18	36	94	58	26	37	74	58	62	73	18	48	92	49	73	12	62	95	69	26	86	62	44	65	22	30	56	45	61	77	27	17	95	73	21	67	20	57	66	26	99	85	94	75	17	74	78	93	77	16	11	91	24	62	34	74	14	78	31	87	32	36	63	82	61	97	88	98	81	27	14	72	87	13	81	35	41	46	40	34	65	82	93	64	43	97	17	37	80	85	59	51	90	10	98	13	83	12	50	47	65	13	61	41	65	49	22	86	98	76	22	50	78	99	52	13	72	35	62	40	16	36	96	26	95	14	64	45	60	13	21	67	89	49	71	13	49	73	47	84	94	95	87	32	71	50	77	50	89	65	69	44	12	71	97	75	15	29	82	45	61	35	51	78	16	18	54	40	76	21	35	43	74	27	36	13	71	19	55	28	51	33	80	25	17	55	75	15	68	22	92	69	34	76	18	58	43	46	84	50	27	79	14	40	79	66	54	87	93	25	39	43	15	83	96	27	42	92	16	30	21	26	91	36	54	81	41	89	37	44	61	51	33	30	56	13	23	34	65	81	25	14	86	35	14	34	37	63	64	72	100	30	67	24	90	72	47	98	34	46	48	42	93	98	94	92	63	93	90	58	39	82	29	61	96	37	99	45	26	74	99	32	92	88	51	16	86	71	62	31	55	23	91	68	37	38	85	94	53	22	49	36	54	62	60	83	38	28	17	37	91	96	45	42	69	87	11	85	13	60	28	87	71	56	62	82	64	18	98	65	10	29	33	79	83	95	84	49	94
50	70	64	86	74	84	75	15	42	41	47	47	39	69	57	17	35	99	71	75	38	44	88	58	17	45	83	88	87	14	93	83	80	54	17	16	58	22	34	79	77	66	12	92	21	89	19	61	49	63	46	37	28	40	17	64	28	41	48	12	88	93	41	27	14	14	47	18	53	73	31	82	15	21	30	82	30	73	47	73	80	34	26	18	34	66	75	50	12	44	59	35	85	77	50	84	61	28	29	68	86	70	47	25	33	56	21	95	49	95	75	45	95	60	67	69	46	48	71	73	28	81	31	91	70	64	75	99	100	29	13	85	71	20	66	94	57	14	65	73	33	35	98	56	25	53	12	78	93	77	65	20	39	71	43	64	69	76	57	46	90	18	92	34	23	46	54	37	95	35	46	54	54	49	60	76	65	98	36	53	27	33	50	17	23	69	93	46	89	59	98	86	16	82	63	42	85	70	22	11	29	40	18	64	43	90	49	89	12	48	62	82	25	44	63	87	33	54	42	33	26	75	45	56	34	79	37	92	32	77	55	99	23	75	72	73	26	36	71	79	81	14	22	30	72	32	31	11	15	80	81	54	34	33	21	16	49	34	15	84	23	68	71	16	23	77	20	13	64	65	72	38	26	23	65	73	32	38	60	16	87	66	60	75	34	33	99	19	11	49	32	82	82	97	29	96	14	73	49	53	39	56	12	41	87	73	62	36	83	21	75	72	97	12	58	55	42	28	46	29	33	13	51	94	82	65	29	68	88	92	65	33	70	82	44	99	14	69	79	53	26	93	35	39	36	56	11	46	72	96	83	89	67	100	93	40	82	85	18	87	92	64	20	40	97	47	89	80	76	10	12	74	29	23	61	75	15	56	94	28	97	41	15	90	43	96	35	87	34	66	81	27	22	75	16	16	30	50	35	12	76	26	64	28	62	48	88	49	67	34	52	25	28	20	48	28	78	13	78	73	66	43	69	46	66	13	16	86	26	14	60	90	73	44	83	33	77	49	67	41	60	77	55	41	14	82	44	50	75	34	54	97	79	49	86	100	54	73	11	58	76	89	40	12	85	74	49	24	63	24	43	46	28	72	36	73	47	36	56	72	53	30	94	74	19	29	30	32	62	62	54	59	76	55	45	78	90	61	38	26
36	17	52	42	66	23	99	59	55	83	66	14	42	64	93	38	29	99	79	37	50	50	29	76	49	95	66	60	34	38	34	91	78	87	33	17	45	16	75	71	84	48	18	53	81	72	78	84	37	61	38	70	96	70	54	60	36	32	66	51	35	12	62	26	56	94	55	69	91	50	72	41	65	45	67	62	82	17	19	68	93	51	13	64	92	92	43	51	78	53	11	39	59	91	32	56	23	75	28	81	26	20	39	16	95	32	16	60	71	43	95	90	15	40	18	58	57	63	76	32	13	89	43	36	37	36	37	68	33	80	40	93	74	62	39	15	82	85	48	77	73	93	12	92	79	15	98	14	99	53	75	92	94	52	84	82	14	10	32	64	14	57	19	81	73	58	38	66	39	15	91	63	53	24	81	20	33	29	49	79	52	65	48	24	41	98	96	47	63	27	85	14	93	37	31	81	76	81	54	46	53	93	96	86	53	85	89	37	96	67	78	54	83	80	96	94	97	48	54	90	11	85	13	85	15	22	71	35	54	57	86	34	63	15	59	64	53	43	83	82	45	49	41	81	44	30	51	53	44	52	33	45	30	77	99	29	77	45	90	67	27	41	52	38	57	85	73	15	45	79	38	70	69	30	91	92	93	94	80	81	100	84	34	86	84	53	62	99	46	20	13	36	90	23	48	85	15	87	75	62	40	92	31	11	35	60	16	14	23	43	11	61	41	61	12	22	32	61	66	13	44	85	25	17	90	18	74	11	66	60	88	21	26	24	28	11	91	32	72	71	62	59	32	32	39	25	73	89	55	57	62	66	17	25	54	57	62	51	53	91	61	99	65	71	69	38	61	73	33	56	94	30	25	63	93	51	56	25	72	87	43	37	38	12	68	79	76	34	81	32	24	37	34	53	65	98	26	29	12	17	51	42	61	17	69	21	78	38	60	23	17	84	28	48	66	27	69	45	54	30	52	23	71	48	47	60	56	46	26	30	87	12	78	77	42	22	56	51	99	97	21	89	77	77	56	26	14	19	40	58	89	42	80	15	27	61	48	84	61	99	57	29	14	87	55	51	83	86	99	17	70	16	94	97	58	82	35	38	83	84	65	56	89	16	78	46	28	73	57	44	57	84	79	15	26	89	57	99	22	28
33	31	48	82	49	61	59	23	79	92	28	44	33	90	62	27	13	97	88	81	67	71	45	73	96	78	84	12	47	11	32	98	24	66	63	44	80	58	71	85	48	12	30	24	96	73	43	36	37	92	89	25	66	93	67	18	29	46	26	50	50	25	69	29	60	63	97	40	15	58	11	45	80	56	54	31	13	53	21	22	35	32	27	55	15	43	37	69	60	55	49	78	47	60	65	21	18	36	65	18	15	44	17	67	62	46	96	84	72	24	48	46	77	65	21	83	83	13	65	27	39	87	34	48	32	65	33	97	45	32	83	49	76	67	68	69	75	71	44	58	44	45	28	88	25	79	88	42	61	74	30	83	73	21	25	16	53	45	50	76	87	41	33	64	91	25	77	82	58	57	43	29	82	24	74	21	23	57	96	75	73	71	72	31	66	67	71	12	95	39	22	18	61	43	39	28	91	52	57	33	35	42	24	73	98	85	28	38	90	64	22	96	68	57	89	37	38	52	18	18	63	74	48	29	58	55	32	36	78	88	83	33	18	31	22	22	71	72	64	35	79	95	53	37	73	57	47	13	79	47	95	43	31	88	76	55	63	16	21	21	90	86	72	51	64	45	88	15	53	92	50	80	53	93	37	65	27	86	92	84	14	77	46	25	35	82	40	62	22	54	100	41	30	80	83	21	87	35	16	46	36	39	52	76	76	88	44	86	65	43	52	90	55	86	91	55	72	41	28	28	82	28	42	100	58	88	21	34	85	68	17	22	36	95	28	46	97	64	26	33	15	52	78	29	46	69	26	30	69	86	40	65	72	86	24	38	79	52	43	54	74	98	62	80	68	63	40	78	95	68	67	80	26	19	39	92	96	32	28	83	22	20	93	38	56	44	79	27	23	18	31	92	35	92	18	99	38	17	30	64	85	12	86	56	81	95	90	36	74	50	79	82	25	44	18	86	25	70	22	44	80	26	21	44	92	98	27	29	15	13	66	76	89	61	92	46	80	97	55	86	12	92	38	46	63	77	42	27	90	74	59	76	11	59	81	66	24	95	91	91	37	37	60	30	46	88	47	96	28	14	72	38	50	20	82	23	76	69	85	12	71	75	42	74	22	49	11	34	78	57	13	85	54	42	25	88	84	89	47	15
55	67	59	68	14	56	24	88	34	66	60	75	99	34	48	87	13	94	77	28	28	18	87	20	71	27	45	10	60	72	81	36	99	53	25	84	29	80	88	93	75	17	12	86	63	54	59	66	26	46	55	52	31	72	51	95	28	59	23	34	65	63	80	40	77	83	79	33	59	11	96	65	27	17	84	19	87	40	34	85	66	49	26	31	54	59	62	18	35	68	40	40	46	55	73	86	65	15	65	60	21	73	31	48	36	77	80	69	38	79	88	29	21	90	37	63	74	40	43	33	32	54	74	93	24	14	33	34	65	64	55	36	82	15	30	34	90	40	41	52	67	19	94	55	46	38	62	62	18	51	18	64	11	74	51	99	56	83	68	57	83	47	65	18	56	15	35	65	35	81	14	54	94	63	85	49	19	76	59	30	13	97	42	82	59	86	64	69	97	52	68	42	91	49	63	44	39	81	58	41	84	68	14	61	67	33	43	11	76	39	80	95	47	59	66	99	58	35	79	56	32	43	89	94	54	100	79	52	45	18	28	43	84	62	79	83	10	27	45	60	61	60	32	42	21	40	83	24	49	58	85	64	31	95	25	46	62	74	46	96	79	85	51	65	60	35	85	54	90	54	11	85	25	89	30	47	40	16	12	39	44	39	74	42	25	59	14	24	84	17	58	60	94	35	15	45	89	45	83	24	26	50	55	81	43	37	90	99	93	14	51	58	39	80	21	75	65	16	80	19	55	27	65	11	14	32	74	90	85	81	35	82	92	71	43	33	50	56	87	97	88	70	67	75	39	65	85	78	94	31	18	47	26	89	35	74	83	33	61	17	31	56	92	53	79	86	31	76	32	52	45	65	59	92	96	80	40	96	10	46	29	61	45	76	95	75	86	54	93	94	37	11	79	39	57	41	42	28	78	22	35	26	74	95	11	50	50	67	87	70	11	21	96	37	71	85	43	44	19	97	41	40	76	35	13	18	79	95	75	62	66	40	66	65	37	55	17	78	81	32	19	61	72	19	86	60	37	89	94	91	44	83	57	23	53	80	46	80	50	27	50	10	81	17	99	14	20	79	58	67	80	70	47	96	30	29	41	68	68	71	44	22	50	31	72	56	24	66	13	39	95	97	86	47	86	34	76	36	79	50
22	53	45	53	93	17	67	85	63	21	32	47	35	15	13	99	28	93	91	42	57	63	55	37	69	37	78	17	40	40	18	15	63	78	77	84	46	74	50	20	59	69	26	79	26	20	92	83	90	68	78	75	15	32	31	84	44	67	49	52	32	13	83	14	72	46	73	55	89	48	97	62	59	32	43	24	74	55	29	89	79	13	85	31	55	19	81	23	99	20	51	28	60	17	37	97	47	28	19	15	58	70	12	17	93	17	49	64	39	28	84	63	99	79	23	17	15	48	84	26	84	50	38	20	53	37	92	35	70	41	70	87	40	58	70	44	35	41	45	76	54	38	70	19	87	17	90	75	37	48	92	91	47	86	15	70	94	73	11	55	66	18	68	74	39	63	28	18	60	33	84	30	23	92	24	89	71	99	77	48	23	69	66	76	68	55	79	56	73	67	54	82	59	25	69	76	74	11	62	21	15	72	19	82	76	20	29	32	19	76	29	28	66	87	47	68	61	22	90	32	98	48	21	80	53	26	43	78	77	33	47	18	51	63	11	72	70	29	80	46	67	71	18	63	77	77	34	32	85	98	96	75	63	51	12	33	61	22	37	53	33	77	83	46	83	14	28	27	30	76	26	63	88	44	89	47	88	91	19	86	32	70	25	85	14	83	22	72	43	89	46	64	63	14	62	43	31	90	91	87	30	98	40	86	15	17	14	44	76	44	85	59	70	92	74	31	59	90	37	52	32	69	13	21	60	69	24	44	52	17	16	100	94	27	38	97	55	44	38	95	68	93	64	92	68	52	26	10	70	51	24	83	12	40	78	90	73	92	70	74	36	92	79	60	29	25	79	40	37	59	80	96	63	88	33	87	69	96	88	50	80	99	76	82	33	49	37	45	53	40	73	48	100	78	30	43	11	61	81	82	59	99	28	70	19	83	63	29	54	83	61	56	55	31	24	27	98	40	93	24	13	21	32	31	45	76	68	90	100	24	52	97	43	54	18	98	51	90	28	14	87	46	88	31	98	81	70	71	85	64	58	29	30	18	71	62	72	39	36	69	60	78	95	96	49	96	54	26	79	41	45	51	62	33	57	91	62	40	58	14	53	31	23	24	19	56	80	50	94	56	36	40	32	39	40	73	71	67	48	82
88	82	22	36	71	68	22	44	96	19	70	67	82	33	30	42	59	71	61	13	39	21	67	58	77	24	46	59	87	86	91	24	55	99	17	63	16	99	47	19	98	94	18	17	36	12	76	28	36	29	88	72	88	63	14	63	53	74	18	19	90	52	77	68	63	92	73	70	65	27	25	43	42	64	40	47	14	85	20	80	73	21	61	60	68	58	89	11	94	75	69	75	90	31	45	16	40	34	99	74	57	85	72	24	55	81	46	49	62	24	46	87	91	71	58	98	23	30	90	46	46	52	55	74	26	57	60	74	52	37	87	30	53	15	66	31	33	51	76	66	92	60	97	55	23	80	41	97	96	17	95	70	58	69	80	37	38	37	59	90	61	39	62	56	48	81	82	63	10	39	40	37	87	31	45	47	79	59	76	16	44	11	51	72	94	17	65	36	70	67	56	86	47	54	16	72	77	12	57	86	24	43	40	73	40	11	19	29	97	27	89	49	19	92	61	57	86	24	64	49	87	38	41	19	71	31	21	18	13	16	51	30	45	83	49	34	65	68	32	36	43	39	32	35	21	69	50	77	57	57	56	35	60	82	64	31	19	58	41	10	85	85	28	37	84	81	44	57	27	82	78	83	63	85	12	79	93	68	13	56	15	66	35	94	72	93	28	51	88	25	90	16	40	41	83	77	85	80	92	20	64	61	81	34	47	96	33	34	62	94	43	24	67	19	45	57	49	51	83	42	69	66	55	87	57	83	80	86	59	66	94	53	51	67	86	79	34	47	15	74	98	90	41	15	29	54	46	27	29	73	17	75	22	49	55	56	93	13	71	63	34	70	88	52	60	53	49	24	61	10	60	64	59	46	70	66	54	91	44	26	47	35	59	78	91	87	76	62	12	39	28	19	62	98	92	32	57	32	50	77	51	88	61	19	20	68	20	51	63	54	67	41	16	55	81	98	14	49	12	45	25	66	36	23	11	16	52	27	82	89	57	78	45	43	54	49	41	18	94	26	31	68	62	45	51	65	24	18	59	45	15	25	25	15	49	57	72	18	49	50	39	51	15	10	85	37	50	93	56	20	35	18	100	98	82	40	52	64	90	53	91	73	87	86	45	84	72	24	90	75	63	41	83	57	53	49	11	17	79	72
96	34	48	29	97	40	67	80	21	52	28	80	15	81	52	19	87	11	85	25	17	35	94	72	99	79	25	63	71	74	56	37	91	77	77	82	59	67	28	84	32	56	38	40	78	27	71	33	65	13	80	92	51	50	11	55	59	59	47	36	20	73	94	65	39	27	54	35	82	16	28	42	39	28	68	83	73	44	45	68	26	91	67	51	28	98	40	42	96	88	53	47	25	97	12	96	55	12	75	48	27	11	83	10	55	76	30	38	55	95	30	94	77	13	27	40	98	90	73	48	51	48	60	40	45	56	87	10	27	23	95	49	66	97	54	60	61	54	74	85	80	78	41	42	39	25	31	96	95	62	61	66	35	27	47	72	14	70	18	96	12	36	100	13	82	56	27	19	34	94	41	25	59	25	19	29	66	86	45	21	76	43	57	58	80	59	35	63	73	95	69	99	70	68	56	83	19	78	95	17	26	29	47	66	88	71	76	54	63	81	34	84	55	63	56	18	79	89	65	77	82	27	77	87	56	77	42	63	68	81	26	46	33	33	71	36	69	20	19	82	95	54	77	73	16	91	83	97	68	49	77	23	93	60	75	70	89	46	39	49	18	99	78	17	68	62	53	93	22	64	13	99	92	51	56	29	86	37	31	60	34	68	42	47	100	96	95	95	54	21	91	33	25	19	41	93	88	66	73	78	28	47	68	84	50	65	48	11	43	39	16	83	74	61	97	66	58	77	11	58	34	44	59	21	98	47	83	40	30	93	52	14	97	91	72	42	17	95	81	94	49	46	46	68	41	19	48	40	27	60	72	48	89	12	24	24	56	39	56	25	50	27	44	75	57	78	74	96	62	66	93	67	77	30	26	21	49	87	91	18	67	97	85	46	78	45	12	98	40	74	94	67	58	96	22	21	67	44	14	87	77	31	89	80	71	81	31	89	79	12	70	35	82	79	53	88	73	91	33	27	44	19	53	54	87	40	14	42	76	65	13	98	24	10	13	36	34	48	87	43	61	39	66	89	97	85	50	75	61	89	40	19	76	96	61	13	11	47	93	67	50	80	12	36	90	75	16	66	70	96	43	61	60	56	15	84	93	80	71	40	79	55	20	13	70	99	66	93	38	25	11	67	72	54	40	72	90	61	15	29
36	92	22	20	28	93	17	45	77	87	33	39	63	17	69	76	99	51	98	49	44	20	57	30	45	67	19	41	25	20	61	12	28	67	30	98	78	52	64	79	89	25	57	76	18	30	84	74	36	73	34	12	17	21	85	76	36	88	58	74	22	76	17	79	52	76	31	97	72	29	50	57	95	70	80	33	14	46	54	91	83	11	34	33	25	88	80	68	33	33	35	37	36	68	39	30	17	60	81	28	85	34	97	25	66	25	34	16	55	15	29	35	86	100	74	21	18	48	68	15	91	25	84	28	34	17	43	26	23	98	95	21	48	50	63	33	27	20	67	65	70	92	23	30	84	75	70	48	23	71	85	45	53	53	93	89	88	82	34	80	90	50	77	31	74	32	81	16	75	61	71	36	55	98	58	69	92	38	22	52	74	10	19	52	84	27	90	92	55	59	14	77	33	87	11	15	60	48	15	37	55	62	69	61	72	32	70	70	87	78	17	18	44	22	96	24	100	29	11	70	86	86	87	54	34	53	78	11	15	64	89	27	21	38	87	24	55	76	86	44	79	49	80	50	50	57	63	66	56	85	16	76	40	93	16	14	83	55	41	21	26	84	92	20	96	51	75	31	42	15	31	28	71	94	74	45	79	71	51	76	49	16	46	95	52	56	49	68	67	85	71	77	18	10	98	25	71	38	39	97	45	36	81	45	42	45	69	41	64	52	92	72	41	33	56	97	47	58	51	39	57	52	75	75	11	39	48	39	71	35	23	34	88	57	48	24	31	65	88	70	55	90	43	28	74	77	66	51	37	75	66	42	33	35	55	98	38	56	72	90	20	91	37	72	43	35	56	26	10	49	46	88	51	56	18	26	22	70	79	91	46	85	78	24	34	48	91	38	80	49	67	95	33	32	63	10	24	93	47	81	51	15	60	98	70	47	84	63	81	41	93	70	30	68	83	54	86	45	14	28	36	70	45	72	62	77	86	38	92	20	26	85	46	55	99	69	53	89	12	37	56	79	94	97	68	68	52	95	36	22	48	58	17	57	48	55	82	16	12	47	59	85	21	72	87	28	39	49	74	67	75	84	14	83	82	77	42	20	60	24	77	24	82	76	66	16	25	31	54	57	87	77	42	81	74	74	51	24	50	95
91	31	43	58	32	62	12	15	34	95	34	34	67	53	52	32	16	44	85	57	86	48	88	14	50	83	79	36	66	88	33	35	39	58	90	35	90	35	16	17	83	71	31	48	35	19	74	99	12	80	96	34	34	27	34	66	35	90	88	96	31	22	69	32	84	25	92	55	61	19	32	94	56	42	98	29	75	84	39	77	54	67	55	91	75	28	66	46	50	73	57	65	44	51	12	85	29	27	21	97	63	19	84	16	34	30	59	10	55	78	90	23	19	66	80	26	98	66	24	49	30	24	18	69	11	39	15	79	97	64	34	37	15	65	76	36	60	61	27	70	94	91	54	22	16	100	88	48	96	45	34	14	49	63	19	36	94	34	67	67	99	52	39	78	62	80	41	46	51	86	73	74	30	38	62	93	65	56	89	42	75	48	65	27	47	56	12	73	74	68	64	42	30	45	46	14	46	67	58	91	88	33	96	13	21	68	64	15	70	54	95	47	61	15	50	84	37	11	24	92	42	73	81	83	44	18	53	80	10	22	54	82	15	39	78	45	43	37	20	27	68	62	76	44	42	92	99	91	25	39	39	83	27	72	93	67	93	66	38	32	99	75	19	45	74	93	20	98	39	15	68	15	29	45	88	13	97	87	17	96	83	33	26	98	52	67	96	58	16	55	73	86	49	60	28	65	46	11	60	49	59	49	81	72	76	78	41	49	42	15	39	72	97	49	57	13	73	57	82	86	73	99	14	23	96	76	67	13	32	25	16	77	24	26	10	93	18	41	81	28	53	45	47	64	50	50	86	69	94	61	55	10	13	80	60	98	64	55	41	64	48	13	19	97	55	60	43	82	29	46	60	28	33	53	75	77	51	85	24	62	67	23	98	22	96	93	67	65	28	11	81	26	84	27	49	81	37	33	89	52	60	97	20	54	78	90	89	21	49	58	86	79	36	54	47	40	76	99	51	90	38	95	49	79	90	41	69	81	65	51	90	94	81	81	95	48	33	94	15	82	77	85	89	37	52	29	68	97	98	14	61	67	94	21	90	32	81	72	20	31	77	97	72	78	95	11	87	45	36	85	25	11	11	43	69	88	41	36	17	28	51	27	24	98	23	91	13	45	89	40	66	62	62	92	16	54	24	64	65	35
52	26	29	79	60	29	37	21	32	54	90	96	18	90	78	62	37	84	37	17	21	18	13	92	52	88	81	14	63	93	37	61	99	95	69	24	78	45	39	100	68	66	59	98	84	51	74	33	11	79	76	48	44	72	85	48	24	27	60	60	99	83	82	86	59	87	82	14	66	74	71	73	59	97	74	44	68	69	55	35	64	54	58	68	60	64	86	84	11	92	56	78	25	58	38	31	42	96	23	87	65	58	78	73	43	30	76	49	79	68	61	71	96	33	25	22	50	36	94	18	48	57	50	27	42	48	79	16	68	86	13	92	30	84	97	39	98	37	34	19	93	58	17	12	13	71	89	12	47	58	47	87	41	58	85	43	81	70	98	30	54	95	71	50	96	87	62	64	25	69	80	36	23	41	80	96	55	55	30	46	32	10	44	36	96	49	77	77	85	40	23	21	97	88	75	46	53	86	28	86	55	65	11	49	22	66	50	98	99	87	63	100	17	44	97	51	12	95	42	98	22	14	23	91	74	90	67	51	32	13	85	29	27	50	48	28	78	40	90	84	59	87	50	56	78	63	15	38	36	44	13	88	21	77	73	33	22	72	41	94	96	88	86	43	19	80	97	64	91	39	88	23	41	33	21	40	49	19	86	65	47	33	61	69	99	70	93	16	87	69	13	73	39	24	19	12	52	91	70	69	31	86	52	99	13	59	49	67	42	75	77	34	89	13	60	60	74	39	17	79	85	92	90	10	75	52	20	57	60	88	82	91	21	80	66	54	37	76	74	25	13	100	22	89	50	68	96	97	94	76	54	57	94	99	18	67	98	18	26	17	68	77	36	57	14	28	29	29	34	60	68	13	45	38	45	24	38	20	95	58	21	99	92	78	66	70	82	82	17	50	37	26	22	47	20	12	71	39	22	40	73	59	66	48	46	55	57	60	50	25	15	65	98	40	19	25	62	90	24	92	17	38	99	51	27	26	59	51	55	90	84	65	95	56	12	15	23	16	50	70	73	23	41	76	43	54	71	33	99	86	65	94	54	28	44	95	61	90	61	70	72	20	96	99	63	78	25	45	32	69	57	40	97	22	72	45	87	12	31	75	46	73	35	22	32	64	65	30	99	66	28	28	12	75	36	63	28	56	54	63
64	61	11	27	96	27	91	17	22	24	15	43	34	13	96	43	12	45	54	68	74	21	16	68	17	73	17	30	36	16	71	67	68	88	68	48	93	20	46	72	80	52	56	82	18	22	34	98	61	42	58	33	26	66	14	72	66	99	76	16	77	45	23	33	94	96	28	73	33	79	14	79	59	91	57	86	28	18	96	97	45	67	88	32	36	77	75	27	58	16	38	50	75	18	31	91	64	23	35	14	77	87	86	55	56	73	27	75	23	37	37	41	56	87	17	71	28	19	45	35	91	28	46	46	41	15	11	29	99	70	86	88	90	32	20	32	48	82	16	88	64	38	63	84	72	44	53	53	27	66	91	90	26	25	10	38	95	40	98	54	66	53	13	17	16	24	84	31	38	42	17	53	76	23	44	83	29	26	81	27	94	50	57	30	66	36	98	100	44	37	87	54	71	11	80	20	92	14	70	86	65	84	63	45	21	14	84	37	30	95	20	92	72	61	85	79	100	82	52	14	75	26	24	79	65	26	82	11	30	13	10	92	78	19	21	52	72	23	60	99	21	62	16	64	74	68	11	70	13	75	17	71	61	17	36	35	86	64	41	63	73	59	25	88	93	97	44	17	24	82	25	44	79	62	89	49	98	57	80	47	73	55	49	89	89	72	85	77	86	63	57	85	60	39	21	78	73	98	27	52	95	34	12	87	22	65	53	26	41	83	17	74	88	55	18	58	79	25	24	22	74	78	21	78	39	56	42	92	37	62	96	77	13	31	87	74	24	47	26	43	82	79	60	59	22	39	16	66	48	72	19	18	28	71	60	14	74	40	42	45	30	99	37	32	84	11	35	83	91	80	61	42	33	93	39	78	54	62	84	64	42	44	40	52	23	16	68	29	84	76	95	45	12	74	77	16	87	39	91	54	73	38	16	10	97	99	72	35	62	31	80	22	74	17	85	17	19	62	86	40	75	42	31	54	71	40	58	30	83	84	65	44	39	32	90	29	96	56	31	28	59	85	43	42	83	60	41	50	62	99	68	96	76	21	28	95	17	29	97	85	70	90	17	40	98	72	31	16	84	23	81	94	99	41	33	12	10	79	12	50	36	36	86	14	51	33	74	70	58	80	44	11	12	60	19	64	60	45	20	67
26	61	41	29	76	17	99	98	32	100	69	21	93	63	82	30	62	28	51	57	74	11	87	59	78	93	85	48	23	91	29	76	71	54	73	90	69	89	97	99	91	96	63	33	82	47	77	22	98	61	23	27	47	80	98	46	33	40	78	43	84	100	89	88	85	94	42	47	43	11	55	46	18	45	92	15	15	59	66	94	33	50	32	15	61	35	94	81	45	18	25	90	42	79	41	45	77	88	18	86	92	62	15	81	55	66	97	38	89	68	84	49	68	71	74	28	93	63	85	54	22	89	72	39	53	89	18	100	97	50	97	73	25	37	10	44	48	50	13	94	77	50	26	88	20	37	54	96	18	25	58	98	36	85	15	45	86	65	36	70	24	16	59	26	69	68	16	90	27	80	72	66	38	28	66	90	34	47	95	70	95	59	75	92	13	18	75	59	25	56	74	22	17	82	38	92	88	50	11	27	14	74	75	52	59	75	76	30	64	47	48	59	18	22	22	30	95	10	55	62	14	67	17	40	57	58	37	42	84	20	20	32	57	12	64	12	43	67	82	93	56	30	60	20	43	83	12	97	73	92	16	57	24	61	66	43	90	97	83	46	26	65	99	25	81	100	83	25	38	71	68	51	81	44	41	72	53	29	67	11	25	75	89	65	36	17	31	93	58	20	45	69	57	20	84	48	29	77	77	31	95	45	83	47	88	94	62	43	28	81	82	36	22	37	75	60	40	54	22	52	94	37	51	66	76	72	39	92	69	53	68	42	65	46	19	16	81	12	82	92	79	43	58	10	67	26	68	99	19	44	50	81	13	48	80	86	50	71	51	83	45	81	74	64	23	85	42	33	78	92	47	86	45	100	72	71	25	92	62	56	67	94	28	57	99	23	36	12	87	53	73	26	85	97	97	82	19	76	47	46	83	36	74	34	19	11	38	29	89	77	48	79	34	17	73	80	53	30	25	78	40	57	98	62	32	16	88	65	51	64	14	62	72	90	26	14	46	32	66	72	14	92	55	42	20	58	54	12	72	31	63	69	47	84	26	23	60	39	71	25	80	16	55	77	29	80	96	32	15	62	38	73	53	49	21	11	79	70	77	92	56	84	74	46	16	74	70	96	68	80	73	37	23	77	53	97	76	26	90	16
60	38	18	62	59	74	76	48	67	86	30	93	81	62	23	13	21	83	46	93	91	77	56	95	64	26	91	43	92	77	40	29	88	35	15	87	70	50	19	71	65	33	96	62	93	66	50	51	61	24	32	61	65	26	95	35	29	73	51	58	86	54	94	23	52	38	31	95	23	36	82	48	46	15	19	65	34	42	77	55	81	32	36	22	32	36	100	12	99	24	50	25	82	78	99	59	51	34	31	52	26	38	38	97	17	39	41	36	55	66	21	34	47	19	64	96	17	54	36	24	94	75	87	61	79	45	55	51	28	30	64	61	22	50	85	44	47	34	43	37	82	100	85	79	59	91	87	17	78	92	66	52	13	21	38	33	98	63	50	72	65	32	80	14	50	50	95	81	60	54	49	65	94	38	27	89	13	83	41	79	61	66	90	36	15	33	82	71	95	34	63	84	32	48	79	47	34	51	65	81	29	77	82	28	26	76	61	74	67	45	70	94	32	12	67	53	62	14	92	26	12	36	13	45	52	82	53	40	74	60	28	13	65	60	63	14	23	28	33	41	64	34	81	71	45	75	98	50	76	37	53	83	40	83	19	37	57	27	79	94	68	83	33	96	93	30	15	58	98	34	16	60	33	19	46	62	26	85	40	57	67	94	37	16	54	14	90	29	54	84	22	74	80	43	33	68	37	49	61	68	64	13	70	73	25	20	74	91	66	85	34	58	43	53	71	84	25	32	33	90	60	45	14	30	56	39	16	34	32	61	15	70	68	42	57	51	78	64	90	12	75	73	88	29	32	29	43	79	20	69	36	64	14	20	64	17	82	35	37	20	69	20	66	24	96	69	82	11	66	66	33	41	99	79	62	25	64	60	91	91	79	64	72	46	23	34	92	18	13	93	79	67	98	63	39	94	35	91	91	19	44	55	82	26	32	49	68	33	25	92	98	73	18	58	69	68	55	52	43	39	74	81	42	23	77	56	95	88	81	74	32	16	15	79	35	50	29	33	68	16	37	78	45	93	52	14	57	97	98	66	99	71	78	95	60	45	25	48	20	57	92	99	45	39	97	94	85	30	75	60	73	96	69	18	80	89	27	39	97	46	58	84	86	58	16	81	91	81	45	29	36	72	72	84	41	95	98	78	83	88
58	48	96	77	76	41	19	16	56	85	34	45	20	95	77	64	76	52	21	53	92	35	33	58	52	81	11	36	48	47	31	60	74	81	47	31	95	75	60	74	67	85	62	25	94	88	82	11	80	99	81	44	62	23	25	63	96	100	83	41	83	87	16	71	75	21	45	54	56	83	80	92	45	41	30	22	44	78	91	53	60	86	21	29	35	32	74	52	10	72	86	15	100	67	93	61	27	21	18	64	78	15	100	14	25	41	22	49	18	88	79	93	99	33	61	34	79	43	89	26	15	29	53	94	33	31	85	49	31	18	47	33	23	84	47	23	82	12	30	87	28	51	18	95	81	59	10	73	79	14	39	76	54	72	41	57	31	77	72	51	45	92	37	66	34	74	26	41	81	87	11	28	17	80	13	12	21	12	100	99	25	45	69	63	15	11	11	21	74	69	76	15	79	64	84	28	43	22	16	12	51	49	17	56	67	26	91	21	13	30	93	77	40	38	64	51	37	54	69	33	73	26	94	49	15	11	65	87	72	41	15	41	68	12	98	96	49	19	54	94	59	80	58	79	79	58	76	86	72	40	26	86	22	51	60	60	98	74	61	97	49	68	87	15	11	45	25	65	63	23	29	35	11	96	97	45	75	55	65	76	11	76	57	53	24	45	92	97	86	95	30	85	40	54	58	60	60	38	14	87	41	96	58	44	28	75	54	34	70	27	58	52	41	83	73	65	68	22	17	88	72	57	94	37	87	68	43	11	92	17	61	47	38	46	20	35	84	59	44	54	20	57	77	29	17	28	51	11	19	76	77	55	50	95	25	58	57	77	18	20	70	78	32	88	96	80	87	79	12	53	53	27	88	74	75	95	35	30	70	22	29	51	82	86	54	35	91	91	71	32	59	85	33	14	74	45	45	23	61	84	69	39	51	52	41	91	54	18	17	65	68	78	57	96	42	39	63	75	80	72	92	85	77	52	76	53	37	56	40	74	42	12	34	56	71	44	22	40	39	20	19	27	36	65	68	61	90	83	31	74	95	91	89	54	25	58	76	98	96	46	15	28	98	54	78	49	30	92	40	98	21	93	78	39	23	95	34	25	33	93	23	97	79	83	46	63	46	33	93	58	76	13	54	68	15	14	20	77	19	39
wj																																																																																																																																																																																																																																																																																																																																																																																																																																																																																																																			
77	77	87	95	83	98	50	58	14	26	67	14	91	82	48	81	26	66	33	53	24	38	73	73	90	53	99	92	15	23	88	42	14	29	2	10	82	20	45	22	16	60	38	59	86	90	33	89	2	80	85	40	68	78	15	59	79	47	39	90	54	86	59	98	40	86	27	34	25	90	51	16	88	37	86	56	52	69	63	47	92	25	44	3	90	11	38	43	62	80	56	42	56	40	97	9	72	35	5	68	66	2	7	82	47	99	81	41	54	4	36	74	57	50	55	54	3	42	53	40	23	69	87	54	12	59	42	90	64	93	18	28	38	9	46	70	99	85	68	74	86	36	35	88	83	85	83	68	81	91	39	94	20	76	67	92	21	70	7	9	97	78	49	87	95	11	41	87	85	7	49	92	31	57	4	87	99	8	70	81	43	10	14	71	70	93	59	72	34	43	30	45	48	2	85	99	33	51	95	6	4	49	4	60	47	12	48	91	33	91	91	84	1	90	5	32	42	89	84	29	54	50	9	56	80	64	38	98	96	29	69	7	79	86	57	38	61	67	36	84	24	22	39	54	53	48	88	20	70	65	26	91	4	46	38	21	88	12	37	71	98	86	99	81	2	26	5	92	3	18	64	31	31	58	37	4	99	38	30	19	74	8	39	42	51	99	38	64	63	10	64	87	61	66	51	66	85	50	3	15	16	18	85	16	23	34	20	9	64	81	60	77	37	9	26	89	37	65	55	95	97	38	52	59	55	18	87	81	23	30	62	18	42	27	6	27	78	54	81	20	44	83	44	2	82	30	70	60	90	45	8	30	80	97	20	70	23	62	46	69	49	12	21	96	70	26	24	78	56	41	94	93	28	39	45	27	92	95	95	84	29	55	47	60	83	28	28	98	4	51	80	72	63	94	49	76	36	73	29	51	62	71	42	60	79	81	14	64	57	80	37	38	72	27	6	50	65	94	63	7	86	36	18	27	67	17	19	99	31	27	38	40	53	58	44	49	92	69	55	25	50	35	39	52	43	5	20	2	85	4	65	47	77	15	3	66	99	94	52	19	2	45	15	46	29	71	76	66	81	88	31	65	52	54	8	18	22	42	23	46	27	24	19	77	61	65	13	26	38	71	79	26	38	96	35	70	50	67	22	11
