pij																																																																																																																																																																																																																																																									
27	28	68	67	18	79	60	31	71	20	19	99	47	80	41	28	31	11	63	24	51	88	71	56	35	48	96	48	58	58	48	85	12	40	87	86	47	57	41	40	17	63	55	76	71	49	40	65	33	95	98	93	71	100	68	69	28	28	82	84	40	43	79	63	49	34	44	20	42	21	50	83	24	68	69	30	37	80	57	65	93	11	89	76	42	47	86	25	47	30	51	58	11	43	76	86	19	73	93	14	59	42	20	52	48	68	96	17	94	39	40	59	46	56	93	73	33	25	12	74	38	22	54	45	77	71	29	25	14	29	74	74	21	49	86	66	37	48	63	89	15	54	47	14	94	55	77	41	29	82	51	78	86	56	89	88	31	16	32	24	26	23	90	84	98	54	69	38	49	57	94	40	57	66	20	28	78	40	34	92	13	70	81	33	90	53	32	90	21	59	96	99	62	56	20	86	46	70	94	13	34	33	89	33	55	99	56	68	86	83	36	14	42	21	23	43	11	93	71	77	70	37	95	83	46	53	89	86	91	13	76	83	60	46	37	89	28	76	25	90	28	93	60	45	18	32	66	20	92	73
32	32	47	81	56	58	66	11	88	53	82	25	39	26	66	58	20	26	90	82	99	20	23	74	57	29	17	95	46	77	55	12	56	32	29	10	45	47	17	18	42	13	93	85	32	37	54	96	19	83	71	35	63	91	22	40	78	14	92	58	41	27	98	72	85	99	15	35	46	69	46	78	22	59	68	82	96	49	52	10	26	59	49	30	64	91	10	84	79	47	69	44	87	22	90	87	21	55	23	47	34	70	18	30	29	76	32	85	62	81	99	12	52	73	42	38	55	58	76	72	35	52	39	74	55	63	40	37	87	90	45	96	61	63	94	48	62	85	48	93	27	99	17	94	47	63	33	83	32	61	80	17	76	26	67	26	41	56	22	98	25	40	23	99	24	32	96	18	86	27	53	50	31	71	54	55	47	75	75	20	60	47	25	99	89	41	89	13	14	18	53	33	48	22	73	19	49	52	31	92	23	16	57	15	98	11	52	88	67	54	58	82	53	22	16	31	36	61	37	78	14	28	73	75	57	71	30	71	77	44	71	28	22	73	86	33	28	36	37	26	12	71	68	83	57	32	81	89	84	74
98	75	97	41	95	81	20	71	45	78	94	88	53	37	52	28	27	28	61	19	72	90	56	21	55	32	91	13	60	46	83	30	91	32	85	60	52	76	80	58	82	48	62	39	46	84	78	39	80	78	20	50	34	33	42	39	41	31	71	42	26	24	98	20	71	23	37	63	31	42	92	33	66	24	18	15	10	91	32	64	47	87	19	48	26	69	27	97	91	84	57	84	56	32	11	95	86	67	75	28	75	44	55	47	42	82	52	66	37	100	69	41	51	15	84	62	68	82	82	34	96	80	15	52	95	83	66	61	31	81	46	48	32	30	20	97	90	68	85	58	100	51	34	68	46	83	26	68	29	14	59	87	38	42	28	96	42	19	70	16	80	14	70	93	44	60	64	27	73	31	48	52	90	60	22	80	53	84	50	97	53	42	14	41	62	36	32	55	98	98	51	33	100	11	44	18	85	20	21	29	82	87	11	85	55	93	79	33	45	78	31	32	75	10	24	95	32	52	47	97	66	98	73	56	36	65	78	68	58	79	48	56	35	57	64	69	82	78	54	81	88	17	38	66	57	63	75	23	47	57
89	59	76	99	33	66	64	39	91	23	48	83	12	57	75	28	82	25	86	45	94	50	98	87	26	75	57	76	76	86	43	85	47	48	18	63	40	27	46	92	36	16	93	98	26	14	34	70	96	78	56	72	41	23	93	90	76	11	90	60	46	13	16	92	95	58	43	96	85	58	87	78	29	78	93	58	23	61	47	20	85	49	77	84	54	98	33	53	41	40	18	17	20	84	54	16	59	85	89	49	94	93	71	25	89	36	94	62	38	71	77	24	97	84	51	22	22	26	51	99	72	58	81	59	50	68	15	44	79	89	75	98	76	16	50	36	32	66	64	82	64	22	13	74	83	85	30	16	48	81	95	26	13	21	46	20	92	59	53	78	28	24	66	40	53	30	85	46	79	27	19	45	15	62	81	25	93	89	20	95	80	65	87	94	11	82	94	22	43	82	40	62	67	67	98	31	91	89	68	56	100	20	35	71	33	91	93	62	75	57	65	44	98	67	71	33	38	21	71	25	67	64	26	56	64	18	67	26	12	19	62	61	40	61	98	83	16	70	53	25	31	68	99	63	84	71	89	49	64	49
34	12	57	15	52	20	30	42	74	41	59	13	79	24	95	75	59	21	99	85	14	44	71	52	84	83	52	100	93	85	92	82	98	89	24	86	47	49	89	79	75	34	66	32	96	74	44	65	20	41	86	90	48	58	43	98	40	38	33	20	86	36	80	71	64	66	98	86	35	63	77	65	38	62	65	34	45	72	70	60	82	73	90	54	78	45	12	82	40	92	63	53	36	84	78	25	41	14	53	68	47	34	44	52	64	51	74	82	93	86	27	17	23	52	64	32	72	66	61	84	91	44	64	58	81	75	36	85	34	16	83	38	67	54	76	94	90	90	90	89	72	89	89	28	75	74	12	65	16	67	81	42	51	57	39	13	55	86	37	40	27	64	26	59	22	57	24	56	35	95	99	100	26	26	35	11	36	13	74	27	11	67	98	41	42	72	23	41	47	33	72	70	37	89	94	27	19	32	95	42	34	75	49	97	12	13	63	50	47	96	92	69	56	24	81	91	71	31	79	39	86	72	75	24	69	100	16	80	92	77	50	49	89	25	14	38	51	38	84	77	21	70	74	86	66	97	61	75	95	76
53	46	50	33	69	42	40	10	98	92	17	16	30	80	19	52	82	20	41	82	58	36	29	57	85	19	88	41	19	70	33	54	90	97	31	28	52	83	73	82	91	74	12	64	87	13	99	97	97	77	95	83	17	92	58	80	96	59	46	67	56	71	33	11	63	13	43	31	90	57	31	21	93	84	34	81	92	43	79	94	94	96	98	43	17	61	95	76	76	11	47	73	81	93	99	84	40	41	29	66	82	46	95	43	91	79	83	70	69	22	66	76	52	50	27	10	28	50	35	76	96	43	93	21	40	32	17	70	56	22	89	91	76	94	67	14	24	45	73	25	66	45	80	88	29	63	43	45	49	17	10	15	94	86	85	47	23	53	59	47	27	65	35	20	27	13	56	96	23	53	22	89	62	86	70	11	14	33	58	60	57	22	87	11	53	87	69	49	37	79	91	84	76	58	68	16	62	44	61	11	51	33	51	46	62	38	44	41	66	24	63	67	88	18	15	81	95	18	34	28	13	60	52	41	84	56	39	40	39	35	70	58	48	37	64	49	13	70	92	74	22	33	57	35	20	70	27	93	77	100
26	28	52	36	36	21	18	31	31	49	69	12	93	88	88	99	48	39	15	70	59	31	17	34	69	39	16	43	25	54	95	72	42	87	10	28	78	25	86	55	64	94	52	52	35	33	33	73	36	44	91	31	61	33	63	33	31	30	90	100	90	22	82	29	86	58	64	35	24	91	95	94	26	87	71	76	88	66	21	53	47	25	77	10	70	34	15	59	33	14	47	32	18	84	28	39	58	29	96	95	60	78	11	13	69	82	57	83	96	25	46	15	84	63	50	88	62	19	12	98	26	91	34	43	25	56	32	58	54	88	43	35	86	91	88	97	70	24	78	44	44	87	30	83	82	19	44	96	61	61	46	70	50	90	21	20	79	41	84	68	82	89	65	28	78	80	11	80	56	15	76	28	69	79	58	29	45	48	56	28	78	15	75	77	11	49	23	75	91	34	90	48	13	86	36	31	46	15	42	71	11	21	99	36	31	38	55	40	95	98	74	63	86	38	55	23	72	44	78	63	78	69	59	77	37	77	92	50	91	99	65	81	38	60	98	23	40	45	34	99	39	15	28	73	61	57	16	88	80	13
18	73	15	37	24	86	25	24	87	63	42	77	78	83	89	37	67	40	43	85	56	61	22	58	75	87	72	20	34	12	52	31	49	78	99	34	22	53	13	73	20	78	24	50	20	18	68	91	80	34	43	55	68	16	98	61	16	78	69	38	73	82	32	62	19	33	16	33	72	70	51	66	54	19	22	99	85	12	40	19	22	19	70	22	37	98	11	65	48	91	58	92	42	43	28	80	97	91	68	34	31	74	35	82	23	56	63	82	22	20	65	68	45	63	60	97	98	16	96	67	18	77	99	31	38	14	51	69	94	88	56	19	13	18	94	93	52	57	67	80	80	64	41	55	22	21	94	28	46	95	94	14	30	28	89	85	89	56	39	99	62	14	36	47	41	46	27	19	72	14	95	76	99	29	45	38	32	29	26	25	98	96	33	39	10	77	56	38	75	63	50	98	35	36	54	10	84	99	13	96	100	75	81	57	17	81	56	83	93	40	32	83	93	19	13	34	22	60	56	17	94	73	74	25	48	14	20	64	47	31	48	24	69	74	82	46	29	98	78	52	29	91	57	80	33	86	21	93	77	49
97	38	59	59	61	27	49	87	97	32	58	29	51	14	15	86	38	39	65	40	61	76	33	74	10	61	36	85	71	18	37	77	92	20	16	100	57	64	62	96	11	50	36	98	15	55	76	82	45	31	93	81	35	30	35	98	18	17	56	24	33	71	46	60	43	77	86	52	100	36	41	23	51	22	26	28	64	50	36	14	48	92	85	42	73	51	60	65	57	14	23	48	98	94	82	15	95	82	10	33	10	84	77	25	72	37	26	64	35	46	77	90	57	88	87	17	79	68	69	31	36	11	38	48	41	69	47	14	89	95	91	18	50	51	80	76	51	50	47	47	30	18	20	98	74	66	40	27	75	51	87	74	18	53	93	66	45	51	87	17	80	37	70	77	96	99	34	28	67	43	22	97	88	40	68	29	81	15	49	53	87	58	36	51	16	51	34	87	60	50	23	66	30	23	75	32	67	43	18	66	77	93	44	77	55	29	23	79	36	44	18	73	83	72	17	19	45	35	93	85	27	78	87	76	43	96	28	64	11	89	35	35	44	67	40	20	11	45	13	29	32	48	84	77	60	23	33	48	44	39
28	62	90	88	91	41	27	25	79	11	39	91	46	66	38	68	91	47	86	55	32	12	75	58	39	49	38	42	74	60	76	53	50	95	75	48	16	13	88	70	76	91	73	45	53	56	22	72	48	58	34	47	59	11	55	93	80	48	15	28	12	15	87	54	15	56	59	66	43	54	81	31	42	64	78	38	14	78	39	20	90	88	71	99	90	41	22	76	49	88	85	23	92	52	48	87	44	91	20	30	37	93	71	34	78	40	46	82	81	47	75	67	51	49	55	33	88	60	43	32	16	36	58	89	50	56	58	71	24	70	42	92	65	14	60	98	71	99	66	37	61	25	46	56	61	80	20	10	99	12	55	48	90	42	55	85	14	11	55	58	31	25	23	23	74	45	22	10	84	43	55	84	95	54	16	60	34	98	67	89	86	16	91	59	81	63	64	74	85	82	29	12	98	69	79	57	23	37	78	40	91	94	16	46	58	77	53	14	78	48	24	11	69	94	27	66	52	88	97	24	21	56	64	55	15	15	98	62	96	87	73	76	61	18	67	85	20	48	32	60	90	97	63	15	80	12	29	48	44	91
77	51	27	73	98	15	70	62	82	86	83	12	65	49	34	76	40	86	67	94	17	89	66	30	96	99	90	14	16	28	43	29	90	82	51	23	11	62	65	86	37	89	28	91	59	15	63	42	69	47	16	23	82	94	12	36	44	36	94	12	37	24	45	92	79	44	26	49	10	47	24	45	54	37	71	31	39	21	56	32	45	98	93	27	92	60	65	25	33	33	50	13	43	63	48	13	54	66	85	13	33	30	95	26	74	37	12	17	12	16	87	83	70	38	51	27	72	29	20	48	80	63	70	22	11	58	30	65	12	42	44	66	23	64	18	19	25	83	74	56	18	81	98	39	87	61	57	98	35	32	87	28	78	60	91	17	35	59	47	36	64	42	12	43	80	99	14	70	73	72	28	88	16	50	89	96	72	16	53	52	45	16	40	67	37	59	65	82	46	41	91	64	84	89	17	74	10	33	77	50	95	45	54	20	42	55	12	38	59	43	11	24	53	95	97	17	52	53	22	71	61	28	92	18	67	71	49	31	40	96	62	78	58	35	15	58	59	91	34	43	16	83	17	81	52	49	36	62	36	66
15	79	33	49	44	90	72	66	46	72	65	83	50	86	78	39	14	26	62	24	72	68	85	42	60	34	11	41	79	47	21	94	62	69	23	40	51	99	84	26	45	32	87	13	26	57	29	42	63	80	57	58	55	67	32	51	67	84	11	87	14	94	87	93	46	64	25	56	77	24	58	92	52	51	15	98	43	69	35	65	37	90	18	96	34	69	95	55	33	77	97	59	56	65	65	62	88	99	82	99	70	36	87	50	39	45	48	69	28	68	30	98	55	37	95	82	31	70	67	63	77	41	79	73	81	45	47	34	87	98	97	26	36	97	77	19	64	67	20	22	94	38	84	55	44	61	66	21	30	14	88	86	95	71	77	77	23	60	46	61	43	62	71	29	63	76	25	76	25	30	10	83	44	61	36	27	75	62	58	23	24	46	48	93	58	52	49	68	21	31	50	81	53	61	75	53	23	29	88	23	22	73	78	28	87	53	53	96	67	14	75	92	47	50	67	96	71	75	83	11	13	86	62	10	72	34	58	42	96	49	95	28	82	70	16	18	81	34	53	96	22	64	29	65	17	85	76	13	70	97
92	69	37	91	60	95	48	42	31	97	88	53	60	76	48	19	37	56	71	36	96	70	77	14	82	71	95	32	39	82	34	16	71	54	50	50	87	46	12	21	68	18	99	88	52	30	20	24	30	99	33	65	60	89	63	20	87	37	63	31	50	73	60	97	57	91	56	70	81	82	25	29	19	88	89	89	32	28	62	78	67	70	77	23	66	85	50	99	45	63	55	100	91	30	78	29	27	79	16	11	38	37	32	40	13	78	75	96	37	73	77	93	65	76	70	24	17	35	81	64	56	21	81	63	69	99	58	62	97	87	18	11	68	45	65	32	12	32	88	81	72	54	42	48	61	89	63	25	53	87	16	58	65	46	14	37	58	65	57	49	31	92	28	32	54	47	23	39	77	21	37	94	70	13	25	42	85	88	94	96	78	54	29	78	55	29	21	91	88	76	35	73	15	99	19	27	54	66	14	93	96	44	98	46	99	59	18	57	54	87	84	59	44	22	28	88	88	11	51	55	65	58	83	91	23	33	25	20	76	82	54	15	86	86	76	48	20	58	13	29	81	91	79	91	85	51	54	70	63	57
26	20	46	97	52	41	13	39	99	100	66	39	44	71	90	40	42	10	61	75	32	25	48	67	41	69	49	76	16	43	51	55	37	22	88	63	90	97	73	59	55	12	90	26	39	33	33	57	33	23	26	94	33	22	90	35	24	76	38	78	57	75	46	48	72	52	74	72	71	69	77	36	70	96	43	51	49	30	18	16	52	14	14	47	36	76	22	45	53	48	30	71	43	74	47	17	24	84	45	90	13	40	47	22	34	63	49	65	58	34	62	56	95	65	41	12	19	83	49	61	42	72	15	55	45	84	90	30	32	59	64	40	55	46	96	56	33	17	62	97	97	50	68	62	72	13	66	12	91	28	72	83	58	91	20	52	68	91	43	100	35	41	80	78	32	93	77	99	30	17	45	25	14	52	80	87	37	81	54	27	61	83	51	36	55	23	80	40	82	21	20	24	30	26	77	95	11	18	45	33	86	46	35	82	46	60	60	17	46	78	69	54	20	70	71	54	53	78	11	26	91	59	49	23	79	34	31	79	42	56	84	83	66	25	40	84	45	100	11	12	41	81	95	12	33	82	66	81	63	90
55	40	18	39	48	84	26	68	64	10	69	18	34	85	95	13	99	51	77	28	99	18	73	52	54	87	67	49	52	52	89	69	64	62	87	17	35	63	28	96	39	41	67	18	40	11	64	15	62	86	46	11	54	32	59	12	100	29	99	30	33	24	67	90	10	85	57	80	75	95	12	72	20	12	65	20	27	59	17	100	91	96	23	11	22	94	47	39	87	68	53	16	97	98	56	41	56	59	77	58	42	72	58	11	36	33	39	56	88	49	39	44	71	76	50	91	97	27	94	22	96	49	77	33	52	41	85	67	99	76	74	96	51	41	37	59	92	25	38	31	86	75	91	37	68	90	23	12	83	25	35	58	98	12	33	62	41	46	48	15	93	42	58	97	72	24	13	44	72	49	57	24	73	22	69	64	87	16	22	71	23	69	98	72	64	27	52	75	43	97	76	61	69	34	31	90	77	28	83	55	46	48	50	45	32	54	72	13	44	11	94	65	94	16	71	36	38	48	46	38	40	13	42	65	62	94	72	15	46	71	98	98	24	20	13	39	70	63	90	78	16	63	25	15	24	86	46	49	59	58
77	67	56	40	16	74	66	71	67	84	40	23	88	95	29	27	62	43	92	33	57	52	37	89	60	23	68	17	69	43	87	83	32	66	93	24	75	90	67	52	39	40	65	99	60	66	79	85	91	95	45	23	99	28	16	14	77	50	66	73	81	37	90	35	97	96	96	25	12	90	87	62	75	50	48	15	63	60	57	12	39	45	25	73	58	95	28	13	22	28	91	68	40	58	18	97	58	100	27	24	36	96	54	14	91	81	37	49	34	93	27	47	84	62	95	70	59	34	97	45	22	83	93	34	22	47	26	84	79	79	18	51	72	39	32	54	23	60	90	18	21	78	59	52	97	81	46	20	83	83	50	74	13	33	29	81	34	68	82	77	53	81	93	83	59	27	38	34	97	41	57	89	86	28	81	71	22	29	45	62	12	41	99	79	85	28	56	61	26	57	89	54	95	61	27	17	91	84	87	74	31	42	50	77	45	75	90	40	91	82	62	86	13	49	68	32	37	43	12	57	86	44	66	34	24	75	49	57	31	33	18	59	72	38	40	58	30	68	71	72	40	24	81	76	43	68	62	29	36	87
53	88	39	20	21	89	72	35	42	75	99	85	24	60	31	92	90	65	68	86	72	17	31	38	56	26	76	53	92	88	72	74	40	29	40	67	95	45	38	99	36	88	60	68	99	78	85	18	87	32	89	86	78	44	57	84	19	44	83	33	25	58	63	48	43	56	20	65	18	39	77	32	53	11	92	19	79	36	54	40	76	20	25	36	51	79	15	47	87	39	60	51	34	59	82	43	14	74	80	27	98	78	16	73	100	41	19	86	74	60	75	12	74	31	57	87	100	64	77	79	12	82	80	55	20	55	40	83	27	52	40	62	13	79	35	45	72	43	95	77	18	27	96	71	51	52	24	31	35	59	98	72	51	100	69	85	57	35	85	84	54	37	67	61	47	82	17	13	27	77	63	15	22	75	59	77	47	32	14	45	67	86	76	59	77	26	22	32	100	20	64	32	94	95	57	76	88	66	88	10	14	55	76	81	75	65	93	44	64	69	73	94	90	44	41	28	78	61	36	41	57	65	83	13	20	44	42	87	25	34	76	90	72	42	94	88	34	74	94	63	68	73	58	56	53	83	34	28	88	11
50	69	45	79	34	89	35	93	53	46	72	85	84	93	23	13	45	43	39	27	55	54	74	40	59	62	51	71	14	19	95	88	81	12	51	74	62	10	56	93	39	26	14	91	41	12	69	46	45	63	29	99	98	44	69	55	88	26	78	43	57	73	49	79	31	30	29	43	74	80	86	17	44	40	97	58	37	22	17	64	68	44	93	24	97	56	35	13	94	70	54	27	75	27	68	59	40	64	90	26	50	19	36	58	16	19	92	76	88	48	94	15	54	65	47	23	48	73	77	58	23	80	37	89	77	62	59	31	61	12	21	59	21	38	49	99	77	51	23	100	96	80	16	24	41	72	12	85	68	81	27	66	88	60	23	25	24	25	45	24	78	33	72	13	14	42	55	51	94	84	53	98	13	94	84	43	40	95	25	14	79	74	50	31	46	35	26	94	31	72	85	41	59	57	98	87	45	93	27	94	21	12	49	67	38	59	73	37	11	45	68	10	82	97	29	80	56	58	24	77	94	62	95	56	90	81	12	81	64	79	68	69	20	78	13	61	72	15	70	11	19	50	40	63	79	24	26	48	89	47
98	96	80	35	95	71	11	12	91	51	14	57	40	36	81	41	71	98	42	44	75	40	51	23	76	79	56	95	80	30	29	94	20	94	68	51	18	94	17	75	19	67	89	83	54	28	27	72	49	47	65	11	94	63	91	11	70	71	21	95	73	84	57	72	59	49	48	19	86	98	42	39	17	13	32	53	57	60	40	45	52	28	63	64	66	38	56	40	20	33	40	29	45	31	49	81	43	24	69	66	92	85	18	36	67	95	79	45	51	82	28	31	30	92	74	72	47	34	40	92	73	33	10	45	69	36	95	95	35	75	37	56	85	98	85	44	23	95	50	39	50	63	30	100	14	38	71	54	44	13	78	99	66	67	94	51	67	88	47	11	27	56	55	73	16	56	85	13	66	49	67	22	95	19	75	93	91	97	67	20	33	56	67	34	44	47	39	71	68	22	11	79	61	54	56	37	83	68	79	57	24	89	87	13	33	30	40	71	28	94	11	22	36	78	64	52	49	92	65	39	38	12	40	85	68	64	86	41	12	65	67	34	46	21	50	64	64	58	72	73	77	34	81	27	78	84	61	90	47	64
77	20	80	82	40	93	24	24	13	64	79	11	80	93	26	75	48	89	72	27	99	94	38	20	45	61	42	39	39	99	75	44	35	26	71	28	88	55	43	68	69	65	53	94	96	40	92	41	31	37	19	37	63	54	12	55	27	50	76	77	61	54	74	83	37	11	72	65	52	66	63	59	86	22	57	86	58	57	31	80	67	59	88	49	50	97	83	45	94	54	92	47	82	83	13	87	24	19	49	20	78	89	54	44	22	64	37	52	12	98	36	36	32	12	51	82	25	22	17	78	41	42	86	37	12	13	18	68	80	96	84	78	56	32	88	86	25	31	55	32	37	16	74	77	22	25	31	58	12	47	83	27	57	70	68	19	72	68	73	32	93	50	59	29	74	22	72	47	65	44	10	19	94	32	44	33	13	43	76	66	96	58	24	83	89	45	67	72	19	45	42	57	66	85	47	46	29	74	29	14	54	11	44	84	24	67	61	61	84	29	75	83	57	81	14	61	27	44	64	78	75	72	83	62	35	72	99	30	67	12	25	57	97	56	29	27	59	64	95	51	20	32	71	29	60	82	67	10	47	68
45	74	40	75	71	27	95	93	95	86	51	19	95	79	23	19	17	14	65	84	60	58	70	46	33	39	11	47	81	33	69	67	38	75	58	80	65	90	39	47	86	95	16	41	54	65	27	75	97	24	79	19	73	61	95	44	56	90	32	28	95	78	57	90	55	39	17	77	90	27	31	87	66	24	86	42	50	83	75	82	25	23	31	95	26	60	21	53	76	31	28	16	12	96	57	86	51	39	100	26	95	17	18	37	81	63	58	93	22	98	14	88	23	83	65	81	50	83	74	36	77	77	50	72	27	57	31	95	60	70	71	49	96	10	12	27	33	87	85	20	26	79	46	79	90	98	45	61	32	68	63	64	86	62	16	82	14	70	76	46	94	89	68	83	88	60	75	89	97	19	76	32	29	30	75	52	49	67	33	100	18	97	96	87	18	66	73	47	85	58	31	21	58	40	34	56	54	15	72	77	58	87	51	45	85	44	39	33	24	63	57	24	31	51	100	75	89	36	40	67	51	79	15	20	41	97	53	15	89	84	56	86	87	77	49	96	92	44	19	83	51	85	70	33	56	28	70	59	68	29
22	16	39	19	91	73	43	32	50	52	97	93	94	60	17	14	47	40	25	65	94	65	91	73	44	94	42	98	12	41	33	26	91	85	85	46	55	87	22	64	97	89	48	21	12	60	45	19	15	75	51	34	12	72	30	77	22	38	78	61	73	98	27	87	60	83	87	92	42	64	75	59	47	23	94	27	51	73	23	89	85	22	83	31	93	32	85	88	66	45	40	31	89	15	67	66	69	35	66	66	95	50	74	65	24	79	50	26	20	28	43	16	54	38	25	93	16	99	74	58	82	24	94	58	14	65	75	52	49	81	32	31	91	42	20	36	47	64	91	96	44	78	70	65	64	82	41	42	29	85	51	29	37	41	21	56	99	93	62	21	48	12	67	11	61	57	74	23	72	10	88	30	13	87	91	61	74	23	74	18	72	47	70	16	59	50	40	30	47	37	72	90	36	21	13	21	17	100	97	37	75	70	50	92	41	94	59	42	94	59	63	58	79	55	74	82	69	88	21	17	58	39	18	85	56	35	33	59	35	99	27	97	78	86	52	84	97	38	93	29	71	58	27	76	68	28	58	44	32	73
47	19	18	95	23	48	72	94	56	92	56	50	91	60	53	99	58	10	26	91	13	48	57	17	18	87	98	99	37	27	88	98	52	86	57	91	22	11	72	26	67	25	27	47	96	35	76	87	85	74	67	88	35	51	65	88	86	30	34	34	51	75	49	32	45	42	27	24	90	27	26	77	84	31	67	10	48	58	43	66	32	71	79	39	28	15	94	65	92	68	59	99	99	59	74	100	58	73	63	51	90	54	86	40	38	56	57	20	37	75	93	19	20	97	15	62	16	54	78	63	94	52	60	73	22	42	16	11	48	90	54	19	43	50	18	34	64	71	33	80	22	27	48	93	74	13	36	36	16	99	28	73	97	43	28	64	17	77	92	59	43	37	99	60	92	43	93	32	13	14	75	21	33	57	93	63	83	80	46	53	13	45	29	80	83	23	40	34	16	90	94	91	34	71	54	12	24	16	56	25	92	27	10	12	82	83	64	47	44	92	74	70	37	20	68	20	21	13	85	66	94	18	84	93	24	63	92	79	38	30	19	73	21	41	34	26	58	48	12	29	76	98	56	51	65	21	22	77	12	75
82	80	31	52	71	61	98	34	29	46	24	45	36	72	88	68	23	89	29	97	59	84	53	71	98	63	59	90	82	58	12	78	12	14	83	48	92	17	64	87	100	67	74	48	85	11	79	92	30	93	19	58	55	61	97	72	17	65	54	66	41	52	50	14	96	10	77	92	100	39	48	39	60	77	32	96	48	78	20	98	33	35	74	15	76	61	66	60	53	61	81	69	87	88	22	44	90	15	84	17	64	24	28	17	22	44	16	37	100	81	76	18	34	35	76	66	60	56	17	28	81	88	57	87	16	52	72	58	47	77	51	15	19	55	43	28	83	30	61	52	11	45	17	69	46	54	93	76	61	77	44	45	53	43	81	92	97	24	30	70	78	76	11	54	18	54	41	24	26	16	28	62	29	71	95	50	74	19	91	29	20	47	62	69	63	74	64	55	21	12	57	93	44	69	25	14	64	16	26	24	11	13	52	60	76	53	84	67	42	97	97	27	73	82	84	25	32	25	81	73	50	64	15	30	38	39	31	71	84	55	15	39	22	43	97	77	18	87	60	26	80	55	73	11	79	23	65	65	90	31
36	38	82	39	34	77	73	73	85	96	46	43	10	12	81	32	49	43	96	11	38	31	11	27	45	80	32	46	69	16	72	58	22	16	25	17	88	79	97	52	31	73	26	68	48	47	93	98	48	89	56	55	62	44	54	32	17	67	29	33	59	62	32	57	75	93	76	97	68	35	68	20	53	93	16	56	85	58	65	64	30	13	75	62	90	18	78	14	98	74	41	43	11	65	94	27	97	86	29	59	38	99	82	43	25	38	56	16	65	71	21	29	11	17	13	88	60	82	96	49	46	30	39	36	86	26	31	91	15	99	80	42	12	46	95	87	85	39	35	70	90	95	36	14	29	14	54	46	87	14	45	44	87	47	23	59	60	43	65	40	21	16	37	91	33	75	72	78	86	38	89	41	74	49	89	64	12	80	24	48	80	84	58	29	44	99	79	46	21	95	45	24	74	92	100	49	56	22	85	51	54	32	85	80	41	48	42	26	16	75	80	97	37	41	64	70	78	45	37	27	85	60	54	56	43	74	15	44	58	26	57	34	55	19	34	40	18	69	55	67	72	21	42	82	99	84	52	90	38	85
59	100	49	42	38	20	89	59	36	36	64	65	92	39	58	92	13	24	98	90	28	20	19	58	83	45	26	31	78	52	12	97	76	79	63	34	65	11	28	81	95	78	41	32	26	38	52	69	83	54	22	21	28	36	43	66	22	97	84	57	25	65	81	76	66	89	70	63	18	67	75	53	29	72	96	52	40	76	11	42	11	15	40	60	12	80	13	54	54	42	76	94	66	82	70	18	22	88	21	75	52	88	48	47	77	98	45	77	63	49	40	93	56	63	78	38	95	39	28	49	32	56	46	49	67	95	98	74	17	50	79	65	15	96	40	45	17	74	80	47	64	62	71	69	16	99	75	19	25	42	97	40	57	73	16	44	48	60	19	32	82	37	68	30	30	19	63	43	55	20	18	31	73	32	65	10	34	47	71	14	22	71	87	95	67	99	11	34	79	43	23	37	17	67	47	28	12	63	55	82	54	17	12	99	15	17	63	67	31	12	68	21	80	30	12	71	57	48	29	81	36	47	32	95	80	64	27	59	67	47	32	79	60	26	51	18	69	40	64	98	22	45	11	15	80	57	23	65	76	12
88	88	27	94	60	89	13	60	78	50	41	14	17	26	33	48	89	96	35	36	58	68	91	29	64	19	41	72	22	63	20	61	14	97	40	98	99	72	89	28	58	27	99	25	91	71	37	93	64	41	63	71	16	49	15	35	28	84	17	65	39	20	21	47	44	12	43	73	19	44	94	37	59	95	40	33	53	92	55	11	75	22	89	81	79	81	23	11	24	17	79	36	73	86	25	37	45	84	20	69	87	65	11	92	86	53	68	82	92	82	42	96	70	12	37	99	63	37	13	19	52	78	19	49	60	88	84	67	51	56	73	30	58	30	76	28	79	86	58	56	30	99	25	58	97	16	12	72	31	95	75	51	76	70	85	20	25	46	52	33	15	71	75	11	72	47	29	96	80	42	81	22	15	50	35	47	45	89	72	92	75	15	27	42	63	28	17	78	51	93	13	15	54	93	45	88	57	65	35	59	69	47	88	17	40	60	13	16	66	62	100	44	88	99	84	54	14	32	39	50	69	35	85	39	59	92	31	21	85	94	19	15	31	35	72	81	78	23	79	53	28	71	53	75	12	91	11	85	37	27
45	95	64	38	18	74	78	47	66	40	90	59	30	51	25	11	70	38	96	53	65	78	19	41	59	44	94	91	31	78	26	70	38	12	70	99	43	59	93	27	12	75	47	92	98	50	81	51	73	66	43	72	68	17	41	61	73	71	32	12	16	42	82	41	59	45	22	25	42	14	29	85	44	87	42	54	81	24	35	51	30	37	91	45	36	17	83	96	58	57	89	72	36	75	95	21	13	17	82	13	42	86	25	63	47	18	59	11	70	29	54	77	15	75	71	58	39	90	56	95	41	75	57	99	28	94	23	88	16	15	36	22	29	18	72	94	71	73	94	89	25	91	37	56	25	69	24	13	51	79	38	54	80	20	82	13	96	53	14	23	100	67	94	36	41	36	60	15	81	52	37	70	63	65	50	80	44	73	45	68	89	79	32	22	11	16	96	54	74	18	92	25	24	85	35	23	39	46	43	30	41	17	98	60	90	57	87	60	35	49	45	61	57	43	68	74	31	45	80	29	39	20	61	60	76	47	28	25	39	64	89	34	13	27	83	57	72	41	41	32	30	40	59	86	43	72	34	16	68	57
52	67	88	56	13	16	25	56	49	92	18	73	94	79	35	48	50	11	75	63	47	89	62	72	42	98	84	73	20	26	68	35	64	74	93	59	50	68	19	28	57	71	43	37	40	34	82	58	98	85	28	95	15	77	87	97	81	89	32	72	29	24	36	32	49	74	54	94	61	63	53	34	48	17	89	58	16	86	23	75	56	66	47	21	66	32	72	83	81	10	77	47	40	60	71	33	79	40	36	82	79	43	74	53	88	48	54	14	39	77	13	61	59	47	47	65	40	21	58	77	81	99	54	80	99	25	45	79	79	41	65	20	46	85	91	93	98	70	10	33	42	76	76	83	49	13	33	38	67	26	13	23	13	51	41	58	20	36	56	66	13	81	57	99	36	70	20	71	51	80	93	37	96	32	19	35	70	46	95	14	93	19	17	63	14	40	31	69	77	13	100	68	37	74	46	89	38	55	94	42	25	85	40	46	24	18	58	78	33	36	76	39	37	84	76	47	39	58	74	56	85	71	46	41	44	71	47	11	26	49	49	53	55	63	99	77	86	22	56	53	14	37	49	83	95	42	22	52	93	25
96	34	46	41	75	38	49	86	61	43	94	78	19	56	17	95	34	34	99	74	75	54	43	63	15	75	70	73	49	36	57	75	76	76	84	89	86	48	36	43	63	23	27	41	72	27	40	67	48	87	76	87	87	41	10	42	49	29	81	87	67	25	43	81	98	59	63	55	63	76	52	97	98	70	76	98	20	55	41	13	20	10	58	49	40	70	92	81	47	18	17	27	81	12	57	70	45	40	14	16	77	85	16	23	42	17	74	54	40	23	40	38	87	85	57	91	71	98	54	42	28	93	16	98	46	10	43	47	48	54	72	78	87	71	87	65	58	95	99	21	62	13	76	75	77	87	21	74	62	58	27	26	76	49	65	90	67	35	66	27	47	43	14	97	44	99	65	68	30	89	47	81	90	96	19	84	86	50	69	16	69	66	15	91	25	79	64	44	100	82	81	43	40	35	59	82	90	61	41	68	92	10	61	11	94	66	45	13	100	75	38	88	90	28	100	99	66	41	36	30	56	58	40	20	60	81	49	59	79	41	33	90	66	12	25	70	21	62	30	24	68	20	74	46	14	61	14	23	100	55
97	26	25	33	70	48	69	14	46	29	36	90	21	69	95	49	92	49	24	78	93	64	35	58	73	22	86	83	79	15	96	81	22	26	32	36	47	27	34	53	38	89	77	23	78	19	46	68	36	87	99	74	22	23	21	93	68	22	56	92	81	72	84	18	85	56	36	52	88	41	44	34	58	89	59	64	72	18	44	57	11	28	89	38	15	27	89	87	20	75	18	75	28	38	74	60	91	75	65	47	69	89	29	31	80	67	11	77	13	23	29	79	81	27	94	77	47	89	81	84	53	70	41	22	11	88	10	24	66	33	72	93	20	17	70	98	61	36	33	50	33	22	54	11	42	83	54	24	15	70	78	30	14	42	41	84	96	50	31	98	51	78	29	98	52	39	40	51	30	21	24	32	54	12	88	63	27	88	19	97	10	77	91	57	99	21	48	78	67	78	21	58	23	27	16	91	80	53	32	71	65	21	48	92	67	62	15	13	41	61	68	54	66	45	98	61	14	48	61	28	82	90	48	38	70	79	83	97	48	74	60	27	88	40	75	11	28	19	27	63	66	66	81	29	76	22	60	73	48	10
21	86	30	52	41	96	66	73	55	58	16	15	57	76	54	87	37	34	55	75	22	38	46	50	49	49	84	85	66	85	20	60	73	16	75	97	97	98	26	98	49	44	89	19	24	69	32	16	31	62	87	47	95	56	88	53	44	40	27	75	25	31	87	49	85	28	76	50	81	18	43	37	21	26	58	13	38	18	11	52	44	37	29	64	54	26	35	90	33	12	51	11	51	19	43	26	31	33	97	40	97	28	12	28	74	28	46	29	96	87	85	96	36	71	17	43	49	92	14	85	27	27	96	27	11	39	22	13	53	42	76	11	57	61	82	30	32	44	71	61	70	28	41	84	78	76	16	12	79	16	65	34	89	54	57	95	83	50	88	45	17	71	47	87	62	41	38	11	89	43	29	18	39	46	48	16	34	82	62	20	82	49	96	14	83	63	88	61	45	76	28	95	94	28	72	10	94	71	58	54	85	43	26	69	54	64	47	25	77	67	80	99	35	60	67	88	79	99	96	24	65	88	33	54	52	78	47	21	53	73	22	18	47	53	44	45	45	69	29	78	94	65	92	68	97	16	43	83	48	84
53	84	75	86	91	44	11	17	56	56	59	44	18	82	32	71	73	61	94	76	55	32	59	68	40	41	63	49	58	53	37	17	62	30	60	46	21	47	40	99	91	88	42	55	41	96	60	30	70	73	23	31	62	15	74	87	39	69	37	43	18	47	25	64	83	86	94	45	82	69	78	71	27	22	91	11	69	75	99	94	61	95	12	71	58	96	46	74	78	32	71	46	89	72	74	70	91	44	39	81	21	88	88	97	73	75	80	75	87	18	62	83	43	15	24	48	77	41	62	41	39	53	19	32	23	98	52	98	39	49	78	83	79	50	78	32	24	28	67	21	18	52	86	32	91	81	30	69	65	25	79	24	82	69	84	59	51	69	33	33	19	60	42	47	39	88	63	95	90	59	66	74	78	90	90	15	66	19	61	21	20	47	62	23	65	91	86	43	25	76	60	17	76	37	75	58	55	12	57	74	82	96	41	13	60	63	14	65	42	60	51	80	36	79	13	89	77	56	43	15	76	64	43	50	93	17	49	23	98	25	56	29	21	75	78	57	31	87	39	37	42	20	89	22	49	10	38	51	49	73
40	90	31	49	61	42	51	44	91	79	61	49	24	90	39	11	67	64	17	77	21	81	78	38	70	15	69	19	50	41	49	14	96	88	99	89	33	98	17	61	37	59	56	64	34	100	34	61	55	71	56	95	23	52	44	23	22	37	93	48	44	12	94	30	55	37	78	36	100	68	31	28	74	50	71	19	60	21	32	81	25	31	29	95	86	83	31	49	45	76	19	53	32	70	11	80	87	71	72	55	73	80	81	51	32	72	42	56	25	56	48	83	91	79	39	20	95	27	62	35	12	64	85	55	84	19	91	75	29	56	28	44	23	85	79	76	46	30	42	72	69	14	94	13	88	90	84	58	50	38	25	35	95	36	27	54	98	93	84	62	79	22	26	22	60	47	89	82	81	13	11	14	54	97	46	18	68	82	85	58	84	26	23	97	15	35	77	99	70	80	51	84	57	63	11	64	82	79	35	15	60	59	12	22	99	71	42	27	98	24	47	81	36	45	50	14	43	14	26	94	63	76	11	52	86	56	98	81	81	90	25	100	72	94	57	48	15	68	38	40	43	41	47	79	84	46	54	48	45	57
43	73	75	48	21	29	55	97	31	71	21	76	86	57	77	10	90	99	77	84	61	57	72	28	15	15	54	18	89	88	45	89	21	91	31	68	70	14	62	68	52	98	39	83	35	46	40	11	73	20	92	33	77	45	82	78	73	66	76	43	66	30	23	86	29	94	78	77	82	63	66	29	87	73	28	31	92	52	50	21	84	53	45	90	16	26	70	49	29	63	44	64	84	60	24	99	11	47	79	19	28	89	41	84	47	35	78	59	79	26	100	77	30	71	25	79	61	90	12	64	27	83	96	49	86	97	89	83	60	77	40	73	30	100	82	20	21	21	78	87	80	91	75	81	25	85	20	40	49	63	76	17	92	56	98	88	18	49	24	19	96	27	20	75	24	43	77	62	39	92	19	41	96	82	84	65	60	95	33	81	13	11	24	34	59	50	69	66	35	42	87	73	20	21	77	22	30	84	77	38	99	96	100	72	83	52	80	46	92	69	80	42	40	85	87	44	59	77	63	31	61	55	85	99	58	70	59	41	58	29	46	37	80	32	76	77	71	29	28	84	55	80	71	50	57	77	93	60	85	64
38	83	48	94	66	74	66	42	68	22	42	33	74	93	95	62	36	78	60	50	55	54	98	41	42	94	36	78	99	59	65	80	59	73	50	17	68	74	38	53	89	67	38	83	17	88	64	23	12	37	60	18	58	60	46	42	57	76	79	27	62	36	77	19	67	20	96	87	72	63	35	51	66	38	23	14	26	56	14	79	52	87	89	56	79	16	98	10	46	13	88	35	73	94	14	35	19	10	58	51	45	100	85	59	36	77	33	47	83	87	29	68	99	11	18	73	82	35	50	11	91	14	83	38	68	70	73	86	54	73	70	88	16	45	57	45	70	83	94	49	13	75	82	38	79	13	47	43	69	83	25	59	98	50	23	20	77	23	14	97	34	90	52	72	29	69	17	29	42	60	36	67	57	64	20	23	27	64	26	19	77	42	15	89	78	33	88	78	39	91	80	67	69	12	55	80	39	80	93	65	36	38	93	65	98	82	62	82	58	12	62	75	61	79	14	29	53	63	55	61	80	35	63	27	86	23	38	64	49	69	53	88	40	72	17	20	54	83	77	24	11	34	95	83	27	18	97	38	23	61
96	95	86	70	26	44	89	51	45	46	18	68	66	77	97	41	71	19	47	26	45	94	96	63	76	79	59	94	64	36	19	38	99	75	92	29	49	84	11	62	28	97	99	23	86	19	97	76	75	89	65	29	81	90	73	80	30	46	67	32	78	50	44	89	42	63	26	87	21	80	18	90	72	31	99	18	99	93	63	95	61	51	23	49	48	87	89	50	59	77	33	56	14	98	56	25	61	73	68	69	62	67	43	94	65	20	84	44	15	82	63	20	95	53	10	10	34	96	94	20	18	69	69	54	93	17	16	19	28	92	12	50	80	15	36	32	74	83	56	65	95	19	42	75	89	75	53	94	19	89	72	91	48	91	31	57	96	52	56	24	70	87	32	72	19	66	43	42	88	78	75	31	96	55	54	18	24	29	12	96	57	22	72	89	88	50	34	85	97	26	45	53	12	69	73	82	82	44	17	89	80	93	52	43	51	60	27	71	16	63	95	60	98	16	30	77	12	96	14	97	25	66	28	66	23	88	92	86	75	63	91	70	23	22	65	80	96	75	15	54	58	53	72	74	41	20	40	24	67	97
21	89	30	64	72	93	34	15	32	94	65	89	59	38	19	13	54	46	98	19	18	94	92	62	98	87	81	49	85	73	31	55	86	11	38	14	37	93	70	27	11	83	17	17	27	39	90	41	84	65	25	13	49	71	68	82	60	51	56	68	31	97	22	50	66	72	63	79	79	89	53	44	22	71	55	77	32	11	77	85	11	74	97	10	43	13	28	72	91	25	45	82	43	98	92	51	93	60	47	43	88	61	12	85	56	39	97	35	43	72	66	100	64	26	21	58	44	76	46	14	83	73	98	31	66	37	21	64	90	51	31	97	18	76	99	64	31	69	99	86	27	11	100	74	47	24	79	37	78	91	29	38	78	52	90	98	65	43	40	53	37	36	55	87	73	42	42	47	88	83	42	56	69	78	51	95	51	90	99	21	59	30	71	72	29	55	44	66	91	86	78	13	58	51	79	94	28	56	38	38	48	35	66	79	65	63	53	80	31	68	18	82	23	73	59	99	81	48	89	25	65	21	36	79	41	75	85	79	76	48	78	13	10	70	29	22	35	44	13	58	19	25	70	78	80	54	55	17	89	12
42	46	41	55	92	18	93	15	35	25	34	14	66	50	23	95	86	29	21	29	34	56	12	38	89	47	91	45	58	32	74	80	39	47	17	31	57	93	81	95	68	48	17	70	49	11	40	32	54	34	73	75	29	36	61	85	74	19	91	75	34	81	21	91	19	75	84	31	12	54	60	48	58	34	97	52	73	29	15	53	48	17	78	74	86	80	56	27	61	80	21	24	41	69	61	88	44	56	76	43	15	38	35	83	29	66	48	32	18	41	51	97	12	52	69	83	51	25	76	35	13	13	31	40	63	16	30	13	18	98	32	69	77	30	16	50	67	13	53	47	85	31	41	60	97	55	60	92	52	75	49	77	32	51	16	86	33	69	11	30	24	60	31	98	81	81	25	94	17	99	54	39	32	88	84	90	33	11	51	96	29	22	83	47	24	97	68	18	48	52	30	93	80	89	49	21	32	58	92	53	69	70	88	72	26	41	26	59	14	68	45	39	62	82	24	48	88	69	97	60	18	34	97	63	74	29	97	37	56	87	85	80	28	99	42	49	53	92	12	29	70	45	92	93	17	15	79	70	39	64
49	80	82	89	51	49	35	46	17	55	57	17	79	13	94	86	63	36	11	99	77	13	45	53	31	68	52	90	13	81	52	77	14	84	37	98	68	12	36	32	99	92	79	31	89	81	23	48	66	46	34	78	15	98	64	66	67	72	49	83	61	55	40	38	68	69	78	62	19	76	14	58	14	78	28	11	48	33	58	65	55	73	54	85	27	98	52	17	92	21	99	84	34	34	27	68	81	62	28	62	54	62	45	16	36	36	68	17	77	29	15	11	44	60	64	96	74	11	54	54	22	76	70	11	15	65	11	28	23	14	20	100	85	96	32	34	79	96	44	65	64	26	55	53	26	23	44	83	15	48	30	97	99	96	84	26	78	76	72	43	69	39	53	58	26	79	13	72	63	20	60	17	81	20	42	65	19	42	94	69	38	21	41	27	63	60	78	22	73	91	32	44	69	54	16	13	37	29	98	38	12	18	20	22	44	50	73	26	45	18	49	18	24	15	29	28	70	82	29	24	55	68	18	28	43	96	46	44	93	71	18	37	83	41	91	60	20	42	71	57	32	46	95	35	97	77	38	65	73	77
91	19	59	26	78	50	59	88	39	34	96	46	78	30	75	31	93	76	65	89	78	24	92	59	49	27	67	46	61	50	77	68	73	20	93	19	11	89	78	21	56	94	82	17	18	17	31	82	39	73	87	61	70	69	37	88	61	20	55	47	60	26	100	52	91	73	40	76	49	82	56	59	90	75	31	30	38	80	51	71	65	17	28	96	42	69	82	42	12	84	96	54	95	53	27	83	20	85	86	55	68	68	60	53	35	11	26	23	33	55	45	59	37	56	88	45	43	14	93	20	34	72	86	20	67	54	83	21	12	72	28	61	70	95	83	53	90	34	78	85	40	92	49	86	73	90	33	28	37	25	93	21	63	50	47	97	81	81	18	89	80	74	68	39	56	92	79	50	14	74	42	51	85	87	44	56	15	96	89	58	31	54	27	90	32	23	25	43	63	42	79	86	11	46	54	70	10	74	52	92	62	22	32	32	69	79	91	92	44	31	64	48	44	83	69	37	76	69	87	20	35	19	73	62	43	43	92	87	37	96	62	81	16	72	98	33	32	83	11	49	77	12	99	81	68	54	87	14	68	42
64	70	21	38	24	76	81	72	61	88	42	98	44	27	71	26	19	69	30	56	73	58	45	13	61	99	72	42	41	41	17	90	37	92	47	88	89	66	21	50	77	30	21	27	92	16	39	14	47	72	37	43	28	39	56	67	97	29	37	85	38	94	43	33	60	68	64	93	40	26	93	73	60	73	66	34	17	90	58	98	39	33	37	79	26	66	15	14	16	18	30	70	27	53	56	79	96	53	61	78	70	71	23	91	41	25	70	51	98	96	26	60	47	89	19	33	35	99	39	52	44	82	87	47	97	82	39	91	96	15	39	92	86	90	43	51	86	33	36	52	44	49	63	46	27	79	87	40	31	68	90	33	95	63	51	43	94	94	75	39	48	18	45	33	81	23	17	27	27	57	63	48	78	31	76	21	18	81	71	85	42	80	34	69	90	61	78	53	94	55	44	62	89	83	29	28	59	80	86	28	84	35	26	34	87	49	98	34	81	67	28	35	13	24	57	27	33	63	30	28	94	70	91	50	59	71	67	48	16	75	46	69	93	31	63	63	37	48	18	26	74	40	82	71	84	88	61	21	67	28
71	97	19	90	82	71	35	22	28	30	66	84	67	24	91	77	67	100	30	15	62	83	40	85	43	18	17	88	53	75	26	55	90	46	84	13	77	64	25	36	67	63	98	44	42	66	15	88	73	88	91	46	29	55	57	61	84	93	48	57	41	92	58	24	44	41	57	84	76	97	53	92	46	40	23	21	89	60	20	26	20	50	14	47	41	66	55	55	77	70	32	65	10	41	62	10	84	77	33	44	51	78	27	70	81	41	52	81	68	14	40	28	46	10	84	18	14	39	30	27	92	95	35	70	82	82	12	69	33	60	31	74	24	91	48	32	91	31	26	79	32	19	23	60	69	36	95	14	57	31	26	96	94	85	88	94	67	22	70	40	26	45	79	33	40	55	95	52	71	85	95	23	63	55	40	71	24	34	28	97	50	88	66	80	49	15	91	11	38	95	42	88	54	18	89	82	54	14	37	98	77	79	32	85	99	59	48	63	58	26	49	17	61	18	78	49	59	27	21	63	18	56	72	74	95	78	14	19	84	100	23	42	95	90	21	28	98	67	74	41	24	59	87	48	32	21	33	92	15	22
33	80	57	60	52	55	63	28	20	25	15	24	76	67	87	92	57	54	53	59	26	20	99	49	88	83	11	64	62	14	53	35	86	66	54	99	76	49	48	12	62	38	50	32	95	39	38	94	34	15	18	74	69	92	76	93	72	63	68	44	31	17	48	77	27	94	33	75	72	42	87	54	57	70	76	27	79	90	22	88	40	77	89	34	80	93	17	87	28	15	62	82	82	26	77	65	82	50	43	42	66	45	41	40	62	89	95	84	43	57	81	98	63	45	95	66	52	90	37	46	61	41	14	74	27	85	32	78	51	49	30	91	49	97	19	13	28	24	63	75	92	64	11	57	14	64	42	66	37	34	51	55	83	35	86	51	18	82	89	26	39	23	44	71	48	66	64	88	89	98	35	90	87	88	16	54	23	73	12	44	97	71	65	83	93	94	75	19	73	84	85	64	10	14	50	10	33	14	15	49	95	79	50	60	23	84	15	11	10	12	26	84	45	91	24	44	41	68	24	24	76	25	13	44	50	83	30	85	52	16	20	57	43	61	73	24	96	87	19	89	43	61	81	89	74	13	35	80	66	61
46	61	29	12	59	32	10	37	88	54	91	58	69	53	98	23	11	81	58	29	42	71	67	84	22	36	34	95	11	49	26	73	100	80	34	63	90	85	29	59	61	20	63	50	39	29	13	16	30	40	52	58	55	14	87	43	74	81	68	60	59	67	49	28	37	62	43	44	12	47	45	60	78	14	42	49	58	95	53	83	87	25	89	13	64	49	69	29	91	51	69	82	63	77	87	32	72	12	83	86	23	65	29	68	61	23	35	29	86	61	86	77	40	24	42	61	52	95	72	68	33	35	41	75	54	65	54	84	85	71	50	95	37	17	83	70	71	57	81	89	96	11	99	63	54	72	31	19	87	34	20	79	91	86	16	30	95	15	41	14	44	75	37	89	44	86	37	41	31	76	50	78	29	68	56	95	35	89	25	29	86	70	18	67	94	71	82	77	39	46	23	54	90	94	96	34	62	41	17	92	11	63	38	51	40	48	74	49	43	71	77	93	33	74	78	12	61	97	34	27	42	85	63	28	100	82	14	40	79	83	46	98	16	93	48	47	31	90	56	84	81	98	57	23	36	12	27	35	41	67
35	87	53	11	19	40	28	51	92	11	100	27	91	77	91	18	25	83	55	45	94	69	42	41	70	52	50	39	33	37	22	71	98	67	61	71	42	44	18	63	60	60	49	14	26	37	81	29	83	80	59	19	29	97	92	17	24	82	58	53	70	54	95	57	76	54	73	19	96	57	47	57	96	93	44	18	40	45	68	100	54	91	94	31	98	14	53	42	53	32	27	69	30	14	71	86	38	50	89	25	33	26	73	48	57	94	90	10	38	86	27	79	84	60	89	17	88	55	99	69	42	39	34	95	66	79	56	26	42	15	52	28	11	77	31	74	91	96	70	88	57	29	44	44	60	64	84	24	61	63	98	77	76	97	54	30	12	91	97	12	13	26	10	80	32	55	38	32	16	11	58	81	96	89	26	65	67	22	37	25	40	72	83	56	88	62	65	22	63	11	29	36	36	65	29	96	45	73	88	89	17	83	55	72	42	42	88	20	99	72	31	79	14	81	75	55	60	40	12	50	90	50	83	31	12	10	18	49	96	73	44	52	44	79	84	51	10	48	33	60	64	23	43	32	18	70	83	90	57	65
51	50	54	13	13	48	65	48	75	81	95	38	43	23	63	97	83	30	39	65	55	67	35	53	83	75	92	77	85	66	67	46	49	11	42	30	16	76	85	43	81	55	70	96	90	32	47	21	72	92	44	81	80	86	94	85	62	25	88	71	25	27	46	19	42	51	16	22	15	79	92	74	12	71	12	50	42	82	87	34	41	54	14	76	65	44	14	73	82	37	56	64	72	59	94	49	54	42	56	26	22	50	88	36	23	18	82	61	67	77	67	57	82	24	12	82	27	53	27	88	90	69	26	96	75	17	91	44	32	11	50	88	25	16	60	92	11	29	96	62	96	99	62	16	72	18	69	56	45	34	59	12	95	91	47	92	42	57	74	54	96	23	70	50	37	38	73	17	40	72	63	79	78	45	44	82	96	84	51	78	24	95	88	79	71	39	95	20	69	58	78	46	38	85	48	99	10	51	23	14	51	65	46	22	96	58	94	73	16	61	86	97	17	96	23	87	56	86	100	20	61	60	23	29	14	37	96	90	27	65	38	13	25	65	68	74	50	85	83	90	87	38	15	85	35	85	44	71	50	12
41	47	31	50	100	11	56	65	98	86	52	49	50	58	79	36	81	33	38	55	76	60	56	80	62	100	61	82	19	40	48	15	53	90	33	68	93	41	89	36	12	32	63	68	12	88	38	62	43	97	80	47	11	37	36	16	52	74	18	56	84	43	52	39	38	46	47	19	39	65	60	37	91	85	67	90	57	61	30	36	17	66	20	64	89	77	70	27	15	77	98	74	29	37	51	96	91	62	83	30	34	16	15	51	35	48	84	35	45	41	18	47	13	15	32	57	49	95	76	44	93	15	67	95	54	36	91	91	95	31	52	12	99	72	38	99	56	80	20	42	11	10	31	90	91	75	27	67	48	21	51	64	78	34	90	93	84	67	70	66	26	66	29	37	42	66	59	10	76	41	86	40	90	15	39	44	83	68	50	40	79	65	88	98	41	36	64	42	78	69	10	20	91	51	23	42	18	68	51	16	43	82	35	24	74	95	17	42	72	97	12	98	98	50	79	21	51	15	57	63	32	33	99	41	28	36	40	30	22	70	25	95	59	29	60	25	88	40	65	87	66	72	20	13	58	22	78	86	58	81
59	26	19	22	22	92	89	51	61	99	57	99	69	27	46	73	59	24	97	29	19	81	71	49	20	67	93	37	42	18	56	45	95	98	96	71	74	11	52	88	85	34	93	34	47	89	32	87	17	51	26	66	51	34	20	88	82	33	47	74	34	41	68	66	52	14	14	95	41	89	63	70	60	30	38	50	66	79	51	82	92	32	34	100	73	30	71	33	37	57	39	42	34	19	99	57	79	59	18	99	95	58	26	71	91	33	24	75	76	91	23	85	53	29	40	25	41	74	32	98	70	22	79	38	48	86	13	66	35	85	21	38	74	85	83	91	62	15	79	15	47	21	22	100	68	80	100	53	56	73	12	91	64	74	78	92	51	73	73	14	32	54	24	64	62	28	91	78	24	68	92	85	37	38	62	84	91	99	63	71	89	66	58	16	23	41	60	99	88	44	35	85	65	66	12	15	63	72	76	65	60	54	46	42	73	86	15	22	71	53	83	68	18	72	39	69	34	54	86	86	39	32	41	72	92	45	59	23	24	32	21	86	76	59	14	70	55	43	72	43	50	52	17	43	74	37	56	26	85	55
38	66	82	56	35	36	43	78	73	31	86	46	89	28	57	79	21	38	47	33	14	26	28	95	24	20	96	53	18	17	91	34	86	30	15	41	53	97	49	83	50	66	80	92	42	86	50	50	12	93	53	24	10	64	28	27	66	76	16	21	100	28	36	68	61	19	62	98	85	71	16	35	27	42	64	42	83	73	94	55	22	55	100	39	10	75	39	67	98	86	54	70	64	59	92	51	22	92	23	31	60	75	76	29	68	85	78	54	21	46	37	33	68	22	37	15	20	51	93	89	27	43	14	23	84	89	25	81	59	85	65	48	38	56	23	92	72	90	46	58	97	63	34	31	52	12	30	73	58	34	56	59	34	16	34	62	40	75	45	72	82	71	82	34	67	21	73	90	93	71	94	65	67	91	93	47	75	51	43	30	29	37	42	23	53	69	14	60	67	29	42	85	79	52	67	22	86	25	66	20	100	56	68	11	96	38	37	59	22	91	19	40	36	84	51	73	57	77	57	30	19	93	31	83	43	68	67	45	68	39	40	70	49	23	87	57	51	34	69	49	87	26	92	98	85	17	38	26	76	59
wj																																																																																																																																																																																																																																																									
64	25	32	43	75	29	19	99	15	12	60	3	32	5	79	29	93	97	27	45	42	9	22	21	83	66	75	3	3	90	43	44	91	18	96	49	91	8	3	97	75	35	50	62	98	7	98	42	51	5	8	17	58	40	32	63	66	24	49	72	23	69	22	89	48	48	93	19	25	19	77	37	78	9	50	77	43	73	62	53	39	21	15	72	30	65	7	26	82	52	35	29	65	9	38	30	62	63	83	32	32	24	23	16	51	48	86	80	16	54	35	16	21	95	97	13	77	25	22	29	88	68	4	46	4	5	22	63	89	75	14	21	65	55	29	47	44	47	40	61	23	17	84	70	53	82	85	9	2	91	38	40	90	55	4	61	96	66	38	11	55	15	68	44	31	97	95	59	7	30	27	39	35	36	54	16	52	29	53	95	39	40	34	10	15	55	55	36	68	46	55	18	81	6	24	96	66	96	71	32	69	32	83	29	99	5	11	65	93	32	30	70	70	42	61	86	56	11	86	3	51	31	81	23	18	49	98	26	19	57	72	18	67	41	49	52	52	16	54	75	80	63	81	84	14	89	27	48	79	70
