pij																																																																																																																																																																																																																																																									
33	50	20	31	72	58	69	55	45	29	11	22	24	21	32	68	29	83	67	78	31	48	92	98	13	46	24	67	54	19	66	50	42	47	11	87	73	100	73	37	43	53	72	85	88	70	94	80	53	74	21	93	77	11	33	28	100	36	69	42	26	14	75	12	42	41	63	58	86	19	36	40	79	91	19	28	75	21	59	18	49	53	41	76	52	80	89	14	17	39	26	22	30	33	15	25	49	40	19	34	12	52	23	27	61	95	29	16	61	22	12	97	39	32	34	69	66	11	82	83	62	11	86	61	91	60	67	53	60	71	66	51	38	61	94	58	59	46	56	56	65	77	25	83	74	49	62	83	26	17	43	37	84	13	47	96	39	84	44	25	61	28	63	64	28	18	11	86	19	24	75	96	91	60	30	52	10	19	42	70	71	29	44	20	38	98	84	20	42	32	39	68	25	63	28	17	12	27	28	44	48	39	27	42	77	86	27	68	71	55	18	45	83	51	12	100	85	89	17	92	15	94	90	34	78	98	38	90	60	12	51	77	42	88	94	70	15	93	61	62	59	56	23	72	59	90	26	20	28	67
38	75	34	44	34	100	39	61	31	94	38	89	24	48	97	16	27	60	71	98	91	18	32	91	84	19	89	10	57	82	28	92	67	67	96	15	25	98	36	16	65	26	28	87	34	15	41	50	84	88	97	89	18	70	75	32	36	35	52	31	71	53	45	32	15	13	50	41	25	55	94	98	52	30	33	38	87	74	42	69	98	80	62	97	48	14	94	43	15	95	22	58	77	88	70	73	48	20	67	11	25	43	13	82	93	53	93	81	85	37	54	62	22	95	46	55	48	17	71	18	57	29	18	87	79	89	60	74	63	48	73	21	82	65	15	45	21	36	56	52	27	83	41	76	53	74	32	21	33	18	59	73	73	80	18	43	65	88	16	37	19	56	77	17	75	96	67	58	20	39	46	88	98	40	54	33	96	25	41	65	34	11	41	22	57	24	62	47	93	71	77	26	48	13	68	13	47	23	41	46	85	58	18	11	40	97	24	43	70	31	25	18	15	22	22	66	85	86	61	25	81	22	44	22	12	71	60	76	59	96	72	52	57	78	17	65	91	47	80	66	92	87	11	67	18	37	94	31	93	44
17	99	85	76	49	37	70	83	15	14	88	66	12	36	35	32	56	62	50	15	88	19	14	67	46	83	65	16	74	39	56	84	39	57	87	20	75	15	98	98	61	76	39	95	91	76	86	33	30	19	59	88	92	95	46	48	99	60	67	45	15	76	72	40	29	80	53	13	56	27	66	46	96	30	63	87	44	20	97	28	35	21	28	22	74	24	11	33	45	28	54	32	87	20	82	62	64	51	57	28	95	69	74	67	31	52	94	94	82	26	66	98	31	48	74	45	12	21	74	87	26	11	90	79	93	82	90	91	87	53	75	49	44	23	12	61	87	87	30	83	43	38	19	62	30	22	24	79	40	24	26	68	92	64	16	24	86	74	46	56	97	24	74	68	57	89	88	12	84	16	44	82	65	48	75	77	25	32	62	72	62	42	67	84	51	46	75	19	36	21	74	24	14	48	30	82	42	10	55	57	82	47	12	51	76	91	27	79	78	77	54	95	76	31	28	40	36	21	77	40	83	56	58	74	47	78	98	42	56	20	53	100	31	87	94	53	70	58	49	72	91	83	23	95	31	45	60	96	26	62
70	99	51	25	37	31	18	99	59	75	100	56	74	17	91	24	57	55	66	48	77	57	20	79	45	28	35	63	87	77	97	69	59	36	51	12	51	31	36	73	91	86	28	12	13	73	19	48	96	21	57	80	12	69	38	94	57	17	54	12	19	34	33	62	54	89	27	48	55	60	15	75	19	93	92	14	74	72	53	99	66	21	92	52	20	41	20	29	22	67	15	99	95	93	77	52	62	84	15	42	74	25	30	94	42	84	25	19	86	79	70	27	19	97	30	96	94	24	79	29	47	52	64	93	68	43	78	19	59	78	74	47	16	70	74	46	46	89	88	88	84	67	64	88	58	17	97	35	69	33	68	82	81	51	98	57	60	46	17	60	49	52	39	31	70	72	96	14	91	54	23	20	87	94	14	25	36	80	53	51	61	99	18	61	93	55	95	27	91	33	78	40	76	26	80	77	37	25	43	52	19	23	39	41	66	24	55	56	92	33	74	33	77	38	12	85	71	96	23	26	83	86	84	59	92	31	63	77	48	64	61	36	46	60	47	47	34	69	96	34	63	98	13	93	71	25	61	88	94	17
92	19	57	88	39	26	17	64	50	51	16	71	14	29	45	98	61	17	100	13	64	23	65	69	41	48	34	91	96	60	42	38	36	69	51	85	73	36	66	83	78	49	80	29	76	90	80	98	91	65	93	23	59	28	28	37	52	17	89	45	49	79	65	54	93	73	54	18	84	21	50	75	84	80	48	91	54	52	19	14	28	63	58	30	98	93	90	52	72	32	87	67	90	73	44	89	28	24	93	92	56	70	65	91	88	72	89	71	12	63	43	49	34	50	27	43	32	79	16	59	30	47	53	98	54	46	34	64	69	24	34	96	33	19	80	22	41	37	42	95	93	69	87	25	93	50	72	70	10	28	98	65	87	61	16	12	53	32	56	86	85	32	76	53	25	73	86	95	58	39	74	25	89	84	79	48	23	88	43	51	60	20	89	59	92	46	19	65	59	88	81	63	31	57	32	20	52	22	100	82	55	72	83	92	76	54	73	69	42	81	88	33	78	32	87	76	78	38	51	92	83	83	49	86	55	35	28	26	22	61	31	66	54	66	61	85	65	54	76	94	27	22	48	11	33	89	29	41	90	51
35	43	75	44	70	18	81	36	36	32	26	45	33	71	79	58	66	88	19	73	30	85	29	79	31	38	58	46	94	69	10	67	12	30	19	57	64	62	23	47	91	55	11	21	85	21	64	85	16	53	78	31	58	51	66	96	12	53	88	38	77	51	34	77	23	19	19	86	94	96	93	60	91	75	90	64	94	12	13	62	43	56	42	71	23	43	69	29	71	25	37	12	71	38	87	74	44	36	37	97	36	46	29	20	54	21	52	85	67	10	47	46	70	98	96	31	13	36	63	16	73	43	85	57	60	16	75	70	10	19	11	16	20	30	45	96	31	95	53	99	38	99	12	17	44	83	70	79	10	91	66	100	77	72	71	98	69	70	100	97	48	77	18	83	24	84	15	46	26	72	70	57	32	47	98	87	69	36	72	27	14	82	20	99	44	25	17	57	26	93	80	25	37	100	79	36	99	98	54	14	91	26	19	42	49	89	19	22	32	52	81	75	67	33	42	46	72	16	96	84	32	41	31	12	76	19	83	60	45	20	47	21	81	35	67	48	50	21	82	29	84	79	59	44	36	91	32	44	41	58
52	68	17	85	87	96	41	27	81	69	81	98	55	57	76	26	35	77	48	73	16	94	20	58	11	40	28	12	89	72	34	63	67	25	41	27	73	80	61	93	32	41	98	13	74	88	66	27	39	75	21	45	81	47	40	24	64	41	79	81	36	91	86	33	85	46	51	54	32	50	39	22	20	67	35	15	37	32	29	95	54	29	90	17	59	27	60	65	35	10	74	64	10	31	11	27	91	98	27	78	17	75	15	88	54	18	82	37	32	77	60	22	82	26	48	89	83	70	29	69	25	55	91	68	49	36	13	78	82	93	82	34	82	14	24	23	31	20	40	38	38	39	47	82	99	64	98	50	67	57	37	47	22	19	90	74	17	87	46	45	33	50	43	76	95	30	56	72	90	14	15	74	10	25	46	88	27	69	57	58	75	21	48	25	95	24	43	98	12	63	80	68	25	87	18	12	56	44	51	55	20	13	57	69	15	11	14	32	80	64	77	26	92	93	99	22	87	97	50	68	64	24	45	12	55	35	96	13	22	64	34	55	46	40	20	45	85	97	30	92	21	98	52	64	56	74	41	14	89	67
40	68	91	83	86	19	45	16	66	58	13	37	78	52	84	50	55	43	43	81	34	21	56	74	30	46	18	89	54	80	14	86	51	55	15	15	64	67	87	43	14	65	70	17	79	17	69	75	74	52	41	86	82	26	46	18	61	92	42	76	15	50	87	92	26	23	82	62	49	64	18	22	26	16	21	46	21	95	20	28	11	53	22	41	13	26	54	96	92	95	50	45	51	99	38	29	86	65	89	84	22	54	69	68	56	73	71	83	66	68	54	85	13	57	93	86	25	33	29	61	92	61	12	91	20	77	64	54	18	38	55	50	86	64	16	65	100	69	19	95	58	22	37	51	42	63	31	76	21	28	89	68	83	15	81	96	97	84	61	37	18	73	13	50	28	32	66	96	76	34	77	31	44	87	27	43	97	73	27	87	27	81	73	32	71	18	23	64	95	76	82	86	85	14	50	27	16	67	30	74	15	94	55	21	29	31	31	57	37	36	35	76	89	41	12	88	30	17	71	79	65	52	42	66	98	78	70	54	67	76	64	92	41	97	18	68	24	79	28	18	63	28	45	25	47	22	45	32	21	78
22	23	48	78	92	57	69	76	68	41	15	90	46	98	84	65	18	18	80	54	55	45	14	84	21	48	59	60	92	100	40	29	66	21	46	66	36	52	22	47	22	30	50	27	32	60	15	96	97	81	100	71	44	19	18	82	80	35	96	60	79	97	34	44	18	41	65	41	13	30	26	50	85	94	51	10	11	12	45	54	15	40	16	84	68	23	22	98	27	61	79	72	26	95	62	92	71	78	47	24	85	64	68	99	31	94	45	21	13	34	61	88	61	97	39	35	87	85	12	31	33	72	10	65	10	77	31	87	13	33	99	43	87	42	95	29	93	86	14	39	41	36	42	93	54	83	34	76	64	85	59	95	34	76	59	87	92	90	52	81	100	48	35	83	85	26	99	21	92	93	52	84	21	44	59	70	11	13	81	93	48	27	35	72	77	44	60	10	81	38	48	39	42	44	100	67	53	80	51	91	31	66	12	79	87	56	78	48	47	76	20	74	78	55	33	88	48	39	12	72	37	79	94	40	50	91	76	94	46	73	86	28	41	56	96	66	28	36	42	61	25	55	54	16	52	26	74	88	19	70
64	67	11	65	30	26	62	76	20	77	48	16	70	65	63	74	74	82	35	71	44	45	13	99	63	50	20	90	19	30	45	11	63	13	12	77	86	36	11	85	83	52	76	56	70	56	84	65	91	80	55	58	44	93	90	82	17	23	51	86	32	11	87	34	28	68	55	18	81	96	20	90	12	56	32	96	34	20	23	12	57	47	13	16	28	47	73	28	90	58	94	58	15	33	67	43	27	17	89	40	15	82	65	94	97	11	57	15	67	53	28	97	88	85	38	76	79	41	72	39	88	23	90	45	74	49	22	91	13	66	41	35	69	13	69	39	18	88	88	68	97	34	49	53	65	94	20	87	48	69	64	63	20	42	70	32	49	37	41	88	38	29	91	71	66	95	64	25	58	31	60	16	86	23	30	29	73	80	55	94	38	31	68	46	21	58	27	98	18	15	77	50	15	40	75	50	29	69	32	89	98	13	37	90	40	39	44	67	69	59	18	80	54	58	59	24	98	22	90	50	11	68	13	42	36	23	17	92	91	69	32	11	80	77	83	12	60	53	96	18	59	40	25	59	29	92	20	15	38	83
78	35	89	88	64	30	63	89	44	74	50	66	41	43	48	48	13	40	57	18	50	42	67	69	81	73	27	56	58	80	15	82	24	36	18	27	15	22	17	50	49	66	38	53	72	71	85	25	13	84	28	83	48	66	61	85	60	25	51	65	47	71	32	37	90	85	73	89	56	96	87	42	66	33	74	45	29	99	27	34	68	31	91	26	14	17	18	22	43	97	99	80	19	93	79	89	82	77	82	80	31	93	92	87	85	74	44	50	13	41	35	81	95	61	30	49	99	33	73	46	87	62	92	90	93	56	87	31	72	80	68	13	60	19	79	27	40	59	92	40	25	90	77	86	97	46	90	32	18	89	27	96	73	65	57	13	45	51	69	76	30	91	46	54	34	94	93	40	54	67	84	97	51	54	74	86	30	63	52	64	55	21	86	88	90	42	45	66	22	70	82	29	60	30	69	39	43	38	33	35	43	91	32	29	64	78	30	31	50	27	77	27	60	39	65	24	32	59	84	97	39	94	43	42	72	33	87	18	40	47	41	66	74	20	56	20	20	66	49	18	14	41	99	66	92	45	81	80	25	34
28	94	11	81	80	69	35	90	79	81	55	85	43	35	91	18	66	31	46	53	96	80	66	46	41	23	84	18	49	74	74	23	79	13	78	86	79	24	59	53	72	54	99	17	46	26	68	83	42	79	13	92	32	34	69	40	12	63	42	73	18	35	24	72	14	64	16	68	21	44	38	55	49	45	31	71	96	78	23	50	38	27	63	18	53	21	39	38	25	56	24	75	43	99	54	19	41	85	41	80	45	37	68	72	56	14	28	28	54	95	27	33	31	69	67	27	41	99	62	33	95	29	91	59	82	36	51	56	10	49	67	17	62	55	82	74	48	45	88	75	43	39	96	84	24	66	63	29	35	93	96	20	91	70	76	81	90	64	99	21	45	70	68	98	84	35	65	86	16	12	85	56	88	45	53	95	78	55	26	24	77	65	28	98	21	96	46	83	84	46	69	89	87	77	26	81	89	71	69	57	95	36	40	67	81	69	39	32	91	82	65	36	42	25	47	86	21	38	10	77	59	32	61	68	86	87	29	67	73	51	91	35	71	72	73	29	16	84	12	56	29	53	22	69	77	72	59	87	74	16
77	45	77	19	53	49	33	56	25	62	10	66	57	38	27	27	70	15	90	12	32	62	97	71	81	21	52	90	14	82	67	14	81	33	52	76	62	87	49	62	52	51	71	90	54	84	83	48	74	54	83	47	67	74	30	10	77	40	75	27	67	88	39	34	87	22	24	96	53	94	84	56	66	23	98	62	62	11	39	22	90	63	38	35	10	67	97	57	58	79	47	91	66	98	23	24	36	61	68	85	17	92	41	51	32	31	62	42	58	97	52	73	59	88	77	82	60	50	80	95	88	95	92	39	38	53	90	97	73	13	85	31	29	98	34	97	31	90	45	71	25	35	19	50	57	84	82	23	38	50	100	51	65	93	52	79	45	11	11	19	58	25	46	79	43	72	64	88	69	97	83	68	93	73	37	17	30	75	58	52	37	26	55	36	21	42	93	34	78	29	24	38	18	96	35	69	23	56	98	53	92	17	47	92	90	17	71	72	69	72	85	56	21	12	34	100	63	12	56	99	44	84	64	18	37	63	33	20	39	79	17	26	89	57	92	18	30	43	47	39	57	78	96	27	73	32	18	27	23	16
89	70	55	83	77	16	93	14	12	63	27	98	93	78	81	96	62	94	97	52	52	57	69	38	81	24	48	57	30	55	54	65	55	65	87	98	63	27	90	69	26	58	98	76	67	67	54	36	80	24	90	49	38	32	24	11	97	64	12	63	80	77	63	76	55	19	28	43	22	17	72	45	92	82	37	97	30	45	95	24	66	74	16	25	91	87	90	97	94	29	60	63	70	80	76	24	32	24	50	52	60	57	97	13	53	78	35	13	31	28	60	12	61	57	74	43	16	44	77	70	44	37	73	78	74	24	21	78	99	82	33	31	98	53	94	65	83	69	38	25	43	33	14	92	36	58	12	60	34	30	56	25	79	54	68	11	68	88	21	95	74	19	15	73	29	83	62	94	13	47	33	17	28	55	29	18	70	80	66	63	15	60	75	99	34	39	37	19	56	16	42	49	72	71	48	98	84	75	30	35	70	97	50	94	13	91	71	62	57	66	71	36	47	91	17	61	40	48	39	23	27	52	100	11	11	26	65	69	82	85	13	36	74	14	28	63	72	77	64	27	49	15	57	71	65	33	63	11	34	32
100	65	83	74	53	79	95	31	54	26	58	59	54	84	91	72	16	85	60	52	49	13	28	54	19	17	29	81	53	30	35	82	32	43	59	41	48	86	69	33	88	15	35	54	39	69	45	23	86	31	80	62	82	19	52	98	30	39	35	79	41	53	37	93	45	96	10	96	20	10	74	36	82	43	48	22	11	67	31	68	88	66	79	93	41	40	28	29	87	65	51	36	15	55	33	63	53	34	37	64	51	56	36	94	35	76	54	12	32	85	58	19	88	79	77	90	62	47	84	44	26	67	55	33	89	90	81	88	78	52	11	44	48	62	53	61	73	83	86	64	40	11	47	48	76	27	25	52	31	52	25	71	36	94	94	88	61	22	64	74	30	52	13	71	55	36	42	49	78	92	93	38	45	36	17	96	57	86	82	61	92	28	94	24	26	19	85	57	69	11	78	62	48	29	13	59	50	64	96	36	50	41	80	39	22	33	80	31	58	85	14	95	22	90	90	26	79	44	68	48	65	83	56	14	51	59	16	92	80	23	66	49	99	24	59	98	85	37	53	20	97	26	14	21	63	32	37	27	61	59
91	90	46	31	49	53	61	18	10	98	17	31	50	74	97	62	81	66	32	51	74	42	72	63	76	40	23	22	82	30	98	22	93	11	79	56	86	87	52	58	15	66	56	65	41	23	62	21	20	93	65	32	46	52	61	37	80	36	38	79	33	16	74	46	74	75	36	37	100	17	86	13	53	19	86	25	22	22	75	38	60	88	29	92	31	44	10	30	77	21	89	35	96	97	63	84	47	79	40	79	78	62	67	17	28	53	19	67	95	27	32	56	39	54	56	91	83	50	26	85	54	82	40	78	18	89	25	25	71	47	27	26	62	80	69	46	83	56	37	34	62	24	25	58	12	59	14	46	29	24	11	12	56	51	28	11	48	79	75	23	23	48	73	42	11	49	65	65	36	43	61	71	95	24	64	11	64	18	65	60	20	99	73	21	39	16	94	65	87	46	23	86	23	95	29	40	68	53	50	36	83	60	87	88	58	56	39	39	18	18	23	74	45	27	74	96	41	31	16	23	73	29	44	26	32	74	39	75	63	32	63	72	79	28	67	43	19	61	96	88	16	35	67	57	83	75	75	92	68	27
56	37	36	59	15	75	85	47	50	58	48	67	88	48	91	67	22	89	80	53	93	46	97	34	26	20	99	22	18	28	56	66	73	54	67	25	72	99	52	93	96	67	23	84	31	46	92	74	63	73	25	58	13	67	29	50	56	27	14	13	88	61	68	79	68	75	32	36	97	14	58	65	55	54	59	26	43	63	47	46	79	43	28	97	53	54	70	68	97	90	20	85	18	83	54	43	87	96	28	32	39	48	63	77	87	31	70	61	76	85	36	41	22	83	11	86	27	87	73	91	31	96	15	96	16	50	62	69	26	54	70	97	37	60	31	96	96	17	93	18	61	43	75	37	80	63	31	72	47	22	99	62	41	78	96	21	32	44	95	100	24	41	63	44	35	52	40	26	10	52	76	39	47	31	48	66	68	43	36	37	36	84	34	47	33	84	72	86	24	86	55	77	36	23	45	76	92	66	55	88	59	16	50	14	28	23	73	50	40	85	41	29	54	22	11	23	31	45	19	58	87	21	60	79	92	79	40	52	61	27	20	52	34	29	90	68	47	36	91	96	12	20	37	35	86	19	97	48	16	77
52	84	79	76	14	58	48	27	36	54	90	53	15	63	97	93	28	17	49	94	21	77	44	32	97	99	29	49	100	34	100	43	73	89	70	89	30	42	80	65	70	45	29	84	43	41	25	14	20	96	55	14	13	51	91	78	95	98	48	99	78	15	11	48	96	53	89	74	83	14	41	89	47	65	67	45	10	99	44	89	79	58	97	35	67	84	51	23	34	22	55	32	42	36	88	16	96	87	37	73	92	64	17	78	91	73	65	83	65	29	97	35	95	51	12	97	70	86	21	83	16	58	99	19	72	66	77	63	32	79	26	38	50	77	56	43	21	76	42	98	100	64	59	71	25	90	88	74	17	20	49	44	20	40	92	60	45	85	66	12	74	63	19	24	76	36	51	97	74	56	15	64	17	55	31	91	83	54	81	36	64	87	89	84	47	88	95	68	71	13	53	36	82	32	11	36	71	77	34	75	47	30	58	65	10	92	47	100	28	61	95	87	11	83	93	48	43	99	66	52	76	77	96	48	92	14	51	50	92	27	32	78	33	13	70	60	30	27	89	98	41	62	46	57	23	20	17	50	59	25
35	39	92	92	84	15	83	18	48	97	45	47	29	76	14	64	11	19	54	59	87	44	45	49	65	56	14	10	81	51	61	49	20	24	46	38	37	64	40	57	21	48	28	48	19	89	18	71	30	83	54	48	88	93	75	26	34	59	25	41	52	14	16	71	72	44	78	66	59	24	43	38	66	41	67	24	68	98	98	98	10	36	41	78	63	16	67	42	42	35	66	16	70	41	55	48	46	66	84	68	36	26	34	11	48	35	80	30	41	99	15	93	67	22	22	28	84	75	82	20	58	30	57	69	16	95	54	58	90	27	34	88	95	30	74	28	30	99	76	50	11	100	74	36	71	52	62	71	89	14	15	12	31	24	59	40	49	83	52	22	65	79	50	87	48	13	30	25	42	42	57	45	73	88	68	23	44	46	96	71	11	32	13	50	59	49	59	82	49	80	10	60	76	80	41	61	25	61	48	24	97	65	50	57	87	69	73	12	22	50	49	79	13	29	38	23	31	28	63	96	27	22	23	73	95	76	77	28	18	53	14	89	91	67	56	78	75	32	31	10	72	57	42	54	31	70	95	40	67	91
89	47	24	72	15	33	40	13	78	57	66	49	57	31	17	69	53	13	82	97	22	69	47	92	78	17	12	41	55	68	57	75	43	42	37	44	61	48	83	63	24	63	31	26	11	87	49	46	18	34	24	99	16	13	30	97	53	31	29	96	76	10	41	62	98	16	38	58	77	17	84	65	85	71	84	92	14	95	38	92	26	20	43	20	59	32	25	89	93	78	41	69	38	14	62	66	47	73	93	59	31	50	12	16	21	97	91	60	88	87	63	44	42	17	97	18	63	84	55	52	84	41	100	48	44	35	13	40	31	15	41	50	26	15	80	47	49	92	30	65	23	66	34	92	47	48	26	81	52	40	15	10	53	23	96	32	39	98	18	89	26	15	36	30	14	83	71	67	45	28	97	29	50	22	73	21	87	32	21	31	70	61	39	48	15	49	87	96	50	14	36	54	86	63	13	83	74	29	73	81	39	81	37	52	82	67	98	93	80	40	16	23	43	91	15	52	10	56	13	75	78	74	22	87	64	68	46	19	24	11	12	75	31	93	73	54	91	76	92	86	46	48	38	94	93	60	95	80	41	94
74	51	14	59	93	67	80	18	97	53	78	70	63	82	47	46	44	86	12	65	95	24	69	68	16	79	82	43	98	58	80	70	47	31	58	17	75	33	10	36	23	95	85	39	87	71	13	80	67	99	88	95	90	30	23	47	59	14	30	82	81	35	94	22	23	44	71	60	31	95	72	63	62	70	81	13	49	64	71	75	30	75	87	48	99	39	11	12	36	76	61	66	19	34	73	72	59	86	84	79	94	97	34	97	67	33	72	18	33	20	39	12	17	87	74	98	44	52	96	100	79	54	30	88	81	47	36	35	79	73	39	66	30	86	11	10	82	10	33	82	70	66	78	80	86	82	92	91	68	41	41	39	37	19	44	55	30	54	89	73	47	86	31	62	83	20	47	18	45	70	61	43	42	93	14	41	75	31	40	37	34	85	43	90	80	64	27	98	64	81	86	74	48	19	100	75	86	75	21	47	27	91	40	21	54	91	64	62	63	79	90	46	85	34	15	92	87	19	90	55	74	55	84	63	40	49	83	37	94	38	16	81	50	86	82	31	23	49	74	49	82	26	66	69	50	32	48	36	38	13
90	34	36	63	43	30	75	49	26	31	50	92	93	80	62	97	17	28	17	90	87	86	37	42	15	81	76	27	99	47	10	15	90	97	33	87	99	49	91	28	89	18	62	31	15	76	84	43	17	70	32	62	88	50	78	91	97	97	20	99	41	47	62	45	26	36	86	10	43	81	50	27	43	42	64	57	54	73	21	31	35	84	39	35	71	92	46	79	92	46	69	68	49	87	73	61	32	73	89	78	96	78	45	26	24	72	61	18	21	92	61	12	28	49	60	21	49	80	19	40	91	57	94	89	78	38	36	73	99	90	17	37	47	13	19	67	25	92	57	60	33	51	35	88	17	80	13	26	56	15	28	70	55	85	23	11	98	77	48	20	31	66	32	26	92	44	21	49	71	38	88	86	99	33	59	83	70	65	95	32	57	43	78	29	68	37	75	17	99	40	56	58	95	54	27	20	47	78	79	64	51	52	98	79	77	95	12	98	51	21	67	57	75	26	89	48	71	98	47	69	80	55	49	93	91	54	44	31	69	98	16	53	20	42	59	87	75	75	45	21	67	63	89	65	44	13	28	79	24	87
98	69	81	13	36	83	28	39	55	18	42	53	17	34	20	27	78	70	11	46	52	20	24	93	20	61	46	19	90	16	27	81	51	22	64	93	37	18	17	53	66	71	42	45	98	84	60	59	76	65	70	33	67	32	23	14	63	39	33	59	25	63	98	30	86	52	96	14	56	23	36	80	53	59	50	44	93	14	47	60	16	50	20	45	96	17	30	61	34	87	50	26	89	99	87	26	84	92	30	30	73	82	90	29	96	41	75	93	19	32	49	96	59	91	68	42	46	46	27	66	69	56	94	75	63	47	90	17	38	46	19	34	48	20	38	80	44	43	74	13	74	61	21	68	89	79	83	84	43	77	88	71	18	82	55	79	72	55	85	70	16	46	33	14	44	52	28	99	59	47	51	71	90	53	83	40	31	78	19	14	60	65	11	72	63	77	21	12	75	64	67	27	62	50	24	91	24	75	67	59	70	38	56	38	35	54	36	42	22	96	48	54	92	57	83	83	18	83	14	13	80	26	12	37	88	55	10	35	87	10	90	42	12	11	98	27	38	86	41	67	30	100	43	41	95	19	40	17	71	13
14	51	71	39	64	29	45	31	68	44	46	27	71	53	93	65	33	46	98	15	85	28	11	97	27	28	81	62	60	37	25	48	76	29	18	46	95	79	89	87	53	89	20	51	18	41	39	48	74	26	66	28	80	80	59	43	91	27	71	40	39	38	95	21	98	22	47	37	95	25	27	99	45	64	57	98	13	90	11	25	40	68	87	38	62	84	39	90	34	65	31	90	52	74	61	68	72	35	69	10	19	35	60	91	61	89	84	35	86	13	17	21	36	24	64	75	21	28	74	63	17	92	97	96	31	76	57	30	45	51	36	57	27	16	72	20	36	73	93	61	10	23	28	83	22	48	48	87	42	22	53	67	100	66	58	24	44	76	98	34	66	64	64	87	61	18	59	28	22	96	37	68	67	48	41	16	31	70	36	17	77	55	17	38	88	28	11	78	79	38	91	44	96	70	83	58	52	70	84	54	71	93	19	24	64	27	59	12	67	84	81	47	72	14	87	99	42	31	91	76	87	44	40	57	52	62	31	89	97	89	43	13	18	24	77	62	13	38	98	36	50	46	80	90	96	95	24	51	83	98
34	94	100	42	32	32	28	75	40	78	30	47	11	29	35	85	87	12	31	87	71	98	25	42	99	14	60	39	52	41	25	61	65	53	27	53	59	99	28	98	31	11	51	16	14	95	30	25	40	58	42	27	16	42	77	93	31	58	34	74	64	35	58	36	86	22	88	86	94	62	15	79	22	96	33	60	31	35	96	62	23	81	88	17	31	39	26	38	78	52	35	83	77	27	32	88	26	98	65	16	59	87	15	28	57	89	68	80	28	50	90	14	47	51	85	25	17	17	47	43	71	29	48	92	99	61	14	15	41	46	82	61	18	94	48	78	34	82	55	30	12	45	51	60	75	56	52	90	93	72	32	55	35	13	24	62	60	90	13	25	17	47	70	80	30	42	55	52	94	62	62	74	86	44	30	36	90	25	44	20	18	17	93	50	19	39	58	31	16	11	33	28	17	42	81	78	96	22	19	23	26	56	44	54	58	82	18	71	57	93	75	98	82	54	90	66	31	89	43	98	67	10	91	16	51	55	11	11	72	23	92	23	76	76	61	19	67	69	65	28	75	68	67	82	77	75	75	54	62	38
55	96	48	86	12	71	18	18	52	70	40	66	60	47	19	49	97	49	30	73	35	28	95	85	33	67	64	54	55	65	97	18	31	89	93	48	30	33	67	20	75	36	61	92	67	71	64	50	86	24	81	53	61	69	14	47	58	99	64	25	72	54	70	80	37	73	69	60	31	76	17	53	38	75	50	82	34	81	35	97	22	49	53	49	73	37	63	71	42	55	55	86	22	35	22	84	63	13	87	60	25	87	93	94	88	85	98	47	16	52	47	23	97	73	25	59	78	59	48	93	76	19	87	94	58	25	51	12	60	17	19	64	37	56	56	20	38	43	60	38	60	79	80	52	17	73	84	60	80	28	59	27	44	96	11	64	64	58	29	59	28	76	35	17	97	86	29	61	61	61	20	56	88	56	40	37	75	96	16	39	78	72	41	30	53	90	55	20	64	60	44	18	85	68	34	60	28	88	73	11	44	64	65	17	44	12	53	59	98	59	70	60	61	65	91	20	14	27	45	23	63	74	66	42	24	29	59	76	36	62	30	41	92	80	41	83	51	80	71	18	12	52	70	95	62	71	10	30	67	36
30	88	37	33	45	75	38	79	32	18	71	47	77	82	85	45	25	25	66	74	47	91	23	28	10	12	78	93	96	20	35	80	49	15	86	74	85	52	95	82	63	84	13	63	29	22	47	34	76	17	15	51	37	21	54	58	22	42	33	84	78	53	73	70	15	31	63	42	89	40	48	79	55	18	88	85	76	17	44	58	62	15	64	85	51	57	49	57	83	56	80	19	68	53	51	99	38	30	98	78	73	35	87	79	50	93	98	98	29	22	36	69	79	21	97	89	94	58	40	13	38	47	25	34	45	10	83	49	63	76	59	82	62	97	68	21	89	57	92	36	25	32	90	22	22	81	88	40	26	42	52	96	81	71	23	65	25	39	89	36	60	40	73	11	91	95	11	45	38	47	88	37	77	97	44	89	38	61	35	73	13	60	90	59	67	28	86	59	63	88	82	63	77	26	80	33	26	14	43	50	35	50	47	19	57	27	10	98	13	46	58	44	38	26	69	59	87	90	100	31	21	95	93	87	57	33	56	39	43	73	54	47	93	38	49	77	75	51	16	98	70	86	95	14	33	47	11	61	87	57
46	90	48	39	10	78	47	69	56	37	99	90	76	92	27	85	28	22	92	60	82	49	98	41	93	28	70	61	72	63	74	26	20	53	68	71	85	35	67	66	60	59	69	90	30	71	73	64	12	16	63	98	99	48	48	72	39	64	26	73	63	86	96	28	28	70	51	99	27	96	46	36	47	91	23	98	71	95	11	65	54	17	84	84	64	97	74	16	33	51	73	35	24	12	97	87	28	20	94	84	52	14	66	45	85	19	58	54	90	13	86	28	43	23	99	99	63	84	72	53	81	15	81	50	94	66	22	46	29	27	67	78	62	33	80	99	95	98	21	11	48	12	43	88	60	96	57	85	20	80	21	95	88	11	37	12	45	31	41	65	28	16	33	12	77	18	71	17	98	69	14	55	92	11	35	74	82	35	35	86	34	82	48	91	40	14	60	20	67	21	64	42	66	33	78	93	17	15	27	64	59	44	93	65	82	46	80	49	59	10	69	47	47	92	14	36	58	46	18	24	73	14	23	85	35	85	41	13	59	64	47	37	79	51	76	48	61	23	57	19	64	74	14	89	65	55	45	33	85	96
46	96	47	64	25	20	84	40	54	35	46	76	84	37	76	47	11	19	96	61	81	57	94	60	22	37	57	67	15	60	18	64	57	80	91	69	19	62	26	100	19	22	34	65	71	11	85	26	57	56	38	63	21	16	19	35	53	95	52	96	90	71	24	30	58	56	78	24	69	54	61	33	100	28	76	84	22	44	41	33	42	81	22	64	72	80	15	78	42	80	60	59	17	82	90	26	58	71	79	87	71	93	21	60	40	87	40	27	16	31	99	37	40	68	69	53	20	50	38	67	27	93	81	35	27	81	74	71	63	78	57	59	24	17	98	48	52	33	69	54	15	57	48	58	85	94	94	82	39	15	73	94	17	77	76	61	98	90	86	26	54	94	32	29	86	62	51	96	54	90	80	79	43	84	78	15	57	39	75	42	23	13	45	68	18	58	48	31	49	82	48	91	70	76	77	63	90	64	34	84	97	17	53	24	12	95	50	100	34	45	39	18	94	61	40	42	99	49	56	91	79	95	24	43	88	100	48	80	14	37	76	25	53	93	92	54	33	81	13	74	52	22	59	60	16	22	48	20	28	57
66	51	63	67	56	69	83	67	77	89	56	55	94	75	40	69	46	40	64	64	75	33	42	37	40	55	17	41	12	25	70	79	72	79	13	76	30	41	81	12	20	71	56	34	20	84	68	68	92	41	29	59	25	30	31	84	99	96	16	47	71	45	68	62	16	63	59	74	72	26	91	94	94	22	90	23	63	61	31	58	51	34	13	12	36	12	86	17	89	41	21	97	52	75	27	12	69	57	16	40	19	36	73	93	83	97	61	17	73	48	20	45	34	79	90	88	99	10	72	22	27	92	18	73	80	28	28	86	73	58	20	81	90	85	31	47	81	28	34	15	96	11	75	97	97	11	12	32	68	71	91	49	68	96	15	60	86	49	91	53	23	90	86	42	85	37	73	19	19	56	52	61	87	71	93	24	20	47	46	59	61	26	10	36	90	84	31	95	14	37	18	59	80	33	91	20	38	13	38	65	90	46	43	60	44	83	21	28	27	67	34	77	31	38	24	98	52	33	33	78	30	37	86	77	53	71	26	61	40	23	66	28	89	24	36	85	15	32	74	51	42	45	28	57	53	57	93	87	29	47
71	40	40	50	82	31	91	59	14	73	72	49	71	97	31	78	68	32	75	60	95	90	83	29	11	67	14	14	99	58	87	51	65	12	39	76	45	11	19	40	21	65	68	64	66	24	75	55	37	23	66	89	22	70	74	68	62	86	56	85	62	99	79	30	60	32	61	53	91	10	52	80	82	60	51	83	80	36	49	89	91	80	25	38	15	42	69	42	69	21	26	67	13	78	88	23	64	16	65	68	80	36	97	91	30	64	79	11	87	78	44	48	88	54	79	94	77	77	41	53	71	18	44	81	23	10	15	70	88	29	11	62	31	16	90	87	100	59	38	92	66	19	29	40	83	18	59	30	13	20	27	40	49	84	39	74	16	16	90	34	34	72	90	83	29	76	25	24	39	56	12	86	43	85	50	35	22	95	98	20	49	84	26	69	93	23	62	93	33	18	65	86	25	78	75	36	75	100	91	52	99	78	11	32	92	40	57	29	65	86	48	52	11	85	61	11	82	77	13	38	55	92	79	32	73	53	72	13	70	86	51	76	29	98	21	32	75	15	72	78	92	52	10	86	74	25	99	51	74	80
34	82	68	67	80	51	45	15	75	56	38	60	42	18	79	48	76	29	27	97	81	58	45	30	90	70	24	85	97	28	35	20	31	68	20	34	22	46	58	69	35	80	59	39	16	47	28	50	47	47	23	59	42	67	79	31	40	69	29	18	71	83	47	77	46	88	56	45	91	13	46	97	76	96	36	13	63	79	98	89	97	29	39	48	63	41	46	41	46	24	47	90	82	64	43	88	52	24	66	54	94	79	59	50	65	85	17	55	47	49	93	82	15	77	64	72	55	25	44	53	29	79	57	84	94	57	13	56	59	92	71	13	48	71	34	24	42	41	97	64	73	15	83	59	54	54	72	68	47	36	38	71	31	62	64	90	34	24	38	98	19	72	22	59	95	64	86	11	90	43	54	21	20	85	54	97	20	46	18	83	51	80	13	29	92	25	15	38	99	55	56	44	44	17	40	57	78	58	30	39	67	64	46	52	20	82	84	84	76	34	22	73	66	64	71	85	10	59	38	31	82	22	16	94	69	20	87	17	81	30	39	74	54	82	23	39	93	64	97	85	24	84	29	80	78	89	53	11	20	47
23	51	35	43	79	42	66	40	60	51	44	13	51	82	12	74	16	90	19	79	77	73	55	19	50	75	53	68	14	60	77	70	80	92	76	42	88	40	88	12	95	10	33	68	90	35	92	47	60	56	33	48	91	69	12	100	33	67	45	35	50	89	97	99	74	69	60	13	85	99	78	96	52	47	79	24	75	78	92	55	36	19	84	53	80	19	52	74	35	76	68	58	43	63	44	97	76	97	82	55	43	49	26	66	86	53	63	67	78	75	36	65	81	99	52	73	86	97	77	67	83	92	82	77	81	22	79	15	77	53	44	66	76	67	51	79	90	89	94	18	81	38	49	62	53	95	95	24	91	100	63	95	77	12	24	60	64	32	82	12	46	72	61	26	35	21	80	99	96	69	16	85	23	45	84	25	58	58	77	40	29	53	98	93	46	50	47	31	83	48	92	51	28	58	46	17	37	72	57	43	23	80	15	17	63	27	50	80	38	20	51	67	54	74	58	57	86	36	71	42	57	50	37	26	97	22	81	12	62	95	30	97	59	58	25	69	18	97	87	63	27	41	15	11	10	33	57	21	97	68
78	69	58	42	21	39	45	75	96	61	29	57	88	75	12	87	21	28	22	72	88	24	33	21	75	75	95	95	78	62	55	95	67	75	77	41	78	16	60	44	64	20	62	72	37	62	88	46	75	94	19	36	82	100	17	65	43	11	26	38	99	71	67	64	36	92	28	99	34	37	83	44	43	14	88	49	15	25	20	87	84	20	73	16	38	18	34	40	54	78	77	71	77	79	26	44	24	88	98	63	59	84	41	41	61	23	87	42	51	38	46	20	14	17	95	62	35	81	14	42	42	38	17	77	89	43	96	29	76	98	83	46	67	37	29	58	92	18	72	35	15	24	94	84	43	38	32	100	49	64	46	39	18	87	34	80	79	36	42	32	83	37	78	83	63	65	45	88	62	35	97	45	31	27	91	71	62	48	66	24	92	32	96	61	14	69	67	36	21	81	32	76	90	42	68	49	98	30	86	95	56	15	94	99	64	83	68	60	33	96	85	95	84	13	33	88	57	87	99	72	35	88	93	81	12	74	20	79	28	85	47	44	52	81	61	81	23	46	66	49	95	57	88	86	78	19	60	44	13	75
62	69	44	71	65	85	68	68	96	36	35	44	93	47	93	72	63	40	23	17	85	74	81	40	96	52	64	31	43	35	26	98	62	79	20	19	87	55	26	44	87	52	67	43	77	46	90	89	52	44	43	29	76	74	73	26	94	87	67	55	48	49	55	10	21	92	17	36	56	95	96	79	22	23	60	79	55	17	22	63	90	35	64	83	82	46	14	60	97	42	50	25	84	63	45	16	80	34	72	37	79	83	20	42	82	12	85	95	51	22	55	21	47	40	22	14	89	69	67	87	68	22	37	30	17	23	29	29	61	24	70	33	30	99	87	44	68	33	69	70	50	26	26	70	62	81	57	12	25	31	76	40	52	85	57	13	100	41	26	35	29	21	24	92	26	30	86	85	64	22	55	71	65	85	26	94	12	89	47	43	51	38	75	37	91	23	64	81	71	67	80	31	75	82	29	50	47	35	14	87	31	80	60	28	48	24	71	13	30	14	90	87	67	43	83	42	56	84	17	12	91	10	37	28	25	86	76	18	86	28	94	30	17	83	93	86	44	99	74	15	18	95	68	40	37	46	58	87	100	55
40	50	70	33	20	57	78	26	35	64	69	63	21	33	27	44	34	85	87	64	27	89	64	86	96	99	14	89	15	98	17	57	42	74	29	80	88	98	36	33	46	64	43	34	15	45	39	62	91	60	60	42	97	18	83	46	93	18	42	87	20	96	30	79	88	28	15	54	19	95	91	56	83	97	47	12	34	15	71	82	20	85	43	80	22	65	57	82	11	71	15	86	62	41	51	15	17	61	13	37	84	30	92	53	85	80	35	31	42	30	33	76	89	43	31	29	81	13	38	61	52	96	77	84	50	68	78	94	61	61	20	90	93	17	23	69	42	85	84	77	89	22	24	15	22	25	30	90	36	81	29	73	32	35	54	10	11	67	53	85	87	88	68	63	100	26	100	94	68	12	53	84	81	53	69	16	56	16	51	40	29	59	66	80	12	87	16	97	77	33	21	25	12	89	25	12	38	48	66	89	14	56	86	78	53	96	97	13	61	77	70	85	52	38	75	97	81	99	85	40	16	74	92	21	78	51	53	22	25	43	46	38	85	66	72	18	26	35	44	36	19	86	70	20	81	21	32	64	95	42
17	91	36	75	17	39	85	29	26	62	16	19	14	91	39	93	39	15	20	31	99	14	76	27	42	77	30	93	12	100	84	40	51	22	13	56	39	68	12	36	14	16	75	46	22	69	15	35	55	72	46	34	12	15	87	16	11	84	90	29	16	85	89	79	17	49	59	98	38	99	76	14	75	37	57	75	46	97	13	27	70	24	58	37	10	85	35	71	61	45	26	69	80	36	65	64	36	39	77	23	25	13	14	73	33	65	56	41	52	66	89	78	60	19	26	10	41	94	69	96	19	34	99	47	49	13	16	56	97	95	25	21	40	15	79	50	61	42	48	96	97	83	13	52	14	74	79	60	28	21	28	56	37	65	60	29	13	18	94	100	56	84	82	26	34	79	54	22	72	65	90	68	86	89	40	39	78	57	73	59	45	46	75	34	42	35	90	68	39	67	98	16	58	85	50	18	14	48	19	74	51	23	57	10	95	96	12	14	34	36	58	24	28	35	28	53	61	98	45	58	99	28	49	61	80	36	27	17	45	37	12	68	72	42	41	87	70	54	60	41	76	25	41	97	92	34	15	83	41	83
28	18	12	35	86	73	85	18	61	79	55	25	52	66	55	14	51	56	50	27	18	15	28	98	94	50	49	13	71	13	76	65	79	36	18	11	17	77	10	87	37	78	66	29	97	60	27	76	33	42	62	20	74	13	50	60	72	27	21	40	86	90	52	30	58	72	64	79	70	44	84	52	75	92	80	56	57	23	87	58	24	48	83	93	95	94	65	62	44	52	57	100	22	35	52	75	98	19	28	50	21	52	17	37	23	35	31	12	61	69	54	50	31	28	58	48	37	29	67	47	74	52	28	69	29	85	71	49	92	24	16	13	18	62	93	86	79	71	79	37	72	83	62	53	18	18	44	59	94	18	50	29	86	96	63	18	89	64	72	86	11	94	47	95	27	22	64	15	33	81	45	71	75	98	15	98	61	24	42	34	57	68	53	61	63	57	12	89	77	68	62	60	75	14	70	82	18	55	42	54	42	18	35	37	46	71	12	24	44	55	35	53	49	68	20	20	56	92	81	38	51	82	40	25	75	21	35	81	12	75	19	47	95	59	59	23	56	85	73	26	86	32	52	70	44	12	23	50	79	89
12	19	31	93	16	85	36	61	95	45	54	89	95	12	93	53	99	82	46	52	63	66	30	68	60	75	41	48	25	29	55	51	57	53	20	32	41	79	66	29	71	39	55	30	21	94	21	27	74	31	77	38	90	26	39	44	16	10	86	63	54	94	59	39	86	87	21	11	32	80	58	30	26	61	84	63	27	67	49	77	62	68	69	11	20	22	56	100	45	44	56	43	51	24	70	51	63	36	36	36	59	23	71	84	94	97	100	15	43	48	37	56	26	40	67	78	37	21	92	21	54	86	60	39	82	47	67	75	65	96	92	47	29	49	13	76	32	26	67	26	99	28	18	52	62	99	87	80	43	81	67	39	54	100	65	63	20	19	66	16	68	28	35	72	66	76	34	85	87	88	23	73	31	89	47	50	35	23	94	100	63	56	51	100	20	42	76	99	91	86	78	72	28	35	38	37	21	87	21	14	17	37	70	40	64	47	50	31	13	18	95	43	12	98	74	18	52	22	91	34	84	39	63	63	18	46	39	34	18	37	63	23	97	52	30	83	27	18	45	98	93	95	51	32	87	73	20	30	85	78
45	55	33	85	84	81	26	35	21	91	41	58	11	47	67	68	10	86	59	77	40	75	88	82	77	49	96	72	70	78	32	76	35	61	68	62	47	18	98	98	73	51	64	91	65	94	72	92	80	70	60	58	95	26	44	25	63	61	48	26	83	32	68	63	43	51	67	86	38	98	86	72	31	79	48	64	93	57	78	17	17	93	73	44	24	63	73	82	55	29	31	67	90	71	35	28	95	58	69	13	42	73	69	84	62	38	80	37	57	42	94	53	98	98	41	98	88	98	18	63	49	93	69	56	41	78	74	61	50	41	55	87	68	76	38	75	43	26	44	18	37	29	73	69	71	90	75	62	69	33	66	95	81	29	87	64	85	62	77	13	66	63	34	25	57	49	100	79	79	25	54	66	30	27	34	89	31	77	59	48	16	71	39	44	19	20	42	28	40	35	44	16	73	75	46	68	81	73	55	31	43	64	65	59	38	45	93	47	75	75	64	27	33	52	44	16	56	65	66	55	24	67	65	82	20	11	68	46	94	49	44	52	90	29	81	33	91	52	27	88	74	35	39	69	85	27	61	40	86	78
30	11	45	29	61	76	65	64	99	91	40	20	26	13	71	10	31	87	94	76	24	40	37	59	84	88	26	77	49	47	45	25	84	12	44	83	64	69	79	33	84	82	89	13	48	51	38	90	54	98	67	79	68	31	49	94	28	10	67	77	90	53	46	85	92	36	56	26	63	12	89	18	46	36	14	69	52	94	38	58	66	84	89	42	11	97	31	98	41	43	50	20	80	72	29	97	62	32	70	37	96	88	22	91	14	67	37	64	55	63	48	70	94	56	24	100	13	68	44	48	75	80	91	92	88	70	45	20	32	51	35	77	72	70	67	72	46	82	40	36	66	100	49	59	99	15	50	67	67	45	40	22	61	17	33	60	60	85	82	95	83	27	87	79	46	74	66	71	55	67	85	51	25	46	39	38	43	29	20	32	88	57	63	57	74	17	84	57	13	92	18	22	50	77	58	92	33	24	28	53	37	42	31	38	66	27	57	96	73	31	43	15	69	94	41	52	11	59	39	81	100	49	13	11	34	52	71	12	12	28	74	83	69	61	60	53	95	72	33	95	53	89	64	12	26	23	95	19	96	61
17	31	23	48	68	88	26	73	47	25	94	96	41	66	65	91	17	72	74	46	89	12	70	53	67	59	58	88	66	75	46	34	90	31	58	55	48	16	80	96	18	46	33	34	51	55	25	47	30	80	16	79	36	21	49	35	31	62	71	65	70	10	22	11	91	32	56	16	57	30	68	12	34	96	36	32	31	51	16	45	54	96	19	85	79	55	96	48	22	81	70	27	100	23	71	81	46	47	40	26	38	51	90	17	48	72	58	50	85	44	91	66	54	18	79	39	55	14	85	16	61	81	46	15	12	82	83	35	77	97	56	63	64	18	95	48	54	52	73	51	77	77	91	49	63	44	75	36	100	42	35	88	52	63	65	24	95	46	27	45	31	27	76	47	78	46	76	37	53	69	60	76	76	17	13	90	77	43	53	51	24	96	17	59	27	30	28	94	51	68	69	32	31	51	13	20	71	82	100	82	12	17	37	46	98	80	44	67	11	32	78	85	39	73	53	29	70	67	66	39	58	61	72	30	51	96	64	92	55	59	75	78	19	84	64	52	27	35	80	76	25	62	28	49	28	71	26	44	70	81
50	69	48	68	47	95	57	50	55	65	86	39	73	18	45	46	54	87	45	12	23	56	82	100	66	32	77	34	76	97	57	41	46	13	43	100	21	66	30	77	90	57	11	41	96	42	92	16	36	25	47	93	30	66	45	40	66	68	22	13	65	24	84	62	32	80	54	86	93	57	22	94	82	52	22	23	25	58	74	87	79	27	82	88	36	15	97	18	30	25	88	98	87	20	56	73	78	11	60	32	12	28	83	45	95	21	48	56	37	28	80	53	93	77	57	71	42	21	16	35	48	68	23	86	70	69	87	75	11	74	10	33	18	48	27	15	89	67	31	51	52	68	55	26	47	84	32	62	63	13	22	60	73	43	29	44	82	53	97	30	89	93	20	67	38	84	64	59	29	69	10	64	74	46	37	38	16	37	70	82	66	62	44	30	89	19	24	73	44	89	29	96	83	99	85	92	85	50	18	97	85	20	81	50	72	99	61	18	76	91	16	16	28	99	49	91	97	38	52	50	53	42	55	86	61	80	76	13	29	48	54	55	63	20	53	59	24	99	38	75	73	94	90	43	39	89	59	52	73	13
61	37	76	49	22	82	44	86	21	73	57	23	40	50	62	47	63	31	90	34	50	24	84	58	32	38	40	100	20	72	47	22	32	93	57	62	22	66	97	25	82	31	34	65	13	52	25	100	99	46	77	32	34	64	10	70	85	46	79	38	61	14	14	49	27	29	51	74	85	24	62	13	10	90	42	69	83	95	69	81	46	78	42	84	67	63	53	27	43	61	15	90	19	99	22	34	72	64	26	28	91	37	97	82	14	62	82	96	22	83	93	74	57	35	92	39	36	71	98	60	45	37	45	98	85	38	39	90	87	27	53	31	81	47	20	89	91	60	57	58	86	42	38	86	58	72	26	40	71	92	94	66	88	39	72	47	65	82	85	62	56	43	69	29	41	13	32	92	96	97	79	15	13	19	50	27	69	70	43	99	28	60	47	79	61	38	17	89	93	49	99	17	61	88	39	60	46	37	21	13	12	67	66	12	91	75	95	21	22	72	45	83	67	29	70	87	54	96	29	13	96	92	87	42	83	59	97	84	15	20	14	79	30	88	100	66	93	100	54	15	42	61	50	65	40	50	28	18	28	91
25	57	80	92	68	19	88	69	64	50	34	76	75	46	28	94	14	67	26	84	67	62	66	11	45	76	17	47	99	20	22	34	31	47	98	72	33	74	69	93	17	32	33	32	19	80	94	60	78	39	24	65	51	60	52	100	85	35	82	57	81	48	46	34	32	24	80	77	32	94	98	92	42	24	28	17	31	37	20	53	76	29	67	91	77	66	60	52	41	61	51	75	72	76	22	41	10	62	81	94	53	71	54	41	90	68	47	73	56	88	43	18	50	85	64	16	43	16	99	48	31	50	73	22	66	30	59	36	42	78	38	26	74	16	30	68	73	64	28	28	96	78	23	87	99	79	60	36	18	26	41	14	15	26	60	27	79	70	31	45	43	88	93	42	44	64	76	71	87	24	49	68	70	26	76	64	32	81	75	41	59	48	46	52	54	96	49	30	15	14	64	13	14	87	81	14	43	56	72	63	13	38	63	73	12	81	65	93	12	96	53	19	79	51	90	64	52	95	18	77	32	89	22	91	86	40	87	95	13	57	33	78	50	77	37	29	25	95	40	50	84	20	11	53	91	66	21	82	40	26
34	79	55	22	95	30	87	40	70	15	86	14	36	53	92	62	82	64	95	68	55	33	91	20	16	33	34	43	82	52	55	36	86	54	11	43	43	82	58	34	26	49	38	83	86	29	52	22	62	29	69	81	80	25	93	98	55	74	91	71	16	23	63	25	37	17	31	52	59	41	64	79	59	76	39	85	84	30	91	47	34	98	94	52	16	44	64	80	80	93	85	89	29	67	97	65	72	31	46	58	81	24	27	43	93	55	78	92	75	97	81	91	78	93	23	28	93	78	62	16	35	12	46	38	53	15	18	96	69	38	88	51	49	37	53	87	59	95	85	57	45	66	31	44	59	95	57	97	51	38	41	75	96	65	54	49	73	35	53	71	10	20	78	31	31	97	65	56	54	58	60	56	63	20	54	22	39	54	36	50	43	49	49	49	15	75	34	15	19	83	40	54	30	90	59	71	68	65	94	35	91	16	79	54	63	91	48	76	47	17	15	80	58	75	73	31	18	27	54	52	21	16	94	99	44	80	75	73	46	58	57	16	84	76	77	80	91	15	16	88	11	51	75	33	26	75	62	76	54	84
91	83	99	27	61	32	60	18	92	98	78	46	62	92	15	92	99	93	30	18	20	87	65	86	99	36	40	23	12	71	15	61	12	33	32	60	46	68	77	50	92	98	75	77	56	63	61	46	28	87	50	49	42	47	66	78	11	52	33	29	18	23	40	74	42	94	55	84	37	83	66	12	60	50	97	36	50	24	78	91	70	37	10	14	37	87	97	69	37	98	85	14	67	69	19	94	22	41	19	45	17	38	14	58	79	48	57	27	35	53	60	44	87	93	24	82	68	32	83	48	86	10	33	66	16	42	94	19	40	69	12	14	60	94	75	73	33	48	13	69	13	43	16	35	67	49	44	55	85	88	71	79	100	45	35	35	80	34	41	53	19	24	83	67	39	58	70	46	16	63	92	37	88	95	94	41	41	81	29	53	67	17	87	71	90	84	81	53	85	38	43	39	65	37	65	18	89	35	30	54	48	64	61	63	26	86	23	61	10	34	76	96	62	52	83	56	26	37	26	29	87	93	95	93	63	48	84	97	50	82	54	98	91	86	25	80	13	89	77	89	90	28	87	33	66	71	93	55	91	31
53	95	63	91	13	19	16	66	66	16	54	66	13	37	52	21	69	72	11	87	12	43	86	42	67	25	65	53	73	12	88	65	13	83	83	33	79	47	69	99	15	17	19	88	83	14	59	12	17	64	63	85	81	39	68	20	48	86	92	64	42	61	77	68	39	35	67	57	46	58	62	88	89	88	42	86	33	45	19	33	92	14	30	67	38	19	77	56	54	35	84	21	84	50	96	30	62	55	44	53	54	68	85	84	20	71	59	76	49	99	64	38	77	85	67	74	92	71	42	95	85	80	28	13	94	18	73	78	66	95	91	54	40	48	38	13	100	66	28	90	34	99	10	88	78	12	10	94	20	59	79	99	100	88	52	67	56	67	11	99	55	25	50	74	81	18	30	16	79	45	27	11	38	33	37	45	18	36	34	37	25	90	29	47	93	57	74	90	56	14	60	99	89	59	86	65	88	88	91	35	89	30	57	29	100	80	40	23	87	83	85	67	16	42	50	92	39	58	13	96	10	60	60	14	72	42	28	96	69	49	12	49	83	75	86	37	67	93	38	47	80	53	50	94	18	62	57	80	51	61
62	65	32	27	68	55	50	20	33	74	70	63	13	65	91	25	65	68	79	58	40	55	84	46	60	81	47	45	44	24	46	62	34	53	24	54	34	73	42	39	75	36	96	80	23	73	88	69	73	99	85	43	79	95	96	86	61	100	23	17	85	14	54	33	30	46	98	78	27	78	47	26	35	90	39	19	45	100	38	76	92	92	95	53	33	70	32	81	80	70	89	90	59	84	87	52	94	62	60	53	56	42	78	57	19	47	25	83	70	70	21	27	41	49	89	61	22	85	78	71	22	81	76	90	93	15	57	95	57	59	70	84	84	24	37	25	79	67	15	54	86	23	23	89	82	83	61	17	34	94	16	15	93	28	73	69	74	91	10	80	64	71	37	46	71	90	98	58	84	19	90	54	71	40	39	77	86	26	13	73	41	94	69	42	40	84	74	72	47	75	51	29	38	99	85	43	18	84	77	76	45	11	47	59	82	53	16	87	53	64	86	89	26	48	73	99	66	27	72	63	51	40	94	22	26	69	70	81	77	60	18	27	94	77	67	13	77	66	60	81	95	43	82	30	72	90	10	25	99	76
45	32	38	64	11	23	97	49	88	13	97	50	21	82	30	48	84	93	84	17	40	91	32	80	63	27	34	49	33	57	15	46	65	53	63	73	49	44	88	92	49	94	57	21	56	58	50	75	62	17	17	92	34	11	13	83	20	80	42	11	22	74	40	26	31	32	91	97	80	55	62	52	32	96	78	30	16	48	32	78	46	46	84	98	26	87	71	78	74	23	27	76	12	75	39	48	91	56	52	42	30	98	57	28	32	28	40	66	50	84	97	25	94	73	94	39	53	33	86	49	75	38	48	56	19	20	26	78	94	66	71	83	59	45	37	93	85	69	82	74	59	52	68	76	74	76	73	81	23	67	81	49	74	23	11	57	76	35	37	75	62	59	91	62	86	97	28	54	34	78	48	85	38	24	98	20	15	40	44	34	60	31	27	41	93	41	14	30	20	67	10	64	16	54	50	62	40	34	89	21	33	80	23	89	75	13	92	41	74	15	64	50	56	93	48	14	46	28	52	29	27	73	85	15	44	91	72	94	74	25	86	74	63	60	90	36	92	98	98	16	17	86	87	100	27	53	55	97	96	99
wj																																																																																																																																																																																																																																																									
13	16	18	63	45	70	72	63	11	57	97	87	86	85	28	12	97	76	1	31	21	9	25	52	98	78	16	67	94	4	5	70	90	12	86	48	69	4	40	40	78	26	2	45	38	21	77	10	73	9	4	35	30	23	42	70	34	72	6	24	60	75	15	4	61	68	63	53	55	5	68	60	51	74	98	34	9	33	66	74	91	79	75	4	91	17	77	63	51	92	2	89	15	32	5	20	72	58	91	43	20	47	87	18	5	28	91	85	8	81	13	11	21	86	55	15	2	12	64	64	48	74	94	18	32	10	96	5	11	35	72	42	93	87	56	93	69	60	20	41	37	65	36	12	67	95	34	26	92	21	58	88	40	77	85	55	58	70	90	66	78	99	55	29	86	72	15	21	16	71	40	96	8	89	58	23	91	82	49	32	32	19	57	43	15	60	50	76	95	29	58	71	13	37	83	35	34	79	86	64	9	71	7	41	59	91	37	61	9	23	74	87	24	74	24	33	94	86	34	54	65	85	6	49	95	84	50	68	71	66	95	9	73	29	14	10	46	50	51	33	39	29	90	79	84	98	27	50	18	6
