pij																																																																																																																																																																																																							
52	99	32	86	40	37	53	90	41	22	46	30	47	43	99	60	51	71	60	78	68	16	30	55	92	67	82	20	73	38	54	92	26	82	31	73	71	35	47	88	74	91	100	32	87	91	18	53	61	14	54	42	68	14	89	54	53	66	69	12	38	40	45	90	19	24	44	73	51	44	52	11	41	47	56	20	37	56	12	16	47	16	35	46	20	70	81	15	39	11	44	88	35	33	66	40	73	82	44	41	49	98	20	94	17	97	40	91	61	20	84	43	80	86	49	82	95	45	77	57	92	51	78	97	18	80	33	96	60	60	65	13	65	90	85	16	48	31	79	90	28	65	64	64	87	97	71	92	54	44	73	84	14	39	25	60	75	40	78	100	90	16	44	74	33	84	66	14	43	83	83	18	70	40	89	80	85	77	17	65	57	41	84	61	100	58	74	18	89	42	93	33	95	78	94	53	85	99	73	97
63	32	40	33	69	67	68	99	17	86	76	49	47	44	20	87	69	50	76	78	37	50	30	35	22	84	92	40	45	14	54	20	75	53	51	98	68	86	38	18	71	77	50	40	72	52	46	57	34	48	45	42	76	43	13	61	41	97	76	21	79	23	97	59	96	92	59	85	95	27	23	49	27	12	17	96	87	98	49	39	59	93	49	27	49	41	65	52	86	42	49	84	82	93	90	95	70	22	55	63	78	70	57	37	81	56	47	38	52	15	81	12	25	61	16	77	20	13	35	67	28	15	75	60	47	61	46	35	73	97	43	60	89	13	41	63	25	39	38	25	31	98	91	74	92	56	22	69	41	84	71	33	92	62	50	39	53	15	61	91	53	67	58	29	36	77	78	98	11	26	66	44	21	99	67	63	82	82	12	32	25	100	95	99	51	40	94	66	93	41	16	42	32	48	36	45	45	43	97	15
25	26	19	76	72	66	69	29	80	18	14	80	58	78	40	74	66	59	56	33	53	38	59	59	49	32	34	91	13	84	11	43	36	26	36	71	73	44	99	12	43	69	36	81	78	96	47	13	52	91	66	19	36	75	70	42	86	40	85	78	20	75	37	60	100	40	42	59	94	82	11	24	17	57	69	32	16	94	28	59	61	32	33	69	57	85	21	59	72	95	82	16	45	47	46	82	99	14	75	55	46	25	25	73	16	38	12	93	72	26	35	36	51	55	78	61	87	59	97	59	51	55	27	78	98	49	96	71	81	82	52	96	94	69	40	53	89	68	26	93	59	42	89	95	36	99	22	13	94	77	87	63	51	17	69	16	79	57	31	80	84	21	54	48	31	37	78	28	87	98	13	52	61	94	36	90	36	40	33	61	61	97	13	29	75	46	21	100	20	15	84	75	61	40	13	83	45	64	40	33
80	18	62	48	68	70	89	38	82	26	67	18	94	14	58	28	40	36	37	44	67	73	78	60	34	60	87	53	64	56	45	97	73	11	43	79	56	25	49	57	99	16	36	27	15	27	94	30	91	14	52	27	60	62	26	80	35	26	68	90	12	45	26	46	14	83	51	82	83	99	34	31	23	19	51	70	97	76	81	69	99	26	67	32	22	33	19	55	82	37	91	52	42	81	83	97	30	99	50	92	79	85	50	39	14	12	86	82	92	55	51	92	76	43	11	29	16	83	54	25	19	86	33	53	77	12	88	26	60	48	16	71	63	45	62	97	53	57	59	74	83	33	49	39	80	41	13	74	49	57	24	70	61	14	51	17	14	35	70	36	42	47	53	91	80	88	55	58	33	55	97	88	24	90	41	73	36	43	81	26	62	21	19	63	59	84	56	28	86	96	92	75	80	23	80	55	82	64	18	32
90	40	10	45	28	35	66	69	60	34	39	51	83	21	41	35	22	38	86	82	49	16	40	73	56	41	44	32	91	51	35	50	28	22	83	89	84	88	59	44	59	15	23	42	99	93	92	89	77	51	46	47	53	66	70	87	57	23	52	49	31	46	86	15	45	29	65	93	39	74	35	37	45	17	88	88	19	52	54	84	18	35	19	68	28	29	12	56	45	15	98	85	14	65	83	69	91	99	100	23	27	21	18	35	19	73	33	32	48	30	45	78	42	14	83	71	53	37	33	23	55	66	62	17	55	64	74	84	51	75	39	27	51	92	85	84	63	62	87	58	30	60	12	49	92	19	96	77	83	19	53	79	96	93	74	91	47	75	16	88	63	42	21	57	99	97	88	61	11	28	37	93	89	86	96	67	78	97	35	91	34	82	76	41	18	27	86	50	74	51	45	42	15	40	26	84	81	30	71	60
44	61	56	41	36	19	24	71	60	82	49	90	94	69	85	11	36	56	41	44	81	21	17	29	87	85	63	69	33	34	56	39	36	17	56	37	56	19	64	59	86	33	78	68	77	23	86	39	11	88	75	61	73	94	26	51	41	48	86	68	59	92	59	10	63	37	55	81	44	93	92	26	93	97	66	59	55	85	79	44	28	49	81	60	38	56	62	85	93	24	41	97	34	14	88	71	88	77	57	86	47	74	65	57	55	38	21	56	12	51	87	13	33	67	69	61	88	55	92	71	79	69	99	40	72	13	42	48	24	42	81	34	58	55	53	22	100	95	54	41	75	59	43	46	83	84	17	95	32	89	36	37	63	44	25	28	27	81	14	60	22	66	80	81	43	47	16	17	91	90	73	22	15	52	73	74	37	56	32	16	90	93	99	63	38	23	88	39	63	28	76	45	69	77	17	17	40	37	42	62
78	83	86	25	69	65	71	36	25	13	96	67	30	20	78	72	45	93	99	28	86	29	95	70	45	15	59	28	76	32	42	95	96	88	24	68	87	100	90	41	93	95	96	12	36	66	90	25	86	31	93	99	12	14	40	56	26	38	45	43	68	16	32	10	13	89	19	56	17	19	73	70	80	77	56	52	92	80	61	25	91	54	87	72	16	25	68	36	74	92	58	95	84	84	43	27	97	48	25	18	41	17	49	76	85	94	24	78	23	19	36	78	13	68	37	58	75	27	77	78	27	94	71	23	40	53	82	54	74	18	78	78	31	25	78	84	53	70	56	71	76	76	95	72	67	45	35	68	72	54	85	18	47	68	24	34	56	69	86	65	75	73	41	92	86	80	88	55	95	97	79	36	32	11	52	63	57	93	11	11	11	52	98	34	12	79	62	27	28	24	25	80	23	76	98	55	34	52	39	34
43	76	81	24	92	38	86	70	34	96	60	92	87	10	60	28	76	100	64	81	87	43	72	67	91	42	85	11	15	93	82	18	39	48	92	58	37	66	71	54	52	98	75	19	74	16	23	90	54	66	34	74	56	18	61	68	34	98	70	51	99	88	77	70	76	63	16	45	17	41	28	16	53	63	91	47	90	11	16	43	77	77	38	76	71	41	79	100	70	51	54	20	35	50	19	69	24	16	99	98	86	87	15	87	23	24	16	39	70	54	11	45	65	94	58	48	23	12	53	39	57	26	54	55	56	66	40	52	15	58	77	52	39	34	34	42	44	39	51	88	54	84	63	56	40	87	43	66	57	22	30	14	78	78	89	42	24	77	51	55	10	57	95	49	21	86	64	95	70	39	69	98	76	49	29	14	62	56	23	88	79	27	71	85	52	22	93	99	26	63	22	29	44	64	34	84	80	37	58	47
43	84	50	57	50	46	85	36	20	84	80	83	88	26	19	57	28	97	54	31	22	41	23	87	64	73	52	55	76	97	58	55	99	57	63	34	71	78	25	31	45	54	49	14	12	98	39	26	48	54	41	25	22	84	27	54	45	65	85	20	52	14	26	97	65	75	45	53	49	52	76	51	53	31	84	56	70	17	61	97	12	85	19	12	35	95	57	95	67	31	45	32	77	50	35	44	16	45	27	33	93	79	100	40	58	14	64	43	81	63	15	99	17	35	45	31	93	63	35	34	30	31	14	87	41	14	75	90	51	78	35	63	59	77	72	85	32	99	53	29	61	77	28	97	71	82	15	77	58	21	10	89	26	10	12	41	68	47	11	49	85	33	66	68	27	19	86	77	29	38	94	44	23	50	42	70	26	92	75	80	75	70	88	89	13	42	48	43	74	24	69	62	49	70	17	37	56	57	80	57
85	67	93	28	15	32	42	87	78	17	60	31	20	78	69	41	95	24	42	28	27	53	25	84	47	40	28	66	98	79	58	37	58	41	92	40	27	71	46	72	41	96	44	63	92	58	34	24	33	34	63	41	49	98	48	69	27	81	91	61	15	31	81	62	28	12	70	22	32	77	76	14	46	43	50	79	26	57	86	93	32	55	63	76	78	55	13	52	80	13	26	72	95	70	79	41	95	83	45	43	24	29	25	38	51	35	69	42	13	24	50	21	66	38	18	16	63	73	20	17	39	42	65	52	66	94	48	80	69	64	82	61	12	92	23	91	67	78	53	80	11	78	39	39	45	78	60	53	13	46	26	66	33	74	59	85	28	84	85	84	68	95	30	96	63	35	40	54	83	98	27	40	64	48	16	48	28	45	84	34	91	16	47	19	88	26	27	77	39	13	31	47	72	62	44	84	40	46	43	51
33	62	81	69	12	68	28	96	73	86	56	33	69	84	61	53	18	99	18	92	49	50	48	27	63	53	61	27	83	86	100	97	75	63	25	44	90	74	71	49	89	70	26	11	37	35	35	92	18	48	22	58	86	40	42	89	83	63	83	81	99	16	68	11	67	56	24	65	91	100	26	32	22	39	61	79	62	44	91	21	96	25	54	22	76	81	80	63	63	29	35	79	43	68	76	34	55	22	45	40	70	21	30	80	58	74	27	83	22	46	50	66	11	35	73	76	62	17	38	39	14	21	86	65	47	17	56	64	58	70	82	83	81	68	59	65	72	39	15	98	83	42	75	30	91	72	35	80	72	20	22	36	25	98	89	73	49	64	43	95	86	92	48	80	67	46	70	50	14	27	54	43	25	13	98	80	86	31	90	26	95	18	57	97	50	14	73	69	43	28	28	45	26	12	10	15	27	59	27	76
68	87	23	77	50	20	25	59	21	63	51	18	36	25	88	73	33	98	93	55	10	22	42	44	87	10	13	50	78	15	83	55	11	81	92	52	59	81	71	27	36	51	42	29	99	95	13	99	40	46	51	99	45	68	94	75	89	44	99	89	79	18	68	14	100	94	73	76	95	16	93	56	38	89	16	40	82	29	58	93	72	56	98	74	88	98	43	11	17	54	39	39	61	73	23	70	30	37	21	59	36	68	71	85	63	17	25	77	91	28	46	21	20	68	41	43	82	80	23	71	76	15	98	83	90	35	70	50	89	79	54	16	28	93	44	18	55	72	61	75	97	14	34	11	32	68	54	19	94	40	49	80	22	30	56	60	68	85	44	27	73	40	96	86	64	46	74	48	55	79	67	12	21	95	83	31	97	52	33	42	24	21	58	73	75	39	85	99	83	88	52	48	31	27	63	74	61	14	54	60
63	14	61	84	51	15	28	86	13	40	62	43	50	78	39	87	43	99	80	55	95	38	12	48	43	100	44	15	42	23	67	41	56	76	13	66	50	38	17	70	12	40	67	81	92	44	79	15	93	33	38	61	71	88	56	78	34	36	60	61	32	34	60	99	52	31	79	48	92	84	71	82	82	27	94	93	60	51	49	46	14	11	52	32	11	64	78	56	90	49	26	55	61	39	76	26	52	56	24	67	54	54	63	26	26	36	70	72	59	30	77	54	37	78	77	97	53	14	98	38	67	95	55	10	60	18	15	68	13	53	86	68	10	62	59	75	64	35	25	68	46	100	93	54	66	72	85	13	18	36	57	68	39	48	96	63	54	50	21	80	73	67	52	60	49	29	42	67	36	31	35	51	71	68	29	71	41	34	60	59	33	99	85	70	24	69	12	73	24	50	47	14	31	32	76	65	33	72	61	37
51	83	20	97	76	27	64	50	89	78	18	21	13	36	54	16	68	87	43	65	37	61	68	15	65	49	89	68	25	35	52	20	72	94	95	69	42	57	92	72	94	88	74	34	14	11	71	42	16	76	41	40	19	50	87	16	87	14	32	13	21	66	63	73	80	78	40	66	67	94	90	76	83	42	95	85	67	85	94	53	24	99	22	44	64	35	37	91	87	71	88	54	74	49	49	22	29	76	63	80	84	51	86	41	28	25	64	71	22	51	25	80	20	90	51	11	84	86	32	51	71	53	95	99	93	62	34	39	22	20	99	82	27	74	85	100	82	74	24	82	36	49	62	28	34	100	74	79	65	62	35	36	23	50	60	28	84	57	84	40	64	84	23	39	59	70	27	93	94	50	44	98	55	53	55	87	39	36	89	52	71	51	48	20	41	49	54	58	64	41	36	50	16	81	98	29	42	26	12	86
32	66	19	24	35	45	85	25	23	59	58	86	90	93	61	30	27	38	77	88	12	62	66	24	99	21	60	98	31	66	26	97	81	51	43	76	32	12	73	68	60	27	67	18	36	15	18	97	17	79	22	100	45	57	89	22	15	54	40	11	40	74	98	79	100	67	57	52	35	77	47	78	61	67	67	72	78	22	67	76	22	74	75	45	53	93	76	96	97	45	10	39	27	98	56	16	30	63	79	34	15	14	69	18	69	49	56	36	56	15	65	94	18	23	73	74	56	99	69	82	68	50	81	67	71	43	70	72	63	34	44	28	53	95	38	96	72	26	16	70	38	51	78	16	17	34	98	89	98	38	41	16	88	62	19	28	67	17	94	35	32	96	97	79	71	15	81	41	58	12	72	28	73	33	29	29	32	74	79	89	94	17	19	22	61	16	56	47	59	41	80	19	25	23	35	17	23	66	63	40
84	82	32	84	84	94	88	46	49	20	28	16	88	59	54	82	87	89	42	77	37	26	57	91	64	82	28	20	40	45	37	34	26	39	27	87	35	35	86	78	37	81	15	55	66	86	53	60	10	100	82	86	94	96	20	75	12	50	69	67	38	89	12	78	82	84	31	14	37	94	59	81	20	70	79	69	41	15	74	19	74	61	45	28	19	84	20	54	90	98	81	99	66	14	26	73	73	30	55	30	47	16	83	36	51	85	60	12	60	72	71	21	89	76	59	20	67	60	57	66	43	15	50	27	23	73	73	31	55	19	71	54	37	70	89	26	27	28	72	61	61	31	67	35	60	67	13	44	21	81	64	97	15	78	93	28	98	85	17	85	57	17	69	87	96	23	97	89	36	94	95	21	35	38	48	20	25	14	35	69	64	63	66	51	51	55	18	97	72	14	99	92	51	79	49	73	72	56	90	82
55	29	78	28	53	44	61	67	58	45	41	69	44	19	14	34	11	70	28	80	70	65	63	72	48	46	19	16	48	34	86	14	46	33	86	31	36	32	10	33	55	96	57	59	88	40	91	52	93	22	37	71	90	44	81	72	62	45	61	23	66	27	31	43	62	86	47	34	69	83	27	24	21	77	83	23	98	51	46	13	11	23	92	24	78	25	68	60	40	23	87	72	18	65	53	49	42	28	36	82	89	82	35	14	80	13	12	25	51	19	10	14	47	86	72	77	48	13	18	16	67	96	99	83	75	37	72	71	30	74	55	54	66	26	87	51	88	23	54	85	58	61	69	58	69	61	65	85	97	31	77	51	26	54	46	38	49	59	36	23	49	58	70	62	86	65	12	92	89	97	18	63	26	31	82	41	27	69	23	90	27	31	99	86	27	79	15	14	85	76	34	17	78	47	23	85	45	76	93	52
63	57	37	98	17	68	74	51	34	55	19	95	23	68	29	88	58	88	31	56	12	30	18	56	75	90	33	86	98	20	57	98	73	82	99	81	63	52	47	27	31	50	94	12	78	78	32	16	91	90	89	41	58	97	14	55	79	99	18	44	49	92	44	70	22	83	69	36	12	59	63	29	85	95	54	59	21	15	75	89	74	86	38	100	30	91	68	73	26	27	42	27	52	83	31	69	94	67	30	75	33	55	63	48	74	20	80	22	13	35	57	22	64	31	87	61	93	85	50	30	98	81	96	74	15	78	39	39	69	52	87	38	35	27	65	79	58	49	92	68	18	78	82	11	63	41	87	86	76	53	77	98	25	98	39	99	49	25	66	64	59	89	38	18	68	53	82	31	33	15	74	80	37	40	68	91	21	95	25	25	95	55	84	34	35	82	38	96	50	71	93	84	89	46	43	27	14	17	94	73
59	88	96	14	24	66	62	77	94	54	69	92	19	82	52	31	90	83	84	54	71	46	60	38	53	26	60	61	41	39	56	21	36	66	91	70	80	66	27	46	76	67	57	63	29	54	40	63	62	90	21	71	27	50	41	90	21	62	76	19	98	20	52	28	71	30	41	57	29	49	37	81	64	33	63	21	32	97	26	50	13	81	42	81	45	76	28	91	92	18	31	28	11	77	43	35	72	24	39	69	82	16	24	20	84	51	86	92	49	49	97	62	60	38	84	10	31	97	20	84	25	31	20	95	40	31	77	19	73	64	52	32	66	48	25	85	28	28	84	37	76	39	46	10	20	30	12	68	48	11	38	47	12	84	41	64	67	33	50	60	77	61	45	45	74	39	53	33	10	94	52	98	76	13	77	67	57	57	48	70	73	45	22	23	22	40	56	96	16	54	44	98	60	97	44	25	23	16	38	89
47	55	96	66	58	26	57	95	20	19	56	41	59	62	73	21	59	28	51	95	19	73	90	58	67	11	43	94	66	27	36	98	78	34	90	32	82	31	66	85	78	86	11	39	42	17	59	83	30	38	43	25	88	15	14	66	55	78	58	67	68	87	30	40	30	82	36	80	100	31	28	56	87	64	22	67	39	38	88	58	64	23	49	67	12	63	18	50	49	79	98	60	14	25	46	66	60	52	54	81	56	55	52	56	95	62	81	54	81	50	79	63	14	58	34	76	90	50	18	12	28	55	79	18	17	54	94	23	37	77	39	15	24	50	90	51	18	98	87	39	32	35	92	55	85	51	51	77	94	64	68	81	54	32	42	13	55	71	25	48	44	97	78	61	55	47	16	67	21	91	22	34	76	54	59	65	37	32	82	36	80	19	83	66	23	77	19	68	10	92	83	60	88	67	89	30	88	92	46	73
84	72	61	65	34	93	54	18	93	59	67	99	35	60	82	44	32	96	15	87	45	99	89	63	72	76	96	69	74	94	59	52	89	23	94	77	29	93	47	57	51	82	96	30	25	74	72	67	55	53	63	74	33	23	52	68	75	50	38	76	35	87	25	36	52	86	30	33	77	20	10	92	58	43	18	96	19	54	24	11	30	63	59	93	14	71	70	32	14	51	87	37	66	88	22	37	17	44	23	52	26	17	62	74	22	45	76	80	44	40	79	30	95	18	45	12	36	98	73	48	27	12	18	60	27	39	81	53	40	24	46	71	98	48	29	77	95	41	68	29	41	36	34	77	20	83	97	76	86	39	23	23	31	38	70	51	69	58	89	94	44	38	65	79	70	26	14	56	60	68	41	92	26	77	63	77	70	11	99	36	18	71	39	40	66	74	82	87	58	40	94	51	75	63	70	47	50	23	11	65
53	31	44	94	29	10	61	94	45	18	30	21	13	43	75	57	55	76	25	24	25	72	28	33	21	77	56	54	92	93	27	54	23	40	68	23	49	57	13	21	18	32	40	13	86	34	21	33	93	100	59	15	18	97	23	69	70	35	17	88	26	64	79	51	27	79	55	58	86	50	50	55	43	12	40	97	40	81	67	65	86	10	33	43	54	76	84	13	93	69	42	65	66	63	19	23	52	91	21	87	96	15	26	75	81	17	24	12	94	16	12	39	92	54	71	92	92	33	95	37	84	26	55	18	55	51	65	38	19	38	65	80	34	33	54	71	45	98	53	53	29	96	45	39	67	18	17	46	20	67	54	41	15	11	18	11	66	32	62	33	45	61	58	45	70	60	17	16	18	74	28	25	45	86	81	43	76	35	15	73	63	57	39	69	84	73	11	72	65	78	81	57	59	91	88	30	35	38	13	48
56	28	66	33	12	17	64	52	96	52	93	61	96	40	25	67	95	50	72	79	46	53	64	45	97	67	49	35	47	88	32	86	79	68	18	90	74	18	51	16	51	34	63	40	99	50	20	28	75	55	55	43	88	70	77	33	49	39	99	40	67	73	26	59	85	59	10	98	88	15	96	31	86	45	22	27	13	41	55	21	95	12	95	85	98	12	37	78	29	25	73	64	85	24	96	80	34	72	92	73	47	18	83	64	83	78	12	36	71	19	17	34	54	28	60	63	59	60	30	38	92	50	24	61	10	33	82	78	25	96	78	15	47	98	55	88	67	93	13	97	94	73	94	82	77	31	67	97	58	91	32	15	71	21	47	100	33	69	41	32	30	52	88	96	60	65	91	45	88	59	32	58	34	16	33	92	42	28	93	11	71	19	87	37	99	47	67	75	93	19	27	68	99	31	74	28	76	16	25	75
81	86	72	34	85	94	18	38	54	94	94	96	39	52	71	79	92	61	84	86	49	80	44	42	97	43	90	70	90	11	20	65	78	53	33	38	26	94	48	65	65	63	38	48	98	63	67	49	16	56	48	54	76	62	60	85	85	31	99	15	68	81	76	96	36	86	76	54	85	99	29	61	69	77	13	42	92	96	45	73	90	93	58	89	66	47	57	96	31	55	31	11	34	41	41	59	65	26	32	53	55	13	44	91	30	33	39	64	48	55	46	77	43	42	49	73	44	35	45	89	48	87	81	82	87	98	61	17	99	88	11	98	73	19	24	36	38	33	69	48	69	69	76	71	98	36	45	76	31	28	33	26	81	86	21	73	31	16	56	99	96	71	76	20	40	27	64	19	17	68	36	17	68	51	73	86	29	27	71	16	68	49	85	75	59	25	87	20	50	78	76	19	31	40	45	67	27	18	95	19
23	96	30	25	50	24	77	68	57	83	10	31	38	70	98	80	35	98	60	13	92	75	16	62	53	94	79	94	25	99	72	30	93	70	80	11	18	77	15	72	33	16	35	28	55	21	76	44	54	12	96	84	94	28	96	97	76	75	99	57	46	72	12	38	27	94	53	85	85	97	19	51	54	80	17	49	68	27	21	30	64	26	23	56	94	76	91	28	52	72	61	98	21	33	78	89	12	98	52	20	17	71	71	48	20	79	12	86	96	49	18	88	63	88	28	42	91	38	100	23	31	15	90	66	19	75	45	60	55	50	28	67	31	62	25	43	36	80	94	50	40	94	19	51	35	25	37	36	49	71	52	55	73	37	50	40	65	80	32	68	32	51	12	29	26	77	28	35	33	60	58	44	15	47	90	31	76	67	32	42	60	67	99	100	55	61	37	47	18	49	79	39	92	94	40	16	29	82	96	99
25	85	61	59	88	49	25	47	89	22	29	82	38	27	88	49	98	13	25	86	91	97	96	53	17	80	50	32	11	33	100	84	95	74	59	88	28	92	52	48	60	72	55	71	19	84	65	11	87	90	90	90	13	15	94	39	87	38	13	83	16	23	80	63	60	66	62	85	27	100	56	89	43	89	72	29	34	46	48	49	70	45	91	35	16	61	53	76	74	53	80	75	81	42	48	36	92	25	47	53	81	86	54	28	31	28	14	29	44	34	46	52	30	38	39	48	72	18	43	84	17	98	15	58	94	42	35	91	21	100	62	56	94	73	37	12	63	75	55	22	63	41	80	46	74	95	17	11	44	83	90	35	63	14	73	100	49	61	96	93	31	75	48	94	31	36	71	21	34	77	83	25	64	81	99	22	73	41	29	92	41	63	50	62	35	21	13	59	97	48	37	44	47	22	95	23	76	69	11	27
61	12	70	30	35	22	25	99	76	90	21	38	46	52	97	81	93	75	19	98	44	27	55	92	46	37	69	84	18	50	71	18	55	96	29	93	80	13	78	94	98	60	60	93	84	29	71	46	14	87	52	30	99	92	72	49	42	97	27	97	95	77	18	69	47	62	82	82	68	30	84	72	13	21	28	67	21	86	35	50	55	14	64	54	28	52	59	95	59	61	69	82	44	54	48	42	83	76	29	41	46	70	46	27	23	60	50	52	67	23	81	59	59	85	21	90	28	76	23	98	95	41	81	21	32	81	86	57	21	90	62	14	54	98	52	72	24	67	16	51	96	59	75	39	88	87	84	40	26	64	54	30	53	73	13	20	95	58	69	80	98	77	100	12	37	96	71	97	10	33	46	46	96	24	75	15	62	25	57	61	67	11	93	80	21	83	49	95	92	78	40	36	28	39	27	12	50	73	84	34
40	11	58	69	50	39	94	87	88	32	56	65	17	14	50	27	76	53	16	76	52	30	75	91	59	39	53	51	70	100	20	94	15	90	79	10	50	66	58	90	15	75	25	18	58	42	60	83	33	60	72	73	96	58	75	70	19	33	48	16	83	88	94	72	49	29	64	73	68	50	45	93	54	21	77	64	62	14	86	97	75	69	26	31	84	66	78	43	46	95	90	58	46	44	24	79	24	86	21	27	51	57	94	68	41	70	83	12	27	46	37	17	78	12	91	34	80	36	97	31	58	70	17	75	62	19	49	33	82	20	30	73	98	61	37	76	66	86	45	53	99	17	64	73	77	59	42	24	73	79	95	53	20	66	30	98	27	84	19	84	38	80	58	56	55	53	60	34	40	47	15	49	70	50	93	14	71	93	22	37	37	57	55	77	72	32	66	61	52	79	26	82	69	82	66	29	10	18	58	52
76	30	28	19	68	76	69	88	55	19	69	38	27	21	71	100	67	99	27	85	81	41	55	22	53	42	71	61	44	63	74	43	43	16	42	38	99	80	84	20	40	88	57	84	65	18	58	21	34	32	42	98	95	13	35	47	75	94	60	35	59	92	37	43	79	14	22	99	20	47	58	35	45	17	81	19	20	70	29	32	54	85	28	99	39	91	67	56	98	79	20	68	40	76	59	50	84	33	25	76	79	24	83	56	97	52	15	33	80	89	65	31	51	28	64	66	19	29	73	59	37	86	61	77	54	55	44	96	59	57	57	15	91	23	99	21	60	88	43	35	60	43	77	58	24	75	99	86	27	65	65	35	66	13	98	64	64	39	70	25	77	39	89	93	99	37	47	40	80	40	25	27	74	25	62	87	14	95	75	95	35	70	65	53	58	28	58	95	65	76	39	12	55	66	51	33	66	43	45	71
48	57	51	99	77	40	97	38	44	55	52	35	50	97	36	25	66	53	17	57	83	65	89	74	26	85	50	98	71	13	34	93	53	92	45	49	16	43	79	71	76	84	29	48	84	62	77	49	52	15	45	46	58	48	87	52	32	60	49	63	88	52	15	52	32	56	72	14	45	73	66	58	22	26	85	87	69	23	49	28	99	38	85	92	46	41	79	95	86	38	71	90	91	32	14	20	48	28	47	48	94	95	18	33	60	13	69	55	33	12	64	79	48	89	26	95	40	22	17	54	84	11	60	22	67	90	57	91	62	57	54	63	35	56	18	75	88	84	50	94	78	83	19	70	27	22	41	65	67	22	16	33	64	21	55	16	57	45	23	81	39	49	96	60	37	60	85	71	25	79	49	16	24	45	41	51	25	30	14	17	13	94	17	53	76	82	53	55	11	22	96	26	51	90	67	54	78	35	60	36
88	46	20	47	75	79	61	28	60	12	26	30	87	74	42	75	99	66	78	23	98	25	69	81	86	80	56	55	23	95	58	85	45	43	67	77	66	63	74	58	95	88	97	25	61	44	21	41	26	44	29	79	99	88	88	17	70	48	98	13	13	70	47	39	65	89	19	62	62	78	53	90	50	80	99	44	99	43	43	11	58	28	56	92	49	32	21	22	73	66	94	36	66	32	60	75	79	20	26	81	64	63	91	61	39	32	62	77	51	30	51	46	19	68	52	77	100	83	33	32	35	11	67	51	88	67	22	17	62	49	90	65	99	48	23	11	41	57	16	16	22	42	19	35	39	44	39	74	67	66	16	53	70	82	63	53	11	30	70	97	92	26	84	35	94	24	24	14	68	56	17	99	64	50	87	99	35	19	44	75	95	24	50	12	61	55	15	70	36	12	59	22	33	57	72	31	95	39	50	67
77	64	26	94	87	20	93	14	62	25	37	94	38	48	98	45	67	51	56	73	14	32	24	75	93	21	96	50	48	82	13	26	90	81	48	68	46	68	21	85	88	55	25	43	83	21	37	64	70	11	99	61	93	52	46	70	84	50	33	54	38	27	67	98	37	16	90	33	42	80	23	45	36	19	83	81	28	16	81	92	88	98	30	82	33	49	55	58	33	62	44	98	55	64	88	61	46	85	20	90	61	24	46	25	43	91	60	95	19	21	17	68	56	42	23	74	20	31	68	12	16	83	48	81	82	16	42	24	34	79	53	84	88	27	87	18	17	39	63	39	53	72	68	59	94	71	71	34	75	12	33	96	47	78	75	97	28	48	12	77	18	30	97	34	54	38	66	43	85	50	39	34	83	26	82	89	85	24	20	72	100	81	43	62	44	77	49	77	15	52	46	51	25	33	13	65	22	94	96	83
84	99	11	96	64	54	63	59	54	72	76	57	85	16	12	12	19	43	37	79	35	49	40	66	24	42	52	21	99	23	73	31	76	82	70	85	16	24	35	10	17	42	15	11	60	77	70	70	71	17	27	64	52	95	65	93	44	45	45	46	65	72	81	56	79	10	57	38	22	87	22	22	21	87	51	31	49	17	23	86	27	28	91	97	14	30	70	17	24	92	66	95	62	96	56	94	74	85	25	20	12	87	76	14	72	99	36	71	83	44	93	91	67	95	88	52	52	98	30	99	12	71	14	70	76	96	87	63	16	59	98	19	70	100	91	58	63	48	14	82	72	66	97	73	26	45	79	39	75	82	24	88	45	83	62	39	90	12	24	36	62	60	95	87	72	73	37	68	75	21	36	52	86	39	87	50	43	99	74	39	33	48	33	39	38	37	29	67	17	48	46	65	85	19	90	26	74	20	71	46
13	35	28	28	41	31	46	21	65	67	55	77	80	75	35	36	63	89	67	56	90	52	11	94	27	67	55	13	47	97	94	61	94	35	15	11	100	29	85	47	20	77	86	86	86	16	73	26	39	52	83	99	47	63	82	75	81	44	74	56	43	45	82	69	17	23	64	32	70	26	51	54	31	25	65	77	91	55	75	91	38	64	75	42	80	47	20	46	43	20	55	81	62	29	84	34	56	24	27	75	81	43	52	79	48	51	81	77	29	93	100	16	44	92	93	86	38	42	34	40	60	73	74	45	16	37	95	60	22	43	78	26	59	57	30	12	16	76	36	44	12	96	20	70	99	73	67	50	65	33	12	63	17	23	53	22	18	87	70	59	26	12	19	28	98	90	75	14	21	11	98	72	77	96	42	60	29	56	15	67	94	78	34	70	76	59	63	59	31	78	61	42	91	59	97	12	42	93	11	97
49	20	58	58	22	29	35	30	85	22	73	50	93	47	76	41	40	80	36	93	95	85	58	86	49	31	28	29	76	94	73	62	64	61	22	44	60	79	20	52	70	74	74	63	12	85	34	55	32	41	48	33	47	78	61	94	43	91	50	78	22	82	92	30	50	65	57	77	12	79	39	37	55	41	98	57	98	94	24	35	25	49	20	32	96	85	28	75	11	51	20	99	92	19	41	15	88	70	33	44	80	26	88	30	22	99	21	98	26	13	16	43	59	20	19	96	79	16	87	61	50	80	68	61	39	79	38	71	61	53	20	24	40	73	45	72	20	100	47	55	61	83	86	64	15	58	83	26	32	85	72	75	66	93	23	30	87	25	59	66	57	90	80	78	65	21	16	84	84	69	63	47	51	10	83	49	75	68	74	84	83	14	30	39	73	24	66	72	72	19	17	58	66	63	50	43	65	16	34	74
38	97	50	79	41	94	29	32	75	18	13	37	14	67	99	76	66	80	30	25	35	74	91	37	98	39	75	83	99	47	35	51	34	37	58	82	77	66	95	95	34	49	27	91	97	16	97	50	100	42	93	44	86	71	100	47	44	46	49	93	94	84	73	34	82	60	27	79	79	66	65	15	57	60	31	40	72	48	17	83	30	39	28	90	24	24	42	50	36	19	20	14	20	15	25	71	88	22	11	71	19	76	88	96	100	31	15	51	85	12	36	84	60	54	90	76	27	77	39	60	82	88	30	16	15	42	12	95	61	87	90	46	34	33	41	77	90	54	91	17	14	72	14	29	80	48	72	85	64	69	67	48	87	14	78	32	37	23	51	41	41	78	22	57	86	78	63	15	72	45	64	44	74	91	33	60	46	48	65	45	55	96	59	53	81	29	67	42	36	45	33	34	69	31	80	96	70	79	67	97
93	84	47	15	76	24	95	50	50	75	58	91	50	21	89	86	86	28	43	47	83	19	29	27	13	65	86	27	18	49	77	52	70	14	37	63	67	69	69	48	47	43	92	70	26	40	21	94	52	34	17	18	31	87	51	20	38	53	65	27	53	79	77	59	74	87	14	75	96	11	95	47	11	26	61	15	37	59	63	99	81	86	27	17	49	51	46	84	42	100	64	98	83	92	63	48	84	14	80	60	56	72	88	75	79	20	20	46	25	73	80	46	17	59	92	14	97	88	75	72	71	83	15	58	65	61	42	58	84	99	34	68	95	20	73	86	92	57	83	89	77	42	16	29	32	60	27	56	69	35	94	35	88	25	55	25	71	51	58	31	28	74	86	92	72	23	79	39	68	50	64	24	23	59	60	10	88	35	75	86	19	60	53	22	54	69	57	85	45	97	16	28	37	69	31	24	47	45	37	93
37	41	62	60	20	10	61	83	94	91	36	50	18	21	69	73	42	45	69	41	85	29	18	32	34	56	71	57	87	71	12	82	32	56	74	37	58	26	28	85	49	81	77	35	34	86	72	33	20	56	94	30	84	99	12	76	17	99	86	20	77	41	32	83	25	69	99	28	32	99	35	90	82	63	12	13	71	74	98	66	91	18	91	45	55	54	43	40	46	92	83	34	11	78	67	70	45	63	21	85	47	100	90	37	56	91	50	76	41	76	88	86	19	18	71	33	91	45	62	63	70	79	70	99	16	47	84	28	84	11	27	25	11	15	35	50	43	24	32	19	99	74	95	22	59	63	93	78	99	66	16	14	41	94	50	72	70	41	18	91	15	44	100	68	11	84	89	78	43	31	11	15	12	37	22	56	75	40	97	96	51	16	38	32	20	54	50	92	13	97	15	77	77	54	18	59	15	61	59	84
57	57	81	48	77	68	63	47	52	75	56	23	49	83	47	29	43	84	40	15	31	100	63	53	58	32	30	28	43	42	36	66	73	73	93	58	31	80	78	98	63	72	77	51	24	44	39	76	25	44	53	83	91	43	85	20	13	92	20	63	79	59	80	89	39	30	18	49	40	65	21	65	57	82	56	49	27	29	68	64	47	35	68	52	49	82	72	29	76	21	92	99	46	97	13	36	68	48	46	38	66	42	34	11	94	60	23	87	23	63	27	18	20	74	42	88	28	86	37	38	34	92	26	98	34	75	19	34	90	15	41	75	20	86	48	74	53	79	12	60	93	19	93	96	38	27	74	52	57	69	41	95	14	80	32	61	54	62	69	54	53	35	81	41	59	50	17	63	97	97	92	90	14	58	53	71	89	35	23	91	63	85	95	14	29	65	39	33	28	34	51	53	81	26	27	47	98	75	95	92
78	73	31	85	69	86	34	95	63	51	83	59	55	99	52	12	70	78	11	56	77	38	57	67	82	53	30	57	32	85	74	23	81	59	55	55	89	66	70	55	88	100	43	33	47	63	17	94	15	99	88	16	22	78	17	62	91	51	90	64	58	23	78	97	11	50	62	54	96	98	95	97	27	56	47	16	20	29	66	31	57	18	39	93	45	14	49	23	84	18	83	40	91	97	39	72	66	76	13	52	76	67	46	40	39	75	97	10	69	46	73	84	43	54	87	30	90	18	15	58	36	68	30	57	95	61	30	78	75	16	93	33	62	80	47	78	59	58	75	70	20	100	67	11	72	26	80	26	98	90	100	32	66	36	11	89	15	25	60	63	75	62	32	66	60	31	83	93	61	98	49	82	92	25	56	46	25	25	48	47	36	64	36	37	15	63	46	16	10	46	36	54	12	34	32	86	39	36	86	65
84	82	77	80	15	37	54	65	81	16	36	19	30	92	73	32	46	76	71	74	25	42	99	26	53	28	20	42	62	94	38	32	54	87	25	20	33	94	44	69	89	64	53	90	93	48	48	20	51	96	92	58	56	42	12	58	55	33	70	69	17	83	79	80	14	90	42	13	91	63	31	28	73	34	81	92	40	87	24	35	50	99	83	59	29	52	50	37	32	51	59	42	47	55	28	100	20	59	66	53	77	56	93	17	45	48	36	15	48	41	12	99	39	37	21	91	84	46	62	80	74	49	52	82	81	97	89	53	66	61	19	72	21	35	55	13	61	22	17	64	59	84	69	84	95	25	37	70	54	79	71	51	70	28	32	16	59	74	15	26	18	37	73	17	37	19	81	81	74	21	79	49	74	46	83	36	87	23	22	58	40	55	32	39	36	74	14	39	22	76	93	92	47	82	34	39	77	10	65	43
46	35	77	62	97	29	77	73	46	17	50	47	90	27	34	62	93	55	68	34	23	27	82	30	79	83	39	11	86	27	69	62	60	20	21	88	37	64	35	16	89	90	36	70	48	79	33	37	82	22	14	47	21	92	73	61	74	39	24	96	88	89	12	77	22	58	19	68	79	55	53	25	51	12	22	68	45	61	61	85	100	66	36	17	94	90	45	15	91	34	95	96	58	69	99	79	87	73	51	53	76	37	12	19	46	45	73	49	84	13	94	63	76	72	83	96	71	31	14	93	73	91	30	52	82	95	29	62	79	27	66	36	16	39	57	74	92	43	43	17	89	40	64	34	30	18	56	30	43	59	32	12	27	49	97	19	79	37	27	89	71	49	66	45	47	84	24	80	42	19	57	65	58	21	13	61	65	36	47	17	64	57	39	23	36	89	95	53	72	96	39	99	20	99	46	90	71	55	33	13
82	80	61	59	33	80	11	48	42	42	19	97	94	25	84	25	42	91	97	49	20	94	75	81	15	92	23	95	48	70	87	38	47	83	57	97	57	40	14	78	28	43	82	15	41	73	85	65	76	17	63	19	90	45	15	52	22	29	36	31	29	64	14	30	82	53	81	35	14	54	14	63	46	37	30	18	20	30	66	37	61	47	29	11	91	91	96	27	61	88	31	22	67	84	88	19	78	74	54	72	29	27	37	96	85	32	34	82	18	48	69	99	41	61	73	66	46	48	39	74	42	79	35	68	87	33	59	74	51	41	70	57	42	54	59	81	24	100	36	73	73	66	26	30	87	25	99	89	86	88	53	38	69	59	20	62	12	67	81	44	100	26	55	12	32	31	39	89	80	40	63	24	59	83	79	11	66	36	12	92	41	97	71	57	13	59	29	98	95	24	43	77	72	14	92	21	46	52	56	27
20	92	59	34	53	52	64	59	56	90	77	50	28	63	97	26	85	48	14	81	95	99	90	17	18	68	70	94	51	39	18	75	17	87	64	82	33	14	86	93	36	14	40	54	93	41	36	32	56	86	25	73	83	30	73	43	72	72	81	92	11	35	68	89	17	48	90	91	85	69	40	55	61	92	19	21	45	61	48	46	17	22	38	85	54	52	42	42	93	16	81	78	24	76	25	54	40	72	34	19	69	86	72	45	62	42	59	42	65	87	91	22	14	41	99	17	44	70	12	51	23	21	67	30	13	28	39	10	16	16	29	18	36	66	97	86	84	95	24	91	12	57	85	68	82	93	80	49	43	76	22	84	61	14	98	94	59	20	93	59	23	83	41	29	20	14	96	79	31	97	96	34	58	31	84	30	57	21	53	16	33	55	38	85	31	59	20	38	47	17	78	70	65	17	82	26	61	55	16	21
62	22	91	34	71	74	92	36	41	19	52	91	54	53	96	53	48	33	81	97	41	49	88	50	58	14	87	41	69	80	46	82	99	48	29	48	28	56	27	16	48	45	98	18	12	91	79	14	41	64	75	26	96	29	15	37	21	47	67	33	16	89	17	55	35	82	74	27	78	22	11	54	39	76	86	18	83	16	28	50	95	90	36	34	42	19	72	35	39	98	76	97	42	95	67	68	51	54	24	11	68	42	72	36	39	94	30	72	41	61	44	27	56	39	47	14	45	78	54	12	36	54	96	66	45	87	96	80	33	35	23	40	65	69	22	97	14	42	82	39	49	31	90	61	28	89	96	32	43	36	89	97	24	77	56	74	54	92	57	58	87	89	29	25	26	61	65	79	99	91	83	39	32	18	95	63	16	93	11	61	70	95	74	93	21	33	20	19	43	28	70	67	83	90	86	62	66	93	77	54
64	39	90	47	10	98	18	20	82	81	21	73	98	34	76	70	27	57	71	97	45	32	46	34	12	93	79	90	87	10	92	70	95	95	18	84	10	67	41	19	27	40	38	45	33	78	33	38	90	14	79	92	15	46	91	20	99	65	69	37	87	50	38	27	79	52	27	97	72	98	42	47	76	81	99	25	94	47	51	76	34	10	40	66	51	20	12	46	31	70	89	76	81	65	12	11	33	42	99	62	49	99	86	93	60	38	86	89	50	35	29	63	83	89	90	18	70	37	31	16	91	25	21	16	63	20	75	51	38	21	43	87	46	52	11	61	49	79	44	46	96	13	78	30	14	50	61	68	29	85	80	93	31	25	45	89	78	17	84	91	22	63	71	25	75	57	66	47	30	20	96	36	37	91	48	46	67	93	81	31	26	28	33	91	78	43	37	54	78	95	96	25	58	84	56	45	27	49	44	19
85	96	40	39	84	20	97	19	73	59	79	60	63	38	82	89	89	95	17	58	86	96	38	89	85	79	42	24	16	50	82	34	33	17	73	100	17	67	70	21	61	71	87	13	25	71	21	28	18	31	82	12	18	28	85	28	91	39	93	69	15	78	95	60	48	53	35	38	81	34	62	62	24	56	26	48	98	83	30	70	47	17	25	80	90	87	85	23	89	29	26	13	25	70	79	53	17	83	58	14	31	22	93	95	60	30	36	33	73	30	94	79	27	51	60	87	79	66	12	39	72	23	66	10	50	48	50	78	38	44	24	58	13	48	73	95	32	87	43	38	13	89	93	93	14	16	41	86	55	52	27	70	29	49	88	60	55	97	77	78	61	48	67	87	19	24	73	42	72	98	50	54	62	18	59	96	23	42	50	21	30	11	92	55	25	89	24	72	90	36	21	82	19	57	71	61	39	70	96	30
51	44	81	48	30	100	86	14	72	47	51	88	32	17	28	70	86	91	60	27	39	87	22	37	14	33	68	41	80	79	77	87	52	81	52	57	37	47	54	16	65	28	64	31	77	25	52	30	80	40	60	52	19	95	11	62	98	70	13	64	87	92	85	68	14	73	84	28	59	87	61	26	92	68	32	52	35	48	48	89	21	60	17	47	70	27	86	39	46	53	74	13	94	70	86	62	66	43	12	86	64	80	68	85	65	70	97	47	20	28	95	97	53	23	93	13	94	10	43	11	89	26	25	17	75	33	49	56	29	56	47	39	39	55	38	23	62	73	25	45	91	44	90	78	55	25	96	94	44	61	43	79	94	96	82	77	50	30	31	72	26	39	69	26	79	54	55	93	46	97	41	15	36	20	18	94	35	23	11	79	71	80	28	95	37	73	96	43	86	66	56	55	80	88	16	14	33	69	59	48
69	20	23	32	87	55	91	52	53	59	17	72	13	62	94	55	87	70	10	96	77	88	40	94	72	78	12	60	62	26	76	39	42	73	94	96	77	41	71	80	15	68	28	28	37	90	29	17	97	23	86	14	35	76	76	49	41	78	13	27	87	85	52	27	44	70	34	18	62	45	66	78	49	50	36	11	24	45	73	17	12	21	57	80	97	13	32	100	98	78	39	65	80	12	13	64	99	43	15	98	20	89	51	49	19	29	99	18	25	57	18	16	51	72	71	33	96	72	60	89	57	29	31	97	49	19	26	25	13	66	78	67	56	34	84	48	82	95	66	78	20	77	50	80	99	25	35	25	52	84	66	39	92	61	19	46	95	33	47	78	61	71	42	42	65	36	90	11	63	42	20	91	81	90	38	42	44	82	46	34	34	57	88	81	89	25	43	12	83	67	99	34	25	60	61	68	69	62	53	20
36	79	27	49	93	69	13	82	19	64	16	41	63	19	74	63	78	18	54	75	36	87	25	14	57	49	76	72	58	95	80	15	42	77	84	90	83	58	77	87	48	44	57	80	16	15	49	51	29	12	64	41	26	75	31	28	16	37	37	86	60	81	63	16	71	36	63	82	55	80	28	51	76	31	21	82	26	74	51	88	13	33	72	57	12	65	20	11	18	96	38	86	52	79	64	56	49	26	20	69	64	82	36	11	43	45	29	55	49	78	17	75	37	31	67	100	56	69	66	95	78	12	97	37	42	95	22	61	95	14	17	90	52	33	42	76	13	99	90	60	88	53	80	73	82	60	52	62	69	52	11	51	94	47	99	49	93	58	67	29	25	85	26	25	77	38	78	38	40	83	22	22	21	74	24	62	49	96	18	86	95	19	12	65	54	74	64	21	48	65	54	11	82	60	21	54	18	11	61	84
wj																																																																																																																																																																																																							
90	33	16	83	79	88	5	76	51	11	35	2	55	70	47	47	26	57	99	61	35	25	33	95	98	81	12	93	70	82	77	18	45	74	8	68	4	82	86	2	18	28	35	55	5	50	52	50	21	94	60	18	70	95	65	91	84	59	18	100	79	40	31	14	52	5	39	97	98	96	56	41	67	18	2	32	11	29	35	13	2	96	58	90	51	34	4	98	98	27	81	24	36	88	79	6	15	30	55	76	82	99	90	19	19	30	40	43	86	43	63	5	20	20	35	7	42	38	7	20	63	6	48	3	64	76	9	4	6	67	36	85	67	41	23	37	7	41	95	95	99	60	47	56	21	63	16	69	17	63	100	71	53	20	61	21	27	61	10	76	53	92	19	83	82	37	33	28	71	64	29	48	100	74	10	43	81	70	76	20	13	82	100	51	71	29	20	10	58	68	24	38	82	71	54	27	99	12	84	73
