pij																																																																																																																																																																																																																																																																																																																																																																																																																																																																																																																			
74	39	69	83	19	86	33	66	92	40	31	38	82	19	19	89	13	88	27	44	66	83	54	59	53	59	12	75	17	46	78	99	54	11	80	15	67	88	85	40	96	22	34	94	75	88	99	42	49	47	45	13	79	38	56	94	92	24	32	80	57	70	49	51	26	99	14	29	48	15	76	61	12	81	82	46	17	51	26	61	89	92	48	37	26	35	15	72	77	82	72	26	40	74	86	75	56	56	79	30	55	78	45	86	66	75	50	84	16	20	58	72	49	38	25	51	65	85	60	84	18	95	20	24	59	42	52	91	36	40	15	23	61	56	83	41	43	57	15	29	18	79	14	94	37	81	95	67	97	80	68	18	72	40	45	76	94	76	93	16	12	19	98	29	42	11	29	86	97	28	31	56	67	93	48	62	16	47	75	36	82	89	43	48	36	61	63	10	67	73	13	71	20	74	75	34	76	55	25	41	33	19	20	61	73	90	18	35	86	91	59	35	25	33	50	92	98	88	77	18	83	34	88	98	37	38	56	85	98	47	99	78	43	42	87	57	40	55	67	29	46	33	70	98	77	13	67	14	87	14	87	18	45	27	82	59	88	81	19	82	82	100	35	75	91	28	25	33	59	78	52	47	29	60	13	71	44	28	32	30	98	30	99	17	96	81	79	61	73	29	37	17	45	60	94	62	93	75	37	35	75	50	83	44	19	55	47	66	49	58	48	87	52	18	48	44	53	45	75	99	66	20	28	48	10	64	51	98	82	71	41	22	74	82	48	81	38	64	42	32	83	50	27	12	44	81	28	13	61	43	22	47	52	10	99	67	65	82	68	36	36	16	63	69	48	46	25	55	87	22	21	36	35	47	40	24	17	11	44	59	31	70	36	46	52	42	25	82	17	20	49	66	67	97	44	42	25	43	72	49	62	12	15	92	88	58	84	50	29	46	67	73	95	60	17	30	16	33	99	36	65	84	22	62	90	69	35	99	19	30	30	11	43	70	64	83	12	41	83	61	17	91	64	86	72	51	94	44	31	33	78	27	89	87	44	63	35	71	12	98	96	77	23	95	18	40	55	24	62	55	66	91	42	45	36	100	49	29	16	56	95	37	96	52	81	61	89	64	82	15	32	44	79	37	22	24	37	91	33	83
25	28	81	68	26	66	26	94	22	66	90	23	33	85	65	60	64	77	94	87	71	48	43	98	17	47	44	19	92	28	78	84	40	88	52	83	79	43	27	31	30	72	36	80	61	60	85	39	95	35	41	38	53	57	67	51	40	35	17	29	35	80	69	97	79	43	92	32	78	21	25	41	40	81	99	19	52	67	20	60	58	12	95	60	11	33	29	39	36	52	34	96	49	66	82	56	22	31	96	77	40	48	70	16	24	39	73	72	73	17	99	96	71	84	36	26	57	70	12	70	62	42	16	68	13	42	20	97	73	77	99	48	89	74	37	32	94	93	33	87	73	19	27	100	92	95	42	20	34	33	21	13	74	74	55	47	49	24	46	77	53	65	22	100	49	60	82	52	32	54	48	36	64	75	41	27	93	62	15	30	58	46	62	42	44	40	56	95	64	66	93	89	40	42	48	89	94	75	33	89	69	42	17	21	77	97	12	10	12	79	20	32	73	29	14	95	53	72	59	69	95	78	80	64	87	54	90	52	13	14	85	92	33	30	17	65	77	40	95	59	84	53	92	19	27	18	89	58	89	85	25	72	61	82	68	21	15	61	38	87	89	90	41	59	81	77	57	62	12	18	98	35	67	17	32	50	58	96	14	81	79	93	72	17	38	50	71	85	53	26	35	32	97	83	27	93	74	27	22	60	24	88	82	51	96	62	19	67	53	87	100	71	97	60	41	33	13	63	54	94	86	82	73	89	26	23	46	91	70	45	99	45	74	58	87	25	15	23	23	32	84	58	42	87	100	55	43	25	67	92	71	91	99	60	33	57	44	56	82	77	78	77	48	80	83	41	73	16	79	92	72	17	76	21	45	30	50	11	86	18	88	49	19	94	89	18	73	13	72	71	38	36	72	29	77	40	66	84	72	33	36	83	51	11	90	81	49	80	22	63	96	45	46	93	70	83	60	40	83	53	95	17	30	52	64	73	48	42	68	73	55	62	97	26	82	33	71	91	93	52	25	95	62	55	67	35	37	60	100	19	29	76	57	64	25	81	18	80	40	59	79	99	41	16	67	54	92	68	27	67	54	60	84	97	73	55	55	81	65	96	68	45	39	18	81	65	17	94	19	19	96	16	36	93	12	58	83	55	20	76
69	56	67	75	51	49	74	58	60	98	82	41	20	87	60	77	44	87	100	82	43	78	94	39	51	17	26	70	73	61	48	21	40	65	78	36	93	61	60	66	47	30	87	35	44	38	91	51	80	100	63	25	57	79	100	67	73	42	43	34	79	100	23	19	96	78	12	24	76	61	17	23	94	91	50	71	48	94	41	94	29	12	58	86	83	15	100	91	50	61	81	62	88	84	71	48	69	35	20	40	69	40	51	48	70	14	50	49	68	90	81	95	54	85	51	22	94	60	68	85	71	63	61	11	71	35	36	62	54	46	41	88	88	44	51	33	42	66	35	25	96	46	39	77	20	40	34	70	64	33	93	93	33	30	97	67	69	55	36	45	50	52	76	72	13	33	41	89	30	25	48	35	82	32	38	95	72	73	25	51	12	13	52	80	18	83	41	37	47	25	43	15	82	33	59	65	40	41	80	98	79	28	87	88	89	17	87	91	95	42	88	71	71	12	72	60	66	77	49	85	36	18	84	36	66	35	63	60	96	39	74	40	11	92	97	24	97	89	11	37	24	69	30	23	93	33	65	20	59	67	15	34	14	96	84	35	80	42	82	22	36	19	50	49	41	98	27	49	76	98	31	42	95	55	98	39	42	55	81	23	71	48	26	40	50	24	38	60	62	86	58	78	64	94	24	97	19	45	65	25	65	35	93	63	50	58	60	39	10	93	13	39	97	97	83	43	76	83	56	47	83	48	18	72	37	77	15	88	83	57	13	65	89	38	74	55	69	69	16	43	84	32	52	94	96	23	62	94	53	75	25	42	22	13	26	76	92	58	11	64	90	61	42	87	88	37	68	67	91	64	29	57	34	79	66	45	78	15	56	63	86	42	51	17	27	96	68	18	82	73	72	49	16	15	75	67	41	35	65	94	69	62	82	58	42	93	26	85	53	87	48	25	55	100	36	70	71	41	40	43	58	70	49	85	96	16	76	97	76	34	75	44	48	13	14	82	84	29	81	90	17	97	24	12	26	54	61	97	36	96	66	94	57	57	20	34	28	52	86	96	39	67	68	88	64	42	88	86	13	46	52	12	96	15	52	70	49	85	72	16	43	89	29	13	93	47	71	16	46	39	29	56	86	38	97	24	44	55	75	85
90	25	80	45	95	97	60	43	67	77	63	19	87	62	49	63	89	90	99	49	42	45	56	97	87	30	67	25	41	64	12	13	56	84	61	45	45	49	86	70	90	22	47	62	95	24	17	83	97	82	82	73	23	91	83	15	54	80	60	24	43	11	49	53	80	37	55	93	76	57	90	19	71	35	16	34	58	89	55	44	47	35	90	15	58	96	36	40	43	49	18	96	91	95	92	59	25	95	83	90	18	53	79	75	61	90	83	21	45	14	58	84	22	57	12	82	14	86	99	68	57	61	85	85	92	80	48	33	80	41	43	37	55	46	100	23	94	79	81	97	26	80	52	26	77	48	69	80	80	41	21	15	32	49	98	93	47	90	20	82	20	75	60	34	26	85	56	14	69	69	67	61	62	67	70	95	68	57	49	42	99	35	72	70	53	38	64	97	82	29	41	55	68	79	69	70	39	21	81	43	85	31	82	40	70	22	75	86	96	20	29	29	59	81	29	73	89	15	15	59	25	98	44	92	41	75	52	36	88	48	45	52	61	11	37	67	87	80	54	55	89	78	73	38	65	37	90	68	19	46	32	57	63	58	10	51	89	22	39	17	14	69	44	26	49	72	51	96	67	64	65	12	96	79	92	91	36	24	59	41	28	90	91	90	58	42	43	56	37	16	79	82	68	21	46	67	15	39	75	16	66	28	17	56	48	29	71	36	33	39	51	25	74	12	35	18	69	20	18	32	36	27	91	64	76	80	55	85	92	48	41	59	90	43	69	84	13	30	23	49	45	22	93	81	93	19	16	68	36	60	84	49	53	62	74	33	79	34	41	98	35	58	55	99	84	20	34	74	78	11	27	65	80	75	62	75	38	32	40	79	89	100	14	92	67	78	93	73	67	43	18	78	40	85	19	43	17	94	50	44	94	11	52	30	33	84	54	85	22	84	87	59	57	37	74	76	14	86	61	13	77	45	24	71	62	55	33	15	89	13	55	48	18	12	96	95	84	11	38	89	94	49	68	84	81	63	65	82	84	81	28	15	65	89	17	70	60	33	68	76	80	66	46	78	99	89	48	96	16	52	41	30	38	25	87	77	18	11	64	49	63	46	25	79	60	55	21	59	76	80	46	32	52	64	92	55	28	59	11	30
71	82	82	83	29	52	31	42	18	16	99	21	54	80	56	37	84	42	46	23	63	81	53	79	70	84	47	18	92	61	98	75	27	11	82	28	62	83	75	41	59	39	59	71	99	23	50	47	77	93	14	59	80	61	21	29	95	89	63	65	89	70	72	70	96	71	99	54	42	55	36	63	18	29	49	57	94	85	81	74	78	66	63	82	54	90	71	52	51	86	45	45	56	43	46	27	73	72	38	16	71	92	23	29	56	69	86	19	36	77	62	74	62	42	49	77	59	62	40	66	74	35	29	12	21	89	14	98	31	19	15	43	62	99	63	20	45	97	72	21	63	65	85	15	43	13	57	24	39	74	79	46	31	43	96	16	37	61	20	14	46	38	28	85	34	16	52	68	97	32	48	13	80	27	68	13	21	30	47	48	87	29	41	20	22	13	74	70	62	63	80	86	19	63	58	90	36	59	83	23	92	39	79	57	52	60	88	80	14	77	98	98	94	13	24	80	62	22	34	34	40	71	56	32	78	42	22	44	82	67	16	56	66	36	66	25	49	85	85	14	81	81	11	17	16	34	24	73	56	75	86	33	89	80	81	23	47	98	23	64	64	28	35	75	99	63	48	48	70	42	99	12	52	68	83	95	87	38	77	94	73	17	95	37	93	29	62	54	39	17	53	48	46	62	13	76	44	56	28	65	77	87	15	59	53	74	50	69	73	68	12	81	24	26	25	97	13	93	32	44	87	76	96	69	94	50	68	62	13	11	19	47	77	100	13	82	50	90	68	35	91	59	48	48	61	18	93	100	11	69	75	51	60	23	48	14	87	68	78	39	89	84	38	45	33	77	88	78	63	67	37	39	94	71	84	93	86	25	83	10	30	97	91	23	35	31	24	18	39	76	25	12	63	15	98	24	67	99	30	28	64	62	91	49	42	56	18	20	23	27	26	64	30	54	52	91	16	52	12	80	27	28	36	73	60	58	51	89	48	32	44	42	91	28	55	18	40	94	38	40	93	94	83	64	12	38	28	45	39	40	29	64	58	30	63	56	62	64	96	97	92	56	46	78	26	38	23	11	28	29	47	39	87	41	86	59	83	11	47	61	55	73	26	48	89	45	99	64	54	12	49	75	96	81	89	34	67	48	54	11
53	79	96	28	87	89	25	55	95	65	13	43	49	18	98	94	41	24	96	70	75	12	57	29	80	37	49	18	78	81	65	80	61	22	70	59	18	90	42	15	71	70	10	50	68	69	32	90	34	48	29	26	21	100	23	24	29	42	36	84	86	78	39	78	26	31	24	21	58	24	50	82	72	85	59	90	90	77	56	42	95	71	42	11	82	74	12	25	99	45	76	83	87	47	32	74	87	33	73	58	31	51	64	82	45	51	73	11	97	67	55	24	60	76	93	16	49	91	60	46	39	72	25	37	90	35	29	19	32	23	87	68	87	24	24	90	22	52	92	86	34	98	57	94	91	92	99	12	25	66	40	31	26	33	66	81	17	14	33	42	14	71	11	78	29	19	62	48	34	22	92	11	76	35	31	91	28	66	14	44	82	37	35	74	72	91	39	29	45	44	67	71	98	87	23	65	91	78	56	81	19	79	47	16	66	93	88	88	99	12	92	50	96	67	36	93	96	56	58	94	39	25	80	70	50	93	99	62	51	48	71	96	19	15	92	81	50	82	81	14	81	27	15	58	33	39	99	63	49	84	50	44	42	46	70	97	31	52	17	67	95	43	97	51	85	38	82	39	93	67	20	26	34	96	65	82	53	54	71	59	80	33	69	99	24	38	11	74	84	47	56	22	31	62	52	58	79	42	52	75	17	60	49	79	63	27	88	70	82	96	71	100	69	89	90	84	87	32	45	31	64	42	20	34	46	50	87	46	80	25	72	63	91	83	95	88	36	35	48	14	27	81	15	32	16	33	97	81	42	24	22	41	75	98	90	60	92	55	22	85	83	16	37	89	89	31	72	98	60	65	99	77	48	32	60	82	11	55	91	91	64	28	19	51	24	31	32	50	87	28	71	68	23	44	23	43	10	34	97	69	19	67	69	63	90	14	14	95	30	34	84	55	12	75	70	15	81	34	30	91	84	28	66	20	51	95	82	81	91	75	20	39	27	57	31	86	29	100	69	67	38	75	18	91	79	46	87	69	76	47	83	77	42	93	33	53	33	33	18	35	35	50	62	80	96	55	43	93	90	46	79	37	12	27	74	61	57	83	53	57	89	37	21	50	52	57	72	73	77	68	43	49	47	13	33	54	20	11	78	47
61	56	56	99	44	62	21	14	42	13	15	59	29	97	89	52	60	40	80	56	47	79	72	38	26	30	43	62	63	83	11	25	20	46	96	89	50	18	11	61	26	76	73	65	35	92	68	95	84	60	43	88	41	92	93	21	49	32	48	69	52	52	54	30	18	77	60	48	75	93	14	85	87	65	87	34	66	24	53	24	19	12	45	38	26	40	38	77	91	89	76	30	54	11	93	58	32	89	74	56	16	83	90	30	31	74	18	63	19	77	17	73	50	72	20	60	97	69	75	93	88	35	29	36	17	83	70	44	57	65	97	95	39	75	59	79	83	13	97	12	69	46	74	31	94	69	86	22	65	33	82	65	81	49	22	85	30	20	95	79	36	79	33	61	24	88	41	68	95	66	34	42	45	85	41	15	90	78	51	77	40	12	48	93	17	12	49	25	54	31	88	13	90	89	38	51	13	18	44	26	53	79	55	26	56	25	11	87	41	99	61	65	58	25	93	52	43	60	70	14	24	17	79	17	82	80	61	85	86	61	93	79	92	12	10	59	40	20	88	98	96	97	69	11	34	29	98	77	55	53	32	33	73	68	22	29	99	34	28	45	62	30	98	35	31	64	85	56	39	53	90	51	31	53	60	37	19	37	19	14	39	46	53	77	67	92	75	97	38	55	14	87	64	27	71	47	17	40	43	59	54	72	93	75	59	82	58	85	93	92	20	22	65	43	61	83	30	27	17	61	38	73	54	53	59	40	98	34	84	81	61	46	40	14	15	19	91	53	22	47	36	28	66	90	41	52	68	23	100	28	69	10	35	28	22	47	82	84	90	58	27	88	59	26	85	53	20	40	41	41	94	62	17	43	43	91	19	90	88	53	84	95	82	52	78	84	58	74	97	67	84	30	66	76	91	97	25	58	81	99	62	62	31	29	17	62	42	15	35	99	20	71	15	19	68	12	37	91	19	36	50	73	24	59	36	98	59	93	81	26	45	81	70	51	18	33	24	21	60	53	94	43	77	47	18	79	40	55	34	44	77	99	83	71	87	88	18	54	25	77	77	78	94	83	77	93	54	33	57	96	46	92	89	31	90	57	26	32	32	99	46	48	28	62	50	91	26	21	72	98	92	55	57	87	39	52	56	80	56	14
70	98	65	34	48	42	36	74	97	26	56	13	91	51	93	46	50	75	48	26	38	28	40	79	73	23	33	29	35	32	80	71	37	51	59	26	97	57	50	49	31	39	13	16	65	95	17	48	61	37	87	43	26	26	54	75	61	13	87	87	90	50	93	33	50	16	89	75	33	72	14	57	19	51	15	47	52	45	56	57	52	15	20	40	30	50	11	30	89	33	100	67	55	95	35	36	28	36	70	67	39	28	50	10	80	26	86	16	91	20	53	68	56	25	59	47	92	73	54	15	96	39	89	33	46	93	45	76	96	11	48	49	21	58	14	92	12	89	34	49	96	45	96	18	100	14	13	48	52	21	69	57	88	77	56	72	65	73	33	34	53	58	52	77	45	34	65	83	67	27	77	81	35	23	47	17	39	48	84	93	28	69	40	17	35	35	22	94	18	66	73	56	68	15	27	38	50	51	99	64	90	27	58	35	53	81	18	53	64	26	82	12	65	96	47	79	89	56	59	25	18	27	97	86	55	22	31	50	39	17	85	29	66	13	44	13	57	90	42	22	59	76	22	54	75	73	66	79	39	58	42	94	15	53	64	60	64	74	39	85	49	17	30	72	32	17	34	21	21	67	24	61	26	74	56	94	69	28	68	91	41	26	60	58	29	69	11	67	16	15	31	85	88	50	74	68	90	99	66	18	32	99	45	10	98	64	54	37	76	95	60	43	19	89	91	61	16	46	64	97	12	61	56	11	40	97	69	54	55	44	93	89	38	36	39	83	87	46	11	53	23	20	23	81	30	40	54	80	26	50	84	83	71	98	95	42	99	44	16	84	92	43	89	49	54	13	19	17	18	99	63	90	33	11	83	60	91	79	65	60	36	49	100	66	81	53	95	87	17	31	54	73	78	38	47	23	35	41	65	30	98	52	20	53	12	20	91	60	73	21	78	82	46	61	86	75	51	73	82	80	65	36	27	88	31	99	34	90	96	87	84	37	87	40	59	40	34	98	28	67	21	21	19	75	93	86	47	73	49	77	79	26	50	92	15	53	76	57	45	98	27	63	33	75	63	53	13	89	21	17	66	95	53	18	55	87	30	71	82	30	30	35	55	29	61	43	72	85	74	56	65	62	93	88	99	39	77	19	84	95
80	80	88	90	66	90	40	34	85	84	91	56	35	84	75	79	15	50	24	24	84	41	87	35	33	35	29	75	45	52	90	65	95	17	96	46	59	44	17	48	83	57	65	90	39	74	35	48	27	11	43	85	60	11	52	69	45	45	11	59	16	48	41	10	59	87	94	59	33	31	84	25	54	21	84	85	44	57	90	88	94	55	58	17	89	71	48	57	80	26	97	14	48	27	83	61	71	53	77	27	98	29	62	17	74	55	35	37	69	64	10	57	24	13	60	72	54	83	77	72	52	74	78	27	55	45	66	22	25	94	18	44	33	75	84	35	71	54	72	90	12	32	95	69	69	95	100	66	17	49	15	34	11	58	79	39	92	87	15	82	81	71	96	49	53	92	84	30	91	27	81	22	41	32	60	97	55	86	68	72	30	89	71	64	15	22	92	68	50	28	41	51	41	44	25	56	90	43	97	41	92	66	52	56	70	96	29	70	43	89	22	81	18	97	54	51	38	65	93	70	42	80	30	63	87	79	64	86	21	95	99	94	15	75	90	28	60	76	77	98	24	73	94	89	18	89	44	93	42	11	57	82	79	93	66	81	37	24	34	71	82	97	54	59	23	43	96	52	50	78	97	49	92	21	19	15	93	20	89	54	91	20	92	71	89	51	75	55	56	72	30	26	58	72	99	88	34	82	97	68	69	33	43	25	41	92	68	47	20	60	98	58	71	94	53	53	48	70	13	70	47	74	84	35	79	96	86	90	45	63	99	23	65	50	49	14	45	52	89	41	47	84	56	70	59	87	100	30	61	11	77	28	91	62	49	36	10	52	47	22	24	84	68	73	22	20	14	64	75	97	55	22	65	53	54	37	34	21	49	14	39	18	80	100	18	26	67	77	40	32	66	34	22	40	50	16	39	32	75	29	20	74	80	56	94	99	34	71	66	61	45	98	41	54	87	52	15	79	76	22	32	33	13	17	22	36	97	19	40	71	46	26	42	36	86	19	86	19	13	72	42	50	22	93	13	70	37	95	82	81	24	61	17	66	55	11	65	46	84	45	78	33	14	26	19	59	12	94	79	78	74	55	54	62	81	66	33	92	80	51	21	95	17	76	25	23	81	93	42	92	81	62	71	40	72	17	68	15	13	99
24	25	22	65	83	71	23	95	44	70	64	88	36	82	35	38	79	71	64	21	58	81	94	76	29	71	78	84	56	74	34	73	10	14	85	63	92	50	32	25	93	48	90	51	40	74	30	77	41	97	97	69	82	74	68	20	57	81	57	78	56	55	39	68	30	46	36	46	19	72	78	26	89	64	69	39	90	85	28	18	93	40	78	28	81	55	29	52	14	34	56	68	18	77	95	40	98	78	68	52	35	30	88	15	22	70	28	41	39	60	49	46	12	19	35	27	79	57	83	80	12	23	80	54	73	69	62	34	26	12	98	94	79	23	50	53	72	100	66	87	31	11	60	62	25	13	30	50	14	15	83	64	63	68	26	64	64	39	77	16	72	76	22	38	60	94	13	99	89	12	33	55	87	47	17	87	55	45	49	98	92	69	14	44	17	45	25	67	88	35	68	81	43	95	73	12	81	56	17	66	74	23	41	59	16	27	24	39	96	21	22	12	58	67	45	34	85	83	60	39	91	47	20	98	34	52	61	13	13	82	70	26	62	54	27	96	81	16	68	91	64	87	16	95	22	80	24	95	56	76	84	83	83	43	53	28	27	40	46	81	90	27	92	11	35	90	87	30	49	59	91	84	20	15	82	36	40	94	93	54	55	28	88	93	62	77	86	37	30	30	64	39	99	60	45	78	22	74	73	63	15	84	63	66	34	15	45	41	56	29	17	79	80	51	76	52	56	57	21	59	35	87	33	36	40	44	88	63	74	93	71	22	78	68	39	59	20	92	84	44	29	37	71	27	73	96	86	35	27	73	55	94	68	18	90	39	75	24	83	40	46	58	72	32	76	41	96	12	85	22	26	48	42	57	86	76	62	67	99	58	52	28	86	27	38	14	80	20	35	97	67	96	81	86	39	37	11	94	66	38	19	86	62	48	54	44	35	28	26	32	17	56	98	71	40	91	87	40	79	17	22	82	81	27	86	54	45	42	13	40	61	41	82	66	34	53	74	64	15	67	73	40	98	85	84	43	51	80	80	36	65	64	45	80	47	13	26	30	93	70	32	39	59	59	20	93	90	11	59	36	21	28	12	74	19	16	51	58	37	28	18	30	52	57	56	45	72	35	97	11	34	29	22	94	63	58	34	39	45	17
38	84	88	68	94	98	41	28	47	98	78	60	21	19	69	11	55	33	59	54	77	39	26	56	67	34	88	32	25	70	54	96	23	65	97	24	60	55	15	85	17	88	14	76	69	80	50	44	53	38	37	70	78	57	100	85	63	81	29	69	74	26	33	12	74	55	38	74	29	23	36	78	25	33	26	72	10	26	27	30	91	98	53	33	99	51	41	25	12	13	85	25	59	91	61	27	57	53	77	68	99	59	67	69	34	88	88	54	21	50	59	97	54	53	64	27	23	97	79	22	97	90	18	31	13	81	15	49	74	52	33	86	88	54	90	14	59	20	41	26	70	40	58	87	100	47	12	25	63	92	48	57	80	17	58	74	36	85	34	33	64	82	81	73	90	89	65	48	74	79	27	10	67	35	88	23	57	57	96	73	22	19	88	87	79	50	78	80	53	17	20	23	58	53	19	67	93	94	73	72	33	41	45	85	83	45	16	21	71	53	65	82	97	27	11	78	75	37	52	27	68	21	65	14	96	56	56	26	23	22	96	45	71	41	56	66	27	80	29	78	77	74	80	17	62	34	78	56	92	83	69	80	83	43	86	89	70	44	20	95	72	66	26	16	95	74	35	44	10	82	20	32	29	93	33	18	92	33	83	70	21	70	71	72	13	92	13	35	81	76	88	50	71	15	29	75	29	94	54	66	72	46	96	65	93	96	10	88	52	47	16	32	25	29	13	27	31	90	34	45	50	36	56	88	92	74	66	89	32	20	50	44	16	45	79	90	35	65	15	11	66	67	88	79	82	56	32	54	83	55	72	40	43	84	44	70	17	24	98	86	52	98	54	12	67	41	79	50	83	43	93	18	84	89	27	70	90	81	61	30	61	49	75	78	78	46	34	88	85	65	66	62	86	82	11	44	35	11	78	40	79	69	60	59	83	76	58	68	66	69	53	14	76	55	65	16	94	29	52	89	31	98	82	83	57	31	68	59	42	63	78	85	74	52	40	91	21	73	66	70	36	58	57	85	42	87	36	85	20	58	94	38	93	31	43	98	39	73	36	27	41	30	31	99	73	52	19	81	44	56	63	26	66	18	93	84	69	100	17	36	49	96	34	88	51	40	81	21	99	32	44	84	79	84	49	63	99	28	29	66
93	97	93	34	78	28	57	39	89	37	64	17	26	70	21	25	29	35	45	37	78	64	80	97	78	74	43	98	23	27	40	32	21	29	41	14	21	11	35	70	70	83	52	65	25	37	39	49	56	63	11	65	21	95	25	10	35	95	90	55	93	35	21	87	30	49	26	34	50	48	82	77	99	56	63	60	34	41	89	11	69	69	20	68	48	56	47	13	97	54	68	12	87	79	37	12	98	36	80	36	89	71	99	50	94	39	47	55	48	44	35	78	27	61	80	76	61	91	59	95	95	25	78	43	68	46	51	79	38	58	57	78	23	92	66	65	27	65	66	42	30	14	26	88	52	16	68	69	71	22	47	32	81	53	48	16	55	59	54	88	27	78	71	15	62	30	57	35	59	97	17	67	90	42	61	83	96	71	53	93	97	11	96	29	86	86	80	22	43	95	94	49	82	99	65	25	88	19	27	93	23	38	62	81	95	42	71	63	36	36	24	35	29	12	81	92	43	70	89	92	88	89	37	72	40	68	52	23	15	20	99	25	81	21	67	74	96	96	62	56	44	29	72	85	26	64	18	77	28	99	10	89	36	18	93	80	86	34	88	46	83	13	89	74	65	13	30	21	21	43	12	65	13	76	29	20	28	44	55	73	59	93	22	89	40	48	37	61	68	34	65	74	90	55	88	69	11	16	72	35	30	68	68	34	52	70	71	77	89	77	22	91	42	49	91	44	43	14	16	42	53	99	51	34	69	71	32	82	55	10	88	62	11	43	81	67	66	95	34	15	42	92	94	72	64	20	94	94	33	40	27	78	37	57	59	31	79	87	74	55	57	99	60	84	87	36	46	85	66	70	90	63	48	74	96	82	37	19	100	40	78	30	18	84	90	38	26	97	51	69	84	59	56	96	66	86	37	82	28	77	84	89	44	14	71	51	29	52	30	16	28	82	28	80	61	39	97	35	79	71	97	91	16	33	63	47	18	41	97	44	21	32	89	18	72	61	87	80	45	15	28	77	25	80	26	77	24	87	24	73	24	22	99	31	16	28	76	19	17	32	86	58	75	33	16	28	69	99	67	97	37	44	38	84	16	45	20	60	94	97	62	76	75	30	61	70	82	46	76	60	81	78	50	80	29	70	37	66	43	52
57	42	26	55	25	65	88	16	82	68	13	65	77	96	88	84	91	68	54	51	85	66	92	21	30	87	68	71	64	68	55	88	18	81	29	81	26	62	55	76	11	60	28	72	85	73	24	77	58	48	22	83	89	22	83	89	49	74	96	69	90	80	89	84	26	36	89	35	34	36	33	63	86	92	41	42	95	25	38	17	100	61	86	64	85	84	40	52	93	14	59	100	39	12	79	85	73	71	86	39	16	56	28	53	60	94	98	19	42	77	51	23	65	20	75	97	70	67	89	35	74	71	16	10	86	20	67	43	97	36	31	54	99	23	23	58	51	70	98	89	15	74	63	42	15	99	39	88	65	23	56	29	58	14	73	53	88	80	97	56	21	27	21	88	26	47	88	49	80	13	85	13	19	33	51	88	98	19	82	45	17	42	38	70	34	12	90	87	57	80	57	25	16	53	97	96	36	10	45	65	80	64	16	20	47	91	36	35	30	28	57	60	48	95	39	29	37	28	76	31	97	41	19	37	73	44	23	87	34	32	92	73	96	90	10	29	81	16	59	81	57	25	53	56	34	93	31	11	16	31	37	63	95	52	49	89	22	70	20	41	41	49	48	13	77	39	99	43	39	58	27	40	92	66	58	97	25	86	58	14	98	10	84	27	45	45	31	29	70	82	21	43	30	94	22	85	61	90	37	82	94	24	63	48	38	84	48	36	21	98	69	52	86	42	81	67	72	79	25	13	65	72	54	78	18	96	53	27	80	49	76	63	21	17	77	78	84	33	59	54	51	20	65	27	80	51	79	93	26	48	80	67	52	44	48	52	73	21	47	49	61	75	80	20	100	59	58	95	17	100	36	23	55	32	65	57	29	43	72	97	21	93	47	94	27	12	51	33	72	83	59	49	86	23	21	54	95	82	98	71	59	69	84	59	29	34	14	47	44	41	53	18	47	42	20	45	31	27	56	44	60	98	80	90	85	86	96	25	68	10	50	30	39	65	11	80	17	30	85	20	52	47	16	21	29	73	57	71	93	87	43	47	98	74	89	97	79	64	44	36	21	97	30	83	58	18	91	88	72	91	78	90	56	88	79	34	96	46	58	42	68	12	98	83	46	70	12	58	31	79	23	92	10	80	11	21	65	56	62	25
77	34	88	22	89	34	48	34	13	42	31	40	59	13	62	89	93	82	16	88	62	32	68	98	18	57	71	77	77	89	17	13	48	67	98	76	95	62	73	15	39	14	38	12	67	48	90	24	96	14	36	86	87	76	42	35	57	30	49	48	58	44	82	47	49	32	83	91	87	40	80	58	17	55	55	27	87	49	84	83	35	83	89	69	91	89	44	58	24	73	45	26	47	68	59	42	74	21	86	77	93	34	79	79	52	13	76	25	62	84	36	84	63	35	29	77	49	15	54	33	29	21	37	92	61	34	100	55	95	82	14	52	89	29	35	80	16	13	28	20	81	42	92	39	34	25	66	10	67	26	98	51	31	92	77	86	32	17	70	34	95	58	28	95	86	14	83	95	21	65	88	85	91	97	65	86	65	75	55	63	63	67	30	24	36	76	80	86	46	79	71	89	64	19	19	97	12	13	52	73	14	65	98	11	41	79	27	22	61	77	96	90	73	96	29	19	83	89	19	30	31	52	78	61	51	88	14	92	13	53	96	96	76	48	70	39	54	66	63	12	73	94	80	41	62	52	55	89	76	67	42	96	95	38	19	77	46	88	24	44	46	76	24	98	39	41	15	11	96	68	34	16	66	30	50	62	28	66	57	17	77	26	73	86	96	65	24	90	77	81	65	59	32	49	88	61	18	67	50	70	65	63	46	54	73	64	38	79	52	38	88	37	89	48	86	92	47	19	36	26	54	68	66	17	20	96	48	16	34	63	46	42	96	62	12	98	98	55	13	90	46	74	47	83	34	17	39	33	31	42	14	46	64	39	31	93	47	60	28	15	32	79	37	67	50	88	47	42	58	68	37	92	18	20	46	91	24	32	38	23	94	32	14	35	76	30	30	36	30	28	30	34	13	78	87	55	63	63	28	49	66	53	97	92	82	11	88	79	11	50	17	71	74	57	91	64	76	59	38	95	82	54	83	90	24	57	12	39	99	47	49	14	69	68	54	51	20	68	51	55	88	82	55	48	44	16	80	68	65	84	97	52	87	88	38	11	12	34	46	72	93	16	92	48	35	88	51	38	64	64	15	54	64	77	67	11	90	71	16	52	15	38	99	57	97	32	45	62	77	51	63	87	82	43	98	36	13	90	34	68
34	78	58	12	92	46	65	80	15	22	68	84	56	89	85	100	58	27	84	58	79	16	22	75	75	65	63	29	50	30	83	14	36	19	89	17	87	45	100	48	83	10	23	44	54	99	52	26	62	75	100	30	61	23	98	76	41	45	88	73	42	85	92	37	96	43	13	62	49	86	67	62	63	96	99	63	44	70	71	72	68	93	26	62	74	45	42	67	58	27	26	40	29	19	42	88	47	70	51	28	85	15	73	29	22	19	73	79	86	58	35	53	98	98	54	92	13	75	48	14	21	100	48	59	97	82	12	28	52	100	62	22	45	34	87	59	97	58	39	85	77	85	90	80	38	22	76	73	40	61	95	81	38	23	58	60	41	68	32	64	20	71	49	91	32	27	46	36	62	17	49	92	61	40	65	31	18	10	96	63	52	41	99	65	63	59	22	77	65	46	81	35	34	78	39	54	14	56	44	81	87	76	60	81	98	77	90	35	11	15	75	44	60	19	43	62	69	45	84	90	66	19	41	69	88	77	14	19	50	42	14	41	22	61	90	32	55	63	67	64	87	27	76	49	99	95	94	94	57	75	29	15	33	39	24	45	42	96	53	80	43	31	40	23	84	61	25	26	38	75	22	16	16	11	60	79	100	63	51	71	48	30	46	35	61	39	33	63	68	92	67	56	12	70	97	17	18	25	54	37	73	97	79	92	71	63	69	100	24	91	30	19	56	20	60	63	11	92	33	80	90	20	73	27	17	85	93	75	95	62	16	60	54	43	61	57	98	53	63	94	58	99	84	94	12	57	76	82	40	86	97	64	28	56	97	28	45	24	54	16	57	95	25	17	72	79	18	75	20	56	18	74	46	72	37	94	65	71	27	18	74	34	28	97	58	23	96	83	29	24	80	68	49	38	13	79	80	57	32	26	15	93	16	72	77	31	89	52	47	52	52	67	24	37	20	69	35	58	90	29	66	72	67	64	24	44	26	59	52	76	82	29	35	90	27	94	58	53	72	73	32	69	29	18	64	74	27	33	25	27	24	67	12	89	98	76	71	53	78	40	13	50	64	25	80	64	11	14	80	51	96	21	53	35	46	90	47	90	20	32	86	79	65	69	11	57	90	100	92	51	70	39	18	65	24	49	46	82	44	77
43	23	42	34	54	12	24	52	79	19	72	87	92	36	69	95	64	66	37	30	86	26	26	62	37	48	57	41	93	46	58	25	72	79	73	40	23	24	61	42	50	64	34	45	97	66	74	68	57	67	59	29	73	66	26	59	14	63	59	74	60	92	94	97	87	15	59	84	44	42	77	47	88	92	29	16	60	96	16	39	90	47	57	92	74	62	21	23	37	15	10	41	88	34	15	44	19	80	86	88	68	70	80	26	20	45	18	52	12	23	99	56	13	67	13	32	10	68	89	44	63	76	68	91	91	82	21	20	94	32	13	16	53	82	96	94	91	75	10	82	11	88	63	49	80	88	49	73	20	70	98	32	91	26	66	76	48	93	47	56	40	73	65	59	14	76	67	34	60	76	84	51	30	39	66	39	89	35	53	48	93	21	11	48	17	97	52	60	63	38	74	87	20	65	33	49	68	88	20	73	37	73	77	83	10	39	50	44	93	85	28	64	82	24	24	46	24	89	29	23	100	64	85	57	52	55	18	96	11	34	46	58	21	73	66	88	25	55	44	36	44	61	31	49	100	79	45	44	47	59	44	66	51	61	14	18	62	33	75	78	86	64	19	42	82	63	79	49	84	40	70	76	20	29	11	16	93	95	87	94	36	38	45	94	31	51	22	68	55	50	69	32	28	58	12	75	65	87	56	60	29	81	86	84	58	91	76	48	74	49	65	18	69	36	43	25	95	62	21	47	38	57	97	53	24	72	12	46	66	87	95	86	31	64	46	28	64	87	79	36	40	22	79	83	12	18	64	44	13	19	64	41	82	80	28	37	31	15	42	16	99	97	48	55	52	27	54	49	52	71	60	89	40	85	89	50	68	57	80	61	55	15	39	81	78	86	79	28	11	77	93	93	26	49	70	37	23	59	39	52	45	69	11	42	34	70	46	88	98	33	91	43	26	88	35	61	44	26	58	32	26	21	82	17	18	40	61	48	84	16	42	72	75	19	99	33	74	22	34	63	24	96	65	71	30	48	12	38	51	18	37	93	86	63	37	95	67	70	36	11	29	65	88	31	69	63	48	95	97	98	15	48	95	89	93	71	41	27	34	29	24	48	55	70	91	100	66	15	38	57	46	37	75	80	61	56	21	56	18	63
72	91	23	75	97	57	73	87	41	64	42	71	57	81	28	78	44	30	48	34	43	98	51	21	12	96	43	50	45	39	35	79	90	93	79	99	99	54	73	51	74	25	97	54	64	60	92	42	43	12	20	59	94	75	33	46	93	71	20	22	37	22	74	57	41	58	88	52	35	48	66	19	56	69	71	50	67	25	96	50	36	28	94	68	81	67	60	15	51	60	67	88	63	35	43	84	67	39	57	61	88	15	82	65	58	32	65	79	45	87	86	54	90	33	94	95	71	77	99	29	58	26	25	53	70	81	59	74	44	86	29	95	66	45	64	96	87	74	42	84	97	32	60	37	20	73	27	66	83	49	73	96	49	35	89	47	41	34	59	24	17	43	79	61	26	100	58	72	23	67	90	50	87	32	26	57	36	55	15	16	99	64	45	47	12	77	69	64	51	54	19	81	30	44	59	41	37	67	56	32	55	92	25	27	45	42	44	17	97	74	55	87	29	51	93	60	98	90	57	31	70	53	59	62	35	81	73	79	89	13	59	88	97	58	58	10	31	49	65	33	98	54	94	43	45	97	95	46	14	99	71	79	74	12	76	76	56	21	90	63	43	78	82	75	22	20	92	64	13	28	96	96	78	34	77	48	29	53	36	86	13	67	18	32	85	16	23	57	37	93	41	41	48	43	25	92	81	35	95	89	43	75	94	68	99	92	92	51	37	70	100	31	99	27	13	55	45	68	66	65	85	27	24	56	92	32	65	77	55	55	37	81	99	92	88	41	79	96	84	28	16	63	24	31	72	23	86	66	47	56	20	95	30	40	61	27	99	42	90	63	84	82	65	74	37	18	76	30	93	13	54	42	43	76	46	74	66	26	59	24	75	74	43	64	15	10	26	30	80	48	63	82	20	92	90	26	26	96	78	18	12	82	24	48	32	62	27	58	85	40	74	53	26	78	82	91	19	74	39	26	48	95	53	16	84	70	70	32	16	34	14	69	99	25	67	54	89	24	55	82	69	63	66	15	11	68	93	61	92	69	49	57	30	44	28	10	48	26	21	36	85	55	20	91	45	46	65	37	67	68	59	48	90	18	100	73	16	56	91	71	61	25	77	13	33	42	42	83	99	86	75	18	37	30	54	99	53	14	18	54
36	67	13	54	85	43	94	49	85	75	23	79	51	80	51	92	62	48	37	83	78	48	75	98	17	67	74	43	31	38	27	48	34	22	89	22	88	74	32	14	90	94	45	58	64	39	85	18	95	71	42	27	90	32	35	47	21	86	27	26	12	76	76	71	15	95	26	76	28	67	75	68	17	71	67	74	89	38	85	64	59	13	66	15	76	36	52	73	70	38	65	55	28	63	34	29	21	97	21	43	51	14	53	41	100	74	41	29	62	11	63	15	89	98	94	60	66	64	29	43	78	22	68	53	63	27	71	83	46	99	17	84	93	19	23	16	78	68	21	59	73	70	83	95	71	53	38	82	21	23	62	44	77	72	80	20	100	28	65	61	12	78	33	86	52	93	91	34	72	12	40	84	38	19	14	19	74	73	55	71	72	73	10	84	18	98	50	22	93	62	91	81	89	66	88	31	94	71	21	56	22	68	73	84	23	33	46	79	26	65	86	98	11	79	67	27	86	51	82	62	83	36	12	42	91	12	21	24	11	28	99	26	98	15	36	46	24	38	99	75	91	29	63	96	95	54	98	96	39	77	39	24	27	48	54	16	97	23	48	19	67	12	77	42	23	57	95	12	58	34	42	56	76	90	82	15	99	96	76	96	38	92	73	37	72	50	34	49	62	57	27	52	34	35	100	25	69	54	47	13	94	81	84	78	88	74	73	89	27	87	94	69	62	55	47	20	51	73	11	65	81	22	70	54	39	52	62	36	91	30	51	93	78	41	73	59	88	24	36	51	31	79	31	36	66	16	26	26	47	44	23	36	32	22	23	96	17	16	56	63	82	87	49	50	96	99	75	23	47	16	54	49	67	89	67	96	61	78	59	17	83	72	78	18	66	72	88	62	66	68	37	26	16	34	83	26	46	92	99	99	43	26	71	97	79	59	55	29	94	64	68	12	73	69	76	50	95	40	12	23	55	34	22	24	21	55	74	85	38	43	98	82	66	12	83	62	96	90	45	43	47	76	30	15	84	70	83	61	78	57	56	75	77	92	43	86	81	22	86	34	59	64	71	45	58	43	98	33	31	26	51	84	81	77	94	69	50	39	24	65	14	73	87	32	59	66	99	54	74	35	11	68	20	57	25	15	18	80	43	42
77	32	63	80	24	32	31	90	77	43	59	34	74	94	88	38	45	87	70	85	47	41	41	21	59	44	38	77	24	87	17	75	17	71	23	34	88	25	34	88	52	63	36	14	68	35	58	51	73	65	50	38	69	77	94	71	49	57	88	35	90	45	32	69	59	58	26	29	12	17	45	74	79	88	41	45	83	28	38	22	29	86	43	63	81	100	23	33	84	52	74	58	61	16	53	63	56	17	82	65	66	15	16	43	81	25	91	76	15	14	47	72	80	69	23	58	21	89	17	76	25	64	61	47	14	90	60	62	82	70	45	57	54	100	96	44	89	45	16	33	93	84	63	60	88	68	97	18	24	27	55	40	87	72	10	71	68	62	74	23	57	20	44	44	41	18	46	30	37	27	64	74	75	58	11	91	82	50	48	42	85	89	88	45	88	64	96	88	94	44	39	62	70	14	25	31	65	72	43	82	53	80	100	75	65	81	88	98	23	12	49	23	46	51	29	97	76	61	67	18	73	99	89	53	93	24	79	54	42	64	94	26	25	80	34	86	30	56	64	36	19	37	57	21	69	23	52	82	31	80	82	69	13	67	89	82	55	42	32	60	42	98	27	45	20	22	47	16	17	93	46	40	72	11	81	48	48	13	34	46	57	62	64	74	99	96	92	94	51	12	25	96	41	84	51	90	27	64	66	96	63	25	19	52	95	21	98	61	85	87	76	59	58	25	60	51	51	26	47	90	32	83	15	51	91	12	54	83	98	19	20	71	44	35	83	90	78	24	85	17	22	34	12	66	67	69	66	92	95	71	34	44	70	52	67	33	80	25	75	48	26	90	33	85	52	78	97	41	62	27	41	22	68	70	88	36	44	75	21	34	70	17	84	77	78	16	70	19	90	24	67	70	79	68	34	74	33	71	12	22	73	45	11	35	10	11	34	72	61	29	51	100	22	30	50	46	22	36	49	25	41	37	36	86	23	75	21	14	64	35	14	89	64	83	50	57	53	31	60	75	88	59	40	70	50	39	32	79	61	28	42	46	95	38	86	70	46	78	65	74	58	43	14	32	76	70	77	92	13	75	69	85	34	34	72	32	85	71	16	33	39	89	19	55	36	87	16	78	78	51	48	90	37	87	12	96	99	15	25	32
43	42	60	98	61	67	37	71	98	73	80	29	75	49	85	38	27	27	50	62	94	99	99	16	41	74	94	25	68	68	31	42	15	77	42	27	12	100	92	68	47	83	95	33	45	67	75	39	65	33	13	60	42	53	64	38	98	93	92	84	17	93	92	58	67	55	40	91	72	72	62	26	48	68	87	88	42	37	79	79	36	25	50	56	80	77	79	99	49	65	60	28	94	44	72	55	82	15	51	75	15	73	25	99	71	22	28	11	99	84	71	82	64	60	94	21	49	28	48	44	75	39	36	72	56	65	18	12	80	70	78	44	38	55	75	99	36	32	82	24	86	56	69	60	81	58	85	44	62	43	69	95	41	31	67	90	46	80	59	96	34	37	26	82	11	62	13	68	34	66	90	10	14	59	69	79	22	24	96	82	10	82	12	100	56	16	37	64	71	88	55	87	98	79	50	22	83	99	67	30	48	58	72	35	76	80	52	81	34	41	38	14	93	71	20	55	67	36	23	22	84	78	79	74	47	24	34	76	56	46	49	87	89	63	82	74	61	86	56	31	54	91	31	99	44	22	90	70	84	99	33	21	82	43	43	36	43	60	75	22	13	43	59	57	40	92	28	53	44	16	15	87	70	61	34	92	47	57	97	39	18	34	63	67	30	77	76	57	27	85	16	49	62	94	96	69	50	83	28	82	31	31	17	98	88	33	64	25	70	53	81	45	94	69	69	94	36	39	65	84	92	95	30	74	93	72	68	22	49	23	54	88	33	45	81	44	63	18	37	86	17	42	28	72	78	91	91	46	55	16	15	85	38	86	29	10	72	67	91	36	53	80	61	55	86	45	13	99	61	100	79	63	45	18	37	70	38	52	73	46	42	27	11	38	35	53	11	79	15	20	95	48	63	11	24	83	76	92	89	31	90	29	40	36	21	23	62	69	46	81	20	21	32	97	81	57	63	47	95	32	77	70	33	55	34	14	81	58	27	88	89	20	58	55	59	21	83	34	23	16	20	27	57	52	17	36	88	38	42	35	69	67	60	72	97	65	51	22	23	76	96	63	93	68	88	46	24	10	51	93	59	65	82	14	77	88	87	85	99	56	84	14	82	88	44	57	79	29	43	39	59	51	38	72	82	22	89	69	43	30
53	68	45	34	59	81	21	33	75	92	64	18	48	42	73	15	84	79	29	74	14	67	66	70	49	65	96	52	76	81	82	70	84	30	72	13	36	61	84	97	74	55	81	54	51	14	21	51	36	73	41	27	22	22	22	22	23	78	19	98	50	95	82	29	22	56	39	76	76	48	32	71	91	10	85	11	39	41	53	16	18	10	21	42	21	96	77	96	29	31	46	42	91	33	19	84	90	59	89	25	73	64	90	87	87	28	63	88	31	55	84	26	55	80	68	32	85	18	91	61	52	19	89	41	48	92	90	78	92	89	19	78	58	92	12	93	78	62	79	82	48	69	80	94	28	52	69	35	86	21	25	34	28	52	37	13	38	17	73	89	47	73	65	65	40	18	37	22	47	91	71	22	58	34	90	69	27	51	15	21	23	89	32	51	75	48	58	55	92	32	10	70	65	17	91	14	82	12	71	63	11	12	43	22	36	75	91	97	39	33	59	32	88	33	25	60	63	84	62	84	21	96	45	31	92	42	84	75	11	46	69	73	22	71	71	21	98	37	24	82	32	90	60	53	26	14	58	65	14	59	92	86	81	21	22	76	14	15	43	13	97	12	93	95	77	81	34	12	17	77	74	11	19	76	16	38	47	81	17	31	97	84	84	99	20	88	55	11	35	17	28	17	25	18	56	88	79	32	29	82	84	14	65	11	39	52	73	59	82	37	65	19	24	14	40	16	17	38	84	19	34	68	67	49	97	22	36	39	48	28	64	61	20	52	71	89	50	43	35	29	94	95	46	86	85	85	49	45	70	24	50	83	38	56	33	57	68	78	60	44	100	42	94	85	54	79	38	98	82	34	11	58	11	98	26	40	18	42	11	38	76	94	48	71	68	70	17	56	64	89	32	82	37	89	50	10	61	59	71	65	94	93	71	31	90	76	52	75	23	94	37	57	11	66	44	12	64	46	15	99	83	16	45	72	67	56	86	59	65	83	67	28	14	84	69	67	84	52	60	11	36	88	29	21	90	41	15	53	84	37	87	50	84	53	81	16	79	96	82	67	58	35	70	53	48	45	76	14	26	71	11	92	20	35	95	55	14	35	96	88	83	39	29	13	84	86	15	35	38	24	74	94	18	29	94	67	14	19	41	85
83	62	71	92	12	93	91	21	31	13	23	92	57	65	75	25	10	14	42	33	71	66	12	16	35	50	29	54	79	46	77	39	43	38	51	98	51	86	20	11	48	18	66	71	46	71	38	17	12	50	38	66	58	32	30	83	25	68	36	87	70	68	49	82	37	91	97	95	15	99	88	89	41	86	93	69	90	29	50	14	85	20	70	34	81	32	31	72	24	42	29	85	80	16	30	91	72	91	64	89	24	67	47	72	10	62	30	90	41	69	13	68	76	81	58	65	35	36	21	52	98	39	34	59	40	84	63	99	32	77	59	89	80	73	24	82	94	59	91	54	58	38	65	72	11	70	35	70	35	61	11	59	40	74	82	99	69	54	48	65	76	96	47	16	25	38	68	77	67	54	19	68	16	42	60	87	88	27	20	49	40	93	44	24	25	89	77	72	57	87	69	13	37	15	94	11	57	98	73	96	88	78	61	25	12	36	11	72	97	42	62	16	44	14	22	62	56	51	30	96	90	61	87	91	27	56	61	81	28	39	47	93	27	99	47	25	97	94	20	24	97	12	33	99	43	26	16	33	86	12	49	93	96	93	58	51	95	12	42	69	55	18	50	20	80	72	75	43	13	45	55	10	88	67	99	15	78	29	50	22	98	76	82	74	86	71	50	59	59	85	60	68	16	13	94	80	16	66	35	12	63	16	82	88	92	83	83	63	41	57	51	37	41	32	78	67	58	96	98	74	63	38	53	19	46	71	31	53	70	57	59	23	24	71	11	75	11	34	80	31	75	45	31	47	46	68	61	22	14	20	46	79	53	93	82	74	80	36	93	71	25	77	100	100	69	24	29	54	71	99	77	15	51	81	15	36	70	44	17	36	24	95	43	93	99	46	20	55	13	83	14	35	20	71	14	34	43	40	84	44	42	12	28	61	99	97	43	11	95	13	91	48	19	40	19	52	26	30	67	59	10	88	17	54	46	100	91	80	42	77	77	70	73	69	53	37	12	13	30	31	22	55	51	28	15	80	20	25	90	20	100	18	83	92	92	47	39	33	23	99	62	19	45	92	79	35	25	63	73	84	88	30	38	51	50	54	22	36	68	67	24	39	22	19	18	21	20	34	68	40	32	29	58	75	94	35	28	60	94	43
70	78	34	45	61	97	56	75	14	44	62	78	37	70	58	46	22	73	11	90	48	58	56	98	33	86	96	28	40	73	22	84	59	14	20	29	34	79	27	61	24	15	65	86	33	58	62	18	28	38	21	60	85	25	85	82	45	47	96	24	78	66	36	21	45	22	13	48	28	88	41	82	24	16	27	19	24	30	89	48	27	21	80	93	80	32	100	79	34	52	64	68	87	27	59	41	54	88	24	19	85	50	62	66	33	79	94	79	74	41	49	12	40	53	80	43	90	39	15	81	42	52	90	95	82	52	76	24	94	80	66	29	28	16	32	35	30	35	14	70	34	95	32	88	71	57	83	30	47	92	91	11	76	70	26	22	17	24	29	68	14	95	60	94	70	76	63	89	51	32	68	74	47	87	80	48	15	66	84	62	82	92	26	83	33	60	67	25	87	99	92	97	17	47	18	23	76	64	88	81	72	34	14	14	69	77	20	63	28	44	76	96	24	20	74	22	50	39	51	62	92	17	75	40	50	78	78	70	29	62	85	82	77	57	89	70	48	38	22	66	73	19	58	20	59	69	99	79	29	11	82	11	32	44	81	32	55	86	86	68	18	65	33	93	54	84	34	32	24	38	44	48	67	68	75	12	50	13	19	28	89	95	53	64	89	43	54	45	37	40	17	72	57	55	52	33	65	29	63	67	34	54	99	81	46	57	27	69	26	31	29	15	13	66	71	83	45	87	97	20	59	38	26	55	60	86	36	69	63	99	20	32	75	50	70	88	32	57	82	93	69	75	47	58	71	78	45	59	96	66	51	96	18	64	93	67	82	20	98	23	59	47	16	32	81	23	66	41	63	40	55	31	99	47	58	40	25	74	21	72	85	70	51	12	49	95	68	85	73	91	20	93	92	19	43	88	90	10	49	56	82	50	76	26	36	72	37	52	36	95	77	66	92	48	99	58	58	43	67	36	32	86	56	26	39	90	69	75	49	29	19	83	64	21	11	62	45	55	39	30	99	40	98	88	16	31	62	67	10	10	60	51	48	15	32	19	31	73	40	35	73	96	88	57	65	35	65	41	84	17	90	85	20	65	92	14	11	33	31	17	83	41	30	33	22	81	55	38	27	49	83	81	14	99	19	34	28	63	67	57
30	47	45	25	95	83	93	37	11	47	46	77	13	41	54	67	70	85	21	25	22	24	56	32	27	13	28	66	13	40	13	96	88	95	90	78	51	25	42	97	82	87	99	97	34	92	95	95	15	60	96	33	21	62	55	79	66	85	54	38	91	72	48	29	83	26	62	92	21	90	34	82	100	95	35	97	60	41	73	85	93	28	91	79	90	97	48	98	31	53	37	15	13	74	81	12	26	95	75	83	44	53	90	41	86	89	52	33	70	79	17	87	61	83	16	14	11	50	33	78	99	40	65	53	41	43	44	78	98	43	20	70	47	60	100	85	32	72	45	45	34	50	52	28	92	69	26	23	52	51	87	52	11	79	76	80	37	27	33	64	67	36	41	84	14	86	90	33	95	86	36	90	78	66	85	15	55	73	65	57	12	79	49	87	62	96	24	72	74	90	27	98	73	57	16	12	51	84	84	67	95	30	77	49	50	61	79	46	20	87	74	40	94	39	17	28	40	77	37	50	61	42	17	72	99	67	57	75	17	41	76	51	49	89	14	23	88	96	23	67	12	57	12	54	64	65	74	71	15	92	71	42	20	54	29	89	36	64	31	73	84	76	49	68	17	86	27	99	99	34	42	18	25	86	18	35	83	42	12	54	81	18	30	25	37	47	79	38	28	82	91	43	66	47	59	95	77	25	12	22	32	78	29	67	93	17	94	29	17	77	82	29	60	41	45	45	22	77	17	39	81	75	42	49	18	29	24	70	64	22	71	74	78	14	24	83	61	33	60	88	19	20	38	53	72	71	18	12	70	55	37	32	62	74	97	28	57	29	68	93	78	54	59	82	15	98	47	92	70	54	90	79	47	38	77	77	88	29	34	84	16	50	89	11	53	33	83	96	71	87	42	78	98	57	24	27	63	71	40	66	51	77	78	73	100	52	33	11	54	51	22	66	34	39	43	75	91	99	23	31	52	63	22	16	11	79	77	48	25	18	39	45	59	31	20	55	14	86	27	41	32	87	52	63	58	15	25	29	60	25	80	48	34	75	93	42	12	46	11	17	28	85	81	50	77	62	11	21	57	72	36	19	27	63	87	67	66	84	93	14	67	39	37	74	12	87	76	21	69	75	82	52	95	48	26	73	25	72	75	36
56	80	77	63	70	62	20	95	61	35	19	59	96	51	75	20	46	65	11	97	82	48	93	77	99	77	58	82	20	12	79	70	85	30	13	74	40	65	42	17	72	44	93	96	61	48	75	70	64	22	79	25	80	14	25	86	72	76	90	74	68	98	33	18	27	67	54	73	68	33	87	17	36	27	51	73	78	90	65	67	57	37	78	47	84	58	62	53	27	97	20	42	50	22	93	41	25	11	26	85	37	49	88	26	37	29	77	19	51	82	17	37	61	49	48	71	82	84	22	30	63	88	35	18	71	44	41	72	57	94	89	25	80	82	17	77	87	11	19	78	83	44	14	84	13	88	15	98	90	41	70	45	46	51	81	17	72	65	34	73	29	48	36	12	50	93	98	96	68	98	71	57	65	19	22	60	87	40	88	33	15	44	50	87	69	78	59	31	70	65	46	21	55	44	26	42	15	77	62	78	56	77	54	82	81	14	62	20	87	52	10	12	85	46	63	74	70	31	69	74	11	25	77	18	87	47	19	56	95	63	12	62	77	43	99	60	37	22	69	14	44	59	61	82	45	14	86	23	74	25	84	76	54	89	77	12	28	49	23	66	77	60	23	56	71	38	60	40	57	70	78	82	71	59	69	30	90	17	76	32	31	48	13	70	48	87	28	14	12	31	84	26	92	92	98	23	71	65	58	26	57	26	90	75	70	79	91	53	13	61	20	59	99	61	93	71	72	97	21	72	99	15	76	63	72	74	21	20	93	45	70	95	75	12	77	68	74	78	39	18	45	67	52	12	94	95	10	47	83	18	83	69	47	60	40	10	26	92	59	87	78	12	42	27	21	80	35	15	73	11	77	17	63	39	54	44	80	33	35	26	60	40	87	21	14	72	91	36	40	23	38	44	36	64	97	64	57	74	45	87	64	37	74	36	75	93	100	20	86	24	71	70	78	93	28	74	70	63	57	12	47	54	21	99	66	26	76	38	90	56	90	62	53	46	13	56	11	36	25	29	23	78	48	57	58	88	97	35	16	39	97	78	92	74	44	40	55	24	79	29	10	70	35	86	82	13	86	70	86	89	79	60	21	64	92	50	67	55	69	24	78	57	45	90	19	69	80	81	15	15	68	87	50	23	97	33	42	96	40	54
59	12	21	82	31	53	69	70	75	90	43	70	69	72	92	33	19	82	71	24	65	75	80	78	83	54	12	94	20	40	68	73	71	84	65	27	75	38	61	92	77	53	30	16	68	76	78	32	86	56	12	62	73	37	100	25	24	24	22	77	98	56	42	30	20	17	61	49	29	68	38	59	27	86	86	30	12	45	93	49	48	60	36	39	86	86	22	42	98	50	57	65	30	62	65	67	36	43	85	22	87	60	66	43	52	19	100	86	33	100	91	19	51	29	91	55	86	86	31	100	93	13	88	20	59	83	96	53	41	34	50	33	53	94	33	73	50	88	37	73	88	49	36	78	94	57	63	67	94	61	12	85	58	91	53	54	45	41	97	12	100	94	56	79	49	84	87	43	49	75	30	94	58	48	70	13	78	35	26	34	40	59	50	12	52	53	80	28	61	81	80	72	61	81	23	48	32	39	34	72	14	100	98	84	45	41	60	21	51	75	57	28	31	59	10	39	12	42	15	55	54	88	72	71	52	94	59	44	70	15	57	68	24	61	49	64	61	51	65	26	28	50	22	39	88	14	77	40	59	39	40	83	58	84	95	73	57	98	39	25	37	61	13	52	96	69	26	22	22	34	79	85	79	63	59	37	22	66	41	15	49	33	98	70	98	76	49	33	18	52	56	12	31	93	47	16	59	77	13	52	39	57	24	94	39	22	83	14	41	39	11	27	47	84	66	88	18	80	41	66	40	53	44	36	34	20	76	63	38	95	58	31	52	24	61	10	70	51	49	69	84	62	98	53	95	45	57	37	64	84	86	27	11	31	70	47	51	44	62	10	69	48	50	19	64	20	11	37	68	67	48	81	34	75	26	74	55	53	39	30	54	18	22	70	11	84	12	98	32	84	11	42	16	72	86	70	75	65	27	96	13	25	31	40	47	42	95	33	26	75	66	66	75	96	97	28	30	96	58	46	49	35	12	44	79	12	40	13	84	25	59	57	17	47	94	54	57	46	20	54	94	62	54	74	29	65	13	96	18	96	12	25	92	70	73	64	10	11	79	24	81	43	80	58	42	21	19	52	39	85	14	18	99	35	59	50	59	77	30	23	57	49	92	79	14	54	71	53	97	55	89	89	43	78	47	81	84	79	30	93
26	48	25	61	79	23	87	97	20	44	65	37	48	46	63	65	13	46	73	26	82	39	17	36	88	98	43	35	26	62	52	32	48	62	43	88	49	48	46	42	63	74	42	30	23	62	22	23	84	67	70	79	78	64	99	16	61	74	11	16	36	26	21	53	39	59	75	15	16	30	51	76	49	41	46	48	91	13	17	15	70	89	86	42	62	73	82	24	14	32	80	21	40	63	89	77	87	63	44	10	71	45	17	20	13	41	96	33	92	67	74	43	96	67	52	12	47	77	25	63	95	54	25	92	88	38	42	53	78	90	55	96	16	11	69	72	70	68	35	38	66	63	79	30	41	46	34	40	28	56	14	35	33	62	91	64	76	81	35	25	65	75	41	29	20	33	30	93	50	40	33	73	69	56	88	57	63	24	66	87	48	34	90	11	38	53	28	35	12	63	74	28	39	48	98	83	65	61	94	42	96	54	61	24	36	41	69	35	62	84	16	72	31	83	99	37	67	88	11	35	62	78	48	17	72	65	69	88	37	22	66	44	96	36	42	71	86	13	39	97	21	55	43	74	94	86	54	51	25	55	61	36	47	44	15	22	43	60	70	49	24	92	91	94	63	91	74	94	98	37	88	62	30	41	86	82	81	14	19	88	10	47	91	62	69	90	17	14	75	16	48	48	12	48	96	82	56	26	66	24	33	71	40	43	87	34	69	31	37	21	35	97	61	71	76	73	26	99	84	88	54	46	91	68	67	57	34	21	21	83	51	79	52	40	63	20	72	39	32	66	26	17	24	55	37	68	27	76	42	73	77	18	95	98	54	67	100	12	63	18	16	52	83	62	55	47	20	69	81	74	27	71	99	77	32	44	12	46	49	74	78	40	68	72	41	57	48	35	76	64	39	48	87	84	45	70	98	40	71	83	75	14	89	50	98	66	19	48	96	14	21	47	99	31	59	89	88	14	18	20	40	33	47	47	71	69	63	30	53	15	60	32	51	51	97	89	51	62	96	57	31	12	95	11	76	36	87	11	29	67	28	40	86	55	59	71	79	84	69	61	53	75	65	72	68	23	38	26	91	81	54	15	19	89	90	64	90	91	27	63	32	17	30	25	43	81	80	33	86	47	79	30	54	87	84	35	46	50	49	65
14	75	87	39	100	24	32	49	69	91	64	52	68	20	58	59	72	23	89	40	75	39	22	59	45	36	44	92	54	36	74	88	58	92	72	90	43	71	79	38	64	20	33	24	67	36	97	47	49	66	66	52	59	16	49	69	87	97	69	37	20	62	18	66	96	87	11	87	31	52	22	19	11	85	88	13	77	71	44	59	66	53	72	63	49	75	99	28	63	40	90	11	61	88	15	92	92	71	78	23	16	47	12	97	81	55	64	70	78	75	10	63	73	79	67	52	74	67	72	90	49	76	91	14	90	90	76	29	65	30	17	94	21	91	86	25	44	84	26	17	28	77	99	81	11	96	49	21	93	26	63	41	25	18	30	50	22	36	57	12	76	83	12	11	11	79	42	31	21	31	85	15	17	40	25	42	32	18	51	23	39	37	24	90	78	16	98	89	14	47	27	71	64	96	26	31	88	79	40	76	64	53	82	40	33	53	70	74	48	85	82	57	83	39	83	46	13	26	84	18	31	38	45	35	76	76	24	74	58	53	65	25	20	30	47	27	20	91	77	18	44	21	39	88	20	76	94	94	39	65	94	12	22	96	80	57	49	65	32	73	55	57	72	73	71	69	23	20	29	33	63	64	28	51	63	22	65	62	90	34	18	93	46	50	39	12	88	65	16	52	82	84	82	93	69	92	90	98	37	11	36	27	77	66	17	18	16	75	14	33	18	44	66	80	85	94	25	73	34	46	79	98	73	83	90	96	30	35	64	74	24	84	61	57	68	92	32	11	91	42	84	15	71	47	35	85	90	24	46	74	64	35	46	16	69	89	42	85	33	20	33	70	11	93	11	80	99	11	77	73	53	39	25	58	82	74	64	70	30	89	72	22	73	100	34	74	24	89	29	71	72	74	50	54	18	36	45	67	41	62	41	58	93	98	56	68	82	32	90	85	70	72	91	43	69	47	61	62	57	80	90	28	64	28	21	20	74	88	85	98	65	85	43	65	39	65	81	46	47	19	92	66	57	71	56	51	54	41	53	88	43	11	74	44	55	41	38	38	51	23	54	40	93	36	55	12	90	61	18	75	39	11	55	29	60	33	64	27	42	23	15	96	28	13	68	18	99	40	77	54	43	40	93	94	72	67	83	27	83	72
11	75	59	76	77	92	22	47	45	12	93	62	96	19	72	35	51	18	36	28	61	79	26	90	21	91	35	56	19	52	94	16	56	51	33	31	59	33	48	22	93	72	96	94	25	65	48	35	81	92	92	60	47	68	97	32	30	59	12	63	95	57	74	24	43	12	91	24	50	27	14	91	98	23	29	81	86	68	17	43	85	44	55	11	27	91	25	60	36	47	80	54	64	69	52	41	62	64	14	79	42	32	71	97	62	19	91	67	99	56	71	12	14	90	23	99	40	40	54	65	98	70	72	93	28	10	59	93	30	82	75	24	57	28	21	50	68	13	91	75	82	11	32	97	41	67	86	89	49	61	93	29	36	57	68	98	83	58	45	47	22	79	81	13	90	26	35	14	56	53	57	68	46	16	86	18	88	45	15	56	16	100	43	99	84	76	61	74	69	62	88	93	64	33	86	23	91	39	65	14	39	84	20	13	15	39	75	69	74	88	24	63	47	20	52	98	98	66	58	81	39	72	52	55	64	62	90	60	41	86	80	48	71	85	49	36	84	89	75	80	67	73	35	72	41	55	46	97	91	32	43	28	76	82	78	95	76	57	13	72	25	14	46	97	17	95	74	94	85	52	82	51	27	29	91	50	94	22	98	40	47	51	68	21	63	33	31	77	83	24	61	48	12	74	89	34	44	35	42	67	26	83	82	64	58	70	31	67	76	76	16	100	82	83	47	72	34	67	79	58	61	73	21	50	69	34	72	76	90	87	39	15	88	91	92	72	90	72	18	77	47	66	63	16	56	74	14	42	22	28	99	20	63	51	90	56	15	27	40	61	30	79	17	96	13	90	86	78	56	71	16	63	34	61	21	13	23	74	44	59	85	64	67	38	58	32	46	36	88	95	94	93	79	94	97	72	78	75	16	22	81	83	16	94	24	65	53	34	36	24	62	87	32	68	47	99	86	60	29	80	11	16	51	67	20	11	95	18	97	41	23	23	13	77	42	38	38	91	68	55	64	38	12	73	37	46	86	79	44	51	91	66	51	89	55	75	28	33	87	63	41	74	92	11	57	19	66	62	31	46	69	62	47	49	82	14	20	75	82	35	79	15	39	40	97	16	81	25	30	31	16	21	52	72	69	84	67	63	80	97
88	62	82	47	44	64	38	15	14	26	15	94	52	83	77	27	63	14	23	53	11	40	30	25	89	69	78	51	29	68	93	63	45	90	16	15	42	68	90	62	14	51	33	47	42	14	78	34	17	57	12	32	84	96	76	20	91	96	73	41	26	80	83	31	64	37	12	63	53	90	44	70	78	62	65	29	87	55	12	48	77	45	83	46	55	86	78	51	48	30	50	12	91	42	25	60	15	84	61	40	92	96	72	39	65	94	31	74	54	83	50	33	93	91	88	39	68	49	50	76	46	74	28	60	65	91	94	39	22	52	60	62	94	31	35	17	65	82	25	15	87	20	44	18	82	56	58	84	56	60	88	11	18	64	68	63	40	90	26	25	32	59	14	42	86	72	73	62	24	13	16	83	58	26	44	43	70	87	15	28	22	19	79	96	50	50	36	98	46	53	69	80	47	92	91	85	69	96	23	13	72	31	90	37	20	98	11	11	26	36	95	71	75	42	33	42	62	53	47	97	96	25	80	46	99	66	39	13	31	26	95	54	27	83	21	52	58	55	48	21	63	79	73	45	76	88	76	19	46	26	32	75	46	93	27	88	75	94	79	97	87	51	56	66	78	86	60	34	40	90	21	66	86	83	22	81	47	95	73	76	14	38	98	39	81	73	75	69	72	65	66	33	15	21	42	87	21	73	67	94	31	67	28	73	43	75	77	12	42	16	43	23	48	93	41	28	74	72	85	95	21	82	13	14	89	40	49	29	58	80	63	68	63	93	28	71	55	58	27	26	34	84	96	80	41	83	69	33	15	35	49	60	26	62	90	85	34	90	53	45	51	43	74	78	48	78	14	10	41	38	65	39	63	66	18	67	84	34	87	83	71	55	40	12	17	65	93	76	66	75	17	36	83	14	85	90	99	58	80	49	55	34	98	91	47	55	16	25	60	19	80	40	50	97	95	41	42	48	48	89	11	37	42	15	53	49	81	14	30	91	46	41	60	45	36	76	47	84	60	58	45	42	89	25	78	93	16	20	52	55	99	39	100	28	35	59	97	57	44	39	71	98	32	66	57	52	51	37	53	16	69	16	65	29	88	39	12	69	41	25	29	73	38	93	30	41	35	49	50	45	80	35	95	90	97	82	65	40	27	15
16	99	14	31	45	92	73	79	89	67	37	70	90	90	84	83	55	29	47	69	62	11	36	63	10	41	26	20	45	49	42	52	51	18	23	96	52	78	73	28	28	55	31	44	72	31	10	69	80	23	40	71	63	91	46	69	15	49	97	24	13	94	54	84	14	67	60	64	98	17	98	60	26	99	22	35	23	34	29	91	93	38	81	70	32	68	43	42	94	34	92	81	45	70	39	20	16	63	81	47	99	70	81	64	91	51	21	56	55	65	50	30	80	40	12	74	50	13	49	44	16	60	26	74	40	19	20	28	26	91	84	15	66	39	99	59	79	56	27	53	72	20	18	53	87	62	28	86	32	38	62	74	38	14	76	92	25	38	26	13	60	62	85	77	11	36	27	76	49	70	53	35	100	97	66	54	80	78	19	53	73	69	14	95	34	45	46	34	75	62	90	81	52	81	61	79	30	36	80	40	33	16	47	13	59	70	91	25	39	44	46	58	91	71	72	58	17	46	100	49	64	42	59	74	32	37	50	81	80	68	28	93	12	86	40	63	48	31	88	55	43	99	95	43	97	46	24	94	51	94	44	71	31	83	49	79	39	39	51	98	49	58	87	85	33	41	49	30	52	14	30	55	30	41	87	22	80	60	33	47	15	30	69	94	63	29	39	56	36	57	95	78	55	97	89	83	39	70	97	23	56	60	33	60	41	94	29	81	29	42	80	83	13	20	90	44	83	15	83	93	33	100	34	61	81	84	65	71	74	14	75	64	63	72	60	52	50	29	78	84	35	70	38	96	64	13	56	88	19	36	47	27	72	83	75	95	20	61	38	40	85	89	31	44	55	61	12	75	42	16	82	52	45	79	83	73	28	30	48	40	100	11	80	57	35	83	45	95	36	74	71	74	57	20	17	61	93	86	69	91	53	12	12	52	35	47	58	10	11	24	83	35	41	26	38	14	28	70	63	80	61	11	35	85	82	95	52	71	19	60	10	31	52	75	71	29	23	30	78	32	67	80	77	92	73	20	21	58	42	29	60	63	43	36	96	96	58	97	74	77	79	43	35	96	87	97	37	37	75	55	73	51	41	13	91	52	46	15	89	45	20	30	73	86	32	47	51	42	16	31	20	13	66	40	24	37	100	85	59	21
92	83	35	100	96	64	57	51	51	85	96	30	39	51	89	69	62	65	72	64	39	90	89	65	86	98	35	94	47	10	57	57	36	38	98	84	58	41	95	84	70	70	57	52	67	99	27	98	47	26	95	29	67	45	89	61	73	25	18	46	43	71	42	83	58	28	42	97	85	16	96	34	11	71	26	99	40	87	21	24	25	29	93	22	32	43	93	30	82	58	20	60	69	19	31	58	80	12	20	16	15	50	79	24	43	51	18	24	65	64	38	71	99	38	70	86	79	85	47	62	38	32	79	43	24	57	23	38	16	66	76	90	70	93	74	60	82	34	66	13	10	29	72	88	62	58	42	37	78	14	28	42	13	60	51	78	40	65	47	22	17	84	78	20	79	49	72	72	84	63	55	77	28	74	99	86	96	70	56	48	59	43	77	91	43	70	22	69	53	41	23	54	24	39	54	12	68	22	41	50	66	13	11	85	92	83	47	32	75	52	50	57	38	71	25	53	78	96	55	91	54	71	45	62	24	97	25	23	57	25	65	62	42	68	21	70	55	22	99	24	25	53	63	100	60	86	75	72	81	70	66	51	39	15	94	35	11	39	94	66	25	30	92	42	22	95	56	28	74	60	61	34	44	72	81	58	68	11	21	88	78	40	68	34	58	19	75	28	66	28	15	72	76	18	94	33	75	78	80	69	78	97	63	90	61	18	58	49	93	24	23	38	31	78	66	99	43	98	92	96	44	43	35	90	47	65	23	54	54	32	73	98	34	74	49	40	92	71	87	47	32	42	47	92	27	74	96	81	96	79	99	79	41	77	46	46	17	39	17	99	48	96	19	53	40	95	94	27	53	15	75	98	29	87	20	66	62	67	26	60	71	97	41	82	92	34	82	62	44	21	53	45	23	16	67	56	64	58	85	47	76	98	66	68	25	45	84	94	79	52	33	56	79	20	37	92	38	27	22	77	72	57	73	12	31	98	13	15	40	16	86	47	19	26	38	75	58	39	13	42	35	64	83	17	48	74	35	11	40	16	95	41	19	94	47	13	96	33	26	85	22	24	61	35	24	17	94	77	18	49	75	83	38	80	58	36	81	91	31	50	59	41	74	63	45	52	99	80	59	45	45	60	44	63	51	35	63	17	44	74
43	44	91	44	94	43	88	70	87	66	95	76	24	64	82	63	91	59	51	72	33	87	73	75	52	12	24	80	45	43	23	46	34	40	19	57	21	13	100	87	20	95	99	94	92	40	45	74	61	68	71	76	26	56	65	87	13	17	21	64	59	30	26	50	27	16	82	15	46	42	48	21	35	89	45	63	87	27	43	42	21	44	30	88	11	12	39	57	65	19	38	14	32	65	23	15	75	89	18	78	86	25	86	93	52	60	73	23	21	73	82	13	16	42	37	81	89	96	87	79	51	82	43	15	20	91	12	85	44	47	18	30	99	63	84	54	52	75	76	45	30	91	88	53	47	41	44	18	72	69	75	84	44	30	48	12	62	67	18	45	53	18	97	16	85	59	67	67	87	55	28	45	44	55	54	23	48	98	92	56	79	46	33	36	68	44	98	23	76	42	19	77	14	95	64	35	67	46	98	26	53	79	50	84	71	54	35	31	28	24	27	22	81	77	36	26	63	58	31	71	46	46	41	92	77	60	92	47	31	65	88	83	64	64	45	21	60	60	60	47	47	90	78	54	31	61	34	72	66	15	26	47	33	14	67	15	82	26	12	49	87	68	60	82	31	32	57	81	65	69	73	77	85	61	84	68	74	57	44	85	74	98	92	42	80	74	44	89	57	51	90	70	34	43	89	11	11	97	93	13	41	58	51	41	98	99	70	43	37	42	12	20	40	17	43	37	86	67	86	26	41	29	49	50	56	57	93	98	31	26	50	21	61	88	81	69	55	12	75	18	40	71	89	86	16	17	46	71	91	24	94	82	86	23	81	14	42	89	61	26	57	86	99	97	84	51	93	30	40	74	97	90	56	96	17	73	35	37	87	66	67	19	20	10	18	41	41	71	16	19	13	80	12	99	39	48	81	28	26	83	56	52	29	46	90	27	65	38	26	15	52	67	37	87	54	39	29	37	65	22	25	66	96	81	41	61	46	47	48	35	85	35	84	43	89	63	76	62	85	93	51	100	66	88	32	52	19	93	76	65	52	55	37	73	59	75	21	56	57	30	44	20	45	41	83	19	14	62	43	31	51	32	54	87	36	31	18	63	84	54	89	72	42	73	60	11	55	48	81	58	63	26	73	93	86	19	71	33	56	28
30	61	76	60	20	73	46	49	56	12	17	29	77	65	43	86	77	48	93	41	30	86	45	41	43	17	69	17	20	29	43	97	67	23	30	97	95	56	40	27	28	64	61	80	40	43	80	95	37	47	86	23	15	25	70	54	93	94	49	78	67	68	76	73	59	30	55	42	69	29	55	29	71	98	71	21	88	24	96	53	15	31	12	25	94	89	72	55	46	30	79	100	13	45	100	64	63	30	63	76	25	28	78	73	43	64	80	77	72	31	47	28	95	73	95	45	72	29	31	26	84	29	62	95	48	74	77	33	33	53	44	31	16	22	39	43	66	98	100	65	45	22	90	64	17	42	18	58	74	91	74	51	73	43	61	65	33	60	96	35	84	58	85	92	80	13	53	59	43	42	30	38	67	62	12	84	40	27	68	86	50	62	84	31	79	42	54	45	13	50	60	20	21	57	60	37	13	85	17	87	21	78	10	84	85	74	63	20	72	37	60	76	79	58	83	96	20	71	34	70	29	87	20	18	91	13	42	42	23	57	31	10	59	71	12	61	81	81	44	52	23	95	85	33	14	89	98	49	23	45	13	53	30	55	29	52	82	84	23	65	24	12	21	72	49	100	87	98	37	35	52	93	57	76	80	45	73	39	16	55	53	49	67	89	21	82	42	28	66	67	99	20	69	31	38	48	95	29	57	52	53	73	51	55	82	96	35	15	75	69	31	84	52	77	77	20	85	35	47	34	23	94	69	84	40	77	16	70	97	47	86	95	33	97	35	53	34	16	65	59	43	91	44	14	27	98	32	58	89	14	48	70	26	68	47	18	95	11	69	81	45	38	61	50	59	80	71	82	29	56	12	41	79	91	40	45	92	72	88	91	67	88	14	97	76	97	90	93	62	23	12	46	12	14	89	75	39	64	59	65	43	67	15	66	12	99	19	70	65	59	78	20	45	41	63	77	71	72	47	83	71	82	16	71	24	83	34	33	17	13	61	76	42	46	71	17	14	26	25	21	93	81	46	77	80	30	58	14	17	35	44	63	83	14	90	71	15	26	19	51	12	33	26	18	53	38	20	71	19	25	81	42	29	86	25	13	35	44	36	28	84	88	23	51	19	66	95	51	10	82	35	12	84	60	64	99	74	73	41	93
44	85	13	61	66	23	19	58	95	29	71	28	54	26	67	34	76	51	46	39	22	57	15	43	96	69	51	41	62	51	86	79	18	26	99	22	76	60	73	95	51	12	48	40	58	86	18	54	83	37	14	94	16	56	98	75	16	67	17	78	92	23	20	34	48	29	82	94	48	98	21	47	63	95	95	29	62	98	44	55	99	15	81	78	45	84	56	14	29	24	66	20	88	49	58	71	94	90	93	99	39	60	97	12	24	90	52	81	36	98	13	86	98	83	35	77	63	29	86	49	78	76	66	50	72	24	41	68	46	55	66	40	38	63	31	100	99	62	24	40	14	80	98	64	16	49	29	10	51	81	31	67	83	34	66	85	94	12	11	42	52	82	14	81	94	33	54	97	50	52	72	12	25	15	12	94	59	49	71	95	33	89	39	91	44	40	69	57	92	68	83	81	23	38	45	64	99	67	59	34	84	67	56	73	78	89	52	72	69	52	25	47	21	30	83	77	58	18	92	99	29	65	63	26	13	91	12	44	42	70	47	58	87	100	56	46	35	19	99	100	38	51	94	51	25	24	48	53	56	40	16	78	16	33	67	30	59	59	84	63	19	34	25	10	25	24	92	52	67	51	63	99	71	89	44	80	72	88	24	25	58	41	15	66	65	68	15	43	69	63	37	93	47	23	58	17	89	50	96	98	45	44	98	77	52	45	51	40	39	68	83	81	53	62	37	22	31	57	70	94	72	70	41	78	86	14	64	18	94	48	48	41	11	65	30	64	19	51	55	36	95	77	99	51	33	62	44	47	79	27	19	68	44	90	53	63	64	38	81	85	20	97	99	80	49	53	48	54	24	46	13	85	71	98	14	46	35	93	52	51	23	35	42	54	97	99	89	69	92	12	95	67	37	18	82	87	98	70	17	23	67	92	84	79	36	62	36	97	54	42	76	38	39	59	88	78	82	28	50	38	47	91	94	90	97	39	21	85	71	81	17	83	90	93	76	82	16	52	88	14	76	99	32	61	98	27	38	31	65	23	30	82	33	78	81	84	66	44	80	92	95	74	95	35	15	86	98	96	13	30	76	35	36	57	42	32	41	28	79	41	48	82	78	51	45	75	44	14	85	73	93	15	23	78	45	24	27	73	39	80
57	85	94	72	23	76	48	33	11	44	36	28	80	54	89	33	55	99	70	13	23	57	83	47	59	85	31	70	93	28	85	66	62	13	47	87	44	72	26	17	10	53	88	28	34	59	28	58	97	87	84	56	58	43	41	90	43	22	86	84	21	96	59	57	22	47	59	10	89	24	64	42	61	63	14	52	94	67	28	33	56	66	45	89	61	42	80	65	93	37	98	49	33	63	11	75	51	32	39	82	27	62	37	32	19	93	13	36	17	24	79	38	60	74	22	23	94	55	90	50	63	79	13	69	68	53	86	57	21	94	49	56	18	74	32	77	20	20	95	69	20	58	45	90	40	50	25	97	17	79	88	63	47	56	59	48	64	53	73	54	39	67	76	36	22	85	28	35	90	40	84	57	71	22	41	61	31	33	85	58	47	85	100	14	85	89	23	85	42	75	43	11	78	31	63	15	77	62	88	27	71	82	72	38	73	75	83	11	11	25	37	77	60	86	69	23	31	64	66	91	40	78	82	14	77	96	80	93	66	39	56	26	57	51	46	35	34	51	98	64	71	84	93	37	72	94	88	59	19	50	30	71	95	34	80	46	51	36	89	51	75	42	19	89	92	43	99	39	86	58	96	35	44	81	86	71	24	42	38	28	78	34	54	38	35	34	74	50	77	31	91	78	92	40	76	36	72	98	95	39	54	23	31	67	35	71	93	95	61	67	63	97	74	69	23	27	39	92	52	64	30	40	89	88	96	93	67	28	95	95	22	16	18	65	73	18	86	81	74	30	81	53	43	45	49	65	50	41	85	12	98	18	58	88	33	48	78	63	92	24	34	43	93	56	89	15	26	42	23	46	80	30	90	73	77	23	12	25	49	77	65	86	12	36	51	73	69	13	23	13	86	17	61	59	39	93	23	64	40	46	21	85	37	68	89	74	13	71	36	29	74	83	97	23	90	99	92	15	65	82	81	91	80	22	90	21	79	84	95	90	85	15	56	86	89	49	34	95	28	13	43	42	43	99	21	20	19	36	17	59	52	33	74	65	35	70	86	32	60	91	67	32	34	57	50	38	92	86	65	25	24	92	47	12	85	97	25	12	23	94	81	15	29	85	54	15	58	76	96	36	17	62	58	31	24	90	74	34	30	15
48	93	87	37	91	72	66	46	60	59	76	67	27	88	39	58	65	14	22	38	51	12	45	48	27	15	72	34	73	83	75	77	78	62	21	20	95	88	96	95	74	61	36	91	67	40	56	55	96	85	85	62	51	54	19	42	42	74	62	53	37	76	93	92	77	82	49	89	78	59	63	53	24	96	82	30	25	99	62	70	96	14	66	66	25	53	54	23	49	70	10	71	34	46	23	74	38	24	14	74	28	65	19	74	96	84	60	69	84	72	31	42	48	53	46	32	79	57	61	67	17	28	80	32	90	45	96	66	34	11	55	95	79	16	69	20	90	13	11	83	64	56	96	63	67	36	54	37	79	33	88	26	70	20	72	82	42	43	32	77	31	78	79	49	49	100	75	45	43	25	69	48	48	43	13	29	15	32	57	88	55	53	37	66	73	19	49	52	65	54	42	70	14	47	84	64	44	99	35	60	72	50	74	25	19	39	57	43	10	77	13	60	60	28	51	93	43	73	12	13	66	54	39	31	23	87	11	33	47	60	82	79	27	79	81	29	73	16	37	16	100	22	79	53	27	20	77	77	86	28	55	10	69	31	83	47	36	87	38	86	73	33	32	20	40	78	70	43	53	61	26	74	30	94	99	98	49	19	67	80	21	52	26	99	17	16	80	33	83	30	16	64	45	77	35	24	49	97	94	55	29	48	35	42	75	29	64	41	15	72	47	74	72	18	96	92	57	81	78	12	41	27	47	62	29	63	14	68	54	49	73	46	23	86	97	42	91	75	59	59	36	48	88	33	68	22	12	55	70	40	51	15	23	18	66	34	47	80	100	98	87	59	44	34	49	42	26	86	18	31	25	34	11	81	71	32	25	22	27	12	16	93	18	79	93	16	38	69	99	65	36	17	32	15	19	90	56	71	77	67	68	10	18	36	51	63	15	89	93	61	89	93	97	62	43	70	17	56	67	18	33	44	96	17	60	14	78	89	14	81	43	56	77	23	75	28	93	81	33	99	39	52	53	72	13	44	34	95	18	76	91	23	59	44	26	30	89	15	18	18	30	51	38	34	44	38	87	43	92	60	69	95	47	26	36	29	74	91	78	93	93	34	82	43	25	65	78	21	83	42	12	67	41	94	26	19	22	66	78	99
35	97	88	19	87	44	27	53	78	78	76	50	19	14	52	48	19	91	24	30	22	24	46	90	70	95	59	66	39	48	89	35	22	64	59	51	98	48	76	81	39	53	46	26	49	13	94	42	41	78	37	81	54	54	32	71	49	91	82	98	58	46	35	34	99	95	84	75	24	85	18	56	95	17	14	71	64	48	88	93	17	33	65	63	51	48	69	18	89	57	62	55	19	19	80	11	26	19	42	72	18	54	38	45	19	57	67	92	97	69	75	79	43	49	98	14	60	84	24	59	75	65	77	26	57	27	58	38	95	59	71	96	51	21	16	56	83	67	91	39	49	35	78	21	38	81	84	90	49	59	54	59	87	88	69	54	48	57	80	30	56	77	94	54	23	43	38	47	23	49	70	38	52	65	59	51	76	85	96	48	55	48	21	10	11	11	61	61	73	49	59	33	62	13	72	91	70	37	97	67	65	82	58	74	21	31	35	69	47	51	55	74	36	11	62	63	22	24	31	13	80	27	20	69	33	60	35	54	47	64	69	74	92	42	46	60	69	11	52	34	58	14	64	24	87	32	11	90	60	26	73	92	31	60	18	20	32	81	35	19	88	15	29	68	21	11	12	56	51	81	13	35	40	53	89	81	16	70	84	25	58	37	55	36	67	88	73	42	34	38	74	23	92	83	38	16	87	67	19	73	50	11	17	88	27	87	16	52	81	35	26	29	57	30	24	39	72	77	88	78	59	60	16	18	65	54	26	11	72	83	91	89	72	27	69	62	35	71	47	21	44	100	38	27	16	13	94	16	47	20	87	82	50	88	72	18	21	23	11	35	97	32	46	99	91	13	89	91	21	49	89	97	39	34	20	94	54	30	51	92	64	89	49	82	80	61	51	44	56	16	62	89	70	93	92	60	72	45	46	28	96	53	49	25	16	90	26	57	78	21	80	75	97	11	70	86	21	58	84	43	99	23	12	97	34	58	44	83	28	66	52	41	36	42	77	39	50	66	14	50	33	19	80	20	98	70	82	11	63	35	90	16	43	30	84	39	13	25	44	27	73	94	97	50	14	92	14	66	36	13	92	35	44	58	90	14	34	41	23	73	97	87	70	15	91	86	48	30	81	16	57	41	26	27	67	32	20	65	16	10
92	59	83	44	17	31	22	50	53	50	57	32	58	79	84	23	43	73	28	16	64	12	90	72	56	89	51	99	24	40	34	27	88	91	91	96	72	42	39	25	83	40	93	96	45	72	77	15	40	43	22	28	41	73	59	63	15	30	79	41	36	64	80	38	65	95	25	18	83	51	36	61	31	99	15	65	88	94	97	39	41	48	49	21	22	49	92	73	69	35	56	92	75	30	35	29	43	66	56	17	50	83	14	15	72	99	57	72	59	38	86	98	51	37	98	75	74	10	55	74	65	33	11	77	86	73	17	25	79	59	93	26	30	46	62	91	82	90	56	56	62	58	86	67	94	61	42	10	57	20	19	57	34	18	55	57	53	86	93	36	21	59	68	88	87	74	46	81	49	33	77	42	18	73	12	93	34	93	25	39	97	46	86	46	15	31	98	83	11	57	40	91	46	12	71	64	81	68	17	33	56	88	25	96	62	66	35	98	36	46	26	73	87	22	84	40	13	56	42	15	27	52	62	27	72	66	55	25	50	94	62	42	54	60	83	57	50	18	11	66	16	65	51	17	92	35	87	73	66	72	70	21	47	73	68	42	82	73	67	88	83	11	40	18	64	60	32	94	33	62	93	36	38	58	42	90	12	48	24	98	50	81	97	37	55	82	88	73	46	93	21	87	57	45	17	33	20	18	62	88	34	16	45	80	63	21	64	32	56	45	22	36	70	82	22	85	20	70	90	13	97	66	81	27	47	63	40	60	66	86	61	86	29	76	37	96	43	21	85	37	40	54	68	59	57	38	15	47	20	78	94	35	78	40	32	48	48	96	50	56	27	16	100	47	65	33	63	80	23	77	52	54	15	50	98	56	80	36	29	58	99	75	15	61	88	69	49	37	100	14	58	22	29	61	12	89	81	38	97	92	22	11	10	49	51	61	59	40	26	78	32	35	39	76	34	84	60	48	48	25	31	70	87	13	60	29	30	76	21	56	84	15	84	91	50	48	44	96	15	32	53	49	94	96	21	37	46	94	72	59	40	94	37	14	37	48	86	71	83	26	31	66	71	61	53	15	81	75	38	62	20	84	33	85	44	97	32	96	45	21	76	17	56	71	11	31	51	74	32	38	70	58	84	49	33	37	32	62	88	68
54	68	77	78	37	10	29	56	64	20	68	65	52	58	46	67	64	72	41	20	57	94	68	29	56	89	95	95	69	38	41	23	92	86	83	30	50	32	65	86	97	76	95	44	53	14	81	20	96	48	86	60	72	47	68	43	35	96	19	43	87	35	51	88	82	52	17	71	43	14	64	69	30	74	62	49	78	41	62	24	32	43	64	70	68	84	75	27	22	46	94	43	41	19	78	79	68	45	38	60	67	38	60	73	35	90	54	39	47	21	52	24	97	49	20	81	91	96	32	33	79	94	92	50	33	77	42	86	37	70	72	100	50	28	15	15	90	43	91	64	78	43	19	85	100	74	37	14	74	71	39	53	47	70	19	67	97	81	99	96	76	64	96	65	93	24	94	87	15	70	61	79	30	83	68	12	22	63	90	59	90	27	38	87	29	55	45	99	88	63	81	46	95	65	61	80	69	45	17	13	90	61	84	50	25	78	78	19	49	93	62	93	58	19	52	34	65	48	87	22	13	94	40	40	90	65	29	56	14	53	84	42	85	16	51	15	73	76	27	84	76	22	62	59	43	40	78	75	20	34	76	19	41	62	55	39	52	65	41	62	23	32	33	76	20	82	80	31	67	56	33	45	59	28	24	67	78	67	57	10	97	29	20	73	60	68	75	12	20	56	91	98	41	81	38	76	77	36	74	93	71	18	78	19	74	98	73	68	85	98	86	28	70	29	75	13	33	44	81	33	64	11	37	29	58	67	78	76	24	58	45	40	54	80	45	23	23	18	82	63	93	39	49	14	94	61	26	13	44	50	66	13	92	73	30	31	10	80	42	20	52	72	67	92	70	43	65	24	19	83	84	19	73	73	38	93	89	47	58	35	37	86	88	34	88	98	16	24	17	82	61	33	92	85	80	38	60	30	72	55	43	69	70	29	87	30	44	54	14	78	44	88	22	93	12	23	37	95	69	12	14	66	36	56	22	17	32	95	18	31	44	92	88	45	55	35	92	36	71	88	13	12	10	64	56	87	74	30	43	82	84	51	91	22	63	60	62	27	97	45	89	44	74	99	21	19	74	24	71	40	12	82	11	40	93	49	68	62	61	84	17	48	31	41	28	71	72	28	64	46	44	91	69	99	46	77	22	37	10	37
46	99	12	80	36	67	21	51	93	43	82	30	93	71	44	90	28	37	70	63	71	42	90	57	93	76	84	36	68	79	93	67	66	85	77	29	44	22	94	95	69	75	60	97	90	94	11	59	17	96	95	41	56	90	29	27	51	34	18	56	18	30	47	23	66	46	79	97	100	68	82	48	91	61	66	30	32	27	15	15	62	48	63	99	33	17	70	65	33	66	22	38	27	92	64	82	46	14	69	33	42	89	23	71	38	34	57	16	20	57	73	11	95	11	78	70	42	87	38	75	97	36	36	21	94	71	28	32	87	73	30	40	20	68	11	87	35	33	29	39	96	98	72	99	45	86	95	70	69	53	51	35	100	41	59	74	58	23	60	94	60	77	36	86	22	66	48	65	62	87	70	70	52	91	86	24	94	25	25	33	68	89	100	84	62	94	56	88	30	87	34	41	30	36	30	31	34	12	62	52	72	96	39	23	81	22	25	96	72	89	11	49	34	57	89	53	99	22	55	45	91	86	96	95	45	61	99	22	64	65	60	95	50	26	17	78	44	47	73	54	67	33	21	48	79	59	81	91	50	67	21	90	83	29	78	91	50	44	52	11	37	94	27	60	60	42	30	45	79	50	49	95	22	59	50	85	41	11	93	43	62	78	18	31	52	14	25	19	96	51	53	75	60	69	75	43	33	42	87	24	81	67	88	48	98	15	53	35	78	75	41	75	69	79	90	41	75	75	39	53	31	95	29	24	74	81	52	43	47	70	71	42	100	68	23	12	54	55	83	90	10	49	100	61	90	14	30	27	29	60	49	89	75	92	33	89	16	67	65	36	72	94	64	95	22	81	74	27	26	34	47	15	65	16	67	63	36	58	85	86	54	85	68	88	21	18	74	60	44	45	18	25	38	29	17	47	46	40	54	58	24	13	52	57	27	64	16	32	24	74	69	69	61	99	19	38	73	62	13	40	95	97	50	99	69	27	37	90	15	93	54	81	23	62	78	96	17	96	16	39	100	64	42	27	21	28	33	64	93	46	35	21	90	38	41	49	90	14	83	82	19	17	97	73	55	57	22	52	92	64	21	97	55	59	58	16	97	82	57	88	50	52	41	56	97	95	27	50	85	11	63	43	62	49	54	45	89	17	98	97
16	90	28	76	37	45	99	48	42	49	90	17	67	32	70	32	16	97	77	11	42	57	11	84	93	10	90	39	71	56	81	86	70	62	50	84	17	37	11	96	73	72	16	57	51	13	51	83	23	63	89	99	69	65	44	14	54	20	32	57	31	85	58	70	98	32	34	46	89	72	92	41	85	67	70	82	10	68	52	38	92	81	64	13	54	95	70	18	90	57	57	20	13	30	40	48	47	46	67	96	18	51	58	35	24	24	90	53	37	61	25	70	32	57	97	72	38	76	22	77	71	97	14	61	12	24	40	50	56	46	66	31	80	25	69	88	72	34	49	55	91	74	65	92	25	96	68	82	19	64	18	73	35	88	50	13	53	73	94	12	29	16	15	52	99	53	65	99	67	92	49	97	52	18	100	45	36	54	30	92	38	90	45	16	69	42	92	27	58	38	20	24	10	98	58	59	66	61	15	78	79	24	45	60	17	68	17	97	95	27	53	12	69	92	47	50	38	13	46	63	14	15	90	17	94	91	79	48	97	69	52	57	39	14	36	55	83	87	31	45	66	33	75	69	58	51	78	24	74	46	66	65	23	13	25	84	10	14	91	27	67	10	48	60	22	38	27	26	22	76	53	19	16	66	51	93	54	63	41	73	36	85	64	79	62	95	76	39	37	75	34	93	68	27	13	46	40	91	99	10	30	13	94	19	46	65	70	55	21	71	26	80	80	74	54	85	55	44	67	13	85	82	11	34	15	67	77	18	31	80	82	53	12	66	76	96	53	99	59	13	34	80	97	77	32	30	51	84	95	35	36	37	96	70	65	83	51	71	16	13	26	55	42	26	68	43	28	99	62	64	46	37	48	44	43	81	21	26	94	30	100	50	52	78	16	66	52	35	84	72	48	13	53	36	79	94	94	86	24	56	62	30	31	61	71	87	19	23	70	42	28	96	75	49	24	39	12	68	77	23	32	41	85	65	38	18	32	85	61	67	49	70	69	15	65	90	50	93	28	34	38	95	95	20	96	54	86	26	85	43	92	87	22	85	86	53	41	76	99	100	24	52	28	27	20	49	49	28	48	77	54	39	72	36	83	15	40	12	53	63	97	75	81	44	28	56	52	19	29	73	15	56	27	68	41	75	10	39	88	54
18	93	28	15	97	35	38	36	51	73	57	25	79	56	22	94	66	36	23	69	38	89	38	44	62	49	50	93	31	82	84	92	71	79	32	72	32	96	42	80	70	48	62	91	92	83	36	25	92	21	24	89	73	14	95	36	57	22	37	69	50	56	60	61	70	26	39	16	81	79	15	62	17	99	70	42	92	70	86	73	91	34	90	77	85	12	43	54	92	95	37	29	56	89	89	75	64	43	49	57	34	68	55	19	98	70	34	44	88	28	22	50	69	97	97	11	68	78	44	62	11	62	43	95	68	78	93	62	48	29	32	23	46	20	22	61	70	29	38	16	27	60	45	41	34	21	90	33	27	60	50	56	58	56	28	38	64	39	75	22	23	95	55	49	70	81	37	14	62	90	88	89	24	30	30	19	90	69	78	94	75	100	17	59	57	91	45	89	89	92	28	92	27	59	47	36	31	56	22	77	57	91	44	63	65	97	22	60	52	42	17	68	56	28	11	84	93	75	44	34	73	23	34	97	21	65	42	38	27	41	77	20	96	43	82	16	95	65	49	75	27	25	51	93	89	57	42	42	83	59	42	28	64	96	41	44	29	76	60	28	29	85	23	96	84	78	49	36	22	67	83	66	37	11	37	67	50	20	25	85	52	84	79	73	67	14	25	98	87	21	92	92	93	54	89	90	22	43	69	50	24	64	95	72	99	70	71	57	34	69	71	51	88	55	29	91	35	69	16	78	33	34	42	38	75	98	37	31	52	55	28	42	30	66	51	45	37	13	80	27	11	71	13	95	57	27	25	48	59	62	74	60	96	92	57	36	12	33	67	62	55	57	59	60	88	65	74	80	60	60	96	89	59	24	100	11	42	43	64	19	82	84	27	79	34	32	32	99	32	86	73	42	78	29	83	75	19	46	30	76	11	63	98	81	94	81	22	82	25	20	46	43	52	90	58	36	20	72	70	55	90	74	91	48	38	94	89	72	28	64	85	55	21	76	53	55	15	12	20	11	18	39	38	29	47	50	36	88	98	93	92	39	78	57	34	44	22	52	48	78	82	81	79	61	25	61	59	56	92	46	28	66	63	78	73	55	55	30	19	60	77	34	41	33	71	79	94	37	25	12	88	66	22	65	88	35	64	29	81	75
87	63	58	56	13	42	64	61	60	95	33	21	84	23	71	38	55	27	96	24	88	94	37	67	57	65	28	53	34	70	76	91	37	11	47	78	83	37	66	85	76	35	12	62	50	65	81	67	90	48	98	93	18	85	68	52	73	68	86	52	34	48	82	46	59	62	29	30	26	38	82	88	29	57	40	63	82	95	84	10	40	19	88	64	11	55	31	58	12	57	46	46	99	22	16	13	61	67	43	76	68	87	37	74	65	60	32	100	26	72	54	64	66	51	76	36	79	75	88	30	45	16	67	12	27	26	63	62	62	98	55	52	80	81	14	28	38	47	76	96	45	31	100	43	93	95	51	43	16	88	57	95	71	66	17	36	94	49	84	14	47	11	29	68	44	89	12	65	87	85	36	98	89	17	10	30	32	66	33	50	87	86	88	10	36	13	45	54	16	37	96	15	75	24	82	88	32	46	83	19	94	57	94	52	52	58	58	66	88	29	22	54	17	80	88	24	47	45	81	94	50	83	72	33	16	86	58	77	83	72	28	51	87	30	51	73	56	60	69	14	55	77	63	31	32	66	59	24	55	25	79	57	66	38	11	38	12	93	45	98	32	69	26	67	31	47	55	31	12	64	83	72	29	86	74	18	93	58	53	29	52	83	22	20	47	36	75	95	78	59	29	70	14	42	35	18	57	89	21	87	32	31	95	14	89	39	70	46	44	50	90	79	93	38	23	96	70	14	96	13	47	14	19	86	36	15	75	22	73	18	29	48	34	34	45	88	74	70	40	61	55	26	17	61	91	53	32	98	30	32	80	86	32	30	33	33	19	70	34	15	30	11	21	27	93	43	29	42	25	70	51	42	59	40	96	24	99	58	17	58	20	45	61	42	62	14	73	31	68	39	88	86	18	85	87	63	67	92	54	31	81	17	37	69	13	47	95	88	25	42	16	54	12	27	64	21	71	45	29	69	34	78	65	83	83	14	45	78	58	26	14	94	26	85	21	36	73	69	87	56	26	30	10	20	67	42	43	73	13	13	78	91	84	29	81	35	96	30	58	71	14	42	91	98	55	44	16	69	19	14	56	72	41	52	61	51	30	89	42	62	67	40	55	46	43	52	33	92	28	25	98	100	45	31	87	37	83	32	87	78
58	79	12	88	19	76	56	53	68	41	94	39	65	63	75	28	93	68	60	85	76	23	49	76	94	83	29	22	62	99	70	71	55	49	35	27	11	25	47	22	63	25	14	22	46	60	96	85	19	59	26	84	26	39	37	62	25	37	88	53	45	55	29	13	71	91	90	27	15	34	75	30	88	96	20	32	50	48	87	36	18	26	45	46	28	70	20	36	70	76	86	17	13	99	47	90	99	82	31	28	34	90	36	45	65	43	23	74	46	83	58	89	46	33	84	36	13	76	63	76	37	14	49	31	88	42	87	74	28	85	55	74	92	40	62	93	87	89	75	45	79	16	45	39	96	51	11	47	54	24	12	43	14	64	65	39	95	74	48	71	30	44	87	58	51	83	20	30	94	17	34	68	23	24	48	50	86	88	15	26	25	45	70	53	30	16	17	95	49	20	45	61	70	93	27	33	18	86	60	11	97	92	61	35	75	80	88	85	63	48	20	85	84	60	22	77	59	56	28	81	98	14	96	75	62	68	12	41	98	95	88	90	44	69	58	91	50	90	23	34	56	16	16	64	91	49	81	74	90	88	89	41	20	85	43	94	46	74	79	20	24	53	53	18	11	66	89	50	29	78	83	44	34	30	67	84	74	50	26	33	87	74	55	19	95	98	40	54	21	63	19	44	43	99	23	14	12	45	85	65	84	22	29	38	32	61	69	72	47	17	37	59	96	87	67	39	61	68	51	35	72	61	36	45	16	10	85	53	80	29	95	40	62	97	69	13	13	35	40	51	87	100	40	71	47	96	83	67	80	26	97	24	79	66	63	84	15	27	54	83	21	83	73	12	75	61	35	68	13	90	22	99	76	88	90	29	43	55	67	70	95	18	42	84	84	58	43	46	18	14	67	28	51	52	70	94	62	65	39	43	88	64	39	12	19	79	98	98	49	99	59	63	52	93	63	78	27	88	42	16	71	60	92	27	90	17	65	85	68	92	45	95	76	46	41	14	81	91	92	83	14	70	89	12	50	43	35	14	83	95	58	78	29	51	24	91	67	65	38	37	40	21	71	100	29	47	89	89	11	61	29	97	31	19	99	90	15	68	64	87	59	34	93	27	38	12	28	12	61	77	21	95	54	98	56	92	11	28	37	42
59	85	55	89	91	56	92	98	86	94	48	32	38	67	29	95	69	76	56	74	51	24	41	71	65	67	63	68	19	55	88	25	81	40	81	97	74	99	46	53	38	27	24	19	85	60	46	38	46	99	24	88	84	95	32	94	80	56	17	34	27	84	10	43	14	29	99	28	65	54	96	94	46	46	34	96	20	21	87	94	25	43	62	62	88	96	42	21	81	28	93	71	32	86	24	64	60	66	16	93	70	43	85	22	33	42	88	99	52	20	22	59	38	60	22	39	86	41	53	57	45	82	27	90	29	43	79	65	18	33	40	40	49	91	31	16	48	36	67	82	81	58	12	98	25	32	58	84	30	99	81	91	83	55	17	95	79	83	17	48	83	66	99	39	90	52	91	70	70	13	86	43	91	50	58	76	68	18	83	33	53	13	89	26	72	59	84	20	41	95	35	46	55	43	37	84	64	15	99	29	32	87	21	78	46	45	97	29	21	85	62	21	48	14	76	48	50	27	95	13	51	93	60	49	29	75	47	87	92	16	72	61	62	85	46	83	15	48	35	19	86	99	48	34	15	49	47	32	89	96	19	97	68	17	70	100	37	36	90	94	44	72	25	39	59	58	42	18	34	53	61	32	98	67	90	90	18	34	16	62	60	44	67	81	28	80	24	91	32	93	29	91	46	61	89	28	23	93	61	84	67	64	44	69	38	78	66	66	87	30	14	74	36	69	49	41	36	93	33	99	47	21	63	55	64	70	15	37	87	93	53	65	20	79	45	76	99	99	42	80	63	88	49	29	79	65	28	10	87	94	87	15	70	26	21	24	33	92	92	60	92	17	21	86	90	34	73	53	49	97	28	22	44	22	68	60	69	13	98	94	60	16	11	34	92	60	56	90	13	21	92	95	76	33	53	84	43	98	41	56	11	28	69	92	67	42	77	33	83	23	43	89	78	20	42	33	90	84	53	93	64	62	100	17	41	13	19	34	77	50	90	88	41	41	88	30	46	90	21	89	54	17	34	13	55	50	45	60	63	26	43	15	62	63	54	83	77	90	96	35	36	82	95	19	97	30	91	44	73	78	90	91	80	41	45	29	20	78	86	42	54	85	13	74	96	28	49	54	57	92	14	13	90	74	95	53	71	21	96	63
36	43	38	84	83	47	19	17	57	63	33	21	10	61	99	96	49	99	83	15	71	68	18	82	91	49	18	32	70	34	80	57	24	58	42	55	96	60	47	40	100	29	62	11	59	12	55	18	88	72	37	97	49	54	10	57	10	93	76	83	61	94	14	17	70	22	34	38	85	73	99	20	66	92	21	75	67	23	100	54	53	41	99	11	86	30	93	91	81	48	89	98	61	59	38	39	20	37	93	79	48	67	14	72	75	54	40	58	35	75	15	86	77	12	14	13	85	56	21	27	47	95	71	32	69	33	53	43	63	96	28	15	66	32	89	69	74	13	71	71	24	74	19	66	69	45	32	58	85	36	80	56	29	68	95	21	88	12	97	52	33	96	14	31	58	22	88	33	45	38	86	91	85	47	52	38	73	36	93	47	26	31	51	50	89	78	18	58	35	55	94	76	58	33	36	96	46	73	90	36	20	68	53	93	65	82	34	89	86	14	31	45	98	51	75	71	59	55	67	23	97	47	87	32	50	41	58	56	96	65	31	96	60	16	94	58	32	28	38	47	18	49	53	75	77	16	26	53	21	64	97	92	59	85	93	58	94	25	77	91	74	79	12	11	16	45	52	17	32	89	43	77	69	68	91	40	39	45	50	36	63	59	17	91	73	92	76	34	98	20	10	47	77	12	19	43	25	41	11	24	89	11	70	98	34	14	40	93	24	77	81	24	73	94	61	92	81	53	65	25	42	64	76	73	60	80	16	45	23	67	37	43	86	15	91	21	39	26	83	33	63	80	23	52	30	93	41	31	60	24	91	86	62	39	61	30	63	19	69	47	38	14	18	15	19	95	53	37	97	26	25	74	14	87	15	25	47	49	18	67	53	19	99	37	14	23	38	22	71	74	28	39	86	87	54	14	91	57	42	92	75	41	24	38	88	68	60	20	41	10	27	34	98	19	82	24	38	23	61	87	17	59	91	73	71	86	82	90	57	50	20	92	39	72	37	14	96	86	73	14	90	27	64	94	35	97	11	51	67	45	41	52	71	27	100	99	79	90	13	25	58	17	72	41	61	29	95	45	27	40	91	43	99	61	99	60	92	17	14	70	96	87	61	11	96	57	82	81	21	94	52	36	44	59	49	75	70	25	78	41
43	71	86	74	64	44	99	25	10	28	60	98	63	80	34	30	90	28	50	66	81	11	86	47	29	89	41	91	59	14	50	21	36	77	67	66	47	33	69	78	56	57	19	60	99	33	12	27	27	57	70	31	51	35	20	62	46	55	28	91	24	72	15	59	52	13	80	47	10	23	84	37	97	20	46	47	67	78	97	63	43	66	22	12	98	74	79	13	89	35	56	11	49	98	85	82	35	83	69	66	89	48	49	76	25	78	46	53	61	18	46	94	70	60	68	81	72	91	11	37	80	17	57	61	33	21	81	10	99	27	73	42	16	71	63	88	52	79	26	18	17	64	86	14	93	38	93	37	65	23	54	60	28	99	57	50	11	15	68	26	59	12	78	42	27	36	49	27	55	83	10	41	74	100	55	60	93	25	95	46	21	48	24	100	88	94	64	60	48	74	61	86	33	80	62	89	96	91	63	73	42	52	96	93	49	32	65	18	56	61	36	45	56	60	24	51	97	38	13	58	19	20	65	60	86	29	29	47	82	48	25	59	28	28	78	90	70	48	41	80	21	94	99	84	96	50	53	82	75	58	82	29	16	28	24	15	77	46	66	32	38	39	79	86	88	48	59	69	31	45	25	26	62	69	89	75	43	57	37	17	45	94	16	14	46	89	62	77	69	88	69	24	25	84	85	73	60	30	16	82	80	87	32	13	89	98	59	63	49	46	83	82	81	79	27	88	42	41	38	53	25	53	92	68	58	100	26	18	87	67	37	58	87	61	50	11	95	30	28	77	22	84	28	32	28	92	93	46	84	74	34	24	95	55	44	27	42	43	99	40	34	83	86	18	61	32	43	69	21	97	35	72	57	53	12	30	12	45	82	72	29	21	13	33	16	64	34	23	60	50	85	73	66	23	52	32	35	86	82	42	58	76	17	77	31	71	97	84	84	74	34	11	32	30	58	72	58	16	62	17	83	14	65	36	37	50	17	44	67	26	57	78	63	57	85	40	81	74	83	61	78	45	21	48	62	45	31	53	31	23	54	86	31	11	63	92	64	76	100	15	16	44	96	49	85	44	37	39	55	13	33	88	81	54	18	39	85	76	72	55	56	98	81	94	86	75	12	52	53	44	58	79	50	41	50	12	66	54	80	76
96	60	58	57	47	25	22	66	14	100	89	39	72	28	74	37	84	27	35	47	88	83	28	68	83	43	77	35	73	26	61	48	74	89	59	94	98	82	37	89	72	86	60	27	29	57	77	94	66	59	64	62	66	31	59	90	47	78	93	28	84	42	36	25	33	74	63	62	45	76	91	49	47	22	95	38	41	45	85	91	50	92	49	52	75	76	20	93	15	85	82	87	77	23	84	47	20	64	30	43	93	50	84	90	42	34	66	55	46	44	27	13	77	26	87	22	26	70	80	98	40	41	17	65	76	66	29	86	44	31	80	32	63	45	66	56	27	54	81	89	25	11	92	36	54	19	51	33	82	15	56	58	68	94	72	31	28	24	79	38	63	52	29	43	89	44	71	37	72	11	45	81	94	89	23	65	46	58	14	54	56	86	75	72	64	93	66	24	87	35	97	91	77	50	60	66	23	96	78	94	88	81	90	38	35	61	62	28	50	68	28	20	12	20	18	26	50	87	21	53	99	54	97	26	19	30	23	15	59	46	76	44	34	22	21	52	48	92	37	84	37	85	47	32	25	42	52	95	48	98	64	71	35	31	28	93	45	32	84	82	85	43	56	82	54	34	70	34	34	72	64	45	47	15	28	89	74	80	26	71	60	17	40	81	35	22	56	43	55	13	12	76	80	32	40	23	69	93	38	52	11	45	80	64	94	71	48	66	49	10	58	56	80	38	64	67	32	46	66	41	30	48	69	62	12	61	89	41	47	57	58	26	68	91	54	16	49	76	12	51	89	67	48	51	32	63	31	20	56	22	45	35	48	77	18	26	81	14	17	79	83	19	89	10	98	61	97	72	60	40	37	72	76	83	48	90	69	63	96	34	24	93	35	59	74	74	94	52	54	61	95	90	33	83	96	33	29	42	25	46	55	37	51	15	29	49	15	44	71	83	14	20	25	11	84	99	44	57	66	87	38	92	23	77	72	83	18	52	27	83	28	28	57	21	81	28	12	37	68	52	29	12	77	19	38	99	33	74	65	39	99	29	91	99	77	42	100	22	21	54	56	33	97	68	69	19	80	55	20	57	86	13	58	56	51	62	99	96	60	59	85	63	85	53	60	36	46	79	80	96	94	96	98	41	88	14	53	99	83	98
11	31	40	22	88	61	16	93	41	42	21	87	16	51	20	95	85	78	53	15	61	27	20	22	16	41	85	92	37	54	50	37	61	86	26	22	86	85	20	39	73	97	91	71	71	97	76	14	21	73	70	47	28	88	55	79	98	13	48	90	45	47	90	93	68	35	60	11	63	88	65	28	11	82	11	31	23	68	12	38	48	76	76	94	48	32	53	49	57	89	64	75	11	62	20	81	62	99	63	93	92	57	66	84	86	100	59	82	20	31	53	90	92	95	59	78	26	59	56	73	91	72	20	52	45	72	49	58	60	51	20	53	70	22	40	81	74	49	93	98	89	32	94	39	29	51	29	88	40	54	20	84	35	35	76	80	51	14	53	11	32	32	67	53	99	89	59	23	56	66	90	26	18	81	96	42	15	15	86	83	93	90	98	89	18	59	20	86	71	16	50	83	88	96	50	82	57	65	56	35	59	13	67	72	19	18	48	67	85	77	42	11	34	44	47	36	47	66	50	28	90	41	11	52	88	64	92	59	19	24	88	98	75	40	56	47	20	40	49	54	64	25	24	21	61	21	66	14	12	95	65	66	31	99	66	16	78	41	93	62	95	26	75	66	73	72	56	64	79	87	81	27	12	11	22	74	37	11	35	86	94	39	63	87	63	46	82	70	94	89	28	33	90	26	49	65	19	99	87	47	68	12	68	29	57	25	98	86	27	61	40	56	22	14	27	36	69	99	69	23	45	12	17	85	13	85	29	23	96	75	65	42	17	78	79	66	68	18	46	69	89	36	33	58	16	50	96	81	79	71	71	77	86	40	66	14	47	17	79	42	26	42	63	82	81	95	35	53	70	76	13	88	27	67	68	99	68	11	95	37	60	59	44	60	71	52	34	65	50	77	53	80	75	79	84	79	70	43	64	35	68	39	96	19	92	27	99	21	41	59	31	32	18	26	21	13	70	38	80	42	72	56	18	12	48	11	96	93	38	79	90	41	94	79	52	99	66	15	71	51	81	81	59	20	12	63	77	84	53	16	82	59	58	77	72	60	34	52	83	93	34	70	20	42	99	51	38	81	26	40	34	40	12	32	27	56	67	22	36	16	21	56	30	57	81	17	49	71	63	54	24	87	71	69	18	33	88	35	88	86
wj																																																																																																																																																																																																																																																																																																																																																																																																																																																																																																																			
38	8	15	58	15	52	91	22	2	41	85	93	95	87	72	81	59	24	13	62	42	71	91	66	66	58	3	42	46	74	82	18	74	27	35	24	26	67	71	70	65	30	84	66	21	37	36	74	98	54	12	13	39	17	20	19	58	17	65	91	28	70	18	95	96	39	29	72	4	29	57	44	38	3	58	92	19	31	96	63	14	23	10	72	53	85	14	71	34	30	53	96	82	5	75	76	2	58	38	64	35	78	50	89	55	2	63	41	64	11	41	26	43	62	51	1	4	95	75	25	74	89	89	35	39	17	31	40	70	35	10	9	55	96	88	90	51	86	55	7	45	24	95	61	89	36	89	4	49	25	83	77	57	90	27	31	65	52	16	93	78	5	70	82	1	87	89	34	94	37	66	96	51	14	68	12	81	48	13	8	4	69	96	71	13	46	2	39	41	4	60	46	52	92	99	97	79	55	99	54	96	43	25	26	57	74	93	92	78	26	25	69	33	94	63	49	2	54	63	81	53	2	74	59	32	90	56	69	95	92	20	83	3	44	18	67	73	38	78	37	87	82	98	18	53	54	91	95	48	95	79	75	33	49	52	3	61	18	19	33	91	27	80	91	67	8	51	74	12	90	60	71	6	10	34	6	78	94	96	9	93	86	92	43	23	89	93	9	22	18	39	54	51	52	70	59	15	68	3	34	37	30	27	32	16	61	13	78	18	66	59	46	36	23	43	31	99	6	29	63	48	9	34	21	2	43	45	55	29	60	25	88	62	77	14	91	80	53	24	22	39	86	9	42	71	18	37	98	27	64	69	7	15	42	17	77	51	18	91	44	67	83	99	2	26	68	88	96	99	46	50	6	60	33	20	40	58	53	98	61	7	44	88	13	55	46	100	67	43	12	30	51	46	43	76	77	86	98	35	40	7	76	41	58	64	10	53	98	70	95	32	72	9	37	26	10	77	59	98	47	9	59	46	6	10	22	38	36	13	12	13	3	35	60	36	83	97	2	29	75	8	6	68	48	92	93	65	7	58	78	10	79	36	65	59	16	31	19	70	40	36	9	22	46	72	37	24	78	46	28	64	65	4	75	13	39	61	66	4	14	39	98	97	66	5	86	93	50	16	11	59	75	59	77	66	91	56	63	88	89
