pij																																																																																																																																																																																																																																																																																																											
93	16	77	69	42	20	19	61	56	19	24	87	43	75	70	12	42	94	39	32	72	59	49	22	56	92	84	49	96	18	58	56	82	32	44	80	82	25	73	21	10	48	67	55	100	71	11	79	98	67	97	38	83	42	13	28	80	76	85	50	77	82	52	35	89	30	14	72	70	65	74	28	96	78	96	27	51	31	42	15	38	69	43	19	80	47	18	95	44	64	53	46	74	88	19	87	88	22	62	83	24	87	29	30	59	99	24	33	20	34	43	60	83	90	72	59	41	83	45	14	81	16	92	36	43	22	60	13	31	48	39	99	85	19	61	73	41	22	38	18	54	36	76	10	33	20	27	35	93	55	16	14	60	22	69	13	53	27	19	57	100	52	16	20	37	42	81	39	56	94	96	91	63	57	94	75	23	18	32	31	100	25	80	59	42	71	12	42	52	26	73	65	66	65	34	60	62	63	53	91	98	61	70	60	19	47	95	87	47	68	53	50	21	84	30	14	99	31	31	58	77	98	23	16	37	37	96	75	79	45	17	15	76	86	81	83	37	16	49	40	74	73	71	49	75	35	62	20	56	19	80	13	43	88	58	32	48	20	97	34	45	85	63	93	66	44	25	69	62	48	25	99	58	21	95	92	75	67	80	47	35	30	13	37	61	85	45	16	17	99	22	29	14	17	80	66	78	27	84	34
79	51	76	13	40	71	74	70	75	66	48	51	28	50	74	87	36	68	100	92	30	97	79	83	85	68	70	72	47	37	38	45	56	53	70	17	25	40	99	19	85	82	32	79	66	24	75	58	45	72	86	50	83	84	91	73	62	60	96	25	79	66	91	84	42	26	44	11	89	61	17	88	64	81	76	36	93	92	38	16	83	51	41	55	20	26	19	22	88	66	71	63	81	59	60	14	68	93	71	77	90	84	41	72	28	58	59	69	66	22	49	97	77	60	79	63	56	44	56	20	50	23	55	77	16	71	75	21	62	97	87	49	78	26	15	92	54	90	26	79	17	79	89	61	55	72	44	29	60	96	32	15	94	70	30	92	90	56	52	36	25	71	21	67	44	84	76	80	33	38	63	20	65	60	47	34	12	22	78	57	23	26	50	25	37	11	27	64	26	45	39	23	64	61	36	35	66	91	55	57	81	21	91	41	24	11	82	55	65	99	63	87	26	67	95	17	68	63	93	15	90	28	36	38	20	68	100	78	79	49	36	57	69	90	61	66	52	40	64	84	54	29	37	42	78	78	49	26	75	32	18	70	16	69	44	29	87	24	75	51	17	94	60	45	97	43	54	30	75	90	60	60	38	19	99	17	52	50	87	11	36	97	31	81	57	96	18	29	87	36	61	69	27	23	86	49	98	58	17	25
98	34	29	26	12	62	69	10	93	19	20	14	93	67	29	31	53	74	59	55	21	75	29	21	69	13	10	63	66	68	48	53	28	48	48	84	54	70	63	39	26	53	74	51	73	88	73	52	29	24	46	27	85	52	48	95	98	84	95	42	98	99	14	64	65	67	88	22	49	70	32	22	14	16	81	92	74	24	72	13	14	50	18	49	54	88	28	18	72	32	97	96	49	52	51	26	71	94	46	86	67	96	43	36	90	71	24	50	19	78	32	20	23	14	55	55	43	68	26	13	72	29	71	12	25	15	53	75	13	44	87	45	21	71	38	69	95	77	63	77	70	92	87	35	63	29	98	97	17	40	31	50	71	71	80	49	61	96	83	63	80	99	24	69	62	47	23	64	48	97	43	41	57	25	14	76	57	63	26	48	38	81	16	12	29	75	82	64	77	25	96	82	28	94	96	99	95	68	92	11	74	30	51	88	17	13	15	87	85	79	47	72	52	52	32	74	75	78	93	18	62	67	31	66	81	46	17	94	78	69	90	80	79	34	27	19	90	33	11	97	46	95	29	27	65	20	39	86	44	14	45	85	73	33	26	13	82	90	69	39	45	88	41	43	17	92	51	41	87	43	53	12	63	17	82	67	14	57	46	34	95	65	60	88	40	66	79	82	54	34	20	31	25	58	19	61	17	93	99	25
29	57	83	30	51	79	20	58	44	65	84	65	94	73	87	18	15	69	42	34	33	69	35	35	67	51	98	95	54	92	10	35	21	23	40	44	50	53	17	61	67	93	40	16	66	24	70	28	50	56	84	12	49	24	56	27	62	46	39	52	92	27	42	66	82	18	47	35	55	94	95	30	28	45	84	70	64	29	10	86	94	31	34	75	93	19	57	62	46	32	12	43	62	69	30	28	30	92	11	75	75	65	55	31	79	31	70	76	52	43	42	53	70	37	12	38	23	17	78	48	27	30	29	100	29	36	23	86	91	32	37	26	81	88	62	92	98	49	15	34	29	69	10	64	95	79	85	20	86	89	63	40	15	65	25	30	41	23	97	32	96	99	62	51	85	65	88	37	91	64	65	78	99	70	98	46	69	37	72	39	53	21	90	49	10	31	45	70	21	38	25	77	17	57	58	93	11	49	29	19	49	42	36	62	42	20	70	54	72	26	87	13	92	25	85	81	35	38	93	86	18	22	60	70	48	27	84	81	66	94	89	93	86	88	73	44	97	36	60	89	50	63	75	66	69	61	67	21	96	67	25	65	20	13	18	79	32	18	81	81	48	27	44	44	15	88	45	92	56	62	18	59	22	88	74	16	27	86	89	71	62	95	93	90	95	13	36	83	84	82	49	65	80	30	18	10	41	63	65	86
27	42	40	98	96	40	97	71	94	60	38	49	60	98	77	23	33	19	58	47	17	46	47	26	83	98	82	62	47	76	99	43	61	85	56	73	23	41	97	95	12	80	89	22	69	35	73	78	95	38	31	98	82	98	54	48	78	92	69	27	84	23	60	46	80	60	99	65	37	69	22	68	96	16	13	31	91	67	92	45	79	94	76	83	72	93	88	66	64	81	48	60	84	100	27	82	13	37	94	47	25	41	84	88	78	42	86	29	93	68	50	38	65	96	84	42	77	24	32	72	81	22	41	21	23	59	35	63	93	65	27	82	29	38	26	28	67	78	98	52	37	65	67	66	99	57	13	22	82	18	21	72	69	25	85	46	80	69	64	28	26	70	100	82	31	33	81	85	68	95	25	43	92	55	18	53	54	51	69	63	47	63	22	58	76	14	34	12	50	85	51	69	84	24	78	63	71	31	34	24	40	17	58	70	34	50	44	16	15	17	17	79	57	24	65	80	75	68	70	99	50	40	31	57	20	98	24	18	56	61	36	63	40	18	19	66	49	61	98	15	64	51	70	19	88	86	34	28	72	36	36	56	33	11	84	30	80	45	31	53	20	58	61	35	73	83	33	54	61	76	78	51	67	53	47	48	38	24	32	95	48	49	92	59	99	74	84	76	20	87	73	72	15	72	79	100	13	23	61	47
27	70	70	48	70	19	43	37	59	26	38	27	77	97	28	86	91	59	52	71	50	31	23	62	62	68	17	52	14	81	41	12	19	40	73	56	53	16	78	84	60	78	49	96	95	79	10	92	86	31	35	61	85	31	80	79	27	39	58	82	66	38	53	63	13	68	80	47	95	44	33	33	96	12	56	18	80	94	65	47	87	34	71	21	13	78	17	34	88	34	45	54	60	35	31	27	65	78	67	76	10	16	88	89	30	40	95	64	14	87	92	90	89	23	59	95	92	77	74	27	76	27	83	49	69	67	58	78	89	57	72	43	20	84	21	30	47	95	21	82	18	93	40	33	56	70	63	42	46	56	81	80	67	38	25	33	52	60	30	36	31	39	49	23	75	60	26	68	27	66	84	83	49	30	54	43	86	40	55	71	68	34	49	83	47	86	21	52	55	87	90	93	63	66	30	95	23	29	14	88	64	70	41	24	92	70	86	22	96	65	17	34	49	94	27	85	82	16	98	76	56	53	72	52	50	74	17	33	35	76	50	73	95	46	61	84	70	10	76	64	76	56	24	88	69	60	93	95	76	30	82	98	69	52	29	64	58	48	48	99	61	29	87	81	83	92	99	99	15	52	32	30	13	58	11	30	83	95	44	51	21	75	26	24	13	31	99	88	94	40	33	58	91	88	50	47	68	93	16	25
52	75	11	30	65	56	48	64	30	27	52	28	89	70	74	15	71	54	97	18	76	69	49	11	36	78	71	42	35	71	73	54	76	53	85	29	96	67	78	21	84	62	22	42	49	46	62	87	74	34	54	35	26	80	43	18	44	65	20	80	78	71	47	66	73	95	54	79	61	72	86	44	96	71	18	88	98	18	34	36	77	81	55	83	52	75	96	17	50	24	48	22	30	75	45	52	52	67	42	54	18	56	94	72	69	47	96	34	90	52	54	14	26	65	71	66	59	77	81	66	20	89	48	68	31	59	89	41	53	73	74	21	67	31	68	70	91	15	26	69	44	54	16	38	82	64	62	94	21	15	41	62	14	75	94	41	75	14	11	41	67	83	88	23	32	96	65	78	11	78	44	73	59	21	56	21	16	63	12	49	83	66	24	35	66	61	82	76	40	57	52	12	15	30	81	17	84	27	65	67	70	60	64	20	61	48	61	22	40	98	64	75	78	61	95	49	92	51	55	82	71	69	39	42	88	27	50	77	57	79	26	98	28	41	36	27	24	42	77	39	95	67	57	93	43	17	46	28	51	12	47	29	53	57	84	84	12	11	17	23	80	27	91	20	83	47	70	61	75	97	49	94	35	38	20	22	43	27	21	95	74	17	47	34	31	52	41	51	47	61	79	75	83	93	69	78	14	84	86	61
57	13	92	99	82	34	33	97	20	94	64	55	63	94	22	63	83	51	75	17	20	29	38	21	19	95	91	46	29	64	26	82	45	30	19	20	29	93	68	43	76	27	23	88	61	74	15	76	67	20	88	36	17	19	23	57	23	11	23	37	49	70	38	69	53	82	92	66	40	43	73	64	83	54	75	52	48	87	92	41	78	74	59	12	32	64	55	85	83	34	73	92	77	27	47	48	25	53	49	33	98	18	28	95	89	44	74	47	47	44	46	94	17	87	84	60	19	51	26	26	82	93	77	84	91	77	46	77	46	89	35	55	90	42	23	32	53	46	67	92	17	76	44	41	57	18	26	29	86	13	62	96	19	34	13	73	88	91	21	41	39	38	13	95	14	12	21	79	46	74	50	67	33	22	34	60	14	74	54	22	20	88	56	39	62	11	22	45	51	61	40	42	99	31	37	19	84	87	40	83	64	39	69	58	98	62	21	35	77	71	93	57	77	36	88	91	38	36	44	30	73	51	36	58	81	61	74	53	79	50	24	50	69	45	27	72	43	32	31	29	60	96	76	79	59	52	82	12	10	36	54	33	14	25	38	25	95	16	59	35	48	57	46	64	39	47	52	72	67	20	95	64	88	59	74	14	17	37	85	18	60	78	30	32	56	43	84	99	97	54	46	93	48	72	72	99	19	30	52	26
33	76	49	39	22	31	51	12	69	98	65	81	56	93	78	74	61	21	16	75	23	83	73	67	94	43	97	53	89	38	48	67	32	97	17	43	65	12	17	83	29	43	35	90	34	45	60	73	45	86	91	74	54	72	92	22	26	63	45	23	82	73	45	87	86	59	16	69	85	20	99	10	84	43	69	75	26	56	76	29	54	53	13	40	73	74	56	64	93	33	89	50	61	26	35	91	92	53	14	31	76	70	32	86	93	84	46	19	99	13	64	93	41	56	74	89	16	36	30	71	63	43	41	40	98	96	98	62	47	75	72	75	38	63	87	45	59	94	10	71	39	66	15	53	12	63	50	14	82	50	39	70	60	49	68	11	66	37	31	92	30	89	62	98	25	75	66	78	33	13	82	28	18	33	58	97	64	61	41	17	24	23	85	89	97	66	40	14	30	44	26	38	98	31	93	44	52	65	46	43	67	93	22	65	74	75	69	34	70	45	77	66	68	64	50	92	90	81	10	98	62	48	35	12	17	88	77	54	20	52	39	32	46	79	40	19	41	85	43	11	23	36	69	31	55	78	67	95	47	60	84	57	69	11	68	98	14	29	99	37	59	62	53	62	32	73	29	30	84	27	95	65	47	65	69	93	13	15	92	86	38	50	45	78	80	19	17	80	87	16	44	69	68	27	58	18	16	40	13	54
81	45	67	60	47	36	65	32	14	32	17	83	99	83	34	71	37	26	44	66	65	33	48	52	74	100	71	84	51	59	14	61	31	63	18	86	70	89	95	90	22	44	26	42	23	99	35	38	30	71	47	29	40	12	44	89	53	74	40	62	23	54	50	60	25	41	27	71	79	38	36	43	34	43	90	63	12	36	66	95	11	64	48	12	90	84	32	64	91	69	12	49	19	16	58	93	76	39	58	87	88	93	97	46	46	61	55	41	68	14	78	21	51	57	42	87	75	43	78	74	54	79	97	77	28	53	67	93	57	18	77	52	76	24	98	70	37	91	85	51	46	34	21	89	15	13	35	70	72	32	14	25	40	35	54	44	51	37	90	98	97	39	50	99	51	47	16	99	22	62	82	33	67	25	24	82	63	73	30	56	79	44	95	15	28	68	16	37	78	12	22	35	32	82	89	70	50	72	21	53	74	50	36	62	40	31	44	89	90	42	36	90	91	62	61	34	36	96	65	11	59	79	81	28	38	43	41	23	70	57	52	46	56	45	95	64	45	66	26	73	75	47	44	46	57	32	50	59	47	38	67	46	39	52	85	59	58	24	59	24	62	67	61	67	36	24	22	53	15	51	39	25	41	16	90	43	32	93	50	23	68	20	76	95	21	31	74	32	53	55	68	41	52	34	64	39	14	68	74	50
61	78	96	93	81	94	58	29	83	23	66	78	89	44	23	39	46	59	70	95	70	30	38	25	75	23	18	79	89	36	56	11	17	60	79	57	11	39	24	86	72	30	74	53	11	90	46	37	34	61	65	36	50	44	52	99	30	69	54	78	15	78	65	40	43	90	28	91	74	46	62	79	63	33	12	86	16	55	27	93	28	82	20	76	23	27	96	97	12	34	66	85	26	21	31	31	75	62	56	76	12	31	38	61	26	23	73	17	15	28	31	12	12	98	53	71	42	75	24	63	14	33	48	27	62	82	40	40	87	15	26	16	68	11	82	39	39	74	35	19	12	47	77	54	32	96	34	45	89	25	17	71	99	34	95	53	49	43	72	68	47	93	29	17	22	23	41	53	43	28	68	80	40	21	48	37	72	35	66	19	68	23	53	97	83	37	69	31	70	90	29	69	47	93	98	42	52	42	16	48	82	52	51	34	34	83	25	55	34	30	57	82	32	39	26	81	79	58	41	91	84	30	96	68	26	64	42	79	28	16	56	41	33	57	96	58	54	83	22	22	66	59	75	78	16	40	57	56	82	41	57	63	46	88	14	55	86	24	50	37	61	44	75	76	54	68	14	74	60	21	14	97	82	52	31	26	97	38	91	67	34	18	30	68	96	47	89	36	41	39	73	68	54	33	82	51	91	28	66	26
85	36	78	53	11	17	41	41	81	84	20	63	71	30	27	86	87	55	78	20	15	43	87	98	16	11	19	95	90	16	55	56	30	37	13	44	33	79	28	95	65	91	84	36	51	72	68	80	50	56	38	19	16	71	96	57	34	30	36	21	83	79	86	88	10	37	70	57	60	63	64	18	62	72	59	81	100	50	98	12	14	48	89	52	60	20	20	57	60	68	89	69	60	89	17	14	64	60	95	32	86	89	100	82	67	11	29	30	86	72	41	27	58	92	82	73	91	92	93	11	12	53	93	94	66	30	15	93	71	12	19	42	18	70	39	75	85	70	99	84	61	89	22	47	23	50	40	14	22	63	25	16	33	16	62	27	64	22	30	40	69	83	61	55	100	68	34	57	29	76	86	34	90	42	41	13	89	53	97	87	94	57	44	97	86	77	36	56	98	14	78	21	35	12	33	67	43	22	68	89	47	68	73	55	45	64	47	13	32	23	65	17	34	89	24	62	94	32	23	83	53	17	69	47	36	28	43	44	57	30	84	86	77	85	53	29	85	87	80	42	53	13	16	37	79	37	37	51	65	21	11	26	29	25	44	73	32	20	87	91	83	41	90	65	76	46	55	80	34	48	51	45	100	94	56	88	27	77	77	24	92	24	87	77	97	81	26	62	64	54	55	100	12	39	13	32	37	75	85	71
21	86	59	90	20	37	20	17	89	38	46	53	16	17	71	58	38	23	81	40	19	22	35	25	84	14	52	75	67	93	37	37	43	81	94	54	99	85	36	76	11	52	71	16	30	70	99	84	35	73	89	82	88	35	28	79	40	36	36	69	34	95	33	80	33	19	78	42	86	45	82	19	24	47	65	28	53	11	82	19	75	60	17	25	73	13	77	69	50	12	37	33	88	24	38	35	91	52	13	74	39	24	40	44	62	100	76	98	36	59	98	25	20	46	92	37	21	82	46	36	61	41	13	42	73	74	44	68	47	14	90	13	30	93	35	88	51	65	12	56	55	28	64	25	27	76	36	18	34	81	32	48	53	11	88	29	83	93	25	88	30	25	25	15	54	72	98	67	69	21	15	98	70	75	28	71	75	34	19	83	63	35	27	97	24	33	43	29	26	68	48	95	89	49	92	62	44	17	85	53	63	87	29	64	31	93	49	50	70	34	81	62	35	73	85	51	23	17	88	15	59	36	21	74	30	57	88	11	86	83	80	51	47	77	46	33	38	65	82	56	49	23	10	35	32	50	69	79	12	53	13	76	92	13	97	93	62	97	89	98	61	39	26	43	12	81	18	82	40	62	78	28	44	82	86	34	96	58	83	34	28	36	11	34	68	71	62	55	25	92	34	50	85	75	19	60	34	84	37	89
45	32	32	83	88	87	38	75	93	61	75	95	56	65	45	31	83	62	94	19	51	69	85	100	58	64	80	27	90	90	97	87	58	87	70	71	92	50	39	89	64	56	72	87	87	73	14	75	60	90	49	48	55	11	26	33	25	33	15	37	39	29	51	74	56	24	14	17	96	72	42	22	67	47	42	66	31	63	91	78	40	55	92	25	29	60	75	47	91	56	52	29	84	12	36	84	100	89	18	35	77	27	99	54	15	25	39	35	70	81	51	32	74	36	94	62	12	12	12	59	68	42	36	17	55	100	56	21	21	77	19	77	83	43	77	27	80	14	25	27	19	12	99	34	82	21	51	29	27	21	13	82	84	85	84	34	37	78	25	47	87	44	48	88	99	93	35	24	61	12	58	11	80	79	68	33	73	57	98	40	68	59	33	31	17	26	41	57	24	80	40	93	63	95	66	71	13	50	59	92	47	72	21	93	30	28	91	79	38	72	15	73	86	66	57	42	28	97	31	30	70	34	11	27	51	82	29	12	93	41	84	18	57	22	72	30	30	54	35	51	34	71	94	78	15	67	83	25	65	44	35	41	60	48	84	98	98	38	35	37	69	70	53	45	80	35	17	38	84	43	40	18	19	36	19	77	19	49	46	79	17	64	12	53	59	36	48	20	51	99	51	20	70	28	30	64	17	79	51	47
60	44	83	15	97	58	29	68	16	73	33	60	93	16	97	86	96	60	57	83	71	25	17	65	10	65	46	57	18	60	30	46	24	45	62	72	82	94	76	14	19	61	28	52	48	59	63	35	52	96	13	56	53	27	62	25	89	49	31	25	21	84	85	71	93	70	94	74	95	67	22	36	87	63	47	92	47	48	72	10	48	65	46	42	77	55	31	19	94	46	32	85	31	99	39	97	73	46	52	19	48	18	63	14	34	14	97	20	83	95	67	61	13	16	64	79	62	73	99	13	15	95	13	19	90	63	38	60	99	96	80	19	75	81	87	73	81	14	62	93	49	81	13	31	14	83	64	33	15	27	43	72	16	89	28	78	57	17	86	17	34	89	84	10	38	60	45	42	25	14	70	83	21	90	96	11	61	36	28	73	76	42	13	30	12	38	94	21	73	76	36	81	11	79	61	53	82	38	84	98	78	31	23	66	18	31	11	57	56	18	27	17	82	15	78	73	30	69	68	83	66	85	88	38	40	19	42	85	73	14	68	35	46	76	42	60	68	59	99	13	18	68	97	73	21	94	90	48	23	32	11	72	36	41	70	36	68	84	83	57	52	91	57	11	26	17	94	36	37	61	95	70	44	36	77	31	84	31	39	72	72	37	42	68	19	42	60	77	37	49	20	83	29	79	21	65	88	59	56	73
57	41	34	11	89	24	100	47	87	40	94	59	43	28	54	14	99	76	53	22	94	24	88	84	32	63	64	56	20	14	79	96	62	88	91	74	76	18	65	87	97	72	58	38	23	54	32	43	55	74	64	95	57	48	43	84	43	87	55	36	66	63	72	48	76	37	47	40	55	53	29	78	55	79	43	100	48	71	13	73	16	65	24	63	51	76	20	34	99	87	82	50	18	89	92	59	45	41	66	39	19	48	49	88	85	23	56	37	53	63	66	71	45	19	26	73	95	27	97	91	17	16	47	70	68	59	11	100	36	70	52	81	50	42	62	80	84	69	52	94	50	13	18	58	49	45	52	21	31	90	60	71	18	51	52	11	19	29	42	26	70	21	94	38	32	85	69	60	13	95	47	34	14	65	38	39	11	45	47	48	12	19	45	47	60	27	93	91	42	64	45	86	84	31	11	19	29	37	47	58	29	53	48	21	32	69	24	63	36	16	84	42	55	47	81	97	23	16	86	73	79	14	20	56	100	70	87	56	46	36	63	47	45	53	26	18	12	20	71	80	53	35	45	22	92	93	35	39	14	81	33	82	99	59	99	75	75	19	70	27	61	77	96	99	38	82	41	41	77	18	40	53	39	92	95	19	65	41	79	30	41	29	41	82	81	90	42	85	45	29	62	71	49	76	86	47	75	58	45	97
38	54	15	40	67	23	49	57	75	13	95	78	29	81	43	54	92	84	90	66	91	89	34	90	53	45	92	91	76	11	48	86	53	82	16	25	76	71	16	26	84	78	15	76	48	98	58	70	14	23	69	63	97	73	81	32	21	48	57	94	16	49	96	57	81	83	39	89	14	78	54	52	40	57	15	35	58	27	43	15	74	20	29	10	38	61	50	74	21	74	29	98	17	22	12	59	11	19	99	41	94	50	20	36	48	50	84	22	99	82	79	88	59	54	37	28	19	41	32	65	77	47	69	64	46	61	61	74	13	24	43	87	100	20	88	29	96	97	42	31	57	44	23	73	55	41	57	82	12	37	98	36	57	10	32	75	21	84	44	31	29	26	64	81	21	39	24	65	69	77	90	84	55	88	68	76	14	75	67	59	23	88	90	35	85	49	44	25	26	83	98	69	71	70	99	54	28	81	59	20	100	13	89	94	39	77	61	90	36	96	54	45	44	66	55	69	25	45	27	50	45	97	58	97	56	76	55	47	47	33	12	53	46	93	35	41	25	97	95	42	66	79	57	29	59	74	76	86	20	21	76	13	43	32	38	88	52	35	64	14	22	97	89	34	38	47	28	96	37	69	72	65	28	60	12	17	38	80	50	86	40	96	97	83	90	32	92	84	42	17	62	84	71	22	85	54	34	60	96	13
91	46	13	65	95	86	75	84	16	100	34	34	72	46	63	94	46	32	82	87	53	68	36	65	35	13	83	20	98	37	81	43	99	47	92	59	71	35	11	36	95	96	47	71	34	40	70	77	16	96	35	79	68	75	16	26	15	41	34	56	29	58	81	23	39	18	40	12	68	51	27	83	99	58	20	89	81	89	58	44	49	92	19	57	28	26	13	33	55	51	94	25	70	41	77	11	94	25	24	65	84	86	77	82	31	71	61	57	93	63	41	14	22	86	93	67	71	93	44	72	74	65	31	17	15	26	43	82	23	23	25	48	30	68	94	13	60	90	48	89	62	20	46	62	28	33	70	67	96	36	15	72	11	15	40	84	31	60	99	49	34	79	55	83	46	51	13	71	52	22	40	26	87	55	14	16	54	83	37	53	72	84	30	76	14	26	43	62	48	82	80	92	94	60	38	80	51	41	78	15	92	65	57	56	29	60	68	77	63	24	19	27	93	18	20	67	77	27	73	60	71	25	27	33	47	40	19	30	81	41	71	58	80	77	87	56	98	48	29	17	86	97	90	87	23	13	23	43	22	24	37	69	96	68	37	76	87	22	46	17	25	11	93	18	81	19	34	19	38	18	27	29	68	74	11	77	34	69	93	11	71	31	65	41	45	85	66	71	75	54	47	46	99	78	11	18	42	83	97	56
13	87	97	50	66	49	27	82	81	75	11	58	27	84	70	80	28	51	32	13	15	58	89	55	85	77	76	25	84	42	71	24	87	70	57	14	80	96	85	78	57	94	62	28	82	72	99	51	22	10	77	42	64	66	19	14	25	39	82	13	49	66	93	54	62	47	68	63	35	48	32	83	81	73	93	17	95	58	91	92	55	28	58	49	13	80	94	61	63	48	84	20	62	20	54	94	11	84	70	90	68	72	57	98	36	62	25	63	31	61	11	21	70	16	41	15	29	54	19	21	29	71	40	32	64	60	51	42	43	60	39	39	28	42	22	55	33	84	58	60	74	77	64	47	68	13	48	61	40	42	71	49	45	89	97	12	96	95	83	53	19	99	83	78	16	63	45	35	43	45	25	32	62	62	61	25	20	36	54	77	84	23	89	73	33	34	54	49	70	45	82	76	69	60	43	32	75	60	69	30	11	77	12	67	66	67	55	93	81	23	20	12	17	99	58	53	57	88	86	62	33	22	56	99	29	73	44	81	75	62	35	92	44	59	20	61	65	76	47	89	85	79	69	16	81	12	14	90	18	80	28	98	96	79	36	92	97	39	44	43	30	37	50	44	98	50	42	65	77	90	58	52	63	98	44	69	38	65	29	53	53	23	28	85	94	85	42	68	91	17	14	93	65	17	80	26	46	66	11	50
44	69	71	50	61	55	20	32	18	11	32	87	14	79	65	17	11	76	11	65	64	11	47	22	25	84	11	30	97	51	16	50	58	59	11	46	24	45	11	41	23	88	99	13	44	16	70	71	42	54	72	22	78	96	52	65	31	59	95	88	57	56	13	17	17	39	35	17	24	49	88	93	74	79	75	46	41	76	86	97	42	80	58	34	70	95	70	18	77	94	22	80	68	57	51	36	78	50	77	71	39	89	43	44	87	31	99	37	77	50	41	67	63	44	86	39	47	97	15	27	58	80	46	35	91	48	45	14	95	18	43	30	57	68	16	98	93	23	39	74	80	42	31	30	65	89	84	91	80	49	33	39	29	95	36	87	38	35	13	92	58	86	13	47	100	83	82	52	22	36	48	34	12	82	78	61	56	55	36	24	21	97	49	67	69	17	58	18	81	12	91	26	37	42	96	33	34	79	65	23	33	67	36	39	96	68	78	46	79	76	96	58	92	98	86	26	56	89	54	34	63	77	90	21	32	14	74	80	25	27	16	11	100	19	65	38	15	72	91	15	41	20	11	34	10	43	92	65	92	70	29	76	89	33	31	98	93	18	64	76	70	39	16	11	35	50	99	25	41	53	24	47	26	98	28	53	55	72	56	81	96	41	22	53	17	27	16	42	61	60	10	24	69	54	10	29	53	56	66	58
64	91	22	39	88	31	30	50	46	76	29	62	14	83	59	68	92	88	78	21	41	70	62	29	13	49	61	62	66	65	100	27	11	13	67	77	77	51	22	41	24	34	68	33	22	64	20	64	59	53	13	20	92	34	95	15	90	81	96	46	82	50	61	15	72	32	24	24	37	69	78	28	14	11	70	70	15	23	49	73	98	45	63	54	50	81	84	41	62	41	62	18	56	93	53	34	53	45	16	62	67	99	22	85	31	51	81	42	36	93	89	84	65	68	30	40	84	10	99	28	76	34	88	34	50	72	96	57	83	96	80	60	95	63	30	69	44	50	73	66	28	87	21	79	81	50	92	70	65	27	27	36	54	40	60	91	55	97	63	39	86	19	36	51	43	100	32	68	22	24	13	39	75	30	75	66	79	88	55	86	35	84	49	28	84	16	64	57	33	56	53	39	90	16	32	19	69	88	55	24	93	44	51	97	67	11	27	14	51	21	35	99	95	45	43	77	66	49	66	74	95	96	75	34	75	20	73	13	60	68	64	77	24	30	50	41	36	38	40	12	96	34	70	72	43	39	80	24	88	38	13	45	87	93	89	84	54	78	59	93	88	90	11	15	51	23	84	50	42	94	66	56	87	49	16	62	72	12	76	72	53	86	77	62	22	52	37	60	58	18	71	23	96	47	91	56	95	32	50	14
48	26	14	57	62	56	76	21	53	42	19	74	88	21	87	21	26	31	53	51	53	10	65	30	16	87	38	97	73	33	73	85	60	14	54	45	92	70	93	16	37	69	47	73	66	39	96	95	13	35	21	26	46	99	44	85	74	18	98	48	27	63	76	93	85	93	73	53	51	89	65	26	71	56	67	92	95	54	22	29	26	79	12	51	56	59	45	91	61	97	63	22	13	87	23	65	77	75	72	71	70	91	25	61	24	84	46	30	93	72	99	45	42	58	35	72	72	94	64	16	95	67	43	52	30	47	49	54	90	35	70	90	76	81	87	68	28	31	18	35	17	52	50	19	83	93	67	36	30	39	61	32	16	47	48	10	86	70	56	26	66	28	67	18	63	52	76	33	77	65	73	33	11	96	89	10	76	55	98	63	64	10	39	56	23	91	41	28	88	40	86	49	52	41	16	50	13	74	27	42	23	82	63	14	43	55	82	62	43	14	37	99	23	41	89	24	62	13	87	38	42	67	14	47	29	55	43	55	28	84	56	48	57	52	72	11	67	11	43	72	66	63	92	68	24	84	45	62	90	25	12	14	46	67	30	39	29	55	39	23	30	79	51	90	18	18	51	62	27	78	98	91	48	94	12	43	22	82	87	52	70	93	66	34	20	55	58	92	75	22	77	76	37	65	25	48	81	57	27	59
11	85	63	15	43	22	98	30	71	90	17	38	66	55	64	76	45	96	97	40	44	90	37	19	98	42	92	80	77	47	53	90	33	47	26	82	33	34	95	60	56	67	94	62	14	22	38	61	27	72	25	94	59	14	82	81	17	42	12	85	76	47	29	61	97	65	24	48	88	68	68	98	58	12	95	87	25	67	26	90	14	80	68	81	52	73	13	54	87	60	64	23	82	16	98	66	62	34	74	84	17	55	81	64	59	96	85	13	92	20	66	11	81	32	12	82	13	47	89	18	28	78	49	91	31	52	94	37	76	60	93	50	77	37	39	79	96	68	15	16	57	52	80	59	28	53	13	34	91	67	86	25	95	30	18	29	59	29	66	35	53	28	95	98	70	54	21	54	97	19	26	15	53	99	55	31	88	74	96	28	26	80	70	63	31	66	44	72	35	58	85	89	33	94	76	15	11	76	68	15	87	96	95	73	31	54	64	65	83	78	84	72	94	70	77	52	11	74	94	62	89	89	69	24	62	16	53	48	65	88	19	47	44	24	50	18	84	61	71	88	11	12	86	92	69	68	31	42	19	29	67	91	22	15	77	97	39	29	58	76	32	58	13	88	56	45	33	95	56	14	99	59	77	51	11	47	100	16	70	35	12	51	41	90	88	27	61	25	55	35	83	81	45	67	61	70	73	59	47	22
22	57	23	55	52	36	92	89	40	64	87	61	93	66	46	29	25	86	93	72	92	70	86	43	13	42	24	92	61	11	79	92	85	62	67	54	51	55	96	82	31	19	35	15	43	49	30	78	58	38	27	15	41	94	19	36	25	46	30	35	50	28	32	77	21	86	44	27	62	61	81	75	25	93	20	45	82	27	19	29	29	79	94	46	71	29	66	87	27	87	97	11	30	29	64	21	63	56	59	49	27	13	66	58	26	28	74	46	52	11	75	79	72	69	19	80	12	55	73	91	53	17	20	34	50	81	72	65	17	21	19	84	63	23	80	39	93	47	64	49	15	73	30	65	99	67	62	34	20	24	97	92	45	86	83	92	46	32	96	43	33	39	61	11	94	31	31	83	62	39	26	39	80	47	91	14	30	35	51	23	49	60	81	59	91	73	97	35	16	74	72	64	49	53	52	10	41	24	38	85	66	73	79	12	62	50	27	75	46	47	69	97	96	54	85	84	13	40	71	34	99	74	99	44	89	18	54	71	12	49	20	32	34	42	76	31	20	31	58	41	88	27	11	79	47	91	44	33	26	99	75	50	86	72	42	16	93	86	49	72	22	17	51	62	83	89	24	23	11	61	36	34	36	32	28	29	41	97	58	53	18	98	92	76	74	82	27	43	44	74	82	35	15	69	58	28	44	86	53	16
64	43	73	65	81	85	54	80	24	14	82	46	81	92	73	91	69	68	44	32	39	33	82	83	85	91	40	40	37	39	74	47	93	46	62	38	54	91	67	12	74	54	33	64	20	82	99	91	42	83	92	48	13	85	68	15	14	66	43	34	20	99	27	76	54	94	22	28	33	15	50	69	80	83	75	34	71	60	40	24	42	77	49	29	15	67	20	60	41	79	48	79	53	11	90	97	71	60	90	12	57	14	26	76	92	78	96	23	35	56	77	43	44	69	91	84	30	50	95	28	44	44	95	39	77	31	97	15	75	38	46	64	18	93	62	56	81	98	45	68	15	78	94	66	67	57	46	62	15	82	39	85	12	75	68	74	34	95	75	42	13	52	23	66	95	76	68	88	41	97	40	65	80	61	83	31	16	94	93	21	52	94	59	50	29	91	97	88	17	22	20	44	86	33	41	91	17	83	61	66	58	39	20	95	82	49	16	89	24	57	26	62	41	95	54	56	52	70	19	65	97	20	43	24	66	48	19	25	61	67	67	56	79	13	14	71	84	29	34	57	50	75	73	31	49	59	68	51	53	23	65	72	33	35	99	60	53	55	56	52	12	71	61	22	18	50	46	69	80	77	14	33	16	37	82	32	33	31	71	67	63	15	15	66	34	29	92	72	29	48	58	52	67	17	27	55	93	78	26	36
71	93	97	25	62	42	40	22	90	36	92	93	47	97	30	37	80	47	49	45	41	69	18	87	76	83	50	53	66	23	11	28	36	87	48	84	48	96	86	20	80	49	71	32	57	70	95	99	45	99	86	29	89	49	34	80	62	39	69	13	60	85	27	12	30	19	84	26	59	39	62	74	82	90	52	89	61	98	96	18	74	82	74	90	82	61	14	14	91	28	74	96	73	77	24	52	38	83	49	19	93	46	77	30	36	59	66	13	11	40	18	24	54	43	94	22	60	99	93	54	26	86	41	24	74	59	53	89	16	97	30	17	87	29	59	33	15	70	66	73	62	15	47	60	46	32	45	93	45	61	26	95	53	21	70	13	12	50	75	20	87	45	81	46	65	54	65	89	97	86	30	14	23	56	17	26	85	48	98	64	74	29	86	76	60	56	86	82	57	18	98	14	22	53	81	11	96	60	44	26	82	64	98	35	97	67	16	54	73	69	47	37	48	75	59	59	15	93	64	11	24	39	80	33	95	26	55	45	23	91	59	97	96	61	45	21	70	18	12	32	62	48	11	61	40	53	12	31	47	53	80	29	24	61	38	47	91	95	86	23	66	53	50	96	36	34	63	42	17	72	26	54	66	28	31	84	47	98	34	77	23	61	93	66	47	15	52	51	68	73	29	58	74	93	85	19	40	35	85	27
95	12	62	48	93	63	37	96	94	76	82	77	81	20	62	39	54	40	41	65	16	39	98	82	51	22	91	17	70	87	86	52	38	64	61	69	14	87	15	80	97	68	57	68	49	33	97	58	88	40	17	49	37	60	19	84	27	33	38	79	63	51	20	90	26	67	53	54	49	66	27	34	42	95	88	16	72	62	77	48	80	20	31	79	32	94	49	51	14	31	69	56	87	43	80	22	87	63	16	64	80	29	45	41	50	48	69	19	36	31	79	53	100	33	64	61	41	66	93	62	37	88	23	95	57	70	41	72	17	20	58	12	69	75	41	93	99	79	22	84	79	72	93	85	83	76	85	20	50	41	53	15	42	63	53	67	92	27	35	23	17	74	48	11	86	97	88	98	65	89	52	19	87	62	98	40	53	81	28	39	45	24	87	22	52	51	91	46	23	73	43	18	78	46	59	33	72	18	24	14	12	36	47	85	95	23	14	84	46	54	66	52	54	17	11	94	87	69	29	42	39	74	97	91	43	60	30	85	28	69	59	48	86	78	24	20	29	70	40	77	84	34	39	75	43	58	84	87	14	94	23	37	63	42	54	58	33	86	74	67	67	34	37	37	17	17	82	17	67	79	91	22	77	57	20	46	36	12	51	74	78	54	27	74	77	89	12	64	22	82	62	40	73	30	56	31	90	21	88	86
40	49	65	28	18	71	62	92	21	97	95	77	11	87	58	88	76	12	80	38	98	87	42	80	65	79	19	17	82	34	33	26	75	66	20	40	39	90	45	16	25	100	96	91	14	88	10	14	11	74	93	25	81	25	36	33	79	48	61	72	56	59	31	47	100	62	15	35	15	99	96	45	72	62	26	33	24	33	73	82	26	98	34	96	22	11	23	80	15	88	74	22	43	84	66	45	33	70	80	69	83	86	93	90	49	55	84	44	60	29	32	99	78	42	42	31	25	99	23	45	40	81	67	87	73	65	55	70	91	56	95	89	16	32	13	98	75	59	64	80	73	10	68	56	28	61	98	20	91	11	95	23	86	98	62	48	63	16	87	25	68	74	20	20	87	61	84	35	13	44	76	17	49	55	24	95	19	88	12	18	33	16	42	55	36	62	51	38	21	96	24	58	86	52	47	51	24	35	86	58	40	86	33	96	99	46	34	55	52	76	62	77	75	72	37	61	40	71	23	93	18	51	42	33	79	86	35	31	11	54	37	68	64	51	57	16	53	73	80	70	52	43	36	90	54	19	11	64	18	77	40	30	19	63	50	80	98	51	79	79	18	20	20	93	59	16	56	83	51	75	31	75	27	30	47	63	86	39	60	71	24	74	20	34	20	28	39	87	55	80	91	68	71	92	18	74	20	81	14	47
84	10	42	24	12	93	14	86	71	96	69	13	13	32	23	66	24	66	70	93	11	96	77	62	90	93	76	32	23	73	49	41	68	62	18	86	86	72	55	37	25	50	90	70	55	89	22	47	18	99	11	97	28	30	71	46	41	13	36	80	37	95	33	36	16	30	94	75	95	33	92	43	84	94	78	52	29	20	65	25	52	52	18	29	66	23	92	43	11	47	55	45	83	45	57	75	42	16	20	66	11	23	71	67	13	59	66	20	47	60	23	36	100	61	35	67	11	75	46	65	38	80	13	30	36	47	62	79	28	60	89	17	60	10	13	71	74	29	78	100	12	87	61	33	26	57	24	50	47	87	22	80	65	37	30	33	28	25	69	41	29	78	49	84	35	64	13	80	31	32	29	22	20	69	16	47	84	15	75	60	70	33	38	87	76	52	23	18	94	81	37	92	81	77	72	16	54	42	35	76	40	73	51	16	87	79	83	11	46	46	82	37	55	95	47	49	19	21	67	49	38	91	36	21	20	83	57	75	11	70	20	23	36	19	45	71	84	76	78	17	67	64	69	26	19	94	99	51	96	68	70	58	93	16	82	96	40	67	51	89	61	67	78	20	96	47	38	55	16	10	48	33	29	43	43	32	43	92	94	44	97	21	54	50	66	78	31	18	76	35	40	18	81	36	90	72	13	77	93	90
26	96	65	10	57	16	40	85	33	64	46	33	84	80	99	12	55	55	17	63	63	72	47	51	14	67	29	82	12	45	17	75	91	79	88	76	81	45	46	41	52	91	25	57	41	91	34	20	69	77	45	84	82	96	33	20	92	72	48	81	83	59	89	73	48	16	32	17	81	61	43	94	52	100	83	83	14	49	57	37	18	57	42	23	21	40	47	88	47	82	19	55	14	92	93	20	22	52	45	53	11	53	15	88	25	82	51	82	36	34	65	17	71	19	65	72	82	26	15	20	98	18	63	10	93	45	71	90	59	56	72	75	75	37	66	88	33	10	24	41	82	17	53	42	49	79	63	79	61	15	46	52	55	25	39	67	44	35	17	95	84	99	47	60	56	47	68	74	68	65	56	10	36	50	19	24	77	24	94	20	38	84	76	15	24	52	29	24	34	54	73	99	76	36	53	33	13	82	39	47	55	13	95	42	38	83	25	75	54	37	97	52	50	78	66	17	21	71	22	11	56	48	45	93	85	83	88	92	27	42	97	62	87	62	14	97	20	76	51	47	100	30	13	28	31	53	21	17	75	19	36	56	54	63	48	20	84	93	62	51	22	41	90	70	47	82	51	28	89	84	90	42	57	60	59	93	36	16	15	94	21	75	95	98	65	80	73	83	92	60	56	60	61	10	36	35	88	72	68	42
93	87	60	35	13	87	82	73	17	93	77	32	69	72	66	70	84	72	96	58	89	33	52	61	99	28	97	24	39	84	54	68	75	93	67	74	31	83	35	69	61	64	21	74	42	85	94	86	48	52	85	17	11	45	13	21	47	62	29	85	82	16	72	32	17	23	85	44	37	75	73	34	35	59	98	93	76	67	40	39	84	88	75	21	43	95	54	12	81	90	81	48	49	20	12	26	99	48	97	85	88	21	35	25	36	58	33	88	49	80	79	95	92	16	89	55	93	81	62	23	53	43	60	73	68	48	29	80	27	92	81	43	56	47	24	77	96	68	55	30	17	89	20	84	59	75	71	31	73	50	80	78	73	46	96	22	40	86	22	18	65	73	13	35	75	50	77	99	87	78	23	23	31	52	89	91	42	19	92	20	76	23	98	56	29	26	57	49	15	64	83	88	44	64	20	63	50	83	74	47	35	55	93	58	44	36	18	86	71	57	78	24	72	54	77	14	49	50	31	79	88	69	28	80	81	50	16	94	72	82	51	95	65	90	87	61	51	10	22	68	34	40	89	79	13	57	16	87	21	42	72	76	18	56	43	52	46	73	75	34	68	45	41	30	97	83	43	31	49	89	70	51	59	92	62	71	77	45	95	47	32	27	41	84	25	59	67	49	23	57	78	41	54	37	18	81	85	76	22	14
46	44	28	78	47	87	57	89	69	40	38	83	38	47	69	48	37	95	12	51	31	69	97	17	25	30	42	28	20	55	24	23	35	76	85	47	33	76	75	72	50	69	39	75	42	16	97	83	81	63	35	13	91	89	83	33	14	21	93	27	11	97	64	89	94	98	26	12	67	91	36	46	25	90	60	37	80	20	70	61	50	68	73	67	50	82	75	67	85	12	86	38	63	88	47	19	86	90	41	40	53	81	45	80	33	30	56	43	62	26	46	21	14	97	83	52	94	18	44	53	71	18	100	57	47	91	25	51	16	52	22	68	86	65	52	18	74	18	61	15	75	77	74	41	68	20	47	34	86	63	33	89	92	75	23	17	33	70	82	32	93	75	58	56	42	34	80	73	58	20	41	45	17	57	55	13	98	33	24	24	60	11	87	97	36	27	94	33	80	49	34	31	73	77	34	51	16	71	56	51	46	84	20	58	41	40	82	14	22	39	97	12	25	61	37	84	64	65	51	18	16	43	76	59	88	22	26	38	76	77	13	83	51	38	68	19	67	74	30	55	78	87	80	75	63	84	63	68	66	12	63	80	61	92	88	10	52	94	35	56	19	39	82	67	90	17	75	45	80	29	88	70	11	70	15	91	11	38	53	13	16	48	35	45	77	54	37	97	17	34	31	90	74	27	56	60	72	44	27	100
55	75	89	22	80	61	50	60	70	89	93	32	25	31	68	39	25	46	84	79	71	55	26	16	33	80	52	75	10	67	59	75	36	88	84	87	41	44	90	18	89	42	33	53	11	13	51	29	43	35	24	17	87	95	65	58	73	55	84	68	64	83	17	60	91	92	47	80	61	62	90	35	56	64	79	77	37	13	58	91	45	90	66	50	65	81	18	71	62	70	71	89	26	72	38	18	74	100	38	12	48	87	51	31	25	77	21	60	24	20	64	55	91	49	62	33	81	20	46	46	20	51	94	79	66	71	67	62	31	56	34	33	59	41	64	36	45	17	49	44	20	25	63	40	98	47	95	74	24	57	43	72	43	96	73	44	81	29	99	26	45	21	36	41	92	19	78	50	83	84	80	19	83	66	30	49	64	76	47	86	94	85	64	55	77	85	67	71	52	25	71	74	46	41	46	54	99	79	32	87	42	31	96	60	74	60	78	23	75	18	41	91	15	34	90	49	39	99	38	30	19	30	44	20	54	84	49	34	51	74	24	61	35	74	69	46	98	14	61	34	34	17	66	50	86	45	25	40	90	13	62	94	40	30	74	38	73	33	64	48	17	95	96	36	36	92	35	96	31	53	69	39	90	94	59	10	50	22	92	78	64	32	11	30	35	77	46	68	24	37	53	24	58	38	53	47	74	24	36	12
44	74	81	67	80	61	40	32	73	38	76	93	40	42	87	52	87	44	22	61	66	94	68	39	79	16	32	32	78	69	27	28	88	33	62	87	15	72	38	81	33	85	33	61	29	96	48	11	46	90	34	36	85	82	40	91	35	42	47	55	96	96	83	75	15	82	35	62	34	90	83	77	61	60	50	19	65	80	87	38	69	17	90	74	48	62	69	80	61	29	33	52	74	80	35	91	60	92	32	99	88	23	24	62	73	97	100	42	92	17	24	13	87	45	21	54	57	93	42	93	100	70	76	19	80	97	11	38	100	96	59	80	68	23	84	49	50	95	26	65	71	71	69	75	69	92	79	70	88	53	35	48	93	21	46	50	51	27	72	98	19	84	24	56	61	30	14	81	76	76	65	70	30	62	49	73	97	33	11	38	48	87	33	85	57	67	44	94	82	35	27	13	21	98	63	72	42	27	91	61	42	49	86	30	71	84	94	68	90	79	73	47	54	67	29	76	36	20	92	54	23	75	58	83	17	47	80	99	23	51	79	68	38	86	69	32	42	100	91	66	45	52	18	58	45	33	10	77	95	80	74	67	30	70	66	29	97	70	37	47	39	82	39	66	42	60	32	79	92	24	68	41	45	40	49	35	26	10	99	92	98	41	58	89	73	85	60	22	28	18	23	42	19	48	79	33	63	79	81	37
70	54	100	91	18	22	63	89	73	24	41	54	93	48	61	60	24	45	17	44	97	13	40	36	31	72	77	78	48	99	19	68	31	20	20	25	65	56	54	42	73	92	11	55	32	30	43	57	18	21	60	84	13	37	13	73	14	28	19	87	40	79	19	72	93	94	43	86	33	29	66	71	81	72	35	45	24	67	35	97	20	46	98	66	27	63	60	62	17	88	66	12	65	90	51	76	80	94	59	81	99	64	35	58	22	54	67	32	97	75	80	100	76	29	58	81	78	17	94	18	53	100	25	42	83	74	77	55	87	88	99	32	67	44	53	90	36	43	34	22	77	71	98	69	49	28	72	50	13	93	25	91	35	68	54	42	84	34	40	52	39	44	72	99	53	16	80	99	53	26	93	34	90	98	87	93	36	12	27	52	48	23	28	66	96	21	71	52	46	52	57	24	89	30	58	93	89	10	42	70	75	32	67	65	98	41	22	87	64	37	65	69	72	80	25	36	91	76	78	53	94	63	73	83	36	92	51	30	77	96	38	38	95	54	17	97	62	94	49	81	69	62	23	14	86	29	91	17	37	23	34	57	55	30	94	37	36	88	58	96	29	78	12	94	85	43	70	55	12	93	10	24	43	78	41	16	70	99	89	46	17	32	96	93	17	44	81	75	18	50	88	29	85	27	24	61	94	31	15	68
89	42	27	32	73	95	87	90	65	55	99	48	29	85	51	68	29	41	22	91	17	36	31	31	81	44	64	73	77	30	24	90	20	44	98	23	69	56	58	42	52	86	32	69	64	57	77	68	72	94	67	60	57	63	88	68	19	78	34	12	76	35	10	69	72	46	53	54	72	17	23	75	15	26	76	89	61	87	73	78	62	92	71	61	76	86	82	25	18	42	27	71	34	54	33	21	43	86	37	18	25	67	11	71	86	67	29	72	87	43	72	71	65	53	33	19	76	62	95	24	85	35	91	35	29	21	87	31	83	50	10	78	93	98	89	66	46	63	43	48	23	66	79	17	11	15	76	21	66	98	36	28	67	18	37	11	52	40	19	84	68	63	82	43	95	66	22	20	79	51	85	19	81	73	59	78	61	54	22	19	78	90	13	96	21	50	81	51	81	53	13	23	55	44	82	12	50	29	98	18	20	78	41	87	51	50	73	64	16	34	44	31	99	73	57	64	69	74	99	91	49	58	12	50	28	51	56	57	94	99	81	38	23	78	42	87	18	33	29	11	63	67	83	55	82	82	58	94	95	24	12	78	94	57	26	10	83	76	85	56	66	30	27	71	38	49	37	39	47	22	76	26	63	82	72	96	85	25	36	86	51	48	65	19	25	92	32	66	60	88	18	45	92	38	13	47	44	89	72	34
18	27	53	74	73	46	27	82	76	82	84	71	72	69	20	39	20	24	72	99	46	71	29	50	34	59	77	29	10	81	56	94	14	73	72	92	95	46	54	19	67	46	18	43	36	44	47	45	77	29	73	63	64	70	53	45	83	67	70	59	52	83	82	96	46	18	16	38	58	30	79	98	24	33	62	10	42	47	14	63	41	68	63	59	66	12	43	98	62	42	21	15	79	69	35	14	44	73	67	58	60	56	62	71	29	57	17	25	27	16	40	78	52	79	99	53	49	85	73	91	41	36	55	27	74	61	57	13	84	61	92	14	29	79	34	91	99	99	36	54	12	45	48	35	57	26	91	40	66	74	77	10	73	51	93	94	73	93	42	91	35	53	96	76	27	54	24	48	55	77	87	70	26	29	13	56	29	38	72	35	88	75	31	38	94	24	73	68	50	91	95	53	16	35	99	94	56	96	67	37	36	28	91	39	92	85	76	69	85	97	12	56	82	46	94	13	31	13	58	59	33	30	88	70	35	64	50	43	15	48	16	91	35	46	14	79	79	57	93	24	40	89	67	88	60	98	76	26	74	33	81	56	89	94	37	12	42	45	13	20	43	60	51	77	40	36	15	17	93	22	61	77	28	41	51	75	84	91	69	37	36	58	80	69	62	75	15	96	17	59	29	49	92	97	78	95	76	85	76	47
100	67	40	65	14	23	96	35	61	45	64	35	58	62	36	89	13	55	50	42	11	76	46	87	80	56	68	68	46	43	91	80	21	27	31	72	44	67	27	16	56	82	91	59	46	74	22	98	17	23	43	14	36	91	69	19	67	70	67	70	79	44	92	46	88	27	63	57	41	88	48	23	81	51	27	20	52	12	20	82	86	53	92	78	74	18	24	85	84	79	54	60	42	67	63	24	76	47	64	100	42	86	43	42	28	68	44	42	92	43	41	94	35	78	14	99	70	67	19	35	20	79	60	55	18	35	67	88	42	26	81	77	73	50	43	54	78	84	39	36	20	100	19	73	51	81	40	17	80	97	16	63	42	58	48	40	40	49	23	94	80	98	29	90	80	56	99	29	99	30	31	18	91	56	28	61	33	65	11	45	53	62	65	25	94	44	73	27	76	80	78	97	86	95	100	48	47	27	21	55	91	95	99	54	83	24	44	29	70	85	78	48	59	30	44	19	77	43	21	49	39	91	10	35	73	85	74	21	83	60	80	11	26	27	41	44	27	23	94	25	45	44	53	54	73	74	31	73	48	94	34	29	14	23	18	97	87	87	29	99	41	53	68	13	42	88	46	26	52	63	82	23	80	89	30	81	23	55	35	53	46	79	96	21	50	80	60	17	37	32	93	40	35	68	47	37	29	93	14	63
92	40	53	34	99	59	98	41	23	46	80	67	18	69	57	18	26	63	96	56	32	38	84	86	75	33	97	61	73	80	64	50	33	88	76	54	97	19	32	65	65	100	89	89	34	35	25	83	21	65	14	57	67	27	86	91	67	44	77	62	81	25	75	89	27	82	48	78	33	47	47	29	76	85	55	53	53	24	12	59	58	16	39	67	85	44	80	89	71	57	43	53	16	93	70	97	56	45	35	11	20	46	78	40	33	74	67	14	50	59	30	100	75	56	53	90	55	74	84	30	36	71	11	68	45	21	18	72	77	31	95	18	87	14	62	16	75	96	11	49	31	21	97	63	67	23	90	45	61	46	48	87	30	71	99	20	76	84	24	48	42	13	95	34	34	11	59	89	16	39	51	58	93	52	66	95	99	16	53	86	20	69	47	25	23	33	58	68	31	63	63	77	44	89	92	21	36	40	22	34	20	14	95	20	39	88	65	56	90	82	38	76	70	66	19	36	42	73	94	61	88	68	61	61	24	17	23	49	15	36	34	48	86	78	25	27	42	57	78	98	98	16	27	15	68	55	85	43	49	92	72	58	72	28	51	34	68	79	80	61	92	97	22	50	68	90	99	59	18	25	84	55	42	56	21	63	83	19	51	17	82	43	50	49	68	58	50	41	37	23	11	85	33	82	69	64	53	33	75	68
59	52	95	15	19	62	66	31	14	49	54	87	29	76	50	11	44	59	64	41	62	73	11	33	51	33	14	30	54	99	75	95	81	35	12	44	78	47	89	33	64	20	90	16	33	81	44	75	42	14	39	34	76	15	65	30	43	50	53	94	12	80	57	38	88	53	89	17	64	80	83	80	82	51	46	70	16	52	60	61	65	68	61	39	39	24	94	96	73	91	68	61	99	14	80	71	46	34	28	28	16	97	30	44	77	32	77	70	55	34	84	75	34	92	69	69	29	46	31	90	15	64	57	37	99	54	73	41	85	25	78	22	91	67	16	91	48	14	73	77	21	47	66	85	19	80	95	13	72	85	64	11	94	86	92	29	48	13	17	74	15	53	30	53	21	45	92	43	63	77	89	24	13	50	19	55	51	96	69	55	10	62	69	72	44	34	12	34	35	43	82	12	32	57	43	46	60	22	13	68	24	60	80	59	82	96	27	73	34	92	75	34	43	51	54	37	65	29	86	58	21	62	66	68	75	40	53	82	18	83	46	17	91	19	73	54	47	33	63	78	47	65	51	76	24	15	55	95	25	69	35	30	24	79	82	24	55	73	36	94	30	39	66	95	82	98	71	30	83	40	59	33	66	67	73	65	31	85	65	98	78	95	93	27	11	72	39	53	29	21	35	100	63	91	32	93	78	75	71	57
71	94	73	48	62	69	75	28	84	53	48	93	97	98	29	90	67	68	24	96	99	36	47	53	63	76	62	54	19	81	82	55	63	56	41	13	28	71	92	54	31	59	71	96	58	59	29	52	70	71	66	94	87	35	55	63	68	53	96	18	74	68	14	20	12	23	25	40	26	24	78	15	47	67	30	45	87	11	66	72	98	31	89	74	84	22	21	49	51	100	57	23	29	89	67	55	96	46	29	79	12	28	42	73	66	73	30	82	76	11	99	87	53	34	33	40	52	24	22	96	33	90	33	70	16	62	35	76	61	79	28	64	91	54	45	19	38	57	67	99	20	75	59	59	64	58	74	49	41	90	10	31	39	64	77	83	88	81	82	53	90	47	20	17	65	77	42	83	76	63	28	23	14	36	36	29	33	59	39	52	61	28	29	68	18	61	37	62	84	21	27	32	37	22	21	31	27	90	96	90	70	38	13	33	88	53	85	73	75	74	65	49	18	90	62	70	46	16	51	47	31	84	15	13	90	72	22	98	34	25	11	57	97	88	44	13	98	50	69	68	75	79	77	69	84	74	81	96	14	75	92	88	26	40	17	35	78	63	59	86	46	84	79	62	52	47	21	85	16	40	20	20	47	59	13	76	61	98	12	87	37	85	63	95	16	55	97	98	34	53	88	35	88	29	75	95	39	77	29	23
48	75	25	72	73	29	86	53	42	59	14	49	68	94	48	15	47	44	46	44	95	27	52	97	67	28	26	51	43	100	13	88	35	13	14	10	47	72	35	45	96	94	40	69	26	42	38	58	44	12	69	68	92	18	23	73	34	13	56	44	69	35	51	49	39	12	99	90	65	44	69	35	13	28	19	69	40	54	69	91	39	91	15	43	54	34	14	91	65	71	11	24	96	38	16	31	47	69	32	55	24	53	98	92	50	71	62	10	77	37	86	44	44	70	35	18	75	64	96	42	47	20	43	36	94	59	92	10	53	69	64	43	86	99	47	99	41	40	55	92	71	90	41	24	98	63	30	16	11	85	32	28	93	24	29	98	74	53	41	63	79	89	41	15	71	92	37	93	82	45	31	50	52	83	67	94	41	46	70	55	21	35	64	30	92	12	23	72	62	72	11	25	66	92	46	66	94	91	34	41	11	19	96	85	79	17	34	81	38	13	18	92	28	79	59	27	19	68	72	100	94	97	52	11	28	41	99	59	31	24	24	17	25	17	39	37	56	22	51	46	28	38	81	21	77	89	75	100	70	66	53	11	33	48	13	92	53	78	40	64	46	41	58	30	73	33	80	15	97	18	12	99	73	55	22	94	77	28	24	39	17	70	99	41	38	88	91	43	25	65	41	67	30	17	34	82	100	99	50	45
31	96	50	63	18	89	94	42	27	82	31	88	65	46	18	100	75	18	85	84	63	75	64	73	94	95	74	22	12	14	23	53	66	65	46	64	89	54	41	11	74	60	89	39	34	66	48	72	19	28	37	60	50	88	65	65	30	72	15	49	31	52	54	89	67	73	61	38	33	98	10	86	16	75	93	25	32	15	36	93	49	22	90	85	54	55	64	15	35	73	36	33	41	31	29	44	71	47	81	64	62	16	16	34	36	92	76	97	14	17	47	23	44	36	34	41	65	98	82	23	16	55	54	57	92	14	50	11	99	40	39	34	98	89	32	43	77	19	75	82	40	81	13	84	94	79	90	21	70	21	19	83	23	86	84	24	27	80	68	14	38	74	68	82	66	37	32	90	28	34	23	35	42	86	32	80	15	95	77	45	68	63	22	42	49	33	86	71	39	30	77	16	14	49	84	29	69	87	83	82	95	53	21	89	47	44	44	35	28	21	59	86	92	50	15	21	63	44	59	13	89	80	40	92	95	79	15	44	32	89	78	52	45	91	14	52	92	49	85	33	40	15	44	92	82	28	62	27	45	71	51	22	14	77	95	86	39	97	10	99	41	71	39	33	34	10	47	20	64	37	70	91	94	55	89	57	93	25	32	91	53	28	79	51	57	56	56	43	71	18	44	15	40	31	52	31	28	44	30	69
66	84	98	43	44	96	67	71	49	24	46	74	18	72	75	40	58	28	81	79	48	45	44	63	29	64	28	95	23	84	64	37	89	60	32	74	33	90	20	33	43	85	44	92	74	24	99	14	80	72	20	59	83	82	82	84	38	72	49	45	42	65	87	24	87	49	73	11	42	37	28	54	57	62	64	50	51	95	41	66	69	77	32	18	25	37	50	66	32	14	42	78	87	65	17	95	70	17	55	59	88	60	80	14	50	12	55	21	38	16	67	76	95	30	13	44	49	45	32	70	15	86	52	17	93	46	21	79	52	44	48	44	97	12	38	56	52	56	14	38	59	48	82	94	31	92	47	64	79	50	93	69	94	97	89	82	32	33	94	56	36	84	75	45	63	63	67	32	53	25	25	70	30	74	47	44	20	77	33	100	19	93	90	85	69	30	67	100	26	41	13	93	90	44	33	39	76	71	83	99	34	45	18	24	80	92	80	24	53	14	30	96	29	35	41	16	83	61	27	43	91	56	43	22	35	55	72	15	48	26	12	59	72	21	84	89	63	18	78	55	84	91	57	57	97	93	93	87	49	19	32	54	48	90	74	65	74	47	34	10	76	53	35	47	12	61	50	15	96	89	57	55	100	64	82	69	20	21	59	95	89	61	80	59	31	79	58	51	55	91	50	15	78	56	65	32	77	93	99	42
97	23	77	76	23	26	14	85	67	98	97	15	30	53	69	16	54	57	21	49	30	17	25	38	32	91	65	94	79	23	57	68	42	91	18	38	69	20	95	20	70	73	14	45	36	26	60	17	48	53	39	75	42	99	53	20	42	55	20	43	13	56	21	97	97	11	23	81	96	68	29	63	60	17	32	20	94	13	26	70	46	27	50	72	55	52	80	56	81	71	57	23	50	34	15	72	94	48	24	79	81	58	68	70	80	82	94	83	78	40	63	67	11	73	81	80	58	53	75	24	30	67	76	22	32	10	74	79	49	87	36	33	28	25	84	66	69	23	71	95	10	54	38	50	24	53	44	46	77	50	29	27	14	67	66	76	68	70	90	92	50	62	11	18	78	38	94	14	60	66	94	80	92	48	25	20	92	32	43	72	60	58	40	97	52	45	58	32	70	26	32	44	58	22	64	20	68	77	43	30	31	82	70	74	57	13	87	42	65	23	46	96	68	31	32	77	56	91	17	21	14	57	22	87	97	43	18	30	47	91	84	30	36	33	31	84	48	57	87	24	72	53	86	20	63	92	76	38	45	24	83	99	94	44	67	25	79	62	76	14	73	99	55	34	37	99	96	98	62	23	64	19	76	40	27	33	38	45	57	20	70	58	66	73	33	36	86	39	39	84	13	40	62	42	28	72	69	47	51	96
28	81	66	23	29	53	32	53	24	83	80	29	18	67	47	45	18	27	93	29	87	30	16	59	30	59	21	38	13	14	95	68	68	46	10	90	80	61	50	41	97	42	45	65	76	14	51	82	35	49	65	37	55	95	97	41	85	86	90	71	27	34	17	89	28	87	85	66	49	64	21	89	92	12	84	17	41	59	70	68	90	95	48	69	41	66	15	37	65	98	37	22	63	61	54	19	80	37	69	60	73	19	96	96	47	28	58	46	99	70	11	98	86	56	70	16	75	76	92	55	24	64	68	43	41	27	57	51	92	69	69	14	35	42	11	88	10	75	54	99	92	25	44	79	15	20	24	38	12	57	83	39	40	57	83	18	43	14	95	17	79	42	98	16	59	35	65	18	90	29	11	51	70	61	62	43	89	29	79	32	98	44	76	96	51	27	46	27	34	78	18	88	34	51	32	62	24	49	64	99	57	69	98	93	75	50	78	18	94	56	90	93	97	31	94	53	52	83	73	37	85	52	28	71	66	71	58	54	22	90	45	61	91	42	70	28	45	78	80	84	71	73	42	18	95	53	50	34	38	72	40	35	30	43	25	91	51	95	24	43	79	28	14	85	32	63	34	36	68	13	12	92	90	40	97	95	66	87	57	67	52	99	90	56	20	32	13	24	62	78	13	64	25	25	17	81	12	63	47	80
64	91	52	95	75	43	40	31	96	69	73	87	36	52	40	85	22	52	56	34	18	78	11	76	35	67	45	90	93	25	73	11	96	20	52	94	56	52	60	99	57	85	79	71	22	23	79	73	15	54	85	93	36	64	78	26	23	75	54	68	84	61	50	43	76	98	54	55	49	80	73	56	95	62	78	41	22	94	42	38	93	72	49	36	42	16	99	22	58	38	79	17	15	54	68	92	93	18	54	15	93	16	58	48	88	60	30	25	50	51	60	85	80	65	13	88	83	22	92	15	92	47	84	28	88	97	76	91	95	50	94	66	47	60	15	94	23	72	89	78	19	59	40	77	83	65	36	40	24	62	72	69	54	43	16	15	91	60	79	92	38	69	63	68	73	21	84	38	90	63	89	36	54	90	41	73	50	71	62	35	29	66	58	29	13	26	36	45	42	87	90	75	41	12	14	22	13	56	63	33	74	46	62	19	61	13	43	95	78	13	85	48	93	36	94	26	31	16	57	33	63	100	93	24	36	89	26	45	43	25	38	17	39	83	35	85	28	19	73	47	18	45	74	17	31	98	67	49	60	72	12	89	50	60	53	42	54	69	76	93	23	29	68	13	30	30	29	52	71	30	50	62	89	37	97	37	84	73	69	11	41	64	96	23	92	67	81	67	15	17	39	65	45	38	68	48	49	96	15	98
64	48	42	93	34	97	70	19	12	13	56	17	14	80	32	81	76	23	39	20	97	42	22	11	96	13	97	22	88	86	19	98	37	75	29	31	84	94	78	18	15	55	67	66	56	62	31	21	59	43	52	77	68	48	36	64	35	64	46	42	81	36	98	55	94	23	30	65	49	71	31	24	75	47	50	40	38	81	84	25	30	37	46	32	34	11	59	89	94	74	24	53	59	83	94	83	76	53	94	45	72	33	72	51	32	96	18	71	94	93	71	29	39	25	35	67	98	30	78	27	37	98	85	65	49	47	16	13	80	18	46	73	37	98	19	21	64	75	66	22	91	96	30	23	41	22	73	88	86	45	89	58	41	49	100	32	73	66	47	89	64	79	11	95	38	36	66	78	63	93	39	96	50	72	70	73	94	89	61	84	51	13	14	41	59	69	13	53	78	74	45	47	80	18	98	18	12	75	55	17	63	78	75	46	39	41	27	48	67	29	50	11	62	34	94	55	85	75	57	29	19	80	45	83	91	81	82	96	45	15	22	26	41	20	58	74	18	94	31	55	11	59	74	72	35	90	69	23	98	93	43	61	79	37	97	13	59	16	34	28	83	60	80	58	58	24	32	90	22	72	78	96	89	69	72	19	86	71	83	69	52	68	64	49	69	96	97	31	67	85	45	47	18	34	13	12	29	77	38	86
24	80	11	77	58	64	83	89	86	19	87	50	53	51	64	51	61	29	67	32	98	42	41	39	38	15	28	25	19	77	97	70	95	35	14	98	81	20	85	85	60	83	59	50	64	11	31	50	64	68	89	76	77	10	24	45	55	81	78	47	47	29	51	73	52	42	54	10	68	86	49	49	47	79	90	13	99	15	39	87	20	71	48	29	89	15	28	86	49	25	23	59	42	20	21	95	79	95	34	59	71	17	25	59	79	46	34	98	17	89	66	82	18	29	33	77	22	75	96	56	23	63	33	24	44	22	61	69	81	74	32	33	80	89	28	34	91	66	32	71	73	25	96	89	76	39	62	80	72	97	88	18	71	72	68	33	66	48	63	48	84	34	38	39	39	42	29	51	34	14	74	75	56	31	84	95	96	67	55	91	63	71	68	43	14	87	63	87	80	14	49	57	67	47	88	57	84	30	76	97	52	70	35	62	36	62	14	35	51	38	52	22	58	91	20	49	64	93	50	15	23	66	60	53	85	85	49	38	37	77	75	37	47	85	75	48	70	64	53	16	65	87	22	12	36	77	82	86	90	17	37	36	62	90	92	46	11	46	78	82	68	22	61	64	39	95	96	73	77	88	16	16	48	32	75	50	13	51	87	75	59	82	55	77	63	32	20	69	54	23	60	33	73	83	19	34	13	79	50	57
50	34	99	74	38	74	96	40	42	84	70	78	21	70	86	96	54	62	32	13	32	34	41	60	64	39	77	46	80	33	39	14	64	72	25	24	98	24	99	52	88	13	12	15	43	68	38	31	86	65	10	29	78	25	68	16	68	84	25	75	37	19	83	96	12	88	50	94	54	86	31	71	20	52	32	55	34	98	46	46	96	63	31	84	15	30	96	48	99	47	54	79	68	28	43	98	79	47	98	88	16	95	36	76	39	24	45	95	97	77	46	34	54	26	87	47	54	69	19	85	57	58	26	23	22	83	21	70	90	16	17	76	21	98	29	42	28	72	63	58	75	87	65	64	44	41	18	12	20	87	89	49	94	92	40	66	58	54	36	92	35	61	53	41	74	49	90	35	73	83	40	81	33	40	50	51	50	39	74	83	82	21	98	76	86	84	24	69	94	16	38	18	16	78	83	82	53	29	13	10	98	68	68	56	83	12	14	60	52	96	21	36	74	18	92	69	98	65	12	98	33	65	80	14	64	31	89	66	56	93	67	32	30	56	94	60	95	56	53	88	48	84	94	64	40	76	33	43	75	80	41	91	86	34	40	18	58	88	41	29	25	30	11	57	13	53	45	19	42	40	97	91	17	39	62	39	76	34	43	66	69	85	96	33	13	64	33	95	87	10	66	33	94	13	39	48	77	43	93	52
wj																																																																																																																																																																																																																																																																																																											
61	90	15	94	84	31	28	92	7	58	88	62	75	97	24	59	30	78	57	90	68	82	39	58	78	49	3	71	62	21	53	13	73	66	73	14	7	75	57	11	18	21	12	36	74	31	66	96	29	6	20	98	12	87	7	25	8	91	98	14	95	72	90	57	84	38	46	91	87	47	77	66	62	94	6	82	46	51	46	81	71	18	94	36	43	1	84	1	20	4	62	28	65	69	8	93	51	32	100	55	2	20	70	46	5	24	40	88	6	11	12	40	15	7	84	96	79	12	37	81	5	26	100	46	83	83	84	70	72	65	23	96	81	62	61	14	47	11	39	35	58	55	30	57	31	95	72	6	99	99	48	28	49	12	9	91	38	36	78	22	8	61	42	64	5	10	36	17	80	95	71	62	28	18	49	90	91	54	9	73	5	39	67	92	63	34	36	87	55	22	29	48	90	17	6	9	38	64	24	19	61	68	67	61	51	83	37	86	95	46	40	67	20	40	97	97	100	49	13	79	70	23	39	15	12	94	56	48	31	8	86	68	80	54	55	21	51	79	95	45	78	56	60	45	95	90	23	19	93	22	18	44	83	98	34	96	16	19	37	94	79	9	79	5	96	30	65	76	89	68	2	13	66	89	63	43	96	52	26	2	21	99	93	76	28	23	76	95	17	16	74	89	36	87	92	76	57	90	16	4
