pij																																																																																																																																																																																																																																																																																																											
57	65	33	15	26	72	67	59	47	40	15	13	73	70	100	87	50	81	86	52	45	18	42	96	26	44	48	81	66	43	80	40	34	76	88	77	35	81	98	25	57	26	54	95	94	55	42	27	33	14	22	77	68	57	32	32	73	67	57	85	38	51	37	39	45	73	14	88	65	46	88	29	77	80	24	37	51	64	84	23	14	96	51	46	87	77	88	82	24	20	15	63	33	87	61	71	40	54	46	30	41	73	83	36	83	62	43	30	62	78	37	70	36	23	29	58	19	43	20	29	26	47	93	83	99	67	63	22	32	10	49	26	12	98	13	82	55	93	15	72	85	83	65	80	43	87	95	75	50	25	81	11	73	55	19	84	95	97	62	13	27	50	67	35	60	24	60	76	19	95	56	27	35	16	97	73	20	17	50	59	13	37	92	46	77	41	99	14	83	44	84	91	94	91	70	39	44	37	19	48	35	21	53	17	92	17	79	47	90	94	62	35	98	20	24	13	51	29	33	44	21	93	12	19	75	66	70	22	91	72	99	20	47	32	88	68	62	97	48	64	14	80	64	17	75	58	84	47	59	43	50	74	17	89	96	30	21	99	25	27	30	49	79	64	68	78	68	38	40	89	98	50	95	52	83	64	56	87	62	23	38	61	32	37	21	83	90	55	76	88	92	31	42	45	72	19	19	93	21	29
57	61	73	35	32	27	54	11	79	30	62	34	21	87	76	78	37	40	74	99	58	62	64	91	55	99	32	67	68	93	51	23	22	96	57	72	33	31	12	41	63	32	35	28	88	45	72	60	20	24	88	97	60	95	88	60	40	43	60	80	30	84	57	20	60	62	42	22	30	30	62	67	21	86	70	72	35	37	65	64	58	82	63	66	86	11	73	77	60	93	39	33	29	83	85	79	31	28	35	50	95	79	25	94	93	13	43	71	93	89	51	67	51	24	23	64	54	49	93	94	93	84	90	43	40	25	93	93	34	89	98	34	54	58	98	38	69	11	80	45	78	81	72	42	81	91	16	80	60	51	59	78	47	90	31	41	47	14	35	70	46	28	93	55	21	98	86	18	35	56	60	25	18	73	100	32	51	38	57	88	96	73	86	12	19	52	47	78	71	79	64	37	40	67	36	39	11	52	96	21	90	25	74	73	53	36	64	30	17	55	79	14	86	47	48	26	32	86	43	12	76	95	72	44	34	42	70	24	40	40	97	13	64	53	39	36	72	84	93	58	67	13	90	80	47	49	46	78	33	99	72	75	50	33	65	94	36	86	59	81	62	70	52	57	74	65	47	21	66	78	63	87	43	92	39	26	65	93	63	51	91	79	11	85	96	86	21	67	23	66	40	29	71	62	92	52	27	38	77	25
13	27	81	95	27	39	73	96	29	49	42	39	64	60	40	63	50	50	78	90	51	65	84	47	85	49	63	28	47	19	80	28	30	67	21	86	19	41	56	30	29	15	43	75	95	55	56	45	73	84	28	13	57	54	38	21	46	95	60	53	34	56	69	51	74	61	22	45	34	74	50	67	95	57	14	41	82	13	41	72	94	28	57	46	38	22	15	93	50	30	16	13	47	52	52	44	58	86	39	32	27	78	30	42	74	87	77	62	56	52	71	72	40	77	23	76	37	49	63	100	57	39	56	61	12	41	55	80	25	80	94	27	92	55	14	22	60	26	99	40	19	12	99	97	51	31	48	70	13	27	73	63	94	31	83	84	75	42	26	58	12	62	29	37	88	74	81	23	56	37	14	86	86	69	78	41	97	94	90	17	65	20	15	85	26	83	80	46	64	99	98	94	93	41	15	93	47	38	45	71	72	15	89	44	49	86	21	59	70	81	33	100	37	45	26	22	41	20	55	13	27	23	34	63	86	22	50	40	40	73	54	98	98	74	11	56	21	80	26	33	88	29	91	43	59	38	79	42	42	33	24	29	48	22	88	78	58	44	98	28	33	70	48	66	47	38	98	49	75	51	60	66	77	16	27	42	66	54	92	57	16	37	83	84	53	11	46	50	46	69	51	19	42	21	83	40	69	51	46	29
71	61	59	96	30	48	62	57	51	23	64	33	22	41	77	80	36	28	29	99	87	12	69	61	17	22	86	14	59	37	92	33	13	54	70	77	42	20	67	59	39	91	11	39	54	35	53	98	49	27	19	27	18	41	11	50	100	40	21	20	46	44	49	91	29	56	50	47	35	44	10	57	97	33	63	33	63	36	16	26	99	42	47	57	34	49	37	34	94	33	63	34	65	48	35	11	59	23	41	54	71	65	87	25	76	54	24	54	97	25	95	81	15	13	18	74	80	55	40	96	71	59	49	22	35	29	29	86	91	32	91	71	37	79	88	51	39	93	54	38	19	23	34	30	61	27	10	19	41	93	78	42	90	100	56	45	49	48	67	82	18	64	33	15	81	57	39	49	37	74	73	81	56	18	23	71	95	26	58	28	20	26	67	20	97	54	12	97	84	67	52	82	44	54	18	28	73	40	22	46	64	52	43	27	95	26	55	13	58	43	94	90	28	66	16	37	95	82	54	78	80	23	51	20	30	96	28	78	45	77	59	26	55	79	19	13	30	98	70	50	31	41	97	22	35	12	82	71	69	92	56	73	42	15	24	48	43	50	39	18	74	44	40	73	71	83	42	88	46	72	50	13	41	13	93	29	41	61	84	78	26	62	93	22	74	19	95	74	11	50	24	30	96	14	41	27	12	51	65	13
29	18	47	78	30	78	84	58	57	77	64	51	34	13	37	63	16	43	21	94	65	56	37	16	81	22	46	99	72	64	17	65	97	16	65	56	74	88	14	39	99	74	67	61	94	64	35	22	85	62	87	33	75	88	44	55	68	97	91	20	88	79	29	91	93	93	61	76	92	31	61	16	100	52	49	54	56	43	38	82	79	49	22	41	57	69	78	84	57	30	15	43	43	86	40	67	85	51	56	89	56	45	82	13	16	35	95	98	19	11	34	86	72	91	61	59	97	42	82	59	14	80	29	50	69	16	58	66	83	43	52	74	36	69	84	51	25	61	63	87	44	16	61	16	27	69	29	73	62	30	72	11	74	35	54	50	41	56	51	42	13	79	24	50	24	17	93	28	64	50	71	28	16	12	36	29	23	23	32	32	82	46	23	78	57	38	33	29	26	44	37	94	14	70	33	59	75	77	64	71	36	23	94	75	79	93	65	87	68	87	92	25	30	64	72	98	76	93	78	94	65	33	43	65	20	20	69	24	63	18	77	28	14	73	91	97	82	68	87	74	100	63	19	49	38	29	97	75	41	50	95	15	43	62	72	71	52	19	64	54	34	29	13	88	66	20	81	20	33	25	95	56	83	75	65	68	75	82	59	32	18	44	34	80	15	79	85	50	39	11	59	41	81	19	89	43	83	55	99	46
61	77	14	45	84	27	62	64	21	53	96	31	11	50	65	61	24	47	12	61	88	36	45	25	24	14	80	66	32	47	66	13	24	82	89	14	93	40	96	19	31	20	55	90	73	43	75	95	62	86	34	76	68	20	84	53	72	57	41	56	73	96	64	62	79	22	68	35	59	93	26	11	95	50	70	85	86	46	98	66	74	27	23	29	59	40	37	42	20	62	18	67	28	42	77	98	80	73	97	19	34	57	23	75	97	31	59	46	12	49	61	57	20	80	58	76	20	37	70	80	92	55	45	55	76	54	89	81	92	40	18	58	97	33	79	42	91	45	51	85	31	96	61	14	21	23	50	20	35	41	73	68	67	64	86	47	66	81	99	21	42	100	97	46	14	91	95	15	71	72	52	75	16	82	91	32	89	84	32	55	23	95	18	45	61	79	86	21	31	29	68	23	16	74	68	51	67	69	26	71	87	44	59	21	76	36	78	32	17	74	81	98	93	86	80	43	59	83	19	96	13	86	37	98	87	97	67	17	44	76	60	32	49	28	47	59	90	15	62	64	45	17	10	24	28	99	69	29	91	80	62	96	84	60	40	37	63	69	60	76	87	53	97	70	23	44	43	95	44	49	76	71	82	22	24	27	41	11	70	94	74	90	73	95	80	86	67	37	35	47	96	54	31	38	32	26	75	20	91	50
65	41	36	76	62	57	15	81	55	25	83	74	43	97	80	16	42	19	80	58	34	43	20	51	37	71	53	29	83	84	87	28	19	23	68	61	96	91	29	24	85	93	71	70	41	15	64	87	34	57	96	22	15	99	55	80	55	91	75	57	70	14	82	37	28	37	86	31	93	39	91	30	55	74	91	74	45	26	61	40	90	36	80	85	19	34	14	67	35	50	88	29	96	22	26	17	100	87	23	43	74	62	65	79	35	33	30	43	17	69	70	70	31	69	57	24	35	81	85	84	38	43	16	54	68	44	90	64	79	40	49	49	18	21	66	98	59	67	42	52	52	74	52	42	42	16	27	45	13	28	26	97	85	75	41	13	97	49	92	41	37	51	84	18	94	68	95	55	98	81	46	41	74	63	97	56	73	22	75	94	53	50	12	94	92	100	73	99	19	84	11	93	65	82	57	58	36	94	47	81	92	57	62	52	44	75	59	98	27	27	35	37	77	10	72	96	27	84	26	93	10	82	23	37	51	62	62	21	93	87	62	83	44	68	18	63	61	100	83	82	35	38	29	86	43	97	74	31	24	65	41	17	43	45	52	21	69	28	44	87	35	66	67	56	45	41	96	56	50	86	39	12	83	48	96	70	81	76	35	65	58	54	84	54	62	31	60	78	38	35	71	11	24	93	34	56	27	100	31	25
61	25	45	97	24	55	25	89	69	96	76	93	57	87	52	47	99	17	13	16	93	65	67	83	94	80	35	62	76	96	19	98	39	72	95	82	96	87	82	90	56	38	64	36	40	99	91	56	67	61	96	13	19	92	34	44	25	15	74	78	87	61	49	73	79	62	95	47	46	22	56	38	49	11	49	20	90	26	93	33	67	57	27	41	14	29	78	13	66	50	46	97	44	10	83	95	10	25	42	84	62	77	69	15	43	28	31	88	75	48	23	30	22	96	31	98	74	94	93	65	56	87	10	55	41	88	90	86	23	56	57	93	89	68	52	98	20	88	94	62	43	93	90	79	35	75	68	85	96	98	28	45	39	75	62	83	70	50	82	12	18	30	21	49	40	42	58	92	53	77	48	62	57	67	75	34	13	46	16	79	97	68	53	27	69	27	49	72	65	52	40	83	25	60	25	91	39	87	88	56	76	13	88	45	88	24	44	87	95	54	18	66	85	16	47	12	99	40	35	10	15	83	90	35	26	64	41	99	13	39	20	70	32	15	93	79	55	31	20	95	79	26	62	58	24	46	21	43	35	83	75	96	27	83	20	81	64	78	73	100	91	96	99	81	67	31	28	73	53	78	75	43	100	65	74	53	59	52	97	77	82	20	79	44	73	70	58	43	26	96	76	34	63	53	56	39	32	70	47	39
66	96	97	88	19	26	21	41	30	20	75	71	51	78	41	84	73	39	34	31	79	77	69	43	97	81	24	87	42	31	30	39	15	16	85	75	21	54	84	87	20	81	38	46	57	64	69	88	49	97	37	100	23	53	39	67	30	55	17	52	11	28	67	35	42	57	70	48	94	13	82	40	37	63	21	64	18	75	45	49	91	36	76	23	55	77	65	55	43	55	20	10	49	74	12	99	14	97	40	81	48	27	60	17	46	52	48	62	18	92	19	12	30	80	28	94	25	88	80	61	89	49	93	77	39	15	55	36	51	28	21	96	88	41	52	74	91	18	63	93	63	37	16	21	79	56	78	48	55	18	25	88	13	25	19	67	27	95	11	92	12	62	22	88	93	95	83	51	14	94	69	83	87	14	41	23	75	20	76	79	35	93	10	47	11	33	97	53	53	18	97	100	84	29	42	71	13	23	98	16	42	54	72	29	26	38	17	55	26	80	69	85	81	71	34	19	83	77	65	42	58	84	67	29	89	57	35	81	56	81	14	79	72	18	31	91	52	18	16	85	72	43	28	46	64	26	57	68	37	38	12	28	43	97	55	87	47	27	87	51	40	87	27	29	27	28	84	20	79	29	24	42	93	12	13	33	41	47	30	82	99	51	57	16	51	69	33	73	68	64	53	26	92	84	54	27	91	57	37	88
21	42	64	86	19	99	30	94	85	76	85	11	90	45	70	18	84	41	28	69	68	63	40	56	62	37	82	59	96	84	65	48	15	56	92	34	43	82	19	93	31	28	91	46	43	11	70	83	81	66	21	13	28	90	24	94	70	49	63	56	36	44	91	86	12	27	24	14	63	21	59	69	47	95	74	39	13	89	50	50	93	55	20	41	67	31	13	15	39	24	87	90	93	46	26	52	80	14	66	81	72	72	93	60	67	68	76	70	77	51	89	14	90	86	48	64	19	40	50	72	28	84	99	91	28	13	25	99	31	50	35	58	68	81	30	38	18	87	70	82	63	16	33	22	97	39	43	11	12	84	80	79	89	87	81	24	63	13	33	35	49	33	50	94	82	46	57	61	30	51	99	91	48	63	73	45	11	56	69	14	30	32	42	23	26	90	50	59	61	68	42	42	74	61	30	41	32	82	12	74	29	83	20	57	44	89	57	56	24	74	74	74	56	70	72	63	92	76	39	61	86	22	67	18	16	65	60	43	24	11	45	19	52	86	30	46	44	62	59	87	74	26	67	81	64	11	23	33	78	26	89	42	82	21	16	13	40	26	91	67	24	28	21	28	45	63	84	88	17	99	61	43	29	14	49	93	27	32	31	41	61	64	65	38	63	94	28	86	15	60	43	65	43	95	73	100	16	40	40	19
49	18	29	15	41	80	27	71	44	72	95	34	52	22	71	94	76	98	64	76	41	45	26	84	10	82	41	61	19	44	24	58	51	80	57	19	85	85	82	51	61	76	89	34	14	61	62	99	93	87	40	70	97	60	75	24	96	96	39	42	57	17	32	91	49	43	88	80	30	91	25	33	75	46	57	45	89	50	23	68	85	53	32	38	15	55	33	13	30	11	77	41	89	84	57	46	80	69	98	18	43	48	63	83	58	92	85	72	91	37	28	21	34	13	37	59	27	59	89	50	33	99	25	55	27	13	82	66	68	86	80	80	39	98	26	66	62	89	35	45	11	96	24	14	84	31	73	45	39	21	20	85	60	12	68	43	42	44	37	79	60	61	21	89	12	51	22	78	82	24	56	68	46	72	25	74	59	74	77	36	80	51	64	14	30	94	66	20	85	89	68	83	16	69	98	68	59	60	17	36	80	99	75	30	69	99	82	77	63	67	84	55	45	55	30	45	27	28	21	95	50	27	99	79	35	83	47	40	42	27	63	36	65	52	60	49	65	80	17	69	43	17	37	34	65	42	91	32	34	89	99	39	69	77	18	22	55	39	50	36	97	27	56	11	14	27	35	82	84	79	46	90	21	37	52	54	40	25	62	31	42	14	85	71	87	97	61	53	81	95	32	38	43	52	49	40	12	19	63	42
92	31	42	88	78	77	47	35	43	43	12	90	29	82	66	49	60	11	68	38	61	45	17	98	16	67	35	94	42	32	60	50	96	80	12	65	25	90	96	12	35	46	24	63	61	38	91	20	67	62	96	90	66	45	85	41	93	59	84	91	90	30	28	56	14	76	78	76	38	98	46	90	68	59	13	33	64	50	62	27	68	87	93	100	95	27	99	77	81	47	15	26	77	73	85	60	85	61	29	17	15	84	84	78	55	67	43	85	77	83	13	16	43	72	41	15	10	87	46	63	52	71	23	90	88	22	22	98	21	99	78	15	43	46	12	93	78	58	24	26	11	44	90	48	80	74	86	27	37	81	35	55	62	11	40	94	25	62	63	32	42	62	87	67	64	71	35	34	35	89	69	89	17	45	19	30	20	13	30	61	63	93	54	86	89	62	81	75	47	61	39	43	29	95	38	40	13	81	36	67	28	99	22	38	90	50	14	34	36	60	40	98	69	91	13	72	91	49	21	36	26	74	79	86	47	41	89	72	56	19	44	33	37	21	42	57	17	31	94	85	69	64	20	77	12	73	14	23	91	38	33	52	47	23	28	47	14	80	37	49	52	99	87	70	54	49	73	14	68	51	97	30	25	68	100	50	90	55	50	37	24	35	33	56	38	78	50	15	34	34	12	77	78	80	72	73	91	24	56	20
62	72	44	52	25	79	67	25	65	43	36	58	23	68	28	65	36	34	46	21	24	73	57	87	80	83	23	28	92	99	88	23	54	85	75	81	35	90	17	81	36	46	87	98	18	92	31	96	80	19	36	88	48	40	21	15	53	62	27	60	47	18	74	77	64	36	52	62	70	51	32	25	47	52	52	19	75	27	41	72	31	100	94	16	84	61	89	31	53	74	43	69	100	47	63	60	43	78	40	99	82	40	83	31	40	41	83	26	70	22	95	12	66	32	79	92	31	13	27	98	63	78	47	73	56	34	28	11	58	18	47	69	91	16	13	39	81	25	88	16	32	82	90	75	86	81	74	47	29	22	12	89	71	70	13	90	56	86	92	74	61	88	40	13	17	30	96	19	32	70	70	40	48	38	34	86	99	95	57	99	79	78	35	75	72	82	19	24	65	96	50	84	48	66	58	33	98	91	12	51	27	32	79	82	98	32	27	18	80	17	42	73	41	93	14	59	49	92	18	59	36	81	19	59	58	84	78	72	66	66	40	87	82	15	26	93	84	40	61	30	32	81	71	78	17	14	75	14	31	21	18	12	65	58	37	60	60	96	82	31	80	74	53	69	17	60	73	38	56	60	36	14	66	47	83	75	69	33	55	61	93	99	12	67	72	79	65	55	51	83	32	22	91	87	52	60	66	13	31	95
91	44	60	91	71	30	70	60	82	37	95	76	26	40	64	100	41	35	61	69	50	55	17	58	63	88	26	12	22	86	35	75	90	60	63	93	67	56	25	85	61	69	28	43	78	71	72	45	22	46	19	85	69	94	52	66	75	74	57	61	62	64	39	27	22	32	77	34	30	82	59	24	70	95	44	14	18	93	18	85	88	98	15	88	98	29	97	28	43	58	13	32	99	40	44	43	25	16	45	49	97	84	55	85	57	24	91	47	87	11	12	56	16	50	33	18	42	63	33	21	30	48	25	41	18	19	34	52	31	67	64	19	97	66	44	43	55	17	95	36	84	54	94	36	55	38	31	76	28	27	76	88	85	62	46	41	67	87	19	86	43	90	98	68	82	95	77	63	67	78	52	57	88	36	87	75	48	67	50	40	30	82	66	97	11	75	53	13	79	28	95	87	51	96	26	28	73	96	67	98	95	37	79	21	92	28	39	52	59	77	88	100	46	72	60	64	47	75	45	57	29	54	66	64	94	20	50	98	62	34	98	26	99	53	12	17	21	80	53	81	28	44	79	41	10	78	23	64	75	18	19	52	29	88	96	34	71	38	50	12	81	81	84	21	47	69	21	89	30	77	26	64	56	94	94	48	41	77	28	66	64	37	57	23	41	39	71	54	27	52	47	41	87	21	47	34	13	76	34	34
54	48	71	15	12	68	80	16	44	94	86	40	68	42	78	37	69	63	19	46	81	71	58	75	98	54	66	54	63	57	85	10	48	98	87	19	49	11	93	79	73	23	99	63	22	33	38	29	91	49	68	100	49	75	13	89	11	77	52	46	32	66	64	14	74	49	55	45	28	67	56	99	99	86	83	79	41	55	77	55	44	12	23	29	99	94	86	78	63	90	77	57	14	48	74	89	69	79	96	56	82	100	32	96	96	78	67	21	22	85	85	29	79	51	88	69	78	78	48	50	39	97	44	99	96	47	12	72	24	53	51	22	82	19	36	38	47	20	99	65	42	67	47	62	13	11	57	13	42	75	16	81	17	44	22	31	80	58	43	16	15	13	93	39	90	21	35	25	22	12	98	42	92	80	56	34	28	87	42	95	44	25	11	90	95	89	89	80	68	87	13	90	92	90	48	77	96	51	69	47	56	29	81	91	12	74	15	24	33	74	66	37	100	32	51	79	12	64	49	26	38	88	84	69	66	36	90	35	37	70	67	61	79	87	48	97	44	73	60	24	27	60	93	19	97	56	77	57	60	68	93	79	45	79	51	49	65	18	59	58	73	22	23	87	25	56	39	66	61	95	33	92	20	47	60	61	87	72	24	81	60	26	27	19	36	67	45	52	41	74	88	44	11	12	25	77	54	49	64	27
29	74	75	64	63	35	88	83	56	79	95	36	94	55	10	25	29	97	71	88	74	49	13	89	21	76	98	51	24	85	37	92	52	93	52	72	38	92	96	77	44	39	94	83	75	19	99	75	49	24	71	73	96	64	37	10	70	64	45	89	36	68	66	70	26	47	56	84	90	57	70	34	36	21	77	93	65	55	35	19	32	69	55	32	67	80	84	56	46	97	25	16	69	16	53	50	58	28	92	64	60	45	40	35	43	50	20	27	43	39	46	78	90	85	56	31	68	57	30	30	74	54	65	40	39	76	91	46	16	94	18	71	20	35	73	42	91	48	42	25	97	60	56	67	38	41	20	77	63	53	98	84	41	72	72	69	18	99	87	26	75	14	37	65	57	80	28	79	52	21	81	87	43	41	11	99	16	71	28	79	34	95	72	40	26	92	35	13	33	84	71	68	63	42	52	29	92	21	90	63	76	26	53	20	18	58	64	73	73	11	63	22	52	89	17	19	93	42	13	74	100	16	96	28	14	68	81	80	57	82	97	94	22	34	72	39	80	29	71	22	76	25	31	92	34	23	60	18	56	94	18	58	58	32	52	26	17	16	96	42	27	95	93	15	24	23	58	59	23	66	96	62	10	67	15	13	36	83	60	55	28	41	66	10	50	76	67	41	98	45	62	33	40	80	64	31	23	31	47	92
16	22	73	83	37	96	92	74	32	67	76	86	88	49	79	57	95	65	99	15	95	64	16	17	62	29	12	24	68	65	15	46	98	64	32	84	79	79	18	40	15	37	32	47	69	43	95	86	93	41	17	22	18	17	42	49	25	27	20	56	26	45	79	64	58	32	65	43	44	88	25	65	14	28	60	13	19	54	28	61	60	75	63	95	31	89	79	34	93	74	20	64	73	56	43	20	78	24	21	96	44	51	70	10	16	36	76	57	42	72	83	52	52	13	26	57	63	23	42	90	74	63	54	47	86	12	62	74	97	66	41	50	54	43	30	86	41	91	86	21	30	92	57	24	58	46	30	79	40	31	99	36	53	90	79	47	74	93	19	30	20	54	59	71	48	50	28	19	47	74	87	91	66	64	97	75	54	40	55	31	97	79	66	69	76	14	65	46	53	45	11	32	42	13	95	74	53	61	84	45	67	25	96	71	79	73	23	12	52	50	22	53	80	52	31	35	53	17	32	54	14	15	74	61	78	25	48	41	70	77	32	33	86	71	91	92	13	36	14	30	19	77	26	16	48	56	86	92	85	16	37	38	11	33	66	31	22	46	99	52	27	83	15	96	86	68	81	21	16	40	90	91	81	36	74	45	33	79	61	66	78	52	23	83	41	93	27	100	99	57	89	87	74	46	26	59	96	84	92	80
73	11	40	90	73	12	77	61	39	99	47	14	33	25	15	98	80	29	19	51	35	76	68	44	53	47	48	66	14	90	12	33	21	69	30	27	76	83	93	68	77	97	32	67	36	29	46	88	99	35	51	13	37	23	15	45	21	85	81	97	80	16	18	11	60	37	99	22	89	81	48	90	48	76	14	90	61	13	93	65	91	67	75	41	23	47	39	39	76	29	33	97	45	47	17	69	92	95	91	96	52	31	16	77	64	47	15	86	48	72	12	22	34	63	94	32	100	85	78	18	69	50	36	85	95	12	86	40	69	96	80	34	21	21	76	33	80	48	88	93	78	55	44	16	21	41	93	21	95	19	23	71	22	17	78	88	67	96	52	99	27	47	14	68	97	66	35	34	64	64	61	54	36	65	88	95	41	85	97	99	15	43	56	14	25	35	53	57	96	80	71	73	48	35	62	13	29	42	18	24	12	59	23	82	67	52	88	60	76	95	42	24	99	76	15	19	92	23	65	79	16	93	74	24	38	25	23	72	91	94	78	20	50	47	78	56	42	91	67	27	85	60	46	50	65	67	61	50	54	33	83	74	22	38	60	98	88	90	68	77	28	40	78	49	34	72	59	51	77	39	12	38	70	96	80	70	57	78	53	55	23	21	100	51	40	26	20	11	93	41	32	47	73	59	72	55	13	63	45	41
60	52	21	66	96	13	32	99	12	26	74	47	74	88	36	45	92	65	13	68	49	66	92	55	86	45	46	46	64	86	98	48	55	26	87	35	66	53	97	45	42	42	39	90	73	56	88	82	56	39	58	36	73	91	51	71	89	82	84	98	96	97	26	20	58	95	97	51	23	53	96	52	30	80	61	66	18	56	91	100	64	58	75	51	58	57	21	10	97	43	14	80	61	53	29	19	31	31	83	75	48	82	62	61	84	99	68	75	30	28	60	99	49	65	59	78	84	28	24	90	80	54	87	93	92	74	58	51	28	81	100	26	84	47	57	18	43	62	47	55	40	69	18	34	21	71	99	38	71	43	29	88	86	42	39	86	87	48	36	52	56	67	79	52	82	62	62	11	88	74	24	75	87	29	65	50	49	73	98	51	65	57	79	32	44	68	90	93	37	30	36	21	60	98	81	14	79	36	36	89	37	90	64	90	38	49	93	70	75	33	31	29	86	85	41	94	76	26	88	24	70	32	56	95	34	91	22	61	27	87	18	20	77	71	18	73	94	91	35	25	93	24	30	37	98	13	86	54	78	72	82	88	34	53	68	59	81	52	68	55	50	99	21	37	65	26	73	74	68	93	32	99	17	88	11	88	95	48	26	61	14	96	90	94	44	16	53	94	24	67	38	86	74	85	39	47	39	28	28	27
68	78	31	33	28	29	27	62	96	44	24	57	95	30	19	13	18	49	72	89	99	62	54	72	14	97	21	53	12	41	18	17	25	77	14	28	72	70	91	48	53	59	65	39	11	84	58	13	86	81	49	61	23	65	17	15	49	96	98	64	80	24	69	90	28	41	79	52	29	18	95	76	37	80	42	68	74	22	12	28	83	36	62	36	72	34	35	55	35	94	67	47	84	28	39	63	69	79	82	88	25	67	84	81	41	57	35	68	71	24	49	72	63	33	91	18	94	25	11	80	78	76	43	33	24	22	61	23	38	41	25	22	68	99	58	48	10	10	26	39	49	87	64	98	11	35	90	48	66	76	41	89	18	52	40	76	34	32	99	48	74	96	48	64	52	32	99	47	92	63	41	31	20	33	50	66	91	90	30	92	42	61	18	22	49	71	38	75	49	16	88	33	75	28	27	34	63	60	11	15	58	77	90	36	47	16	19	51	17	29	68	94	36	92	50	51	18	27	61	62	80	13	58	65	15	35	55	48	13	83	56	32	11	86	17	95	62	98	12	60	36	74	34	27	54	94	38	44	39	46	99	41	18	93	14	20	87	56	29	91	40	21	91	33	85	16	96	20	98	53	25	78	68	96	26	19	74	97	43	42	20	55	98	59	77	45	83	98	32	81	56	21	36	50	67	16	72	13	11	98
24	27	65	49	45	23	54	68	65	54	70	94	89	31	55	58	72	18	20	36	94	96	22	12	75	41	34	92	89	86	89	71	78	88	54	91	72	81	34	15	97	20	88	62	99	62	44	19	56	21	59	16	62	77	16	20	63	17	40	79	31	52	71	56	54	68	58	55	94	17	42	39	33	57	35	53	71	78	88	79	23	44	47	61	53	71	96	94	10	12	48	55	60	90	98	74	15	30	49	24	26	43	92	99	22	54	17	29	63	98	21	52	57	20	97	20	42	43	50	62	79	20	77	15	41	83	37	91	37	27	94	17	86	12	70	51	40	73	39	11	61	90	13	37	11	52	73	52	39	34	87	71	46	82	15	55	57	96	79	21	79	79	59	52	60	89	83	47	24	13	83	68	15	51	39	33	62	78	76	89	12	87	22	99	37	19	78	16	22	62	45	44	18	72	20	99	26	44	34	44	48	43	31	79	57	28	62	37	44	98	53	78	64	12	69	42	69	82	83	31	35	62	73	73	95	38	62	69	78	43	58	70	59	13	99	87	72	57	15	43	32	44	29	41	31	26	90	27	52	84	78	61	65	27	25	54	71	60	96	17	38	74	88	95	89	56	48	94	80	12	54	26	50	45	21	81	60	59	30	98	81	59	18	57	23	47	90	19	31	87	20	90	48	71	46	56	81	83	34	55
22	26	99	83	17	43	85	76	28	45	90	47	72	32	34	71	41	25	50	12	29	43	38	89	13	33	17	94	99	30	93	10	36	56	90	68	75	80	85	15	35	78	88	80	73	30	42	27	69	82	35	24	85	21	20	84	38	47	93	30	43	54	14	38	22	22	65	50	68	73	84	39	55	33	95	99	75	49	14	15	44	24	88	73	98	48	54	67	40	31	75	31	22	41	46	65	68	40	58	95	59	71	84	96	26	31	42	23	77	19	72	30	36	28	10	76	91	34	70	79	39	18	74	13	50	11	93	72	29	72	83	49	32	61	19	51	91	74	16	46	61	68	44	21	90	21	64	83	80	51	67	49	81	69	57	54	22	76	44	89	62	34	66	96	94	52	97	85	15	94	86	73	22	84	29	33	48	61	44	22	26	24	18	91	83	42	92	67	13	75	35	18	30	91	79	58	18	26	22	29	29	25	10	92	88	60	19	92	46	64	74	79	77	50	95	51	24	87	29	17	76	56	94	13	71	23	84	78	17	38	79	28	76	56	68	98	48	53	92	99	99	21	64	70	77	79	68	13	37	49	21	19	37	62	21	22	35	80	27	48	31	55	83	98	89	90	47	25	35	83	25	11	44	37	21	59	22	100	12	39	26	59	51	79	89	99	16	86	75	42	98	28	85	62	23	58	55	28	59	15
59	34	40	56	90	22	86	56	73	68	49	94	13	59	46	66	34	14	56	14	89	88	23	58	47	59	72	67	75	12	74	27	87	100	43	21	33	46	94	48	61	100	47	73	51	33	19	22	73	13	58	60	64	22	82	27	64	81	25	61	73	14	22	68	52	17	99	32	71	68	39	58	13	95	47	37	80	82	82	71	38	26	61	72	48	48	20	59	38	14	53	60	95	29	98	33	21	63	80	44	68	35	53	77	97	97	82	40	71	51	19	11	78	17	62	78	100	48	19	11	85	63	58	24	47	25	48	97	71	96	85	15	42	81	68	44	33	62	85	54	23	99	77	75	13	16	19	75	68	96	88	81	58	11	38	93	77	63	17	18	92	43	22	81	22	78	92	38	87	36	34	16	32	99	99	42	29	42	19	52	32	38	24	27	63	64	76	31	43	34	85	80	76	84	18	97	57	95	30	48	76	26	75	22	73	46	86	31	20	16	25	18	48	91	27	21	72	85	56	48	92	29	50	37	97	99	80	56	11	65	58	48	47	87	82	18	46	54	14	83	30	75	71	15	90	41	43	29	96	78	72	61	25	36	22	16	50	87	17	48	19	96	67	82	91	32	55	10	58	54	21	41	31	93	25	34	68	59	54	79	62	84	53	23	62	89	22	25	27	67	39	59	44	62	77	97	75	40	52	64
94	70	99	22	94	91	64	50	92	12	63	60	38	17	75	29	49	52	23	63	43	49	13	88	39	16	62	15	98	83	11	56	56	73	34	18	38	19	58	28	67	33	91	60	93	61	93	81	97	13	80	99	47	27	67	55	50	13	48	84	52	31	54	66	34	28	18	91	48	31	61	69	52	66	81	41	88	75	94	84	38	97	35	56	25	32	24	43	18	81	45	33	53	98	12	64	78	90	75	83	57	12	73	40	45	13	13	84	30	85	53	87	92	45	43	88	11	39	20	30	60	39	14	88	16	95	81	81	26	37	61	72	60	50	87	93	61	65	61	57	85	69	82	92	12	17	97	59	57	97	22	76	18	18	44	76	95	83	82	100	17	78	87	99	53	41	51	12	44	27	40	72	22	54	28	90	13	41	55	47	36	12	69	21	24	38	65	47	41	21	46	86	39	20	77	26	50	66	84	25	28	70	35	71	74	57	17	83	16	48	98	11	25	55	80	50	42	27	47	32	11	49	17	73	74	88	92	100	87	94	29	72	14	73	66	94	98	77	94	56	92	75	54	16	77	63	84	49	12	36	78	66	77	13	60	35	16	38	41	11	74	67	48	71	45	88	15	76	46	16	21	28	52	65	94	98	54	43	43	70	11	37	17	54	59	44	46	23	13	82	61	50	97	20	13	56	43	77	92	75
92	90	43	67	31	99	68	48	75	42	24	77	33	21	24	38	48	37	66	30	88	59	40	73	93	91	39	39	87	74	42	72	25	37	48	55	27	78	63	66	87	88	46	92	49	25	86	56	81	35	93	36	92	94	60	20	51	77	56	45	78	94	57	92	93	22	19	45	37	12	26	15	62	23	65	46	40	79	55	61	13	16	77	23	29	70	57	26	79	36	73	20	64	48	60	49	29	71	81	52	80	11	49	70	62	87	98	90	60	95	74	11	56	48	32	18	69	15	45	74	26	88	59	26	74	27	34	48	83	13	40	25	76	20	28	62	31	61	45	43	14	39	44	78	38	48	28	23	88	87	26	55	93	16	100	19	17	68	30	87	51	98	99	42	83	35	56	42	86	58	38	42	44	54	83	19	92	67	65	94	79	19	84	89	92	57	92	72	24	30	41	86	49	57	82	87	55	84	36	58	22	20	11	39	33	79	53	60	42	55	74	48	50	21	51	89	46	48	87	66	23	12	66	31	70	82	28	85	26	44	41	32	17	68	72	86	29	60	51	50	77	33	46	50	94	97	99	30	98	85	65	31	22	76	49	13	42	65	98	99	17	78	62	53	96	74	61	72	26	24	61	98	85	45	31	17	74	49	10	78	81	78	10	71	78	61	83	94	50	47	48	51	43	34	34	55	63	43	32	65
15	77	39	92	76	17	57	46	17	78	61	19	17	13	41	12	59	60	84	21	30	40	31	32	54	68	18	53	22	86	46	51	65	11	98	66	31	31	99	54	36	36	68	92	54	17	26	96	87	54	77	16	14	17	96	41	83	97	88	23	60	10	66	99	94	80	48	41	46	13	23	79	17	19	28	98	55	38	72	12	37	18	72	16	39	73	69	28	39	91	77	14	61	96	24	46	19	76	68	47	33	63	53	47	44	100	16	46	18	42	76	72	17	86	13	96	32	33	98	99	20	22	49	54	20	17	32	26	72	76	29	71	26	72	19	37	27	12	41	92	92	91	57	34	54	16	87	47	15	26	62	97	33	99	20	17	77	71	97	26	86	57	89	36	56	84	53	87	67	11	100	48	44	58	49	91	82	83	74	17	89	19	83	42	38	14	16	22	39	46	77	82	69	12	36	11	82	91	89	67	17	47	60	70	45	52	92	25	42	78	88	68	96	24	87	73	47	52	36	65	98	81	18	55	57	86	45	31	24	50	14	75	52	14	89	98	27	12	51	94	94	55	54	98	71	87	61	22	72	64	52	71	61	13	83	82	33	71	92	35	47	38	94	19	97	37	31	73	47	93	28	62	19	55	49	99	18	85	51	99	90	27	63	28	57	37	93	59	88	75	72	19	40	46	27	93	37	36	83	26
62	33	45	54	84	69	54	97	44	21	87	98	58	12	54	81	63	31	18	17	49	21	12	56	43	79	54	94	98	44	20	68	25	19	17	26	99	60	91	85	58	99	11	83	24	39	100	60	24	41	48	91	59	98	23	59	91	16	38	67	52	34	39	13	69	93	52	95	99	74	54	30	65	34	72	94	57	71	58	86	35	19	91	38	61	91	37	97	56	64	56	89	31	46	91	12	58	89	21	93	18	51	84	72	70	55	45	63	43	87	58	56	83	49	69	98	89	99	99	88	79	74	64	50	10	95	21	13	45	44	66	81	68	61	56	14	64	97	15	82	52	77	34	61	73	54	22	11	90	76	17	89	33	85	45	22	49	35	99	48	72	46	14	31	55	43	64	93	60	23	23	87	64	41	63	57	63	62	63	32	54	85	61	19	82	91	96	85	18	97	27	67	49	99	100	75	46	67	78	77	30	70	46	35	95	36	25	74	99	98	60	82	53	85	28	49	48	99	76	59	59	36	97	29	64	14	53	70	84	78	62	54	25	44	47	72	83	88	11	72	53	67	94	52	43	85	78	69	41	36	80	46	47	88	54	31	91	91	20	70	78	83	62	29	91	30	22	78	74	89	55	11	54	37	36	31	18	88	34	75	91	56	36	92	83	63	73	17	47	24	37	20	49	71	58	99	25	87	43	44
69	79	47	32	91	76	32	28	67	30	86	77	24	50	79	89	18	33	11	39	50	77	39	79	31	20	72	30	77	15	65	75	13	38	20	43	25	76	27	61	24	75	25	48	45	24	37	40	99	100	71	58	65	40	78	35	67	26	85	24	76	98	80	90	37	72	20	42	62	80	67	76	28	36	44	57	63	80	94	59	15	34	99	44	90	66	63	47	52	26	80	99	77	57	16	15	98	99	64	61	69	74	52	68	41	14	23	83	87	24	90	54	79	39	16	34	78	98	81	16	66	80	47	54	42	97	60	56	68	14	67	27	68	94	43	16	79	53	53	26	19	79	47	78	92	57	46	78	29	50	60	89	53	49	33	87	53	22	85	91	42	10	20	63	77	86	98	87	74	85	80	47	27	11	82	23	16	67	25	60	87	95	38	41	51	74	95	63	37	83	39	92	35	95	64	68	32	78	33	81	12	28	22	76	19	45	69	39	65	87	63	98	44	86	50	81	57	80	37	78	56	86	82	56	69	44	94	38	49	57	32	65	93	69	57	66	67	43	80	69	55	77	89	30	42	92	90	72	86	11	43	73	23	68	77	61	78	23	15	36	86	32	27	29	22	40	25	61	69	66	53	76	70	18	98	11	78	10	45	42	24	21	26	38	66	36	100	99	59	43	69	24	49	93	12	28	62	16	44	67
68	10	83	85	89	63	60	60	45	82	85	56	56	73	45	78	57	76	83	29	12	24	43	40	90	12	28	67	58	12	94	24	31	35	63	66	17	72	56	22	82	90	75	61	76	86	60	27	16	19	53	57	18	68	64	25	58	52	48	29	24	57	98	57	100	25	74	53	22	71	76	21	18	73	93	79	14	96	56	69	44	83	93	96	69	40	41	75	85	68	29	15	31	52	61	71	90	41	61	28	82	97	63	100	62	41	77	34	21	52	86	99	48	22	37	63	43	66	23	65	59	49	48	55	97	73	83	16	55	54	57	44	39	64	33	99	21	63	62	31	55	27	30	76	58	32	71	21	17	46	14	84	72	55	38	83	84	60	91	88	58	51	60	29	48	22	91	56	39	53	75	52	80	70	91	97	14	18	44	41	63	70	96	45	75	33	89	98	60	70	13	66	24	67	98	42	43	30	77	73	63	12	77	63	30	54	50	66	47	36	78	41	16	32	55	100	26	61	76	27	13	82	85	51	62	97	74	36	87	27	53	70	21	49	99	62	26	23	82	86	32	77	75	98	52	61	100	94	67	37	61	67	25	76	83	84	55	34	16	42	86	59	51	95	57	61	74	79	16	12	65	69	44	49	33	72	97	97	10	59	32	17	92	31	72	72	62	91	37	41	90	22	81	88	96	26	84	52	42	54
66	30	54	99	46	78	50	50	98	15	72	49	81	95	26	35	76	36	58	82	79	23	64	23	39	88	65	64	48	41	15	99	24	62	84	15	37	72	15	44	74	40	27	46	33	91	74	44	60	100	55	51	94	53	71	96	100	23	67	36	45	54	28	90	76	47	61	39	79	99	89	36	97	36	88	66	66	66	64	89	73	36	68	82	41	95	48	38	49	57	66	24	32	55	71	42	11	13	64	26	66	43	82	82	79	74	94	76	17	17	72	46	49	99	93	99	32	91	56	24	40	61	81	57	55	87	23	15	66	47	34	27	89	74	13	84	21	27	34	89	88	50	53	63	18	65	91	37	63	21	27	14	53	76	52	55	97	77	50	12	74	72	72	42	45	25	60	92	93	35	68	44	50	51	58	28	69	37	11	85	61	97	93	82	99	26	89	90	54	95	28	67	86	26	44	90	44	61	51	27	48	94	34	78	51	36	74	11	38	99	86	90	32	87	54	79	13	95	61	78	12	49	96	79	55	79	97	90	97	65	84	55	47	31	84	100	12	33	76	33	47	79	52	97	12	26	88	43	67	56	27	94	11	56	99	39	64	90	12	95	90	27	73	78	69	88	50	21	95	80	82	30	69	12	48	36	95	47	91	87	69	11	41	55	89	35	49	82	25	70	30	35	50	44	50	63	18	20	37	70
92	54	36	30	55	82	17	21	47	92	58	79	28	58	40	36	31	20	74	72	62	55	73	21	28	82	79	64	78	64	19	82	97	56	13	25	69	38	57	30	66	64	58	16	45	17	88	25	91	67	81	92	95	52	54	94	85	86	75	44	35	55	51	52	84	83	85	69	95	35	14	38	16	63	84	89	20	81	40	48	96	49	48	61	12	31	58	42	46	88	100	71	79	46	17	74	96	53	99	95	30	40	32	17	89	62	71	38	89	64	42	76	71	94	73	62	79	81	98	77	21	79	52	96	29	62	49	50	58	90	38	64	42	16	78	25	43	55	51	30	91	95	65	32	27	83	46	35	34	92	39	75	46	61	28	73	89	31	96	11	28	91	36	47	36	91	34	51	81	39	20	53	81	62	21	95	72	53	98	73	55	57	58	85	21	34	69	94	12	60	87	65	76	10	58	83	89	72	13	65	96	89	66	43	58	85	10	14	95	12	26	29	96	72	57	72	60	15	20	38	72	18	24	63	40	74	57	24	66	86	95	76	70	35	80	31	15	84	38	36	62	60	79	87	91	52	89	83	76	97	64	33	38	18	42	41	17	74	47	95	92	29	65	34	51	69	18	93	91	83	12	21	82	21	98	53	47	47	77	66	21	88	57	35	16	24	45	59	89	75	77	13	73	34	95	73	76	77	17	93
11	75	57	74	75	89	70	78	12	52	38	64	94	85	38	74	65	48	79	16	35	65	28	68	46	54	27	61	32	50	71	32	37	41	28	77	28	14	53	64	11	94	94	31	75	15	49	92	26	62	25	26	93	93	37	56	30	43	43	55	90	25	20	55	38	69	99	88	45	41	74	42	94	84	92	45	15	49	12	28	46	48	46	92	83	18	85	28	90	90	81	37	44	32	68	73	43	77	79	40	21	19	24	80	86	89	77	89	81	32	100	13	27	44	44	82	32	89	96	30	44	50	69	49	10	70	36	98	65	80	50	47	20	48	55	69	65	47	55	38	28	84	45	13	18	21	78	58	83	44	78	38	45	98	68	77	36	68	57	28	64	85	77	54	59	21	61	33	70	56	88	66	84	61	71	91	67	27	15	52	51	46	90	45	25	98	24	44	58	28	32	54	54	99	67	23	99	59	70	58	54	18	14	62	77	70	95	35	13	59	93	50	70	84	71	28	63	50	79	55	76	39	43	45	62	47	14	84	22	64	41	88	88	93	13	11	21	56	69	26	89	99	78	50	38	90	17	73	100	37	95	29	75	14	85	78	84	28	64	79	17	64	42	77	67	29	74	99	82	86	30	62	84	46	33	67	32	90	38	64	47	77	21	73	27	30	24	40	11	30	84	11	68	86	100	48	86	11	31	99
29	79	51	18	60	46	14	57	33	45	28	81	93	73	83	58	28	48	26	46	57	55	50	57	55	74	87	33	73	87	85	50	67	44	98	70	95	38	72	21	91	58	89	96	76	18	70	76	52	28	41	80	73	66	14	41	62	78	94	70	82	80	47	94	67	86	28	68	83	38	37	10	67	58	39	32	64	14	72	45	30	81	62	34	89	63	25	98	72	94	31	31	39	50	51	28	80	83	88	14	88	91	37	88	50	53	17	82	51	18	73	90	89	34	85	70	85	92	74	60	43	10	26	40	87	91	15	82	78	78	94	92	87	23	32	24	61	64	65	93	19	97	58	95	77	45	22	40	16	39	58	96	36	88	40	46	43	96	82	31	58	28	86	21	36	87	71	85	99	21	14	92	75	79	37	36	13	21	99	49	25	41	46	56	21	42	11	51	78	16	77	36	55	78	18	64	53	66	37	72	24	57	50	93	98	19	65	14	64	22	30	51	40	25	67	50	45	56	67	84	12	59	49	34	90	54	52	91	13	48	85	54	39	64	28	39	71	20	13	12	59	94	22	12	89	88	75	88	33	87	64	85	68	74	81	56	37	46	72	69	58	26	38	41	31	37	59	32	47	17	10	65	17	26	10	59	74	20	65	80	35	38	81	25	14	64	63	22	18	21	59	22	50	14	79	73	23	44	52	65
65	66	60	15	25	54	63	82	20	51	95	22	11	69	74	79	95	87	33	52	22	42	35	22	74	20	90	72	15	77	38	40	97	30	62	88	93	79	18	98	81	58	73	67	76	94	16	52	11	49	98	42	37	65	90	40	22	65	90	68	63	72	89	10	96	32	60	37	67	19	92	95	93	48	84	54	41	94	45	34	95	42	48	55	28	34	26	65	32	82	33	68	57	60	79	42	68	73	46	16	26	31	40	65	29	34	15	53	38	72	22	70	26	11	22	85	24	44	14	15	80	42	63	96	65	62	58	78	50	92	85	48	25	25	39	55	48	99	26	74	46	65	31	74	70	51	99	49	73	93	39	90	66	36	47	39	12	68	31	50	92	39	37	94	69	14	74	65	22	49	76	97	13	49	63	79	70	71	18	21	47	19	75	62	27	91	44	23	47	72	93	50	61	73	85	79	31	44	43	77	24	91	100	79	38	39	80	22	34	72	63	25	20	32	46	74	99	49	58	54	54	28	53	44	43	91	78	71	86	99	29	31	66	82	30	12	34	50	59	73	71	55	22	30	93	39	50	24	51	15	41	79	20	77	49	60	68	90	60	71	60	33	11	32	53	49	34	56	87	76	35	61	21	20	42	54	11	69	27	65	98	39	43	60	11	39	94	77	50	25	83	19	52	27	25	87	85	28	80	61
94	51	51	90	68	12	83	34	93	82	85	65	89	84	99	18	18	26	78	38	78	30	82	22	12	84	100	11	51	85	81	47	14	62	82	10	43	19	39	90	41	34	31	24	76	58	47	65	90	89	50	84	52	32	48	38	73	19	39	76	20	35	97	57	78	19	40	56	38	84	10	20	17	49	84	30	16	42	64	62	16	19	84	19	22	86	65	84	42	67	88	51	13	90	64	37	74	32	19	63	96	69	90	83	69	56	35	18	97	50	79	93	11	34	54	21	26	34	13	79	94	89	22	25	65	93	57	51	81	13	45	15	23	45	39	65	32	65	20	24	86	67	54	32	51	15	55	46	73	23	19	76	24	42	61	41	14	44	39	57	67	20	43	21	18	73	58	33	69	58	95	38	96	26	64	98	85	20	80	30	24	44	22	31	39	21	15	89	59	38	46	31	28	16	32	95	57	36	62	58	81	48	25	80	10	83	35	59	80	15	22	44	92	75	74	43	42	24	79	63	24	91	40	77	76	52	71	39	49	12	69	76	94	58	72	27	88	40	16	88	35	60	94	13	30	47	64	54	66	27	60	49	54	30	77	40	92	91	11	34	86	42	32	19	47	78	74	28	20	13	54	70	48	68	20	21	84	15	26	90	94	71	45	78	57	33	69	88	52	68	93	55	54	55	58	36	47	81	59	86
81	92	65	35	64	20	11	81	11	24	13	27	32	87	73	12	59	83	18	73	41	18	31	94	44	49	66	70	65	96	86	77	14	68	53	84	67	24	42	63	97	28	18	38	55	14	51	43	84	69	76	76	76	63	82	74	32	91	83	15	71	92	81	35	51	63	58	27	43	12	10	74	22	78	39	42	92	19	49	33	72	94	66	99	92	85	30	51	52	38	19	12	37	24	47	23	12	21	76	85	31	83	76	65	96	37	90	41	66	67	84	65	31	45	71	17	44	87	62	16	57	99	62	59	20	70	27	50	21	80	14	96	92	87	11	16	71	94	54	40	82	94	39	13	33	62	40	70	47	56	21	22	43	29	45	36	18	72	85	88	72	89	81	67	73	58	30	41	46	25	37	21	92	74	21	52	62	77	46	72	47	27	26	34	54	67	92	15	68	69	63	94	94	34	97	26	95	24	98	16	65	55	85	92	48	95	81	56	19	97	99	70	89	77	56	28	80	77	61	82	35	92	45	11	65	13	48	52	84	48	45	78	19	22	59	17	29	17	64	77	72	96	94	44	23	95	33	26	54	35	40	19	63	27	71	87	22	91	16	13	22	61	91	96	95	95	32	12	98	82	79	43	72	68	20	35	98	91	24	28	43	95	77	17	16	60	12	36	11	22	65	53	82	29	52	93	83	44	83	54
45	54	27	22	29	76	26	12	13	81	43	76	22	95	92	26	18	13	93	31	64	70	64	90	36	66	58	37	51	97	75	78	55	67	20	82	15	84	33	98	44	37	54	41	63	58	39	37	93	83	45	32	12	40	68	88	17	82	97	23	97	67	64	67	44	52	10	49	14	20	33	24	67	26	72	74	75	40	32	79	75	61	47	23	46	29	71	13	40	33	52	25	38	32	44	91	70	72	93	78	24	23	21	76	74	11	71	32	36	16	28	45	52	80	84	40	32	72	36	43	97	68	99	75	63	14	21	39	59	67	92	25	34	94	59	44	50	75	26	59	77	64	70	40	99	64	39	29	83	57	83	69	90	97	90	20	83	55	69	37	20	32	81	76	26	88	20	32	30	10	56	52	19	88	29	81	61	100	32	52	95	59	29	30	39	36	29	27	11	88	66	57	81	17	38	81	23	89	91	16	17	77	78	75	80	65	71	90	70	11	49	18	16	71	54	43	88	31	66	79	22	99	71	76	52	34	82	92	31	22	34	19	96	35	18	87	79	82	84	10	77	12	31	25	42	29	84	18	40	21	68	50	57	41	61	13	18	72	53	43	16	80	14	27	52	55	75	39	80	32	36	56	14	24	54	11	14	66	33	69	36	66	59	45	20	52	10	68	38	46	11	94	12	66	10	96	12	81	81	60
95	22	61	29	23	73	59	10	67	57	65	69	57	58	58	26	28	27	16	85	21	99	27	19	68	54	95	20	59	83	77	83	17	45	44	42	87	57	49	58	94	11	42	14	53	91	65	19	33	10	72	67	26	40	21	95	83	74	30	94	62	22	50	33	73	80	68	100	22	51	65	88	55	87	52	74	66	48	34	73	94	28	89	89	47	36	54	28	50	77	40	21	99	22	79	59	18	41	30	63	37	68	76	35	25	76	46	47	89	28	80	93	44	41	98	50	38	51	73	89	30	46	45	44	21	96	49	40	98	62	14	63	73	92	86	20	26	22	47	98	94	80	85	70	57	10	31	99	95	73	77	53	30	28	97	79	11	56	51	85	19	92	83	39	20	17	41	69	21	64	90	45	79	40	60	18	24	85	43	25	94	55	24	86	17	60	38	42	21	55	34	71	39	78	52	36	82	51	15	62	51	17	33	19	91	47	79	32	65	79	36	25	64	46	86	93	14	49	13	53	62	57	25	95	71	56	15	24	66	39	32	59	100	28	39	12	44	66	89	84	63	37	62	93	35	57	53	76	23	16	58	11	32	99	14	15	34	74	44	11	23	85	35	76	85	86	96	72	70	69	42	37	45	53	84	63	15	55	81	47	93	25	97	82	88	71	77	90	36	65	18	58	85	40	51	20	66	72	78	48
24	61	93	84	49	50	79	93	36	63	96	83	91	81	49	51	91	24	24	29	34	80	38	27	50	22	30	41	91	13	43	98	82	57	66	98	20	34	30	64	47	87	18	32	93	64	100	94	43	72	28	80	73	38	69	86	70	80	87	20	20	73	38	13	45	76	10	27	91	59	57	46	28	55	87	44	70	19	47	44	65	50	68	68	35	99	17	32	21	80	31	29	28	40	89	90	18	73	19	88	83	37	51	21	46	88	65	47	79	21	89	51	87	94	41	19	69	100	82	87	57	32	74	97	24	37	99	86	45	99	45	94	18	52	17	16	81	20	76	56	67	18	80	57	22	32	39	69	78	78	49	87	31	59	55	82	64	75	34	54	54	64	79	49	44	76	96	37	64	64	89	24	88	89	15	82	31	76	76	63	53	39	45	46	94	35	70	99	61	66	65	16	71	24	90	17	48	39	92	33	46	36	80	42	79	61	21	75	48	31	24	91	72	84	40	66	84	67	60	48	87	95	16	83	74	71	31	89	61	94	37	69	86	43	46	62	47	84	15	36	26	41	90	34	82	17	98	73	19	70	50	47	63	76	95	43	77	81	68	91	67	99	27	29	87	65	11	71	75	75	12	73	38	61	13	25	27	74	58	17	96	80	37	93	14	53	78	87	86	51	66	27	61	68	69	39	46	29	78	64
26	69	65	45	81	51	36	25	67	43	58	75	64	51	62	87	65	37	50	57	88	73	97	46	48	89	55	27	85	72	23	18	84	57	32	93	89	92	63	16	78	44	99	93	63	97	49	16	48	41	18	72	17	51	73	66	50	47	54	89	67	42	57	33	83	98	14	74	24	10	45	41	33	86	79	10	60	74	94	27	91	87	31	60	66	39	61	69	27	78	64	28	43	98	50	80	86	82	28	73	28	52	66	68	30	25	97	29	64	93	56	27	56	61	60	39	96	16	23	78	32	68	66	50	45	17	94	71	86	79	17	92	30	38	15	83	39	54	31	35	22	80	89	72	86	71	84	91	97	86	67	23	65	73	33	28	49	78	80	88	64	49	71	75	48	10	13	63	82	38	91	36	34	85	21	90	54	68	59	55	30	68	45	40	37	57	74	32	73	45	31	47	37	27	29	40	99	34	59	22	40	23	45	47	33	11	100	39	66	44	55	46	88	63	31	46	46	78	69	13	22	64	54	40	15	88	63	40	15	23	52	55	63	92	42	93	16	90	63	53	92	22	28	34	41	19	54	49	34	31	52	15	43	67	38	91	15	30	38	74	61	92	17	27	38	61	99	57	48	45	50	60	42	26	15	67	98	40	40	24	58	29	71	94	48	87	93	34	55	51	44	33	37	11	72	56	25	18	37	18
21	96	79	95	99	43	41	21	99	47	54	64	42	34	89	18	48	87	25	48	35	84	10	99	25	46	13	36	14	58	65	100	37	24	87	84	19	84	35	70	18	79	35	18	30	63	90	48	40	65	50	17	94	18	90	35	52	81	61	88	41	34	88	19	31	53	89	78	87	26	49	23	26	18	82	19	20	59	36	34	17	89	91	90	52	71	77	73	69	52	97	94	47	55	95	64	15	39	59	81	42	43	28	38	67	65	13	25	46	31	53	61	25	29	25	39	65	79	25	81	77	78	69	65	54	11	17	23	66	68	60	32	39	30	52	53	11	89	36	29	14	42	50	44	87	41	18	41	31	11	22	63	62	45	83	75	94	63	65	47	34	26	62	86	69	37	84	41	56	11	22	51	81	85	18	32	76	57	66	52	10	90	24	43	97	78	19	42	78	92	41	58	85	63	94	13	26	81	82	93	92	55	47	75	58	33	41	34	30	79	83	53	74	43	36	30	56	25	64	64	35	94	50	72	11	73	64	52	63	18	51	80	71	22	83	62	61	17	43	97	72	68	59	32	76	31	14	80	16	51	62	26	75	88	91	68	58	93	56	61	24	36	52	50	67	38	36	80	59	60	33	15	73	65	92	99	29	62	79	20	65	25	19	89	99	11	85	84	29	48	44	28	50	72	35	39	45	85	70	57
62	60	74	59	20	40	34	35	80	50	99	38	25	53	73	64	57	58	92	84	93	28	19	46	39	51	40	20	48	20	77	84	43	56	84	93	91	51	71	21	73	96	61	36	71	27	61	94	16	54	89	74	88	80	69	65	70	58	57	48	61	59	27	24	96	35	56	49	54	85	39	69	69	50	42	83	57	20	68	43	97	12	58	88	55	59	82	23	54	16	90	52	16	19	36	36	72	94	83	37	14	62	75	33	86	50	100	68	28	16	95	49	93	85	34	68	77	79	27	27	73	62	36	54	26	44	38	95	53	15	88	38	78	51	58	96	46	34	31	85	65	65	25	68	42	70	66	10	74	46	78	77	37	92	81	18	94	98	51	69	100	23	26	92	78	40	87	65	24	94	25	80	22	66	41	65	69	36	69	99	31	20	46	58	16	70	66	87	21	19	21	90	64	54	90	43	29	86	88	24	81	55	36	46	69	27	61	54	70	82	88	20	51	76	93	30	69	43	83	59	26	100	99	12	72	81	74	27	87	75	51	87	18	21	48	100	17	25	99	36	17	20	13	45	83	77	89	97	76	59	63	49	81	12	46	36	41	41	75	31	51	52	77	97	26	12	62	45	55	43	89	35	18	53	38	87	50	97	80	79	59	73	40	72	50	40	83	29	75	55	75	11	38	59	76	82	49	78	76	27
71	53	66	36	11	19	21	33	68	18	78	57	69	69	32	81	98	30	43	41	32	11	21	97	86	73	12	37	14	68	29	38	88	65	67	87	25	71	30	52	86	32	26	19	88	70	40	95	30	20	91	15	83	94	82	51	45	83	25	96	55	68	10	42	60	80	82	60	56	60	28	64	21	47	19	95	10	59	68	38	88	35	48	80	24	84	17	94	83	66	100	51	85	30	53	36	62	85	97	19	68	56	45	50	52	34	14	59	24	66	42	66	100	90	21	36	62	18	15	69	53	34	23	54	52	99	87	46	17	41	99	34	51	35	55	18	18	28	46	14	28	82	88	50	20	18	23	40	50	28	62	50	91	68	11	20	84	87	77	70	55	45	20	78	96	47	32	87	27	14	47	53	11	76	88	31	30	13	60	100	30	47	48	47	34	59	44	77	93	31	37	78	87	74	27	38	73	72	11	90	29	33	19	60	28	22	49	22	63	16	48	52	20	57	33	95	90	20	21	44	23	36	75	75	81	43	11	14	90	29	14	69	36	47	66	23	17	11	43	94	60	54	96	98	99	33	84	29	45	78	96	60	19	18	22	91	62	31	81	35	86	30	32	65	66	28	59	60	70	25	50	88	26	60	43	29	18	68	12	19	65	30	52	36	83	20	44	58	42	61	89	34	23	46	23	71	75	83	77	23
70	89	57	64	24	65	81	88	75	72	18	72	15	70	38	51	11	68	89	19	42	81	88	88	90	70	54	68	67	78	18	34	35	98	47	51	34	25	27	13	23	95	39	39	67	45	25	87	91	83	97	35	39	54	31	35	78	95	31	16	81	30	40	85	65	32	99	96	39	77	75	83	20	98	31	36	11	65	74	40	71	25	73	51	79	27	20	16	25	23	91	97	62	89	58	96	68	50	65	57	18	87	46	52	61	61	14	68	61	57	36	35	89	43	82	37	34	87	21	48	69	14	25	29	54	27	11	67	83	85	33	40	88	73	81	20	16	50	67	39	18	12	24	91	70	78	26	79	74	81	36	87	33	38	81	17	34	43	23	41	95	91	65	83	33	86	63	67	38	78	71	43	27	35	56	23	81	14	37	17	51	55	69	32	26	65	98	20	64	13	90	78	76	29	72	66	15	92	16	25	81	92	73	49	57	46	33	11	85	100	52	41	78	67	71	86	59	73	75	79	57	76	23	87	67	25	37	34	79	84	35	52	31	66	37	64	55	67	96	55	35	17	80	31	27	63	40	81	72	17	91	81	91	38	32	18	22	61	84	19	61	32	94	25	13	58	64	14	90	99	13	91	71	92	14	91	42	29	76	86	48	23	17	43	47	14	58	84	95	55	90	78	64	49	20	50	14	66	50	49
21	14	49	51	11	55	45	37	22	91	96	75	30	43	36	43	22	36	99	96	46	94	54	48	24	84	42	38	91	23	30	59	81	88	97	90	90	57	92	27	85	62	54	47	39	14	54	15	58	84	38	22	95	18	92	95	74	47	38	67	14	64	44	38	22	16	27	88	63	79	39	68	44	50	45	31	82	83	15	39	42	35	78	77	17	54	85	60	26	94	31	78	84	22	31	71	87	25	31	32	74	98	89	34	50	15	23	27	50	40	74	15	21	43	27	29	72	81	11	74	77	58	82	27	25	77	58	18	50	47	47	66	88	92	65	41	51	42	21	41	28	53	67	78	28	65	57	26	42	44	73	74	92	54	34	16	18	21	94	66	80	32	74	16	13	61	34	41	35	88	71	44	44	65	19	28	39	62	16	95	71	48	47	75	50	82	33	48	41	77	88	60	77	59	33	19	19	36	31	26	63	56	57	25	36	80	31	80	21	84	54	63	61	60	38	94	93	74	93	29	29	99	72	10	55	49	32	64	41	13	94	27	37	28	89	58	29	13	53	98	38	60	36	32	19	29	76	14	24	10	38	94	41	98	21	12	45	22	51	76	40	85	100	74	65	35	11	73	75	66	65	87	82	87	78	45	15	61	51	25	96	37	65	53	68	47	92	49	18	21	98	86	43	13	30	76	18	19	99	21
47	62	52	60	54	62	98	92	92	55	68	31	83	14	69	72	83	59	68	25	56	33	62	45	12	20	48	84	24	28	66	89	94	48	59	87	32	29	34	29	30	60	10	98	35	23	65	88	77	42	63	54	35	43	26	74	78	92	96	57	26	34	48	85	76	38	39	61	93	82	28	83	62	42	19	61	63	25	79	87	44	62	57	42	79	21	95	61	91	70	97	41	80	48	53	59	69	52	31	78	10	82	84	65	66	35	23	26	86	27	75	21	35	50	16	16	93	13	52	66	98	28	20	52	96	68	33	52	10	94	59	49	28	11	77	92	19	74	64	90	33	45	39	59	60	53	62	26	93	36	77	85	26	87	66	35	77	84	72	51	13	51	78	51	63	34	83	72	32	32	82	54	84	46	13	40	12	19	94	51	65	51	17	64	80	46	20	45	79	78	86	15	65	18	22	89	85	80	27	93	71	77	19	56	88	24	41	37	89	59	67	17	14	83	73	88	83	95	52	39	25	99	31	55	15	43	12	46	92	79	76	98	87	59	51	45	22	78	66	69	34	41	77	66	84	91	84	25	86	83	27	93	44	57	70	87	82	28	24	82	15	97	83	94	96	18	54	30	91	44	17	12	31	85	11	64	91	55	85	76	69	92	26	27	47	46	74	67	47	42	32	29	100	84	76	62	87	22	47	52
79	29	54	42	15	99	60	88	83	25	48	98	79	25	32	53	64	77	82	27	48	73	44	24	25	16	34	34	23	97	12	28	30	33	11	81	61	62	45	44	49	34	42	59	29	23	65	54	52	69	97	50	85	11	13	100	69	10	35	99	38	45	91	70	100	45	63	97	40	42	61	66	60	39	88	62	77	12	88	82	85	65	18	51	70	90	65	98	91	83	44	11	39	77	72	83	55	37	27	94	27	68	42	37	56	97	95	25	87	98	99	59	37	13	66	99	78	19	58	100	94	84	54	14	49	12	68	21	21	43	85	36	31	77	22	47	13	13	36	82	48	38	97	69	92	14	69	62	40	96	89	32	56	54	23	70	21	15	79	33	97	81	84	57	81	76	47	24	34	82	62	41	21	81	20	52	96	65	36	17	93	21	23	85	98	60	16	40	39	22	51	80	94	24	14	35	81	31	89	24	25	34	99	35	79	97	82	18	12	30	83	18	89	66	16	46	68	70	79	26	79	85	13	19	72	95	18	77	33	65	24	82	76	62	11	69	46	49	65	35	84	66	53	84	78	81	82	83	17	28	74	61	47	98	34	47	58	69	58	18	70	46	88	64	32	64	73	22	19	30	64	44	24	48	85	63	56	48	72	17	89	20	52	90	30	27	76	14	12	41	15	49	86	74	86	14	81	35	39	32
68	61	87	82	56	15	42	47	71	74	82	13	59	90	78	57	15	59	54	96	54	99	78	12	24	11	21	56	71	77	69	68	48	89	16	67	43	66	80	39	44	79	71	40	55	78	25	71	31	17	24	40	66	20	35	79	30	18	59	45	63	96	50	73	72	34	74	30	57	25	94	62	40	24	11	52	25	19	55	60	63	87	98	18	24	76	43	94	93	88	69	15	43	47	81	68	36	24	83	36	47	39	11	59	49	42	11	52	61	54	69	92	39	51	78	17	77	61	78	79	79	63	84	45	97	96	19	23	45	89	91	29	86	80	69	67	87	72	36	36	20	36	29	100	16	60	37	57	53	70	15	53	96	95	78	94	74	10	23	53	16	39	99	78	24	15	75	55	21	55	97	51	53	81	14	92	50	53	13	38	22	44	88	62	15	89	10	11	49	94	91	13	90	100	66	38	25	73	75	20	21	52	66	88	23	39	58	56	47	58	81	34	34	93	95	35	46	16	66	26	58	18	93	75	67	37	35	73	22	98	60	79	16	80	55	61	33	31	86	91	79	84	94	18	77	70	64	12	22	55	49	88	87	40	30	50	32	65	65	36	72	17	39	34	85	19	26	23	92	85	51	49	54	37	96	58	72	39	68	88	61	86	28	61	72	44	83	48	52	77	24	81	69	67	30	41	59	52	29	21
87	29	95	64	39	42	89	41	80	21	62	54	13	32	69	97	80	77	27	22	98	76	84	36	88	22	74	30	94	24	79	23	95	64	75	23	63	75	93	97	63	36	58	25	61	96	11	74	16	67	71	55	70	95	98	93	37	64	17	92	24	67	65	15	17	69	11	32	11	43	66	97	30	34	50	43	37	96	45	53	33	73	58	94	87	65	27	88	27	68	71	67	63	34	14	14	78	22	80	70	49	82	22	68	83	13	25	42	54	25	56	85	16	10	47	96	12	45	51	45	78	51	24	19	20	67	20	83	99	85	50	45	23	40	76	85	47	52	92	26	99	71	92	59	42	44	91	95	90	74	64	24	39	31	76	86	37	61	51	22	89	57	42	74	28	13	27	90	70	28	83	14	51	29	57	18	73	87	22	75	81	32	21	43	44	40	39	26	72	78	35	91	34	30	60	98	33	33	39	59	34	72	82	79	91	91	93	67	98	92	52	92	41	24	51	45	73	91	97	100	18	89	50	16	84	41	45	81	80	57	16	90	76	64	87	83	59	76	39	28	77	60	26	99	22	65	42	85	20	79	12	67	97	16	56	49	75	20	77	35	21	63	95	41	98	10	71	65	94	54	84	82	97	88	37	95	63	35	90	94	94	12	19	97	40	16	70	75	37	47	33	95	33	75	57	50	20	10	19	95
86	46	68	42	69	12	69	90	23	79	48	60	40	42	94	24	68	52	98	69	24	28	43	31	73	18	38	56	32	87	67	93	76	13	49	30	68	24	15	87	25	30	72	63	78	76	45	75	40	53	13	96	65	18	98	91	74	30	34	93	75	61	41	80	77	50	21	56	36	71	66	86	26	92	76	80	92	53	72	56	93	27	93	31	95	24	56	44	61	97	53	23	30	99	36	37	58	67	55	14	16	80	12	54	36	97	67	58	17	54	66	44	14	92	11	56	93	27	74	41	74	25	99	30	74	44	29	38	92	18	11	42	95	31	23	75	44	38	47	87	76	54	88	56	20	21	65	68	92	91	95	79	54	41	75	16	93	34	94	68	94	45	48	69	71	52	39	52	86	71	76	77	42	22	63	89	87	74	26	98	41	94	91	55	64	29	94	78	71	50	14	61	56	53	64	86	80	19	92	45	86	17	46	44	15	27	22	77	37	45	73	82	92	14	34	17	37	88	76	61	83	84	18	98	43	46	77	21	18	82	44	81	38	14	54	58	67	17	47	30	98	23	56	89	33	28	45	82	92	71	88	83	50	44	65	98	95	19	48	40	16	66	31	13	44	18	78	28	22	72	42	88	13	28	96	67	18	75	50	73	94	84	36	14	26	61	26	83	98	15	70	69	32	20	60	19	87	70	44	57
wj																																																																																																																																																																																																																																																																																																											
67	38	38	15	9	74	75	28	80	99	86	69	68	63	54	7	93	3	16	25	49	10	9	31	44	69	36	51	83	2	23	88	23	73	67	5	12	20	96	57	87	43	40	80	73	24	44	30	48	89	71	36	76	96	89	51	41	50	2	23	33	23	68	81	79	85	43	26	98	34	97	25	58	52	4	48	30	88	53	71	20	86	85	17	14	45	56	14	50	98	22	81	62	53	27	71	34	73	37	4	75	4	57	93	93	65	21	24	38	75	68	13	86	49	81	73	66	21	34	80	45	86	3	14	15	50	77	63	39	82	32	73	10	10	71	14	63	78	26	56	58	17	87	69	2	23	1	9	2	6	95	3	7	7	96	65	62	6	87	88	91	12	42	58	49	33	21	29	98	43	28	90	46	67	88	74	33	15	94	93	67	16	47	29	56	64	20	44	10	14	92	89	39	2	80	14	98	65	13	34	44	29	26	78	86	66	42	63	5	4	7	100	19	35	9	81	90	7	57	14	70	75	23	14	62	38	47	97	19	28	82	35	22	71	31	15	3	17	97	56	43	77	23	87	93	4	3	62	7	87	3	83	34	56	64	71	13	5	42	99	86	83	10	28	9	59	57	44	29	26	89	37	27	64	51	16	64	93	60	67	19	60	50	28	63	34	16	72	27	66	30	92	46	91	44	28	48	36	41	21
