pij																																																																																																																																																																																																							
95	10	21	75	80	25	28	57	99	43	41	64	46	30	82	41	75	57	51	74	13	85	88	97	35	68	42	82	85	32	52	71	71	78	17	52	12	85	92	67	50	18	14	24	36	46	72	91	55	50	44	93	90	38	72	81	38	77	15	94	21	45	58	92	81	44	16	93	47	49	59	14	86	36	72	45	68	57	41	60	77	70	69	71	11	12	31	63	90	84	75	95	36	38	19	74	21	67	40	82	81	53	60	62	40	49	28	94	59	59	94	48	18	81	83	90	31	61	56	26	97	43	17	12	70	17	15	57	88	67	84	50	64	21	75	79	30	62	59	45	69	50	95	93	59	59	86	80	23	29	67	78	78	34	96	11	36	20	57	24	59	93	95	68	50	55	27	39	70	91	84	35	79	54	41	96	57	26	47	84	84	74	40	39	45	34	39	47	66	31	67	70	62	70	97	43	92	69	30	15
38	83	50	44	72	15	68	68	82	54	26	81	74	40	71	46	94	49	38	65	21	38	38	52	87	17	53	22	97	55	43	36	84	66	75	79	28	71	26	60	39	78	84	75	98	42	36	61	77	44	38	21	29	85	72	12	67	57	69	77	67	91	90	67	84	22	81	57	39	67	92	82	26	29	25	70	60	22	74	25	22	22	84	57	74	51	51	73	53	95	86	70	81	42	66	59	17	57	66	51	89	20	40	97	79	22	60	72	49	24	85	29	20	60	98	73	17	86	16	85	41	62	89	18	47	56	86	94	96	76	30	98	68	33	31	89	75	17	98	50	61	88	84	49	73	38	57	36	73	45	44	62	28	78	97	72	63	26	28	84	41	21	83	19	71	75	82	86	73	16	24	91	82	95	93	96	43	24	90	95	73	49	38	31	24	18	75	78	47	20	20	73	26	61	13	73	21	52	48	20
57	39	40	75	94	95	34	65	23	89	34	68	19	60	59	97	95	19	88	58	46	33	82	20	69	18	42	42	62	99	26	18	49	52	40	41	19	38	11	54	12	47	80	70	55	36	16	53	23	49	16	46	38	30	74	83	18	35	70	53	29	66	13	18	28	71	80	37	44	43	93	91	10	62	67	47	17	92	78	89	13	70	56	85	42	39	93	51	70	68	20	32	36	86	64	36	12	37	13	87	50	81	69	81	52	81	20	64	75	52	30	84	80	96	49	38	63	84	71	14	37	40	41	51	93	75	72	94	90	23	98	97	63	36	50	43	41	64	47	91	55	94	74	51	16	44	69	94	74	21	20	32	26	99	78	46	50	72	22	91	64	28	66	18	29	76	73	62	82	67	21	13	93	61	61	85	41	43	38	99	59	32	73	95	68	58	63	53	46	18	26	99	35	47	60	23	97	19	52	35
100	90	62	82	86	85	65	65	90	63	75	14	100	78	47	35	30	47	89	87	84	43	34	36	41	17	33	75	46	53	66	70	12	18	14	94	59	22	52	20	34	19	95	71	69	56	82	83	95	97	90	71	83	80	39	16	88	87	18	63	75	17	73	71	56	26	24	83	23	16	88	15	78	74	98	91	58	80	45	88	14	53	88	91	85	41	95	71	86	86	60	90	94	73	15	50	32	73	79	58	64	81	95	74	39	79	82	88	76	94	99	99	73	35	78	20	64	67	47	20	59	81	78	41	77	81	67	34	38	20	98	24	21	59	19	87	52	46	77	23	80	61	31	98	74	79	87	71	92	49	55	31	82	16	13	93	35	76	41	50	78	14	95	73	67	11	31	33	19	27	83	100	95	58	61	91	27	27	77	65	78	99	76	96	82	80	69	61	51	29	97	90	83	11	28	79	79	100	24	28
63	55	24	84	75	26	86	21	39	55	25	62	61	80	63	97	92	32	35	70	19	93	46	37	58	63	71	95	50	27	60	71	22	53	40	38	96	46	51	81	92	79	60	57	87	92	85	58	85	62	69	71	82	90	50	57	83	70	76	24	42	43	44	88	79	69	25	33	98	59	16	60	16	86	50	73	49	93	80	66	57	51	41	100	45	73	14	21	93	52	11	56	38	42	49	18	15	55	65	39	26	58	77	15	23	99	29	23	95	40	24	36	25	37	44	76	37	59	55	12	56	15	82	89	10	54	52	50	76	55	37	10	31	20	83	11	67	68	60	87	66	17	83	98	96	24	38	39	23	25	95	44	38	18	66	89	15	80	85	51	92	85	59	22	21	81	96	27	40	36	57	26	26	98	93	26	29	64	24	50	72	73	13	95	42	13	81	76	97	11	79	92	98	14	51	94	21	79	29	68
61	79	47	75	79	73	29	44	66	33	40	12	27	57	20	36	77	50	18	28	21	59	45	54	48	54	65	35	52	27	96	31	36	93	86	69	36	85	87	86	60	31	50	78	57	19	83	26	14	73	87	60	82	78	40	45	64	86	44	51	49	60	68	16	59	21	73	38	80	49	85	97	10	45	13	50	84	64	81	10	51	88	58	12	62	71	85	14	52	65	19	37	61	70	42	82	45	63	97	76	68	71	73	79	56	86	31	61	93	49	90	43	92	93	18	18	58	86	94	75	59	10	92	67	37	39	10	17	84	71	70	19	60	57	42	32	15	99	29	50	96	41	41	49	71	93	39	25	91	93	13	61	42	85	18	16	55	74	45	54	16	44	90	95	78	14	90	25	33	67	14	75	90	20	11	48	35	68	26	74	70	43	42	30	49	15	51	45	84	71	56	45	18	89	22	10	44	55	54	56
65	63	14	25	65	98	58	31	98	99	32	68	65	36	89	55	38	40	42	48	12	86	41	96	86	16	21	39	31	79	81	69	74	11	63	25	25	38	16	37	49	26	65	53	90	52	20	53	16	99	69	63	49	28	70	74	41	19	10	64	51	27	75	42	38	27	33	85	79	20	18	88	21	91	94	97	94	15	51	41	89	32	28	13	55	64	41	69	48	96	100	49	11	46	99	47	46	89	89	100	56	36	14	57	57	96	45	60	59	36	67	53	99	47	73	29	46	21	56	53	42	56	25	92	42	20	67	53	61	92	64	41	51	52	94	47	33	56	73	57	96	92	50	87	99	29	45	37	46	23	27	23	94	64	17	44	24	73	42	21	66	43	89	17	45	51	30	19	52	17	40	49	87	22	35	83	27	60	21	93	16	18	38	41	22	89	44	45	15	84	93	28	20	12	68	65	95	12	94	74
38	80	92	22	13	16	39	34	35	14	98	87	39	12	59	98	19	95	70	22	59	26	97	25	75	31	75	36	46	31	83	32	69	63	48	27	37	87	30	79	87	44	48	78	24	35	79	38	81	59	59	60	96	33	32	64	24	89	62	66	26	50	18	27	13	41	66	82	71	83	89	91	99	51	85	25	56	80	33	87	37	92	65	65	88	62	39	13	70	65	73	83	88	52	48	82	34	34	65	61	20	49	65	35	75	59	47	100	34	72	44	25	50	86	33	26	91	40	79	84	31	77	29	83	99	61	18	14	54	55	34	27	98	85	52	25	54	38	55	87	50	77	73	41	77	13	19	88	90	68	94	28	49	26	61	47	26	18	22	93	77	65	95	31	50	42	63	73	94	53	18	99	53	60	42	23	80	98	75	24	49	54	65	68	22	31	24	89	34	15	46	93	42	99	54	66	18	13	10	76
74	24	60	79	39	62	73	83	26	37	75	78	57	44	49	43	56	44	83	54	56	23	47	25	40	16	88	58	47	54	72	53	51	75	85	36	44	31	69	65	79	36	14	68	81	79	53	64	76	15	47	71	63	79	17	51	62	30	26	84	48	55	75	85	43	66	27	52	89	60	52	71	89	11	26	88	100	26	65	61	34	91	35	41	91	19	77	21	37	61	42	64	13	71	96	95	37	90	43	14	67	28	90	39	71	86	24	45	34	53	78	73	71	94	76	28	66	89	84	91	46	45	58	46	36	53	74	93	51	19	89	42	39	68	99	44	76	81	89	28	19	19	79	29	91	39	34	23	28	58	38	38	10	49	38	89	99	82	22	14	20	77	27	89	49	26	31	29	37	22	84	79	53	90	68	61	82	21	41	27	65	43	43	23	88	14	73	12	68	77	54	84	67	49	42	51	12	28	30	86
90	68	65	12	24	76	72	28	61	16	46	97	91	52	90	97	92	36	67	38	91	91	37	41	93	55	41	98	36	95	93	19	43	32	95	86	70	92	44	97	94	92	72	82	97	29	11	68	22	72	49	82	11	59	77	51	70	42	61	71	41	22	47	20	99	35	88	70	58	18	56	40	54	99	20	89	34	97	12	94	42	23	11	99	73	42	70	35	97	45	79	59	49	90	77	42	70	24	57	78	87	99	17	31	10	67	28	57	38	70	49	34	72	90	73	17	40	31	99	11	13	23	29	41	47	85	80	73	41	88	59	91	64	81	41	25	84	25	86	96	13	21	33	23	58	60	48	68	70	56	84	37	74	91	79	44	16	78	25	70	39	53	17	60	66	92	43	39	35	86	91	96	92	29	47	16	82	66	61	82	13	50	78	48	65	84	90	18	43	67	45	94	15	22	56	21	60	26	97	12
50	52	78	95	77	37	52	92	59	96	76	21	98	86	65	69	58	75	79	47	20	96	25	79	58	86	13	62	87	60	57	94	87	46	93	60	49	31	42	56	30	17	68	60	84	57	81	93	94	23	13	40	91	94	21	10	13	82	88	25	47	68	62	76	43	42	71	13	45	74	98	78	81	59	67	82	85	97	21	30	95	30	79	12	92	27	27	40	73	19	72	98	22	36	32	100	25	12	14	23	73	70	41	84	74	83	96	38	55	21	35	25	25	26	45	25	32	52	100	48	55	61	79	94	83	81	46	80	33	55	65	19	18	50	73	50	81	16	16	92	45	64	40	91	27	62	90	81	30	56	25	76	97	13	76	75	92	65	69	43	21	53	97	80	38	26	24	95	51	51	52	20	86	64	89	12	89	51	11	99	100	81	33	29	81	91	59	88	95	32	90	42	62	16	36	27	88	34	65	51
27	91	39	45	37	31	95	49	84	12	96	56	60	34	85	13	35	11	93	93	38	81	51	12	33	70	70	93	91	32	92	86	33	34	90	14	43	36	44	47	23	14	33	18	20	36	15	57	79	82	43	18	95	28	20	46	66	61	48	54	32	96	66	52	88	55	45	22	88	42	69	78	34	71	71	89	78	90	99	65	96	21	58	60	95	63	84	29	47	89	88	99	63	56	15	77	19	18	52	12	39	51	22	54	76	25	67	33	66	75	55	17	79	72	23	84	60	65	32	70	23	94	50	98	82	55	90	99	78	54	39	49	19	74	27	21	98	69	91	45	36	19	66	83	66	13	39	65	49	53	96	84	99	55	88	61	33	36	54	39	80	82	27	56	83	79	73	66	56	39	59	12	33	99	11	58	90	75	100	58	91	50	66	39	96	93	57	66	58	94	75	41	63	22	95	87	24	46	28	62
71	46	56	38	58	41	76	36	64	95	84	89	22	42	33	36	37	35	31	51	31	61	75	89	70	100	44	73	55	77	37	78	22	48	61	21	95	29	87	39	85	88	86	59	74	26	35	87	31	19	33	78	79	29	40	48	57	34	54	15	82	89	40	81	43	72	23	70	30	38	27	85	38	86	78	26	21	16	26	61	81	21	64	11	86	93	41	50	65	30	95	55	98	22	58	15	97	16	90	68	36	53	77	69	61	65	31	14	66	70	36	73	84	10	13	33	44	85	90	31	68	76	63	52	64	60	79	84	84	34	28	24	58	16	59	29	74	97	85	95	21	29	64	49	40	23	54	12	32	57	36	46	21	55	81	63	39	99	44	39	55	37	93	54	98	79	75	54	50	19	37	32	17	49	77	48	33	57	54	83	50	11	52	45	26	86	24	32	22	16	36	84	94	16	36	12	98	19	24	11
67	74	55	14	15	78	27	18	24	65	34	65	50	65	25	65	29	79	49	24	95	72	42	88	62	50	22	29	17	83	63	91	98	78	44	59	13	22	13	44	62	28	99	12	42	13	15	67	54	22	50	28	11	56	59	25	47	86	32	68	91	62	43	26	72	86	55	46	79	42	47	45	25	76	15	23	66	18	29	97	82	22	83	78	61	73	27	92	62	33	74	44	77	38	44	38	85	50	87	35	60	87	37	17	44	23	75	66	98	98	28	100	29	19	45	39	28	88	40	23	11	55	33	70	46	52	99	71	15	67	28	42	29	21	41	88	85	45	55	63	47	35	23	64	32	56	99	25	11	53	79	17	63	75	46	93	75	36	99	46	62	79	88	77	65	88	38	78	96	71	89	75	82	19	24	46	50	13	92	67	96	63	22	36	22	60	54	70	12	89	71	61	67	54	59	73	26	92	12	88
52	67	30	76	53	67	18	83	41	50	28	44	85	52	16	14	71	97	36	53	51	74	93	48	41	52	64	60	69	88	92	79	86	84	51	35	36	58	90	33	43	61	11	24	13	72	12	18	98	43	10	88	51	25	25	85	38	20	12	16	44	51	31	62	36	84	42	49	34	52	31	38	21	31	13	33	75	95	74	74	53	54	34	13	36	40	88	35	82	94	88	51	65	98	60	62	40	69	34	42	73	27	57	78	28	64	23	96	75	92	67	14	82	37	41	81	79	49	39	37	74	22	86	26	55	41	99	98	86	14	25	59	17	85	58	26	39	52	32	34	98	17	89	72	93	94	21	46	24	47	95	23	79	24	80	11	72	60	47	20	12	44	89	22	83	60	47	63	14	57	45	54	40	39	93	62	54	44	91	15	39	22	99	21	69	20	64	56	72	65	20	78	67	21	81	98	92	48	70	17
68	54	27	64	69	44	36	13	78	64	23	65	88	37	34	63	47	20	20	28	74	59	11	13	14	94	21	72	44	30	86	95	33	93	72	66	51	55	72	90	57	77	30	18	57	23	26	69	20	40	81	73	79	62	94	45	32	33	38	35	93	45	88	33	87	31	18	23	52	74	64	37	75	78	51	18	13	31	77	53	97	88	68	13	70	97	45	84	77	92	90	79	89	38	10	59	27	12	61	71	51	48	86	46	73	91	36	31	75	70	17	30	31	51	55	57	83	24	67	13	25	29	40	88	85	82	80	23	30	24	63	42	72	91	57	94	40	53	31	11	98	95	90	64	58	60	25	82	35	36	90	71	48	47	16	52	16	20	40	37	11	20	41	14	80	13	94	19	97	18	68	53	33	33	51	18	88	71	59	63	87	55	41	41	39	63	30	60	42	49	45	53	42	28	54	23	32	33	24	64
15	78	56	47	14	37	61	34	48	48	73	98	70	69	17	66	38	98	84	96	31	53	51	91	46	12	36	83	74	10	72	96	22	42	26	36	94	58	98	64	48	74	21	27	70	55	66	39	63	20	74	25	15	71	71	55	38	35	38	29	65	19	84	15	16	67	18	76	67	27	43	12	73	76	92	18	77	10	98	99	90	85	96	39	62	78	29	60	94	44	28	25	12	53	21	60	69	28	10	13	36	58	35	36	56	77	16	46	93	62	60	34	43	21	71	23	29	73	58	20	56	26	76	41	21	30	79	67	59	61	29	96	58	26	38	79	28	76	48	26	10	64	31	43	32	55	50	75	30	39	32	61	17	93	18	49	89	91	88	43	86	78	70	67	70	71	44	93	40	42	30	71	39	74	71	47	48	54	62	41	78	66	96	60	33	16	64	40	71	64	78	96	76	92	80	58	97	45	49	34
58	67	22	84	36	62	65	11	79	76	62	47	45	19	91	75	85	85	21	52	92	21	72	69	49	21	71	76	69	88	32	23	96	35	53	96	100	89	55	80	12	78	40	19	29	90	38	71	63	66	75	61	53	61	15	68	39	12	20	82	26	52	77	89	11	42	32	26	39	23	74	32	92	42	63	94	21	58	14	23	83	29	45	18	43	76	15	54	69	37	93	86	37	32	98	13	63	45	73	42	91	50	52	65	64	55	100	99	79	88	43	53	98	97	73	26	49	40	14	51	70	87	45	27	23	67	92	94	55	80	94	30	32	64	55	18	38	39	30	21	10	34	24	16	59	12	89	35	47	39	38	12	11	94	64	56	40	32	72	51	60	21	52	43	70	17	29	78	95	38	35	27	64	20	38	17	55	13	27	70	97	16	80	24	73	14	81	41	67	68	82	22	12	89	11	90	66	50	63	46
15	91	28	23	39	25	28	25	87	56	59	67	69	34	86	69	57	47	60	93	53	86	42	58	19	100	97	40	31	85	10	92	97	64	87	12	75	26	93	25	15	70	39	29	48	65	76	17	82	34	16	93	71	36	80	51	63	25	20	50	93	87	54	79	50	82	51	55	87	90	85	64	67	58	16	16	74	90	48	45	85	38	59	84	15	57	95	92	52	79	41	20	96	84	38	80	43	76	51	17	50	19	41	81	64	96	56	54	66	97	30	11	85	49	28	53	35	17	55	66	48	72	52	18	28	57	31	26	29	92	77	80	86	14	72	85	90	22	12	41	89	79	96	14	21	90	95	61	40	89	65	85	87	28	71	60	25	87	95	72	93	50	52	17	98	15	38	91	53	31	35	98	52	49	34	73	11	74	88	43	23	40	37	25	14	97	13	17	21	94	92	73	11	79	56	98	37	26	18	78
17	28	95	59	52	68	60	12	45	69	65	81	17	63	72	57	24	56	52	97	84	72	74	77	55	59	76	66	94	21	24	37	23	83	68	60	88	23	36	10	46	67	79	32	83	89	33	15	60	75	28	37	33	29	44	79	10	81	45	34	72	20	52	29	15	98	84	49	82	59	99	29	86	42	31	99	75	37	71	54	49	54	20	77	18	94	45	91	34	77	39	27	66	68	87	52	61	81	79	23	93	10	41	20	38	77	31	53	64	93	24	45	84	99	86	97	69	28	22	40	25	48	60	78	25	31	12	42	89	35	68	74	30	99	73	85	40	31	55	48	19	17	22	72	53	22	76	27	53	96	20	34	81	86	39	26	67	31	83	94	60	11	12	23	65	39	57	67	34	80	15	93	50	32	85	27	73	73	73	76	39	62	64	53	66	44	35	74	18	32	21	29	52	17	74	23	97	14	97	65
57	72	99	78	10	22	20	10	15	13	96	78	52	24	51	27	59	28	31	95	10	99	74	100	17	80	12	54	85	79	10	40	71	60	48	21	71	14	60	34	43	18	53	59	24	80	14	88	65	59	40	86	68	87	96	30	83	77	98	39	26	36	48	16	12	57	44	60	39	95	62	79	54	87	11	25	64	31	40	75	70	90	58	85	48	21	11	95	98	92	73	24	52	77	47	98	42	65	66	68	11	79	67	93	56	42	59	68	95	29	41	73	22	13	64	69	39	55	85	84	42	96	89	25	75	76	85	33	83	46	58	83	38	90	75	96	23	45	99	91	46	21	26	91	82	37	69	18	84	40	27	29	79	65	41	36	75	33	19	92	46	77	82	84	90	84	31	96	19	48	80	78	72	24	46	46	83	22	93	62	94	78	53	93	28	77	55	15	61	67	64	60	14	43	29	54	15	70	52	97
13	100	69	98	88	93	23	13	78	18	13	38	39	95	39	25	51	69	98	69	44	47	90	24	14	69	14	39	24	22	59	46	52	53	41	38	76	67	13	59	46	64	66	63	96	18	27	32	13	94	65	33	100	24	11	29	38	21	81	35	36	34	23	25	66	57	23	21	60	76	45	36	50	65	46	20	41	66	33	18	98	26	62	69	66	26	53	42	83	40	76	70	45	23	73	35	91	64	91	19	80	92	19	26	70	86	41	61	83	60	84	13	59	33	68	24	18	14	20	91	79	41	96	85	54	94	85	81	79	28	67	43	68	55	91	25	78	45	28	97	53	33	82	76	81	81	35	14	16	92	31	72	70	50	97	57	88	71	70	38	12	46	64	72	49	87	39	84	23	87	39	81	31	79	16	80	83	72	11	35	90	62	71	54	13	88	93	57	21	52	65	39	49	60	49	77	41	95	69	69
68	83	81	66	94	29	65	61	85	60	59	78	11	15	92	79	71	75	53	27	58	35	29	14	68	90	58	68	68	50	46	59	35	75	77	72	65	75	82	57	40	41	73	93	64	67	13	55	39	84	98	96	37	55	92	20	33	91	17	92	37	50	60	78	88	34	27	42	14	32	79	38	50	39	75	15	39	61	25	82	55	38	66	31	33	99	80	26	57	52	30	91	59	78	30	13	43	99	78	15	79	77	23	48	23	54	96	28	36	41	23	100	82	56	42	29	27	30	40	59	14	66	40	32	42	53	31	74	67	91	75	62	55	73	46	53	35	29	12	15	46	50	74	25	62	23	44	29	77	65	44	88	18	42	61	79	84	84	77	71	90	56	100	93	75	19	96	44	95	15	52	83	74	72	33	20	37	35	29	95	25	31	47	20	37	29	46	29	30	58	62	54	52	43	57	51	42	48	97	52
93	89	49	56	27	79	81	99	93	21	25	20	50	29	98	54	95	72	89	36	62	65	91	65	76	55	27	74	90	56	87	28	15	77	11	78	87	42	23	28	87	62	46	95	91	39	88	85	81	22	16	12	22	32	33	30	10	11	62	84	88	34	90	96	100	61	74	55	64	19	70	84	88	24	36	73	21	53	81	32	90	23	10	77	76	50	84	39	17	24	92	36	22	62	81	96	70	32	36	61	16	57	77	34	54	70	86	19	85	11	68	52	99	28	40	10	25	51	96	57	54	90	22	62	15	38	59	45	93	99	81	39	68	14	37	90	83	53	58	30	90	14	47	31	28	39	63	25	18	43	35	12	40	13	73	53	26	86	81	79	96	76	44	83	40	77	36	73	73	38	88	38	100	26	48	18	18	21	48	32	70	68	17	89	57	80	59	10	94	41	62	78	82	73	67	25	17	33	49	10
87	66	11	94	54	60	71	33	98	98	75	40	88	57	24	91	62	78	44	46	76	78	83	28	26	26	97	22	15	54	58	43	75	75	42	39	32	92	41	50	19	46	65	77	60	36	77	12	91	10	31	56	89	64	90	98	10	52	93	12	47	99	46	80	90	49	55	76	92	70	91	47	95	46	77	81	75	28	96	85	12	89	43	57	94	15	67	20	79	53	58	51	79	40	90	55	56	31	66	59	40	99	15	11	89	55	60	98	53	75	56	23	53	66	50	94	65	15	65	18	81	62	64	42	76	47	96	17	66	61	81	73	77	17	40	32	50	10	48	86	49	94	26	24	67	60	65	85	90	95	69	81	18	68	83	66	28	23	11	57	95	28	68	94	74	15	24	47	97	34	65	72	84	64	55	91	53	92	32	21	31	25	20	85	24	46	79	30	76	53	12	99	78	84	47	33	82	16	74	93
28	52	56	36	56	62	75	54	76	18	26	53	75	15	48	70	32	18	14	25	34	94	38	52	63	58	66	50	66	12	60	34	40	86	32	96	24	91	11	36	57	53	96	68	24	66	72	46	97	83	91	44	36	50	75	84	26	54	53	73	88	51	71	27	84	21	85	67	77	67	27	80	72	69	60	57	56	87	20	52	77	51	67	79	14	53	19	15	17	15	57	12	26	74	71	77	49	93	69	38	84	67	32	26	100	76	99	56	52	29	56	62	17	16	95	74	44	12	17	14	65	97	96	98	58	22	54	53	94	30	74	14	61	42	53	61	29	49	32	65	72	65	48	26	53	54	73	39	89	41	81	98	79	73	71	61	79	22	30	12	24	36	64	79	76	91	51	63	52	96	87	96	22	93	44	38	90	84	60	58	32	20	79	54	89	80	61	74	83	41	88	69	89	23	33	71	26	64	13	72
76	100	73	64	62	70	16	47	44	20	21	48	78	48	47	39	67	96	23	50	67	97	90	66	70	57	10	90	90	18	64	72	27	75	79	62	37	67	95	97	17	53	39	42	56	18	53	99	22	47	71	93	64	75	11	88	32	16	21	66	71	18	87	39	28	53	46	62	71	62	52	94	55	81	67	87	77	74	59	99	67	66	46	23	84	29	27	32	82	92	31	70	31	98	56	76	33	14	79	47	26	73	88	16	72	10	25	51	18	55	16	55	32	95	50	86	82	97	51	89	56	74	42	34	63	46	28	60	59	32	31	42	99	95	54	74	14	12	29	67	52	23	90	47	27	21	72	66	71	71	72	10	64	72	69	63	14	47	63	12	42	28	35	55	13	79	33	94	40	31	18	77	67	96	38	47	27	94	26	60	88	80	39	10	78	26	78	83	88	20	53	97	97	32	34	71	28	51	36	36
94	18	76	54	53	20	77	75	74	42	66	88	34	97	44	45	61	32	35	99	16	25	35	62	69	84	48	38	13	25	60	70	78	37	48	13	55	88	77	45	40	99	50	34	49	15	80	35	60	23	27	96	53	70	87	42	28	28	59	80	65	28	30	39	49	94	80	70	56	78	98	51	50	23	17	97	62	19	52	84	34	68	33	98	14	99	12	74	13	53	32	43	16	62	33	80	34	75	70	17	45	59	37	86	93	70	68	13	22	39	71	59	79	82	89	11	34	32	21	64	27	48	15	61	41	72	60	55	61	17	42	19	59	53	93	44	65	48	83	62	48	63	96	44	100	36	26	26	72	46	81	23	60	66	26	73	74	55	29	63	91	58	73	66	75	52	31	32	91	54	100	20	19	97	55	73	64	30	18	12	11	11	85	12	62	15	54	52	74	52	88	61	65	49	13	99	42	73	73	33
51	42	92	52	69	70	56	31	65	78	25	98	52	97	39	15	35	11	80	41	86	35	56	49	81	49	17	69	45	46	89	86	73	74	48	88	93	98	12	50	25	75	29	72	100	97	18	35	74	81	25	46	25	88	16	52	84	15	70	24	74	43	50	44	83	18	88	81	12	46	68	87	95	10	79	89	84	53	69	44	64	56	27	41	83	36	73	93	27	85	79	95	65	86	24	49	87	74	87	100	70	72	14	63	72	66	98	76	86	85	86	92	47	26	29	13	89	88	24	34	87	15	91	43	46	59	12	36	49	44	28	85	45	21	50	73	85	39	57	50	57	97	19	38	42	22	51	11	45	53	71	68	57	38	73	11	73	90	44	52	91	33	77	83	53	87	86	95	98	73	11	25	74	65	53	51	36	98	43	49	52	74	59	71	24	61	98	17	58	35	94	75	95	35	39	91	74	39	53	25
69	98	53	37	19	97	71	81	64	19	49	72	66	85	78	32	94	51	15	95	60	32	28	21	81	11	94	72	32	13	99	42	21	25	31	38	63	11	46	53	90	23	46	47	21	89	70	62	78	50	14	31	80	36	64	42	61	55	21	98	72	71	88	36	94	92	79	26	55	96	97	41	22	59	98	61	89	12	42	39	12	98	87	30	89	79	43	90	81	96	28	25	69	42	33	38	41	65	50	78	97	15	97	21	75	82	94	73	72	65	66	84	63	77	20	60	39	24	40	12	87	91	78	68	92	19	46	37	83	61	72	61	51	26	45	56	83	14	43	70	82	39	67	58	32	23	13	89	51	66	38	60	80	43	25	63	51	100	76	34	22	85	26	94	85	89	70	65	89	65	63	56	35	46	55	31	17	36	14	14	45	99	58	11	18	74	53	14	74	56	84	38	42	24	35	42	48	40	87	53
29	69	46	86	46	43	14	28	100	87	96	55	85	40	99	77	52	26	15	41	82	43	60	48	21	96	93	64	90	30	93	85	47	53	92	89	82	52	31	17	21	88	96	37	68	40	82	80	84	65	62	59	90	93	41	82	61	80	81	51	70	78	87	21	15	32	55	39	12	33	76	12	50	93	81	14	71	49	43	84	87	27	15	11	96	43	18	19	39	11	89	97	48	26	97	59	73	30	42	83	70	75	25	56	88	77	82	41	80	95	73	96	35	73	25	82	96	88	54	31	66	84	19	47	91	59	71	26	27	23	91	79	60	28	39	65	90	52	56	35	70	80	30	85	90	34	56	40	87	13	62	14	91	63	74	62	55	55	14	28	22	64	85	82	46	21	90	54	75	87	16	90	76	41	66	36	14	19	78	69	80	19	17	15	12	16	51	61	74	11	58	79	65	48	51	26	76	89	32	63
78	62	76	37	67	25	29	24	76	95	19	20	74	61	68	98	11	18	99	41	29	39	55	41	30	28	75	11	99	59	48	61	51	78	53	76	82	21	64	59	12	70	45	31	57	33	70	19	31	11	30	81	95	89	37	52	87	10	90	43	12	23	61	92	61	82	99	60	52	90	31	80	83	96	76	35	96	44	58	65	26	58	68	51	63	52	57	33	15	23	65	44	23	15	15	22	83	90	91	92	19	58	59	72	59	57	33	45	12	66	88	72	66	66	90	97	71	19	89	63	63	59	82	12	56	10	40	58	20	54	16	11	12	19	68	75	16	61	23	87	50	67	49	79	35	88	34	32	69	58	40	32	91	70	48	77	40	57	68	36	50	74	50	79	19	26	63	40	95	22	44	50	26	64	21	21	47	57	91	44	68	91	35	61	41	100	87	100	49	24	80	14	14	40	54	13	90	38	65	25
46	52	45	77	22	14	36	30	85	99	58	49	89	87	36	60	21	13	35	11	21	68	79	18	43	80	15	42	79	70	36	46	53	15	76	86	41	52	33	30	83	58	85	42	33	68	44	96	62	85	99	49	31	84	30	45	86	20	63	47	97	13	82	81	20	25	96	18	37	13	46	86	22	71	68	39	41	11	34	75	99	23	20	40	76	44	38	17	48	84	16	41	88	86	34	87	40	57	79	18	63	18	11	63	71	52	71	80	28	39	59	95	72	61	19	67	14	29	80	20	20	80	19	43	28	80	34	30	76	63	64	42	59	71	17	49	38	54	88	59	50	40	35	63	50	19	86	50	55	74	98	21	92	40	13	79	70	50	76	63	56	80	82	13	87	34	69	21	25	61	88	50	54	76	80	79	76	42	37	63	50	72	39	59	92	82	66	15	49	20	98	85	86	97	30	58	45	58	42	72
57	37	61	54	78	59	61	71	54	58	50	40	21	73	73	77	48	85	57	90	93	40	28	98	63	26	73	93	97	70	36	36	97	58	38	91	66	51	22	89	17	29	57	58	71	87	36	19	88	46	23	65	78	99	80	88	50	68	32	18	84	45	52	75	22	86	42	79	50	50	70	55	38	68	53	35	13	18	39	50	25	61	63	29	21	58	84	10	30	100	22	81	36	18	99	87	26	85	49	58	76	19	65	24	20	28	94	30	30	68	27	98	25	26	20	68	97	83	25	86	28	13	56	22	84	67	37	52	63	17	51	21	70	66	18	54	96	55	55	57	31	78	23	93	40	84	70	61	44	55	70	87	64	66	87	44	57	81	92	39	89	90	33	32	48	80	12	66	82	54	65	85	24	21	18	20	46	52	57	43	72	83	72	48	49	67	70	61	49	76	53	14	98	17	31	44	34	36	71	32
95	55	92	45	31	92	20	53	84	42	32	48	11	29	64	15	100	38	24	25	98	22	77	84	24	49	35	43	11	62	98	85	33	85	63	34	81	25	44	83	30	50	12	15	50	38	95	24	97	43	49	63	54	79	57	56	25	26	71	31	33	74	88	21	53	60	82	90	16	48	66	23	100	62	41	74	28	43	21	91	54	31	69	25	69	88	27	38	84	94	85	53	46	90	24	36	54	31	69	30	86	92	72	97	58	96	18	57	66	53	79	59	43	93	82	38	72	79	19	69	28	17	27	24	62	38	51	74	47	12	87	72	93	96	93	79	44	34	76	77	49	55	30	79	81	95	20	59	45	23	54	75	43	50	47	55	24	89	52	97	94	76	75	16	74	99	81	34	18	54	20	96	94	53	23	82	34	95	92	21	63	45	14	87	32	21	81	59	14	49	91	39	40	61	14	84	57	67	56	21
50	58	15	61	53	31	50	60	11	38	34	32	46	79	39	44	38	56	38	54	53	66	81	94	66	46	18	85	92	18	74	62	75	88	45	65	31	78	58	94	47	91	65	37	66	77	71	88	21	74	84	81	11	63	39	54	96	61	73	40	18	63	65	32	57	63	42	89	65	24	70	45	42	73	28	27	25	36	26	41	45	98	14	66	99	16	67	67	83	98	32	23	68	47	13	76	69	72	12	52	63	57	91	83	90	84	50	32	86	28	45	71	42	75	77	23	16	70	85	72	76	48	89	49	71	43	88	79	14	12	85	24	79	28	99	95	21	18	21	80	22	65	84	44	74	45	56	33	77	72	23	98	25	30	29	65	49	47	42	54	84	99	62	52	91	51	57	74	56	83	34	56	63	41	48	85	90	41	80	96	40	84	75	39	84	71	32	77	52	86	37	20	86	65	79	92	41	92	67	50
63	30	21	46	99	51	91	14	62	100	82	96	99	71	32	77	99	75	60	29	49	30	45	48	14	86	66	78	35	13	98	87	69	53	86	10	14	25	92	12	69	30	61	13	19	68	39	87	83	17	77	97	16	27	26	88	63	30	49	89	21	72	47	19	79	78	65	41	68	22	30	49	38	28	35	22	74	79	71	31	20	32	17	19	65	28	58	21	57	14	67	39	55	24	73	33	51	17	11	62	43	25	48	75	22	36	15	26	91	16	15	29	94	78	94	50	62	80	26	18	20	73	59	16	30	40	86	19	73	70	75	39	41	97	48	65	24	68	44	65	15	70	61	25	69	27	39	80	34	90	36	66	77	24	12	76	77	19	89	31	71	15	17	97	95	94	91	23	53	36	75	14	33	61	29	19	22	81	13	21	61	89	46	40	81	23	43	91	44	22	34	17	28	69	89	96	41	40	44	41
98	78	82	44	10	72	91	31	59	67	67	75	28	26	16	91	56	77	73	77	81	88	57	60	42	30	64	55	24	87	47	63	18	100	83	92	71	26	63	64	80	25	20	38	52	60	11	15	16	75	79	53	11	49	92	94	11	89	39	61	62	83	66	88	97	93	84	98	31	26	31	87	85	18	87	60	94	69	94	17	58	46	66	36	54	97	13	91	38	72	87	22	38	56	24	76	24	35	65	33	54	37	90	17	61	64	63	40	19	51	59	32	92	35	40	74	57	19	93	48	82	91	56	12	78	72	89	52	75	84	47	10	73	60	59	80	75	93	81	53	28	29	82	27	99	20	24	44	88	13	33	21	14	62	96	90	23	93	80	16	89	51	50	58	97	97	73	71	61	85	58	90	30	82	24	54	57	73	100	70	13	75	75	57	93	76	16	47	26	91	30	86	27	39	13	93	99	91	67	80
18	96	23	60	44	43	24	62	73	21	66	43	58	11	45	58	92	69	92	56	94	86	89	22	27	14	81	18	64	77	51	49	41	59	31	35	98	85	25	15	92	96	30	32	45	81	84	22	11	51	29	16	52	85	75	74	80	50	37	35	57	60	14	36	77	49	71	24	81	99	13	19	96	59	83	17	63	32	19	44	86	10	25	45	43	51	68	75	76	88	81	52	23	37	49	10	32	85	99	39	75	35	91	53	58	42	28	46	36	13	28	98	33	93	38	48	88	22	86	10	91	69	27	46	62	82	41	67	36	18	55	61	61	18	70	37	41	56	36	75	45	51	77	59	15	70	66	72	63	50	41	99	40	89	13	92	89	73	46	94	72	64	46	94	68	76	92	86	41	52	97	96	70	17	30	57	36	22	39	47	29	66	16	45	58	98	71	63	82	26	12	15	15	21	69	86	33	21	17	15
60	55	12	67	33	35	31	28	38	99	80	34	96	93	96	53	53	87	67	51	20	67	79	25	67	56	14	96	37	22	82	83	82	33	63	67	32	85	14	59	31	17	60	74	63	76	62	94	82	51	27	92	49	56	99	83	52	71	27	17	14	66	55	57	89	74	59	67	42	80	24	71	79	92	78	20	93	13	99	34	77	39	89	23	92	29	37	79	70	19	59	89	62	65	74	91	62	57	81	95	33	17	76	62	53	74	95	61	39	53	78	92	19	94	85	58	26	49	26	91	39	98	93	72	49	29	91	76	81	95	43	73	56	13	81	32	95	30	43	82	69	14	18	32	81	39	42	36	19	58	28	32	78	45	53	50	25	25	67	80	76	67	68	63	68	32	14	89	95	26	56	52	26	14	100	76	76	64	98	73	75	38	48	64	29	88	65	56	70	45	90	36	80	28	47	34	81	50	91	95
34	41	14	56	89	62	85	89	49	40	19	95	77	74	17	46	29	95	96	72	65	77	87	11	10	35	13	16	16	45	98	84	67	100	44	68	48	93	11	68	91	95	28	51	46	12	45	41	97	38	57	54	89	76	81	11	46	15	93	94	82	92	88	82	74	52	39	34	10	80	78	66	45	81	31	37	29	25	72	100	46	48	40	47	15	11	23	47	99	25	24	44	85	80	87	89	99	69	41	62	60	49	92	77	35	42	72	34	54	52	28	84	73	73	90	43	62	84	47	81	40	90	49	25	41	45	44	44	47	26	24	23	14	54	23	95	15	30	88	20	47	23	75	55	24	61	37	33	86	39	84	98	37	92	26	98	83	43	72	20	75	89	54	85	19	88	64	67	58	65	29	22	34	93	30	95	23	95	98	52	76	62	76	79	26	79	56	68	61	31	94	92	15	57	91	68	86	49	40	67
47	94	83	67	35	84	37	38	44	74	72	71	84	76	97	95	62	88	40	33	22	13	50	72	93	36	86	15	62	39	23	46	22	37	23	48	14	97	13	23	48	29	14	97	34	43	54	78	77	37	38	90	72	71	27	45	100	55	78	39	92	43	14	36	68	22	56	91	60	77	39	87	58	54	81	32	52	47	68	46	13	99	21	25	11	12	35	35	79	90	15	16	34	56	57	99	44	95	76	35	35	52	18	83	93	71	88	80	97	20	63	43	31	29	84	72	15	94	68	22	83	25	18	40	75	14	35	14	47	90	14	66	80	39	11	80	13	30	40	86	47	35	69	17	47	55	10	78	94	98	98	25	20	91	46	82	78	75	14	49	64	74	27	78	56	88	14	30	35	80	10	25	25	16	10	94	72	80	58	43	62	12	56	95	15	48	26	31	83	49	17	34	72	29	61	63	93	16	64	55
63	56	95	63	41	18	18	59	39	90	51	82	27	28	41	65	48	28	33	14	65	98	50	34	77	45	36	40	97	78	16	93	65	47	20	26	29	53	42	25	41	48	19	71	70	25	24	52	20	91	27	27	32	81	97	68	35	42	44	95	91	38	42	58	17	22	12	11	27	23	79	59	41	19	70	77	14	22	87	69	27	61	64	33	58	93	88	81	18	33	32	25	59	61	80	29	56	79	96	54	76	12	45	31	81	12	63	81	40	44	83	100	39	15	51	47	80	59	72	23	38	48	68	57	56	21	10	56	36	75	76	30	16	65	14	34	42	37	95	42	58	96	96	42	57	41	49	21	91	97	77	75	73	26	98	46	36	89	20	75	46	81	44	71	97	16	62	30	56	12	83	48	48	70	19	56	73	69	100	75	27	64	79	49	89	52	37	76	66	19	91	86	95	86	51	86	83	59	33	21
80	30	45	64	40	15	58	90	53	79	21	53	85	74	57	82	77	80	34	32	49	85	70	34	32	70	60	18	79	94	11	87	84	31	86	61	40	30	65	50	59	49	91	84	17	37	48	36	29	49	48	58	64	31	47	98	96	51	17	50	44	41	98	66	69	96	76	16	83	78	22	10	19	43	56	27	47	37	55	60	96	85	71	40	92	91	56	97	68	57	55	76	81	37	87	73	78	42	45	78	78	81	90	51	93	67	14	90	41	12	43	57	99	55	36	48	30	39	34	94	37	61	26	80	31	24	47	70	83	67	90	97	68	80	74	18	42	22	66	83	16	11	64	65	39	60	38	32	92	76	65	27	99	79	78	35	92	93	75	72	61	65	81	83	19	72	70	85	31	68	56	59	48	11	63	24	50	51	75	69	83	39	85	98	81	98	48	46	95	12	70	68	81	94	37	73	22	58	27	68
76	64	42	43	63	67	45	40	19	41	45	17	71	68	45	59	79	46	26	62	20	13	69	82	100	24	24	74	87	56	69	23	24	43	36	81	28	39	11	68	47	20	55	23	81	100	76	63	88	80	58	71	39	76	48	21	59	80	63	69	18	43	17	43	72	32	21	65	43	94	55	88	58	60	14	70	68	46	32	62	58	95	17	31	61	44	39	28	12	15	40	74	78	85	85	76	29	46	16	43	60	38	65	56	93	99	79	33	71	89	24	73	81	88	61	50	13	98	35	54	64	73	36	63	50	17	75	58	44	13	27	70	42	61	48	95	41	56	90	28	32	35	84	71	26	79	71	35	51	62	49	76	41	46	21	14	83	40	32	33	13	99	62	30	90	68	51	97	53	85	46	55	43	44	23	88	82	99	17	86	82	31	37	51	94	66	54	25	94	27	89	40	85	99	95	20	77	77	55	47
45	37	39	40	34	60	63	20	50	14	48	44	74	43	27	89	46	46	97	30	55	65	21	75	90	55	74	97	94	14	67	97	100	50	35	22	86	49	94	23	50	78	75	20	34	71	55	12	48	33	54	84	10	19	65	23	14	37	95	39	56	66	63	31	96	68	59	15	49	17	59	98	58	79	60	98	66	25	50	16	100	85	90	54	85	48	45	97	23	90	21	16	81	89	62	52	52	43	88	78	29	73	27	21	66	96	44	55	51	92	67	86	68	64	28	24	33	14	29	43	35	49	34	26	48	62	89	94	83	43	89	75	100	100	34	83	29	67	56	24	12	29	11	82	11	45	66	92	12	34	26	86	66	64	56	46	58	59	79	89	72	56	85	71	78	72	69	87	18	18	16	43	59	95	79	12	99	92	92	66	97	30	12	30	13	69	62	64	41	75	90	61	32	55	70	53	39	90	80	15
56	77	44	44	80	51	70	25	22	73	47	85	33	66	19	77	60	96	10	13	33	52	11	45	57	87	48	40	71	43	83	89	88	36	64	21	56	40	61	92	83	23	33	32	71	38	16	51	11	30	20	42	54	75	63	60	34	45	80	84	62	34	73	20	47	26	26	77	85	84	55	38	19	57	92	27	70	11	27	55	30	14	80	57	52	71	17	21	88	56	68	11	19	90	86	46	60	42	41	90	43	76	82	60	56	54	55	70	100	100	40	17	11	33	30	79	53	66	39	79	49	69	89	89	59	99	57	21	29	24	56	63	72	79	21	40	63	91	70	49	64	89	98	52	55	48	74	42	94	12	69	65	39	65	66	22	95	96	19	59	57	97	57	28	34	82	49	27	98	29	39	30	38	85	18	27	78	78	55	96	54	99	78	29	42	90	61	26	61	96	83	29	16	99	49	15	47	91	48	42
41	65	66	58	65	70	76	100	14	62	22	50	82	90	24	91	59	39	88	35	39	48	46	80	18	94	50	22	95	35	30	43	51	87	32	80	68	43	47	45	76	68	50	80	73	35	50	10	85	82	67	24	24	29	94	92	96	87	35	93	12	32	25	15	43	54	58	82	38	33	15	33	22	78	71	86	87	78	36	80	57	98	26	36	85	44	91	96	86	48	70	63	92	41	12	60	14	30	20	35	58	38	30	17	98	69	14	72	84	92	58	65	25	31	72	96	31	96	56	32	49	19	25	62	62	43	17	11	99	76	62	71	35	25	49	23	80	13	87	46	51	45	81	42	85	39	78	19	54	36	19	90	36	38	19	29	86	54	82	71	43	94	38	37	41	13	57	85	58	87	76	79	99	16	11	37	77	97	92	94	99	34	17	89	29	31	27	13	19	34	93	79	12	65	22	28	84	61	38	88
89	80	15	35	13	35	91	32	69	76	46	89	37	77	94	45	61	16	53	16	95	23	70	25	36	58	41	13	68	57	30	32	34	55	82	84	56	39	48	91	89	83	73	77	48	54	59	90	61	24	66	81	59	45	46	92	25	29	91	20	66	64	73	59	74	76	54	17	92	35	51	83	32	43	84	83	52	32	96	61	99	59	56	97	23	61	86	32	86	54	64	72	20	38	14	42	69	30	61	78	89	38	45	85	40	42	74	71	16	45	64	36	56	48	19	84	85	58	26	58	33	25	82	75	91	99	64	54	88	56	79	51	78	91	51	38	71	73	41	83	87	10	62	10	13	22	27	67	97	56	39	61	79	89	36	99	70	26	67	25	46	51	54	90	46	59	44	49	22	41	25	75	29	30	46	95	71	21	29	33	13	84	87	26	77	57	89	78	94	23	92	87	15	72	36	21	58	60	42	77
58	95	21	81	48	61	69	24	73	68	37	23	40	100	71	46	40	76	42	12	13	34	61	26	18	81	70	36	27	11	74	98	85	19	62	44	47	74	93	23	100	89	13	41	39	65	25	24	40	13	76	28	91	73	51	52	55	86	15	42	54	57	51	69	91	35	35	73	46	22	24	65	29	69	17	71	76	70	89	84	26	55	55	31	51	81	74	26	59	80	66	43	96	91	49	50	49	92	50	16	22	87	58	56	46	17	46	97	26	32	37	66	33	67	40	12	66	18	11	66	67	40	20	50	43	46	17	53	46	72	28	59	99	64	86	49	22	18	21	40	48	74	12	13	43	87	88	23	16	43	44	94	87	77	67	79	15	23	52	91	86	60	85	23	25	23	77	92	39	14	27	53	40	37	35	30	94	43	40	70	82	92	57	60	62	13	34	33	18	22	50	64	32	88	93	65	44	97	46	81
wj																																																																																																																																																																																																							
51	23	91	81	60	6	42	24	3	17	25	16	40	58	7	5	65	24	17	51	89	64	8	9	70	39	53	45	9	91	14	12	41	75	100	53	35	58	55	29	67	7	17	46	91	57	33	23	51	83	19	34	56	79	6	73	74	25	56	38	51	97	64	43	2	27	71	63	49	54	30	6	77	24	41	36	72	21	6	10	94	79	4	27	61	34	52	90	3	81	23	73	24	17	25	69	42	20	46	84	59	12	95	62	33	69	35	28	15	13	64	26	37	20	24	54	52	44	85	42	4	69	92	67	96	66	45	64	24	95	82	28	78	14	18	12	3	52	49	85	57	81	87	22	97	6	10	13	69	93	9	42	35	74	22	29	30	22	6	5	78	27	61	73	59	89	43	62	36	15	12	6	14	91	50	72	26	43	16	93	72	88	27	26	97	35	80	79	85	86	59	82	89	63	40	87	95	72	62	67
