pij																																																																																																																																																																																																																																																																																																											
69	39	22	63	92	29	64	47	37	76	45	16	81	46	83	45	78	46	88	99	47	69	21	19	47	98	93	20	20	46	46	30	88	55	84	76	18	38	74	94	77	99	28	43	64	54	26	59	79	10	39	71	46	16	84	19	36	25	78	80	24	41	95	64	90	84	16	30	67	26	20	21	80	60	67	10	33	74	51	94	16	31	93	54	19	83	11	98	90	74	93	65	93	77	46	14	75	27	25	15	13	58	65	89	95	92	59	81	10	53	30	80	11	53	79	62	78	67	12	68	61	50	94	92	12	57	51	19	24	94	91	71	75	49	34	58	32	79	36	37	35	74	64	11	33	21	53	64	95	76	51	65	17	69	34	11	66	59	50	56	30	33	11	24	47	70	99	42	19	26	42	40	61	22	29	14	40	61	63	37	27	34	22	97	12	49	60	98	93	39	93	28	38	60	53	18	60	77	65	50	93	69	82	92	40	77	41	73	72	46	15	87	67	46	29	66	94	54	95	18	73	46	22	72	34	37	96	59	28	75	40	62	38	98	93	73	28	29	12	27	45	94	27	75	51	66	33	33	60	29	13	47	99	91	77	86	32	94	95	19	56	69	16	47	15	69	85	25	79	50	62	11	77	45	88	67	23	33	10	57	50	19	50	18	48	74	83	71	46	71	12	39	47	83	77	55	95	25	48	67
62	22	64	12	89	22	11	55	84	96	86	33	100	56	90	23	31	97	15	65	44	99	60	11	54	41	60	30	53	64	84	58	15	74	24	36	90	72	68	67	76	23	94	78	97	95	71	22	71	49	100	23	42	22	88	79	80	89	86	36	37	74	59	57	68	79	68	74	67	62	59	11	76	58	77	43	42	67	71	45	56	52	36	55	56	27	32	45	80	37	69	86	70	28	98	40	87	26	71	95	51	59	29	87	16	76	96	12	30	89	73	58	69	45	47	29	13	34	42	82	64	40	56	55	69	87	82	66	44	93	32	80	48	24	38	63	69	34	67	35	47	29	68	31	60	75	39	27	71	82	81	19	31	78	90	58	90	77	33	78	14	62	57	98	39	60	67	27	57	14	95	74	18	52	66	96	65	12	45	63	18	15	31	65	77	77	65	59	74	61	27	79	48	45	43	14	75	97	63	54	30	83	87	20	100	39	33	69	26	30	61	62	24	94	85	21	91	32	21	26	63	14	85	60	80	71	90	77	47	61	18	85	47	72	37	49	45	34	52	46	13	44	10	26	41	17	38	41	90	91	81	72	71	61	54	93	48	85	12	23	38	95	42	52	19	58	12	14	35	39	39	99	63	38	48	51	46	40	36	31	75	38	15	25	52	57	43	67	45	46	47	33	57	61	43	11	46	11	59	48
71	29	66	34	61	55	65	99	26	98	95	93	40	41	74	76	41	46	22	16	40	30	28	49	58	23	95	44	86	71	93	83	46	88	97	88	59	79	39	84	84	36	39	51	13	61	78	48	43	90	26	36	22	25	34	46	34	35	83	77	73	66	57	95	63	94	16	13	75	24	39	24	47	68	49	65	66	82	18	50	42	36	79	49	78	23	22	64	88	94	89	99	70	50	32	12	14	69	22	56	30	42	19	68	99	12	98	30	12	84	89	31	67	23	83	26	42	99	28	82	89	72	59	44	92	35	43	63	87	86	58	84	10	98	73	12	19	19	54	85	56	16	42	66	77	96	66	99	50	11	63	98	31	12	67	91	44	12	86	57	68	71	67	63	54	74	31	69	30	96	16	74	31	16	52	97	63	48	29	84	46	48	61	46	74	44	91	12	95	12	79	43	56	14	36	14	24	30	74	95	49	80	16	59	75	45	88	18	57	71	99	48	50	40	26	62	50	42	53	48	80	14	47	60	97	64	62	48	25	50	67	13	63	47	92	58	68	18	84	96	77	63	95	25	52	29	86	25	89	83	72	53	71	90	75	72	14	76	68	73	74	57	19	70	42	72	12	44	61	72	73	52	55	89	12	40	39	33	55	83	33	14	64	63	84	86	93	40	52	96	17	36	65	97	84	71	92	46	91	53
21	96	89	57	31	44	34	97	12	50	67	43	24	23	23	97	83	28	18	13	41	94	28	92	73	92	44	16	59	20	61	52	42	42	68	90	32	16	95	83	36	99	13	73	33	25	48	35	28	28	28	11	24	83	89	41	67	68	93	36	20	25	82	23	46	31	69	68	99	85	43	55	72	35	89	19	76	61	82	86	63	92	15	51	19	74	69	37	81	27	14	99	96	73	94	24	50	75	32	77	98	13	80	69	96	87	34	95	48	19	46	29	15	95	36	64	31	37	71	56	41	53	98	83	33	86	99	67	56	29	75	92	15	14	23	78	29	33	48	44	23	35	98	41	64	82	25	67	39	33	99	38	87	87	43	74	70	80	40	35	46	63	82	96	19	57	83	82	80	48	60	51	95	12	54	22	93	87	42	69	43	74	66	38	90	27	46	96	68	60	92	86	20	35	33	25	61	63	53	97	64	35	31	66	58	13	86	97	42	15	69	19	67	69	62	58	23	53	40	72	80	57	34	77	16	70	77	51	31	93	55	15	81	49	63	72	63	11	41	69	52	33	96	62	39	32	92	23	39	70	17	98	14	31	39	22	86	58	45	20	53	80	85	74	91	94	17	59	24	24	30	89	59	50	73	85	52	89	28	84	46	31	86	59	20	50	35	43	19	48	75	78	52	61	71	71	37	77	46	66
49	78	21	10	84	48	17	24	74	55	53	73	40	23	61	47	69	65	71	90	20	32	13	13	69	60	29	50	95	69	85	53	40	24	35	56	74	90	74	41	34	12	23	34	55	13	98	63	37	67	94	91	13	20	31	16	70	36	91	47	93	65	50	22	55	19	18	29	51	88	87	80	85	27	24	64	54	18	75	86	76	53	48	71	44	80	79	89	22	16	56	15	47	90	36	70	86	88	42	81	12	99	93	68	75	64	23	49	48	58	75	95	57	95	48	28	96	18	90	21	11	60	63	70	66	49	55	22	37	90	16	77	83	18	79	23	61	29	29	58	67	53	98	86	53	63	67	12	11	56	24	95	91	45	66	48	11	70	62	50	23	24	67	54	15	28	77	22	89	91	58	48	27	92	96	11	25	24	56	55	35	88	79	73	31	40	80	26	35	52	94	69	27	15	54	99	41	41	94	58	22	92	56	28	44	26	23	62	94	26	47	88	19	51	85	10	71	78	28	80	57	72	43	75	15	18	37	73	66	81	43	60	56	11	27	87	41	69	19	84	56	86	24	26	36	47	52	28	68	33	72	78	33	60	64	93	75	63	41	32	15	86	35	22	54	34	64	85	63	71	40	87	53	60	43	25	97	88	41	58	34	11	51	85	98	78	36	31	12	86	47	68	69	80	43	15	33	31	91	48
25	48	39	15	83	81	12	36	79	59	46	47	83	23	87	24	28	11	30	67	51	55	12	30	42	14	40	86	23	54	69	61	97	97	23	67	89	79	70	86	26	53	62	13	66	50	14	61	65	76	71	69	17	62	57	87	22	95	77	77	86	76	52	57	40	80	14	83	32	51	17	15	62	47	58	76	26	98	29	39	22	16	72	27	48	99	69	90	40	28	13	95	33	78	21	30	59	76	49	49	81	20	58	20	73	56	46	66	54	33	79	73	58	84	51	79	45	39	46	61	38	54	64	47	65	59	44	73	21	99	43	67	22	41	83	27	38	61	20	92	90	31	61	19	78	33	57	22	54	26	43	35	40	94	57	56	95	45	96	62	11	31	85	94	65	95	67	27	20	74	60	22	32	86	24	11	51	39	74	57	23	97	21	83	34	21	92	98	10	82	61	98	19	34	52	72	84	78	18	59	58	26	64	99	77	39	19	51	15	77	53	73	81	74	19	34	31	18	97	72	44	19	79	63	55	57	44	21	32	93	56	42	31	98	79	79	82	99	63	12	76	33	35	71	43	22	56	14	17	89	11	94	15	46	69	39	86	19	82	90	55	71	92	25	96	40	99	22	26	19	39	40	85	65	21	25	77	48	13	38	55	12	73	44	42	88	32	75	71	29	19	14	67	22	83	49	15	49	59	72
50	73	55	58	28	39	62	42	63	65	44	42	27	47	37	17	90	15	15	24	72	64	76	36	54	75	61	92	25	23	56	66	85	52	66	60	43	35	67	50	29	65	20	60	77	94	60	23	83	33	20	42	90	76	37	17	47	44	81	73	40	30	90	77	72	44	76	94	48	89	28	63	29	44	60	39	65	25	47	69	11	72	82	80	99	16	91	39	90	93	90	92	90	50	28	97	78	48	36	28	94	15	22	50	56	27	89	15	74	43	56	11	11	70	20	22	13	27	50	73	26	52	63	65	82	61	51	91	87	37	19	33	44	84	38	29	27	60	17	38	54	12	90	21	68	89	15	60	85	79	89	22	28	90	70	29	35	41	46	68	77	80	64	53	15	98	89	40	58	96	79	13	13	77	79	92	64	44	89	26	27	47	56	40	26	62	87	28	92	44	23	14	78	24	24	84	35	72	46	99	31	62	66	77	40	47	33	100	66	70	18	98	37	68	30	33	63	78	47	56	91	17	18	84	79	51	78	80	95	99	68	17	87	13	78	73	99	71	81	21	60	82	68	63	47	16	16	66	52	20	44	59	32	49	18	66	39	38	78	27	51	38	61	31	34	82	71	11	94	23	14	93	53	22	97	80	67	20	55	99	45	19	59	54	60	79	55	41	88	79	21	66	13	64	61	85	66	65	16	68
57	94	25	73	75	45	24	52	65	89	96	22	56	24	65	54	64	87	64	70	46	61	48	84	45	100	13	52	21	19	18	11	44	100	74	19	64	98	19	31	53	12	67	74	86	28	86	32	54	11	39	47	52	93	11	21	79	62	16	70	94	98	88	44	83	36	44	65	37	34	94	78	46	62	41	98	28	97	36	92	43	35	41	64	30	36	30	24	45	23	17	67	43	39	67	52	12	48	50	23	63	48	51	84	11	86	30	10	53	54	56	28	87	94	96	13	77	83	89	30	11	53	14	73	37	25	35	90	78	85	98	36	32	34	61	67	92	64	46	31	61	87	52	44	69	19	37	46	37	46	67	70	31	92	12	70	59	87	92	87	52	39	75	54	45	33	69	56	48	84	89	69	85	81	17	56	16	77	70	48	47	90	51	41	11	51	77	21	40	22	49	61	48	50	64	60	70	76	93	50	96	15	71	46	73	44	69	85	25	50	92	14	52	100	74	25	32	23	97	17	97	63	88	83	78	89	66	84	38	72	65	96	33	84	25	89	24	97	22	97	74	67	24	87	80	48	77	87	74	48	25	18	20	96	47	42	70	62	98	81	28	78	39	64	92	58	57	87	10	36	28	53	97	63	78	15	28	74	88	18	18	96	83	47	14	56	10	65	52	73	61	35	65	87	96	17	74	24	46	88
97	88	39	95	60	23	59	20	40	56	97	41	37	96	40	45	11	66	37	91	80	90	79	68	26	54	98	73	68	41	28	76	56	38	47	40	57	96	28	55	24	51	68	39	56	10	30	26	67	86	89	15	18	88	12	40	65	55	11	33	33	37	42	67	37	51	42	31	64	36	97	21	17	80	59	43	47	16	75	77	45	34	89	47	95	96	77	66	16	13	20	90	66	62	28	13	11	27	95	45	37	48	52	87	12	75	30	45	78	74	36	28	67	66	82	27	29	74	37	100	84	15	81	44	41	75	45	34	70	32	47	81	52	80	61	28	94	17	14	79	46	14	47	17	74	97	65	15	43	55	31	39	92	89	76	66	11	23	23	14	53	15	33	96	13	100	36	63	42	51	11	45	58	32	68	51	39	95	65	60	23	78	60	49	82	14	15	64	15	65	44	51	17	29	59	78	33	59	55	34	48	20	28	67	90	46	83	62	85	70	94	95	51	31	31	92	65	75	92	84	35	94	70	11	38	17	91	27	42	19	78	76	13	43	37	46	46	75	67	95	32	28	99	62	34	79	94	89	90	95	62	17	14	92	19	62	99	47	38	75	18	91	13	96	51	24	25	77	40	75	53	99	67	53	42	90	15	37	92	37	69	26	28	25	91	59	22	38	30	16	43	69	73	41	10	54	13	20	45	57
66	11	94	71	15	16	18	22	63	90	53	72	58	35	54	56	34	14	79	61	96	42	28	49	39	80	81	29	65	14	38	29	57	13	10	92	95	12	29	100	36	24	48	32	59	90	63	69	53	23	12	49	81	90	17	24	17	60	68	78	87	69	30	17	33	22	11	73	53	42	12	96	43	18	78	41	90	35	20	80	32	50	25	98	46	38	50	76	33	96	90	47	83	93	45	33	39	73	41	37	12	64	35	76	82	26	25	16	67	37	23	34	19	82	28	86	41	41	72	72	89	33	39	95	16	85	94	98	64	64	47	37	71	33	51	27	72	49	24	45	45	38	63	37	22	50	56	64	74	47	51	19	78	50	86	45	12	53	74	13	30	79	93	77	58	73	95	20	29	87	22	85	68	38	75	59	67	20	78	73	71	81	100	40	16	64	29	24	93	69	78	49	94	35	64	93	48	68	37	36	28	17	36	91	57	90	59	11	12	76	64	15	97	25	28	19	86	81	16	43	77	84	76	36	13	68	79	39	12	39	61	36	49	79	50	71	77	56	29	61	69	33	88	18	65	97	60	19	24	94	32	80	86	34	43	34	35	36	50	40	21	56	70	96	23	96	13	43	54	45	60	72	14	71	30	23	54	74	81	73	13	52	46	13	71	24	23	11	79	84	93	44	98	22	44	99	46	79	94	91
21	69	61	83	73	12	72	62	72	49	75	16	84	52	73	33	92	99	55	81	25	23	83	61	33	65	96	23	92	12	69	29	61	43	84	65	30	37	96	22	60	18	32	100	20	18	42	80	53	75	41	76	29	27	79	73	68	64	70	83	33	30	89	35	69	40	32	43	13	71	76	23	78	36	21	46	67	24	11	46	82	11	12	72	46	71	87	61	42	83	37	85	74	96	46	32	41	28	95	66	82	63	78	33	98	93	14	86	45	46	84	92	25	22	70	25	87	43	56	60	72	47	10	57	17	46	24	30	49	68	25	63	89	82	96	76	100	47	73	52	80	80	76	61	21	89	76	77	33	30	82	34	16	52	93	78	67	49	89	89	80	84	81	18	57	52	67	66	48	29	49	15	100	67	81	50	57	25	55	34	11	64	65	79	51	39	54	43	84	12	48	89	47	97	60	99	77	55	56	96	38	54	40	44	14	24	79	77	23	51	95	65	64	86	26	92	78	75	22	79	56	37	49	75	55	45	59	93	23	72	43	81	22	74	65	61	55	63	21	41	76	39	96	60	67	89	81	78	24	90	98	51	18	66	85	28	89	36	60	78	82	78	99	80	75	39	50	64	76	22	44	60	19	44	72	86	32	57	89	28	18	28	70	43	48	74	49	78	75	79	61	30	57	34	58	37	64	25	56	93
68	29	84	45	11	27	42	77	13	26	90	94	43	88	19	59	72	83	85	100	65	65	29	13	89	25	16	12	38	59	64	47	15	38	78	94	94	95	99	48	16	86	63	35	22	33	63	10	82	42	89	38	34	61	12	76	21	79	84	21	38	18	33	81	43	69	29	40	48	31	67	96	95	73	91	45	44	39	65	21	83	99	58	91	53	84	43	40	84	95	71	25	74	61	72	92	60	37	59	94	73	33	77	35	12	12	92	100	81	31	56	32	78	72	86	49	28	32	70	78	41	42	62	56	59	14	83	51	58	28	97	70	28	65	25	87	17	80	46	93	77	91	54	83	45	11	74	15	10	86	39	86	87	15	65	69	90	17	74	84	18	65	47	61	33	17	78	59	95	70	82	37	49	15	60	82	22	55	13	96	44	38	75	98	39	25	83	23	49	25	18	79	17	87	20	45	25	42	14	74	50	87	52	62	19	98	63	47	84	84	94	38	55	79	20	46	67	76	66	78	97	17	37	68	88	50	96	92	61	56	82	94	76	27	86	86	99	83	77	25	78	89	78	23	18	89	91	13	46	16	26	65	34	82	58	72	22	65	68	52	50	32	71	36	27	98	89	16	43	56	73	18	61	50	97	95	42	65	99	26	72	51	43	19	40	99	17	59	98	84	95	46	97	28	84	38	66	65	32	32
49	27	51	99	59	66	66	95	14	15	87	19	29	88	24	81	66	48	79	86	89	58	76	17	11	54	92	65	65	49	76	85	35	63	92	65	13	20	90	88	18	20	33	13	84	92	71	25	48	11	16	10	67	52	73	15	28	15	21	82	13	84	82	84	40	26	53	69	63	62	73	49	75	93	58	67	83	60	25	84	44	37	83	61	65	46	61	34	35	49	80	25	86	96	67	83	18	15	17	85	60	82	40	79	58	43	58	50	83	60	62	52	88	72	84	27	47	35	85	10	58	75	88	35	75	67	62	43	74	84	88	24	53	47	100	41	63	53	21	87	96	87	51	88	66	18	65	67	44	29	64	99	52	23	89	20	86	68	93	61	81	46	23	82	75	28	42	52	37	23	30	18	52	12	30	40	28	80	34	52	43	25	33	94	56	37	27	85	85	41	51	83	23	14	66	78	75	19	73	91	21	36	21	38	13	82	61	71	67	27	80	15	27	35	40	38	55	64	98	19	40	88	62	88	62	43	65	42	26	27	66	69	92	97	62	48	86	19	73	95	86	79	26	40	50	66	70	71	49	48	32	73	24	44	26	55	79	51	92	88	60	39	38	99	13	56	92	26	62	61	25	40	55	41	31	59	89	34	40	48	84	91	89	84	16	27	69	94	28	22	99	44	11	54	49	67	15	88	98	94
78	60	79	91	44	26	67	63	73	33	64	48	29	98	82	54	27	69	68	22	59	17	61	92	38	64	49	55	91	55	21	56	70	34	94	16	47	21	29	31	44	26	98	60	21	44	96	84	60	87	51	39	100	53	17	99	99	29	27	94	30	96	56	98	15	56	33	42	17	94	83	93	85	62	27	44	99	81	49	20	27	69	87	87	80	65	13	13	83	27	76	11	95	15	25	25	25	14	31	54	84	69	77	18	98	72	57	54	36	86	62	84	43	63	76	67	85	54	90	85	95	37	42	87	68	24	69	32	34	64	92	18	62	97	71	45	23	14	49	38	82	88	79	69	15	25	82	92	24	29	66	74	53	66	86	79	97	67	63	67	32	55	85	14	51	62	39	55	55	41	52	19	79	20	68	37	53	58	95	66	63	73	18	63	38	99	22	59	98	24	18	87	23	46	31	31	89	31	29	92	25	43	90	22	57	87	82	95	87	52	96	62	30	39	86	78	51	16	74	66	89	41	78	82	43	45	82	78	34	26	58	39	86	36	51	50	47	68	67	22	50	41	84	95	41	32	32	49	76	59	51	35	88	11	27	97	34	81	73	64	91	65	17	19	40	40	93	43	78	26	100	70	31	56	76	57	100	96	46	90	59	12	50	16	41	56	39	94	65	13	52	86	62	42	86	63	83	17	17	39
11	28	84	69	33	42	39	87	73	42	93	11	41	59	41	83	88	81	90	57	44	22	96	53	83	46	97	47	64	94	47	91	32	21	29	50	39	78	26	89	24	46	43	67	86	74	60	14	51	57	40	59	84	30	74	87	66	43	39	25	13	98	44	26	14	22	43	63	78	54	88	71	88	77	34	77	36	45	40	48	41	85	41	17	74	21	12	96	44	97	65	52	18	28	63	15	69	14	38	72	78	21	75	34	87	30	13	34	49	71	55	75	33	91	12	20	24	30	76	22	18	11	12	36	97	81	47	77	75	32	91	83	72	25	64	56	41	33	82	44	59	97	14	79	72	26	46	45	93	24	60	32	53	98	10	23	81	99	26	76	94	78	70	22	18	32	51	45	88	48	93	19	15	40	50	33	19	46	20	74	80	12	68	57	99	10	90	67	21	84	70	15	50	57	86	92	52	49	39	33	79	56	83	14	13	10	71	35	76	12	31	49	58	46	78	31	46	44	14	46	45	57	96	65	100	85	34	93	63	83	86	74	76	46	49	22	23	93	74	45	85	71	89	93	83	38	63	19	59	71	53	21	13	90	62	75	45	96	75	55	65	97	18	100	26	54	69	61	14	29	89	65	27	36	100	15	56	99	88	21	11	82	63	48	68	21	80	86	43	51	24	22	20	85	51	74	72	55	46	77
37	93	20	93	75	36	82	59	83	33	80	18	33	94	14	86	73	82	18	42	91	41	85	91	34	100	68	21	59	36	87	64	18	90	94	88	99	27	86	24	57	95	24	84	56	87	30	78	67	54	39	21	53	31	73	70	65	87	54	94	32	95	86	95	99	98	29	72	90	39	89	92	10	90	70	68	10	58	90	41	12	36	96	93	12	55	70	74	89	76	46	44	11	19	43	79	73	79	28	48	67	59	13	21	67	91	79	56	19	53	11	84	45	46	32	25	25	96	62	95	34	56	34	15	62	41	63	19	28	25	87	12	30	82	96	14	58	51	70	41	96	39	66	51	23	89	24	18	26	76	48	79	62	34	99	73	67	100	73	69	70	56	15	41	62	94	53	91	15	63	72	20	75	31	49	70	21	25	35	37	61	56	17	89	88	54	91	46	36	91	29	77	24	53	52	46	72	75	17	46	24	62	78	47	30	43	43	95	89	33	88	79	27	88	18	51	35	90	25	23	37	84	16	64	92	97	80	15	80	88	65	59	87	44	34	89	79	75	80	94	10	21	17	80	75	88	87	96	49	74	98	83	97	71	12	59	15	53	87	31	78	68	44	100	24	35	48	95	46	81	87	19	78	20	55	23	43	10	55	59	80	50	26	22	98	14	20	62	21	51	23	21	52	43	22	87	78	47	19	21
53	79	42	75	74	41	57	56	75	99	50	75	85	96	88	79	23	81	21	70	10	95	28	71	13	82	26	34	49	13	65	34	25	34	49	11	39	25	49	30	93	20	63	23	51	46	29	15	83	47	31	32	81	89	91	57	74	89	20	94	82	33	84	59	63	60	49	42	53	75	45	63	93	47	47	54	11	87	50	37	35	24	87	93	33	47	34	58	22	21	49	12	83	38	92	48	74	49	93	89	65	98	95	42	33	47	28	23	98	77	81	37	90	76	41	87	39	78	97	98	51	70	36	56	50	17	41	25	72	52	92	84	15	18	82	83	84	46	83	32	37	15	10	99	94	47	50	76	27	52	86	21	68	26	80	11	15	43	12	69	92	82	83	61	36	69	89	86	79	50	86	28	84	35	81	85	51	99	75	47	45	22	81	51	47	78	19	85	21	91	29	82	76	14	90	73	87	87	16	17	100	44	32	96	54	64	66	34	66	73	31	90	35	62	57	80	32	45	77	54	45	24	87	95	43	13	67	51	48	60	80	58	20	52	46	84	99	67	49	26	99	10	17	73	11	87	86	70	32	80	95	32	51	78	52	76	62	32	76	85	41	62	99	96	32	31	62	24	15	85	53	20	32	89	71	45	96	81	66	70	15	35	67	20	52	37	61	58	70	38	31	16	65	92	80	89	24	89	47	68
18	15	44	65	66	28	31	41	29	29	52	37	70	95	59	90	85	97	56	86	43	18	46	48	55	70	25	95	32	47	25	67	66	20	26	99	23	79	40	56	37	65	46	82	99	35	56	48	69	63	77	18	80	75	63	12	94	97	18	93	72	84	37	25	44	76	27	20	94	23	79	72	94	96	68	47	57	78	32	84	70	98	31	33	97	66	78	56	85	26	52	53	31	37	85	20	27	83	31	75	70	39	99	71	77	70	38	70	35	17	54	24	30	39	21	64	27	37	75	67	89	21	53	84	56	46	59	71	10	91	64	91	72	28	51	76	27	99	46	17	81	68	84	57	23	62	57	52	69	66	83	31	75	76	52	68	61	68	22	38	65	48	38	39	32	75	85	77	44	75	69	42	19	10	21	49	60	89	22	90	73	40	39	48	99	83	25	58	46	69	68	78	11	25	51	31	92	88	11	36	55	16	84	71	56	66	78	99	46	67	45	43	87	40	86	80	72	35	86	49	86	34	26	66	48	62	24	41	86	67	55	83	65	20	55	43	68	86	36	85	97	15	33	55	31	35	42	17	99	20	28	58	70	15	35	26	84	47	65	57	80	26	60	14	82	78	20	17	95	41	60	82	29	57	72	97	45	62	80	50	12	16	69	61	46	23	53	12	97	97	54	55	56	37	61	96	16	66	87	14
14	94	33	36	26	67	41	69	76	96	82	58	62	35	23	12	97	75	90	35	96	69	26	45	99	27	46	17	16	82	35	55	46	58	44	30	76	58	75	16	88	36	58	69	30	62	65	30	36	11	70	13	63	97	75	76	87	46	32	46	42	42	77	10	87	74	94	58	90	82	49	20	44	75	79	78	49	39	45	81	75	43	18	43	49	46	25	59	21	87	72	17	68	64	96	45	11	59	89	89	67	99	57	51	41	16	24	12	51	99	90	27	69	17	45	57	10	88	22	95	56	77	21	55	54	23	76	11	87	48	37	68	73	91	97	16	28	80	31	73	63	48	35	61	27	92	28	38	100	72	85	24	25	70	90	63	68	26	92	64	70	29	27	15	35	37	85	48	18	93	58	84	47	51	84	24	62	99	42	27	65	42	16	96	94	66	21	47	20	83	39	82	19	16	93	14	48	64	50	43	21	29	29	13	22	11	42	81	44	90	99	27	75	68	69	62	26	86	60	45	74	53	92	13	58	69	42	44	65	69	94	36	100	36	38	24	14	14	80	47	87	61	70	65	15	63	40	19	40	58	51	43	69	80	70	12	45	65	51	96	28	58	26	76	39	57	53	79	88	33	83	79	60	49	23	81	18	17	66	43	34	17	61	56	51	20	47	46	88	29	68	75	60	64	95	97	80	96	52	44
42	62	12	71	45	98	94	23	27	91	34	16	28	96	21	57	13	91	14	68	47	90	46	56	49	15	33	76	74	31	76	65	37	56	81	20	73	55	92	51	47	96	99	69	68	40	88	44	54	37	38	43	62	87	45	36	80	93	64	96	71	85	96	14	66	93	34	61	68	43	78	83	97	50	80	28	33	87	18	61	50	95	36	85	27	30	96	69	58	70	14	61	85	45	97	64	75	32	49	61	12	45	74	20	38	15	35	86	58	68	15	67	56	71	86	92	56	25	38	52	95	41	15	90	92	89	68	33	32	91	58	56	57	16	100	70	15	85	76	92	91	99	25	32	31	96	21	34	25	29	78	25	32	38	13	13	77	50	30	90	19	38	76	70	62	98	88	18	26	25	89	76	27	69	92	93	94	83	50	38	15	80	43	58	87	18	53	82	92	96	85	100	55	48	74	12	59	75	93	73	73	38	13	66	79	23	19	37	80	10	82	71	17	79	85	11	70	52	71	24	24	56	34	37	22	12	74	17	21	85	99	77	46	50	93	60	24	64	83	55	42	28	70	10	56	24	70	18	48	39	32	99	66	35	93	34	55	95	98	12	19	19	54	36	57	43	26	55	48	80	65	78	100	60	12	86	81	49	57	15	44	14	99	86	27	99	99	47	100	67	72	28	90	88	75	70	56	63	15	63
55	72	67	17	42	11	37	70	85	37	86	25	66	72	78	38	51	57	54	55	95	51	57	32	98	65	18	94	13	92	89	78	75	51	98	68	92	65	51	44	21	31	51	81	43	23	55	34	28	13	27	40	13	32	53	53	75	14	52	96	18	62	78	97	26	51	68	65	59	62	19	40	51	76	42	20	22	57	55	80	65	18	15	48	43	84	99	12	91	93	72	26	67	24	27	25	18	74	16	62	86	87	73	65	39	53	57	44	40	79	55	30	66	72	35	67	85	53	97	44	10	13	24	49	40	95	25	83	50	10	60	51	41	88	37	51	97	83	45	13	25	70	72	32	36	67	82	61	90	26	50	64	26	93	18	91	47	85	60	97	46	27	46	39	60	53	25	99	43	92	23	47	96	49	54	20	82	63	89	83	39	14	24	64	38	30	47	90	51	44	58	81	10	40	15	90	21	61	79	72	65	93	64	44	16	40	85	37	90	34	88	13	40	72	97	47	69	21	81	24	79	25	42	52	56	75	66	14	16	19	66	17	20	16	79	67	21	18	27	65	76	75	98	47	74	77	95	90	16	18	46	82	24	70	58	38	77	58	67	62	70	97	71	97	86	22	47	53	91	55	57	78	58	50	73	30	14	63	44	39	63	47	63	90	21	81	55	89	98	83	85	48	82	98	28	65	25	15	41	86
90	94	82	10	15	67	97	95	33	14	35	45	39	87	37	15	12	29	36	97	55	64	55	13	45	86	77	87	18	25	63	63	26	46	51	68	33	94	50	18	59	66	56	85	61	32	53	54	81	83	34	90	43	97	12	12	51	29	57	69	40	35	24	97	89	53	29	41	97	44	58	40	12	84	46	40	11	82	59	40	76	96	13	17	82	43	98	13	63	89	12	14	62	21	25	12	43	50	35	49	78	11	50	15	59	56	74	41	15	93	46	51	66	69	28	60	78	21	43	80	84	54	40	84	54	44	14	49	22	74	88	96	54	44	55	22	13	22	43	82	79	31	79	27	58	97	30	75	78	10	61	15	53	62	47	59	21	80	93	64	68	93	30	42	31	98	90	82	50	63	60	75	60	60	65	20	62	52	93	80	29	65	20	52	76	25	71	11	97	16	13	99	33	83	40	69	64	83	62	59	62	29	100	96	85	71	54	80	27	30	39	88	23	10	47	96	92	44	33	73	82	44	60	83	90	76	13	82	77	49	47	29	96	39	31	93	67	85	99	29	37	94	25	82	62	100	98	15	35	11	87	68	23	84	59	62	80	88	42	80	76	11	80	63	89	24	27	17	98	38	93	74	56	51	38	98	95	29	37	97	13	53	88	97	15	34	25	42	23	32	87	60	76	56	18	35	84	85	67	21
67	15	37	70	90	62	63	68	85	70	54	55	62	100	53	36	86	18	55	54	23	60	16	52	88	15	86	79	21	23	65	28	55	73	84	37	100	11	93	50	66	50	59	72	86	56	49	89	99	59	94	43	78	20	32	53	37	52	34	67	46	86	69	72	60	85	82	44	80	34	55	73	47	55	15	66	13	10	19	26	27	17	26	22	67	93	82	90	25	35	66	53	85	92	37	76	64	35	35	31	50	20	24	43	87	53	49	81	85	16	95	93	25	51	49	16	58	99	99	77	31	30	58	36	33	52	44	74	69	88	98	26	76	46	53	40	97	65	92	53	42	95	90	16	11	72	76	67	85	76	68	11	45	99	64	48	41	24	58	13	92	95	14	54	15	15	37	34	57	64	44	33	63	99	37	10	46	20	79	85	65	62	37	60	59	16	30	70	75	29	44	10	78	67	51	17	54	24	21	17	77	42	17	41	40	34	13	88	62	29	61	73	86	15	21	16	53	99	53	85	53	32	95	43	61	91	58	16	60	82	67	74	77	67	70	43	30	24	73	34	50	31	68	49	81	18	13	76	52	75	18	74	46	12	40	74	30	19	82	24	76	97	10	73	47	95	45	52	88	46	30	79	42	15	35	82	54	92	91	56	17	97	28	73	95	37	49	51	29	14	57	72	29	38	58	95	15	10	82	81
38	27	50	73	64	64	61	69	33	70	78	66	84	82	54	20	73	26	39	16	39	26	28	72	38	30	31	27	77	86	51	85	26	95	71	16	77	59	69	42	88	65	44	99	79	14	88	19	70	87	13	50	27	59	91	51	62	30	54	96	97	14	69	37	34	83	56	11	93	58	74	70	45	100	68	95	87	75	19	76	93	63	90	39	50	99	96	91	89	88	22	16	48	71	61	74	68	32	35	92	87	81	90	83	48	67	24	88	55	77	13	20	54	95	19	85	47	68	64	76	19	55	14	16	66	18	14	31	18	42	69	34	17	79	52	18	24	14	28	19	57	57	75	21	66	41	89	59	49	79	26	58	98	58	42	19	62	12	97	11	74	13	54	31	24	59	59	18	89	88	75	75	28	56	57	39	44	49	51	82	41	69	31	66	81	65	87	27	86	32	14	74	62	44	88	41	93	75	78	93	49	84	33	92	99	39	91	62	74	61	47	87	98	45	77	60	49	99	46	30	60	97	71	54	86	79	88	43	20	17	46	11	46	23	86	73	15	68	14	17	53	96	36	42	90	54	28	30	22	94	17	47	31	18	10	47	45	38	35	43	74	19	91	60	12	88	19	90	84	98	17	83	92	74	83	45	62	48	36	10	36	13	92	86	91	49	60	62	46	63	74	64	90	79	30	98	57	85	19	42
60	67	56	38	73	83	51	17	17	88	40	75	100	24	85	78	86	60	25	48	65	11	44	67	40	19	60	15	57	20	94	38	99	99	35	70	93	68	67	93	32	90	95	94	93	84	38	44	76	75	24	87	19	91	43	49	17	86	78	64	82	83	56	60	50	94	31	70	61	72	42	39	86	76	22	46	43	27	17	90	86	74	30	59	71	89	45	34	66	71	47	83	81	35	44	88	26	64	82	50	70	61	74	60	80	10	56	38	61	55	60	83	71	56	15	83	74	35	82	68	76	98	96	54	32	40	58	52	54	81	83	66	94	83	73	75	72	28	74	97	72	32	86	61	14	96	50	98	48	58	72	100	82	64	85	68	97	47	61	65	59	58	38	53	80	55	26	80	96	14	53	98	21	64	35	30	56	24	67	63	91	38	72	62	74	26	25	60	63	13	91	45	57	19	11	57	51	38	53	87	71	20	19	82	87	81	79	81	89	17	19	16	82	89	26	75	71	69	79	10	97	35	54	71	60	65	81	37	96	16	36	16	35	41	37	24	56	99	86	14	67	53	43	29	31	24	78	50	14	28	41	52	48	22	38	25	87	74	83	21	13	44	38	48	50	66	58	50	76	51	78	79	60	43	62	74	82	57	86	36	17	14	79	39	76	19	67	91	46	49	22	91	52	62	49	56	49	68	23	84
72	94	47	10	98	79	26	57	12	90	86	68	16	82	29	77	12	56	92	20	100	19	45	57	81	59	80	88	47	20	23	99	45	96	99	30	18	33	43	67	96	75	77	75	16	18	81	39	45	27	85	93	99	28	98	80	31	96	86	76	73	45	87	20	94	57	70	17	63	11	85	57	66	80	35	27	74	91	67	19	97	52	91	66	74	93	83	15	35	49	29	89	18	43	91	96	61	39	83	19	34	86	89	69	86	99	98	16	19	78	39	89	46	63	41	18	53	73	65	20	36	22	81	17	52	83	27	25	63	44	72	14	60	88	75	58	84	46	99	30	93	67	56	21	24	86	76	80	33	93	12	87	24	91	61	70	27	65	14	28	34	56	62	20	76	73	12	79	54	52	30	66	81	65	75	56	59	62	95	20	70	68	26	35	91	79	97	29	96	54	23	63	95	32	79	25	66	20	53	11	62	64	64	26	76	18	13	97	38	46	36	15	49	96	64	67	49	99	57	74	59	39	92	24	74	83	55	25	14	54	35	71	33	46	88	40	12	89	63	73	13	78	96	63	95	42	51	71	41	84	59	75	14	69	13	40	61	42	95	17	50	73	59	32	77	97	100	61	47	25	14	45	20	48	38	17	92	88	33	53	62	42	60	43	77	98	69	92	31	42	41	16	70	78	68	49	89	71	46	94
42	29	66	85	79	89	49	91	79	51	87	87	96	98	66	65	23	82	57	32	82	33	32	15	99	16	56	93	47	62	39	97	65	12	97	74	91	54	18	87	88	10	98	99	29	87	72	19	76	68	69	14	46	92	11	29	33	84	40	20	17	92	66	73	83	95	66	71	35	11	52	49	93	52	87	63	52	97	34	49	80	66	70	46	85	46	29	73	26	77	80	35	86	26	12	84	33	10	72	62	53	48	88	62	53	95	44	26	32	50	34	59	81	41	28	38	99	26	94	27	73	80	91	19	42	38	86	71	55	75	19	77	98	16	49	52	91	37	30	86	49	95	66	63	21	52	27	54	26	86	97	75	16	89	50	98	41	52	82	35	92	74	71	67	62	45	74	50	19	37	76	75	45	17	20	60	93	50	86	43	61	29	18	39	23	93	83	76	91	70	91	73	74	42	37	73	45	50	98	90	30	88	17	51	81	36	85	65	68	11	38	88	70	23	51	35	48	56	80	51	37	56	57	98	26	30	67	75	71	92	47	34	73	95	42	93	97	98	65	49	93	90	85	49	87	77	37	39	74	15	94	59	19	28	36	68	20	94	90	80	87	42	95	90	73	20	91	80	25	52	58	81	61	43	38	15	13	16	16	17	80	44	34	76	11	90	13	48	80	80	83	12	71	94	66	39	55	79	41	66
96	93	16	70	39	26	51	72	70	86	33	66	71	34	32	11	32	61	25	29	70	23	31	52	52	73	58	66	81	38	28	77	22	90	72	32	55	31	12	77	99	34	66	71	20	82	38	58	34	26	89	67	94	96	56	34	18	26	12	87	28	86	81	81	87	54	81	34	54	65	58	69	52	89	38	97	55	73	71	24	61	53	69	50	65	83	24	57	93	66	66	96	79	58	43	50	95	28	39	87	32	100	96	91	79	55	45	41	87	66	85	85	64	78	22	24	70	11	83	53	67	34	99	100	88	35	28	68	53	83	56	95	14	52	23	59	94	16	54	85	14	57	16	15	95	55	87	60	67	35	76	28	79	60	24	91	100	30	12	72	52	99	33	98	25	86	36	45	43	28	15	33	22	32	29	24	55	88	22	74	44	95	82	73	66	20	47	19	65	93	56	79	62	70	69	43	70	59	58	96	67	11	64	24	35	49	59	83	81	83	66	68	77	83	56	42	84	53	52	49	30	26	71	17	38	76	28	85	72	81	73	43	39	11	88	71	38	68	20	68	22	89	63	60	53	78	55	79	79	77	93	36	79	31	17	75	20	81	83	32	81	97	32	76	68	18	83	65	17	52	47	93	69	53	35	91	18	96	47	67	21	29	54	30	59	32	40	63	39	44	74	97	89	25	94	31	42	38	94	18
39	35	76	48	41	45	58	11	74	73	83	95	62	31	83	29	23	23	33	62	84	38	17	20	89	68	59	93	94	71	90	48	26	23	16	66	44	26	97	36	15	16	48	61	17	61	62	18	12	98	85	29	42	10	45	43	98	26	41	22	33	38	12	19	13	61	62	99	94	40	70	36	19	65	63	84	92	28	63	81	50	71	75	35	88	12	37	54	22	81	25	99	45	66	28	96	12	83	18	81	34	61	68	70	67	48	56	99	87	96	55	28	76	38	19	83	47	51	90	49	11	38	88	98	99	61	24	84	26	83	82	70	29	31	80	50	83	24	13	26	53	10	39	55	17	27	42	43	95	45	70	50	48	20	51	69	35	90	92	14	50	35	83	91	35	43	79	98	100	72	52	82	59	80	86	23	50	24	34	12	71	35	78	54	38	23	12	88	27	96	96	95	28	63	46	34	89	61	45	34	46	86	23	90	93	70	96	37	60	94	13	93	88	72	42	30	26	47	71	15	76	46	68	26	11	19	85	41	46	56	30	68	38	98	24	16	20	34	15	14	23	25	70	99	68	57	87	77	68	50	58	25	75	65	17	96	29	50	66	50	68	98	25	67	76	99	24	50	63	76	26	86	84	69	50	83	44	86	53	20	83	89	63	48	62	53	26	24	55	76	11	89	88	48	15	33	91	85	94	69
18	44	23	21	31	75	65	37	73	44	27	25	66	38	42	52	60	41	59	94	28	56	65	71	82	93	79	23	50	74	85	57	47	29	41	84	41	21	47	78	62	28	86	33	43	91	20	74	11	50	11	75	26	56	73	38	18	98	89	14	72	36	40	47	64	67	59	99	94	93	39	72	89	71	57	94	75	100	68	49	11	92	55	47	17	38	97	66	87	71	12	48	29	22	62	14	85	43	79	11	39	27	66	91	15	47	12	60	12	81	87	32	64	93	64	95	97	48	81	85	55	87	84	73	74	35	78	95	13	94	85	77	75	56	79	27	75	50	48	15	97	57	75	64	15	45	47	51	75	90	77	57	35	38	31	87	19	15	56	84	34	46	27	24	51	23	92	71	90	78	49	70	27	15	27	60	32	49	28	96	96	14	70	35	17	66	74	17	41	45	79	92	66	47	32	15	92	28	57	82	40	26	41	84	84	45	28	63	63	70	77	70	40	83	86	24	89	16	10	22	17	94	66	73	51	76	54	74	24	44	90	18	98	29	48	53	47	100	22	70	81	65	17	60	33	88	76	91	81	68	43	63	13	90	93	68	72	92	70	62	17	32	63	67	55	56	100	57	34	47	13	80	72	18	13	98	43	40	97	14	24	53	61	71	35	71	68	63	22	24	41	60	65	70	59	30	35	82	95	19
28	25	13	94	42	15	82	43	28	70	27	17	40	67	12	78	92	42	47	71	64	33	12	22	69	28	80	82	59	99	67	80	64	90	13	20	41	33	41	44	46	73	80	86	36	34	28	47	84	37	93	91	89	44	89	42	18	67	17	58	31	24	91	29	15	48	63	90	44	64	100	89	30	47	31	56	79	68	70	17	50	55	46	33	47	19	85	44	96	86	21	81	24	66	14	18	89	50	40	12	46	73	77	54	45	46	89	56	17	92	36	67	13	54	10	17	67	49	57	14	95	24	96	65	43	73	27	98	84	20	94	16	48	82	14	50	16	60	81	26	84	14	22	19	32	60	56	44	86	35	23	68	25	82	80	31	26	49	93	83	11	54	14	76	62	67	39	87	40	58	78	12	50	48	61	74	72	33	96	81	61	64	97	37	24	83	17	86	81	91	32	19	34	21	34	84	75	10	10	24	96	85	48	39	18	55	72	80	97	83	62	70	84	55	55	76	25	56	45	68	33	47	27	49	72	61	16	24	43	94	90	21	29	26	67	75	42	39	77	92	26	86	90	89	35	48	20	75	38	26	52	75	28	46	59	57	84	72	40	53	99	69	26	57	48	39	71	39	13	76	41	85	25	34	64	56	37	13	31	19	94	30	86	35	58	88	23	51	58	75	85	88	39	84	28	14	85	35	17	87
39	79	69	59	33	14	98	90	49	77	56	48	94	66	94	12	90	55	27	85	81	57	64	38	35	14	48	83	75	27	71	31	13	58	91	22	71	82	13	96	81	14	47	45	52	72	12	14	26	18	18	23	15	28	71	94	73	86	60	21	41	75	37	46	62	84	61	88	21	30	80	29	33	77	22	88	29	29	29	24	91	44	80	65	11	75	82	80	12	68	60	50	32	24	36	99	31	39	31	12	75	20	88	21	96	16	98	25	85	57	70	29	74	11	84	82	14	83	92	96	23	88	64	54	83	67	26	21	21	49	65	21	90	92	47	58	67	48	18	74	67	76	64	98	80	70	34	58	72	94	65	53	71	88	11	21	22	87	39	44	29	39	60	100	28	76	93	89	92	46	34	33	53	34	17	85	88	73	93	98	15	25	37	42	60	30	42	81	32	70	28	40	10	13	20	68	53	53	66	35	67	52	60	12	66	17	16	48	54	72	49	73	84	11	57	61	11	44	87	99	48	30	16	86	100	18	36	73	80	40	47	83	45	46	62	91	84	24	51	39	63	99	21	59	52	65	50	29	91	33	47	99	94	66	64	99	91	66	94	96	82	29	45	92	56	87	84	94	64	75	46	56	12	69	99	40	94	12	13	36	84	16	76	22	17	92	87	56	49	48	53	90	66	73	17	98	58	84	49	15
80	88	38	74	22	30	49	57	42	45	43	95	30	97	16	36	82	35	16	21	27	64	40	83	34	30	79	11	97	57	51	60	33	64	58	59	74	38	12	13	75	76	13	25	68	56	77	71	24	89	58	84	67	31	74	77	42	69	98	66	64	19	46	97	12	60	23	45	46	96	62	35	76	66	66	51	76	67	59	38	21	56	49	95	17	50	62	81	93	48	71	25	35	23	98	60	45	14	16	62	78	65	13	87	19	21	48	15	82	42	96	23	51	70	50	17	16	31	49	33	77	75	76	76	33	60	88	50	12	51	77	31	86	48	62	22	55	69	34	91	17	27	34	21	16	72	48	47	63	16	47	58	74	88	59	48	62	17	98	62	52	29	85	80	40	99	59	92	70	65	13	24	85	95	82	56	50	18	33	40	87	32	37	27	67	35	39	55	17	55	12	37	26	78	28	48	12	10	90	66	31	30	44	23	90	89	99	51	10	78	91	31	10	13	29	82	19	31	68	41	86	47	28	62	56	90	82	94	84	29	22	94	33	79	22	95	24	93	25	32	76	70	38	69	92	30	50	68	62	27	78	72	77	89	97	63	21	29	43	60	20	68	79	84	82	78	72	68	99	79	37	78	17	26	79	18	18	27	16	53	91	78	27	32	37	29	86	79	71	58	27	74	44	74	44	93	79	44	10	16
58	33	26	44	67	33	86	60	33	66	25	40	89	15	30	16	63	14	49	48	72	33	26	21	51	75	89	61	75	59	45	90	66	47	83	69	46	52	34	18	92	55	77	17	66	91	42	62	77	97	32	32	94	64	43	10	59	48	46	81	71	59	97	98	26	30	74	21	70	23	80	13	87	75	26	19	86	70	66	61	59	52	40	52	48	13	92	96	89	87	96	23	65	69	54	50	49	97	39	36	78	88	27	22	32	11	31	73	26	47	87	54	66	60	51	41	40	37	30	67	93	62	27	50	91	58	86	90	82	20	73	82	92	69	75	83	14	99	98	55	44	95	40	30	59	97	79	49	79	51	91	38	28	69	13	43	18	47	34	35	38	20	51	18	84	49	66	53	45	88	35	71	30	99	42	58	34	17	46	49	20	24	29	24	29	62	73	53	38	25	41	73	69	46	39	85	40	96	24	64	59	75	24	23	75	62	66	21	45	80	35	42	66	64	18	44	12	14	53	17	59	81	89	93	80	61	58	62	33	93	94	88	43	85	43	43	44	71	81	12	58	42	84	73	28	39	67	53	52	10	16	60	61	34	17	53	56	65	68	34	98	36	82	51	55	30	73	43	22	50	14	72	90	32	72	90	73	12	69	42	29	35	65	60	27	30	60	47	30	17	92	39	51	73	14	39	17	94	58	84
75	11	66	33	32	10	26	29	48	84	26	53	83	57	44	68	73	56	67	69	17	82	13	96	62	79	40	62	81	63	11	55	51	26	60	92	71	85	61	24	44	70	69	87	71	81	72	76	11	13	60	49	43	46	51	98	10	33	43	38	84	31	98	93	92	48	63	21	70	16	15	11	86	54	76	49	92	50	83	95	43	35	82	64	37	98	52	87	13	51	41	20	74	33	18	87	35	87	83	93	43	67	28	80	97	25	60	97	29	21	28	66	97	39	77	22	88	83	42	99	93	37	54	94	48	76	28	25	80	49	16	18	20	48	89	62	24	33	61	89	47	76	58	42	39	89	35	95	81	42	13	36	22	35	77	95	44	13	75	74	64	83	77	12	69	63	59	44	40	99	19	28	91	63	69	54	20	32	59	17	96	40	59	59	77	62	87	77	18	51	24	62	49	65	55	11	53	86	31	62	26	21	76	44	87	25	23	18	50	10	75	26	65	92	66	51	95	83	80	40	97	71	84	84	62	50	72	96	85	76	21	29	77	33	11	91	82	14	66	49	39	49	33	53	97	89	81	100	74	27	53	75	56	31	62	92	64	30	75	63	50	58	63	28	75	16	42	36	45	51	13	85	86	93	36	45	70	55	46	22	96	23	81	21	37	28	18	54	54	59	31	21	71	29	86	15	88	22	32	17
26	85	30	30	62	96	93	53	46	97	50	20	76	12	71	68	61	58	57	78	42	43	43	76	16	94	17	73	34	15	13	22	93	26	57	27	77	88	83	65	51	44	17	99	37	73	58	50	45	54	24	96	94	56	53	86	33	68	81	61	31	80	33	75	67	42	44	84	52	46	67	70	84	26	48	55	43	62	65	32	48	69	53	30	73	56	70	63	51	98	41	75	45	66	52	98	62	63	22	34	48	32	16	40	49	72	71	97	24	16	90	49	22	19	49	65	96	25	35	19	16	90	23	91	14	34	22	61	38	99	63	24	69	73	64	90	12	43	97	36	48	36	85	11	38	19	67	60	58	21	76	36	11	69	23	89	32	82	58	93	36	72	72	32	22	65	31	54	88	100	21	59	84	40	14	93	46	91	23	50	14	14	58	92	38	78	56	82	80	56	86	29	35	84	66	97	19	76	68	71	11	88	41	89	47	26	90	59	16	34	74	48	63	13	81	40	99	96	41	20	34	94	46	84	43	11	16	40	42	14	57	81	43	66	68	27	38	19	29	94	84	65	90	85	73	14	26	22	81	90	71	93	28	13	26	21	17	14	31	49	65	65	37	52	22	31	62	51	47	45	67	33	53	41	56	58	83	88	37	84	55	31	43	15	82	39	38	91	31	99	51	75	85	33	93	16	44	95	44	38
60	13	27	80	83	63	44	19	72	61	40	31	54	31	34	72	12	83	78	60	51	12	99	70	49	90	97	34	19	25	26	30	19	36	14	62	28	42	85	76	96	87	68	85	25	88	65	87	72	21	56	67	37	73	90	22	68	69	15	85	19	68	98	17	88	20	65	20	50	97	60	90	18	99	99	35	11	49	96	30	80	25	87	17	90	95	40	88	55	13	55	15	99	96	61	41	82	72	45	35	61	55	62	63	72	26	99	40	35	12	92	53	88	55	35	43	49	70	89	35	36	85	71	95	13	14	42	41	16	38	76	46	36	57	78	67	88	10	96	75	11	26	12	19	29	73	17	68	62	23	34	51	26	47	64	90	24	74	89	43	73	46	11	70	81	14	39	29	47	23	37	76	94	90	76	38	49	41	60	35	59	28	94	90	66	81	69	42	57	83	52	32	46	23	70	96	16	60	80	90	83	76	77	92	99	38	20	27	83	14	71	15	95	61	20	67	31	91	85	10	18	37	56	74	95	71	30	84	33	49	43	33	53	14	11	71	11	27	54	26	75	52	79	77	65	97	85	40	49	22	52	83	54	53	36	28	92	66	42	38	42	40	78	61	53	23	98	32	82	60	45	85	12	55	62	12	76	83	95	34	72	35	38	28	42	72	33	14	46	15	84	35	46	25	84	95	26	63	19	11
24	26	99	42	49	46	62	68	34	39	62	66	50	54	23	20	95	50	45	24	66	85	72	72	26	26	49	48	31	41	85	68	14	100	33	54	52	46	21	98	99	84	51	73	44	76	12	78	68	37	23	51	87	92	36	67	29	39	24	80	85	39	91	48	79	78	17	97	40	53	95	64	88	76	13	65	28	41	73	81	21	28	20	54	98	37	74	60	30	64	86	24	14	77	88	36	24	28	15	82	50	67	34	45	41	96	21	30	45	66	61	19	12	57	33	80	16	83	18	88	18	12	88	19	78	99	30	21	38	26	98	74	47	46	31	18	91	63	35	24	47	35	66	75	91	55	82	88	74	16	12	37	91	79	33	12	56	64	74	66	20	62	12	88	18	99	50	10	50	90	14	87	72	29	21	46	99	68	98	16	50	62	19	40	12	55	22	15	31	17	87	28	33	66	47	27	51	54	28	94	93	81	52	87	52	26	67	67	66	63	86	31	92	11	35	77	59	41	86	51	80	25	79	86	81	96	10	12	31	61	87	50	28	55	60	85	89	86	72	78	61	88	12	88	76	22	69	57	18	44	77	29	91	77	40	62	38	45	30	25	22	100	22	20	71	42	27	12	57	14	66	99	49	63	43	57	98	86	83	99	74	35	39	76	54	41	41	37	83	45	45	89	90	62	72	47	24	60	63	17
20	61	89	60	67	98	82	21	16	76	94	62	99	44	89	31	56	83	40	69	58	81	58	56	93	56	82	20	55	73	69	88	48	34	26	27	99	14	13	60	95	53	11	72	31	56	68	36	56	14	63	75	12	21	43	56	51	12	16	54	24	16	41	74	88	47	34	41	64	79	33	75	30	67	56	15	28	69	11	30	36	12	75	28	100	22	50	51	69	21	85	97	97	51	51	98	69	39	42	41	90	98	13	64	98	72	36	43	96	96	78	57	72	22	92	65	85	94	65	94	57	32	99	77	74	53	92	35	69	74	10	81	11	34	97	13	15	55	92	15	38	70	32	85	75	61	17	74	29	86	55	45	16	92	11	18	29	90	53	19	26	30	58	94	27	98	64	13	54	89	44	38	47	74	78	75	86	81	43	66	25	42	93	68	54	16	39	15	26	35	65	37	52	75	35	14	98	56	76	87	15	38	41	48	24	37	18	81	31	60	91	97	57	70	92	19	17	97	65	29	13	41	81	83	78	85	86	38	50	68	12	88	93	29	22	85	48	53	21	60	37	81	72	71	50	72	31	68	56	39	37	81	14	95	99	48	35	27	14	98	90	35	25	49	13	56	72	57	88	82	99	92	81	70	40	11	98	30	23	51	90	17	30	47	30	31	85	79	82	29	94	34	68	18	17	66	86	70	93	76
23	84	90	66	78	54	76	45	94	59	38	54	55	51	89	47	88	23	18	20	17	51	20	20	78	60	55	18	42	27	27	54	45	50	69	90	95	37	17	41	32	54	60	31	51	44	26	18	55	96	93	76	49	78	68	65	28	55	47	24	27	46	71	52	71	63	27	53	15	16	79	13	93	40	79	100	31	54	33	27	94	62	23	52	28	64	55	21	90	89	51	31	84	26	54	45	85	10	58	21	44	50	13	29	34	44	66	62	70	99	19	37	80	13	43	90	51	39	32	98	61	19	30	57	93	30	81	40	35	16	52	64	34	38	24	99	89	13	65	79	43	33	47	23	93	76	95	58	89	98	68	73	59	47	86	16	67	61	68	44	40	49	63	36	21	32	42	35	79	97	91	42	22	86	45	43	21	44	79	33	56	38	26	52	40	84	24	20	95	91	49	55	90	55	18	70	92	96	67	17	27	68	96	67	70	76	42	77	97	15	61	15	96	80	51	56	91	98	22	88	86	14	39	67	67	44	86	15	82	84	49	99	99	21	80	29	29	72	28	11	84	66	43	68	58	93	36	63	91	70	64	54	47	50	84	78	43	29	91	18	72	62	86	47	87	54	56	10	69	44	12	69	15	19	49	93	23	89	95	10	70	92	26	35	61	18	11	86	89	77	46	18	17	98	14	90	86	76	90	69
35	19	90	17	62	52	29	23	97	24	28	93	65	33	62	92	64	68	16	76	67	18	93	57	42	60	31	70	72	17	50	36	14	85	89	42	58	13	67	19	18	52	46	10	55	35	21	34	75	23	48	57	22	48	58	62	96	15	97	70	24	51	30	16	61	27	51	79	38	52	72	45	40	45	84	34	42	12	64	18	37	47	51	35	84	39	14	27	90	33	60	46	32	23	14	99	52	12	35	62	83	55	20	27	45	41	47	26	30	62	75	88	32	75	21	95	42	78	97	12	23	12	19	98	52	72	60	32	28	93	23	89	56	77	12	64	73	72	67	94	75	61	82	48	100	24	48	40	82	33	91	76	26	27	81	65	21	72	64	40	93	98	41	67	57	60	62	71	96	54	68	48	86	61	24	97	63	25	60	30	31	93	61	99	42	52	45	25	49	36	47	62	64	30	46	41	86	19	52	71	19	91	57	35	36	40	15	44	75	73	96	54	28	21	90	90	52	30	58	41	65	92	33	57	32	41	68	62	64	39	96	74	42	73	97	42	18	83	15	24	96	59	74	85	24	77	46	14	39	25	96	42	23	62	61	87	44	41	35	45	30	51	23	26	84	96	44	34	67	77	25	69	61	36	33	61	22	43	15	35	95	65	18	74	65	14	78	99	58	64	49	46	36	85	30	84	37	68	46	91
37	69	94	45	65	60	60	77	71	20	86	52	14	35	54	59	23	23	30	54	92	76	62	21	20	77	93	83	18	29	53	28	62	19	86	18	41	69	74	28	94	80	66	69	71	88	39	31	60	51	97	92	63	33	93	64	78	18	13	47	99	21	69	16	90	98	77	69	11	44	57	78	55	50	22	81	38	45	14	65	13	54	71	37	83	83	49	53	89	65	68	12	59	17	62	32	19	76	58	17	79	38	25	37	56	53	41	22	26	37	74	18	37	55	91	12	36	61	50	32	46	35	42	60	32	65	84	27	68	76	15	15	41	91	19	90	50	38	47	93	42	48	88	22	73	64	85	62	65	18	30	81	85	34	72	42	98	71	88	17	10	23	16	27	32	70	35	62	45	47	88	64	38	16	59	35	40	31	46	94	63	44	98	59	38	83	76	63	23	53	24	81	97	11	96	84	90	11	72	46	37	47	16	39	99	30	44	27	16	90	29	79	43	40	45	47	87	38	69	85	26	63	55	15	45	62	23	39	89	69	44	28	16	36	37	44	94	85	60	42	44	15	24	38	36	65	30	32	70	97	34	37	88	58	80	15	68	79	16	40	68	27	76	60	80	26	72	58	11	34	11	40	11	94	86	39	73	99	67	22	98	80	49	67	40	36	64	59	70	22	98	98	48	96	35	65	57	89	18	58
95	67	69	58	80	21	12	82	47	76	72	54	56	74	39	24	14	56	92	98	85	92	16	29	17	65	62	14	20	54	69	63	64	27	45	98	52	91	76	52	46	23	39	81	24	49	20	91	24	21	62	73	95	62	20	98	78	51	55	10	50	97	18	69	45	97	62	26	46	77	65	29	24	92	76	97	56	57	77	48	48	65	95	75	73	47	46	40	48	73	10	38	26	56	82	16	52	83	83	39	36	41	25	12	43	32	71	11	70	21	84	87	38	98	84	19	13	48	95	26	20	71	16	51	16	55	95	46	40	24	21	27	96	67	26	12	81	37	100	39	48	40	85	13	14	46	82	70	22	13	48	39	76	83	58	73	41	82	36	36	89	86	90	74	57	87	91	30	62	40	56	17	96	39	78	17	25	39	85	37	86	93	72	65	99	68	12	27	34	64	22	91	19	66	62	76	95	78	67	19	16	72	92	76	64	58	93	37	40	81	54	81	50	23	41	49	27	40	49	81	62	71	53	16	15	68	49	72	95	23	65	98	29	79	73	50	44	88	32	90	87	89	34	55	86	77	30	23	79	73	93	62	75	73	36	23	77	62	78	21	31	22	25	23	73	72	57	23	22	30	64	21	83	68	57	91	41	26	82	35	39	58	48	10	41	51	11	47	28	94	37	48	18	18	74	61	63	80	74	69
49	78	73	90	20	18	10	41	10	76	57	92	14	83	33	37	68	30	99	49	49	77	15	52	55	85	73	58	90	85	30	94	77	99	61	49	97	65	81	68	99	41	63	29	16	76	90	88	63	21	40	10	47	67	11	56	14	66	11	79	45	74	53	85	56	55	97	84	28	34	23	69	89	62	64	97	14	34	82	43	11	91	90	51	77	49	22	49	53	96	61	51	23	72	49	29	65	34	58	48	73	80	41	84	79	12	51	12	79	69	13	62	74	87	79	56	79	38	86	75	20	66	73	11	72	35	97	99	40	88	17	90	98	100	20	71	39	46	87	56	44	72	81	21	37	91	97	62	69	41	97	32	98	59	11	26	97	25	42	25	93	85	36	54	93	25	71	35	71	81	25	57	38	70	83	52	99	87	76	60	28	17	31	11	86	67	52	83	54	87	86	69	44	64	58	54	46	85	75	76	21	50	92	92	10	79	52	41	62	15	29	79	41	57	16	50	37	17	39	64	95	66	63	81	87	32	91	45	34	99	95	64	91	84	79	26	50	91	64	92	19	87	95	31	28	24	46	77	58	24	85	17	14	69	21	81	87	16	34	11	48	18	29	82	53	39	65	75	95	24	83	31	94	79	31	67	43	77	99	45	46	87	35	67	50	35	50	39	18	51	76	14	62	72	69	16	100	36	39	42
19	44	74	80	97	19	97	84	82	87	57	76	67	66	65	45	48	50	76	33	68	65	83	41	92	84	44	61	37	77	83	71	39	53	60	88	78	37	75	94	43	45	47	99	60	62	96	89	52	25	55	70	13	21	44	90	49	49	95	36	54	41	76	48	31	79	13	73	55	38	10	95	14	78	10	82	31	18	61	90	98	54	85	86	38	57	25	96	19	11	27	51	34	99	96	11	97	26	35	66	24	66	77	33	55	73	95	30	71	27	93	95	84	41	41	92	54	57	46	68	55	57	36	89	86	57	43	91	70	14	24	84	11	84	63	91	60	23	85	75	33	55	59	15	62	20	33	83	11	29	37	26	18	36	74	20	87	88	97	97	54	53	40	57	39	82	38	34	20	21	47	57	39	35	55	95	25	24	44	24	87	61	63	80	49	36	19	76	82	34	14	21	90	22	94	35	13	92	60	87	75	24	11	52	85	82	56	88	27	80	35	41	51	23	62	54	95	11	73	18	36	50	10	50	20	64	38	38	69	85	14	33	39	87	61	66	39	87	13	77	89	93	78	39	53	82	37	76	18	58	21	97	63	24	55	59	32	21	93	38	20	31	30	86	68	87	12	10	89	18	75	80	78	68	55	61	31	56	42	65	37	46	62	14	77	57	99	59	37	18	47	16	18	40	61	76	68	97	58	38
97	21	89	66	80	88	75	20	39	71	73	65	29	86	70	60	80	16	46	60	30	58	44	72	53	26	58	34	17	84	37	23	54	49	39	54	30	92	77	59	99	48	32	31	22	73	34	91	11	55	41	32	36	83	14	29	12	51	60	51	69	15	63	91	92	43	57	92	92	92	89	36	70	43	68	87	51	18	24	15	42	74	90	89	93	78	39	52	78	90	84	28	61	36	18	76	51	57	96	81	35	83	14	32	18	46	59	75	56	76	71	64	36	36	38	13	28	76	39	77	36	21	50	98	91	67	45	57	44	55	76	42	12	91	75	89	80	15	98	67	40	58	93	61	56	68	98	81	55	50	26	94	24	54	57	50	71	43	54	36	78	15	60	73	11	27	89	34	65	15	99	35	81	24	83	22	70	30	11	30	41	52	66	75	71	96	14	24	62	10	31	28	20	70	95	38	42	23	45	88	97	62	87	34	71	62	46	60	34	58	34	97	30	62	79	41	31	72	67	10	22	98	45	75	57	94	25	89	76	44	61	83	47	48	89	60	15	39	81	78	92	89	68	96	32	40	11	75	55	92	74	26	95	47	57	68	84	98	73	14	79	72	81	92	26	32	36	83	38	88	51	93	18	60	13	29	50	52	12	70	83	27	85	36	41	79	91	26	28	42	45	33	32	21	64	93	92	84	52	91
53	32	71	30	98	86	29	76	13	95	76	23	32	10	44	59	21	70	46	67	86	73	56	88	43	45	28	46	74	26	48	76	24	51	54	69	40	16	73	75	40	59	62	67	40	42	61	97	61	81	22	22	92	92	65	99	92	32	93	89	41	64	69	70	39	83	16	81	53	60	96	38	63	77	28	12	31	44	89	46	11	48	96	39	85	96	90	39	19	19	68	76	71	31	65	48	21	45	80	93	28	28	100	78	16	57	35	88	10	21	22	43	55	42	40	75	40	46	52	35	24	44	61	24	28	34	33	16	55	35	44	54	48	46	64	79	79	73	66	98	16	79	81	90	45	29	17	99	48	85	40	12	84	45	55	60	57	73	38	79	64	76	68	33	41	63	81	23	42	24	40	54	85	49	18	32	98	95	90	15	100	29	11	53	34	30	87	56	87	75	80	66	22	76	99	30	19	36	40	92	82	48	59	64	47	43	21	77	81	24	64	83	50	18	37	50	76	18	62	18	37	19	86	92	47	47	69	61	64	76	91	90	31	73	33	58	75	47	37	91	79	89	13	10	66	71	73	61	69	76	88	55	29	43	23	32	38	46	44	70	56	30	62	13	30	46	70	41	21	88	14	26	39	87	85	45	55	39	88	38	56	16	20	70	84	49	35	86	49	10	34	66	36	34	74	64	33	14	28	88
92	98	34	99	44	23	97	43	72	94	86	19	52	53	40	58	49	28	60	73	55	91	37	95	43	20	91	57	11	16	84	72	11	88	91	29	57	12	27	59	71	83	90	100	73	52	32	89	58	65	48	67	26	29	64	98	71	96	36	96	55	67	80	35	41	43	93	35	29	61	95	36	64	45	35	99	86	82	71	54	51	27	51	22	78	96	33	94	13	16	17	20	37	58	15	34	15	68	53	48	43	51	85	24	19	63	28	83	94	66	78	43	87	93	62	40	14	85	86	96	69	71	34	32	19	57	37	37	19	91	15	48	69	85	47	87	27	87	70	76	42	53	53	90	62	65	61	67	79	48	94	49	80	59	94	72	45	53	48	43	81	31	41	49	51	63	77	79	34	96	44	36	26	51	55	84	72	90	27	99	11	83	47	25	71	92	63	39	35	42	30	97	48	85	55	92	15	11	78	77	19	25	39	82	49	15	62	66	84	43	17	39	88	85	22	95	87	90	90	13	77	52	42	29	19	77	19	91	24	56	11	100	20	41	42	63	66	87	53	13	66	47	29	26	47	24	17	95	15	98	60	23	62	22	72	45	59	31	38	84	66	18	75	48	78	19	27	54	85	50	41	80	59	38	58	27	58	42	49	43	78	49	99	30	68	45	40	90	57	42	91	92	28	59	37	31	57	26	45	58
25	49	38	44	83	89	22	91	91	48	92	27	71	86	21	92	54	60	14	38	63	32	76	18	31	71	81	10	42	23	98	15	39	35	84	74	72	44	65	34	34	26	91	58	15	44	12	61	90	35	15	67	69	47	56	55	26	92	15	56	21	70	51	83	66	64	85	57	41	21	27	27	32	12	99	62	59	91	81	71	26	92	72	60	52	88	56	57	16	49	30	24	92	42	58	76	30	79	75	22	75	42	65	73	83	49	25	11	23	54	22	83	54	43	88	71	47	70	65	35	89	22	45	89	20	42	35	40	52	32	24	71	94	23	14	49	26	62	10	36	46	12	96	88	10	28	83	76	44	94	77	17	66	92	52	88	97	84	59	52	56	48	73	81	92	98	84	71	25	96	63	80	14	22	28	42	66	47	16	23	98	63	92	34	45	78	34	25	35	43	78	65	54	93	57	30	58	24	30	78	71	71	26	16	14	67	70	79	45	52	92	80	68	50	15	67	39	28	95	27	90	57	61	38	49	10	90	89	41	20	27	38	47	15	14	83	78	77	85	36	42	59	98	43	76	76	18	33	21	22	35	85	84	29	86	24	56	86	98	48	98	73	60	95	79	42	88	70	84	28	33	54	60	14	77	87	91	65	67	55	19	62	11	81	72	43	19	33	44	82	94	76	28	99	74	84	54	23	60	37
74	49	31	25	30	47	91	94	70	32	35	75	54	94	76	68	20	93	65	25	92	86	88	94	61	66	33	93	41	65	43	18	49	46	60	70	18	29	42	62	52	57	29	57	83	58	82	74	47	26	70	57	97	91	21	96	68	34	25	67	66	95	43	99	91	29	92	90	96	37	43	21	86	70	13	12	79	73	51	29	97	67	100	20	39	51	36	96	92	96	54	44	42	13	91	92	25	57	64	72	10	64	73	85	57	11	55	15	14	20	59	16	80	83	14	28	85	20	36	37	34	79	35	93	56	67	77	93	84	68	60	17	76	16	78	85	22	85	36	80	46	21	89	20	10	74	83	84	88	69	56	23	84	74	55	40	34	50	38	73	76	74	79	47	17	18	89	69	18	72	45	31	71	35	72	96	86	70	84	88	22	86	13	73	48	21	59	63	73	53	33	48	26	72	62	10	83	28	37	78	29	62	28	96	33	63	46	89	65	87	20	81	22	91	76	83	67	96	30	30	26	33	13	34	52	40	74	63	65	39	99	51	58	13	62	50	83	51	67	99	53	25	77	37	62	18	80	56	62	78	77	71	49	47	51	55	36	78	96	88	38	90	13	31	87	37	46	54	82	50	12	91	22	34	15	31	26	32	63	52	97	28	35	67	18	34	36	57	13	21	14	12	84	77	87	35	20	81	58	45
wj																																																																																																																																																																																																																																																																																																											
72	47	75	90	70	38	92	82	64	9	13	24	84	59	59	46	57	48	10	78	13	33	65	60	32	49	46	84	22	4	73	8	15	49	63	98	24	12	96	21	73	72	44	67	19	26	71	12	37	17	74	8	29	13	26	76	18	87	54	70	25	22	66	69	96	47	49	78	12	99	84	60	11	55	96	80	79	5	88	31	1	95	23	87	7	45	9	89	5	95	83	94	36	82	69	57	69	89	56	24	93	61	11	88	5	68	33	37	10	50	93	7	95	66	51	33	81	25	24	74	58	76	19	44	98	63	55	64	4	70	18	32	92	65	35	14	53	77	61	71	27	96	17	36	66	26	68	51	84	88	68	78	42	69	9	52	49	18	9	38	1	51	64	9	16	83	9	37	97	71	84	85	36	5	23	31	26	35	26	29	47	9	47	33	41	68	3	81	88	56	46	75	28	18	35	61	28	5	92	74	17	71	66	11	50	14	9	19	31	9	57	53	42	62	61	1	49	96	25	65	84	65	11	47	17	51	9	42	80	15	60	6	99	6	27	83	54	37	27	64	50	28	24	28	59	82	56	14	37	12	31	83	7	68	17	16	90	52	91	87	18	73	60	52	48	89	6	40	23	88	84	24	58	26	55	20	30	27	54	97	20	65	27	43	26	28	84	65	54	75	78	90	2	75	96	79	82	71	33	98
