20 5
1 53 2 19 3 99 4 62 5 88
1 93 2 34 3 72 4 42 5 65
1 39 2 79 3 9 4 26 5 72
1 29 2 36 3 48 4 57 5 95
1 93 2 79 3 88 4 77 5 94
1 39 2 74 3 46 4 17 5 30
1 62 2 77 3 43 4 98 5 48
1 14 2 45 3 25 4 98 5 30
1 90 2 92 3 35 4 13 5 75
1 55 2 80 3 67 4 3 5 93
1 54 2 67 3 25 4 77 5 38
1 98 2 96 3 20 4 15 5 36
1 65 2 97 3 27 4 25 5 61
1 24 2 97 3 61 4 75 5 92
1 73 2 21 3 29 4 3 5 96
1 51 2 26 3 44 4 56 5 31
1 64 2 38 3 44 4 46 5 66
1 31 2 48 3 27 4 82 5 51
1 90 2 63 3 85 4 36 5 69
1 67 2 81 3 18 4 81 5 72
