20 5
1 27 2 92 3 75 4 94 5 18
1 41 2 37 3 58 4 56 5 20
1 2 2 39 3 91 4 81 5 33
1 14 2 88 3 22 4 36 5 65
1 79 2 23 3 66 4 5 5 15
1 51 2 2 3 81 4 12 5 40
1 59 2 32 3 16 4 87 5 78
1 41 2 43 3 94 4 1 5 93
1 22 2 93 3 62 4 53 5 30
1 34 2 27 3 30 4 54 5 77
1 24 2 47 3 39 4 66 5 41
1 46 2 24 3 23 4 68 5 50
1 93 2 22 3 64 4 81 5 94
1 97 2 54 3 82 4 11 5 91
1 23 2 32 3 26 4 22 5 12
1 23 2 34 3 87 4 59 5 2
1 38 2 84 3 62 4 10 5 11
1 93 2 57 3 81 4 10 5 40
1 62 2 49 3 90 4 34 5 11
1 81 2 51 3 21 4 39 5 27
