20 10
1 9 2 19 3 86 4 38 5 71 6 82 7 12 8 20 9 37 10 22
1 97 2 85 3 93 4 33 5 69 6 70 7 29 8 48 9 28 10 76
1 91 2 54 3 71 4 36 5 13 6 44 7 27 8 23 9 95 10 15
1 25 2 88 3 46 4 5 5 38 6 74 7 21 8 36 9 21 10 4
1 96 2 78 3 7 4 72 5 80 6 38 7 17 8 98 9 88 10 78
1 80 2 54 3 73 4 83 5 15 6 5 7 27 8 20 9 75 10 24
1 73 2 88 3 17 4 24 5 53 6 86 7 10 8 30 9 71 10 5
1 11 2 97 3 10 4 84 5 58 6 47 7 69 8 80 9 49 10 74
1 37 2 94 3 51 4 1 5 9 6 16 7 89 8 2 9 80 10 38
1 94 2 93 3 89 4 95 5 95 6 63 7 17 8 98 9 2 10 19
1 28 2 58 3 52 4 11 5 21 6 97 7 49 8 55 9 16 10 4
1 82 2 60 3 5 4 52 5 42 6 61 7 87 8 89 9 76 10 46
1 32 2 18 3 3 4 60 5 34 6 69 7 47 8 95 9 92 10 70
1 71 2 73 3 58 4 17 5 26 6 39 7 60 8 72 9 93 10 27
1 27 2 63 3 59 4 76 5 97 6 85 7 57 8 49 9 60 10 30
1 70 2 1 3 23 4 18 5 42 6 96 7 2 8 52 9 49 10 82
1 4 2 67 3 77 4 24 5 68 6 37 7 28 8 65 9 93 10 68
1 18 2 6 3 49 4 67 5 93 6 3 7 10 8 80 9 44 10 26
1 83 2 4 3 50 4 74 5 14 6 8 7 67 8 18 9 60 10 3
1 43 2 31 3 59 4 69 5 13 6 46 7 53 8 27 9 28 10 63
