20 10
1 74 2 21 3 58 4 4 5 21 6 28 7 58 8 83 9 31 10 61
1 94 2 44 3 97 4 94 5 66 6 6 7 37 8 22 9 99 10 83
1 28 2 3 3 27 4 61 5 34 6 76 7 64 8 87 9 54 10 98
1 76 2 41 3 70 4 43 5 42 6 79 7 88 8 15 9 49 10 72
1 89 2 52 3 56 4 13 5 7 6 32 7 32 8 98 9 46 10 60
1 23 2 87 3 7 4 36 5 26 6 85 7 7 8 34 9 36 10 48
1 60 2 88 3 26 4 58 5 76 6 98 7 29 8 47 9 79 10 26
1 19 2 48 3 95 4 78 5 77 6 90 7 24 8 10 9 85 10 55
1 54 2 66 3 12 4 57 5 70 6 82 7 99 8 84 9 16 10 41
1 23 2 11 3 68 4 58 5 30 6 5 7 5 8 39 9 58 10 31
1 92 2 11 3 54 4 97 5 57 6 53 7 65 8 77 9 51 10 36
1 53 2 19 3 54 4 86 5 40 6 56 7 79 8 74 9 24 10 3
1 9 2 8 3 88 4 72 5 27 6 22 7 50 8 2 9 49 10 82
1 93 2 96 3 43 4 13 5 60 6 11 7 37 8 91 9 84 10 67
1 4 2 18 3 25 4 28 5 95 6 51 7 84 8 18 9 6 10 90
1 69 2 61 3 57 4 5 5 75 6 4 7 38 8 28 9 4 10 80
1 25 2 15 3 91 4 49 5 56 6 10 7 62 8 70 9 76 10 99
1 58 2 83 3 84 4 64 5 74 6 14 7 18 8 48 9 96 10 86
1 15 2 84 3 8 4 30 5 95 6 79 7 9 8 91 9 76 10 26
1 42 2 66 3 70 4 91 5 67 6 3 7 98 8 4 9 71 10 62
