20 10
1 49 2 49 3 15 4 18 5 65 6 55 7 1 8 79 9 10 10 37
1 77 2 80 3 79 4 84 5 93 6 21 7 85 8 64 9 46 10 35
1 3 2 53 3 59 4 7 5 65 6 58 7 24 8 55 9 26 10 40
1 89 2 94 3 51 4 74 5 54 6 86 7 22 8 83 9 19 10 44
1 60 2 88 3 15 4 26 5 11 6 16 7 55 8 59 9 81 10 53
1 92 2 23 3 55 4 79 5 13 6 89 7 2 8 17 9 97 10 41
1 12 2 47 3 46 4 17 5 43 6 16 7 91 8 94 9 73 10 89
1 12 2 58 3 25 4 24 5 55 6 1 7 67 8 3 9 1 10 71
1 75 2 19 3 60 4 87 5 27 6 48 7 72 8 88 9 48 10 59
1 74 2 86 3 49 4 94 5 15 6 95 7 41 8 94 9 15 10 71
1 31 2 61 3 47 4 32 5 34 6 69 7 32 8 1 9 1 10 80
1 19 2 57 3 98 4 37 5 31 6 51 7 66 8 38 9 62 10 72
1 70 2 78 3 41 4 9 5 47 6 94 7 26 8 65 9 17 10 42
1 59 2 80 3 7 4 75 5 63 6 96 7 7 8 10 9 47 10 38
1 20 2 78 3 38 4 26 5 64 6 62 7 11 8 38 9 68 10 37
1 74 2 9 3 65 4 16 5 38 6 85 7 50 8 62 9 39 10 97
1 88 2 30 3 34 4 33 5 21 6 7 7 94 8 10 9 73 10 85
1 82 2 62 3 99 4 67 5 61 6 10 7 4 8 70 9 31 10 49
1 9 2 41 3 22 4 34 5 83 6 55 7 3 8 8 9 75 10 30
1 57 2 65 3 89 4 60 5 90 6 84 7 74 8 17 9 2 10 19
