20 10
1 64 2 44 3 58 4 7 5 69 6 12 7 5 8 69 9 46 10 23
1 95 2 24 3 58 4 88 5 46 6 65 7 31 8 84 9 4 10 73
1 43 2 97 3 49 4 2 5 54 6 12 7 31 8 52 9 29 10 98
1 46 2 83 3 78 4 52 5 63 6 66 7 45 8 49 9 21 10 13
1 9 2 87 3 3 4 15 5 55 6 5 7 8 8 94 9 60 10 18
1 20 2 65 3 50 4 76 5 75 6 7 7 82 8 49 9 3 10 56
1 38 2 85 3 29 4 26 5 23 6 28 7 19 8 10 9 72 10 33
1 21 2 79 3 55 4 69 5 38 6 15 7 58 8 36 9 11 10 98
1 2 2 74 3 16 4 21 5 10 6 98 7 74 8 84 9 55 10 19
1 20 2 37 3 90 4 76 5 10 6 81 7 27 8 52 9 21 10 1
1 79 2 18 3 99 4 75 5 47 6 96 7 6 8 22 9 3 10 29
1 12 2 53 3 42 4 61 5 49 6 56 7 9 8 6 9 54 10 57
1 16 2 95 3 26 4 25 5 71 6 50 7 38 8 15 9 85 10 20
1 25 2 67 3 7 4 12 5 50 6 8 7 82 8 5 9 9 10 41
1 85 2 77 3 74 4 17 5 38 6 42 7 20 8 68 9 93 10 15
1 28 2 91 3 32 4 56 5 70 6 51 7 9 8 94 9 63 10 33
1 89 2 6 3 41 4 22 5 68 6 83 7 79 8 69 9 44 10 64
1 77 2 46 3 76 4 64 5 25 6 55 7 30 8 89 9 96 10 71
1 69 2 88 3 24 4 41 5 53 6 8 7 58 8 19 9 50 10 21
1 43 2 18 3 74 4 50 5 20 6 81 7 98 8 92 9 21 10 83
