20 10
1 94 2 43 3 6 4 47 5 45 6 51 7 73 8 49 9 31 10 58
1 19 2 36 3 54 4 75 5 7 6 5 7 82 8 20 9 31 10 32
1 3 2 18 3 43 4 41 5 83 6 62 7 27 8 75 9 52 10 58
1 18 2 1 3 61 4 67 5 55 6 72 7 16 8 12 9 87 10 21
1 39 2 23 3 28 4 31 5 86 6 19 7 85 8 90 9 77 10 4
1 85 2 81 3 9 4 52 5 67 6 77 7 45 8 7 9 21 10 26
1 1 2 92 3 83 4 43 5 3 6 3 7 51 8 5 9 38 10 37
1 44 2 66 3 31 4 8 5 79 6 42 7 85 8 92 9 89 10 29
1 63 2 96 3 50 4 12 5 15 6 11 7 33 8 7 9 4 10 58
1 27 2 7 3 7 4 54 5 31 6 94 7 25 8 8 9 61 10 51
1 86 2 36 3 19 4 71 5 8 6 77 7 8 8 6 9 40 10 39
1 24 2 82 3 69 4 82 5 39 6 52 7 85 8 48 9 22 10 57
1 44 2 25 3 85 4 86 5 73 6 58 7 95 8 13 9 50 10 39
1 24 2 55 3 58 4 79 5 42 6 98 7 44 8 16 9 13 10 74
1 19 2 82 3 12 4 70 5 6 6 64 7 3 8 4 9 29 10 43
1 40 2 77 3 88 4 74 5 13 6 13 7 17 8 45 9 2 10 22
1 55 2 46 3 68 4 15 5 55 6 74 7 42 8 40 9 88 10 68
1 67 2 67 3 8 4 13 5 74 6 47 7 3 8 95 9 36 10 46
1 67 2 66 3 66 4 32 5 8 6 30 7 92 8 40 9 13 10 79
1 19 2 29 3 27 4 18 5 42 6 86 7 30 8 41 9 27 10 50
