20 20
1 66 2 41 3 74 4 62 5 70 6 30 7 66 8 11 9 51 10 43 11 32 12 23 13 20 14 1 15 54 16 55 17 65 18 22 19 99 20 97
1 21 2 63 3 45 4 70 5 41 6 6 7 70 8 33 9 97 10 32 11 28 12 54 13 63 14 16 15 12 16 2 17 50 18 48 19 34 20 75
1 45 2 2 3 39 4 4 5 46 6 11 7 66 8 59 9 28 10 74 11 93 12 95 13 48 14 71 15 30 16 22 17 3 18 22 19 82 20 35
1 56 2 14 3 88 4 41 5 4 6 52 7 17 8 95 9 15 10 85 11 12 12 11 13 24 14 71 15 46 16 59 17 16 18 33 19 53 20 22
1 49 2 44 3 76 4 88 5 45 6 52 7 31 8 66 9 17 10 68 11 99 12 78 13 87 14 45 15 78 16 51 17 87 18 4 19 45 20 9
1 39 2 12 3 45 4 34 5 11 6 71 7 53 8 28 9 93 10 61 11 61 12 78 13 13 14 49 15 15 16 31 17 93 18 83 19 20 20 1
1 13 2 36 3 6 4 22 5 44 6 65 7 87 8 50 9 96 10 51 11 48 12 89 13 69 14 83 15 22 16 26 17 29 18 67 19 70 20 59
1 34 2 18 3 4 4 65 5 58 6 35 7 86 8 34 9 49 10 88 11 42 12 79 13 25 14 18 15 75 16 45 17 54 18 19 19 80 20 15
1 22 2 56 3 63 4 56 5 79 6 82 7 92 8 19 9 45 10 32 11 11 12 59 13 22 14 14 15 88 16 82 17 82 18 71 19 8 20 13
1 53 2 71 3 98 4 99 5 54 6 20 7 62 8 18 9 81 10 60 11 1 12 93 13 8 14 92 15 60 16 87 17 11 18 24 19 11 20 98
1 40 2 62 3 8 4 13 5 87 6 40 7 27 8 44 9 41 10 70 11 10 12 94 13 25 14 10 15 36 16 87 17 37 18 86 19 76 20 70
1 17 2 92 3 90 4 58 5 19 6 97 7 80 8 28 9 67 10 59 11 9 12 92 13 7 14 19 15 82 16 60 17 60 18 58 19 74 20 70
1 72 2 33 3 71 4 68 5 94 6 82 7 46 8 78 9 37 10 69 11 7 12 34 13 69 14 18 15 98 16 8 17 58 18 86 19 77 20 50
1 50 2 82 3 16 4 17 5 68 6 65 7 92 8 37 9 47 10 70 11 66 12 30 13 7 14 37 15 5 16 52 17 86 18 36 19 29 20 4
1 99 2 53 3 52 4 9 5 8 6 50 7 62 8 14 9 21 10 88 11 7 12 85 13 62 14 10 15 61 16 92 17 47 18 77 19 37 20 96
1 50 2 4 3 20 4 19 5 58 6 22 7 56 8 92 9 59 10 34 11 17 12 39 13 59 14 7 15 59 16 2 17 70 18 72 19 90 20 56
1 26 2 50 3 4 4 8 5 60 6 60 7 80 8 38 9 51 10 25 11 97 12 73 13 46 14 82 15 92 16 42 17 65 18 12 19 34 20 23
1 99 2 48 3 41 4 40 5 76 6 89 7 42 8 90 9 61 10 25 11 27 12 60 13 79 14 50 15 15 16 65 17 80 18 67 19 70 20 94
1 61 2 55 3 2 4 55 5 78 6 27 7 13 8 20 9 38 10 75 11 23 12 61 13 37 14 43 15 69 16 2 17 44 18 25 19 12 20 31
1 1 2 54 3 94 4 63 5 91 6 27 7 55 8 74 9 77 10 77 11 81 12 29 13 91 14 20 15 99 16 27 17 30 18 85 19 5 20 4
