20 20
1 94 2 43 3 6 4 47 5 45 6 51 7 73 8 49 9 31 10 58 11 19 12 36 13 54 14 75 15 7 16 5 17 82 18 20 19 31 20 32
1 3 2 18 3 43 4 41 5 83 6 62 7 27 8 75 9 52 10 58 11 18 12 1 13 61 14 67 15 55 16 72 17 16 18 12 19 87 20 21
1 39 2 23 3 28 4 31 5 86 6 19 7 85 8 90 9 77 10 4 11 85 12 81 13 9 14 52 15 67 16 77 17 45 18 7 19 21 20 26
1 1 2 92 3 83 4 43 5 3 6 3 7 51 8 5 9 38 10 37 11 44 12 66 13 31 14 8 15 79 16 42 17 85 18 92 19 89 20 29
1 63 2 96 3 50 4 12 5 15 6 11 7 33 8 7 9 4 10 58 11 27 12 7 13 7 14 54 15 31 16 94 17 25 18 8 19 61 20 51
1 86 2 36 3 19 4 71 5 8 6 77 7 8 8 6 9 40 10 39 11 24 12 82 13 69 14 82 15 39 16 52 17 85 18 48 19 22 20 57
1 44 2 25 3 85 4 86 5 73 6 58 7 95 8 13 9 50 10 39 11 24 12 55 13 58 14 79 15 42 16 98 17 44 18 16 19 13 20 74
1 19 2 82 3 12 4 70 5 6 6 64 7 3 8 4 9 29 10 43 11 40 12 77 13 88 14 74 15 13 16 13 17 17 18 45 19 2 20 22
1 55 2 46 3 68 4 15 5 55 6 74 7 42 8 40 9 88 10 68 11 67 12 67 13 8 14 13 15 74 16 47 17 3 18 95 19 36 20 46
1 67 2 66 3 66 4 32 5 8 6 30 7 92 8 40 9 13 10 79 11 19 12 29 13 27 14 18 15 42 16 86 17 30 18 41 19 27 20 50
1 98 2 79 3 44 4 90 5 22 6 72 7 84 8 42 9 46 10 72 11 98 12 12 13 14 14 6 15 70 16 1 17 41 18 60 19 51 20 82
1 30 2 63 3 88 4 79 5 44 6 54 7 12 8 15 9 3 10 89 11 84 12 23 13 4 14 32 15 60 16 70 17 20 18 43 19 2 20 52
1 21 2 18 3 98 4 59 5 17 6 29 7 42 8 19 9 17 10 49 11 71 12 25 13 22 14 84 15 50 16 46 17 60 18 31 19 64 20 53
1 63 2 20 3 70 4 12 5 1 6 75 7 72 8 79 9 48 10 77 11 16 12 60 13 47 14 67 15 45 16 67 17 35 18 55 19 26 20 32
1 75 2 56 3 87 4 52 5 77 6 78 7 93 8 65 9 21 10 35 11 1 12 15 13 52 14 94 15 10 16 61 17 8 18 79 19 40 20 29
1 20 2 50 3 37 4 68 5 23 6 64 7 15 8 10 9 20 10 15 11 19 12 92 13 63 14 69 15 15 16 94 17 94 18 54 19 45 20 51
1 57 2 28 3 27 4 51 5 42 6 95 7 94 8 35 9 26 10 42 11 31 12 26 13 14 14 75 15 6 16 86 17 32 18 92 19 71 20 63
1 73 2 11 3 38 4 53 5 79 6 40 7 56 8 60 9 25 10 54 11 78 12 78 13 53 14 39 15 50 16 64 17 67 18 15 19 24 20 74
1 71 2 18 3 93 4 74 5 30 6 86 7 50 8 12 9 6 10 80 11 96 12 10 13 95 14 17 15 98 16 29 17 13 18 64 19 56 20 81
1 38 2 4 3 40 4 98 5 22 6 8 7 31 8 41 9 25 10 91 11 95 12 83 13 38 14 93 15 62 16 87 17 27 18 33 19 58 20 26
