20 20
1 72 2 47 3 52 4 40 5 49 6 86 7 75 8 26 9 37 10 29 11 34 12 86 13 96 14 36 15 55 16 41 17 97 18 74 19 55 20 61
1 72 2 45 3 73 4 94 5 76 6 28 7 58 8 98 9 65 10 7 11 77 12 1 13 75 14 46 15 61 16 93 17 79 18 23 19 71 20 46
1 79 2 55 3 95 4 46 5 59 6 89 7 16 8 40 9 28 10 51 11 80 12 95 13 41 14 18 15 14 16 65 17 26 18 5 19 7 20 75
1 95 2 67 3 93 4 90 5 73 6 63 7 25 8 36 9 7 10 26 11 86 12 50 13 80 14 48 15 12 16 57 17 34 18 4 19 99 20 20
1 1 2 83 3 17 4 69 5 72 6 61 7 67 8 83 9 89 10 99 11 5 12 47 13 84 14 76 15 68 16 36 17 30 18 38 19 62 20 61
1 90 2 30 3 88 4 69 5 51 6 7 7 26 8 5 9 1 10 90 11 40 12 78 13 68 14 31 15 91 16 23 17 55 18 14 19 44 20 22
1 37 2 32 3 42 4 3 5 5 6 79 7 33 8 79 9 56 10 96 11 57 12 23 13 19 14 24 15 25 16 73 17 69 18 24 19 19 20 5
1 92 2 82 3 95 4 18 5 85 6 27 7 92 8 77 9 68 10 46 11 57 12 61 13 4 14 58 15 94 16 50 17 31 18 25 19 34 20 80
1 94 2 82 3 24 4 98 5 74 6 98 7 93 8 80 9 25 10 99 11 19 12 34 13 12 14 55 15 71 16 21 17 5 18 61 19 37 20 22
1 15 2 50 3 27 4 12 5 59 6 97 7 38 8 83 9 84 10 54 11 79 12 51 13 93 14 95 15 66 16 12 17 80 18 20 19 28 20 86
1 8 2 35 3 46 4 25 5 41 6 50 7 24 8 46 9 1 10 16 11 65 12 81 13 9 14 82 15 26 16 38 17 77 18 96 19 65 20 43
1 62 2 44 3 89 4 20 5 21 6 72 7 96 8 73 9 34 10 10 11 99 12 46 13 66 14 42 15 33 16 70 17 95 18 57 19 40 20 19
1 89 2 99 3 23 4 34 5 68 6 23 7 31 8 14 9 77 10 97 11 11 12 60 13 21 14 25 15 56 16 86 17 11 18 2 19 77 20 98
1 96 2 47 3 39 4 43 5 45 6 13 7 95 8 89 9 27 10 71 11 43 12 24 13 3 14 22 15 76 16 38 17 82 18 94 19 25 20 72
1 89 2 93 3 74 4 2 5 54 6 60 7 57 8 21 9 65 10 70 11 27 12 93 13 8 14 35 15 9 16 99 17 60 18 38 19 43 20 14
1 54 2 68 3 26 4 47 5 51 6 44 7 21 8 34 9 61 10 52 11 73 12 45 13 45 14 3 15 68 16 46 17 60 18 8 19 6 20 70
1 46 2 88 3 61 4 6 5 33 6 17 7 21 8 27 9 57 10 4 11 14 12 86 13 72 14 10 15 39 16 19 17 71 18 61 19 72 20 94
1 94 2 91 3 88 4 56 5 94 6 13 7 33 8 68 9 27 10 74 11 81 12 11 13 74 14 27 15 51 16 36 17 58 18 39 19 48 20 46
1 40 2 58 3 85 4 69 5 67 6 41 7 6 8 24 9 65 10 20 11 12 12 9 13 4 14 70 15 98 16 10 17 87 18 35 19 90 20 61
1 28 2 23 3 59 4 85 5 4 6 14 7 53 8 14 9 70 10 76 11 41 12 50 13 88 14 58 15 29 16 66 17 19 18 64 19 77 20 25
