20 20
1 77 2 3 3 60 4 92 5 17 6 38 7 45 8 92 9 20 10 33 11 14 12 39 13 66 14 93 15 37 16 44 17 21 18 77 19 90 20 63
1 52 2 83 3 50 4 2 5 9 6 48 7 68 8 37 9 57 10 19 11 59 12 20 13 25 14 64 15 92 16 6 17 24 18 29 19 6 20 64
1 47 2 86 3 85 4 2 5 43 6 56 7 90 8 41 9 55 10 12 11 99 12 36 13 90 14 12 15 15 16 38 17 19 18 95 19 24 20 98
1 40 2 56 3 42 4 73 5 98 6 74 7 49 8 32 9 48 10 57 11 71 12 65 13 73 14 19 15 12 16 20 17 29 18 39 19 38 20 28
1 72 2 88 3 83 4 38 5 8 6 20 7 33 8 63 9 44 10 43 11 33 12 34 13 82 14 22 15 58 16 78 17 61 18 67 19 43 20 64
1 90 2 70 3 23 4 28 5 50 6 33 7 42 8 69 9 36 10 80 11 37 12 25 13 87 14 41 15 34 16 54 17 51 18 52 19 90 20 22
1 89 2 59 3 43 4 77 5 83 6 36 7 40 8 85 9 60 10 65 11 78 12 44 13 15 14 55 15 49 16 77 17 5 18 72 19 97 20 46
1 91 2 42 3 79 4 6 5 56 6 13 7 66 8 74 9 21 10 7 11 7 12 29 13 23 14 11 15 36 16 50 17 91 18 10 19 81 20 87
1 15 2 91 3 46 4 51 5 64 6 19 7 98 8 34 9 54 10 9 11 10 12 20 13 46 14 4 15 90 16 88 17 71 18 50 19 23 20 50
1 34 2 18 3 67 4 15 5 34 6 64 7 71 8 5 9 82 10 84 11 38 12 91 13 55 14 1 15 4 16 71 17 49 18 31 19 18 20 44
1 87 2 36 3 48 4 1 5 81 6 59 7 57 8 82 9 49 10 12 11 62 12 95 13 9 14 39 15 90 16 41 17 33 18 53 19 67 20 17
1 47 2 40 3 49 4 23 5 3 6 84 7 4 8 40 9 36 10 13 11 90 12 57 13 3 14 3 15 66 16 74 17 28 18 80 19 59 20 39
1 56 2 33 3 58 4 99 5 85 6 64 7 40 8 55 9 58 10 99 11 38 12 39 13 5 14 30 15 2 16 97 17 33 18 75 19 31 20 68
1 68 2 87 3 7 4 21 5 91 6 39 7 25 8 77 9 58 10 96 11 65 12 1 13 83 14 57 15 4 16 36 17 77 18 94 19 11 20 41
1 94 2 36 3 45 4 26 5 4 6 37 7 20 8 55 9 15 10 81 11 82 12 81 13 74 14 68 15 14 16 78 17 93 18 69 19 79 20 63
1 57 2 79 3 74 4 21 5 69 6 39 7 41 8 76 9 84 10 20 11 7 12 40 13 26 14 28 15 93 16 81 17 25 18 82 19 60 20 25
1 57 2 56 3 15 4 51 5 30 6 82 7 92 8 76 9 36 10 5 11 18 12 63 13 82 14 45 15 51 16 16 17 15 18 39 19 72 20 70
1 12 2 72 3 17 4 91 5 75 6 60 7 20 8 23 9 83 10 93 11 41 12 99 13 74 14 54 15 10 16 61 17 40 18 96 19 18 20 85
1 22 2 35 3 89 4 4 5 71 6 43 7 34 8 24 9 39 10 44 11 40 12 97 13 1 14 98 15 61 16 7 17 77 18 95 19 68 20 54
1 99 2 78 3 42 4 88 5 54 6 50 7 54 8 83 9 36 10 41 11 80 12 45 13 14 14 96 15 45 16 65 17 17 18 27 19 77 20 54
