20 20
1 74 2 45 3 23 4 20 5 6 6 21 7 83 8 47 9 42 10 54 11 88 12 92 13 42 14 70 15 13 16 23 17 30 18 45 19 96 20 71
1 63 2 31 3 40 4 47 5 21 6 8 7 14 8 60 9 64 10 59 11 16 12 66 13 77 14 38 15 41 16 79 17 49 18 68 19 62 20 47
1 8 2 75 3 82 4 34 5 68 6 61 7 55 8 19 9 47 10 2 11 83 12 28 13 31 14 37 15 84 16 17 17 10 18 33 19 57 20 4
1 21 2 7 3 73 4 24 5 59 6 62 7 23 8 76 9 35 10 2 11 60 12 62 13 67 14 4 15 13 16 12 17 91 18 43 19 82 20 83
1 14 2 7 3 95 4 49 5 23 6 67 7 86 8 68 9 75 10 11 11 18 12 57 13 57 14 75 15 69 16 33 17 68 18 34 19 19 20 15
1 19 2 41 3 6 4 6 5 44 6 28 7 68 8 44 9 29 10 85 11 56 12 53 13 23 14 81 15 3 16 16 17 40 18 53 19 62 20 45
1 71 2 1 3 99 4 44 5 47 6 30 7 70 8 35 9 29 10 99 11 96 12 46 13 58 14 95 15 14 16 24 17 54 18 25 19 2 20 66
1 50 2 4 3 96 4 12 5 57 6 70 7 76 8 88 9 4 10 77 11 56 12 58 13 94 14 78 15 47 16 63 17 78 18 53 19 78 20 37
1 24 2 63 3 60 4 99 5 84 6 92 7 34 8 45 9 85 10 88 11 46 12 69 13 30 14 94 15 58 16 65 17 53 18 86 19 72 20 41
1 54 2 6 3 15 4 98 5 88 6 31 7 12 8 31 9 48 10 74 11 80 12 26 13 51 14 50 15 7 16 34 17 20 18 55 19 64 20 27
1 77 2 22 3 15 4 46 5 51 6 26 7 45 8 59 9 24 10 13 11 50 12 86 13 12 14 60 15 78 16 79 17 64 18 56 19 35 20 57
1 67 2 98 3 98 4 47 5 65 6 65 7 58 8 13 9 33 10 53 11 2 12 10 13 34 14 41 15 77 16 40 17 82 18 80 19 98 20 89
1 20 2 6 3 45 4 67 5 22 6 13 7 60 8 31 9 72 10 68 11 49 12 64 13 3 14 18 15 19 16 30 17 57 18 83 19 9 20 1
1 72 2 90 3 94 4 90 5 36 6 6 7 28 8 86 9 20 10 44 11 62 12 37 13 65 14 55 15 44 16 48 17 68 18 58 19 70 20 97
1 34 2 85 3 40 4 99 5 97 6 24 7 55 8 34 9 60 10 80 11 44 12 83 13 56 14 88 15 37 16 27 17 58 18 3 19 46 20 39
1 17 2 92 3 35 4 54 5 5 6 49 7 97 8 75 9 15 10 89 11 25 12 8 13 75 14 50 15 28 16 34 17 28 18 63 19 59 20 97
1 23 2 21 3 26 4 20 5 52 6 73 7 92 8 62 9 53 10 82 11 84 12 41 13 2 14 77 15 50 16 31 17 83 18 33 19 71 20 29
1 91 2 75 3 53 4 59 5 6 6 68 7 30 8 58 9 12 10 93 11 26 12 13 13 65 14 79 15 38 16 52 17 90 18 58 19 28 20 88
1 1 2 6 3 71 4 16 5 97 6 31 7 32 8 71 9 14 10 92 11 86 12 53 13 61 14 55 15 15 16 96 17 50 18 4 19 55 20 17
1 26 2 83 3 66 4 61 5 54 6 25 7 62 8 16 9 30 10 62 11 67 12 36 13 70 14 31 15 30 16 7 17 13 18 41 19 44 20 76
