50 5
1 82 2 73 3 84 4 63 5 14
1 73 2 84 3 9 4 38 5 67
1 76 2 18 3 70 4 69 5 4
1 58 2 66 3 11 4 1 5 51
1 38 2 16 3 81 4 39 5 56
1 83 2 27 3 29 4 93 5 70
1 64 2 22 3 84 4 25 5 73
1 81 2 10 3 46 4 32 5 38
1 68 2 40 3 33 4 79 5 64
1 36 2 62 3 82 4 44 5 99
1 6 2 49 3 84 4 72 5 39
1 51 2 77 3 59 4 97 5 5
1 83 2 51 3 9 4 9 5 59
1 30 2 86 3 49 4 46 5 13
1 45 2 51 3 68 4 82 5 6
1 99 2 12 3 8 4 36 5 24
1 82 2 73 3 66 4 69 5 71
1 70 2 61 3 42 4 77 5 10
1 2 2 6 3 24 4 97 5 15
1 91 2 32 3 68 4 17 5 1
1 49 2 25 3 46 4 37 5 56
1 50 2 9 3 62 4 10 5 89
1 66 2 98 3 10 4 70 5 92
1 36 2 82 3 54 4 34 5 34
1 5 2 12 3 3 4 56 5 44
1 41 2 14 3 25 4 78 5 25
1 89 2 83 3 78 4 23 5 51
1 7 2 20 3 30 4 30 5 30
1 63 2 82 3 40 4 39 5 37
1 44 2 2 3 27 4 71 5 45
1 57 2 88 3 88 4 43 5 25
1 81 2 3 3 3 4 78 5 97
1 74 2 71 3 50 4 70 5 23
1 43 2 51 3 97 4 57 5 77
1 90 2 58 3 75 4 4 5 12
1 2 2 4 3 28 4 54 5 39
1 30 2 71 3 89 4 33 5 85
1 2 2 69 3 20 4 64 5 94
1 3 2 41 3 37 4 36 5 74
1 53 2 49 3 77 4 13 5 37
1 34 2 31 3 15 4 32 5 45
1 50 2 81 3 46 4 93 5 13
1 47 2 50 3 70 4 21 5 41
1 12 2 18 3 28 4 22 5 60
1 69 2 49 3 38 4 80 5 52
1 45 2 34 3 3 4 61 5 96
1 99 2 49 3 78 4 34 5 78
1 79 2 64 3 55 4 63 5 24
1 58 2 25 3 93 4 73 5 45
1 93 2 37 3 64 4 92 5 59
