50 5
1 17 2 43 3 13 4 20 5 41
1 94 2 18 3 28 4 8 5 71
1 82 2 42 3 90 4 76 5 62
1 95 2 74 3 80 4 33 5 91
1 35 2 80 3 79 4 68 5 97
1 98 2 3 3 22 4 52 5 80
1 32 2 75 3 78 4 36 5 46
1 16 2 36 3 93 4 39 5 19
1 95 2 91 3 49 4 35 5 93
1 11 2 93 3 6 4 96 5 19
1 33 2 98 3 67 4 81 5 43
1 72 2 32 3 66 4 97 5 36
1 36 2 67 3 1 4 47 5 87
1 12 2 91 3 21 4 6 5 6
1 1 2 38 3 69 4 77 5 3
1 75 2 64 3 53 4 18 5 10
1 97 2 18 3 48 4 70 5 60
1 75 2 94 3 14 4 53 5 90
1 19 2 42 3 86 4 15 5 58
1 7 2 65 3 40 4 51 5 61
1 98 2 90 3 4 4 39 5 79
1 76 2 53 3 77 4 10 5 2
1 97 2 31 3 62 4 28 5 74
1 60 2 53 3 74 4 88 5 11
1 88 2 92 3 7 4 80 5 67
1 27 2 21 3 43 4 59 5 30
1 17 2 4 3 7 4 21 5 83
1 44 2 70 3 30 4 39 5 35
1 8 2 6 3 92 4 39 5 55
1 34 2 98 3 47 4 99 5 16
1 90 2 93 3 35 4 65 5 66
1 10 2 48 3 81 4 27 5 49
1 61 2 73 3 60 4 88 5 42
1 62 2 28 3 55 4 58 5 55
1 90 2 61 3 73 4 3 5 74
1 94 2 30 3 81 4 9 5 87
1 58 2 42 3 59 4 48 5 29
1 83 2 60 3 83 4 76 5 43
1 90 2 14 3 84 4 10 5 15
1 38 2 90 3 80 4 19 5 15
1 75 2 68 3 39 4 71 5 31
1 43 2 5 3 32 4 6 5 56
1 56 2 72 3 23 4 95 5 50
1 53 2 27 3 8 4 18 5 81
1 57 2 54 3 99 4 20 5 10
1 19 2 18 3 53 4 73 5 10
1 74 2 93 3 22 4 75 5 84
1 9 2 27 3 32 4 51 5 83
1 70 2 13 3 1 4 81 5 13
1 98 2 58 3 28 4 3 5 21
