50 5
1 34 2 40 3 22 4 6 5 50
1 64 2 48 3 74 4 67 5 22
1 26 2 13 3 24 4 54 5 22
1 9 2 28 3 48 4 83 5 85
1 79 2 78 3 40 4 15 5 95
1 75 2 73 3 41 4 52 5 71
1 84 2 73 3 25 4 41 5 74
1 15 2 58 3 55 4 47 5 12
1 36 2 48 3 96 4 47 5 64
1 5 2 24 3 78 4 59 5 4
1 24 2 85 3 19 4 94 5 59
1 65 2 42 3 8 4 10 5 15
1 96 2 63 3 30 4 20 5 31
1 94 2 35 3 84 4 83 5 53
1 57 2 25 3 71 4 22 5 31
1 35 2 40 3 76 4 14 5 48
1 42 2 11 3 92 4 68 5 55
1 88 2 52 3 36 4 62 5 42
1 51 2 68 3 10 4 38 5 29
1 56 2 23 3 71 4 45 5 98
1 20 2 61 3 69 4 28 5 69
1 35 2 17 3 59 4 16 5 54
1 6 2 18 3 2 4 4 5 80
1 45 2 2 3 18 4 83 5 21
1 41 2 51 3 85 4 56 5 88
1 40 2 20 3 16 4 22 5 98
1 56 2 69 3 90 4 9 5 81
1 65 2 38 3 75 4 60 5 81
1 59 2 94 3 3 4 19 5 15
1 29 2 94 3 48 4 39 5 3
1 65 2 39 3 68 4 40 5 82
1 31 2 29 3 17 4 69 5 44
1 19 2 29 3 60 4 27 5 93
1 35 2 17 3 1 4 99 5 96
1 1 2 62 3 84 4 42 5 60
1 42 2 66 3 1 4 1 5 31
1 41 2 62 3 83 4 74 5 38
1 56 2 57 3 54 4 45 5 39
1 85 2 40 3 21 4 84 5 17
1 24 2 65 3 98 4 90 5 46
1 47 2 62 3 11 4 6 5 21
1 60 2 82 3 2 4 31 5 27
1 81 2 34 3 7 4 6 5 53
1 19 2 28 3 63 4 29 5 34
1 96 2 39 3 19 4 45 5 64
1 72 2 26 3 59 4 51 5 74
1 3 2 11 3 96 4 50 5 23
1 43 2 36 3 52 4 9 5 44
1 32 2 2 3 78 4 83 5 69
1 47 2 17 3 35 4 45 5 30
