50 5
1 27 2 69 3 78 4 90 5 23
1 6 2 23 3 28 4 98 5 57
1 96 2 85 3 60 4 34 5 42
1 73 2 31 3 11 4 60 5 57
1 88 2 38 3 43 4 30 5 77
1 85 2 58 3 58 4 45 5 72
1 86 2 83 3 3 4 14 5 91
1 27 2 17 3 13 4 21 5 82
1 91 2 11 3 88 4 99 5 8
1 6 2 71 3 53 4 2 5 2
1 91 2 9 3 33 4 97 5 27
1 17 2 97 3 96 4 1 5 30
1 5 2 78 3 58 4 20 5 42
1 97 2 96 3 75 4 89 5 66
1 9 2 59 3 84 4 93 5 83
1 58 2 92 3 82 4 12 5 89
1 81 2 20 3 4 4 93 5 12
1 75 2 35 3 58 4 70 5 9
1 79 2 29 3 45 4 27 5 71
1 89 2 21 3 78 4 4 5 17
1 97 2 49 3 17 4 54 5 52
1 74 2 44 3 8 4 75 5 19
1 91 2 94 3 77 4 80 5 20
1 48 2 90 3 30 4 5 5 20
1 46 2 72 3 10 4 97 5 44
1 85 2 40 3 68 4 62 5 76
1 60 2 65 3 91 4 63 5 67
1 26 2 57 3 22 4 67 5 70
1 30 2 57 3 67 4 29 5 63
1 77 2 28 3 73 4 63 5 20
1 67 2 72 3 50 4 12 5 54
1 69 2 35 3 26 4 80 5 13
1 17 2 10 3 74 4 63 5 17
1 11 2 15 3 30 4 91 5 89
1 93 2 62 3 16 4 49 5 73
1 58 2 68 3 15 4 92 5 31
1 16 2 56 3 42 4 32 5 85
1 2 2 39 3 39 4 79 5 86
1 35 2 30 3 10 4 42 5 77
1 69 2 47 3 83 4 8 5 27
1 11 2 73 3 28 4 12 5 71
1 20 2 65 3 56 4 44 5 79
1 26 2 43 3 44 4 28 5 70
1 64 2 57 3 53 4 84 5 45
1 6 2 77 3 39 4 94 5 72
1 93 2 80 3 35 4 32 5 59
1 31 2 86 3 52 4 7 5 99
1 20 2 95 3 21 4 63 5 73
1 97 2 49 3 77 4 83 5 73
1 94 2 35 3 89 4 9 5 29
