50 5
1 75 2 87 3 13 4 11 5 41
1 43 2 93 3 69 4 80 5 13
1 24 2 72 3 38 4 81 5 83
1 88 2 26 3 6 4 89 5 67
1 70 2 30 3 89 4 30 5 68
1 21 2 78 3 46 4 99 5 10
1 17 2 23 3 83 4 47 5 86
1 18 2 67 3 46 4 4 5 14
1 4 2 20 3 88 4 50 5 84
1 58 2 93 3 76 4 50 5 30
1 26 2 37 3 25 4 95 5 49
1 12 2 59 3 17 4 46 5 20
1 52 2 44 3 92 4 75 5 95
1 33 2 10 3 45 4 2 5 62
1 62 2 82 3 29 4 29 5 94
1 20 2 42 3 80 4 94 5 35
1 8 2 41 3 65 4 4 5 71
1 30 2 14 3 32 4 50 5 30
1 27 2 98 3 39 4 84 5 65
1 12 2 58 3 45 4 49 5 15
1 48 2 4 3 92 4 92 5 72
1 45 2 5 3 98 4 93 5 17
1 79 2 11 3 16 4 89 5 81
1 92 2 45 3 61 4 39 5 28
1 94 2 87 3 23 4 1 5 55
1 91 2 67 3 91 4 4 5 60
1 38 2 25 3 90 4 93 5 13
1 65 2 25 3 34 4 47 5 98
1 91 2 11 3 46 4 50 5 77
1 5 2 14 3 47 4 80 5 45
1 26 2 67 3 4 4 14 5 93
1 54 2 21 3 20 4 6 5 18
1 75 2 25 3 16 4 77 5 28
1 24 2 15 3 77 4 36 5 16
1 32 2 46 3 21 4 81 5 28
1 70 2 89 3 54 4 96 5 62
1 46 2 60 3 19 4 97 5 13
1 7 2 44 3 7 4 73 5 15
1 66 2 70 3 97 4 33 5 97
1 64 2 73 3 28 4 4 5 87
1 77 2 94 3 9 4 57 5 29
1 79 2 55 3 73 4 65 5 86
1 25 2 39 3 76 4 24 5 38
1 5 2 91 3 29 4 22 5 27
1 39 2 31 3 46 4 18 5 93
1 58 2 85 3 58 4 97 5 10
1 79 2 93 3 2 4 87 5 17
1 18 2 10 3 50 4 8 5 26
1 14 2 21 3 15 4 10 5 85
1 46 2 42 3 18 4 36 5 2
