50 10
1 12 2 72 3 18 4 85 5 42 6 76 7 13 8 82 9 35 10 33
1 76 2 19 3 94 4 93 5 64 6 82 7 60 8 8 9 66 10 56
1 40 2 11 3 12 4 20 5 61 6 72 7 52 8 62 9 85 10 67
1 67 2 68 3 18 4 10 5 1 6 92 7 66 8 22 9 95 10 59
1 79 2 25 3 43 4 51 5 69 6 27 7 33 8 76 9 12 10 19
1 13 2 64 3 7 4 60 5 75 6 75 7 63 8 87 9 93 10 73
1 5 2 18 3 75 4 20 5 30 6 99 7 19 8 70 9 55 10 11
1 78 2 66 3 92 4 57 5 91 6 56 7 1 8 17 9 61 10 51
1 3 2 72 3 72 4 21 5 2 6 36 7 42 8 59 9 12 10 31
1 72 2 39 3 99 4 9 5 68 6 27 7 22 8 60 9 28 10 66
1 82 2 52 3 72 4 81 5 61 6 36 7 10 8 62 9 11 10 46
1 42 2 32 3 39 4 44 5 95 6 10 7 96 8 55 9 67 10 86
1 75 2 58 3 10 4 65 5 9 6 22 7 56 8 34 9 98 10 82
1 65 2 68 3 49 4 98 5 36 6 51 7 19 8 68 9 24 10 35
1 8 2 9 3 69 4 73 5 49 6 29 7 36 8 10 9 9 10 1
1 20 2 77 3 63 4 28 5 77 6 34 7 96 8 88 9 20 10 26
1 4 2 30 3 40 4 18 5 36 6 98 7 24 8 70 9 66 10 15
1 96 2 29 3 74 4 39 5 16 6 72 7 92 8 9 9 10 10 45
1 32 2 9 3 46 4 83 5 63 6 58 7 77 8 26 9 88 10 78
1 79 2 37 3 13 4 39 5 75 6 60 7 58 8 2 9 70 10 9
1 91 2 33 3 5 4 51 5 30 6 20 7 26 8 53 9 91 10 40
1 52 2 55 3 9 4 33 5 32 6 17 7 77 8 30 9 37 10 79
1 68 2 31 3 17 4 7 5 19 6 19 7 62 8 3 9 99 10 94
1 62 2 24 3 2 4 99 5 7 6 93 7 1 8 27 9 20 10 97
1 81 2 23 3 75 4 16 5 21 6 47 7 68 8 41 9 54 10 58
1 25 2 61 3 58 4 52 5 81 6 33 7 64 8 14 9 67 10 3
1 32 2 78 3 55 4 26 5 79 6 92 7 57 8 90 9 68 10 73
1 57 2 55 3 19 4 47 5 86 6 26 7 96 8 45 9 4 10 17
1 9 2 60 3 23 4 54 5 42 6 30 7 78 8 43 9 80 10 43
1 7 2 27 3 23 4 55 5 66 6 90 7 63 8 38 9 65 10 82
1 47 2 77 3 47 4 57 5 2 6 77 7 45 8 69 9 19 10 70
1 97 2 61 3 61 4 15 5 16 6 82 7 44 8 17 9 37 10 51
1 23 2 67 3 34 4 45 5 42 6 23 7 56 8 59 9 80 10 18
1 18 2 67 3 23 4 41 5 98 6 48 7 85 8 29 9 80 10 43
1 93 2 28 3 98 4 73 5 5 6 6 7 88 8 36 9 20 10 24
1 77 2 21 3 8 4 36 5 49 6 86 7 50 8 60 9 26 10 7
1 11 2 76 3 33 4 74 5 68 6 10 7 2 8 54 9 58 10 82
1 14 2 9 3 10 4 48 5 90 6 89 7 3 8 20 9 24 10 67
1 90 2 19 3 72 4 59 5 94 6 84 7 59 8 43 9 81 10 38
1 62 2 85 3 85 4 84 5 71 6 31 7 39 8 40 9 41 10 40
1 6 2 63 3 56 4 63 5 75 6 56 7 22 8 89 9 29 10 33
1 46 2 96 3 52 4 43 5 60 6 87 7 46 8 85 9 84 10 54
1 74 2 19 3 82 4 19 5 58 6 6 7 85 8 82 9 2 10 16
1 75 2 52 3 13 4 1 5 43 6 85 7 73 8 79 9 91 10 51
1 1 2 46 3 3 4 26 5 15 6 22 7 18 8 8 9 20 10 32
1 6 2 11 3 27 4 71 5 4 6 73 7 16 8 63 9 85 10 92
1 57 2 90 3 49 4 75 5 15 6 64 7 44 8 10 9 78 10 80
1 92 2 18 3 70 4 22 5 22 6 78 7 6 8 86 9 94 10 45
1 57 2 80 3 96 4 94 5 5 6 28 7 50 8 52 9 49 10 31
1 66 2 30 3 11 4 14 5 45 6 32 7 31 8 6 9 95 10 95
