50 10
1 56 2 78 3 92 4 66 5 30 6 26 7 16 8 48 9 30 10 97
1 54 2 62 3 23 4 43 5 21 6 98 7 19 8 17 9 80 10 56
1 32 2 86 3 85 4 88 5 77 6 15 7 48 8 11 9 33 10 72
1 69 2 74 3 48 4 50 5 41 6 88 7 50 8 13 9 74 10 16
1 91 2 40 3 59 4 28 5 61 6 34 7 7 8 22 9 63 10 69
1 13 2 78 3 8 4 69 5 42 6 11 7 70 8 21 9 53 10 88
1 2 2 69 3 37 4 78 5 69 6 97 7 53 8 51 9 31 10 76
1 3 2 20 3 32 4 29 5 36 6 34 7 89 8 43 9 48 10 68
1 52 2 39 3 12 4 50 5 48 6 50 7 73 8 99 9 10 10 89
1 13 2 85 3 50 4 52 5 39 6 60 7 89 8 91 9 76 10 28
1 24 2 79 3 83 4 40 5 97 6 36 7 61 8 48 9 24 10 71
1 75 2 2 3 26 4 13 5 68 6 32 7 58 8 84 9 19 10 10
1 6 2 79 3 69 4 37 5 13 6 35 7 97 8 45 9 72 10 80
1 24 2 30 3 89 4 72 5 85 6 17 7 35 8 13 9 80 10 50
1 4 2 60 3 55 4 82 5 5 6 93 7 38 8 75 9 40 10 46
1 36 2 31 3 87 4 52 5 20 6 86 7 70 8 78 9 99 10 76
1 56 2 71 3 45 4 10 5 34 6 81 7 77 8 92 9 34 10 35
1 5 2 28 3 73 4 65 5 71 6 47 7 98 8 7 9 42 10 71
1 54 2 7 3 90 4 14 5 15 6 63 7 19 8 90 9 72 10 66
1 58 2 60 3 66 4 11 5 83 6 9 7 85 8 68 9 79 10 94
1 39 2 33 3 9 4 67 5 41 6 61 7 17 8 76 9 31 10 39
1 25 2 9 3 69 4 75 5 42 6 53 7 26 8 29 9 15 10 41
1 32 2 24 3 63 4 23 5 95 6 88 7 40 8 25 9 12 10 12
1 9 2 69 3 28 4 78 5 1 6 23 7 79 8 25 9 15 10 18
1 3 2 80 3 41 4 15 5 94 6 96 7 6 8 52 9 59 10 51
1 26 2 37 3 18 4 42 5 47 6 26 7 30 8 62 9 41 10 59
1 14 2 96 3 31 4 19 5 22 6 80 7 57 8 88 9 73 10 94
1 49 2 7 3 33 4 56 5 81 6 38 7 13 8 14 9 62 10 58
1 5 2 9 3 91 4 16 5 38 6 7 7 94 8 43 9 66 10 94
1 54 2 12 3 34 4 80 5 6 6 72 7 40 8 38 9 36 10 86
1 67 2 44 3 73 4 89 5 53 6 57 7 60 8 52 9 42 10 80
1 42 2 45 3 37 4 73 5 44 6 73 7 5 8 78 9 89 10 20
1 94 2 82 3 42 4 31 5 1 6 9 7 5 8 51 9 21 10 31
1 54 2 1 3 3 4 4 5 58 6 30 7 10 8 55 9 6 10 23
1 29 2 63 3 71 4 91 5 94 6 68 7 46 8 12 9 89 10 50
1 73 2 48 3 89 4 44 5 56 6 87 7 89 8 72 9 67 10 65
1 97 2 45 3 2 4 68 5 39 6 6 7 24 8 88 9 96 10 17
1 11 2 67 3 81 4 99 5 22 6 26 7 1 8 23 9 41 10 38
1 36 2 50 3 59 4 92 5 55 6 78 7 77 8 25 9 25 10 20
1 87 2 32 3 12 4 52 5 33 6 90 7 81 8 40 9 67 10 84
1 53 2 81 3 50 4 4 5 36 6 76 7 10 8 8 9 17 10 28
1 3 2 80 3 14 4 6 5 32 6 20 7 17 8 67 9 67 10 52
1 39 2 93 3 46 4 76 5 78 6 87 7 16 8 19 9 82 10 80
1 28 2 97 3 60 4 8 5 40 6 44 7 72 8 97 9 10 10 4
1 15 2 95 3 4 4 63 5 68 6 28 7 50 8 31 9 38 10 65
1 97 2 80 3 16 4 40 5 45 6 64 7 36 8 44 9 98 10 82
1 66 2 69 3 44 4 55 5 68 6 84 7 77 8 77 9 28 10 45
1 9 2 23 3 23 4 28 5 19 6 91 7 75 8 6 9 60 10 12
1 61 2 35 3 81 4 51 5 94 6 57 7 65 8 5 9 26 10 34
1 61 2 63 3 72 4 14 5 43 6 3 7 94 8 54 9 13 10 89
