50 5
1 24 2 1 3 57 4 86 5 35
1 9 2 55 3 8 4 93 5 11
1 39 2 10 3 84 4 80 5 59
1 37 2 80 3 69 4 13 5 19
1 25 2 92 3 45 4 14 5 73
1 85 2 75 3 96 4 33 5 17
1 76 2 96 3 4 4 16 5 9
1 66 2 46 3 64 4 3 5 93
1 74 2 29 3 68 4 38 5 86
1 90 2 50 3 11 4 64 5 4
1 51 2 57 3 82 4 47 5 82
1 14 2 79 3 57 4 88 5 79
1 22 2 72 3 58 4 78 5 18
1 48 2 72 3 38 4 71 5 82
1 61 2 73 3 50 4 56 5 95
1 16 2 6 3 7 4 86 5 21
1 27 2 44 3 64 4 32 5 46
1 37 2 39 3 96 4 44 5 70
1 41 2 56 3 44 4 27 5 41
1 66 2 87 3 42 4 7 5 54
1 8 2 54 3 15 4 47 5 73
1 33 2 73 3 35 4 45 5 75
1 83 2 12 3 59 4 95 5 96
1 75 2 62 3 44 4 43 5 30
1 47 2 36 3 65 4 85 5 1
1 71 2 13 3 54 4 2 5 82
1 16 2 15 3 14 4 49 5 68
1 28 2 87 3 85 4 90 5 17
1 54 2 59 3 25 4 23 5 60
1 60 2 68 3 70 4 80 5 4
1 59 2 85 3 73 4 87 5 87
1 89 2 48 3 57 4 59 5 73
1 66 2 95 3 61 4 13 5 79
1 88 2 19 3 18 4 21 5 33
1 11 2 8 3 8 4 83 5 13
1 89 2 63 3 64 4 53 5 28
1 17 2 2 3 77 4 61 5 73
1 69 2 23 3 56 4 78 5 65
1 85 2 99 3 52 4 78 5 8
1 58 2 51 3 43 4 52 5 41
1 67 2 99 3 57 4 47 5 93
1 35 2 32 3 77 4 28 5 75
1 95 2 15 3 18 4 97 5 37
1 53 2 97 3 73 4 60 5 39
1 48 2 9 3 17 4 83 5 10
1 2 2 66 3 50 4 36 5 45
1 86 2 8 3 47 4 52 5 98
1 22 2 55 3 62 4 23 5 82
1 32 2 20 3 38 4 23 5 40
1 55 2 79 3 66 4 97 5 29
