50 10
1 65 2 4 3 10 4 87 5 31 6 52 7 35 8 89 9 28 10 45
1 24 2 68 3 94 4 71 5 70 6 2 7 83 8 85 9 97 10 65
1 64 2 38 3 54 4 26 5 40 6 75 7 59 8 38 9 40 10 89
1 64 2 84 3 47 4 62 5 74 6 38 7 79 8 57 9 8 10 46
1 27 2 28 3 62 4 34 5 18 6 63 7 74 8 26 9 28 10 78
1 55 2 99 3 12 4 40 5 7 6 8 7 14 8 68 9 4 10 63
1 27 2 61 3 65 4 7 5 14 6 16 7 3 8 31 9 56 10 67
1 74 2 59 3 81 4 43 5 57 6 11 7 32 8 21 9 73 10 75
1 46 2 34 3 50 4 47 5 22 6 81 7 42 8 4 9 49 10 24
1 54 2 29 3 87 4 38 5 19 6 65 7 23 8 77 9 71 10 90
1 87 2 72 3 33 4 50 5 77 6 83 7 89 8 90 9 26 10 93
1 8 2 86 3 39 4 13 5 59 6 99 7 98 8 76 9 52 10 43
1 79 2 64 3 4 4 19 5 45 6 80 7 15 8 43 9 37 10 49
1 36 2 33 3 83 4 28 5 46 6 71 7 59 8 15 9 50 10 53
1 51 2 56 3 76 4 48 5 11 6 35 7 88 8 59 9 51 10 13
1 38 2 19 3 37 4 75 5 8 6 63 7 91 8 38 9 92 10 25
1 19 2 42 3 89 4 80 5 11 6 84 7 33 8 42 9 51 10 18
1 56 2 83 3 49 4 14 5 1 6 23 7 72 8 24 9 63 10 15
1 33 2 93 3 5 4 78 5 33 6 91 7 56 8 99 9 29 10 15
1 54 2 46 3 2 4 90 5 96 6 93 7 3 8 53 9 97 10 51
1 38 2 90 3 23 4 59 5 15 6 72 7 63 8 48 9 94 10 12
1 63 2 46 3 60 4 72 5 33 6 50 7 25 8 14 9 20 10 50
1 32 2 87 3 42 4 70 5 92 6 10 7 75 8 57 9 30 10 45
1 91 2 20 3 32 4 9 5 72 6 11 7 5 8 17 9 66 10 17
1 92 2 10 3 93 4 36 5 40 6 74 7 99 8 86 9 29 10 70
1 22 2 63 3 63 4 38 5 53 6 73 7 37 8 68 9 38 10 10
1 74 2 27 3 84 4 65 5 40 6 97 7 82 8 98 9 50 10 23
1 66 2 56 3 30 4 27 5 36 6 19 7 28 8 66 9 70 10 79
1 21 2 26 3 81 4 61 5 19 6 91 7 43 8 34 9 85 10 73
1 82 2 15 3 65 4 42 5 48 6 28 7 25 8 84 9 37 10 88
1 34 2 88 3 4 4 98 5 83 6 76 7 89 8 22 9 23 10 70
1 69 2 30 3 11 4 89 5 79 6 29 7 52 8 68 9 14 10 99
1 4 2 3 3 4 4 33 5 98 6 44 7 34 8 13 9 78 10 15
1 25 2 35 3 16 4 37 5 69 6 82 7 13 8 51 9 48 10 53
1 13 2 46 3 39 4 1 5 72 6 28 7 20 8 90 9 84 10 38
1 99 2 59 3 6 4 45 5 6 6 27 7 31 8 95 9 91 10 94
1 21 2 72 3 65 4 41 5 9 6 56 7 33 8 98 9 11 10 51
1 7 2 94 3 43 4 47 5 77 6 89 7 53 8 34 9 79 10 85
1 4 2 12 3 99 4 80 5 42 6 89 7 85 8 46 9 4 10 58
1 17 2 98 3 71 4 81 5 26 6 80 7 70 8 49 9 24 10 41
1 81 2 51 3 80 4 55 5 52 6 64 7 2 8 59 9 88 10 11
1 68 2 16 3 75 4 94 5 43 6 23 7 5 8 53 9 76 10 60
1 51 2 96 3 50 4 38 5 28 6 8 7 70 8 51 9 77 10 83
1 71 2 41 3 60 4 25 5 38 6 97 7 13 8 5 9 58 10 22
1 17 2 51 3 52 4 15 5 1 6 99 7 62 8 72 9 45 10 90
1 50 2 99 3 94 4 1 5 73 6 58 7 1 8 8 9 41 10 97
1 67 2 1 3 58 4 73 5 62 6 9 7 88 8 6 9 34 10 5
1 59 2 16 3 13 4 80 5 54 6 96 7 48 8 72 9 96 10 91
1 49 2 92 3 3 4 45 5 28 6 37 7 51 8 96 9 88 10 83
1 24 2 58 3 21 4 25 5 12 6 85 7 58 8 48 9 37 10 3
