50 20
1 1 2 96 3 21 4 57 5 7 6 34 7 72 8 12 9 80 10 99 11 28 12 80 13 30 14 15 15 95 16 19 17 12 18 59 19 66 20 51
1 6 2 36 3 74 4 53 5 25 6 68 7 37 8 42 9 68 10 74 11 93 12 39 13 75 14 54 15 10 16 60 17 15 18 75 19 71 20 22
1 10 2 65 3 39 4 99 5 77 6 39 7 50 8 14 9 75 10 28 11 92 12 74 13 20 14 70 15 43 16 6 17 77 18 25 19 68 20 83
1 28 2 13 3 74 4 18 5 71 6 11 7 17 8 27 9 89 10 14 11 13 12 40 13 97 14 70 15 96 16 13 17 66 18 77 19 2 20 41
1 69 2 34 3 10 4 91 5 98 6 60 7 3 8 86 9 55 10 95 11 73 12 65 13 24 14 22 15 5 16 67 17 39 18 58 19 4 20 30
1 95 2 75 3 24 4 3 5 83 6 67 7 88 8 75 9 28 10 65 11 54 12 65 13 34 14 17 15 51 16 98 17 94 18 22 19 57 20 37
1 90 2 38 3 20 4 85 5 49 6 37 7 29 8 84 9 93 10 99 11 44 12 39 13 18 14 40 15 24 16 98 17 61 18 72 19 21 20 76
1 87 2 32 3 8 4 17 5 54 6 43 7 3 8 65 9 33 10 36 11 70 12 18 13 19 14 76 15 7 16 34 17 66 18 72 19 16 20 95
1 80 2 10 3 63 4 14 5 89 6 65 7 43 8 44 9 28 10 39 11 59 12 91 13 70 14 24 15 96 16 1 17 92 18 79 19 57 20 88
1 60 2 70 3 38 4 94 5 94 6 30 7 50 8 17 9 43 10 28 11 33 12 48 13 48 14 81 15 50 16 86 17 23 18 95 19 3 20 80
1 17 2 74 3 87 4 39 5 14 6 28 7 12 8 49 9 88 10 91 11 53 12 40 13 1 14 55 15 39 16 35 17 99 18 17 19 69 20 67
1 13 2 98 3 79 4 20 5 57 6 68 7 17 8 27 9 25 10 36 11 67 12 73 13 34 14 47 15 65 16 79 17 31 18 54 19 56 20 33
1 66 2 30 3 89 4 45 5 44 6 91 7 18 8 67 9 94 10 41 11 78 12 27 13 15 14 55 15 28 16 28 17 26 18 98 19 98 20 77
1 79 2 12 3 96 4 78 5 29 6 28 7 14 8 52 9 27 10 51 11 46 12 98 13 97 14 38 15 78 16 89 17 67 18 91 19 51 20 62
1 79 2 93 3 25 4 61 5 59 6 20 7 92 8 1 9 35 10 97 11 79 12 37 13 72 14 76 15 89 16 7 17 79 18 85 19 40 20 24
1 6 2 73 3 64 4 30 5 30 6 99 7 61 8 26 9 38 10 46 11 76 12 65 13 51 14 39 15 23 16 71 17 63 18 94 19 62 20 87
1 43 2 45 3 46 4 9 5 10 6 42 7 43 8 46 9 7 10 15 11 32 12 80 13 4 14 73 15 42 16 98 17 24 18 25 19 13 20 38
1 3 2 69 3 38 4 61 5 8 6 54 7 90 8 3 9 5 10 25 11 31 12 38 13 36 14 35 15 52 16 13 17 78 18 31 19 8 20 62
1 36 2 98 3 7 4 3 5 5 6 82 7 41 8 2 9 63 10 56 11 85 12 85 13 25 14 98 15 58 16 16 17 99 18 61 19 21 20 26
1 67 2 96 3 70 4 89 5 5 6 45 7 38 8 79 9 73 10 99 11 33 12 1 13 84 14 79 15 44 16 39 17 16 18 50 19 39 20 55
1 24 2 83 3 59 4 58 5 60 6 15 7 15 8 27 9 47 10 25 11 43 12 11 13 20 14 36 15 3 16 42 17 51 18 11 19 86 20 55
1 20 2 3 3 64 4 19 5 49 6 70 7 28 8 53 9 96 10 52 11 44 12 24 13 40 14 66 15 2 16 89 17 70 18 69 19 3 20 77
1 96 2 40 3 66 4 75 5 81 6 52 7 78 8 86 9 44 10 85 11 79 12 28 13 43 14 20 15 16 16 9 17 80 18 36 19 14 20 86
1 70 2 87 3 77 4 44 5 52 6 86 7 12 8 49 9 68 10 56 11 59 12 87 13 82 14 5 15 23 16 6 17 15 18 42 19 63 20 66
1 59 2 98 3 67 4 73 5 94 6 27 7 56 8 96 9 81 10 92 11 68 12 92 13 77 14 94 15 93 16 28 17 75 18 74 19 34 20 80
1 3 2 65 3 73 4 81 5 38 6 71 7 3 8 40 9 6 10 98 11 4 12 23 13 23 14 2 15 66 16 67 17 8 18 76 19 58 20 82
1 63 2 18 3 17 4 5 5 75 6 52 7 95 8 55 9 62 10 84 11 5 12 33 13 72 14 52 15 8 16 74 17 70 18 5 19 38 20 7
1 86 2 41 3 99 4 98 5 2 6 51 7 13 8 96 9 78 10 49 11 59 12 42 13 18 14 51 15 95 16 82 17 96 18 45 19 25 20 80
1 42 2 66 3 41 4 1 5 14 6 66 7 89 8 35 9 2 10 63 11 80 12 34 13 45 14 42 15 81 16 27 17 15 18 42 19 80 20 11
1 4 2 84 3 25 4 45 5 42 6 61 7 4 8 34 9 54 10 46 11 80 12 1 13 94 14 8 15 56 16 52 17 13 18 39 19 62 20 84
1 53 2 7 3 27 4 44 5 36 6 21 7 53 8 38 9 37 10 90 11 34 12 1 13 83 14 64 15 69 16 30 17 18 18 74 19 9 20 70
1 41 2 5 3 70 4 5 5 4 6 65 7 53 8 17 9 6 10 98 11 84 12 39 13 3 14 9 15 50 16 58 17 87 18 54 19 41 20 87
1 9 2 49 3 93 4 70 5 4 6 13 7 60 8 41 9 48 10 75 11 86 12 28 13 67 14 29 15 53 16 24 17 95 18 66 19 32 20 66
1 61 2 18 3 99 4 48 5 31 6 66 7 15 8 93 9 64 10 77 11 67 12 74 13 90 14 44 15 51 16 17 17 50 18 80 19 44 20 63
1 19 2 24 3 24 4 35 5 79 6 62 7 11 8 59 9 14 10 89 11 16 12 96 13 72 14 95 15 92 16 34 17 64 18 83 19 66 20 6
1 71 2 54 3 48 4 16 5 22 6 14 7 39 8 99 9 68 10 32 11 20 12 7 13 26 14 2 15 58 16 92 17 86 18 45 19 19 20 90
1 54 2 51 3 88 4 72 5 44 6 85 7 20 8 5 9 10 10 98 11 44 12 6 13 44 14 12 15 55 16 14 17 66 18 28 19 80 20 64
1 13 2 73 3 44 4 11 5 89 6 78 7 6 8 10 9 44 10 28 11 77 12 33 13 22 14 77 15 90 16 23 17 10 18 44 19 1 20 53
1 58 2 40 3 48 4 94 5 20 6 34 7 16 8 99 9 27 10 80 11 24 12 19 13 34 14 6 15 65 16 11 17 14 18 97 19 14 20 77
1 58 2 86 3 72 4 20 5 22 6 2 7 28 8 16 9 54 10 19 11 77 12 7 13 27 14 19 15 80 16 80 17 40 18 49 19 46 20 85
1 55 2 56 3 21 4 77 5 83 6 43 7 11 8 64 9 59 10 37 11 96 12 27 13 9 14 63 15 82 16 31 17 27 18 67 19 82 20 65
1 74 2 41 3 10 4 36 5 69 6 1 7 21 8 72 9 37 10 54 11 88 12 65 13 97 14 71 15 13 16 90 17 88 18 39 19 46 20 89
1 99 2 82 3 14 4 14 5 63 6 67 7 16 8 46 9 28 10 91 11 69 12 34 13 9 14 7 15 43 16 62 17 29 18 70 19 28 20 62
1 34 2 67 3 16 4 83 5 64 6 32 7 43 8 67 9 37 10 79 11 31 12 41 13 3 14 11 15 71 16 21 17 26 18 98 19 39 20 73
1 59 2 33 3 71 4 49 5 22 6 6 7 68 8 14 9 36 10 17 11 30 12 83 13 94 14 53 15 30 16 74 17 24 18 47 19 76 20 28
1 20 2 35 3 25 4 81 5 19 6 4 7 42 8 58 9 18 10 19 11 73 12 14 13 44 14 13 15 11 16 55 17 91 18 51 19 42 20 47
1 94 2 43 3 68 4 77 5 42 6 75 7 17 8 85 9 54 10 83 11 30 12 52 13 89 14 54 15 74 16 86 17 27 18 22 19 24 20 11
1 12 2 8 3 15 4 21 5 75 6 84 7 29 8 15 9 26 10 83 11 38 12 32 13 13 14 10 15 23 16 28 17 42 18 68 19 78 20 39
1 76 2 4 3 45 4 25 5 23 6 77 7 3 8 20 9 49 10 35 11 29 12 59 13 14 14 94 15 11 16 17 17 80 18 70 19 20 20 25
1 12 2 78 3 58 4 13 5 22 6 53 7 92 8 7 9 62 10 94 11 8 12 81 13 5 14 24 15 98 16 85 17 75 18 57 19 37 20 96
