50 20
1 82 2 3 3 55 4 23 5 36 6 62 7 51 8 80 9 13 10 86 11 56 12 69 13 42 14 86 15 6 16 58 17 61 18 5 19 9 20 27
1 6 2 37 3 41 4 11 5 47 6 99 7 28 8 53 9 75 10 81 11 11 12 22 13 42 14 36 15 7 16 71 17 96 18 85 19 20 20 17
1 71 2 23 3 80 4 52 5 89 6 84 7 80 8 3 9 30 10 36 11 70 12 41 13 97 14 12 15 22 16 53 17 81 18 56 19 88 20 86
1 38 2 26 3 46 4 59 5 51 6 82 7 59 8 90 9 15 10 16 11 83 12 82 13 77 14 88 15 63 16 52 17 67 18 14 19 86 20 68
1 3 2 62 3 4 4 57 5 11 6 96 7 72 8 71 9 82 10 10 11 3 12 54 13 22 14 71 15 7 16 66 17 5 18 14 19 15 20 82
1 18 2 12 3 86 4 18 5 84 6 67 7 81 8 92 9 61 10 69 11 31 12 76 13 12 14 3 15 97 16 18 17 87 18 96 19 5 20 11
1 98 2 37 3 7 4 15 5 68 6 97 7 85 8 10 9 97 10 85 11 17 12 63 13 30 14 77 15 72 16 22 17 73 18 87 19 68 20 2
1 99 2 2 3 20 4 47 5 10 6 14 7 50 8 53 9 27 10 78 11 48 12 9 13 30 14 28 15 54 16 8 17 30 18 95 19 65 20 82
1 21 2 76 3 84 4 69 5 21 6 51 7 70 8 7 9 93 10 7 11 34 12 85 13 48 14 8 15 12 16 34 17 73 18 85 19 24 20 64
1 26 2 94 3 30 4 45 5 33 6 4 7 37 8 86 9 57 10 19 11 87 12 81 13 32 14 53 15 98 16 44 17 1 18 31 19 36 20 61
1 49 2 73 3 71 4 34 5 98 6 80 7 5 8 30 9 32 10 70 11 49 12 35 13 11 14 52 15 87 16 58 17 71 18 85 19 12 20 56
1 82 2 11 3 5 4 99 5 32 6 17 7 75 8 23 9 44 10 29 11 98 12 1 13 82 14 64 15 38 16 24 17 3 18 61 19 60 20 12
1 33 2 42 3 15 4 10 5 68 6 68 7 34 8 2 9 81 10 45 11 50 12 37 13 12 14 56 15 21 16 15 17 16 18 45 19 24 20 24
1 35 2 50 3 86 4 88 5 82 6 37 7 7 8 48 9 68 10 65 11 19 12 91 13 11 14 20 15 25 16 23 17 64 18 7 19 80 20 13
1 72 2 29 3 58 4 55 5 90 6 44 7 59 8 56 9 5 10 24 11 74 12 63 13 75 14 25 15 42 16 41 17 11 18 35 19 79 20 42
1 85 2 35 3 70 4 6 5 84 6 40 7 26 8 52 9 85 10 36 11 97 12 39 13 39 14 42 15 12 16 22 17 9 18 63 19 68 20 84
1 54 2 9 3 1 4 13 5 25 6 5 7 51 8 15 9 94 10 19 11 33 12 15 13 95 14 10 15 55 16 22 17 10 18 60 19 79 20 75
1 87 2 95 3 45 4 79 5 20 6 44 7 52 8 86 9 88 10 62 11 96 12 31 13 50 14 14 15 5 16 86 17 23 18 22 19 77 20 52
1 2 2 86 3 64 4 92 5 86 6 45 7 5 8 28 9 79 10 97 11 89 12 63 13 46 14 40 15 20 16 2 17 61 18 61 19 71 20 45
1 62 2 36 3 96 4 69 5 25 6 89 7 3 8 12 9 37 10 61 11 30 12 48 13 41 14 70 15 18 16 43 17 95 18 25 19 12 20 13
1 95 2 95 3 6 4 43 5 77 6 81 7 38 8 76 9 85 10 88 11 27 12 86 13 82 14 22 15 6 16 88 17 40 18 83 19 27 20 58
1 1 2 44 3 3 4 74 5 6 6 13 7 41 8 10 9 66 10 64 11 32 12 50 13 45 14 40 15 82 16 75 17 97 18 18 19 45 20 39
1 44 2 55 3 71 4 49 5 35 6 13 7 45 8 26 9 13 10 97 11 15 12 95 13 85 14 57 15 30 16 49 17 64 18 94 19 80 20 2
1 37 2 95 3 26 4 93 5 38 6 3 7 72 8 69 9 59 10 26 11 28 12 97 13 62 14 71 15 26 16 95 17 73 18 21 19 56 20 36
1 74 2 62 3 6 4 67 5 89 6 18 7 30 8 81 9 75 10 24 11 17 12 87 13 35 14 61 15 43 16 83 17 29 18 90 19 58 20 32
1 11 2 89 3 88 4 3 5 7 6 93 7 88 8 23 9 92 10 26 11 50 12 68 13 29 14 92 15 44 16 56 17 38 18 59 19 43 20 33
1 49 2 62 3 24 4 83 5 35 6 98 7 8 8 82 9 16 10 79 11 2 12 38 13 50 14 97 15 26 16 2 17 20 18 69 19 42 20 52
1 83 2 51 3 23 4 61 5 74 6 31 7 91 8 77 9 54 10 29 11 24 12 71 13 51 14 44 15 43 16 76 17 19 18 89 19 46 20 96
1 42 2 14 3 88 4 21 5 33 6 60 7 69 8 99 9 93 10 62 11 3 12 12 13 2 14 55 15 55 16 50 17 13 18 89 19 18 20 78
1 5 2 70 3 32 4 67 5 21 6 4 7 62 8 35 9 60 10 42 11 68 12 18 13 39 14 82 15 28 16 54 17 8 18 6 19 1 20 54
1 94 2 80 3 61 4 79 5 5 6 71 7 4 8 45 9 29 10 34 11 59 12 81 13 24 14 79 15 8 16 59 17 80 18 76 19 3 20 33
1 86 2 49 3 8 4 29 5 26 6 17 7 34 8 31 9 18 10 48 11 4 12 78 13 90 14 48 15 21 16 74 17 30 18 96 19 79 20 97
1 37 2 1 3 46 4 68 5 67 6 27 7 74 8 58 9 65 10 29 11 27 12 3 13 92 14 58 15 58 16 12 17 45 18 74 19 5 20 59
1 23 2 13 3 89 4 48 5 98 6 20 7 82 8 28 9 21 10 37 11 72 12 74 13 19 14 21 15 32 16 5 17 32 18 55 19 92 20 49
1 6 2 66 3 85 4 26 5 61 6 82 7 52 8 32 9 85 10 98 11 64 12 20 13 78 14 21 15 63 16 33 17 96 18 74 19 22 20 60
1 12 2 73 3 37 4 55 5 12 6 37 7 69 8 89 9 17 10 54 11 22 12 39 13 70 14 29 15 93 16 51 17 41 18 89 19 26 20 31
1 61 2 99 3 50 4 73 5 46 6 57 7 33 8 22 9 37 10 46 11 81 12 86 13 14 14 11 15 18 16 21 17 3 18 45 19 71 20 5
1 37 2 79 3 1 4 36 5 65 6 22 7 77 8 48 9 58 10 71 11 95 12 62 13 37 14 47 15 1 16 36 17 1 18 98 19 16 20 75
1 17 2 89 3 19 4 69 5 38 6 6 7 11 8 85 9 68 10 21 11 90 12 90 13 21 14 92 15 57 16 8 17 59 18 49 19 37 20 48
1 26 2 97 3 14 4 82 5 42 6 92 7 66 8 80 9 41 10 69 11 32 12 64 13 64 14 52 15 25 16 53 17 33 18 49 19 80 20 82
1 6 2 53 3 68 4 81 5 33 6 54 7 64 8 12 9 24 10 87 11 30 12 97 13 3 14 41 15 40 16 63 17 52 18 48 19 97 20 71
1 40 2 43 3 78 4 6 5 18 6 27 7 60 8 26 9 41 10 50 11 27 12 11 13 78 14 51 15 56 16 25 17 30 18 2 19 56 20 24
1 95 2 33 3 12 4 65 5 72 6 70 7 10 8 69 9 21 10 7 11 67 12 77 13 19 14 83 15 43 16 85 17 57 18 89 19 41 20 21
1 31 2 52 3 6 4 99 5 45 6 79 7 48 8 44 9 20 10 88 11 70 12 65 13 59 14 73 15 84 16 50 17 56 18 45 19 31 20 82
1 85 2 32 3 28 4 73 5 41 6 51 7 36 8 68 9 23 10 78 11 98 12 34 13 77 14 64 15 55 16 39 17 26 18 83 19 28 20 65
1 88 2 15 3 30 4 64 5 25 6 5 7 81 8 38 9 8 10 99 11 15 12 12 13 72 14 97 15 27 16 22 17 48 18 56 19 89 20 88
1 66 2 89 3 75 4 47 5 14 6 47 7 97 8 58 9 25 10 11 11 81 12 53 13 74 14 9 15 25 16 28 17 16 18 66 19 81 20 95
1 22 2 99 3 62 4 58 5 80 6 18 7 27 8 14 9 41 10 42 11 9 12 99 13 81 14 80 15 95 16 51 17 9 18 56 19 96 20 7
1 2 2 31 3 27 4 8 5 18 6 80 7 69 8 86 9 35 10 2 11 44 12 6 13 72 14 23 15 78 16 96 17 99 18 95 19 50 20 14
1 35 2 4 3 77 4 64 5 5 6 98 7 49 8 98 9 64 10 79 11 65 12 5 13 37 14 26 15 90 16 27 17 69 18 55 19 84 20 90
