100 5
1 26 2 23 3 92 4 67 5 41
1 58 2 3 3 3 4 37 5 69
1 91 2 20 3 40 4 14 5 31
1 36 2 51 3 87 4 47 5 74
1 49 2 21 3 47 4 39 5 80
1 2 2 7 3 98 4 23 5 17
1 26 2 19 3 94 4 33 5 18
1 94 2 68 3 68 4 18 5 16
1 94 2 24 3 67 4 14 5 39
1 29 2 73 3 64 4 9 5 82
1 36 2 44 3 33 4 65 5 10
1 1 2 26 3 53 4 65 5 22
1 64 2 74 3 76 4 13 5 68
1 93 2 15 3 74 4 32 5 74
1 50 2 25 3 30 4 9 5 41
1 35 2 19 3 89 4 42 5 2
1 59 2 27 3 7 4 53 5 43
1 40 2 53 3 67 4 98 5 33
1 16 2 5 3 53 4 39 5 60
1 52 2 28 3 20 4 84 5 93
1 51 2 52 3 40 4 67 5 87
1 4 2 78 3 50 4 87 5 81
1 29 2 25 3 64 4 79 5 73
1 91 2 5 3 32 4 78 5 14
1 12 2 74 3 21 4 79 5 30
1 3 2 73 3 90 4 4 5 1
1 60 2 37 3 86 4 96 5 85
1 54 2 75 3 77 4 88 5 73
1 1 2 1 3 7 4 27 5 86
1 65 2 11 3 36 4 38 5 99
1 17 2 23 3 44 4 32 5 84
1 12 2 60 3 74 4 16 5 90
1 68 2 44 3 99 4 95 5 65
1 63 2 78 3 61 4 67 5 10
1 91 2 81 3 38 4 35 5 65
1 14 2 80 3 42 4 58 5 52
1 95 2 30 3 45 4 6 5 31
1 11 2 5 3 47 4 35 5 56
1 4 2 85 3 40 4 99 5 61
1 9 2 9 3 13 4 15 5 67
1 23 2 10 3 85 4 83 5 27
1 42 2 87 3 84 4 1 5 45
1 65 2 2 3 86 4 26 5 14
1 43 2 58 3 40 4 43 5 82
1 25 2 21 3 66 4 93 5 32
1 63 2 65 3 77 4 40 5 78
1 76 2 65 3 74 4 59 5 48
1 7 2 89 3 82 4 89 5 44
1 70 2 7 3 92 4 87 5 44
1 34 2 25 3 49 4 68 5 21
1 86 2 61 3 4 4 32 5 9
1 64 2 47 3 28 4 55 5 47
1 54 2 8 3 89 4 8 5 36
1 88 2 14 3 2 4 17 5 51
1 25 2 39 3 73 4 45 5 70
1 50 2 87 3 95 4 7 5 21
1 57 2 46 3 5 4 98 5 62
1 39 2 30 3 35 4 87 5 7
1 49 2 60 3 72 4 86 5 4
1 54 2 24 3 31 4 86 5 9
1 59 2 60 3 61 4 68 5 72
1 12 2 46 3 27 4 45 5 60
1 31 2 99 3 34 4 25 5 43
1 96 2 58 3 40 4 63 5 62
1 17 2 74 3 99 4 16 5 13
1 64 2 47 3 47 4 36 5 39
1 57 2 82 3 22 4 17 5 17
1 9 2 11 3 96 4 14 5 2
1 25 2 8 3 68 4 89 5 10
1 18 2 64 3 79 4 71 5 16
1 95 2 24 3 30 4 59 5 93
1 8 2 97 3 98 4 45 5 82
1 81 2 75 3 31 4 59 5 25
1 23 2 71 3 64 4 88 5 21
1 78 2 67 3 8 4 37 5 24
1 96 2 26 3 62 4 88 5 68
1 63 2 41 3 82 4 86 5 9
1 40 2 12 3 93 4 13 5 37
1 70 2 95 3 76 4 30 5 1
1 60 2 89 3 48 4 39 5 8
1 22 2 34 3 10 4 54 5 6
1 8 2 29 3 6 4 60 5 97
1 97 2 82 3 59 4 39 5 4
1 16 2 46 3 84 4 27 5 60
1 86 2 9 3 91 4 75 5 26
1 37 2 17 3 21 4 41 5 31
1 47 2 49 3 20 4 47 5 32
1 4 2 77 3 44 4 90 5 1
1 3 2 34 3 35 4 69 5 46
1 85 2 85 3 51 4 62 5 98
1 72 2 62 3 18 4 97 5 36
1 31 2 94 3 68 4 79 5 85
1 14 2 91 3 73 4 26 5 53
1 1 2 43 3 85 4 77 5 79
1 78 2 26 3 75 4 52 5 25
1 21 2 95 3 23 4 80 5 77
1 84 2 4 3 76 4 30 5 91
1 41 2 51 3 68 4 67 5 8
1 66 2 53 3 60 4 76 5 13
1 90 2 5 3 1 4 47 5 78
