100 5
1 7 2 41 3 6 4 14 5 62
1 1 2 40 3 16 4 76 5 75
1 80 2 73 3 73 4 38 5 66
1 64 2 5 3 47 4 26 5 54
1 48 2 54 3 76 4 1 5 57
1 89 2 39 3 20 4 16 5 40
1 5 2 94 3 53 4 12 5 64
1 83 2 22 3 78 4 20 5 93
1 89 2 41 3 77 4 81 5 57
1 95 2 12 3 83 4 31 5 19
1 66 2 73 3 79 4 21 5 91
1 48 2 17 3 76 4 59 5 79
1 12 2 88 3 91 4 60 5 8
1 95 2 59 3 41 4 56 5 20
1 70 2 16 3 4 4 13 5 40
1 64 2 88 3 92 4 95 5 14
1 16 2 2 3 21 4 97 5 59
1 87 2 70 3 11 4 98 5 75
1 28 2 51 3 27 4 58 5 19
1 64 2 5 3 82 4 12 5 55
1 62 2 67 3 30 4 5 5 26
1 57 2 28 3 5 4 41 5 81
1 44 2 93 3 45 4 20 5 50
1 55 2 87 3 90 4 36 5 15
1 14 2 24 3 42 4 53 5 92
1 39 2 55 3 77 4 40 5 66
1 42 2 19 3 54 4 79 5 64
1 66 2 71 3 89 4 72 5 13
1 67 2 72 3 46 4 69 5 82
1 94 2 26 3 50 4 11 5 58
1 11 2 89 3 23 4 29 5 53
1 42 2 37 3 96 4 58 5 41
1 6 2 49 3 34 4 86 5 77
1 92 2 98 3 65 4 1 5 18
1 70 2 27 3 46 4 95 5 70
1 12 2 41 3 4 4 44 5 32
1 70 2 27 3 22 4 57 5 31
1 20 2 86 3 30 4 27 5 47
1 90 2 47 3 41 4 47 5 29
1 12 2 14 3 1 4 42 5 67
1 29 2 39 3 31 4 3 5 50
1 37 2 85 3 70 4 22 5 35
1 59 2 61 3 65 4 88 5 28
1 35 2 69 3 22 4 89 5 21
1 25 2 66 3 88 4 90 5 55
1 65 2 58 3 55 4 2 5 92
1 72 2 22 3 6 4 26 5 65
1 36 2 14 3 97 4 75 5 13
1 81 2 27 3 85 4 16 5 12
1 29 2 21 3 63 4 23 5 74
1 25 2 92 3 73 4 5 5 73
1 1 2 36 3 7 4 11 5 95
1 24 2 59 3 71 4 71 5 69
1 67 2 28 3 55 4 66 5 48
1 46 2 39 3 6 4 20 5 72
1 70 2 61 3 83 4 79 5 82
1 62 2 91 3 8 4 88 5 25
1 9 2 34 3 20 4 93 5 7
1 13 2 11 3 57 4 27 5 7
1 44 2 99 3 51 4 88 5 17
1 10 2 54 3 89 4 9 5 52
1 47 2 5 3 39 4 31 5 93
1 56 2 44 3 60 4 79 5 91
1 17 2 23 3 76 4 46 5 30
1 43 2 54 3 44 4 84 5 56
1 9 2 25 3 56 4 15 5 27
1 98 2 81 3 99 4 77 5 72
1 5 2 21 3 8 4 11 5 73
1 34 2 17 3 80 4 1 5 42
1 3 2 59 3 32 4 49 5 12
1 26 2 61 3 15 4 20 5 24
1 77 2 40 3 75 4 83 5 50
1 82 2 91 3 78 4 88 5 16
1 60 2 23 3 18 4 29 5 45
1 26 2 66 3 73 4 90 5 91
1 68 2 15 3 26 4 11 5 22
1 62 2 96 3 52 4 72 5 17
1 48 2 49 3 99 4 80 5 30
1 6 2 33 3 89 4 12 5 80
1 94 2 52 3 41 4 49 5 93
1 30 2 10 3 54 4 3 5 63
1 63 2 90 3 60 4 88 5 36
1 92 2 1 3 90 4 23 5 49
1 96 2 95 3 46 4 23 5 91
1 50 2 82 3 13 4 77 5 51
1 4 2 32 3 90 4 4 5 73
1 21 2 10 3 58 4 54 5 76
1 12 2 89 3 23 4 7 5 89
1 97 2 70 3 67 4 81 5 91
1 51 2 47 3 73 4 76 5 74
1 13 2 11 3 5 4 28 5 56
1 37 2 3 3 15 4 95 5 94
1 25 2 56 3 79 4 5 5 33
1 45 2 42 3 74 4 9 5 31
1 42 2 45 3 72 4 87 5 37
1 19 2 10 3 25 4 38 5 59
1 58 2 96 3 36 4 86 5 93
1 38 2 47 3 73 4 18 5 10
1 71 2 30 3 99 4 82 5 11
1 45 2 79 3 67 4 35 5 23
