100 5
1 37 2 45 3 97 4 90 5 54
1 69 2 12 3 29 4 47 5 21
1 60 2 45 3 5 4 6 5 41
1 38 2 35 3 69 4 74 5 83
1 31 2 39 3 17 4 29 5 17
1 50 2 58 3 8 4 56 5 27
1 88 2 7 3 89 4 98 5 69
1 73 2 22 3 82 4 85 5 48
1 18 2 6 3 3 4 19 5 12
1 57 2 34 3 83 4 71 5 94
1 30 2 54 3 39 4 32 5 11
1 64 2 39 3 45 4 39 5 41
1 8 2 34 3 53 4 84 5 56
1 48 2 63 3 29 4 79 5 22
1 67 2 89 3 81 4 25 5 32
1 70 2 15 3 45 4 38 5 58
1 35 2 50 3 56 4 41 5 81
1 40 2 94 3 51 4 33 5 13
1 70 2 26 3 34 4 11 5 29
1 87 2 1 3 43 4 12 5 52
1 54 2 85 3 52 4 79 5 78
1 16 2 92 3 82 4 28 5 2
1 48 2 34 3 48 4 20 5 81
1 44 2 12 3 40 4 15 5 86
1 61 2 59 3 21 4 71 5 22
1 35 2 81 3 41 4 53 5 18
1 12 2 24 3 16 4 52 5 93
1 44 2 86 3 9 4 83 5 37
1 42 2 46 3 13 4 28 5 95
1 23 2 67 3 59 4 75 5 90
1 66 2 88 3 68 4 50 5 30
1 70 2 18 3 53 4 1 5 34
1 82 2 41 3 84 4 64 5 66
1 97 2 71 3 17 4 37 5 29
1 24 2 97 3 6 4 83 5 40
1 36 2 67 3 53 4 68 5 20
1 36 2 30 3 95 4 92 5 57
1 75 2 92 3 94 4 28 5 65
1 9 2 23 3 30 4 63 5 86
1 30 2 61 3 28 4 92 5 10
1 28 2 1 3 75 4 36 5 27
1 19 2 62 3 76 4 78 5 70
1 24 2 12 3 23 4 44 5 84
1 50 2 96 3 15 4 60 5 41
1 64 2 54 3 28 4 94 5 73
1 64 2 64 3 63 4 67 5 12
1 51 2 56 3 78 4 34 5 43
1 71 2 61 3 4 4 17 5 36
1 38 2 60 3 79 4 66 5 28
1 84 2 95 3 43 4 23 5 51
1 30 2 60 3 31 4 34 5 1
1 46 2 84 3 22 4 57 5 16
1 39 2 49 3 71 4 41 5 3
1 72 2 24 3 26 4 80 5 72
1 61 2 66 3 72 4 65 5 93
1 74 2 21 3 82 4 87 5 76
1 80 2 31 3 20 4 90 5 68
1 31 2 31 3 11 4 22 5 66
1 69 2 61 3 94 4 1 5 23
1 48 2 45 3 92 4 40 5 69
1 11 2 5 3 37 4 55 5 55
1 83 2 62 3 58 4 75 5 57
1 27 2 29 3 55 4 71 5 41
1 11 2 14 3 78 4 79 5 69
1 88 2 54 3 78 4 10 5 27
1 43 2 76 3 9 4 70 5 98
1 9 2 83 3 66 4 32 5 25
1 7 2 60 3 5 4 15 5 28
1 27 2 23 3 31 4 96 5 74
1 60 2 19 3 38 4 37 5 56
1 37 2 61 3 75 4 72 5 8
1 54 2 27 3 52 4 84 5 37
1 50 2 63 3 64 4 31 5 45
1 88 2 22 3 16 4 61 5 82
1 47 2 63 3 99 4 53 5 31
1 41 2 88 3 37 4 23 5 59
1 84 2 3 3 77 4 90 5 10
1 16 2 57 3 25 4 49 5 13
1 50 2 97 3 59 4 59 5 70
1 15 2 26 3 68 4 79 5 49
1 65 2 64 3 94 4 90 5 33
1 41 2 24 3 24 4 10 5 47
1 21 2 83 3 14 4 81 5 86
1 82 2 7 3 36 4 33 5 62
1 2 2 48 3 12 4 88 5 82
1 28 2 34 3 3 4 99 5 70
1 60 2 50 3 35 4 38 5 83
1 22 2 69 3 44 4 9 5 89
1 47 2 14 3 24 4 14 5 33
1 70 2 99 3 15 4 96 5 23
1 27 2 15 3 37 4 99 5 8
1 41 2 41 3 43 4 66 5 16
1 37 2 97 3 86 4 16 5 46
1 34 2 85 3 59 4 29 5 29
1 30 2 51 3 49 4 72 5 69
1 51 2 11 3 98 4 63 5 80
1 81 2 86 3 55 4 74 5 43
1 93 2 98 3 24 4 62 5 50
1 68 2 65 3 69 4 17 5 49
1 29 2 70 3 46 4 53 5 66
