100 5
1 73 2 84 3 57 4 52 5 66
1 67 2 33 3 62 4 65 5 7
1 6 2 31 3 42 4 82 5 48
1 45 2 79 3 86 4 10 5 47
1 67 2 86 3 64 4 38 5 13
1 69 2 4 3 21 4 25 5 74
1 11 2 85 3 50 4 21 5 93
1 98 2 91 3 26 4 4 5 28
1 61 2 8 3 55 4 68 5 30
1 26 2 81 3 95 4 49 5 6
1 82 2 71 3 61 4 84 5 29
1 44 2 83 3 12 4 54 5 19
1 52 2 59 3 74 4 42 5 60
1 43 2 80 3 34 4 74 5 46
1 40 2 27 3 79 4 1 5 98
1 44 2 8 3 55 4 55 5 27
1 69 2 79 3 97 4 39 5 54
1 75 2 88 3 87 4 97 5 4
1 79 2 59 3 7 4 89 5 61
1 42 2 79 3 85 4 66 5 99
1 34 2 46 3 97 4 88 5 52
1 49 2 88 3 15 4 55 5 6
1 77 2 49 3 46 4 14 5 35
1 40 2 1 3 70 4 46 5 28
1 73 2 24 3 44 4 55 5 94
1 52 2 40 3 76 4 92 5 22
1 46 2 19 3 18 4 50 5 31
1 41 2 51 3 73 4 22 5 21
1 79 2 93 3 98 4 89 5 44
1 64 2 93 3 66 4 14 5 10
1 36 2 36 3 69 4 79 5 90
1 51 2 81 3 16 4 28 5 26
1 97 2 33 3 77 4 68 5 28
1 46 2 16 3 96 4 59 5 56
1 4 2 52 3 89 4 84 5 42
1 37 2 90 3 51 4 84 5 16
1 39 2 16 3 37 4 19 5 15
1 68 2 7 3 58 4 47 5 27
1 82 2 72 3 1 4 7 5 22
1 40 2 59 3 16 4 7 5 72
1 8 2 37 3 38 4 30 5 20
1 68 2 4 3 78 4 41 5 2
1 62 2 38 3 95 4 82 5 96
1 56 2 61 3 34 4 1 5 9
1 57 2 80 3 58 4 7 5 56
1 31 2 92 3 84 4 25 5 20
1 65 2 36 3 67 4 96 5 35
1 59 2 76 3 66 4 83 5 37
1 33 2 2 3 95 4 20 5 84
1 43 2 4 3 44 4 74 5 92
1 55 2 98 3 8 4 30 5 18
1 28 2 54 3 68 4 42 5 28
1 12 2 57 3 81 4 19 5 16
1 88 2 75 3 11 4 57 5 99
1 4 2 51 3 26 4 6 5 16
1 71 2 52 3 96 4 89 5 79
1 91 2 57 3 2 4 33 5 42
1 1 2 40 3 76 4 85 5 99
1 65 2 98 3 78 4 61 5 83
1 30 2 14 3 62 4 41 5 91
1 62 2 86 3 46 4 3 5 22
1 33 2 90 3 94 4 98 5 9
1 84 2 69 3 26 4 22 5 49
1 90 2 81 3 12 4 54 5 53
1 18 2 56 3 43 4 50 5 82
1 18 2 89 3 49 4 20 5 76
1 90 2 64 3 89 4 16 5 3
1 12 2 45 3 67 4 97 5 80
1 97 2 92 3 56 4 50 5 95
1 25 2 52 3 21 4 47 5 4
1 67 2 62 3 63 4 25 5 3
1 55 2 87 3 84 4 28 5 73
1 8 2 38 3 80 4 53 5 70
1 9 2 87 3 33 4 11 5 65
1 92 2 34 3 64 4 96 5 67
1 54 2 26 3 32 4 10 5 91
1 90 2 31 3 7 4 6 5 77
1 91 2 42 3 5 4 46 5 54
1 56 2 1 3 24 4 62 5 47
1 63 2 39 3 63 4 95 5 45
1 10 2 60 3 34 4 96 5 79
1 62 2 6 3 15 4 94 5 39
1 85 2 17 3 55 4 59 5 48
1 11 2 63 3 98 4 33 5 49
1 41 2 82 3 12 4 61 5 94
1 80 2 84 3 18 4 68 5 6
1 98 2 47 3 6 4 55 5 73
1 70 2 56 3 46 4 50 5 90
1 89 2 88 3 50 4 99 5 41
1 36 2 16 3 84 4 98 5 44
1 42 2 43 3 62 4 49 5 22
1 16 2 14 3 55 4 45 5 20
1 35 2 89 3 7 4 64 5 36
1 5 2 63 3 8 4 76 5 95
1 40 2 51 3 98 4 77 5 92
1 35 2 3 3 56 4 1 5 17
1 70 2 45 3 87 4 37 5 70
1 84 2 69 3 7 4 5 5 97
1 47 2 12 3 54 4 84 5 49
1 89 2 86 3 37 4 52 5 85
