100 5
1 94 2 17 3 1 4 97 5 91
1 9 2 75 3 38 4 34 5 17
1 7 2 62 3 16 4 61 5 31
1 58 2 14 3 29 4 29 5 31
1 52 2 36 3 85 4 68 5 63
1 21 2 15 3 50 4 55 5 73
1 87 2 90 3 41 4 80 5 5
1 18 2 68 3 94 4 51 5 29
1 12 2 69 3 54 4 99 5 1
1 82 2 99 3 87 4 61 5 24
1 54 2 7 3 77 4 78 5 86
1 83 2 65 3 77 4 98 5 33
1 92 2 15 3 59 4 22 5 79
1 44 2 99 3 19 4 32 5 81
1 57 2 53 3 48 4 97 5 3
1 70 2 21 3 51 4 14 5 41
1 91 2 75 3 35 4 54 5 9
1 25 2 27 3 97 4 20 5 20
1 23 2 46 3 76 4 34 5 86
1 30 2 99 3 9 4 91 5 81
1 65 2 67 3 55 4 35 5 19
1 18 2 35 3 39 4 89 5 57
1 79 2 5 3 33 4 46 5 47
1 46 2 99 3 39 4 7 5 15
1 56 2 32 3 62 4 50 5 99
1 89 2 30 3 24 4 23 5 44
1 83 2 13 3 83 4 73 5 34
1 89 2 18 3 32 4 90 5 73
1 28 2 18 3 81 4 31 5 2
1 3 2 78 3 99 4 71 5 8
1 88 2 76 3 33 4 66 5 3
1 31 2 8 3 63 4 53 5 89
1 63 2 49 3 60 4 53 5 70
1 9 2 16 3 79 4 93 5 69
1 4 2 95 3 87 4 49 5 79
1 14 2 4 3 20 4 10 5 28
1 4 2 91 3 63 4 66 5 25
1 12 2 36 3 94 4 19 5 49
1 19 2 18 3 18 4 53 5 49
1 29 2 42 3 59 4 48 5 3
1 51 2 20 3 55 4 55 5 15
1 46 2 15 3 60 4 40 5 67
1 46 2 29 3 14 4 35 5 81
1 8 2 55 3 55 4 1 5 62
1 97 2 93 3 58 4 46 5 92
1 62 2 58 3 1 4 18 5 14
1 74 2 29 3 85 4 95 5 11
1 30 2 73 3 24 4 83 5 15
1 77 2 63 3 43 4 40 5 98
1 17 2 89 3 18 4 54 5 33
1 66 2 97 3 61 4 51 5 2
1 51 2 72 3 33 4 46 5 83
1 17 2 16 3 93 4 63 5 39
1 55 2 28 3 78 4 68 5 76
1 48 2 64 3 87 4 26 5 14
1 48 2 78 3 82 4 33 5 22
1 45 2 49 3 90 4 82 5 73
1 70 2 95 3 99 4 64 5 97
1 73 2 44 3 68 4 88 5 21
1 58 2 25 3 1 4 27 5 15
1 32 2 11 3 34 4 47 5 33
1 7 2 18 3 69 4 95 5 95
1 71 2 27 3 24 4 32 5 1
1 42 2 82 3 95 4 90 5 28
1 36 2 6 3 83 4 17 5 30
1 96 2 32 3 3 4 64 5 67
1 7 2 92 3 50 4 90 5 40
1 96 2 96 3 18 4 92 5 29
1 85 2 39 3 75 4 61 5 10
1 99 2 21 3 85 4 54 5 33
1 52 2 96 3 64 4 22 5 2
1 85 2 49 3 82 4 91 5 13
1 62 2 56 3 63 4 53 5 88
1 95 2 71 3 75 4 21 5 18
1 59 2 17 3 11 4 80 5 51
1 31 2 77 3 84 4 20 5 16
1 19 2 16 3 73 4 12 5 97
1 92 2 65 3 52 4 22 5 62
1 26 2 41 3 56 4 32 5 54
1 60 2 85 3 66 4 10 5 37
1 15 2 53 3 87 4 5 5 21
1 32 2 53 3 27 4 14 5 29
1 30 2 76 3 58 4 28 5 29
1 43 2 25 3 35 4 83 5 22
1 3 2 10 3 73 4 47 5 87
1 50 2 74 3 7 4 89 5 89
1 72 2 9 3 34 4 7 5 32
1 82 2 77 3 64 4 13 5 55
1 81 2 55 3 37 4 43 5 99
1 39 2 25 3 17 4 13 5 65
1 60 2 70 3 22 4 62 5 37
1 95 2 87 3 18 4 31 5 75
1 23 2 48 3 18 4 5 5 63
1 1 2 25 3 6 4 29 5 27
1 10 2 29 3 53 4 87 5 39
1 46 2 18 3 44 4 24 5 86
1 65 2 45 3 52 4 95 5 22
1 97 2 71 3 31 4 46 5 54
1 59 2 90 3 72 4 65 5 84
1 20 2 17 3 51 4 57 5 72
