100 10
1 73 2 39 3 77 4 45 5 7 6 96 7 62 8 56 9 78 10 60
1 85 2 5 3 97 4 93 5 2 6 79 7 71 8 22 9 28 10 91
1 26 2 75 3 32 4 19 5 60 6 29 7 97 8 30 9 78 10 33
1 89 2 90 3 99 4 89 5 54 6 54 7 42 8 38 9 84 10 41
1 61 2 32 3 11 4 58 5 84 6 31 7 48 8 94 9 32 10 68
1 87 2 95 3 72 4 42 5 49 6 53 7 85 8 26 9 51 10 81
1 7 2 43 3 79 4 27 5 66 6 27 7 92 8 29 9 87 10 57
1 67 2 95 3 10 4 84 5 25 6 96 7 27 8 35 9 59 10 1
1 55 2 30 3 78 4 29 5 76 6 39 7 10 8 89 9 77 10 49
1 56 2 52 3 43 4 37 5 22 6 85 7 61 8 49 9 82 10 49
1 11 2 37 3 29 4 94 5 18 6 59 7 62 8 65 9 38 10 72
1 40 2 93 3 68 4 62 5 82 6 56 7 94 8 52 9 82 10 40
1 20 2 58 3 3 4 92 5 63 6 73 7 30 8 61 9 41 10 60
1 19 2 33 3 96 4 56 5 96 6 9 7 67 8 88 9 76 10 19
1 34 2 64 3 48 4 77 5 18 6 30 7 2 8 53 9 42 10 82
1 11 2 6 3 19 4 3 5 96 6 47 7 61 8 93 9 76 10 35
1 60 2 76 3 70 4 6 5 95 6 42 7 61 8 40 9 27 10 70
1 69 2 74 3 44 4 13 5 26 6 71 7 94 8 56 9 15 10 7
1 5 2 86 3 66 4 19 5 30 6 54 7 15 8 83 9 74 10 66
1 8 2 46 3 85 4 69 5 2 6 97 7 8 8 8 9 10 10 44
1 23 2 51 3 47 4 54 5 90 6 24 7 44 8 63 9 61 10 16
1 16 2 41 3 60 4 98 5 32 6 42 7 49 8 36 9 41 10 39
1 29 2 41 3 58 4 30 5 55 6 22 7 11 8 54 9 37 10 62
1 40 2 67 3 29 4 31 5 37 6 44 7 27 8 4 9 19 10 21
1 41 2 41 3 68 4 84 5 56 6 52 7 66 8 19 9 66 10 97
1 77 2 93 3 34 4 12 5 95 6 52 7 27 8 93 9 95 10 74
1 56 2 92 3 87 4 48 5 32 6 69 7 6 8 18 9 94 10 46
1 40 2 32 3 60 4 84 5 24 6 37 7 51 8 9 9 43 10 89
1 66 2 94 3 8 4 4 5 58 6 59 7 16 8 44 9 29 10 99
1 8 2 1 3 76 4 66 5 14 6 2 7 59 8 93 9 60 10 11
1 7 2 56 3 89 4 3 5 93 6 30 7 56 8 33 9 54 10 42
1 94 2 41 3 4 4 40 5 10 6 25 7 24 8 82 9 33 10 20
1 37 2 92 3 27 4 1 5 74 6 83 7 38 8 77 9 48 10 72
1 55 2 25 3 72 4 12 5 65 6 25 7 1 8 31 9 58 10 3
1 84 2 42 3 23 4 3 5 60 6 24 7 89 8 47 9 30 10 35
1 94 2 3 3 64 4 34 5 90 6 70 7 9 8 72 9 90 10 32
1 71 2 53 3 66 4 22 5 11 6 77 7 32 8 60 9 3 10 21
1 83 2 49 3 26 4 75 5 50 6 61 7 20 8 80 9 15 10 32
1 88 2 36 3 15 4 90 5 79 6 41 7 12 8 41 9 97 10 94
1 5 2 15 3 77 4 4 5 97 6 46 7 85 8 5 9 38 10 83
1 83 2 35 3 37 4 51 5 6 6 18 7 91 8 94 9 24 10 4
1 75 2 22 3 93 4 93 5 69 6 83 7 4 8 83 9 32 10 62
1 70 2 11 3 78 4 59 5 73 6 90 7 79 8 93 9 20 10 35
1 1 2 78 3 24 4 87 5 76 6 85 7 18 8 40 9 73 10 88
1 25 2 57 3 46 4 16 5 67 6 33 7 75 8 61 9 57 10 39
1 6 2 53 3 28 4 52 5 31 6 71 7 29 8 13 9 33 10 58
1 88 2 7 3 62 4 85 5 32 6 30 7 6 8 87 9 99 10 96
1 86 2 85 3 24 4 94 5 56 6 64 7 13 8 85 9 41 10 74
1 56 2 37 3 90 4 71 5 84 6 19 7 94 8 23 9 61 10 52
1 26 2 5 3 70 4 28 5 11 6 43 7 59 8 78 9 85 10 53
1 40 2 31 3 40 4 37 5 61 6 2 7 52 8 97 9 23 10 92
1 71 2 94 3 77 4 63 5 7 6 37 7 89 8 13 9 26 10 70
1 39 2 47 3 17 4 43 5 38 6 5 7 79 8 88 9 46 10 61
1 94 2 74 3 72 4 15 5 12 6 23 7 70 8 4 9 96 10 79
1 97 2 68 3 17 4 40 5 16 6 20 7 2 8 2 9 27 10 12
1 28 2 72 3 30 4 14 5 19 6 43 7 62 8 76 9 15 10 25
1 50 2 19 3 43 4 35 5 67 6 78 7 74 8 80 9 88 10 71
1 70 2 1 3 23 4 41 5 44 6 34 7 34 8 85 9 66 10 76
1 50 2 86 3 11 4 8 5 67 6 19 7 98 8 82 9 66 10 41
1 2 2 45 3 8 4 88 5 99 6 75 7 8 8 22 9 31 10 28
1 62 2 52 3 23 4 64 5 71 6 54 7 70 8 48 9 31 10 18
1 24 2 46 3 66 4 25 5 84 6 30 7 76 8 10 9 63 10 46
1 81 2 86 3 48 4 29 5 43 6 86 7 90 8 9 9 76 10 97
1 88 2 63 3 54 4 10 5 47 6 95 7 25 8 23 9 27 10 92
1 76 2 59 3 22 4 60 5 88 6 93 7 92 8 16 9 77 10 31
1 44 2 45 3 28 4 6 5 63 6 12 7 69 8 53 9 15 10 46
1 19 2 26 3 52 4 2 5 18 6 4 7 64 8 62 9 36 10 59
1 62 2 81 3 96 4 9 5 26 6 46 7 98 8 95 9 84 10 35
1 86 2 81 3 52 4 75 5 51 6 52 7 51 8 98 9 65 10 20
1 87 2 19 3 20 4 41 5 9 6 21 7 12 8 64 9 63 10 94
1 55 2 62 3 17 4 23 5 5 6 26 7 40 8 36 9 36 10 55
1 45 2 78 3 99 4 58 5 50 6 87 7 17 8 37 9 18 10 41
1 68 2 89 3 36 4 95 5 6 6 58 7 21 8 95 9 78 10 78
1 7 2 83 3 54 4 25 5 99 6 23 7 84 8 17 9 73 10 51
1 38 2 12 3 56 4 39 5 8 6 8 7 86 8 47 9 24 10 88
1 47 2 6 3 91 4 85 5 62 6 84 7 61 8 65 9 93 10 26
1 17 2 98 3 72 4 42 5 33 6 80 7 18 8 34 9 31 10 72
1 26 2 67 3 70 4 14 5 72 6 25 7 80 8 71 9 92 10 74
1 58 2 27 3 96 4 49 5 33 6 74 7 11 8 4 9 58 10 19
1 11 2 83 3 90 4 44 5 95 6 27 7 93 8 35 9 71 10 96
1 90 2 32 3 53 4 60 5 68 6 59 7 66 8 81 9 3 10 90
1 21 2 77 3 97 4 42 5 94 6 88 7 42 8 81 9 59 10 73
1 13 2 97 3 92 4 33 5 55 6 36 7 89 8 64 9 51 10 37
1 87 2 17 3 11 4 72 5 93 6 52 7 98 8 91 9 30 10 52
1 69 2 39 3 59 4 43 5 84 6 26 7 62 8 45 9 89 10 88
1 47 2 85 3 57 4 49 5 83 6 40 7 50 8 20 9 85 10 2
1 79 2 10 3 98 4 51 5 96 6 35 7 32 8 18 9 66 10 9
1 51 2 62 3 34 4 4 5 65 6 38 7 28 8 37 9 50 10 30
1 32 2 67 3 13 4 87 5 6 6 93 7 78 8 31 9 16 10 63
1 37 2 60 3 91 4 56 5 5 6 78 7 85 8 9 9 5 10 20
1 41 2 76 3 42 4 47 5 94 6 93 7 51 8 34 9 37 10 65
1 32 2 85 3 33 4 99 5 99 6 85 7 34 8 14 9 16 10 55
1 24 2 83 3 69 4 98 5 57 6 42 7 24 8 83 9 19 10 65
1 74 2 77 3 1 4 73 5 68 6 17 7 75 8 91 9 85 10 90
1 79 2 80 3 23 4 95 5 82 6 33 7 57 8 93 9 38 10 99
1 93 2 47 3 17 4 84 5 4 6 76 7 59 8 59 9 10 10 82
1 99 2 47 3 22 4 10 5 26 6 52 7 83 8 62 9 84 10 42
1 87 2 28 3 8 4 60 5 47 6 46 7 85 8 90 9 54 10 78
1 32 2 83 3 59 4 48 5 5 6 61 7 25 8 80 9 76 10 4
1 18 2 28 3 82 4 74 5 21 6 11 7 32 8 45 9 11 10 77
