100 10
1 68 2 40 3 43 4 72 5 87 6 59 7 67 8 89 9 84 10 43
1 92 2 90 3 23 4 20 5 97 6 57 7 33 8 7 9 69 10 56
1 16 2 41 3 7 4 74 5 54 6 67 7 15 8 85 9 83 10 42
1 29 2 64 3 3 4 9 5 35 6 24 7 72 8 70 9 47 10 78
1 60 2 11 3 60 4 5 5 24 6 52 7 39 8 14 9 65 10 99
1 69 2 96 3 54 4 37 5 35 6 19 7 10 8 88 9 61 10 95
1 18 2 49 3 69 4 86 5 28 6 6 7 40 8 88 9 94 10 78
1 43 2 31 3 54 4 80 5 11 6 27 7 3 8 32 9 2 10 49
1 27 2 81 3 18 4 83 5 84 6 49 7 64 8 20 9 52 10 42
1 51 2 66 3 95 4 18 5 37 6 70 7 22 8 87 9 67 10 15
1 1 2 37 3 91 4 59 5 2 6 44 7 29 8 37 9 30 10 20
1 19 2 79 3 41 4 79 5 49 6 21 7 97 8 86 9 15 10 57
1 76 2 14 3 57 4 80 5 93 6 31 7 66 8 30 9 82 10 11
1 71 2 94 3 35 4 71 5 76 6 76 7 26 8 31 9 58 10 31
1 98 2 26 3 92 4 11 5 72 6 46 7 20 8 38 9 57 10 5
1 19 2 65 3 35 4 89 5 41 6 15 7 99 8 19 9 74 10 63
1 92 2 29 3 47 4 80 5 7 6 43 7 89 8 9 9 99 10 38
1 76 2 52 3 48 4 55 5 17 6 63 7 92 8 77 9 31 10 44
1 76 2 18 3 7 4 40 5 47 6 73 7 41 8 70 9 86 10 8
1 63 2 77 3 91 4 24 5 19 6 63 7 72 8 17 9 46 10 66
1 10 2 76 3 75 4 29 5 10 6 86 7 62 8 26 9 1 10 62
1 89 2 2 3 62 4 96 5 99 6 91 7 85 8 42 9 7 10 4
1 23 2 74 3 83 4 41 5 63 6 99 7 55 8 37 9 23 10 1
1 84 2 46 3 31 4 93 5 79 6 32 7 71 8 60 9 42 10 24
1 51 2 98 3 64 4 85 5 31 6 11 7 95 8 58 9 57 10 28
1 76 2 40 3 96 4 54 5 91 6 90 7 41 8 72 9 37 10 38
1 64 2 98 3 36 4 20 5 3 6 41 7 93 8 44 9 3 10 19
1 66 2 55 3 66 4 68 5 1 6 5 7 59 8 64 9 1 10 5
1 11 2 46 3 10 4 56 5 25 6 95 7 12 8 48 9 11 10 45
1 25 2 62 3 12 4 67 5 17 6 59 7 30 8 73 9 34 10 27
1 50 2 87 3 77 4 88 5 80 6 75 7 41 8 84 9 24 10 27
1 52 2 73 3 75 4 23 5 52 6 97 7 40 8 50 9 95 10 34
1 2 2 76 3 26 4 48 5 16 6 20 7 86 8 62 9 54 10 50
1 26 2 4 3 4 4 59 5 24 6 14 7 49 8 35 9 78 10 77
1 72 2 10 3 87 4 24 5 26 6 46 7 40 8 86 9 40 10 8
1 39 2 11 3 96 4 74 5 22 6 22 7 50 8 6 9 95 10 83
1 70 2 1 3 8 4 94 5 65 6 70 7 61 8 80 9 82 10 23
1 51 2 92 3 25 4 23 5 40 6 69 7 42 8 13 9 17 10 27
1 74 2 7 3 25 4 73 5 81 6 84 7 40 8 28 9 86 10 17
1 66 2 33 3 20 4 84 5 23 6 73 7 25 8 87 9 2 10 15
1 77 2 30 3 88 4 21 5 29 6 12 7 2 8 95 9 24 10 20
1 66 2 82 3 45 4 4 5 22 6 81 7 56 8 85 9 3 10 82
1 94 2 72 3 96 4 55 5 3 6 63 7 65 8 20 9 4 10 95
1 20 2 57 3 38 4 46 5 76 6 10 7 79 8 7 9 12 10 60
1 85 2 73 3 18 4 75 5 77 6 71 7 83 8 63 9 52 10 66
1 30 2 71 3 57 4 83 5 34 6 31 7 11 8 50 9 22 10 7
1 82 2 34 3 5 4 62 5 3 6 68 7 35 8 79 9 10 10 60
1 67 2 10 3 87 4 25 5 24 6 4 7 36 8 44 9 22 10 8
1 49 2 97 3 8 4 9 5 18 6 34 7 54 8 42 9 70 10 59
1 8 2 29 3 6 4 42 5 33 6 67 7 7 8 64 9 7 10 60
1 79 2 26 3 57 4 98 5 27 6 66 7 89 8 90 9 44 10 91
1 36 2 66 3 71 4 32 5 80 6 25 7 32 8 39 9 38 10 5
1 97 2 56 3 65 4 14 5 58 6 35 7 97 8 24 9 46 10 91
1 53 2 29 3 72 4 43 5 62 6 27 7 57 8 14 9 92 10 69
1 61 2 8 3 78 4 43 5 53 6 2 7 72 8 23 9 85 10 49
1 6 2 34 3 6 4 51 5 17 6 66 7 31 8 58 9 84 10 70
1 87 2 99 3 88 4 60 5 4 6 2 7 99 8 79 9 49 10 53
1 16 2 64 3 72 4 59 5 62 6 66 7 92 8 28 9 72 10 50
1 80 2 48 3 12 4 32 5 76 6 33 7 65 8 18 9 88 10 60
1 67 2 54 3 61 4 72 5 50 6 42 7 30 8 24 9 27 10 6
1 68 2 48 3 56 4 54 5 38 6 65 7 56 8 29 9 21 10 99
1 34 2 25 3 66 4 54 5 1 6 52 7 23 8 50 9 61 10 36
1 60 2 1 3 57 4 38 5 68 6 45 7 85 8 13 9 55 10 98
1 12 2 97 3 6 4 94 5 43 6 86 7 2 8 84 9 94 10 28
1 68 2 45 3 43 4 89 5 86 6 8 7 32 8 62 9 11 10 36
1 3 2 23 3 79 4 99 5 57 6 4 7 69 8 69 9 30 10 99
1 51 2 66 3 33 4 13 5 89 6 73 7 26 8 25 9 88 10 70
1 72 2 56 3 1 4 6 5 97 6 57 7 64 8 40 9 4 10 71
1 84 2 50 3 1 4 30 5 84 6 33 7 69 8 19 9 37 10 25
1 27 2 71 3 55 4 19 5 43 6 80 7 93 8 76 9 52 10 26
1 70 2 36 3 23 4 72 5 23 6 28 7 14 8 48 9 54 10 86
1 81 2 12 3 26 4 76 5 41 6 89 7 70 8 54 9 6 10 65
1 7 2 14 3 88 4 98 5 57 6 19 7 72 8 41 9 40 10 62
1 47 2 65 3 14 4 99 5 65 6 14 7 99 8 65 9 62 10 30
1 6 2 80 3 52 4 35 5 25 6 54 7 44 8 40 9 99 10 21
1 74 2 10 3 46 4 99 5 88 6 91 7 57 8 85 9 62 10 46
1 88 2 11 3 27 4 35 5 50 6 68 7 58 8 47 9 44 10 37
1 76 2 30 3 98 4 57 5 7 6 15 7 84 8 39 9 62 10 1
1 41 2 59 3 92 4 51 5 82 6 49 7 78 8 87 9 60 10 55
1 57 2 70 3 11 4 62 5 53 6 95 7 97 8 9 9 85 10 17
1 26 2 97 3 5 4 89 5 77 6 47 7 60 8 12 9 96 10 63
1 27 2 87 3 46 4 10 5 97 6 59 7 58 8 73 9 11 10 31
1 41 2 23 3 36 4 54 5 7 6 31 7 90 8 83 9 65 10 61
1 15 2 10 3 61 4 55 5 81 6 87 7 81 8 50 9 43 10 67
1 54 2 79 3 26 4 64 5 83 6 56 7 8 8 78 9 27 10 1
1 97 2 35 3 29 4 22 5 16 6 87 7 79 8 82 9 65 10 62
1 99 2 22 3 79 4 37 5 31 6 30 7 40 8 93 9 22 10 91
1 8 2 44 3 95 4 93 5 83 6 38 7 74 8 24 9 50 10 75
1 60 2 15 3 73 4 68 5 63 6 79 7 40 8 2 9 45 10 94
1 3 2 16 3 29 4 55 5 3 6 72 7 87 8 64 9 33 10 64
1 64 2 32 3 23 4 94 5 93 6 69 7 75 8 65 9 68 10 93
1 4 2 91 3 15 4 83 5 38 6 34 7 67 8 24 9 78 10 41
1 87 2 55 3 83 4 5 5 34 6 16 7 57 8 66 9 23 10 13
1 35 2 8 3 17 4 20 5 18 6 66 7 10 8 48 9 71 10 64
1 97 2 59 3 25 4 67 5 5 6 15 7 33 8 6 9 27 10 34
1 12 2 28 3 15 4 36 5 22 6 82 7 43 8 97 9 6 10 28
1 65 2 45 3 73 4 63 5 41 6 12 7 11 8 85 9 82 10 41
1 87 2 84 3 25 4 59 5 89 6 86 7 15 8 17 9 44 10 71
1 15 2 10 3 68 4 58 5 33 6 14 7 3 8 89 9 94 10 19
1 33 2 55 3 55 4 37 5 26 6 22 7 75 8 4 9 82 10 30
