100 10
1 52 2 95 3 42 4 75 5 44 6 57 7 89 8 53 9 84 10 62
1 91 2 14 3 95 4 89 5 4 6 95 7 2 8 97 9 68 10 20
1 33 2 51 3 98 4 8 5 85 6 86 7 73 8 4 9 40 10 98
1 12 2 59 3 44 4 46 5 2 6 41 7 28 8 83 9 28 10 21
1 80 2 71 3 4 4 60 5 34 6 55 7 53 8 96 9 37 10 37
1 63 2 99 3 69 4 70 5 53 6 21 7 10 8 31 9 80 10 18
1 5 2 18 3 17 4 71 5 90 6 93 7 14 8 49 9 52 10 7
1 78 2 57 3 41 4 75 5 98 6 93 7 33 8 75 9 68 10 33
1 60 2 82 3 24 4 99 5 4 6 97 7 24 8 50 9 55 10 91
1 46 2 58 3 17 4 47 5 82 6 6 7 15 8 91 9 74 10 42
1 82 2 21 3 79 4 95 5 46 6 23 7 40 8 95 9 87 10 37
1 24 2 24 3 65 4 62 5 19 6 67 7 66 8 6 9 65 10 59
1 2 2 67 3 82 4 90 5 30 6 63 7 5 8 93 9 53 10 85
1 81 2 73 3 34 4 74 5 13 6 78 7 35 8 20 9 16 10 48
1 12 2 11 3 80 4 9 5 24 6 76 7 32 8 35 9 66 10 48
1 16 2 26 3 46 4 66 5 76 6 31 7 36 8 8 9 37 10 21
1 3 2 76 3 67 4 5 5 47 6 72 7 66 8 56 9 95 10 49
1 47 2 26 3 81 4 56 5 76 6 66 7 36 8 53 9 26 10 52
1 29 2 36 3 68 4 21 5 71 6 61 7 71 8 69 9 28 10 86
1 27 2 41 3 86 4 55 5 17 6 62 7 96 8 59 9 53 10 93
1 63 2 55 3 59 4 35 5 21 6 59 7 78 8 25 9 30 10 38
1 78 2 79 3 58 4 44 5 38 6 76 7 70 8 72 9 85 10 8
1 10 2 84 3 42 4 67 5 20 6 24 7 75 8 23 9 33 10 60
1 20 2 75 3 83 4 26 5 92 6 29 7 39 8 14 9 74 10 66
1 86 2 10 3 27 4 8 5 7 6 97 7 84 8 56 9 61 10 9
1 94 2 34 3 89 4 62 5 47 6 66 7 76 8 15 9 18 10 54
1 24 2 55 3 96 4 10 5 12 6 96 7 53 8 92 9 77 10 6
1 91 2 14 3 41 4 30 5 85 6 17 7 23 8 60 9 76 10 39
1 85 2 10 3 65 4 15 5 55 6 41 7 28 8 93 9 88 10 27
1 77 2 81 3 19 4 76 5 55 6 67 7 65 8 8 9 18 10 56
1 79 2 21 3 93 4 32 5 8 6 45 7 37 8 78 9 26 10 98
1 17 2 25 3 21 4 28 5 68 6 24 7 62 8 89 9 60 10 64
1 38 2 90 3 87 4 1 5 99 6 34 7 9 8 22 9 74 10 14
1 14 2 84 3 75 4 37 5 32 6 29 7 32 8 89 9 12 10 47
1 19 2 97 3 7 4 12 5 43 6 89 7 14 8 33 9 56 10 57
1 22 2 6 3 24 4 55 5 48 6 57 7 78 8 5 9 50 10 83
1 70 2 21 3 71 4 58 5 36 6 50 7 31 8 86 9 29 10 30
1 93 2 49 3 83 4 89 5 44 6 38 7 62 8 45 9 22 10 85
1 39 2 98 3 56 4 68 5 84 6 77 7 67 8 53 9 46 10 24
1 52 2 96 3 2 4 88 5 33 6 27 7 49 8 78 9 82 10 65
1 80 2 13 3 64 4 77 5 17 6 78 7 82 8 4 9 72 10 93
1 68 2 25 3 67 4 80 5 43 6 93 7 21 8 33 9 14 10 30
1 59 2 83 3 85 4 85 5 70 6 35 7 2 8 76 9 46 10 72
1 69 2 46 3 3 4 57 5 71 6 77 7 33 8 49 9 59 10 82
1 59 2 70 3 76 4 10 5 65 6 19 7 77 8 86 9 21 10 75
1 96 2 3 3 50 4 57 5 66 6 84 7 98 8 55 9 70 10 32
1 31 2 64 3 11 4 9 5 32 6 58 7 98 8 95 9 25 10 4
1 45 2 60 3 87 4 31 5 1 6 96 7 22 8 95 9 73 10 77
1 30 2 88 3 14 4 22 5 93 6 48 7 10 8 7 9 14 10 91
1 5 2 43 3 30 4 79 5 39 6 34 7 77 8 81 9 11 10 10
1 53 2 19 3 99 4 62 5 88 6 93 7 34 8 72 9 42 10 65
1 39 2 79 3 9 4 26 5 72 6 29 7 36 8 48 9 57 10 95
1 93 2 79 3 88 4 77 5 94 6 39 7 74 8 46 9 17 10 30
1 62 2 77 3 43 4 98 5 48 6 14 7 45 8 25 9 98 10 30
1 90 2 92 3 35 4 13 5 75 6 55 7 80 8 67 9 3 10 93
1 54 2 67 3 25 4 77 5 38 6 98 7 96 8 20 9 15 10 36
1 65 2 97 3 27 4 25 5 61 6 24 7 97 8 61 9 75 10 92
1 73 2 21 3 29 4 3 5 96 6 51 7 26 8 44 9 56 10 31
1 64 2 38 3 44 4 46 5 66 6 31 7 48 8 27 9 82 10 51
1 90 2 63 3 85 4 36 5 69 6 67 7 81 8 18 9 81 10 72
1 71 2 90 3 59 4 82 5 22 6 88 7 35 8 49 9 78 10 69
1 76 2 2 3 14 4 3 5 22 6 26 7 44 8 1 9 4 10 16
1 55 2 43 3 87 4 35 5 76 6 98 7 78 8 81 9 48 10 25
1 81 2 27 3 84 4 59 5 98 6 14 7 32 8 95 9 30 10 13
1 68 2 19 3 57 4 65 5 13 6 63 7 26 8 96 9 53 10 94
1 27 2 93 3 49 4 63 5 65 6 34 7 10 8 56 9 51 10 97
1 52 2 46 3 16 4 50 5 96 6 85 7 61 8 76 9 30 10 90
1 42 2 88 3 37 4 43 5 88 6 91 7 14 8 63 9 65 10 74
1 71 2 8 3 39 4 95 5 82 6 17 7 38 8 69 9 17 10 24
1 66 2 75 3 52 4 59 5 4 6 73 7 56 8 19 9 39 10 51
1 95 2 53 3 54 4 22 5 84 6 54 7 2 8 80 9 84 10 66
1 25 2 16 3 79 4 90 5 51 6 29 7 29 8 90 9 83 10 83
1 19 2 95 3 87 4 12 5 34 6 23 7 44 8 30 9 82 10 83
1 42 2 56 3 89 4 38 5 96 6 10 7 3 8 53 9 97 10 11
1 65 2 47 3 76 4 22 5 17 6 14 7 11 8 69 9 91 10 53
1 3 2 80 3 78 4 32 5 53 6 43 7 85 8 19 9 48 10 49
1 66 2 22 3 37 4 51 5 82 6 59 7 88 8 77 9 19 10 32
1 52 2 9 3 96 4 23 5 64 6 22 7 37 8 3 9 52 10 44
1 11 2 21 3 85 4 6 5 40 6 68 7 30 8 35 9 58 10 31
1 11 2 11 3 6 4 59 5 64 6 65 7 23 8 80 9 75 10 63
1 92 2 62 3 11 4 83 5 87 6 66 7 98 8 42 9 23 10 45
1 52 2 6 3 3 4 64 5 55 6 97 7 83 8 42 9 81 10 92
1 68 2 46 3 56 4 88 5 50 6 13 7 23 8 13 9 49 10 18
1 50 2 94 3 71 4 64 5 31 6 21 7 2 8 63 9 58 10 36
1 64 2 52 3 8 4 94 5 51 6 36 7 82 8 30 9 17 10 21
1 80 2 38 3 55 4 34 5 85 6 44 7 47 8 66 9 19 10 66
1 61 2 60 3 98 4 82 5 79 6 71 7 28 8 74 9 27 10 33
1 13 2 9 3 12 4 51 5 16 6 49 7 83 8 48 9 13 10 78
1 96 2 77 3 68 4 88 5 77 6 76 7 73 8 92 9 72 10 87
1 66 2 98 3 40 4 31 5 75 6 45 7 98 8 90 9 4 10 23
1 61 2 86 3 16 4 42 5 14 6 92 7 67 8 77 9 46 10 41
1 78 2 3 3 72 4 95 5 53 6 59 7 34 8 66 9 42 10 63
1 27 2 92 3 8 4 65 5 34 6 6 7 42 8 39 9 2 10 7
1 85 2 32 3 14 4 74 5 59 6 95 7 48 8 37 9 59 10 4
1 42 2 93 3 32 4 30 5 16 6 95 7 58 8 12 9 95 10 21
1 74 2 38 3 4 4 31 5 62 6 39 7 97 8 57 9 9 10 54
1 13 2 47 3 6 4 70 5 19 6 97 7 41 8 1 9 57 10 60
1 62 2 14 3 90 4 76 5 12 6 89 7 37 8 35 9 91 10 69
1 55 2 48 3 56 4 84 5 22 6 51 7 43 8 50 9 62 10 61
1 10 2 87 3 99 4 40 5 91 6 64 7 62 8 53 9 33 10 16
