100 20
1 1 2 61 3 82 4 63 5 9 6 98 7 85 8 76 9 35 10 26 11 10 12 7 13 55 14 4 15 28 16 59 17 59 18 8 19 98 20 34
1 90 2 32 3 57 4 87 5 1 6 88 7 46 8 46 9 84 10 43 11 52 12 26 13 21 14 55 15 94 16 32 17 52 18 21 19 33 20 68
1 62 2 71 3 85 4 32 5 32 6 62 7 97 8 93 9 72 10 28 11 5 12 66 13 96 14 36 15 55 16 22 17 82 18 64 19 62 20 68
1 27 2 21 3 63 4 22 5 40 6 85 7 52 8 51 9 41 10 30 11 23 12 66 13 52 14 52 15 65 16 70 17 47 18 38 19 81 20 88
1 66 2 91 3 90 4 98 5 52 6 88 7 84 8 91 9 90 10 36 11 49 12 56 13 51 14 26 15 56 16 57 17 55 18 23 19 57 20 99
1 87 2 33 3 38 4 36 5 28 6 94 7 61 8 89 9 33 10 3 11 28 12 79 13 68 14 35 15 51 16 14 17 24 18 31 19 47 20 95
1 64 2 39 3 98 4 15 5 51 6 69 7 50 8 3 9 60 10 31 11 23 12 14 13 5 14 97 15 94 16 44 17 56 18 24 19 46 20 44
1 51 2 47 3 18 4 54 5 7 6 26 7 16 8 67 9 3 10 38 11 13 12 28 13 23 14 62 15 87 16 75 17 55 18 20 19 68 20 13
1 80 2 47 3 48 4 20 5 13 6 23 7 76 8 63 9 91 10 49 11 34 12 34 13 17 14 20 15 92 16 65 17 80 18 26 19 24 20 30
1 2 2 9 3 16 4 86 5 2 6 8 7 57 8 55 9 67 10 72 11 1 12 30 13 25 14 46 15 23 16 63 17 4 18 6 19 30 20 40
1 92 2 75 3 4 4 88 5 28 6 37 7 67 8 1 9 54 10 1 11 88 12 1 13 67 14 12 15 25 16 75 17 42 18 84 19 67 20 23
1 40 2 36 3 37 4 86 5 14 6 39 7 30 8 61 9 62 10 39 11 74 12 19 13 14 14 85 15 55 16 95 17 58 18 66 19 61 20 75
1 91 2 27 3 60 4 90 5 71 6 99 7 99 8 73 9 39 10 25 11 37 12 56 13 83 14 27 15 19 16 27 17 47 18 19 19 59 20 8
1 20 2 12 3 62 4 4 5 36 6 80 7 71 8 64 9 8 10 40 11 93 12 1 13 1 14 39 15 32 16 31 17 8 18 26 19 50 20 50
1 47 2 79 3 2 4 36 5 72 6 57 7 25 8 15 9 93 10 74 11 34 12 94 13 53 14 48 15 67 16 95 17 84 18 2 19 69 20 30
1 71 2 85 3 37 4 66 5 81 6 59 7 45 8 96 9 89 10 23 11 32 12 18 13 71 14 61 15 65 16 16 17 47 18 15 19 54 20 61
1 61 2 66 3 55 4 18 5 9 6 78 7 59 8 70 9 69 10 41 11 37 12 99 13 24 14 67 15 52 16 63 17 62 18 24 19 7 20 50
1 44 2 28 3 84 4 49 5 94 6 3 7 22 8 95 9 69 10 69 11 16 12 5 13 24 14 90 15 92 16 65 17 82 18 9 19 73 20 58
1 60 2 14 3 20 4 14 5 90 6 93 7 26 8 24 9 46 10 93 11 17 12 11 13 71 14 19 15 4 16 96 17 87 18 58 19 13 20 53
1 50 2 63 3 20 4 52 5 79 6 29 7 2 8 92 9 14 10 7 11 73 12 98 13 97 14 85 15 61 16 9 17 14 18 70 19 45 20 22
1 47 2 7 3 33 4 48 5 61 6 67 7 99 8 32 9 19 10 50 11 91 12 65 13 25 14 64 15 64 16 64 17 9 18 96 19 65 20 72
1 61 2 45 3 29 4 36 5 64 6 14 7 86 8 22 9 87 10 22 11 91 12 40 13 56 14 97 15 7 16 5 17 83 18 98 19 25 20 87
1 27 2 88 3 74 4 98 5 15 6 97 7 16 8 13 9 13 10 38 11 94 12 88 13 57 14 46 15 82 16 32 17 10 18 59 19 81 20 91
1 30 2 41 3 70 4 50 5 75 6 63 7 32 8 79 9 68 10 24 11 95 12 7 13 80 14 95 15 60 16 17 17 19 18 65 19 41 20 19
1 59 2 71 3 71 4 30 5 47 6 38 7 9 8 67 9 25 10 85 11 36 12 78 13 93 14 9 15 82 16 29 17 10 18 27 19 4 20 93
1 12 2 29 3 76 4 97 5 43 6 48 7 81 8 10 9 55 10 90 11 19 12 29 13 10 14 49 15 5 16 12 17 98 18 55 19 38 20 30
1 41 2 86 3 50 4 43 5 96 6 18 7 42 8 75 9 88 10 50 11 66 12 23 13 35 14 22 15 13 16 11 17 39 18 16 19 63 20 87
1 31 2 1 3 54 4 41 5 53 6 99 7 9 8 3 9 24 10 83 11 9 12 66 13 61 14 51 15 79 16 93 17 64 18 86 19 20 20 88
1 52 2 68 3 49 4 61 5 55 6 50 7 44 8 36 9 63 10 89 11 10 12 80 13 20 14 41 15 23 16 16 17 10 18 2 19 79 20 70
1 22 2 32 3 44 4 51 5 58 6 9 7 20 8 75 9 75 10 15 11 45 12 44 13 82 14 60 15 14 16 9 17 19 18 4 19 33 20 5
1 91 2 19 3 69 4 20 5 34 6 28 7 24 8 16 9 89 10 40 11 82 12 63 13 32 14 11 15 82 16 71 17 22 18 38 19 29 20 93
1 14 2 74 3 93 4 63 5 94 6 64 7 31 8 85 9 61 10 13 11 80 12 33 13 81 14 6 15 84 16 19 17 9 18 61 19 72 20 42
1 93 2 57 3 6 4 56 5 86 6 44 7 39 8 90 9 31 10 18 11 13 12 6 13 71 14 2 15 72 16 67 17 71 18 67 19 69 20 30
1 60 2 12 3 83 4 94 5 71 6 43 7 12 8 69 9 2 10 42 11 4 12 81 13 98 14 49 15 40 16 21 17 60 18 78 19 37 20 3
1 92 2 3 3 53 4 46 5 34 6 80 7 91 8 76 9 94 10 11 11 52 12 64 13 54 14 37 15 61 16 98 17 31 18 81 19 78 20 42
1 45 2 12 3 58 4 63 5 41 6 92 7 7 8 3 9 35 10 97 11 32 12 18 13 44 14 87 15 5 16 25 17 97 18 48 19 59 20 83
1 40 2 3 3 42 4 91 5 82 6 40 7 86 8 63 9 94 10 46 11 56 12 5 13 48 14 34 15 49 16 24 17 28 18 94 19 55 20 9
1 66 2 80 3 38 4 37 5 92 6 90 7 42 8 43 9 13 10 29 11 7 12 67 13 36 14 80 15 5 16 15 17 12 18 31 19 1 20 29
1 36 2 48 3 98 4 28 5 41 6 13 7 21 8 50 9 57 10 14 11 41 12 59 13 86 14 56 15 28 16 76 17 69 18 67 19 90 20 95
1 45 2 95 3 43 4 43 5 16 6 95 7 62 8 81 9 46 10 16 11 22 12 65 13 14 14 57 15 35 16 88 17 70 18 2 19 46 20 50
1 74 2 87 3 9 4 78 5 33 6 84 7 63 8 71 9 13 10 1 11 72 12 36 13 86 14 68 15 39 16 56 17 34 18 76 19 63 20 45
1 16 2 82 3 30 4 32 5 73 6 57 7 49 8 29 9 43 10 99 11 27 12 81 13 2 14 65 15 91 16 13 17 68 18 48 19 22 20 7
1 41 2 59 3 92 4 20 5 52 6 71 7 6 8 78 9 37 10 91 11 42 12 61 13 97 14 4 15 55 16 79 17 78 18 41 19 23 20 19
1 10 2 22 3 27 4 27 5 43 6 80 7 62 8 85 9 87 10 69 11 69 12 3 13 32 14 97 15 47 16 2 17 39 18 67 19 96 20 37
1 94 2 79 3 30 4 29 5 90 6 83 7 56 8 75 9 94 10 84 11 31 12 91 13 31 14 43 15 62 16 24 17 17 18 1 19 83 20 34
1 96 2 41 3 83 4 13 5 79 6 71 7 4 8 60 9 93 10 24 11 16 12 22 13 21 14 99 15 12 16 44 17 57 18 75 19 13 20 14
1 49 2 72 3 40 4 98 5 88 6 37 7 6 8 5 9 58 10 33 11 40 12 22 13 50 14 23 15 89 16 34 17 66 18 27 19 9 20 92
1 13 2 83 3 13 4 77 5 17 6 66 7 96 8 40 9 30 10 38 11 9 12 10 13 87 14 41 15 72 16 89 17 67 18 54 19 9 20 73
1 61 2 80 3 50 4 42 5 86 6 27 7 79 8 75 9 46 10 59 11 10 12 51 13 1 14 11 15 1 16 19 17 88 18 65 19 7 20 45
1 67 2 97 3 45 4 30 5 28 6 92 7 28 8 74 9 78 10 95 11 12 12 36 13 6 14 29 15 99 16 14 17 81 18 53 19 36 20 86
1 68 2 69 3 80 4 71 5 11 6 44 7 86 8 86 9 18 10 55 11 96 12 82 13 39 14 17 15 69 16 98 17 61 18 68 19 62 20 88
1 37 2 39 3 7 4 51 5 2 6 62 7 35 8 75 9 5 10 97 11 87 12 52 13 30 14 75 15 27 16 75 17 40 18 4 19 43 20 90
1 35 2 24 3 28 4 58 5 36 6 43 7 49 8 86 9 60 10 25 11 89 12 1 13 46 14 83 15 34 16 32 17 59 18 29 19 11 20 82
1 54 2 92 3 98 4 27 5 57 6 57 7 63 8 63 9 95 10 74 11 63 12 7 13 67 14 70 15 32 16 86 17 26 18 2 19 54 20 67
1 8 2 45 3 46 4 99 5 1 6 29 7 24 8 69 9 39 10 15 11 37 12 80 13 36 14 81 15 55 16 84 17 43 18 7 19 43 20 78
1 97 2 98 3 58 4 60 5 97 6 9 7 44 8 24 9 24 10 18 11 77 12 75 13 3 14 88 15 48 16 78 17 71 18 24 19 50 20 19
1 98 2 38 3 43 4 10 5 51 6 64 7 5 8 77 9 72 10 2 11 34 12 78 13 32 14 14 15 98 16 90 17 4 18 45 19 49 20 80
1 95 2 89 3 56 4 42 5 27 6 74 7 5 8 33 9 52 10 95 11 60 12 29 13 53 14 73 15 7 16 17 17 97 18 65 19 32 20 19
1 89 2 70 3 22 4 91 5 59 6 12 7 44 8 20 9 74 10 75 11 79 12 20 13 69 14 20 15 28 16 32 17 99 18 27 19 14 20 81
1 71 2 83 3 84 4 75 5 73 6 10 7 76 8 66 9 58 10 81 11 29 12 75 13 41 14 54 15 8 16 98 17 68 18 17 19 63 20 77
1 52 2 21 3 2 4 86 5 47 6 91 7 22 8 7 9 56 10 44 11 3 12 21 13 52 14 99 15 45 16 36 17 42 18 42 19 80 20 38
1 68 2 71 3 18 4 11 5 37 6 30 7 55 8 25 9 58 10 11 11 51 12 44 13 5 14 84 15 10 16 58 17 21 18 4 19 16 20 72
1 64 2 87 3 4 4 10 5 69 6 24 7 47 8 53 9 25 10 36 11 13 12 23 13 19 14 78 15 19 16 38 17 63 18 64 19 28 20 89
1 72 2 70 3 32 4 53 5 55 6 40 7 13 8 48 9 91 10 55 11 31 12 85 13 51 14 15 15 31 16 64 17 30 18 90 19 36 20 42
1 3 2 90 3 18 4 23 5 75 6 68 7 37 8 77 9 20 10 50 11 97 12 37 13 10 14 89 15 91 16 97 17 12 18 56 19 16 20 5
1 42 2 11 3 54 4 16 5 10 6 12 7 82 8 60 9 83 10 29 11 55 12 67 13 62 14 6 15 39 16 39 17 74 18 57 19 2 20 8
1 32 2 6 3 62 4 78 5 3 6 26 7 80 8 75 9 73 10 18 11 34 12 89 13 22 14 38 15 75 16 32 17 29 18 97 19 24 20 96
1 91 2 89 3 23 4 17 5 67 6 45 7 30 8 9 9 6 10 47 11 13 12 93 13 80 14 23 15 55 16 76 17 37 18 64 19 16 20 55
1 2 2 60 3 66 4 90 5 95 6 47 7 32 8 58 9 54 10 89 11 66 12 27 13 27 14 80 15 75 16 89 17 30 18 21 19 71 20 87
1 46 2 79 3 68 4 41 5 38 6 45 7 63 8 90 9 81 10 91 11 53 12 55 13 83 14 23 15 22 16 11 17 96 18 93 19 11 20 20
1 89 2 51 3 46 4 17 5 76 6 14 7 24 8 58 9 4 10 26 11 77 12 40 13 47 14 36 15 37 16 66 17 26 18 13 19 81 20 4
1 95 2 70 3 55 4 40 5 11 6 40 7 28 8 70 9 75 10 84 11 70 12 33 13 96 14 63 15 64 16 39 17 26 18 14 19 67 20 63
1 39 2 58 3 67 4 61 5 47 6 97 7 63 8 45 9 49 10 99 11 49 12 80 13 54 14 28 15 83 16 67 17 89 18 30 19 91 20 23
1 79 2 73 3 80 4 68 5 75 6 16 7 75 8 2 9 28 10 77 11 4 12 13 13 47 14 19 15 68 16 20 17 61 18 4 19 22 20 5
1 43 2 43 3 64 4 84 5 44 6 7 7 98 8 26 9 67 10 51 11 9 12 73 13 63 14 99 15 4 16 72 17 74 18 79 19 27 20 28
1 35 2 92 3 60 4 14 5 20 6 96 7 67 8 21 9 28 10 69 11 26 12 6 13 22 14 15 15 3 16 45 17 81 18 29 19 13 20 49
1 99 2 33 3 64 4 96 5 16 6 56 7 85 8 65 9 70 10 46 11 6 12 55 13 73 14 79 15 81 16 15 17 46 18 51 19 13 20 36
1 85 2 1 3 38 4 29 5 87 6 95 7 8 8 10 9 76 10 63 11 25 12 2 13 50 14 81 15 11 16 80 17 77 18 74 19 20 20 64
1 43 2 23 3 10 4 41 5 51 6 94 7 31 8 4 9 74 10 76 11 29 12 51 13 26 14 61 15 44 16 90 17 34 18 59 19 48 20 66
1 43 2 86 3 11 4 19 5 48 6 30 7 59 8 63 9 39 10 73 11 52 12 77 13 60 14 60 15 71 16 25 17 68 18 47 19 83 20 83
1 83 2 34 3 22 4 99 5 85 6 94 7 37 8 67 9 78 10 97 11 51 12 82 13 83 14 38 15 12 16 23 17 26 18 73 19 32 20 80
1 11 2 6 3 24 4 78 5 66 6 21 7 73 8 38 9 80 10 83 11 99 12 72 13 35 14 7 15 82 16 61 17 83 18 74 19 98 20 45
1 40 2 7 3 30 4 87 5 51 6 64 7 25 8 17 9 2 10 92 11 14 12 54 13 34 14 23 15 47 16 69 17 50 18 34 19 80 20 18
1 19 2 25 3 16 4 71 5 7 6 89 7 41 8 48 9 96 10 13 11 20 12 87 13 60 14 57 15 65 16 21 17 34 18 6 19 23 20 1
1 62 2 52 3 18 4 94 5 94 6 2 7 52 8 85 9 19 10 80 11 28 12 47 13 77 14 69 15 58 16 16 17 73 18 10 19 84 20 61
1 27 2 84 3 96 4 46 5 6 6 55 7 9 8 80 9 48 10 36 11 32 12 42 13 14 14 83 15 23 16 94 17 12 18 11 19 14 20 66
1 81 2 47 3 84 4 46 5 23 6 69 7 7 8 63 9 67 10 23 11 11 12 66 13 17 14 12 15 88 16 31 17 92 18 78 19 89 20 38
1 80 2 61 3 53 4 28 5 40 6 82 7 35 8 89 9 20 10 58 11 25 12 83 13 62 14 48 15 32 16 46 17 12 18 62 19 22 20 41
1 68 2 35 3 56 4 67 5 74 6 82 7 64 8 43 9 40 10 6 11 22 12 76 13 59 14 85 15 46 16 88 17 13 18 85 19 61 20 91
1 91 2 79 3 7 4 30 5 63 6 30 7 55 8 62 9 80 10 58 11 37 12 17 13 22 14 46 15 87 16 90 17 57 18 98 19 59 20 22
1 75 2 84 3 82 4 74 5 2 6 8 7 16 8 60 9 33 10 81 11 94 12 8 13 10 14 93 15 92 16 71 17 78 18 26 19 47 20 72
1 32 2 16 3 35 4 63 5 34 6 91 7 77 8 82 9 57 10 35 11 74 12 37 13 27 14 48 15 10 16 54 17 94 18 56 19 23 20 91
1 47 2 53 3 42 4 16 5 72 6 35 7 33 8 69 9 92 10 26 11 16 12 74 13 97 14 38 15 44 16 33 17 46 18 71 19 56 20 98
1 42 2 14 3 19 4 69 5 34 6 77 7 1 8 29 9 34 10 35 11 69 12 21 13 45 14 31 15 12 16 59 17 45 18 15 19 34 20 14
1 44 2 20 3 66 4 65 5 31 6 71 7 36 8 36 9 58 10 18 11 6 12 66 13 41 14 85 15 62 16 12 17 47 18 82 19 75 20 84
1 65 2 35 3 68 4 70 5 45 6 92 7 68 8 85 9 33 10 21 11 28 12 84 13 56 14 8 15 71 16 69 17 49 18 9 19 37 20 24
1 87 2 59 3 57 4 9 5 31 6 74 7 4 8 89 9 67 10 12 11 45 12 84 13 43 14 30 15 45 16 33 17 27 18 11 19 43 20 6
1 90 2 29 3 46 4 1 5 29 6 90 7 86 8 46 9 81 10 43 11 20 12 78 13 96 14 11 15 29 16 27 17 71 18 54 19 68 20 28
1 12 2 8 3 12 4 90 5 94 6 48 7 4 8 68 9 73 10 88 11 50 12 97 13 7 14 76 15 42 16 88 17 27 18 15 19 72 20 77
1 62 2 51 3 48 4 22 5 97 6 93 7 51 8 85 9 26 10 17 11 54 12 99 13 8 14 4 15 2 16 29 17 80 18 20 19 6 20 86
