100 20
1 28 2 25 3 61 4 9 5 69 6 77 7 21 8 40 9 98 10 65 11 54 12 75 13 57 14 49 15 13 16 31 17 76 18 94 19 28 20 42
1 81 2 97 3 33 4 5 5 88 6 29 7 99 8 77 9 51 10 39 11 54 12 90 13 30 14 54 15 76 16 65 17 10 18 70 19 78 20 29
1 59 2 16 3 13 4 29 5 64 6 69 7 4 8 1 9 95 10 16 11 30 12 40 13 92 14 77 15 67 16 93 17 80 18 88 19 48 20 7
1 96 2 33 3 8 4 40 5 4 6 55 7 43 8 73 9 90 10 68 11 79 12 50 13 62 14 47 15 22 16 54 17 94 18 23 19 14 20 60
1 13 2 22 3 57 4 23 5 97 6 11 7 53 8 3 9 18 10 66 11 75 12 51 13 81 14 90 15 17 16 6 17 79 18 71 19 97 20 76
1 54 2 54 3 63 4 93 5 38 6 71 7 28 8 94 9 46 10 31 11 11 12 46 13 35 14 99 15 30 16 73 17 60 18 30 19 7 20 63
1 43 2 29 3 96 4 25 5 73 6 19 7 65 8 98 9 93 10 52 11 62 12 84 13 27 14 15 15 17 16 86 17 18 18 83 19 69 20 33
1 8 2 27 3 43 4 92 5 33 6 26 7 68 8 44 9 78 10 37 11 81 12 74 13 75 14 7 15 23 16 24 17 21 18 73 19 27 20 91
1 8 2 47 3 65 4 36 5 87 6 5 7 91 8 17 9 82 10 26 11 89 12 73 13 90 14 10 15 63 16 81 17 1 18 51 19 65 20 24
1 22 2 98 3 93 4 99 5 72 6 57 7 67 8 60 9 2 10 48 11 72 12 93 13 75 14 45 15 41 16 96 17 20 18 31 19 94 20 45
1 92 2 47 3 70 4 22 5 31 6 11 7 69 8 72 9 44 10 64 11 95 12 99 13 88 14 83 15 38 16 13 17 9 18 92 19 74 20 28
1 23 2 33 3 44 4 77 5 62 6 59 7 53 8 13 9 75 10 67 11 97 12 25 13 36 14 85 15 96 16 77 17 34 18 24 19 82 20 39
1 36 2 13 3 6 4 8 5 26 6 2 7 52 8 41 9 20 10 53 11 45 12 70 13 51 14 83 15 54 16 62 17 68 18 43 19 28 20 28
1 62 2 56 3 79 4 15 5 53 6 70 7 90 8 86 9 23 10 94 11 2 12 73 13 13 14 59 15 30 16 47 17 62 18 22 19 73 20 22
1 46 2 81 3 13 4 38 5 31 6 83 7 37 8 59 9 98 10 21 11 65 12 8 13 50 14 27 15 29 16 1 17 2 18 19 19 22 20 42
1 60 2 59 3 50 4 9 5 17 6 53 7 7 8 43 9 61 10 61 11 80 12 1 13 37 14 84 15 47 16 18 17 41 18 26 19 89 20 54
1 5 2 27 3 80 4 42 5 46 6 93 7 13 8 53 9 33 10 88 11 40 12 89 13 89 14 73 15 9 16 88 17 94 18 69 19 72 20 83
1 60 2 43 3 87 4 53 5 10 6 79 7 59 8 71 9 65 10 25 11 36 12 88 13 37 14 7 15 11 16 61 17 66 18 15 19 47 20 8
1 50 2 47 3 4 4 74 5 4 6 11 7 69 8 52 9 17 10 61 11 29 12 39 13 67 14 28 15 22 16 90 17 51 18 66 19 58 20 63
1 43 2 77 3 93 4 8 5 29 6 98 7 98 8 17 9 56 10 19 11 53 12 4 13 98 14 12 15 65 16 53 17 23 18 72 19 7 20 75
1 44 2 12 3 19 4 86 5 17 6 49 7 61 8 81 9 37 10 10 11 48 12 9 13 49 14 49 15 56 16 44 17 11 18 86 19 29 20 71
1 23 2 15 3 62 4 73 5 84 6 93 7 38 8 60 9 35 10 83 11 56 12 61 13 85 14 40 15 77 16 67 17 58 18 41 19 99 20 96
1 3 2 36 3 33 4 8 5 40 6 43 7 16 8 75 9 15 10 81 11 43 12 88 13 23 14 1 15 4 16 10 17 2 18 39 19 97 20 11
1 28 2 27 3 19 4 6 5 50 6 3 7 61 8 52 9 91 10 53 11 5 12 64 13 69 14 99 15 32 16 43 17 99 18 29 19 73 20 14
1 79 2 54 3 46 4 33 5 87 6 28 7 78 8 27 9 53 10 11 11 99 12 45 13 8 14 64 15 77 16 29 17 94 18 16 19 45 20 30
1 27 2 70 3 48 4 24 5 73 6 82 7 14 8 32 9 50 10 69 11 98 12 59 13 45 14 66 15 66 16 43 17 17 18 69 19 66 20 64
1 90 2 60 3 31 4 36 5 25 6 89 7 5 8 32 9 48 10 47 11 73 12 8 13 51 14 24 15 51 16 68 17 97 18 49 19 32 20 88
1 59 2 96 3 45 4 49 5 73 6 91 7 4 8 79 9 35 10 37 11 42 12 95 13 84 14 53 15 27 16 61 17 79 18 15 19 64 20 63
1 83 2 45 3 14 4 71 5 89 6 56 7 55 8 6 9 74 10 4 11 90 12 73 13 34 14 16 15 10 16 7 17 14 18 11 19 52 20 5
1 50 2 48 3 43 4 11 5 99 6 86 7 70 8 77 9 39 10 21 11 27 12 82 13 42 14 81 15 72 16 92 17 58 18 93 19 61 20 68
1 67 2 15 3 52 4 36 5 83 6 78 7 42 8 27 9 90 10 11 11 14 12 97 13 91 14 50 15 10 16 64 17 90 18 27 19 69 20 23
1 60 2 7 3 95 4 56 5 89 6 14 7 78 8 48 9 11 10 16 11 61 12 76 13 35 14 32 15 63 16 33 17 34 18 4 19 97 20 34
1 58 2 59 3 51 4 7 5 54 6 8 7 42 8 94 9 26 10 69 11 35 12 19 13 94 14 26 15 93 16 88 17 81 18 2 19 78 20 31
1 60 2 44 3 51 4 99 5 70 6 3 7 44 8 30 9 75 10 35 11 1 12 99 13 57 14 18 15 85 16 16 17 17 18 62 19 77 20 62
1 51 2 6 3 49 4 45 5 88 6 97 7 52 8 57 9 45 10 20 11 78 12 21 13 24 14 32 15 6 16 54 17 91 18 73 19 47 20 58
1 74 2 39 3 70 4 78 5 72 6 70 7 29 8 69 9 94 10 28 11 38 12 55 13 75 14 43 15 82 16 15 17 55 18 91 19 96 20 74
1 30 2 68 3 14 4 36 5 74 6 83 7 43 8 78 9 48 10 72 11 64 12 83 13 61 14 31 15 16 16 6 17 72 18 25 19 85 20 89
1 68 2 83 3 14 4 55 5 97 6 3 7 16 8 89 9 14 10 1 11 6 12 96 13 8 14 13 15 32 16 64 17 67 18 20 19 37 20 63
1 63 2 94 3 97 4 74 5 23 6 34 7 8 8 64 9 99 10 78 11 11 12 90 13 61 14 38 15 30 16 61 17 76 18 69 19 97 20 45
1 38 2 36 3 3 4 30 5 26 6 45 7 85 8 33 9 11 10 83 11 97 12 67 13 76 14 28 15 15 16 90 17 12 18 88 19 9 20 99
1 67 2 23 3 25 4 92 5 50 6 8 7 78 8 46 9 3 10 44 11 84 12 21 13 48 14 15 15 76 16 11 17 80 18 82 19 2 20 84
1 90 2 8 3 61 4 53 5 84 6 2 7 86 8 91 9 67 10 86 11 92 12 95 13 29 14 24 15 79 16 30 17 97 18 9 19 32 20 35
1 35 2 40 3 82 4 17 5 96 6 36 7 60 8 88 9 12 10 76 11 94 12 78 13 22 14 74 15 2 16 99 17 74 18 51 19 77 20 61
1 53 2 29 3 97 4 28 5 84 6 87 7 31 8 2 9 19 10 33 11 26 12 22 13 28 14 25 15 29 16 6 17 16 18 51 19 47 20 26
1 44 2 83 3 66 4 78 5 60 6 22 7 41 8 66 9 64 10 3 11 17 12 78 13 48 14 56 15 20 16 36 17 91 18 95 19 81 20 98
1 58 2 59 3 41 4 23 5 18 6 30 7 39 8 54 9 9 10 65 11 72 12 90 13 31 14 27 15 28 16 66 17 5 18 45 19 31 20 10
1 67 2 21 3 25 4 14 5 9 6 4 7 8 8 19 9 64 10 35 11 53 12 81 13 93 14 22 15 26 16 20 17 61 18 2 19 97 20 2
1 47 2 23 3 27 4 21 5 36 6 62 7 29 8 17 9 3 10 70 11 14 12 44 13 73 14 89 15 71 16 21 17 90 18 28 19 36 20 13
1 85 2 82 3 57 4 1 5 72 6 7 7 25 8 97 9 90 10 51 11 28 12 83 13 91 14 80 15 9 16 59 17 27 18 69 19 2 20 41
1 81 2 8 3 24 4 82 5 35 6 72 7 76 8 91 9 18 10 45 11 83 12 95 13 29 14 69 15 14 16 5 17 92 18 17 19 93 20 55
1 39 2 18 3 75 4 33 5 91 6 20 7 2 8 91 9 18 10 6 11 2 12 40 13 10 14 48 15 65 16 67 17 36 18 83 19 14 20 84
1 65 2 1 3 77 4 35 5 42 6 99 7 82 8 26 9 39 10 18 11 74 12 75 13 46 14 88 15 63 16 25 17 76 18 85 19 56 20 24
1 50 2 43 3 68 4 42 5 49 6 93 7 78 8 43 9 36 10 51 11 45 12 72 13 74 14 36 15 35 16 41 17 36 18 3 19 13 20 24
1 34 2 34 3 22 4 17 5 14 6 17 7 60 8 44 9 99 10 64 11 55 12 67 13 78 14 12 15 96 16 13 17 53 18 70 19 80 20 52
1 77 2 17 3 79 4 51 5 77 6 99 7 12 8 13 9 35 10 20 11 6 12 6 13 91 14 66 15 73 16 88 17 25 18 16 19 37 20 58
1 10 2 22 3 6 4 39 5 59 6 27 7 42 8 27 9 3 10 79 11 34 12 77 13 92 14 97 15 27 16 68 17 29 18 36 19 21 20 37
1 24 2 53 3 26 4 45 5 99 6 8 7 53 8 33 9 24 10 77 11 78 12 96 13 71 14 78 15 4 16 8 17 11 18 65 19 68 20 53
1 6 2 36 3 73 4 27 5 72 6 9 7 18 8 26 9 16 10 64 11 37 12 53 13 87 14 68 15 64 16 47 17 72 18 85 19 89 20 94
1 31 2 86 3 1 4 40 5 21 6 10 7 72 8 21 9 97 10 96 11 15 12 66 13 51 14 10 15 55 16 8 17 22 18 72 19 23 20 45
1 90 2 75 3 42 4 92 5 57 6 1 7 44 8 21 9 52 10 96 11 24 12 69 13 76 14 61 15 59 16 87 17 81 18 94 19 50 20 33
1 20 2 29 3 50 4 6 5 49 6 95 7 38 8 34 9 71 10 50 11 83 12 45 13 48 14 65 15 46 16 24 17 44 18 76 19 42 20 51
1 9 2 56 3 17 4 39 5 79 6 27 7 39 8 62 9 57 10 56 11 13 12 32 13 88 14 18 15 52 16 73 17 10 18 63 19 1 20 58
1 66 2 25 3 14 4 31 5 3 6 85 7 20 8 89 9 15 10 50 11 44 12 3 13 12 14 73 15 61 16 34 17 52 18 37 19 61 20 27
1 28 2 24 3 35 4 26 5 32 6 48 7 16 8 30 9 3 10 69 11 42 12 14 13 56 14 45 15 61 16 58 17 30 18 31 19 44 20 51
1 17 2 94 3 85 4 3 5 59 6 54 7 36 8 42 9 96 10 69 11 80 12 26 13 33 14 2 15 61 16 47 17 6 18 95 19 48 20 44
1 96 2 20 3 20 4 25 5 82 6 1 7 3 8 76 9 37 10 75 11 73 12 80 13 59 14 63 15 51 16 66 17 90 18 58 19 24 20 69
1 7 2 74 3 48 4 61 5 33 6 66 7 25 8 31 9 1 10 73 11 89 12 83 13 87 14 16 15 56 16 29 17 22 18 71 19 92 20 11
1 29 2 26 3 82 4 4 5 38 6 64 7 90 8 54 9 6 10 85 11 58 12 7 13 94 14 5 15 6 16 5 17 71 18 94 19 59 20 51
1 6 2 79 3 30 4 61 5 83 6 89 7 96 8 54 9 85 10 88 11 46 12 80 13 19 14 67 15 8 16 78 17 58 18 41 19 51 20 74
1 70 2 38 3 24 4 52 5 17 6 93 7 95 8 35 9 22 10 54 11 31 12 3 13 34 14 43 15 20 16 73 17 87 18 29 19 51 20 70
1 34 2 62 3 86 4 58 5 5 6 41 7 38 8 84 9 67 10 62 11 73 12 77 13 11 14 10 15 20 16 93 17 40 18 80 19 5 20 37
1 33 2 70 3 32 4 15 5 28 6 99 7 50 8 86 9 82 10 85 11 28 12 68 13 85 14 98 15 18 16 51 17 74 18 79 19 97 20 19
1 92 2 87 3 69 4 42 5 3 6 12 7 81 8 97 9 26 10 77 11 69 12 67 13 4 14 68 15 51 16 49 17 18 18 24 19 49 20 73
1 79 2 81 3 92 4 57 5 39 6 15 7 56 8 36 9 31 10 60 11 89 12 64 13 36 14 72 15 42 16 19 17 67 18 78 19 12 20 57
1 26 2 28 3 57 4 74 5 8 6 30 7 31 8 36 9 84 10 82 11 49 12 35 13 83 14 69 15 1 16 69 17 50 18 9 19 52 20 99
1 87 2 47 3 11 4 84 5 54 6 88 7 83 8 3 9 39 10 13 11 33 12 58 13 46 14 32 15 87 16 67 17 52 18 24 19 18 20 60
1 71 2 50 3 68 4 42 5 41 6 50 7 31 8 69 9 10 10 42 11 29 12 96 13 27 14 43 15 31 16 61 17 45 18 26 19 7 20 28
1 63 2 23 3 33 4 93 5 67 6 89 7 75 8 50 9 65 10 9 11 56 12 12 13 36 14 19 15 50 16 60 17 69 18 32 19 17 20 64
1 64 2 40 3 31 4 59 5 82 6 6 7 26 8 43 9 34 10 48 11 68 12 74 13 86 14 51 15 43 16 18 17 27 18 57 19 59 20 33
1 21 2 98 3 96 4 79 5 91 6 91 7 89 8 92 9 30 10 36 11 28 12 31 13 25 14 79 15 45 16 43 17 80 18 30 19 29 20 48
1 45 2 25 3 46 4 38 5 26 6 37 7 28 8 68 9 68 10 17 11 49 12 85 13 69 14 49 15 41 16 29 17 5 18 87 19 73 20 52
1 94 2 56 3 94 4 44 5 55 6 41 7 21 8 3 9 90 10 32 11 76 12 20 13 28 14 32 15 5 16 57 17 30 18 70 19 95 20 75
1 39 2 26 3 92 4 10 5 32 6 53 7 62 8 35 9 45 10 27 11 88 12 35 13 53 14 13 15 7 16 74 17 5 18 77 19 91 20 77
1 53 2 74 3 68 4 39 5 95 6 32 7 57 8 48 9 43 10 9 11 66 12 15 13 64 14 45 15 86 16 56 17 71 18 62 19 71 20 78
1 13 2 73 3 40 4 4 5 29 6 83 7 63 8 90 9 67 10 18 11 40 12 98 13 94 14 84 15 96 16 81 17 73 18 54 19 38 20 36
1 62 2 61 3 2 4 67 5 9 6 41 7 30 8 94 9 17 10 98 11 49 12 45 13 16 14 85 15 39 16 38 17 13 18 61 19 52 20 63
1 83 2 60 3 46 4 56 5 70 6 55 7 75 8 42 9 62 10 85 11 51 12 16 13 31 14 44 15 58 16 92 17 23 18 66 19 88 20 88
1 96 2 53 3 1 4 56 5 37 6 82 7 24 8 44 9 15 10 16 11 15 12 81 13 56 14 35 15 27 16 43 17 65 18 18 19 91 20 5
1 72 2 25 3 3 4 15 5 62 6 35 7 7 8 43 9 57 10 39 11 8 12 31 13 42 14 6 15 5 16 79 17 56 18 20 19 85 20 94
1 94 2 80 3 58 4 63 5 60 6 79 7 26 8 19 9 4 10 58 11 67 12 55 13 79 14 53 15 39 16 13 17 34 18 12 19 28 20 57
1 15 2 94 3 8 4 91 5 7 6 47 7 61 8 40 9 49 10 43 11 96 12 84 13 44 14 89 15 68 16 95 17 94 18 54 19 40 20 30
1 21 2 49 3 3 4 17 5 72 6 84 7 98 8 23 9 42 10 16 11 80 12 30 13 12 14 65 15 24 16 7 17 40 18 70 19 93 20 49
1 89 2 17 3 95 4 33 5 68 6 97 7 73 8 8 9 68 10 54 11 95 12 6 13 1 14 43 15 19 16 48 17 38 18 17 19 50 20 97
1 76 2 41 3 98 4 94 5 77 6 9 7 81 8 53 9 75 10 40 11 48 12 30 13 49 14 66 15 56 16 39 17 68 18 69 19 32 20 70
1 49 2 70 3 54 4 60 5 28 6 39 7 71 8 68 9 95 10 72 11 21 12 46 13 17 14 85 15 92 16 79 17 57 18 7 19 81 20 73
1 29 2 41 3 93 4 48 5 35 6 75 7 36 8 8 9 49 10 51 11 22 12 83 13 54 14 59 15 61 16 34 17 45 18 4 19 87 20 61
1 96 2 9 3 99 4 39 5 83 6 14 7 37 8 86 9 49 10 84 11 21 12 78 13 93 14 5 15 14 16 23 17 73 18 76 19 79 20 22
1 94 2 68 3 39 4 50 5 31 6 30 7 38 8 43 9 40 10 56 11 31 12 23 13 85 14 94 15 55 16 94 17 78 18 81 19 34 20 77
1 77 2 56 3 47 4 3 5 65 6 17 7 21 8 81 9 72 10 30 11 44 12 13 13 90 14 77 15 22 16 75 17 87 18 24 19 83 20 21
1 41 2 22 3 40 4 33 5 73 6 33 7 41 8 5 9 47 10 69 11 1 12 80 13 9 14 88 15 91 16 16 17 65 18 4 19 85 20 6
