100 20
1 20 2 24 3 40 4 36 5 31 6 46 7 59 8 28 9 99 10 7 11 74 12 84 13 13 14 40 15 68 16 85 17 35 18 39 19 11 20 79
1 58 2 89 3 71 4 81 5 84 6 36 7 79 8 77 9 36 10 1 11 18 12 64 13 79 14 6 15 54 16 67 17 97 18 73 19 84 20 48
1 80 2 13 3 33 4 57 5 10 6 11 7 21 8 72 9 5 10 16 11 72 12 75 13 15 14 5 15 25 16 67 17 37 18 73 19 13 20 31
1 19 2 14 3 41 4 89 5 2 6 48 7 97 8 22 9 8 10 41 11 25 12 26 13 50 14 99 15 24 16 22 17 88 18 51 19 78 20 28
1 50 2 47 3 62 4 41 5 53 6 96 7 36 8 48 9 35 10 54 11 10 12 80 13 96 14 90 15 11 16 65 17 44 18 27 19 11 20 51
1 70 2 33 3 54 4 8 5 19 6 76 7 29 8 91 9 62 10 57 11 31 12 61 13 69 14 40 15 16 16 47 17 84 18 88 19 20 20 6
1 94 2 40 3 52 4 79 5 65 6 81 7 2 8 85 9 32 10 82 11 63 12 88 13 25 14 47 15 58 16 42 17 96 18 66 19 31 20 39
1 7 2 64 3 92 4 47 5 64 6 16 7 72 8 99 9 6 10 15 11 26 12 33 13 76 14 72 15 56 16 86 17 84 18 38 19 55 20 78
1 84 2 30 3 88 4 71 5 43 6 24 7 31 8 28 9 81 10 46 11 21 12 37 13 72 14 65 15 35 16 29 17 31 18 16 19 28 20 82
1 17 2 17 3 34 4 94 5 86 6 41 7 66 8 70 9 81 10 1 11 60 12 35 13 9 14 88 15 36 16 95 17 25 18 42 19 33 20 27
1 3 2 21 3 75 4 41 5 50 6 39 7 32 8 87 9 9 10 72 11 56 12 38 13 79 14 36 15 89 16 1 17 62 18 73 19 45 20 54
1 81 2 70 3 7 4 56 5 61 6 6 7 67 8 87 9 9 10 58 11 71 12 4 13 34 14 94 15 34 16 2 17 69 18 33 19 85 20 63
1 48 2 60 3 16 4 57 5 49 6 83 7 90 8 62 9 25 10 12 11 72 12 86 13 63 14 53 15 49 16 30 17 29 18 53 19 92 20 58
1 84 2 27 3 82 4 13 5 96 6 58 7 81 8 48 9 1 10 40 11 74 12 68 13 70 14 71 15 28 16 23 17 47 18 71 19 23 20 34
1 53 2 34 3 79 4 62 5 53 6 64 7 44 8 62 9 10 10 85 11 12 12 68 13 27 14 27 15 34 16 14 17 35 18 16 19 75 20 59
1 28 2 70 3 36 4 45 5 3 6 31 7 87 8 92 9 4 10 68 11 93 12 87 13 67 14 22 15 9 16 50 17 81 18 60 19 21 20 2
1 93 2 99 3 97 4 28 5 9 6 14 7 44 8 87 9 71 10 84 11 3 12 35 13 99 14 27 15 53 16 10 17 12 18 75 19 22 20 32
1 85 2 43 3 31 4 31 5 57 6 91 7 22 8 10 9 62 10 40 11 26 12 11 13 93 14 59 15 75 16 83 17 60 18 69 19 65 20 34
1 25 2 53 3 40 4 97 5 3 6 3 7 88 8 35 9 53 10 38 11 57 12 37 13 53 14 31 15 3 16 85 17 26 18 67 19 8 20 60
1 72 2 42 3 49 4 62 5 84 6 82 7 58 8 94 9 54 10 32 11 83 12 78 13 88 14 45 15 99 16 34 17 73 18 92 19 4 20 19
1 91 2 97 3 41 4 72 5 75 6 40 7 67 8 11 9 53 10 21 11 84 12 85 13 18 14 57 15 26 16 80 17 16 18 22 19 92 20 36
1 93 2 34 3 13 4 78 5 35 6 85 7 86 8 47 9 88 10 50 11 41 12 30 13 90 14 96 15 38 16 56 17 55 18 3 19 99 20 23
1 44 2 89 3 9 4 65 5 53 6 43 7 33 8 1 9 7 10 5 11 92 12 69 13 98 14 71 15 59 16 96 17 77 18 82 19 14 20 82
1 11 2 96 3 78 4 14 5 42 6 2 7 82 8 32 9 10 10 8 11 70 12 45 13 93 14 74 15 45 16 9 17 98 18 49 19 4 20 75
1 53 2 28 3 51 4 93 5 92 6 59 7 68 8 96 9 38 10 89 11 23 12 70 13 39 14 64 15 12 16 60 17 33 18 74 19 17 20 17
1 39 2 85 3 18 4 90 5 31 6 14 7 93 8 48 9 45 10 31 11 76 12 38 13 60 14 87 15 8 16 58 17 79 18 61 19 18 20 94
1 99 2 93 3 28 4 7 5 74 6 62 7 57 8 7 9 73 10 92 11 15 12 88 13 10 14 81 15 18 16 50 17 33 18 90 19 71 20 82
1 98 2 20 3 42 4 70 5 51 6 50 7 5 8 64 9 80 10 50 11 57 12 84 13 6 14 95 15 21 16 8 17 9 18 10 19 31 20 78
1 58 2 26 3 79 4 35 5 16 6 53 7 72 8 30 9 33 10 38 11 23 12 49 13 54 14 56 15 60 16 91 17 3 18 67 19 2 20 49
1 85 2 30 3 25 4 12 5 22 6 30 7 12 8 53 9 51 10 50 11 31 12 65 13 37 14 81 15 18 16 35 17 37 18 58 19 94 20 75
1 94 2 7 3 77 4 96 5 40 6 14 7 21 8 41 9 95 10 38 11 33 12 53 13 24 14 8 15 52 16 99 17 79 18 59 19 91 20 98
1 49 2 4 3 27 4 2 5 29 6 70 7 6 8 64 9 57 10 50 11 84 12 66 13 84 14 47 15 78 16 76 17 32 18 97 19 14 20 57
1 55 2 68 3 10 4 36 5 90 6 3 7 66 8 16 9 57 10 54 11 80 12 9 13 26 14 56 15 76 16 80 17 77 18 29 19 21 20 72
1 33 2 52 3 2 4 40 5 6 6 59 7 22 8 50 9 35 10 77 11 99 12 22 13 36 14 78 15 10 16 2 17 78 18 90 19 58 20 63
1 65 2 45 3 89 4 51 5 11 6 64 7 38 8 83 9 26 10 2 11 21 12 21 13 64 14 60 15 31 16 48 17 25 18 21 19 43 20 14
1 10 2 64 3 76 4 5 5 8 6 70 7 85 8 75 9 8 10 24 11 84 12 14 13 93 14 23 15 11 16 73 17 7 18 33 19 73 20 8
1 75 2 73 3 74 4 65 5 45 6 46 7 34 8 51 9 14 10 24 11 61 12 21 13 68 14 11 15 28 16 70 17 80 18 1 19 80 20 69
1 52 2 19 3 65 4 63 5 70 6 57 7 28 8 2 9 25 10 12 11 58 12 45 13 3 14 24 15 36 16 50 17 55 18 36 19 2 20 43
1 35 2 23 3 9 4 26 5 95 6 8 7 67 8 90 9 33 10 97 11 94 12 30 13 45 14 45 15 28 16 39 17 91 18 85 19 93 20 60
1 53 2 59 3 49 4 40 5 48 6 45 7 77 8 22 9 83 10 73 11 87 12 4 13 72 14 77 15 1 16 35 17 38 18 59 19 6 20 47
1 99 2 53 3 70 4 92 5 77 6 27 7 84 8 48 9 17 10 37 11 27 12 38 13 28 14 5 15 69 16 35 17 87 18 76 19 30 20 96
1 59 2 26 3 81 4 58 5 55 6 11 7 99 8 23 9 51 10 59 11 49 12 27 13 1 14 60 15 71 16 12 17 15 18 9 19 60 20 91
1 66 2 35 3 42 4 27 5 52 6 33 7 74 8 73 9 10 10 63 11 26 12 5 13 56 14 30 15 53 16 59 17 88 18 24 19 23 20 45
1 55 2 99 3 32 4 54 5 41 6 59 7 31 8 55 9 49 10 37 11 72 12 91 13 81 14 74 15 87 16 17 17 69 18 66 19 58 20 27
1 32 2 27 3 33 4 28 5 69 6 44 7 29 8 48 9 87 10 24 11 36 12 37 13 91 14 62 15 7 16 34 17 31 18 6 19 75 20 4
1 75 2 65 3 18 4 24 5 52 6 62 7 80 8 58 9 85 10 90 11 61 12 72 13 9 14 12 15 95 16 15 17 30 18 86 19 73 20 97
1 57 2 20 3 78 4 64 5 55 6 46 7 8 8 53 9 17 10 26 11 55 12 66 13 31 14 35 15 1 16 53 17 41 18 74 19 69 20 4
1 67 2 97 3 13 4 60 5 1 6 35 7 7 8 77 9 54 10 62 11 82 12 69 13 59 14 20 15 56 16 77 17 23 18 80 19 12 20 3
1 97 2 76 3 45 4 38 5 89 6 36 7 60 8 59 9 18 10 74 11 24 12 95 13 17 14 74 15 79 16 61 17 91 18 59 19 42 20 6
1 5 2 87 3 87 4 10 5 55 6 58 7 13 8 53 9 5 10 49 11 97 12 5 13 88 14 62 15 71 16 96 17 47 18 15 19 78 20 45
1 47 2 12 3 19 4 32 5 63 6 78 7 77 8 51 9 59 10 54 11 48 12 96 13 52 14 42 15 57 16 30 17 34 18 77 19 80 20 7
1 11 2 2 3 91 4 99 5 5 6 43 7 39 8 64 9 8 10 26 11 71 12 32 13 73 14 26 15 91 16 92 17 55 18 51 19 11 20 22
1 75 2 49 3 95 4 88 5 6 6 19 7 99 8 73 9 27 10 50 11 25 12 33 13 94 14 35 15 63 16 44 17 80 18 7 19 72 20 95
1 40 2 48 3 41 4 15 5 18 6 31 7 68 8 99 9 79 10 78 11 95 12 37 13 37 14 50 15 79 16 30 17 2 18 30 19 78 20 99
1 42 2 99 3 16 4 58 5 35 6 84 7 84 8 35 9 20 10 4 11 9 12 44 13 35 14 5 15 68 16 43 17 69 18 9 19 78 20 57
1 94 2 93 3 53 4 63 5 41 6 81 7 74 8 37 9 52 10 24 11 45 12 19 13 72 14 62 15 78 16 83 17 98 18 83 19 58 20 61
1 47 2 16 3 28 4 48 5 63 6 74 7 45 8 36 9 29 10 38 11 66 12 62 13 96 14 22 15 95 16 81 17 92 18 20 19 51 20 71
1 30 2 23 3 77 4 20 5 1 6 96 7 32 8 13 9 8 10 36 11 18 12 64 13 58 14 1 15 72 16 10 17 20 18 6 19 40 20 91
1 56 2 39 3 68 4 50 5 93 6 71 7 79 8 57 9 5 10 95 11 41 12 12 13 84 14 81 15 88 16 32 17 94 18 37 19 31 20 25
1 92 2 74 3 49 4 10 5 76 6 11 7 44 8 32 9 89 10 56 11 69 12 76 13 65 14 47 15 53 16 39 17 41 18 89 19 39 20 20
1 56 2 31 3 66 4 73 5 96 6 31 7 41 8 79 9 66 10 49 11 39 12 28 13 24 14 85 15 64 16 37 17 85 18 40 19 35 20 77
1 30 2 26 3 41 4 6 5 19 6 83 7 52 8 54 9 71 10 86 11 45 12 78 13 61 14 5 15 87 16 43 17 44 18 42 19 30 20 12
1 7 2 18 3 80 4 53 5 6 6 81 7 29 8 22 9 49 10 1 11 79 12 56 13 15 14 36 15 48 16 31 17 57 18 49 19 20 20 67
1 20 2 34 3 78 4 27 5 40 6 46 7 23 8 28 9 84 10 33 11 87 12 76 13 18 14 3 15 77 16 50 17 96 18 75 19 91 20 12
1 34 2 51 3 54 4 37 5 82 6 69 7 49 8 19 9 69 10 48 11 96 12 13 13 4 14 28 15 74 16 7 17 24 18 98 19 30 20 97
1 59 2 94 3 87 4 22 5 59 6 30 7 2 8 55 9 36 10 73 11 98 12 15 13 54 14 55 15 3 16 54 17 89 18 50 19 68 20 9
1 81 2 42 3 11 4 12 5 55 6 75 7 10 8 91 9 87 10 5 11 44 12 56 13 18 14 89 15 51 16 94 17 11 18 56 19 37 20 85
1 55 2 33 3 9 4 20 5 26 6 80 7 98 8 88 9 55 10 78 11 53 12 46 13 3 14 56 15 46 16 34 17 27 18 21 19 81 20 14
1 52 2 50 3 80 4 48 5 22 6 10 7 56 8 18 9 67 10 63 11 47 12 43 13 71 14 4 15 29 16 99 17 6 18 19 19 56 20 96
1 44 2 94 3 83 4 30 5 65 6 61 7 21 8 76 9 8 10 99 11 68 12 42 13 38 14 44 15 7 16 3 17 61 18 10 19 84 20 78
1 74 2 26 3 84 4 41 5 3 6 46 7 39 8 90 9 62 10 63 11 74 12 4 13 37 14 75 15 72 16 30 17 43 18 95 19 41 20 97
1 70 2 92 3 36 4 70 5 37 6 36 7 42 8 34 9 29 10 80 11 91 12 56 13 71 14 14 15 31 16 75 17 80 18 73 19 32 20 56
1 84 2 20 3 64 4 44 5 69 6 63 7 94 8 86 9 66 10 97 11 25 12 90 13 12 14 62 15 83 16 32 17 12 18 38 19 22 20 92
1 63 2 61 3 46 4 6 5 83 6 49 7 78 8 84 9 97 10 56 11 76 12 9 13 38 14 21 15 80 16 47 17 24 18 95 19 80 20 65
1 72 2 91 3 21 4 70 5 12 6 67 7 65 8 90 9 47 10 82 11 62 12 3 13 84 14 30 15 91 16 5 17 11 18 41 19 14 20 28
1 78 2 58 3 53 4 17 5 36 6 3 7 83 8 91 9 73 10 81 11 74 12 2 13 31 14 37 15 78 16 74 17 51 18 41 19 78 20 26
1 33 2 70 3 10 4 45 5 70 6 2 7 92 8 50 9 54 10 64 11 44 12 4 13 99 14 43 15 43 16 11 17 60 18 53 19 45 20 63
1 87 2 20 3 71 4 95 5 71 6 99 7 79 8 19 9 41 10 74 11 8 12 55 13 87 14 87 15 37 16 52 17 36 18 6 19 42 20 30
1 3 2 86 3 3 4 89 5 57 6 27 7 28 8 88 9 48 10 26 11 58 12 6 13 33 14 3 15 25 16 61 17 93 18 69 19 53 20 47
1 28 2 36 3 39 4 63 5 66 6 44 7 18 8 67 9 17 10 84 11 9 12 33 13 80 14 27 15 42 16 60 17 96 18 81 19 31 20 88
1 17 2 60 3 51 4 61 5 26 6 60 7 80 8 45 9 20 10 62 11 55 12 25 13 68 14 56 15 5 16 14 17 20 18 19 19 92 20 88
1 23 2 78 3 35 4 94 5 31 6 67 7 10 8 15 9 32 10 94 11 15 12 53 13 42 14 45 15 39 16 84 17 64 18 27 19 10 20 22
1 14 2 8 3 70 4 91 5 23 6 35 7 6 8 52 9 93 10 26 11 89 12 49 13 89 14 60 15 6 16 60 17 24 18 70 19 42 20 86
1 64 2 47 3 19 4 17 5 30 6 79 7 53 8 71 9 77 10 95 11 73 12 97 13 32 14 25 15 85 16 79 17 17 18 31 19 78 20 31
1 21 2 5 3 34 4 96 5 95 6 63 7 4 8 60 9 35 10 6 11 75 12 41 13 61 14 11 15 74 16 52 17 60 18 43 19 50 20 66
1 74 2 71 3 89 4 81 5 59 6 62 7 64 8 62 9 67 10 68 11 87 12 47 13 60 14 10 15 76 16 46 17 56 18 48 19 61 20 13
1 13 2 38 3 37 4 11 5 12 6 63 7 97 8 26 9 27 10 89 11 74 12 80 13 83 14 49 15 79 16 49 17 44 18 30 19 30 20 53
1 46 2 26 3 31 4 1 5 43 6 27 7 91 8 70 9 89 10 68 11 2 12 82 13 72 14 29 15 12 16 37 17 46 18 50 19 93 20 77
1 6 2 77 3 7 4 63 5 21 6 85 7 67 8 77 9 95 10 52 11 97 12 79 13 21 14 20 15 7 16 54 17 71 18 79 19 22 20 77
1 59 2 11 3 69 4 85 5 7 6 85 7 42 8 44 9 74 10 69 11 68 12 64 13 37 14 4 15 89 16 96 17 92 18 74 19 33 20 90
1 12 2 5 3 15 4 16 5 64 6 6 7 65 8 53 9 19 10 93 11 21 12 38 13 54 14 46 15 33 16 38 17 32 18 12 19 90 20 46
1 8 2 78 3 95 4 28 5 47 6 10 7 16 8 45 9 18 10 4 11 98 12 35 13 85 14 77 15 4 16 33 17 87 18 47 19 5 20 81
1 25 2 31 3 83 4 45 5 23 6 30 7 89 8 40 9 92 10 48 11 63 12 63 13 76 14 90 15 1 16 24 17 1 18 77 19 91 20 78
1 93 2 32 3 97 4 85 5 91 6 40 7 67 8 84 9 31 10 5 11 89 12 59 13 69 14 68 15 46 16 4 17 90 18 76 19 97 20 33
1 23 2 46 3 36 4 70 5 98 6 45 7 49 8 50 9 52 10 67 11 6 12 58 13 71 14 53 15 36 16 80 17 8 18 27 19 21 20 66
1 98 2 97 3 69 4 24 5 10 6 7 7 79 8 84 9 50 10 86 11 24 12 28 13 73 14 72 15 19 16 20 17 8 18 20 19 45 20 59
1 51 2 54 3 58 4 16 5 38 6 94 7 72 8 69 9 14 10 83 11 86 12 58 13 61 14 77 15 63 16 67 17 1 18 59 19 18 20 26
1 45 2 82 3 78 4 43 5 61 6 2 7 70 8 52 9 99 10 60 11 97 12 1 13 76 14 8 15 15 16 69 17 5 18 31 19 39 20 34
1 9 2 81 3 34 4 16 5 14 6 13 7 36 8 73 9 6 10 43 11 29 12 68 13 59 14 76 15 86 16 43 17 12 18 18 19 55 20 21
1 9 2 47 3 17 4 49 5 28 6 12 7 84 8 12 9 62 10 15 11 7 12 26 13 58 14 30 15 5 16 7 17 40 18 50 19 30 20 64
