200 10
1 68 2 55 3 10 4 91 5 98 6 1 7 14 8 84 9 84 10 77
1 19 2 80 3 82 4 74 5 8 6 16 7 9 8 36 9 77 10 25
1 72 2 1 3 94 4 58 5 27 6 84 7 34 8 98 9 96 10 52
1 89 2 87 3 68 4 64 5 34 6 57 7 28 8 70 9 95 10 24
1 56 2 95 3 91 4 91 5 32 6 23 7 23 8 32 9 81 10 4
1 53 2 78 3 44 4 97 5 79 6 65 7 80 8 49 9 79 10 30
1 14 2 62 3 5 4 74 5 66 6 34 7 13 8 78 9 97 10 81
1 24 2 32 3 37 4 61 5 4 6 33 7 93 8 39 9 63 10 34
1 77 2 94 3 5 4 90 5 53 6 84 7 36 8 3 9 19 10 59
1 54 2 92 3 96 4 10 5 36 6 88 7 60 8 4 9 42 10 85
1 5 2 62 3 59 4 60 5 13 6 58 7 4 8 29 9 62 10 43
1 5 2 2 3 16 4 99 5 84 6 67 7 14 8 89 9 7 10 65
1 95 2 93 3 13 4 71 5 74 6 99 7 75 8 49 9 88 10 23
1 8 2 8 3 77 4 61 5 15 6 81 7 23 8 18 9 32 10 53
1 8 2 87 3 78 4 30 5 98 6 88 7 11 8 36 9 10 10 3
1 8 2 67 3 18 4 8 5 18 6 9 7 83 8 40 9 21 10 30
1 1 2 87 3 73 4 97 5 13 6 66 7 18 8 4 9 50 10 54
1 89 2 84 3 25 4 82 5 22 6 27 7 44 8 38 9 8 10 15
1 94 2 65 3 67 4 15 5 48 6 41 7 57 8 63 9 76 10 11
1 66 2 65 3 46 4 6 5 63 6 72 7 6 8 40 9 95 10 12
1 48 2 64 3 13 4 26 5 55 6 85 7 55 8 59 9 79 10 37
1 54 2 98 3 44 4 36 5 30 6 89 7 76 8 18 9 43 10 12
1 75 2 84 3 37 4 34 5 55 6 56 7 1 8 79 9 12 10 40
1 29 2 17 3 48 4 79 5 91 6 63 7 34 8 15 9 22 10 42
1 36 2 37 3 84 4 77 5 79 6 61 7 90 8 88 9 36 10 21
1 73 2 41 3 91 4 58 5 69 6 90 7 18 8 80 9 96 10 6
1 24 2 11 3 52 4 74 5 78 6 76 7 78 8 51 9 89 10 96
1 49 2 97 3 32 4 48 5 50 6 50 7 70 8 8 9 38 10 24
1 18 2 68 3 43 4 6 5 6 6 13 7 86 8 71 9 15 10 39
1 86 2 28 3 4 4 71 5 96 6 70 7 29 8 24 9 51 10 4
1 4 2 35 3 77 4 99 5 63 6 30 7 52 8 42 9 56 10 98
1 76 2 11 3 13 4 14 5 58 6 45 7 29 8 47 9 74 10 62
1 32 2 55 3 36 4 93 5 26 6 2 7 87 8 61 9 79 10 49
1 66 2 46 3 68 4 61 5 33 6 73 7 87 8 88 9 34 10 43
1 42 2 9 3 32 4 25 5 39 6 45 7 16 8 96 9 7 10 73
1 82 2 12 3 88 4 56 5 20 6 96 7 75 8 34 9 98 10 22
1 52 2 35 3 97 4 88 5 56 6 64 7 93 8 69 9 10 10 31
1 59 2 41 3 38 4 13 5 94 6 68 7 41 8 95 9 57 10 41
1 25 2 19 3 45 4 86 5 6 6 2 7 9 8 20 9 32 10 61
1 48 2 77 3 43 4 83 5 88 6 3 7 36 8 13 9 42 10 24
1 71 2 5 3 80 4 22 5 35 6 7 7 98 8 32 9 96 10 1
1 64 2 7 3 44 4 75 5 34 6 42 7 90 8 79 9 43 10 98
1 94 2 65 3 53 4 65 5 3 6 29 7 2 8 12 9 34 10 32
1 19 2 73 3 42 4 59 5 10 6 5 7 51 8 63 9 59 10 48
1 56 2 46 3 80 4 68 5 41 6 86 7 92 8 10 9 46 10 86
1 43 2 53 3 59 4 49 5 77 6 13 7 21 8 39 9 85 10 19
1 24 2 7 3 77 4 86 5 3 6 31 7 82 8 91 9 15 10 25
1 24 2 68 3 47 4 56 5 80 6 54 7 55 8 23 9 68 10 6
1 83 2 53 3 88 4 8 5 97 6 14 7 76 8 4 9 81 10 10
1 23 2 92 3 93 4 69 5 94 6 70 7 30 8 81 9 83 10 81
1 82 2 7 3 92 4 17 5 71 6 80 7 47 8 69 9 23 10 24
1 1 2 62 3 70 4 5 5 79 6 46 7 36 8 20 9 42 10 43
1 98 2 10 3 22 4 97 5 67 6 66 7 39 8 60 9 26 10 43
1 4 2 31 3 11 4 51 5 58 6 74 7 76 8 74 9 74 10 25
1 79 2 62 3 43 4 74 5 4 6 79 7 7 8 69 9 78 10 69
1 44 2 27 3 47 4 35 5 48 6 94 7 69 8 18 9 28 10 99
1 42 2 15 3 76 4 96 5 15 6 72 7 92 8 64 9 12 10 20
1 62 2 86 3 30 4 98 5 69 6 60 7 78 8 38 9 26 10 66
1 59 2 2 3 18 4 76 5 44 6 59 7 52 8 86 9 53 10 97
1 15 2 61 3 96 4 89 5 22 6 69 7 76 8 7 9 33 10 93
1 49 2 54 3 4 4 99 5 69 6 85 7 44 8 96 9 43 10 30
1 6 2 21 3 81 4 19 5 21 6 70 7 90 8 16 9 94 10 78
1 52 2 75 3 24 4 36 5 87 6 25 7 96 8 50 9 73 10 39
1 69 2 5 3 76 4 15 5 89 6 16 7 86 8 16 9 21 10 52
1 84 2 44 3 34 4 92 5 5 6 20 7 82 8 45 9 28 10 16
1 24 2 32 3 31 4 70 5 54 6 5 7 57 8 66 9 83 10 61
1 45 2 32 3 1 4 74 5 82 6 86 7 8 8 61 9 73 10 16
1 16 2 33 3 90 4 73 5 7 6 26 7 7 8 97 9 16 10 22
1 45 2 39 3 85 4 90 5 34 6 20 7 55 8 50 9 77 10 35
1 5 2 96 3 72 4 39 5 35 6 15 7 62 8 61 9 1 10 80
1 55 2 68 3 35 4 14 5 85 6 54 7 71 8 71 9 84 10 78
1 50 2 81 3 38 4 23 5 35 6 69 7 33 8 90 9 8 10 19
1 44 2 82 3 50 4 54 5 48 6 16 7 38 8 94 9 74 10 55
1 59 2 81 3 72 4 32 5 5 6 18 7 55 8 78 9 33 10 33
1 43 2 28 3 88 4 74 5 54 6 65 7 44 8 47 9 97 10 53
1 19 2 98 3 96 4 33 5 40 6 46 7 25 8 18 9 40 10 82
1 36 2 86 3 83 4 29 5 21 6 73 7 12 8 79 9 87 10 96
1 88 2 4 3 64 4 9 5 97 6 32 7 9 8 6 9 57 10 86
1 75 2 81 3 46 4 21 5 94 6 97 7 10 8 35 9 81 10 31
1 48 2 20 3 97 4 35 5 65 6 52 7 85 8 11 9 77 10 18
1 42 2 58 3 93 4 10 5 27 6 12 7 69 8 34 9 84 10 53
1 6 2 48 3 48 4 48 5 26 6 39 7 97 8 51 9 86 10 49
1 68 2 85 3 21 4 71 5 90 6 45 7 63 8 33 9 38 10 64
1 5 2 94 3 82 4 38 5 68 6 16 7 92 8 50 9 3 10 22
1 75 2 34 3 46 4 38 5 45 6 15 7 97 8 94 9 93 10 53
1 49 2 5 3 18 4 10 5 84 6 21 7 84 8 31 9 68 10 44
1 88 2 5 3 17 4 62 5 32 6 81 7 99 8 83 9 13 10 4
1 61 2 59 3 19 4 57 5 66 6 53 7 72 8 88 9 78 10 61
1 91 2 65 3 12 4 89 5 29 6 67 7 27 8 31 9 66 10 57
1 89 2 91 3 22 4 10 5 36 6 98 7 7 8 48 9 68 10 15
1 11 2 77 3 46 4 96 5 8 6 12 7 61 8 41 9 95 10 68
1 39 2 52 3 76 4 26 5 18 6 5 7 72 8 53 9 30 10 77
1 84 2 10 3 60 4 38 5 64 6 8 7 6 8 89 9 5 10 72
1 70 2 27 3 55 4 66 5 7 6 48 7 38 8 87 9 49 10 71
1 1 2 84 3 55 4 61 5 14 6 13 7 9 8 84 9 87 10 69
1 24 2 54 3 10 4 93 5 92 6 65 7 53 8 80 9 2 10 63
1 24 2 82 3 17 4 33 5 18 6 19 7 18 8 1 9 44 10 4
1 79 2 93 3 17 4 86 5 86 6 90 7 68 8 83 9 89 10 82
1 28 2 20 3 96 4 71 5 92 6 47 7 12 8 93 9 51 10 54
1 38 2 15 3 19 4 73 5 98 6 33 7 34 8 10 9 9 10 77
1 91 2 90 3 58 4 87 5 90 6 92 7 31 8 79 9 38 10 84
1 53 2 52 3 56 4 68 5 63 6 36 7 40 8 38 9 39 10 1
1 92 2 7 3 3 4 6 5 20 6 57 7 76 8 61 9 50 10 40
1 38 2 36 3 69 4 46 5 22 6 65 7 11 8 49 9 19 10 56
1 50 2 82 3 34 4 64 5 69 6 94 7 10 8 92 9 25 10 45
1 35 2 19 3 74 4 26 5 54 6 24 7 33 8 93 9 46 10 22
1 68 2 97 3 38 4 84 5 96 6 43 7 99 8 93 9 87 10 49
1 70 2 45 3 56 4 84 5 24 6 37 7 13 8 42 9 18 10 50
1 22 2 67 3 5 4 56 5 33 6 45 7 91 8 86 9 30 10 76
1 85 2 83 3 24 4 54 5 21 6 27 7 54 8 5 9 58 10 3
1 59 2 45 3 53 4 18 5 58 6 47 7 36 8 74 9 10 10 56
1 71 2 14 3 73 4 25 5 25 6 84 7 32 8 80 9 92 10 96
1 1 2 50 3 46 4 80 5 97 6 39 7 99 8 48 9 55 10 33
1 79 2 98 3 1 4 80 5 11 6 16 7 87 8 78 9 16 10 16
1 22 2 28 3 60 4 14 5 26 6 66 7 15 8 41 9 55 10 51
1 12 2 63 3 94 4 14 5 99 6 23 7 97 8 63 9 32 10 99
1 77 2 46 3 18 4 55 5 95 6 64 7 14 8 95 9 42 10 56
1 31 2 78 3 89 4 97 5 11 6 14 7 21 8 74 9 9 10 65
1 33 2 21 3 52 4 76 5 95 6 97 7 79 8 86 9 58 10 93
1 89 2 88 3 70 4 45 5 19 6 26 7 16 8 10 9 45 10 98
1 95 2 50 3 81 4 57 5 99 6 13 7 39 8 44 9 55 10 74
1 81 2 60 3 22 4 60 5 11 6 82 7 5 8 14 9 58 10 80
1 14 2 23 3 67 4 29 5 23 6 46 7 36 8 11 9 11 10 92
1 9 2 20 3 8 4 84 5 42 6 7 7 32 8 52 9 69 10 67
1 1 2 9 3 87 4 25 5 36 6 9 7 2 8 99 9 12 10 55
1 84 2 8 3 26 4 72 5 31 6 2 7 56 8 58 9 48 10 60
1 35 2 17 3 5 4 31 5 92 6 49 7 86 8 36 9 85 10 23
1 15 2 62 3 6 4 43 5 61 6 52 7 47 8 69 9 88 10 68
1 69 2 58 3 69 4 47 5 19 6 81 7 54 8 54 9 69 10 65
1 44 2 45 3 11 4 84 5 95 6 90 7 28 8 38 9 83 10 38
1 47 2 99 3 77 4 78 5 84 6 77 7 72 8 37 9 87 10 19
1 93 2 82 3 97 4 81 5 37 6 32 7 78 8 40 9 43 10 85
1 19 2 87 3 11 4 62 5 40 6 57 7 35 8 49 9 58 10 82
1 13 2 99 3 73 4 89 5 7 6 50 7 60 8 23 9 59 10 98
1 21 2 47 3 14 4 89 5 37 6 85 7 83 8 25 9 25 10 63
1 16 2 39 3 10 4 89 5 8 6 71 7 90 8 90 9 30 10 12
1 93 2 83 3 36 4 54 5 28 6 30 7 39 8 25 9 47 10 36
1 64 2 57 3 27 4 62 5 89 6 88 7 21 8 25 9 42 10 15
1 15 2 42 3 66 4 28 5 22 6 64 7 18 8 73 9 64 10 35
1 59 2 37 3 36 4 29 5 56 6 38 7 69 8 25 9 55 10 84
1 88 2 74 3 68 4 60 5 9 6 47 7 55 8 84 9 48 10 85
1 45 2 78 3 17 4 58 5 47 6 79 7 45 8 3 9 71 10 21
1 66 2 30 3 19 4 75 5 1 6 30 7 53 8 83 9 72 10 64
1 91 2 93 3 34 4 10 5 3 6 43 7 65 8 57 9 44 10 85
1 19 2 1 3 61 4 80 5 53 6 18 7 74 8 95 9 82 10 96
1 71 2 89 3 36 4 73 5 93 6 38 7 55 8 51 9 77 10 61
1 99 2 67 3 72 4 73 5 19 6 48 7 9 8 52 9 51 10 95
1 7 2 34 3 5 4 74 5 39 6 93 7 79 8 37 9 82 10 98
1 54 2 82 3 56 4 84 5 76 6 58 7 35 8 54 9 74 10 83
1 43 2 4 3 65 4 37 5 28 6 64 7 12 8 48 9 67 10 54
1 74 2 97 3 50 4 26 5 4 6 59 7 32 8 6 9 54 10 47
1 24 2 3 3 99 4 80 5 34 6 13 7 51 8 81 9 22 10 3
1 88 2 50 3 24 4 26 5 96 6 4 7 24 8 71 9 78 10 78
1 88 2 49 3 64 4 72 5 1 6 36 7 94 8 40 9 58 10 65
1 97 2 89 3 10 4 39 5 45 6 93 7 75 8 12 9 55 10 36
1 25 2 71 3 75 4 65 5 56 6 16 7 33 8 66 9 29 10 9
1 88 2 50 3 51 4 21 5 48 6 57 7 1 8 7 9 33 10 29
1 66 2 47 3 59 4 9 5 25 6 50 7 43 8 30 9 68 10 84
1 39 2 95 3 56 4 54 5 8 6 25 7 37 8 11 9 55 10 80
1 2 2 35 3 38 4 15 5 18 6 22 7 6 8 55 9 99 10 62
1 92 2 51 3 80 4 46 5 39 6 93 7 85 8 57 9 29 10 25
1 36 2 36 3 1 4 5 5 9 6 32 7 30 8 70 9 11 10 15
1 90 2 76 3 25 4 92 5 8 6 3 7 96 8 4 9 49 10 72
1 67 2 77 3 58 4 24 5 16 6 94 7 58 8 48 9 33 10 89
1 36 2 78 3 26 4 68 5 78 6 67 7 38 8 19 9 86 10 74
1 7 2 56 3 59 4 35 5 80 6 21 7 10 8 18 9 95 10 70
1 91 2 92 3 6 4 90 5 35 6 59 7 73 8 15 9 87 10 93
1 28 2 65 3 2 4 18 5 42 6 22 7 55 8 18 9 39 10 13
1 68 2 99 3 39 4 60 5 68 6 62 7 43 8 40 9 50 10 38
1 10 2 53 3 5 4 30 5 34 6 1 7 6 8 39 9 55 10 23
1 49 2 8 3 56 4 27 5 22 6 94 7 31 8 85 9 2 10 96
1 98 2 60 3 43 4 31 5 66 6 25 7 14 8 77 9 64 10 68
1 59 2 77 3 86 4 87 5 89 6 33 7 90 8 65 9 36 10 77
1 73 2 41 3 28 4 92 5 12 6 76 7 48 8 31 9 2 10 55
1 26 2 25 3 48 4 43 5 1 6 95 7 77 8 28 9 24 10 98
1 93 2 97 3 66 4 47 5 30 6 70 7 20 8 97 9 94 10 29
1 66 2 11 3 22 4 84 5 3 6 89 7 91 8 25 9 39 10 49
1 68 2 93 3 44 4 90 5 93 6 42 7 46 8 68 9 37 10 43
1 89 2 57 3 98 4 46 5 67 6 71 7 81 8 65 9 53 10 78
1 3 2 52 3 97 4 19 5 61 6 5 7 76 8 66 9 60 10 49
1 8 2 74 3 55 4 20 5 20 6 25 7 75 8 14 9 3 10 56
1 57 2 77 3 85 4 49 5 47 6 28 7 39 8 97 9 17 10 97
1 62 2 23 3 56 4 95 5 57 6 5 7 75 8 66 9 59 10 87
1 35 2 93 3 47 4 47 5 44 6 56 7 92 8 38 9 24 10 3
1 32 2 22 3 72 4 16 5 60 6 21 7 29 8 81 9 34 10 40
1 88 2 48 3 91 4 93 5 95 6 62 7 10 8 1 9 35 10 74
1 3 2 97 3 87 4 73 5 48 6 43 7 32 8 75 9 90 10 76
1 17 2 81 3 61 4 86 5 87 6 69 7 7 8 38 9 96 10 11
1 86 2 39 3 25 4 98 5 31 6 60 7 42 8 19 9 53 10 22
1 42 2 26 3 67 4 31 5 38 6 79 7 13 8 8 9 87 10 83
1 66 2 44 3 54 4 51 5 79 6 81 7 17 8 19 9 47 10 32
1 27 2 64 3 61 4 74 5 7 6 79 7 50 8 61 9 80 10 42
1 48 2 9 3 32 4 94 5 88 6 3 7 13 8 65 9 94 10 96
1 75 2 15 3 99 4 28 5 45 6 84 7 93 8 94 9 55 10 84
1 60 2 82 3 27 4 76 5 53 6 91 7 26 8 92 9 28 10 45
1 49 2 62 3 45 4 18 5 66 6 52 7 43 8 71 9 23 10 70
1 34 2 31 3 53 4 75 5 51 6 84 7 90 8 20 9 71 10 51
1 60 2 75 3 52 4 84 5 31 6 92 7 27 8 68 9 16 10 14
1 39 2 13 3 52 4 8 5 63 6 98 7 92 8 87 9 98 10 33
1 11 2 35 3 28 4 56 5 3 6 72 7 93 8 53 9 43 10 91
