200 20
1 67 2 70 3 39 4 25 5 43 6 43 7 10 8 41 9 70 10 39 11 4 12 89 13 83 14 48 15 41 16 88 17 39 18 96 19 51 20 95
1 73 2 65 3 58 4 31 5 37 6 69 7 18 8 62 9 14 10 27 11 17 12 93 13 14 14 95 15 68 16 90 17 99 18 40 19 11 20 2
1 69 2 92 3 50 4 55 5 28 6 54 7 98 8 42 9 93 10 48 11 79 12 55 13 29 14 98 15 24 16 48 17 33 18 86 19 28 20 71
1 46 2 91 3 5 4 58 5 7 6 99 7 28 8 60 9 15 10 22 11 70 12 28 13 85 14 44 15 71 16 43 17 40 18 2 19 79 20 16
1 60 2 34 3 42 4 94 5 32 6 19 7 69 8 49 9 82 10 53 11 2 12 94 13 85 14 24 15 13 16 21 17 53 18 62 19 54 20 13
1 87 2 15 3 18 4 55 5 17 6 45 7 3 8 78 9 91 10 52 11 32 12 4 13 51 14 75 15 75 16 68 17 54 18 51 19 29 20 96
1 19 2 55 3 63 4 73 5 75 6 72 7 71 8 28 9 45 10 76 11 79 12 81 13 13 14 9 15 48 16 85 17 68 18 9 19 60 20 77
1 71 2 3 3 75 4 78 5 64 6 55 7 20 8 19 9 53 10 45 11 71 12 99 13 75 14 59 15 15 16 76 17 33 18 36 19 44 20 41
1 37 2 2 3 43 4 50 5 57 6 23 7 60 8 59 9 29 10 5 11 27 12 88 13 67 14 17 15 40 16 3 17 64 18 92 19 27 20 20
1 82 2 40 3 96 4 82 5 7 6 78 7 91 8 82 9 79 10 79 11 28 12 41 13 9 14 91 15 38 16 50 17 91 18 80 19 24 20 68
1 88 2 73 3 23 4 94 5 9 6 64 7 60 8 65 9 53 10 93 11 69 12 75 13 50 14 91 15 25 16 67 17 19 18 21 19 37 20 27
1 16 2 31 3 33 4 52 5 70 6 27 7 4 8 46 9 52 10 12 11 30 12 28 13 12 14 14 15 65 16 69 17 21 18 15 19 92 20 74
1 77 2 11 3 95 4 2 5 4 6 50 7 38 8 88 9 77 10 54 11 72 12 59 13 76 14 96 15 83 16 21 17 87 18 56 19 75 20 50
1 85 2 22 3 42 4 33 5 65 6 94 7 92 8 55 9 20 10 5 11 81 12 68 13 29 14 22 15 11 16 5 17 50 18 98 19 28 20 23
1 28 2 77 3 54 4 72 5 48 6 39 7 93 8 94 9 91 10 60 11 73 12 52 13 15 14 60 15 75 16 87 17 3 18 3 19 22 20 83
1 26 2 67 3 79 4 73 5 93 6 76 7 40 8 94 9 17 10 1 11 78 12 3 13 39 14 47 15 41 16 7 17 81 18 64 19 37 20 39
1 88 2 70 3 94 4 23 5 29 6 68 7 95 8 31 9 76 10 35 11 68 12 28 13 48 14 33 15 90 16 34 17 28 18 60 19 33 20 93
1 17 2 84 3 84 4 17 5 86 6 97 7 70 8 84 9 83 10 3 11 3 12 58 13 67 14 45 15 55 16 20 17 43 18 33 19 77 20 91
1 81 2 13 3 13 4 98 5 49 6 95 7 11 8 91 9 3 10 63 11 7 12 9 13 25 14 74 15 17 16 52 17 79 18 52 19 44 20 42
1 93 2 99 3 60 4 48 5 61 6 41 7 42 8 53 9 12 10 86 11 3 12 33 13 2 14 46 15 75 16 25 17 31 18 20 19 81 20 6
1 65 2 96 3 3 4 43 5 89 6 20 7 11 8 36 9 52 10 72 11 8 12 30 13 30 14 20 15 82 16 92 17 66 18 97 19 78 20 53
1 40 2 48 3 20 4 14 5 42 6 19 7 63 8 79 9 26 10 10 11 51 12 74 13 36 14 45 15 30 16 94 17 67 18 1 19 72 20 38
1 76 2 8 3 70 4 31 5 13 6 44 7 77 8 3 9 64 10 46 11 74 12 81 13 8 14 86 15 29 16 42 17 62 18 42 19 73 20 95
1 8 2 26 3 74 4 37 5 88 6 21 7 31 8 54 9 9 10 46 11 9 12 5 13 30 14 59 15 41 16 4 17 32 18 58 19 84 20 79
1 45 2 35 3 42 4 4 5 29 6 77 7 36 8 52 9 33 10 24 11 18 12 24 13 90 14 46 15 10 16 32 17 18 18 45 19 53 20 23
1 53 2 15 3 5 4 42 5 34 6 52 7 26 8 57 9 28 10 18 11 71 12 5 13 69 14 18 15 94 16 66 17 84 18 23 19 66 20 15
1 93 2 34 3 71 4 61 5 19 6 58 7 21 8 54 9 73 10 49 11 3 12 38 13 85 14 4 15 49 16 84 17 30 18 70 19 60 20 9
1 11 2 95 3 99 4 94 5 63 6 81 7 17 8 1 9 72 10 24 11 52 12 67 13 94 14 79 15 91 16 58 17 76 18 19 19 13 20 33
1 98 2 61 3 13 4 41 5 93 6 43 7 43 8 47 9 13 10 69 11 35 12 16 13 11 14 10 15 39 16 11 17 91 18 24 19 74 20 94
1 3 2 73 3 61 4 84 5 34 6 97 7 46 8 76 9 89 10 15 11 55 12 92 13 34 14 30 15 9 16 79 17 41 18 48 19 85 20 77
1 83 2 25 3 95 4 10 5 36 6 23 7 96 8 7 9 21 10 16 11 32 12 45 13 85 14 81 15 81 16 3 17 43 18 33 19 67 20 56
1 6 2 42 3 1 4 98 5 19 6 44 7 10 8 63 9 98 10 76 11 29 12 59 13 65 14 57 15 74 16 74 17 22 18 71 19 36 20 63
1 72 2 61 3 34 4 78 5 61 6 56 7 44 8 31 9 63 10 22 11 74 12 88 13 25 14 89 15 75 16 26 17 91 18 21 19 81 20 3
1 76 2 10 3 95 4 93 5 1 6 85 7 63 8 91 9 56 10 2 11 61 12 72 13 50 14 89 15 43 16 85 17 84 18 92 19 54 20 66
1 74 2 38 3 26 4 72 5 4 6 1 7 47 8 79 9 24 10 91 11 71 12 50 13 60 14 71 15 75 16 20 17 43 18 7 19 11 20 11
1 15 2 45 3 16 4 52 5 38 6 36 7 19 8 70 9 42 10 77 11 78 12 4 13 57 14 70 15 71 16 95 17 69 18 68 19 97 20 29
1 50 2 21 3 1 4 63 5 41 6 98 7 28 8 7 9 17 10 36 11 93 12 26 13 65 14 63 15 71 16 71 17 74 18 86 19 81 20 28
1 12 2 62 3 98 4 48 5 71 6 35 7 27 8 36 9 47 10 99 11 10 12 30 13 3 14 46 15 21 16 37 17 41 18 2 19 74 20 17
1 91 2 30 3 29 4 95 5 23 6 87 7 67 8 15 9 80 10 69 11 29 12 65 13 71 14 23 15 8 16 76 17 5 18 7 19 81 20 1
1 60 2 46 3 84 4 65 5 26 6 3 7 5 8 2 9 79 10 80 11 92 12 24 13 1 14 57 15 75 16 28 17 85 18 10 19 15 20 64
1 64 2 51 3 9 4 16 5 78 6 85 7 57 8 18 9 28 10 25 11 8 12 50 13 21 14 44 15 85 16 90 17 89 18 35 19 80 20 94
1 48 2 95 3 70 4 34 5 77 6 16 7 18 8 68 9 18 10 92 11 36 12 2 13 14 14 58 15 29 16 79 17 22 18 7 19 29 20 45
1 45 2 41 3 10 4 55 5 83 6 19 7 39 8 34 9 79 10 39 11 22 12 86 13 69 14 15 15 16 16 31 17 85 18 27 19 10 20 89
1 58 2 96 3 71 4 89 5 25 6 18 7 3 8 29 9 74 10 10 11 59 12 55 13 51 14 67 15 48 16 47 17 54 18 72 19 15 20 10
1 59 2 83 3 4 4 64 5 69 6 40 7 34 8 78 9 78 10 56 11 63 12 17 13 3 14 29 15 75 16 2 17 78 18 44 19 51 20 10
1 62 2 7 3 31 4 84 5 43 6 49 7 6 8 26 9 88 10 24 11 4 12 39 13 80 14 87 15 17 16 12 17 6 18 12 19 7 20 93
1 35 2 55 3 40 4 49 5 34 6 84 7 45 8 75 9 43 10 94 11 61 12 50 13 17 14 14 15 19 16 85 17 8 18 91 19 72 20 59
1 73 2 27 3 72 4 96 5 64 6 75 7 78 8 54 9 70 10 26 11 40 12 59 13 5 14 45 15 90 16 27 17 92 18 2 19 30 20 5
1 54 2 3 3 36 4 21 5 41 6 90 7 43 8 6 9 88 10 28 11 4 12 17 13 51 14 33 15 71 16 6 17 69 18 81 19 70 20 14
1 99 2 19 3 76 4 91 5 27 6 29 7 22 8 94 9 86 10 48 11 99 12 80 13 96 14 42 15 31 16 9 17 87 18 71 19 61 20 29
1 33 2 73 3 40 4 75 5 1 6 16 7 69 8 73 9 98 10 40 11 12 12 96 13 8 14 42 15 52 16 87 17 84 18 67 19 54 20 33
1 36 2 37 3 74 4 70 5 42 6 1 7 20 8 22 9 57 10 19 11 21 12 49 13 97 14 88 15 44 16 17 17 4 18 56 19 8 20 73
1 63 2 16 3 53 4 5 5 32 6 81 7 29 8 30 9 26 10 35 11 10 12 38 13 88 14 96 15 70 16 89 17 56 18 83 19 99 20 99
1 82 2 67 3 32 4 45 5 97 6 43 7 87 8 22 9 57 10 71 11 20 12 63 13 52 14 39 15 42 16 26 17 22 18 59 19 85 20 93
1 65 2 47 3 1 4 15 5 20 6 53 7 32 8 35 9 20 10 80 11 87 12 22 13 22 14 91 15 8 16 88 17 31 18 36 19 11 20 36
1 46 2 23 3 76 4 3 5 37 6 86 7 39 8 86 9 99 10 26 11 4 12 27 13 49 14 69 15 69 16 38 17 45 18 2 19 71 20 76
1 59 2 94 3 27 4 97 5 23 6 77 7 59 8 9 9 92 10 21 11 66 12 92 13 7 14 35 15 24 16 56 17 87 18 52 19 86 20 72
1 97 2 47 3 51 4 6 5 88 6 5 7 58 8 98 9 13 10 3 11 63 12 93 13 51 14 55 15 13 16 81 17 71 18 21 19 45 20 79
1 91 2 58 3 28 4 96 5 44 6 66 7 60 8 18 9 44 10 79 11 21 12 69 13 31 14 88 15 61 16 88 17 48 18 34 19 47 20 45
1 19 2 81 3 72 4 35 5 40 6 18 7 15 8 28 9 92 10 18 11 98 12 72 13 13 14 14 15 78 16 51 17 90 18 63 19 30 20 1
1 42 2 9 3 28 4 75 5 14 6 55 7 37 8 66 9 25 10 65 11 79 12 6 13 27 14 45 15 87 16 85 17 50 18 87 19 24 20 32
1 29 2 33 3 84 4 43 5 22 6 81 7 21 8 14 9 4 10 29 11 41 12 13 13 75 14 22 15 9 16 42 17 84 18 44 19 28 20 19
1 83 2 8 3 11 4 91 5 10 6 22 7 83 8 55 9 93 10 14 11 53 12 20 13 34 14 72 15 11 16 43 17 42 18 28 19 57 20 75
1 29 2 64 3 69 4 78 5 88 6 87 7 50 8 21 9 75 10 41 11 11 12 49 13 53 14 49 15 21 16 51 17 7 18 37 19 88 20 51
1 79 2 84 3 37 4 73 5 55 6 26 7 16 8 65 9 46 10 79 11 34 12 70 13 61 14 24 15 54 16 37 17 85 18 33 19 71 20 3
1 99 2 77 3 21 4 29 5 28 6 71 7 2 8 46 9 71 10 70 11 93 12 62 13 99 14 39 15 94 16 29 17 94 18 44 19 72 20 97
1 40 2 6 3 48 4 8 5 22 6 3 7 44 8 39 9 61 10 25 11 61 12 16 13 89 14 15 15 69 16 88 17 49 18 94 19 54 20 3
1 41 2 41 3 19 4 36 5 6 6 96 7 42 8 4 9 41 10 41 11 42 12 51 13 77 14 24 15 45 16 59 17 68 18 56 19 28 20 41
1 23 2 29 3 12 4 71 5 82 6 52 7 33 8 35 9 61 10 85 11 40 12 25 13 50 14 91 15 84 16 37 17 95 18 88 19 97 20 78
1 96 2 53 3 74 4 46 5 20 6 49 7 39 8 26 9 82 10 21 11 41 12 36 13 48 14 11 15 82 16 33 17 90 18 49 19 13 20 93
1 43 2 86 3 97 4 34 5 1 6 17 7 35 8 51 9 57 10 17 11 18 12 36 13 26 14 95 15 58 16 75 17 77 18 9 19 26 20 27
1 13 2 56 3 63 4 69 5 66 6 3 7 54 8 82 9 38 10 61 11 16 12 3 13 74 14 33 15 57 16 86 17 22 18 61 19 16 20 32
1 5 2 96 3 71 4 59 5 46 6 88 7 59 8 15 9 12 10 59 11 72 12 64 13 25 14 21 15 41 16 36 17 21 18 52 19 67 20 92
1 97 2 54 3 2 4 86 5 60 6 21 7 34 8 21 9 98 10 52 11 83 12 40 13 6 14 6 15 38 16 61 17 18 18 28 19 98 20 16
1 17 2 38 3 26 4 57 5 13 6 3 7 54 8 17 9 32 10 89 11 38 12 33 13 54 14 16 15 16 16 98 17 7 18 25 19 4 20 54
1 1 2 35 3 9 4 51 5 4 6 64 7 86 8 40 9 98 10 36 11 44 12 72 13 46 14 14 15 58 16 36 17 41 18 73 19 19 20 78
1 2 2 94 3 13 4 57 5 97 6 16 7 30 8 11 9 73 10 31 11 42 12 53 13 11 14 8 15 16 16 69 17 23 18 22 19 77 20 11
1 25 2 26 3 92 4 54 5 78 6 13 7 26 8 59 9 53 10 22 11 76 12 64 13 6 14 84 15 7 16 9 17 91 18 7 19 94 20 47
1 31 2 30 3 77 4 59 5 30 6 35 7 73 8 4 9 47 10 95 11 6 12 83 13 7 14 74 15 59 16 60 17 29 18 25 19 44 20 92
1 95 2 87 3 80 4 18 5 11 6 28 7 76 8 88 9 48 10 58 11 45 12 21 13 83 14 58 15 77 16 82 17 26 18 87 19 93 20 39
1 87 2 13 3 92 4 47 5 83 6 9 7 97 8 53 9 44 10 94 11 84 12 95 13 6 14 59 15 58 16 16 17 25 18 19 19 16 20 23
1 29 2 69 3 59 4 94 5 73 6 9 7 45 8 20 9 16 10 56 11 14 12 22 13 35 14 58 15 86 16 36 17 23 18 74 19 3 20 56
1 44 2 63 3 35 4 34 5 62 6 78 7 1 8 43 9 75 10 7 11 11 12 16 13 67 14 69 15 44 16 64 17 33 18 95 19 69 20 30
1 3 2 41 3 15 4 36 5 50 6 45 7 50 8 14 9 86 10 15 11 83 12 77 13 41 14 58 15 26 16 94 17 77 18 95 19 47 20 12
1 97 2 74 3 24 4 13 5 71 6 19 7 85 8 49 9 99 10 45 11 72 12 34 13 5 14 2 15 1 16 86 17 3 18 35 19 96 20 32
1 39 2 84 3 33 4 38 5 17 6 35 7 46 8 19 9 75 10 32 11 41 12 25 13 75 14 28 15 82 16 78 17 72 18 51 19 69 20 70
1 21 2 99 3 91 4 63 5 73 6 92 7 82 8 81 9 73 10 98 11 48 12 10 13 90 14 60 15 80 16 29 17 87 18 35 19 6 20 94
1 33 2 4 3 32 4 68 5 57 6 47 7 72 8 93 9 66 10 44 11 61 12 76 13 80 14 11 15 86 16 85 17 47 18 99 19 22 20 50
1 12 2 4 3 36 4 69 5 49 6 78 7 54 8 82 9 95 10 59 11 90 12 75 13 5 14 97 15 28 16 52 17 16 18 24 19 67 20 54
1 39 2 48 3 23 4 62 5 51 6 51 7 35 8 14 9 32 10 63 11 12 12 51 13 44 14 71 15 17 16 73 17 17 18 41 19 6 20 49
1 4 2 10 3 2 4 51 5 15 6 27 7 36 8 31 9 8 10 48 11 34 12 35 13 95 14 19 15 47 16 31 17 18 18 42 19 67 20 97
1 91 2 80 3 70 4 26 5 32 6 22 7 23 8 58 9 82 10 28 11 13 12 92 13 86 14 64 15 69 16 10 17 72 18 45 19 84 20 34
1 4 2 70 3 87 4 69 5 43 6 77 7 66 8 90 9 92 10 86 11 50 12 83 13 29 14 1 15 12 16 12 17 98 18 31 19 72 20 21
1 87 2 10 3 59 4 96 5 58 6 28 7 50 8 3 9 86 10 78 11 69 12 52 13 46 14 93 15 75 16 13 17 61 18 76 19 63 20 99
1 57 2 58 3 37 4 99 5 81 6 16 7 44 8 56 9 68 10 64 11 52 12 78 13 83 14 44 15 8 16 22 17 73 18 12 19 11 20 33
1 39 2 68 3 36 4 31 5 89 6 42 7 60 8 71 9 11 10 63 11 23 12 86 13 72 14 75 15 11 16 67 17 22 18 47 19 41 20 22
1 77 2 15 3 64 4 42 5 73 6 10 7 53 8 6 9 9 10 57 11 49 12 20 13 88 14 82 15 70 16 63 17 37 18 22 19 50 20 92
1 9 2 13 3 75 4 1 5 3 6 77 7 32 8 45 9 56 10 92 11 35 12 71 13 95 14 15 15 70 16 58 17 69 18 82 19 2 20 21
1 32 2 10 3 85 4 85 5 79 6 18 7 61 8 15 9 49 10 84 11 48 12 59 13 5 14 41 15 1 16 24 17 19 18 85 19 28 20 23
1 43 2 16 3 24 4 49 5 72 6 45 7 61 8 70 9 68 10 82 11 91 12 96 13 10 14 42 15 69 16 21 17 85 18 93 19 1 20 98
1 14 2 87 3 47 4 75 5 12 6 29 7 10 8 11 9 88 10 98 11 45 12 19 13 49 14 27 15 27 16 97 17 89 18 86 19 65 20 79
1 19 2 76 3 85 4 27 5 98 6 87 7 46 8 81 9 46 10 32 11 54 12 49 13 69 14 66 15 96 16 13 17 93 18 62 19 50 20 75
1 55 2 58 3 5 4 40 5 39 6 5 7 39 8 60 9 87 10 52 11 25 12 11 13 40 14 62 15 15 16 92 17 5 18 33 19 30 20 76
1 15 2 36 3 23 4 7 5 84 6 49 7 67 8 98 9 78 10 56 11 36 12 4 13 99 14 42 15 81 16 76 17 18 18 44 19 68 20 72
1 67 2 71 3 57 4 86 5 78 6 32 7 95 8 55 9 14 10 55 11 50 12 79 13 20 14 47 15 62 16 86 17 70 18 69 19 26 20 80
1 23 2 88 3 93 4 98 5 52 6 16 7 21 8 45 9 79 10 49 11 99 12 5 13 51 14 41 15 27 16 32 17 35 18 18 19 70 20 35
1 21 2 25 3 91 4 69 5 42 6 22 7 54 8 50 9 70 10 35 11 46 12 99 13 47 14 11 15 42 16 39 17 12 18 73 19 43 20 15
1 34 2 95 3 2 4 39 5 46 6 27 7 46 8 28 9 65 10 75 11 99 12 62 13 66 14 91 15 93 16 36 17 14 18 53 19 79 20 34
1 53 2 42 3 29 4 67 5 52 6 38 7 87 8 86 9 1 10 99 11 66 12 96 13 99 14 37 15 24 16 46 17 54 18 76 19 84 20 95
1 35 2 93 3 66 4 95 5 64 6 50 7 36 8 82 9 70 10 46 11 99 12 19 13 57 14 29 15 26 16 13 17 17 18 95 19 69 20 56
1 7 2 20 3 58 4 23 5 73 6 96 7 67 8 82 9 79 10 31 11 44 12 37 13 80 14 38 15 80 16 7 17 87 18 3 19 34 20 89
1 95 2 9 3 24 4 36 5 19 6 99 7 58 8 32 9 74 10 49 11 17 12 91 13 29 14 3 15 56 16 8 17 21 18 36 19 37 20 15
1 1 2 65 3 52 4 77 5 3 6 83 7 17 8 98 9 97 10 13 11 33 12 70 13 11 14 44 15 10 16 43 17 41 18 49 19 25 20 64
1 63 2 60 3 87 4 18 5 39 6 80 7 10 8 18 9 25 10 66 11 28 12 47 13 86 14 15 15 2 16 64 17 96 18 79 19 47 20 14
1 47 2 85 3 9 4 56 5 74 6 2 7 6 8 80 9 14 10 60 11 69 12 25 13 30 14 50 15 79 16 1 17 3 18 10 19 82 20 16
1 27 2 25 3 67 4 31 5 29 6 74 7 96 8 44 9 14 10 47 11 64 12 41 13 74 14 16 15 45 16 96 17 89 18 83 19 37 20 49
1 71 2 27 3 54 4 25 5 94 6 92 7 21 8 2 9 57 10 43 11 46 12 80 13 77 14 32 15 61 16 21 17 75 18 16 19 73 20 84
1 85 2 54 3 73 4 6 5 39 6 65 7 72 8 32 9 40 10 94 11 78 12 41 13 83 14 27 15 24 16 18 17 60 18 13 19 15 20 68
1 3 2 49 3 81 4 45 5 56 6 10 7 78 8 22 9 3 10 46 11 44 12 1 13 28 14 42 15 24 16 35 17 19 18 13 19 26 20 61
1 64 2 26 3 25 4 89 5 53 6 90 7 85 8 97 9 41 10 98 11 29 12 1 13 50 14 50 15 29 16 22 17 47 18 48 19 17 20 62
1 13 2 51 3 91 4 85 5 10 6 42 7 59 8 30 9 7 10 28 11 40 12 88 13 92 14 1 15 22 16 3 17 42 18 63 19 33 20 99
1 79 2 55 3 52 4 29 5 2 6 42 7 97 8 13 9 88 10 18 11 7 12 53 13 8 14 2 15 85 16 37 17 23 18 72 19 3 20 23
1 33 2 94 3 48 4 10 5 45 6 20 7 72 8 85 9 21 10 7 11 85 12 6 13 30 14 42 15 72 16 57 17 5 18 82 19 54 20 87
1 70 2 92 3 14 4 25 5 87 6 79 7 32 8 88 9 9 10 6 11 60 12 49 13 44 14 83 15 63 16 58 17 39 18 34 19 23 20 74
1 39 2 92 3 21 4 23 5 4 6 87 7 63 8 99 9 87 10 51 11 91 12 22 13 54 14 37 15 3 16 99 17 96 18 67 19 78 20 24
1 6 2 52 3 55 4 69 5 7 6 74 7 20 8 61 9 77 10 7 11 37 12 26 13 8 14 29 15 29 16 73 17 60 18 72 19 93 20 75
1 82 2 16 3 65 4 46 5 4 6 88 7 90 8 7 9 51 10 51 11 11 12 42 13 56 14 73 15 65 16 72 17 27 18 49 19 59 20 44
1 40 2 90 3 51 4 50 5 1 6 59 7 99 8 92 9 23 10 61 11 69 12 31 13 52 14 64 15 72 16 21 17 7 18 84 19 19 20 6
1 67 2 3 3 75 4 12 5 23 6 39 7 67 8 59 9 33 10 11 11 24 12 33 13 6 14 61 15 49 16 61 17 59 18 27 19 69 20 15
1 1 2 53 3 65 4 29 5 25 6 35 7 81 8 26 9 35 10 3 11 81 12 17 13 4 14 73 15 25 16 77 17 66 18 12 19 80 20 75
1 29 2 13 3 9 4 24 5 19 6 38 7 68 8 56 9 67 10 6 11 74 12 94 13 27 14 59 15 24 16 85 17 28 18 81 19 82 20 23
1 90 2 7 3 50 4 37 5 40 6 94 7 40 8 96 9 47 10 99 11 78 12 71 13 7 14 35 15 67 16 93 17 1 18 50 19 18 20 88
1 91 2 88 3 72 4 99 5 4 6 27 7 22 8 36 9 30 10 1 11 65 12 57 13 90 14 66 15 17 16 69 17 61 18 77 19 43 20 7
1 34 2 89 3 75 4 81 5 81 6 32 7 34 8 77 9 59 10 32 11 52 12 63 13 7 14 75 15 37 16 3 17 65 18 6 19 27 20 22
1 6 2 38 3 16 4 58 5 52 6 8 7 48 8 93 9 76 10 20 11 91 12 41 13 92 14 97 15 78 16 13 17 94 18 17 19 71 20 83
1 36 2 55 3 52 4 68 5 54 6 44 7 84 8 34 9 81 10 75 11 35 12 34 13 34 14 46 15 4 16 32 17 69 18 15 19 41 20 33
1 14 2 63 3 3 4 64 5 52 6 2 7 29 8 30 9 49 10 66 11 10 12 63 13 39 14 40 15 52 16 63 17 15 18 16 19 48 20 97
1 56 2 18 3 81 4 26 5 31 6 86 7 39 8 28 9 21 10 41 11 65 12 2 13 11 14 35 15 96 16 13 17 63 18 6 19 14 20 96
1 64 2 57 3 80 4 25 5 41 6 64 7 33 8 28 9 76 10 34 11 33 12 83 13 79 14 20 15 29 16 25 17 71 18 1 19 48 20 71
1 6 2 92 3 43 4 32 5 67 6 3 7 53 8 60 9 33 10 62 11 47 12 64 13 26 14 74 15 27 16 21 17 94 18 82 19 95 20 38
1 74 2 49 3 50 4 73 5 88 6 25 7 35 8 88 9 73 10 55 11 72 12 86 13 17 14 96 15 78 16 20 17 9 18 54 19 31 20 33
1 22 2 55 3 16 4 16 5 67 6 8 7 18 8 76 9 53 10 42 11 43 12 24 13 18 14 79 15 97 16 31 17 52 18 52 19 73 20 27
1 4 2 67 3 70 4 28 5 2 6 92 7 50 8 98 9 11 10 79 11 95 12 8 13 73 14 37 15 32 16 18 17 95 18 80 19 11 20 3
1 6 2 55 3 69 4 83 5 89 6 20 7 55 8 31 9 65 10 66 11 26 12 79 13 57 14 92 15 89 16 9 17 4 18 87 19 90 20 67
1 80 2 8 3 46 4 96 5 19 6 96 7 91 8 58 9 89 10 6 11 50 12 11 13 58 14 53 15 1 16 12 17 58 18 8 19 20 20 89
1 69 2 20 3 47 4 91 5 57 6 24 7 46 8 56 9 45 10 11 11 75 12 8 13 82 14 70 15 96 16 89 17 9 18 68 19 73 20 21
1 12 2 52 3 83 4 2 5 97 6 32 7 37 8 47 9 47 10 97 11 69 12 10 13 21 14 92 15 2 16 60 17 94 18 73 19 2 20 40
1 51 2 93 3 58 4 8 5 19 6 38 7 76 8 42 9 14 10 44 11 41 12 98 13 34 14 12 15 26 16 17 17 70 18 72 19 80 20 16
1 94 2 40 3 56 4 20 5 26 6 84 7 77 8 86 9 54 10 79 11 49 12 9 13 69 14 33 15 52 16 94 17 45 18 56 19 93 20 4
1 19 2 96 3 15 4 61 5 48 6 88 7 87 8 76 9 81 10 48 11 36 12 60 13 52 14 28 15 58 16 47 17 11 18 23 19 11 20 92
1 7 2 28 3 94 4 87 5 86 6 11 7 50 8 35 9 19 10 96 11 71 12 55 13 15 14 79 15 51 16 54 17 26 18 80 19 57 20 34
1 93 2 12 3 76 4 28 5 79 6 42 7 50 8 77 9 41 10 32 11 98 12 38 13 5 14 69 15 44 16 54 17 46 18 54 19 11 20 78
1 39 2 23 3 30 4 70 5 21 6 39 7 91 8 40 9 94 10 6 11 77 12 17 13 48 14 17 15 86 16 74 17 45 18 93 19 80 20 1
1 40 2 59 3 97 4 98 5 50 6 34 7 82 8 5 9 9 10 17 11 45 12 23 13 36 14 15 15 83 16 84 17 91 18 64 19 41 20 98
1 62 2 62 3 94 4 48 5 21 6 73 7 75 8 39 9 44 10 46 11 31 12 48 13 19 14 55 15 36 16 86 17 28 18 78 19 57 20 74
1 26 2 20 3 98 4 77 5 16 6 57 7 60 8 34 9 94 10 64 11 84 12 45 13 27 14 43 15 94 16 50 17 42 18 82 19 61 20 68
1 10 2 22 3 5 4 77 5 46 6 43 7 97 8 17 9 11 10 17 11 2 12 66 13 41 14 63 15 58 16 41 17 18 18 16 19 91 20 48
1 79 2 46 3 36 4 8 5 48 6 35 7 82 8 60 9 43 10 16 11 78 12 33 13 20 14 5 15 33 16 32 17 61 18 46 19 90 20 55
1 95 2 54 3 45 4 72 5 86 6 36 7 38 8 37 9 17 10 60 11 50 12 85 13 39 14 89 15 1 16 92 17 54 18 85 19 63 20 40
1 82 2 42 3 55 4 43 5 28 6 19 7 30 8 77 9 28 10 58 11 10 12 89 13 54 14 66 15 16 16 12 17 70 18 6 19 53 20 45
1 10 2 24 3 67 4 32 5 60 6 45 7 75 8 53 9 25 10 88 11 41 12 73 13 90 14 92 15 59 16 72 17 89 18 12 19 43 20 30
1 33 2 51 3 2 4 11 5 45 6 66 7 29 8 28 9 6 10 84 11 26 12 88 13 86 14 18 15 88 16 70 17 33 18 26 19 54 20 34
1 88 2 72 3 94 4 91 5 80 6 40 7 27 8 41 9 28 10 77 11 43 12 51 13 82 14 5 15 27 16 91 17 73 18 15 19 66 20 87
1 99 2 18 3 56 4 4 5 51 6 28 7 45 8 81 9 4 10 13 11 50 12 89 13 41 14 35 15 83 16 25 17 98 18 96 19 46 20 65
1 6 2 4 3 20 4 54 5 26 6 29 7 75 8 17 9 88 10 52 11 82 12 23 13 33 14 70 15 67 16 80 17 33 18 58 19 27 20 25
1 51 2 90 3 2 4 94 5 23 6 50 7 34 8 19 9 88 10 83 11 55 12 47 13 6 14 72 15 18 16 43 17 14 18 79 19 73 20 61
1 96 2 64 3 87 4 24 5 50 6 94 7 43 8 83 9 15 10 43 11 23 12 28 13 12 14 82 15 85 16 23 17 53 18 46 19 14 20 31
1 14 2 80 3 2 4 78 5 93 6 68 7 88 8 5 9 75 10 60 11 21 12 46 13 13 14 21 15 68 16 18 17 21 18 40 19 4 20 23
1 89 2 3 3 25 4 61 5 44 6 18 7 44 8 9 9 24 10 71 11 26 12 26 13 99 14 54 15 83 16 73 17 21 18 81 19 91 20 70
1 9 2 49 3 34 4 8 5 77 6 26 7 84 8 97 9 67 10 59 11 12 12 83 13 90 14 73 15 54 16 61 17 98 18 53 19 54 20 75
1 67 2 13 3 26 4 41 5 7 6 76 7 52 8 73 9 69 10 59 11 31 12 6 13 99 14 32 15 15 16 36 17 41 18 62 19 31 20 52
1 79 2 74 3 24 4 40 5 98 6 42 7 21 8 70 9 64 10 84 11 92 12 24 13 78 14 18 15 13 16 62 17 38 18 28 19 56 20 65
1 46 2 1 3 98 4 67 5 61 6 37 7 36 8 54 9 17 10 68 11 41 12 25 13 30 14 68 15 66 16 29 17 27 18 87 19 95 20 9
1 14 2 3 3 23 4 52 5 24 6 21 7 42 8 67 9 94 10 15 11 53 12 65 13 98 14 10 15 52 16 10 17 32 18 32 19 50 20 85
1 10 2 33 3 38 4 21 5 92 6 70 7 70 8 85 9 72 10 96 11 39 12 3 13 14 14 68 15 83 16 81 17 16 18 93 19 64 20 87
1 36 2 66 3 83 4 27 5 45 6 45 7 8 8 38 9 72 10 92 11 95 12 73 13 15 14 16 15 8 16 58 17 61 18 55 19 53 20 21
1 83 2 54 3 96 4 58 5 87 6 75 7 7 8 77 9 83 10 17 11 83 12 85 13 46 14 65 15 60 16 77 17 20 18 45 19 9 20 5
1 2 2 35 3 43 4 3 5 51 6 92 7 37 8 33 9 4 10 80 11 82 12 85 13 31 14 77 15 63 16 58 17 38 18 92 19 34 20 88
1 79 2 94 3 26 4 15 5 7 6 94 7 69 8 48 9 75 10 78 11 90 12 24 13 24 14 4 15 20 16 5 17 44 18 31 19 98 20 59
1 11 2 26 3 63 4 77 5 12 6 67 7 77 8 17 9 74 10 10 11 84 12 35 13 51 14 20 15 20 16 60 17 88 18 97 19 5 20 27
1 80 2 77 3 33 4 95 5 27 6 14 7 80 8 73 9 58 10 8 11 34 12 99 13 82 14 93 15 75 16 21 17 43 18 1 19 87 20 91
1 95 2 66 3 84 4 56 5 32 6 85 7 22 8 77 9 97 10 18 11 39 12 5 13 20 14 26 15 52 16 41 17 29 18 21 19 12 20 77
1 87 2 94 3 39 4 77 5 64 6 24 7 58 8 98 9 42 10 52 11 9 12 36 13 78 14 42 15 24 16 16 17 93 18 16 19 27 20 15
1 20 2 94 3 32 4 85 5 77 6 97 7 16 8 30 9 87 10 34 11 40 12 27 13 73 14 47 15 57 16 64 17 76 18 90 19 48 20 69
1 16 2 62 3 54 4 22 5 64 6 62 7 14 8 96 9 22 10 67 11 92 12 14 13 54 14 93 15 11 16 81 17 92 18 48 19 71 20 43
1 63 2 27 3 98 4 49 5 76 6 46 7 27 8 96 9 36 10 62 11 54 12 3 13 27 14 62 15 58 16 75 17 8 18 82 19 9 20 84
1 82 2 69 3 94 4 35 5 90 6 94 7 35 8 73 9 16 10 73 11 92 12 54 13 62 14 2 15 44 16 13 17 53 18 51 19 47 20 56
1 4 2 45 3 89 4 67 5 76 6 73 7 41 8 32 9 79 10 83 11 73 12 85 13 5 14 10 15 98 16 82 17 34 18 15 19 69 20 54
1 94 2 13 3 70 4 32 5 78 6 47 7 22 8 31 9 41 10 57 11 97 12 40 13 90 14 76 15 31 16 65 17 42 18 66 19 22 20 70
1 9 2 73 3 81 4 68 5 65 6 33 7 5 8 55 9 79 10 42 11 3 12 78 13 11 14 20 15 51 16 4 17 9 18 17 19 49 20 29
1 44 2 62 3 60 4 84 5 38 6 70 7 7 8 41 9 58 10 23 11 91 12 78 13 64 14 38 15 79 16 45 17 30 18 20 19 16 20 80
1 93 2 20 3 4 4 52 5 73 6 9 7 50 8 78 9 41 10 90 11 65 12 18 13 87 14 97 15 10 16 75 17 94 18 88 19 30 20 29
1 12 2 54 3 28 4 33 5 75 6 60 7 72 8 66 9 11 10 2 11 44 12 73 13 52 14 30 15 62 16 12 17 87 18 27 19 15 20 57
1 65 2 38 3 92 4 5 5 5 6 1 7 34 8 50 9 66 10 47 11 8 12 88 13 82 14 75 15 46 16 99 17 8 18 45 19 95 20 49
1 12 2 90 3 93 4 67 5 43 6 22 7 8 8 9 9 54 10 58 11 52 12 59 13 31 14 87 15 72 16 85 17 33 18 36 19 79 20 73
1 64 2 94 3 91 4 28 5 77 6 24 7 96 8 55 9 92 10 31 11 61 12 9 13 65 14 23 15 14 16 13 17 31 18 47 19 69 20 41
1 6 2 88 3 93 4 2 5 22 6 5 7 6 8 23 9 28 10 54 11 58 12 22 13 86 14 50 15 8 16 55 17 1 18 37 19 53 20 20
1 31 2 67 3 99 4 21 5 45 6 81 7 86 8 2 9 64 10 71 11 97 12 50 13 70 14 95 15 64 16 67 17 46 18 41 19 63 20 47
1 27 2 54 3 18 4 77 5 1 6 59 7 73 8 52 9 75 10 34 11 54 12 60 13 92 14 33 15 78 16 20 17 70 18 11 19 95 20 88
1 17 2 64 3 59 4 64 5 16 6 87 7 3 8 87 9 9 10 94 11 23 12 99 13 38 14 19 15 37 16 73 17 47 18 58 19 46 20 54
