200 20
1 53 2 89 3 86 4 31 5 77 6 40 7 44 8 94 9 90 10 73 11 91 12 29 13 48 14 27 15 79 16 14 17 57 18 87 19 85 20 77
1 37 2 52 3 48 4 50 5 97 6 82 7 48 8 55 9 65 10 69 11 94 12 25 13 91 14 34 15 27 16 42 17 6 18 58 19 35 20 31
1 52 2 17 3 58 4 1 5 66 6 65 7 77 8 81 9 17 10 38 11 95 12 69 13 18 14 85 15 72 16 72 17 96 18 49 19 16 20 39
1 1 2 98 3 78 4 50 5 52 6 12 7 92 8 81 9 51 10 97 11 96 12 9 13 83 14 47 15 19 16 89 17 83 18 20 19 66 20 11
1 85 2 18 3 91 4 98 5 25 6 80 7 38 8 61 9 50 10 31 11 97 12 2 13 87 14 55 15 20 16 47 17 13 18 13 19 78 20 76
1 22 2 8 3 46 4 48 5 34 6 98 7 57 8 3 9 86 10 15 11 40 12 7 13 55 14 33 15 45 16 58 17 14 18 97 19 55 20 74
1 6 2 2 3 13 4 94 5 6 6 78 7 27 8 87 9 88 10 24 11 24 12 89 13 99 14 1 15 75 16 88 17 24 18 77 19 12 20 1
1 55 2 27 3 43 4 49 5 3 6 69 7 76 8 43 9 63 10 45 11 36 12 2 13 99 14 50 15 27 16 18 17 24 18 13 19 89 20 33
1 67 2 34 3 33 4 80 5 79 6 83 7 62 8 96 9 20 10 54 11 17 12 51 13 1 14 80 15 35 16 58 17 60 18 95 19 78 20 5
1 24 2 82 3 47 4 91 5 69 6 71 7 73 8 42 9 47 10 47 11 24 12 10 13 90 14 94 15 24 16 33 17 91 18 20 19 65 20 42
1 70 2 26 3 92 4 58 5 33 6 83 7 66 8 81 9 51 10 56 11 79 12 44 13 88 14 19 15 37 16 62 17 11 18 62 19 28 20 75
1 71 2 77 3 36 4 61 5 39 6 87 7 44 8 89 9 24 10 53 11 19 12 59 13 17 14 65 15 34 16 71 17 81 18 72 19 50 20 87
1 86 2 49 3 59 4 11 5 32 6 64 7 53 8 86 9 54 10 41 11 53 12 77 13 43 14 98 15 19 16 56 17 69 18 56 19 77 20 9
1 71 2 45 3 92 4 86 5 33 6 86 7 83 8 80 9 52 10 22 11 11 12 21 13 12 14 86 15 76 16 35 17 12 18 23 19 64 20 21
1 46 2 62 3 86 4 22 5 58 6 4 7 94 8 8 9 79 10 67 11 39 12 9 13 67 14 37 15 43 16 14 17 2 18 21 19 56 20 92
1 1 2 96 3 57 4 62 5 69 6 75 7 14 8 59 9 31 10 62 11 46 12 93 13 24 14 53 15 32 16 79 17 31 18 94 19 93 20 17
1 73 2 71 3 62 4 42 5 74 6 61 7 48 8 14 9 54 10 60 11 70 12 29 13 59 14 79 15 81 16 42 17 44 18 92 19 2 20 72
1 53 2 20 3 73 4 99 5 11 6 49 7 25 8 95 9 14 10 23 11 5 12 6 13 26 14 37 15 89 16 90 17 17 18 68 19 79 20 39
1 98 2 13 3 87 4 9 5 21 6 48 7 1 8 95 9 60 10 4 11 43 12 89 13 94 14 7 15 76 16 9 17 12 18 54 19 15 20 9
1 40 2 53 3 86 4 29 5 67 6 74 7 27 8 50 9 29 10 51 11 73 12 2 13 79 14 73 15 3 16 55 17 50 18 17 19 5 20 21
1 30 2 64 3 2 4 48 5 61 6 76 7 51 8 61 9 98 10 98 11 28 12 27 13 93 14 70 15 82 16 45 17 63 18 45 19 60 20 90
1 95 2 12 3 53 4 87 5 34 6 70 7 71 8 69 9 46 10 80 11 1 12 46 13 8 14 10 15 25 16 69 17 6 18 8 19 65 20 38
1 69 2 67 3 77 4 34 5 15 6 29 7 16 8 86 9 97 10 88 11 12 12 90 13 8 14 7 15 48 16 37 17 37 18 53 19 40 20 65
1 58 2 21 3 67 4 53 5 88 6 86 7 14 8 88 9 34 10 38 11 22 12 53 13 45 14 27 15 14 16 90 17 96 18 76 19 85 20 41
1 24 2 5 3 28 4 33 5 49 6 87 7 99 8 37 9 37 10 27 11 52 12 64 13 46 14 93 15 41 16 86 17 24 18 7 19 49 20 28
1 7 2 62 3 87 4 9 5 78 6 32 7 42 8 23 9 52 10 18 11 90 12 89 13 99 14 9 15 24 16 75 17 26 18 73 19 87 20 74
1 1 2 40 3 29 4 84 5 69 6 89 7 28 8 22 9 74 10 24 11 57 12 77 13 40 14 8 15 84 16 34 17 11 18 57 19 99 20 6
1 52 2 18 3 5 4 87 5 4 6 89 7 11 8 98 9 83 10 30 11 94 12 15 13 17 14 26 15 75 16 28 17 16 18 37 19 21 20 47
1 24 2 98 3 6 4 93 5 56 6 70 7 35 8 1 9 60 10 35 11 25 12 7 13 45 14 50 15 93 16 45 17 61 18 75 19 99 20 2
1 30 2 97 3 82 4 89 5 72 6 69 7 36 8 48 9 87 10 30 11 18 12 73 13 64 14 21 15 68 16 18 17 22 18 39 19 64 20 51
1 19 2 27 3 33 4 2 5 4 6 77 7 22 8 64 9 19 10 93 11 25 12 85 13 90 14 88 15 17 16 88 17 74 18 78 19 17 20 10
1 98 2 93 3 53 4 73 5 19 6 76 7 78 8 64 9 36 10 99 11 91 12 59 13 40 14 39 15 16 16 24 17 84 18 82 19 26 20 67
1 47 2 25 3 83 4 3 5 92 6 30 7 64 8 10 9 56 10 74 11 67 12 52 13 80 14 56 15 63 16 90 17 95 18 3 19 60 20 17
1 49 2 72 3 68 4 24 5 95 6 44 7 96 8 22 9 64 10 30 11 25 12 66 13 96 14 47 15 99 16 15 17 94 18 28 19 95 20 22
1 56 2 43 3 93 4 29 5 37 6 48 7 2 8 7 9 11 10 72 11 96 12 74 13 79 14 84 15 93 16 28 17 72 18 1 19 90 20 84
1 89 2 82 3 65 4 63 5 23 6 76 7 98 8 35 9 64 10 45 11 65 12 99 13 89 14 52 15 21 16 54 17 3 18 70 19 34 20 45
1 1 2 36 3 13 4 54 5 32 6 26 7 62 8 29 9 56 10 65 11 55 12 52 13 93 14 82 15 76 16 79 17 18 18 11 19 6 20 4
1 62 2 12 3 41 4 7 5 40 6 75 7 35 8 77 9 25 10 82 11 72 12 35 13 6 14 2 15 48 16 99 17 2 18 17 19 54 20 8
1 99 2 76 3 62 4 47 5 30 6 88 7 24 8 22 9 98 10 51 11 62 12 90 13 57 14 97 15 13 16 11 17 62 18 5 19 76 20 81
1 35 2 18 3 83 4 72 5 27 6 61 7 74 8 52 9 95 10 2 11 2 12 9 13 81 14 55 15 45 16 32 17 36 18 3 19 91 20 37
1 14 2 92 3 54 4 38 5 77 6 96 7 55 8 42 9 74 10 65 11 34 12 64 13 3 14 94 15 94 16 9 17 56 18 20 19 76 20 98
1 47 2 89 3 13 4 83 5 64 6 36 7 36 8 42 9 89 10 86 11 92 12 53 13 40 14 10 15 56 16 54 17 80 18 10 19 27 20 20
1 99 2 4 3 67 4 35 5 97 6 82 7 53 8 94 9 59 10 74 11 80 12 95 13 2 14 37 15 53 16 34 17 89 18 70 19 10 20 6
1 70 2 58 3 99 4 12 5 83 6 37 7 9 8 99 9 90 10 91 11 84 12 21 13 20 14 98 15 12 16 49 17 47 18 60 19 63 20 61
1 25 2 90 3 39 4 62 5 76 6 96 7 52 8 2 9 50 10 90 11 51 12 50 13 15 14 88 15 92 16 6 17 91 18 8 19 34 20 5
1 67 2 51 3 13 4 76 5 89 6 91 7 31 8 40 9 14 10 86 11 40 12 68 13 59 14 43 15 54 16 74 17 9 18 85 19 18 20 37
1 2 2 25 3 39 4 76 5 11 6 8 7 63 8 48 9 72 10 65 11 60 12 86 13 20 14 2 15 26 16 74 17 65 18 59 19 58 20 74
1 29 2 29 3 73 4 56 5 93 6 56 7 5 8 58 9 38 10 91 11 68 12 37 13 98 14 50 15 92 16 74 17 4 18 71 19 14 20 9
1 15 2 63 3 6 4 3 5 73 6 81 7 17 8 78 9 38 10 36 11 61 12 5 13 39 14 50 15 55 16 4 17 58 18 34 19 53 20 22
1 9 2 87 3 90 4 50 5 5 6 64 7 26 8 37 9 98 10 48 11 35 12 88 13 21 14 26 15 33 16 61 17 84 18 79 19 77 20 37
1 64 2 68 3 18 4 1 5 96 6 71 7 90 8 34 9 73 10 97 11 62 12 52 13 78 14 93 15 81 16 28 17 70 18 48 19 41 20 67
1 61 2 21 3 8 4 74 5 66 6 11 7 60 8 36 9 54 10 77 11 77 12 86 13 77 14 76 15 56 16 24 17 15 18 26 19 55 20 86
1 13 2 69 3 77 4 48 5 15 6 62 7 79 8 17 9 69 10 24 11 46 12 89 13 87 14 15 15 51 16 17 17 93 18 76 19 4 20 74
1 71 2 74 3 53 4 76 5 28 6 30 7 20 8 19 9 14 10 78 11 51 12 23 13 64 14 24 15 41 16 88 17 73 18 12 19 26 20 85
1 10 2 39 3 72 4 12 5 21 6 32 7 14 8 22 9 10 10 40 11 59 12 46 13 42 14 2 15 38 16 80 17 19 18 77 19 27 20 27
1 95 2 29 3 86 4 41 5 69 6 43 7 19 8 74 9 52 10 22 11 41 12 34 13 89 14 49 15 46 16 64 17 21 18 7 19 31 20 91
1 55 2 10 3 82 4 70 5 57 6 1 7 89 8 67 9 82 10 62 11 23 12 79 13 32 14 64 15 25 16 86 17 32 18 47 19 98 20 65
1 29 2 67 3 74 4 28 5 2 6 81 7 52 8 12 9 76 10 76 11 24 12 54 13 32 14 45 15 89 16 37 17 30 18 17 19 65 20 40
1 8 2 77 3 36 4 25 5 62 6 78 7 64 8 63 9 86 10 22 11 65 12 34 13 40 14 20 15 45 16 82 17 73 18 48 19 42 20 62
1 43 2 44 3 26 4 35 5 98 6 48 7 91 8 76 9 41 10 8 11 2 12 39 13 94 14 75 15 15 16 6 17 58 18 17 19 89 20 30
1 25 2 59 3 62 4 47 5 13 6 37 7 15 8 80 9 39 10 23 11 18 12 70 13 47 14 91 15 42 16 63 17 50 18 97 19 47 20 43
1 33 2 1 3 24 4 20 5 93 6 5 7 75 8 81 9 72 10 87 11 94 12 1 13 27 14 70 15 54 16 80 17 69 18 20 19 51 20 24
1 86 2 24 3 22 4 87 5 5 6 60 7 25 8 3 9 26 10 75 11 78 12 5 13 84 14 43 15 42 16 35 17 76 18 55 19 66 20 15
1 10 2 47 3 25 4 78 5 52 6 73 7 46 8 77 9 68 10 7 11 63 12 36 13 48 14 38 15 73 16 34 17 59 18 75 19 30 20 26
1 18 2 92 3 16 4 4 5 69 6 17 7 66 8 67 9 98 10 12 11 33 12 25 13 4 14 19 15 77 16 82 17 34 18 6 19 30 20 77
1 31 2 54 3 5 4 86 5 41 6 81 7 29 8 80 9 67 10 77 11 93 12 44 13 10 14 51 15 25 16 91 17 66 18 36 19 2 20 68
1 3 2 69 3 11 4 60 5 98 6 75 7 65 8 34 9 41 10 58 11 86 12 77 13 18 14 6 15 9 16 83 17 4 18 19 19 8 20 45
1 47 2 8 3 83 4 85 5 77 6 83 7 94 8 11 9 72 10 2 11 72 12 8 13 77 14 12 15 73 16 30 17 28 18 25 19 27 20 2
1 57 2 75 3 17 4 97 5 5 6 13 7 71 8 76 9 21 10 27 11 21 12 85 13 71 14 73 15 47 16 88 17 10 18 59 19 56 20 35
1 25 2 51 3 92 4 61 5 8 6 12 7 19 8 41 9 37 10 67 11 36 12 95 13 1 14 16 15 9 16 93 17 68 18 46 19 65 20 85
1 76 2 8 3 80 4 55 5 56 6 62 7 49 8 24 9 6 10 70 11 1 12 57 13 11 14 57 15 23 16 71 17 28 18 7 19 47 20 84
1 71 2 15 3 84 4 8 5 96 6 64 7 29 8 55 9 43 10 27 11 44 12 31 13 90 14 19 15 62 16 93 17 47 18 63 19 14 20 80
1 51 2 40 3 66 4 41 5 87 6 79 7 97 8 60 9 61 10 64 11 14 12 4 13 46 14 30 15 94 16 67 17 30 18 2 19 52 20 25
1 93 2 3 3 88 4 51 5 43 6 70 7 19 8 5 9 28 10 20 11 14 12 90 13 98 14 28 15 60 16 50 17 56 18 34 19 35 20 43
1 95 2 62 3 10 4 21 5 32 6 2 7 11 8 59 9 62 10 55 11 55 12 63 13 38 14 3 15 98 16 12 17 45 18 1 19 25 20 85
1 1 2 97 3 39 4 79 5 13 6 23 7 26 8 78 9 2 10 39 11 94 12 21 13 67 14 81 15 87 16 52 17 3 18 17 19 26 20 99
1 54 2 33 3 75 4 99 5 80 6 77 7 13 8 91 9 42 10 98 11 89 12 97 13 74 14 5 15 65 16 75 17 96 18 59 19 81 20 53
1 67 2 76 3 46 4 56 5 41 6 55 7 95 8 60 9 51 10 20 11 5 12 36 13 85 14 95 15 53 16 83 17 47 18 52 19 72 20 62
1 78 2 95 3 31 4 65 5 74 6 89 7 78 8 74 9 40 10 99 11 48 12 87 13 10 14 34 15 33 16 39 17 31 18 51 19 12 20 9
1 26 2 23 3 57 4 7 5 63 6 93 7 1 8 61 9 88 10 1 11 14 12 21 13 77 14 87 15 38 16 59 17 68 18 1 19 74 20 24
1 13 2 53 3 11 4 60 5 52 6 31 7 84 8 79 9 12 10 27 11 27 12 33 13 29 14 22 15 44 16 28 17 3 18 31 19 16 20 35
1 10 2 76 3 64 4 83 5 92 6 40 7 18 8 80 9 60 10 6 11 32 12 49 13 50 14 80 15 40 16 88 17 23 18 66 19 99 20 92
1 42 2 84 3 76 4 13 5 57 6 10 7 46 8 49 9 37 10 78 11 18 12 63 13 34 14 8 15 98 16 73 17 49 18 34 19 77 20 65
1 54 2 79 3 48 4 14 5 93 6 29 7 67 8 16 9 42 10 86 11 33 12 39 13 77 14 19 15 11 16 33 17 43 18 32 19 93 20 85
1 25 2 55 3 71 4 65 5 22 6 74 7 54 8 20 9 88 10 93 11 83 12 12 13 87 14 88 15 18 16 73 17 37 18 72 19 34 20 80
1 28 2 72 3 71 4 21 5 73 6 59 7 44 8 86 9 93 10 83 11 70 12 77 13 8 14 70 15 39 16 53 17 65 18 47 19 40 20 55
1 54 2 53 3 84 4 42 5 11 6 95 7 30 8 20 9 40 10 57 11 93 12 34 13 94 14 7 15 48 16 43 17 33 18 85 19 19 20 10
1 32 2 25 3 43 4 59 5 4 6 3 7 76 8 13 9 63 10 8 11 34 12 28 13 36 14 81 15 66 16 73 17 35 18 37 19 63 20 20
1 80 2 53 3 61 4 96 5 75 6 71 7 65 8 14 9 71 10 5 11 28 12 16 13 29 14 80 15 37 16 47 17 25 18 25 19 46 20 72
1 63 2 30 3 43 4 57 5 28 6 64 7 59 8 99 9 63 10 53 11 61 12 95 13 33 14 13 15 63 16 86 17 36 18 69 19 1 20 82
1 74 2 45 3 42 4 26 5 81 6 87 7 64 8 96 9 32 10 98 11 70 12 10 13 58 14 64 15 84 16 96 17 12 18 85 19 71 20 73
1 7 2 70 3 23 4 61 5 58 6 96 7 14 8 34 9 60 10 52 11 59 12 62 13 83 14 68 15 42 16 1 17 20 18 22 19 2 20 77
1 18 2 52 3 36 4 96 5 56 6 30 7 30 8 89 9 27 10 27 11 58 12 40 13 23 14 25 15 40 16 43 17 96 18 51 19 65 20 54
1 46 2 57 3 33 4 25 5 67 6 53 7 12 8 94 9 69 10 54 11 50 12 84 13 83 14 70 15 39 16 5 17 49 18 10 19 3 20 58
1 45 2 77 3 86 4 75 5 63 6 61 7 19 8 75 9 8 10 16 11 51 12 90 13 98 14 51 15 77 16 16 17 90 18 39 19 37 20 19
1 18 2 74 3 13 4 10 5 99 6 58 7 68 8 25 9 33 10 11 11 11 12 85 13 50 14 84 15 52 16 41 17 81 18 33 19 15 20 47
1 56 2 87 3 74 4 83 5 81 6 48 7 40 8 19 9 56 10 56 11 12 12 83 13 20 14 3 15 75 16 85 17 23 18 95 19 61 20 35
1 35 2 46 3 85 4 27 5 17 6 84 7 77 8 78 9 57 10 59 11 4 12 99 13 77 14 63 15 63 16 43 17 99 18 47 19 18 20 6
1 92 2 56 3 41 4 37 5 53 6 84 7 67 8 48 9 57 10 66 11 44 12 45 13 93 14 32 15 31 16 61 17 82 18 27 19 51 20 73
1 55 2 6 3 92 4 27 5 66 6 12 7 20 8 94 9 77 10 40 11 82 12 16 13 17 14 25 15 43 16 11 17 44 18 83 19 33 20 20
1 62 2 15 3 64 4 54 5 63 6 98 7 26 8 13 9 41 10 1 11 58 12 79 13 74 14 39 15 6 16 8 17 97 18 35 19 30 20 1
1 34 2 16 3 20 4 30 5 97 6 86 7 2 8 66 9 4 10 27 11 12 12 11 13 62 14 11 15 76 16 59 17 49 18 76 19 19 20 85
1 22 2 54 3 29 4 76 5 23 6 96 7 45 8 4 9 3 10 70 11 93 12 63 13 8 14 43 15 90 16 28 17 41 18 92 19 6 20 32
1 21 2 34 3 66 4 68 5 33 6 17 7 13 8 67 9 99 10 65 11 20 12 38 13 21 14 49 15 10 16 8 17 53 18 91 19 78 20 33
1 19 2 24 3 47 4 27 5 72 6 26 7 74 8 53 9 67 10 43 11 61 12 10 13 7 14 31 15 10 16 15 17 66 18 46 19 3 20 85
1 5 2 70 3 1 4 87 5 85 6 11 7 51 8 28 9 92 10 52 11 78 12 53 13 25 14 96 15 82 16 68 17 67 18 59 19 35 20 11
1 29 2 2 3 72 4 44 5 92 6 36 7 27 8 54 9 59 10 12 11 33 12 37 13 4 14 10 15 12 16 51 17 62 18 65 19 73 20 90
1 17 2 44 3 98 4 22 5 29 6 46 7 40 8 19 9 49 10 6 11 42 12 9 13 69 14 56 15 12 16 19 17 3 18 7 19 98 20 19
1 68 2 91 3 45 4 58 5 3 6 93 7 51 8 39 9 44 10 50 11 19 12 62 13 61 14 84 15 95 16 13 17 20 18 43 19 29 20 31
1 39 2 35 3 49 4 66 5 39 6 74 7 80 8 87 9 12 10 19 11 53 12 35 13 69 14 35 15 5 16 96 17 13 18 68 19 15 20 30
1 76 2 78 3 57 4 42 5 61 6 2 7 98 8 80 9 75 10 26 11 25 12 40 13 44 14 59 15 71 16 89 17 38 18 84 19 31 20 88
1 38 2 62 3 53 4 95 5 78 6 45 7 46 8 83 9 15 10 30 11 50 12 34 13 2 14 2 15 3 16 60 17 72 18 4 19 39 20 9
1 87 2 8 3 58 4 6 5 38 6 70 7 37 8 38 9 34 10 28 11 26 12 10 13 19 14 2 15 92 16 77 17 37 18 93 19 13 20 17
1 42 2 87 3 74 4 2 5 42 6 31 7 44 8 16 9 81 10 78 11 82 12 85 13 72 14 84 15 34 16 3 17 3 18 57 19 65 20 21
1 54 2 27 3 18 4 90 5 80 6 82 7 74 8 93 9 63 10 98 11 70 12 39 13 34 14 38 15 13 16 26 17 38 18 47 19 48 20 80
1 79 2 5 3 91 4 16 5 7 6 97 7 63 8 91 9 30 10 71 11 77 12 15 13 54 14 99 15 82 16 58 17 37 18 64 19 6 20 88
1 38 2 38 3 8 4 41 5 70 6 10 7 54 8 84 9 19 10 17 11 27 12 97 13 80 14 35 15 24 16 38 17 59 18 10 19 47 20 40
1 1 2 1 3 75 4 44 5 90 6 57 7 97 8 30 9 56 10 47 11 72 12 16 13 51 14 29 15 74 16 39 17 49 18 96 19 39 20 47
1 99 2 3 3 62 4 14 5 82 6 9 7 51 8 23 9 91 10 58 11 9 12 97 13 88 14 96 15 33 16 15 17 93 18 61 19 41 20 63
1 29 2 5 3 35 4 4 5 36 6 73 7 52 8 58 9 67 10 12 11 28 12 11 13 68 14 85 15 81 16 78 17 43 18 80 19 49 20 58
1 13 2 33 3 60 4 92 5 13 6 50 7 16 8 41 9 26 10 51 11 43 12 93 13 65 14 90 15 19 16 58 17 66 18 88 19 58 20 22
1 45 2 3 3 22 4 27 5 33 6 68 7 50 8 75 9 76 10 53 11 59 12 60 13 25 14 97 15 61 16 97 17 29 18 31 19 28 20 58
1 95 2 66 3 7 4 16 5 25 6 81 7 35 8 83 9 99 10 53 11 53 12 3 13 18 14 75 15 22 16 88 17 99 18 33 19 75 20 22
1 50 2 30 3 71 4 57 5 44 6 26 7 65 8 52 9 11 10 85 11 22 12 98 13 31 14 45 15 74 16 15 17 9 18 23 19 68 20 48
1 32 2 1 3 72 4 50 5 36 6 7 7 75 8 73 9 77 10 69 11 22 12 23 13 67 14 43 15 30 16 56 17 78 18 20 19 4 20 88
1 7 2 38 3 39 4 50 5 87 6 70 7 21 8 87 9 22 10 67 11 51 12 16 13 76 14 84 15 32 16 34 17 33 18 31 19 39 20 23
1 10 2 87 3 79 4 91 5 47 6 83 7 21 8 19 9 23 10 78 11 80 12 50 13 40 14 4 15 36 16 11 17 97 18 46 19 45 20 99
1 25 2 36 3 96 4 69 5 10 6 6 7 59 8 37 9 55 10 18 11 63 12 67 13 82 14 91 15 81 16 86 17 61 18 71 19 38 20 98
1 43 2 20 3 13 4 49 5 51 6 63 7 20 8 22 9 3 10 72 11 78 12 42 13 83 14 63 15 5 16 79 17 83 18 40 19 61 20 8
1 90 2 38 3 20 4 71 5 78 6 9 7 31 8 40 9 82 10 47 11 14 12 5 13 30 14 98 15 13 16 75 17 80 18 34 19 83 20 80
1 1 2 34 3 84 4 76 5 86 6 78 7 80 8 64 9 11 10 68 11 39 12 9 13 66 14 34 15 30 16 60 17 90 18 19 19 46 20 38
1 94 2 18 3 63 4 41 5 26 6 82 7 90 8 90 9 10 10 78 11 34 12 16 13 17 14 22 15 78 16 81 17 38 18 33 19 8 20 20
1 73 2 29 3 80 4 44 5 42 6 97 7 80 8 39 9 25 10 6 11 33 12 58 13 85 14 26 15 98 16 93 17 13 18 94 19 39 20 91
1 33 2 47 3 11 4 19 5 99 6 95 7 99 8 41 9 10 10 62 11 81 12 35 13 13 14 99 15 57 16 25 17 89 18 5 19 26 20 42
1 10 2 3 3 89 4 28 5 97 6 57 7 48 8 30 9 9 10 28 11 72 12 68 13 27 14 77 15 3 16 67 17 68 18 97 19 2 20 96
1 22 2 62 3 82 4 32 5 47 6 61 7 25 8 47 9 79 10 40 11 65 12 93 13 93 14 41 15 94 16 53 17 98 18 59 19 63 20 96
1 11 2 27 3 54 4 57 5 97 6 27 7 11 8 25 9 33 10 72 11 89 12 8 13 66 14 97 15 59 16 57 17 96 18 97 19 56 20 73
1 51 2 61 3 81 4 69 5 88 6 25 7 57 8 14 9 71 10 15 11 95 12 26 13 59 14 66 15 76 16 22 17 72 18 93 19 28 20 90
1 21 2 52 3 35 4 17 5 85 6 74 7 65 8 45 9 91 10 34 11 88 12 36 13 58 14 78 15 16 16 18 17 15 18 6 19 52 20 63
1 57 2 93 3 27 4 16 5 3 6 81 7 76 8 54 9 79 10 76 11 66 12 98 13 74 14 29 15 91 16 9 17 73 18 28 19 78 20 12
1 15 2 68 3 12 4 16 5 86 6 26 7 93 8 98 9 16 10 15 11 23 12 43 13 39 14 28 15 79 16 24 17 15 18 71 19 88 20 78
1 12 2 56 3 34 4 85 5 27 6 29 7 32 8 23 9 34 10 61 11 14 12 61 13 18 14 50 15 58 16 99 17 97 18 92 19 58 20 53
1 87 2 38 3 17 4 89 5 65 6 22 7 75 8 80 9 64 10 53 11 9 12 65 13 27 14 8 15 7 16 65 17 11 18 61 19 64 20 68
1 8 2 54 3 22 4 80 5 48 6 97 7 5 8 51 9 80 10 62 11 32 12 46 13 38 14 39 15 50 16 60 17 83 18 80 19 5 20 70
1 94 2 71 3 21 4 39 5 65 6 1 7 35 8 80 9 49 10 35 11 44 12 40 13 12 14 48 15 25 16 41 17 37 18 87 19 38 20 25
1 60 2 11 3 52 4 37 5 74 6 27 7 87 8 35 9 53 10 27 11 76 12 69 13 54 14 82 15 52 16 35 17 76 18 26 19 28 20 59
1 94 2 86 3 63 4 47 5 19 6 37 7 83 8 70 9 28 10 62 11 69 12 41 13 92 14 11 15 66 16 92 17 51 18 67 19 31 20 55
1 81 2 15 3 35 4 30 5 80 6 75 7 1 8 13 9 47 10 7 11 34 12 60 13 90 14 46 15 21 16 65 17 84 18 10 19 67 20 66
1 49 2 14 3 26 4 22 5 61 6 60 7 9 8 66 9 93 10 9 11 85 12 80 13 51 14 99 15 77 16 77 17 82 18 57 19 43 20 88
1 77 2 59 3 18 4 7 5 79 6 45 7 70 8 59 9 23 10 24 11 52 12 87 13 35 14 22 15 26 16 90 17 38 18 94 19 66 20 69
1 1 2 82 3 93 4 97 5 21 6 48 7 61 8 78 9 1 10 60 11 39 12 54 13 46 14 55 15 2 16 86 17 85 18 30 19 74 20 15
1 83 2 42 3 78 4 44 5 19 6 8 7 13 8 33 9 82 10 52 11 65 12 68 13 33 14 74 15 10 16 12 17 97 18 24 19 38 20 20
1 15 2 78 3 22 4 48 5 56 6 77 7 71 8 50 9 80 10 72 11 58 12 71 13 64 14 66 15 23 16 58 17 55 18 4 19 39 20 96
1 11 2 27 3 68 4 78 5 95 6 84 7 38 8 15 9 56 10 58 11 22 12 85 13 92 14 62 15 6 16 4 17 25 18 10 19 27 20 81
1 5 2 26 3 25 4 66 5 63 6 43 7 9 8 54 9 92 10 7 11 63 12 55 13 4 14 68 15 71 16 67 17 39 18 3 19 6 20 1
1 95 2 24 3 75 4 33 5 52 6 24 7 23 8 71 9 43 10 35 11 9 12 62 13 54 14 85 15 56 16 3 17 52 18 99 19 17 20 68
1 14 2 15 3 21 4 79 5 16 6 34 7 42 8 84 9 39 10 97 11 14 12 91 13 95 14 30 15 81 16 4 17 83 18 9 19 84 20 86
1 30 2 94 3 55 4 77 5 46 6 70 7 88 8 73 9 31 10 4 11 32 12 95 13 18 14 75 15 19 16 4 17 82 18 16 19 74 20 10
1 82 2 20 3 58 4 89 5 53 6 94 7 92 8 81 9 31 10 52 11 88 12 25 13 92 14 43 15 77 16 43 17 46 18 19 19 71 20 16
1 96 2 87 3 62 4 8 5 12 6 98 7 39 8 79 9 28 10 57 11 90 12 83 13 78 14 49 15 29 16 78 17 28 18 93 19 59 20 98
1 51 2 17 3 4 4 99 5 47 6 63 7 67 8 47 9 51 10 69 11 17 12 7 13 40 14 92 15 28 16 30 17 6 18 40 19 42 20 12
1 83 2 82 3 51 4 49 5 83 6 37 7 24 8 86 9 2 10 57 11 8 12 72 13 50 14 62 15 93 16 10 17 6 18 79 19 91 20 64
1 62 2 56 3 78 4 38 5 26 6 59 7 90 8 39 9 48 10 36 11 73 12 11 13 82 14 83 15 50 16 15 17 81 18 32 19 66 20 36
1 97 2 17 3 25 4 49 5 26 6 55 7 87 8 36 9 95 10 82 11 62 12 6 13 36 14 47 15 56 16 38 17 49 18 21 19 33 20 50
1 15 2 35 3 5 4 28 5 25 6 5 7 65 8 56 9 59 10 20 11 89 12 9 13 53 14 48 15 79 16 27 17 42 18 46 19 80 20 85
1 29 2 31 3 16 4 42 5 58 6 70 7 23 8 99 9 45 10 57 11 63 12 45 13 42 14 18 15 77 16 37 17 90 18 82 19 13 20 97
1 69 2 74 3 40 4 86 5 48 6 12 7 93 8 37 9 36 10 76 11 99 12 25 13 99 14 70 15 91 16 35 17 20 18 67 19 26 20 53
1 72 2 6 3 56 4 81 5 37 6 43 7 47 8 15 9 50 10 59 11 56 12 23 13 31 14 99 15 96 16 20 17 62 18 44 19 56 20 12
1 99 2 27 3 58 4 9 5 92 6 65 7 99 8 13 9 22 10 7 11 23 12 37 13 58 14 86 15 38 16 14 17 99 18 51 19 65 20 53
1 85 2 59 3 58 4 45 5 78 6 8 7 4 8 98 9 89 10 65 11 88 12 57 13 95 14 4 15 37 16 66 17 21 18 40 19 53 20 88
1 19 2 54 3 32 4 94 5 45 6 34 7 45 8 90 9 57 10 35 11 18 12 59 13 67 14 15 15 48 16 31 17 12 18 45 19 76 20 1
1 15 2 69 3 93 4 89 5 56 6 58 7 77 8 42 9 62 10 16 11 23 12 26 13 41 14 28 15 98 16 93 17 89 18 32 19 14 20 42
1 35 2 77 3 81 4 82 5 40 6 99 7 56 8 99 9 4 10 45 11 82 12 10 13 27 14 87 15 38 16 21 17 11 18 26 19 80 20 64
1 13 2 82 3 42 4 13 5 32 6 84 7 97 8 4 9 90 10 25 11 96 12 38 13 90 14 52 15 42 16 8 17 15 18 6 19 65 20 99
1 87 2 77 3 76 4 24 5 42 6 13 7 78 8 50 9 46 10 30 11 72 12 4 13 13 14 16 15 59 16 17 17 38 18 30 19 14 20 77
1 31 2 60 3 29 4 7 5 79 6 26 7 86 8 64 9 42 10 96 11 90 12 44 13 71 14 35 15 79 16 12 17 44 18 36 19 38 20 21
1 91 2 45 3 77 4 64 5 50 6 43 7 47 8 21 9 96 10 30 11 33 12 65 13 90 14 79 15 65 16 93 17 80 18 3 19 20 20 60
1 35 2 42 3 15 4 11 5 24 6 57 7 77 8 73 9 72 10 37 11 44 12 22 13 76 14 36 15 7 16 55 17 51 18 9 19 6 20 23
1 46 2 32 3 78 4 81 5 47 6 98 7 94 8 3 9 32 10 50 11 66 12 90 13 59 14 27 15 82 16 59 17 84 18 50 19 71 20 88
1 72 2 4 3 25 4 22 5 17 6 82 7 7 8 56 9 37 10 40 11 41 12 1 13 78 14 24 15 64 16 26 17 19 18 45 19 88 20 35
1 64 2 34 3 36 4 4 5 18 6 22 7 74 8 69 9 34 10 60 11 42 12 43 13 68 14 12 15 35 16 55 17 11 18 28 19 23 20 64
1 10 2 69 3 17 4 66 5 99 6 99 7 5 8 73 9 71 10 68 11 2 12 29 13 53 14 88 15 7 16 36 17 64 18 87 19 7 20 14
1 82 2 6 3 34 4 3 5 76 6 22 7 55 8 99 9 95 10 95 11 43 12 9 13 96 14 80 15 44 16 75 17 6 18 43 19 71 20 17
1 59 2 29 3 88 4 63 5 82 6 86 7 79 8 14 9 59 10 32 11 2 12 48 13 66 14 37 15 45 16 35 17 22 18 89 19 56 20 53
1 19 2 86 3 35 4 74 5 48 6 77 7 9 8 22 9 64 10 45 11 89 12 94 13 7 14 70 15 42 16 80 17 54 18 17 19 46 20 20
1 56 2 33 3 69 4 44 5 24 6 15 7 82 8 59 9 43 10 17 11 54 12 39 13 72 14 92 15 22 16 27 17 14 18 8 19 95 20 86
1 63 2 71 3 78 4 48 5 90 6 44 7 15 8 77 9 78 10 96 11 43 12 22 13 28 14 39 15 89 16 45 17 49 18 5 19 62 20 10
1 32 2 58 3 76 4 22 5 68 6 55 7 72 8 18 9 24 10 62 11 25 12 5 13 79 14 50 15 22 16 70 17 70 18 59 19 90 20 83
1 98 2 20 3 19 4 57 5 76 6 95 7 64 8 84 9 53 10 1 11 97 12 72 13 32 14 83 15 22 16 34 17 59 18 4 19 3 20 90
1 45 2 37 3 23 4 33 5 92 6 32 7 7 8 27 9 61 10 86 11 38 12 73 13 9 14 64 15 92 16 39 17 51 18 13 19 23 20 88
1 3 2 78 3 62 4 60 5 14 6 24 7 65 8 77 9 29 10 21 11 9 12 81 13 45 14 16 15 42 16 33 17 40 18 27 19 94 20 20
1 50 2 89 3 26 4 42 5 5 6 60 7 81 8 34 9 54 10 11 11 80 12 95 13 37 14 45 15 58 16 89 17 31 18 53 19 96 20 68
1 21 2 16 3 76 4 84 5 27 6 97 7 31 8 46 9 90 10 46 11 24 12 48 13 64 14 31 15 17 16 49 17 49 18 33 19 98 20 2
1 7 2 15 3 98 4 21 5 15 6 90 7 34 8 82 9 84 10 44 11 69 12 8 13 97 14 11 15 68 16 77 17 2 18 7 19 80 20 47
1 65 2 62 3 72 4 45 5 17 6 17 7 58 8 21 9 23 10 36 11 13 12 74 13 69 14 73 15 26 16 35 17 49 18 4 19 95 20 85
1 70 2 42 3 52 4 89 5 64 6 90 7 13 8 5 9 2 10 99 11 33 12 4 13 27 14 84 15 72 16 12 17 74 18 41 19 96 20 96
1 30 2 68 3 5 4 23 5 40 6 36 7 70 8 7 9 8 10 52 11 38 12 43 13 91 14 29 15 64 16 26 17 85 18 84 19 20 20 57
1 55 2 76 3 41 4 84 5 34 6 39 7 24 8 58 9 26 10 2 11 55 12 52 13 17 14 63 15 9 16 86 17 17 18 35 19 96 20 61
1 96 2 89 3 94 4 49 5 16 6 49 7 85 8 44 9 95 10 51 11 95 12 33 13 95 14 81 15 55 16 24 17 47 18 17 19 72 20 41
1 62 2 16 3 29 4 81 5 88 6 21 7 2 8 33 9 25 10 52 11 92 12 54 13 24 14 65 15 1 16 40 17 59 18 47 19 52 20 62
