200 20
1 68 2 40 3 43 4 72 5 87 6 59 7 67 8 89 9 84 10 43 11 92 12 90 13 23 14 20 15 97 16 57 17 33 18 7 19 69 20 56
1 16 2 41 3 7 4 74 5 54 6 67 7 15 8 85 9 83 10 42 11 29 12 64 13 3 14 9 15 35 16 24 17 72 18 70 19 47 20 78
1 60 2 11 3 60 4 5 5 24 6 52 7 39 8 14 9 65 10 99 11 69 12 96 13 54 14 37 15 35 16 19 17 10 18 88 19 61 20 95
1 18 2 49 3 69 4 86 5 28 6 6 7 40 8 88 9 94 10 78 11 43 12 31 13 54 14 80 15 11 16 27 17 3 18 32 19 2 20 49
1 27 2 81 3 18 4 83 5 84 6 49 7 64 8 20 9 52 10 42 11 51 12 66 13 95 14 18 15 37 16 70 17 22 18 87 19 67 20 15
1 1 2 37 3 91 4 59 5 2 6 44 7 29 8 37 9 30 10 20 11 19 12 79 13 41 14 79 15 49 16 21 17 97 18 86 19 15 20 57
1 76 2 14 3 57 4 80 5 93 6 31 7 66 8 30 9 82 10 11 11 71 12 94 13 35 14 71 15 76 16 76 17 26 18 31 19 58 20 31
1 98 2 26 3 92 4 11 5 72 6 46 7 20 8 38 9 57 10 5 11 19 12 65 13 35 14 89 15 41 16 15 17 99 18 19 19 74 20 63
1 92 2 29 3 47 4 80 5 7 6 43 7 89 8 9 9 99 10 38 11 76 12 52 13 48 14 55 15 17 16 63 17 92 18 77 19 31 20 44
1 76 2 18 3 7 4 40 5 47 6 73 7 41 8 70 9 86 10 8 11 63 12 77 13 91 14 24 15 19 16 63 17 72 18 17 19 46 20 66
1 10 2 76 3 75 4 29 5 10 6 86 7 62 8 26 9 1 10 62 11 89 12 2 13 62 14 96 15 99 16 91 17 85 18 42 19 7 20 4
1 23 2 74 3 83 4 41 5 63 6 99 7 55 8 37 9 23 10 1 11 84 12 46 13 31 14 93 15 79 16 32 17 71 18 60 19 42 20 24
1 51 2 98 3 64 4 85 5 31 6 11 7 95 8 58 9 57 10 28 11 76 12 40 13 96 14 54 15 91 16 90 17 41 18 72 19 37 20 38
1 64 2 98 3 36 4 20 5 3 6 41 7 93 8 44 9 3 10 19 11 66 12 55 13 66 14 68 15 1 16 5 17 59 18 64 19 1 20 5
1 11 2 46 3 10 4 56 5 25 6 95 7 12 8 48 9 11 10 45 11 25 12 62 13 12 14 67 15 17 16 59 17 30 18 73 19 34 20 27
1 50 2 87 3 77 4 88 5 80 6 75 7 41 8 84 9 24 10 27 11 52 12 73 13 75 14 23 15 52 16 97 17 40 18 50 19 95 20 34
1 2 2 76 3 26 4 48 5 16 6 20 7 86 8 62 9 54 10 50 11 26 12 4 13 4 14 59 15 24 16 14 17 49 18 35 19 78 20 77
1 72 2 10 3 87 4 24 5 26 6 46 7 40 8 86 9 40 10 8 11 39 12 11 13 96 14 74 15 22 16 22 17 50 18 6 19 95 20 83
1 70 2 1 3 8 4 94 5 65 6 70 7 61 8 80 9 82 10 23 11 51 12 92 13 25 14 23 15 40 16 69 17 42 18 13 19 17 20 27
1 74 2 7 3 25 4 73 5 81 6 84 7 40 8 28 9 86 10 17 11 66 12 33 13 20 14 84 15 23 16 73 17 25 18 87 19 2 20 15
1 77 2 30 3 88 4 21 5 29 6 12 7 2 8 95 9 24 10 20 11 66 12 82 13 45 14 4 15 22 16 81 17 56 18 85 19 3 20 82
1 94 2 72 3 96 4 55 5 3 6 63 7 65 8 20 9 4 10 95 11 20 12 57 13 38 14 46 15 76 16 10 17 79 18 7 19 12 20 60
1 85 2 73 3 18 4 75 5 77 6 71 7 83 8 63 9 52 10 66 11 30 12 71 13 57 14 83 15 34 16 31 17 11 18 50 19 22 20 7
1 82 2 34 3 5 4 62 5 3 6 68 7 35 8 79 9 10 10 60 11 67 12 10 13 87 14 25 15 24 16 4 17 36 18 44 19 22 20 8
1 49 2 97 3 8 4 9 5 18 6 34 7 54 8 42 9 70 10 59 11 8 12 29 13 6 14 42 15 33 16 67 17 7 18 64 19 7 20 60
1 79 2 26 3 57 4 98 5 27 6 66 7 89 8 90 9 44 10 91 11 36 12 66 13 71 14 32 15 80 16 25 17 32 18 39 19 38 20 5
1 97 2 56 3 65 4 14 5 58 6 35 7 97 8 24 9 46 10 91 11 53 12 29 13 72 14 43 15 62 16 27 17 57 18 14 19 92 20 69
1 61 2 8 3 78 4 43 5 53 6 2 7 72 8 23 9 85 10 49 11 6 12 34 13 6 14 51 15 17 16 66 17 31 18 58 19 84 20 70
1 87 2 99 3 88 4 60 5 4 6 2 7 99 8 79 9 49 10 53 11 16 12 64 13 72 14 59 15 62 16 66 17 92 18 28 19 72 20 50
1 80 2 48 3 12 4 32 5 76 6 33 7 65 8 18 9 88 10 60 11 67 12 54 13 61 14 72 15 50 16 42 17 30 18 24 19 27 20 6
1 68 2 48 3 56 4 54 5 38 6 65 7 56 8 29 9 21 10 99 11 34 12 25 13 66 14 54 15 1 16 52 17 23 18 50 19 61 20 36
1 60 2 1 3 57 4 38 5 68 6 45 7 85 8 13 9 55 10 98 11 12 12 97 13 6 14 94 15 43 16 86 17 2 18 84 19 94 20 28
1 68 2 45 3 43 4 89 5 86 6 8 7 32 8 62 9 11 10 36 11 3 12 23 13 79 14 99 15 57 16 4 17 69 18 69 19 30 20 99
1 51 2 66 3 33 4 13 5 89 6 73 7 26 8 25 9 88 10 70 11 72 12 56 13 1 14 6 15 97 16 57 17 64 18 40 19 4 20 71
1 84 2 50 3 1 4 30 5 84 6 33 7 69 8 19 9 37 10 25 11 27 12 71 13 55 14 19 15 43 16 80 17 93 18 76 19 52 20 26
1 70 2 36 3 23 4 72 5 23 6 28 7 14 8 48 9 54 10 86 11 81 12 12 13 26 14 76 15 41 16 89 17 70 18 54 19 6 20 65
1 7 2 14 3 88 4 98 5 57 6 19 7 72 8 41 9 40 10 62 11 47 12 65 13 14 14 99 15 65 16 14 17 99 18 65 19 62 20 30
1 6 2 80 3 52 4 35 5 25 6 54 7 44 8 40 9 99 10 21 11 74 12 10 13 46 14 99 15 88 16 91 17 57 18 85 19 62 20 46
1 88 2 11 3 27 4 35 5 50 6 68 7 58 8 47 9 44 10 37 11 76 12 30 13 98 14 57 15 7 16 15 17 84 18 39 19 62 20 1
1 41 2 59 3 92 4 51 5 82 6 49 7 78 8 87 9 60 10 55 11 57 12 70 13 11 14 62 15 53 16 95 17 97 18 9 19 85 20 17
1 26 2 97 3 5 4 89 5 77 6 47 7 60 8 12 9 96 10 63 11 27 12 87 13 46 14 10 15 97 16 59 17 58 18 73 19 11 20 31
1 41 2 23 3 36 4 54 5 7 6 31 7 90 8 83 9 65 10 61 11 15 12 10 13 61 14 55 15 81 16 87 17 81 18 50 19 43 20 67
1 54 2 79 3 26 4 64 5 83 6 56 7 8 8 78 9 27 10 1 11 97 12 35 13 29 14 22 15 16 16 87 17 79 18 82 19 65 20 62
1 99 2 22 3 79 4 37 5 31 6 30 7 40 8 93 9 22 10 91 11 8 12 44 13 95 14 93 15 83 16 38 17 74 18 24 19 50 20 75
1 60 2 15 3 73 4 68 5 63 6 79 7 40 8 2 9 45 10 94 11 3 12 16 13 29 14 55 15 3 16 72 17 87 18 64 19 33 20 64
1 64 2 32 3 23 4 94 5 93 6 69 7 75 8 65 9 68 10 93 11 4 12 91 13 15 14 83 15 38 16 34 17 67 18 24 19 78 20 41
1 87 2 55 3 83 4 5 5 34 6 16 7 57 8 66 9 23 10 13 11 35 12 8 13 17 14 20 15 18 16 66 17 10 18 48 19 71 20 64
1 97 2 59 3 25 4 67 5 5 6 15 7 33 8 6 9 27 10 34 11 12 12 28 13 15 14 36 15 22 16 82 17 43 18 97 19 6 20 28
1 65 2 45 3 73 4 63 5 41 6 12 7 11 8 85 9 82 10 41 11 87 12 84 13 25 14 59 15 89 16 86 17 15 18 17 19 44 20 71
1 15 2 10 3 68 4 58 5 33 6 14 7 3 8 89 9 94 10 19 11 33 12 55 13 55 14 37 15 26 16 22 17 75 18 4 19 82 20 30
1 99 2 58 3 61 4 33 5 30 6 49 7 54 8 36 9 38 10 63 11 97 12 45 13 65 14 26 15 76 16 23 17 40 18 91 19 51 20 41
1 8 2 42 3 71 4 20 5 54 6 19 7 32 8 65 9 27 10 20 11 99 12 81 13 87 14 4 15 10 16 2 17 61 18 10 19 22 20 59
1 45 2 8 3 27 4 24 5 53 6 53 7 84 8 46 9 17 10 5 11 77 12 96 13 41 14 3 15 99 16 99 17 37 18 2 19 10 20 40
1 63 2 29 3 82 4 14 5 39 6 11 7 18 8 44 9 37 10 77 11 40 12 81 13 28 14 52 15 64 16 21 17 39 18 97 19 37 20 40
1 75 2 9 3 4 4 69 5 22 6 54 7 86 8 41 9 59 10 56 11 76 12 47 13 53 14 38 15 6 16 26 17 27 18 81 19 17 20 87
1 22 2 32 3 34 4 37 5 58 6 7 7 53 8 70 9 20 10 88 11 34 12 34 13 27 14 40 15 46 16 38 17 35 18 99 19 65 20 58
1 17 2 5 3 41 4 46 5 14 6 10 7 70 8 44 9 97 10 79 11 50 12 57 13 68 14 80 15 47 16 27 17 12 18 24 19 88 20 3
1 98 2 29 3 23 4 8 5 55 6 86 7 98 8 90 9 46 10 22 11 19 12 24 13 95 14 75 15 97 16 95 17 99 18 78 19 30 20 6
1 86 2 59 3 7 4 61 5 53 6 54 7 25 8 55 9 8 10 80 11 52 12 67 13 17 14 78 15 57 16 92 17 1 18 42 19 70 20 34
1 86 2 78 3 69 4 87 5 49 6 34 7 80 8 38 9 14 10 93 11 86 12 35 13 18 14 11 15 19 16 29 17 56 18 2 19 58 20 2
1 88 2 35 3 33 4 93 5 84 6 19 7 43 8 14 9 22 10 1 11 55 12 5 13 14 14 82 15 84 16 10 17 17 18 39 19 39 20 75
1 59 2 51 3 30 4 71 5 95 6 17 7 46 8 61 9 37 10 93 11 28 12 57 13 7 14 53 15 82 16 22 17 50 18 93 19 29 20 9
1 76 2 20 3 6 4 39 5 49 6 31 7 20 8 79 9 46 10 22 11 78 12 19 13 87 14 85 15 8 16 2 17 57 18 99 19 69 20 55
1 14 2 24 3 42 4 64 5 96 6 40 7 87 8 43 9 96 10 94 11 75 12 27 13 97 14 51 15 75 16 33 17 13 18 32 19 93 20 53
1 38 2 16 3 45 4 79 5 90 6 48 7 37 8 72 9 53 10 71 11 22 12 63 13 25 14 9 15 38 16 58 17 42 18 84 19 54 20 58
1 12 2 99 3 24 4 85 5 35 6 13 7 20 8 54 9 46 10 23 11 27 12 90 13 74 14 96 15 52 16 55 17 12 18 61 19 63 20 13
1 56 2 49 3 50 4 85 5 42 6 52 7 54 8 47 9 70 10 36 11 49 12 81 13 23 14 64 15 20 16 97 17 36 18 36 19 53 20 88
1 42 2 93 3 94 4 61 5 92 6 16 7 4 8 88 9 75 10 85 11 28 12 7 13 84 14 63 15 69 16 94 17 23 18 2 19 43 20 26
1 7 2 44 3 12 4 51 5 19 6 5 7 62 8 28 9 96 10 9 11 70 12 8 13 94 14 22 15 74 16 94 17 13 18 9 19 95 20 78
1 51 2 26 3 58 4 53 5 31 6 74 7 35 8 59 9 39 10 53 11 53 12 43 13 18 14 37 15 8 16 69 17 18 18 68 19 63 20 48
1 68 2 29 3 75 4 63 5 2 6 18 7 43 8 6 9 13 10 55 11 84 12 1 13 70 14 25 15 38 16 98 17 17 18 23 19 28 20 80
1 24 2 29 3 16 4 13 5 35 6 31 7 40 8 40 9 22 10 59 11 78 12 10 13 94 14 80 15 86 16 18 17 34 18 69 19 94 20 9
1 87 2 24 3 44 4 31 5 38 6 25 7 29 8 70 9 3 10 69 11 77 12 26 13 63 14 91 15 49 16 5 17 30 18 79 19 59 20 73
1 40 2 54 3 30 4 18 5 18 6 62 7 20 8 26 9 52 10 90 11 47 12 99 13 18 14 69 15 40 16 21 17 49 18 18 19 89 20 86
1 28 2 53 3 14 4 91 5 87 6 18 7 51 8 73 9 35 10 38 11 53 12 41 13 29 14 44 15 8 16 93 17 47 18 26 19 61 20 47
1 99 2 57 3 50 4 48 5 50 6 2 7 20 8 80 9 6 10 75 11 70 12 16 13 73 14 4 15 45 16 92 17 15 18 70 19 41 20 6
1 42 2 42 3 21 4 7 5 43 6 64 7 89 8 77 9 41 10 93 11 33 12 36 13 73 14 66 15 64 16 43 17 8 18 75 19 50 20 11
1 41 2 50 3 15 4 71 5 76 6 73 7 23 8 21 9 80 10 40 11 43 12 40 13 6 14 4 15 46 16 30 17 66 18 16 19 26 20 25
1 39 2 69 3 45 4 39 5 90 6 50 7 32 8 92 9 87 10 10 11 43 12 14 13 18 14 91 15 12 16 28 17 34 18 72 19 87 20 36
1 7 2 48 3 21 4 56 5 5 6 88 7 16 8 4 9 43 10 49 11 42 12 91 13 64 14 99 15 60 16 9 17 11 18 10 19 88 20 41
1 93 2 33 3 48 4 71 5 46 6 23 7 7 8 70 9 78 10 71 11 34 12 43 13 88 14 35 15 6 16 59 17 43 18 98 19 22 20 13
1 43 2 64 3 18 4 25 5 62 6 53 7 85 8 31 9 47 10 23 11 95 12 74 13 36 14 29 15 39 16 43 17 59 18 24 19 42 20 88
1 16 2 23 3 33 4 20 5 2 6 1 7 47 8 39 9 84 10 94 11 40 12 74 13 34 14 7 15 20 16 80 17 34 18 50 19 26 20 28
1 8 2 30 3 49 4 4 5 1 6 31 7 18 8 1 9 43 10 79 11 98 12 87 13 72 14 70 15 26 16 23 17 1 18 68 19 31 20 62
1 48 2 17 3 69 4 13 5 14 6 42 7 37 8 21 9 12 10 37 11 95 12 42 13 3 14 21 15 75 16 15 17 5 18 21 19 51 20 99
1 38 2 55 3 80 4 36 5 39 6 99 7 59 8 35 9 1 10 96 11 64 12 84 13 38 14 79 15 75 16 12 17 46 18 60 19 33 20 81
1 13 2 86 3 5 4 76 5 12 6 46 7 39 8 91 9 86 10 49 11 7 12 56 13 75 14 73 15 58 16 88 17 3 18 40 19 56 20 43
1 27 2 93 3 30 4 36 5 10 6 98 7 65 8 49 9 59 10 76 11 10 12 24 13 84 14 11 15 8 16 33 17 54 18 90 19 30 20 51
1 24 2 4 3 51 4 16 5 67 6 21 7 90 8 9 9 18 10 6 11 72 12 33 13 54 14 27 15 46 16 52 17 69 18 34 19 29 20 92
1 14 2 62 3 39 4 27 5 4 6 96 7 63 8 15 9 62 10 63 11 40 12 72 13 30 14 30 15 91 16 94 17 88 18 89 19 99 20 63
1 10 2 99 3 37 4 79 5 24 6 82 7 12 8 84 9 49 10 15 11 48 12 58 13 9 14 74 15 22 16 43 17 84 18 18 19 30 20 86
1 53 2 87 3 79 4 83 5 93 6 7 7 78 8 31 9 95 10 32 11 55 12 46 13 3 14 93 15 36 16 77 17 67 18 29 19 70 20 34
1 45 2 16 3 99 4 70 5 48 6 86 7 31 8 88 9 69 10 10 11 54 12 12 13 10 14 74 15 86 16 56 17 82 18 40 19 93 20 10
1 59 2 11 3 35 4 84 5 88 6 40 7 78 8 57 9 21 10 5 11 68 12 73 13 13 14 71 15 35 16 13 17 71 18 76 19 28 20 13
1 52 2 58 3 31 4 53 5 12 6 24 7 83 8 71 9 49 10 78 11 15 12 24 13 6 14 72 15 48 16 3 17 49 18 81 19 15 20 13
1 36 2 94 3 3 4 35 5 37 6 48 7 66 8 31 9 4 10 6 11 23 12 48 13 50 14 41 15 23 16 57 17 5 18 5 19 23 20 21
1 58 2 96 3 9 4 40 5 2 6 55 7 2 8 9 9 78 10 37 11 52 12 78 13 18 14 85 15 79 16 6 17 23 18 47 19 82 20 66
1 24 2 14 3 9 4 37 5 1 6 33 7 94 8 82 9 60 10 79 11 4 12 69 13 92 14 51 15 7 16 36 17 96 18 40 19 15 20 53
1 90 2 19 3 19 4 97 5 39 6 37 7 4 8 25 9 63 10 95 11 12 12 55 13 89 14 11 15 38 16 47 17 45 18 27 19 2 20 98
1 89 2 24 3 58 4 84 5 33 6 24 7 71 8 25 9 14 10 37 11 45 12 30 13 27 14 43 15 36 16 88 17 44 18 20 19 29 20 48
1 9 2 93 3 84 4 58 5 14 6 31 7 19 8 16 9 41 10 9 11 67 12 74 13 85 14 90 15 77 16 40 17 33 18 42 19 74 20 16
1 45 2 62 3 44 4 68 5 76 6 76 7 78 8 29 9 15 10 30 11 93 12 16 13 38 14 27 15 32 16 31 17 88 18 79 19 86 20 61
1 30 2 55 3 8 4 90 5 70 6 58 7 35 8 11 9 66 10 63 11 26 12 92 13 29 14 98 15 59 16 18 17 39 18 1 19 27 20 4
1 38 2 42 3 69 4 4 5 68 6 30 7 39 8 75 9 87 10 45 11 83 12 30 13 55 14 37 15 31 16 74 17 49 18 18 19 76 20 46
1 78 2 99 3 58 4 84 5 89 6 74 7 1 8 86 9 95 10 58 11 17 12 18 13 70 14 49 15 21 16 43 17 26 18 67 19 66 20 89
1 66 2 63 3 88 4 45 5 52 6 89 7 83 8 80 9 58 10 52 11 21 12 34 13 96 14 69 15 81 16 65 17 61 18 82 19 75 20 61
1 22 2 52 3 10 4 50 5 30 6 84 7 86 8 16 9 54 10 54 11 70 12 37 13 18 14 96 15 80 16 80 17 21 18 58 19 70 20 71
1 62 2 4 3 1 4 4 5 69 6 70 7 77 8 28 9 47 10 78 11 64 12 58 13 47 14 17 15 67 16 84 17 59 18 51 19 47 20 61
1 51 2 97 3 65 4 7 5 71 6 75 7 47 8 83 9 1 10 46 11 54 12 76 13 54 14 59 15 37 16 47 17 55 18 76 19 75 20 23
1 41 2 28 3 78 4 58 5 51 6 40 7 16 8 21 9 88 10 59 11 3 12 39 13 73 14 34 15 45 16 20 17 66 18 35 19 96 20 24
1 79 2 2 3 54 4 78 5 71 6 65 7 95 8 21 9 18 10 54 11 1 12 87 13 29 14 19 15 38 16 44 17 46 18 25 19 48 20 66
1 81 2 42 3 48 4 34 5 73 6 32 7 68 8 60 9 63 10 49 11 19 12 54 13 14 14 40 15 83 16 66 17 27 18 89 19 69 20 34
1 27 2 3 3 97 4 40 5 57 6 3 7 45 8 42 9 1 10 63 11 14 12 29 13 53 14 5 15 71 16 44 17 57 18 77 19 43 20 59
1 25 2 52 3 19 4 34 5 16 6 38 7 61 8 53 9 36 10 87 11 3 12 56 13 1 14 4 15 4 16 98 17 90 18 23 19 78 20 64
1 90 2 18 3 19 4 67 5 82 6 16 7 53 8 18 9 17 10 25 11 71 12 12 13 24 14 32 15 44 16 39 17 40 18 47 19 53 20 75
1 83 2 35 3 53 4 1 5 35 6 67 7 26 8 13 9 52 10 31 11 11 12 37 13 13 14 73 15 37 16 56 17 55 18 81 19 61 20 75
1 34 2 2 3 29 4 2 5 60 6 17 7 55 8 3 9 94 10 70 11 35 12 71 13 62 14 92 15 39 16 47 17 10 18 72 19 5 20 40
1 1 2 15 3 67 4 10 5 31 6 40 7 7 8 54 9 86 10 4 11 2 12 89 13 36 14 33 15 98 16 70 17 91 18 64 19 41 20 19
1 24 2 84 3 50 4 51 5 60 6 3 7 56 8 79 9 8 10 34 11 93 12 79 13 72 14 7 15 90 16 2 17 76 18 1 19 7 20 57
1 19 2 2 3 11 4 84 5 9 6 88 7 50 8 52 9 49 10 10 11 23 12 30 13 75 14 43 15 88 16 66 17 23 18 34 19 1 20 82
1 44 2 40 3 27 4 41 5 9 6 77 7 98 8 64 9 14 10 2 11 19 12 9 13 19 14 28 15 69 16 90 17 71 18 83 19 2 20 16
1 9 2 60 3 1 4 44 5 25 6 86 7 45 8 68 9 1 10 56 11 64 12 7 13 68 14 96 15 30 16 62 17 32 18 25 19 27 20 97
1 54 2 28 3 65 4 7 5 71 6 74 7 8 8 46 9 76 10 45 11 11 12 92 13 54 14 31 15 51 16 48 17 27 18 55 19 39 20 71
1 18 2 48 3 8 4 35 5 62 6 52 7 65 8 95 9 55 10 7 11 37 12 91 13 91 14 73 15 56 16 22 17 98 18 96 19 82 20 84
1 31 2 44 3 19 4 60 5 19 6 56 7 6 8 45 9 24 10 10 11 6 12 44 13 57 14 43 15 1 16 42 17 20 18 83 19 57 20 34
1 67 2 64 3 92 4 35 5 55 6 99 7 23 8 52 9 30 10 6 11 81 12 91 13 89 14 45 15 33 16 55 17 74 18 46 19 50 20 29
1 2 2 80 3 12 4 63 5 96 6 88 7 47 8 21 9 30 10 44 11 64 12 51 13 95 14 57 15 96 16 62 17 11 18 8 19 92 20 1
1 51 2 32 3 96 4 88 5 15 6 5 7 56 8 68 9 10 10 89 11 43 12 4 13 51 14 84 15 35 16 53 17 82 18 41 19 62 20 78
1 72 2 32 3 17 4 9 5 67 6 74 7 27 8 55 9 76 10 1 11 41 12 73 13 89 14 2 15 45 16 99 17 37 18 74 19 95 20 78
1 48 2 95 3 11 4 28 5 21 6 8 7 88 8 29 9 60 10 2 11 47 12 15 13 1 14 64 15 55 16 32 17 49 18 20 19 33 20 68
1 84 2 1 3 47 4 60 5 31 6 76 7 12 8 75 9 90 10 72 11 8 12 86 13 86 14 70 15 46 16 52 17 31 18 36 19 10 20 19
1 85 2 49 3 61 4 10 5 26 6 38 7 97 8 71 9 34 10 74 11 12 12 77 13 16 14 55 15 90 16 61 17 43 18 42 19 81 20 1
1 8 2 51 3 16 4 14 5 25 6 92 7 98 8 28 9 97 10 38 11 95 12 78 13 48 14 66 15 18 16 19 17 25 18 79 19 90 20 26
1 48 2 81 3 95 4 37 5 6 6 86 7 83 8 67 9 74 10 91 11 99 12 55 13 79 14 46 15 10 16 52 17 22 18 39 19 8 20 13
1 32 2 4 3 7 4 47 5 34 6 1 7 12 8 93 9 62 10 11 11 81 12 26 13 31 14 41 15 5 16 40 17 11 18 56 19 67 20 49
1 92 2 8 3 79 4 5 5 72 6 77 7 60 8 21 9 23 10 51 11 16 12 73 13 59 14 20 15 83 16 9 17 60 18 68 19 14 20 67
1 86 2 35 3 58 4 13 5 55 6 57 7 14 8 79 9 72 10 27 11 42 12 59 13 58 14 36 15 63 16 1 17 45 18 10 19 8 20 66
1 62 2 95 3 88 4 69 5 38 6 30 7 60 8 33 9 87 10 91 11 48 12 46 13 18 14 31 15 22 16 2 17 96 18 56 19 17 20 49
1 87 2 35 3 69 4 66 5 69 6 30 7 30 8 77 9 98 10 55 11 78 12 45 13 84 14 47 15 58 16 24 17 56 18 50 19 53 20 12
1 43 2 73 3 3 4 32 5 91 6 25 7 44 8 55 9 97 10 10 11 42 12 73 13 74 14 16 15 47 16 68 17 9 18 92 19 4 20 48
1 35 2 3 3 9 4 71 5 99 6 89 7 92 8 60 9 44 10 59 11 8 12 51 13 60 14 35 15 5 16 81 17 67 18 70 19 79 20 7
1 51 2 1 3 38 4 91 5 3 6 88 7 88 8 6 9 68 10 26 11 38 12 93 13 89 14 85 15 82 16 99 17 47 18 60 19 4 20 41
1 86 2 12 3 19 4 80 5 37 6 55 7 59 8 55 9 26 10 40 11 22 12 72 13 90 14 39 15 60 16 14 17 92 18 47 19 90 20 43
1 15 2 8 3 24 4 93 5 40 6 68 7 68 8 67 9 41 10 72 11 72 12 73 13 44 14 34 15 24 16 19 17 27 18 31 19 80 20 4
1 94 2 3 3 31 4 38 5 44 6 87 7 77 8 2 9 66 10 20 11 79 12 89 13 90 14 84 15 40 16 8 17 65 18 80 19 50 20 89
1 29 2 98 3 45 4 66 5 64 6 86 7 75 8 64 9 83 10 12 11 69 12 7 13 27 14 20 15 92 16 28 17 36 18 2 19 86 20 71
1 34 2 74 3 86 4 68 5 94 6 78 7 38 8 77 9 69 10 56 11 12 12 64 13 99 14 41 15 25 16 58 17 20 18 86 19 58 20 13
1 20 2 11 3 33 4 55 5 5 6 71 7 62 8 50 9 93 10 74 11 6 12 39 13 90 14 5 15 81 16 28 17 33 18 78 19 95 20 82
1 38 2 41 3 4 4 94 5 44 6 10 7 28 8 33 9 66 10 16 11 45 12 51 13 89 14 69 15 23 16 9 17 8 18 43 19 64 20 15
1 15 2 26 3 48 4 9 5 11 6 56 7 75 8 75 9 63 10 17 11 93 12 38 13 22 14 22 15 17 16 24 17 93 18 17 19 48 20 27
1 18 2 77 3 73 4 91 5 96 6 10 7 58 8 70 9 42 10 21 11 11 12 88 13 91 14 78 15 70 16 53 17 51 18 96 19 27 20 47
1 30 2 37 3 63 4 61 5 73 6 80 7 5 8 82 9 49 10 11 11 79 12 78 13 57 14 47 15 91 16 92 17 94 18 33 19 52 20 12
1 37 2 47 3 39 4 4 5 50 6 90 7 58 8 46 9 14 10 84 11 97 12 49 13 33 14 48 15 68 16 36 17 66 18 6 19 54 20 16
1 7 2 35 3 64 4 18 5 8 6 61 7 41 8 65 9 71 10 34 11 35 12 92 13 70 14 65 15 76 16 71 17 81 18 32 19 27 20 95
1 49 2 51 3 65 4 17 5 91 6 23 7 17 8 19 9 28 10 70 11 67 12 40 13 81 14 54 15 52 16 38 17 6 18 8 19 31 20 98
1 14 2 17 3 31 4 37 5 85 6 84 7 7 8 54 9 40 10 95 11 97 12 44 13 4 14 46 15 10 16 63 17 76 18 23 19 95 20 73
1 78 2 46 3 40 4 34 5 92 6 42 7 56 8 4 9 63 10 93 11 72 12 63 13 62 14 30 15 91 16 96 17 53 18 19 19 40 20 14
1 16 2 66 3 54 4 54 5 64 6 86 7 31 8 99 9 10 10 2 11 74 12 29 13 77 14 14 15 30 16 14 17 48 18 1 19 4 20 71
1 54 2 30 3 42 4 43 5 33 6 32 7 12 8 68 9 8 10 82 11 27 12 59 13 20 14 60 15 76 16 44 17 29 18 68 19 24 20 46
1 94 2 79 3 68 4 49 5 85 6 87 7 17 8 99 9 76 10 81 11 52 12 24 13 57 14 8 15 36 16 67 17 57 18 66 19 5 20 69
1 75 2 43 3 70 4 11 5 64 6 88 7 94 8 9 9 29 10 58 11 90 12 78 13 63 14 34 15 71 16 49 17 69 18 97 19 10 20 43
1 22 2 16 3 31 4 22 5 62 6 14 7 11 8 46 9 85 10 59 11 73 12 22 13 70 14 52 15 70 16 45 17 45 18 37 19 2 20 90
1 2 2 40 3 70 4 93 5 44 6 71 7 83 8 13 9 3 10 99 11 27 12 98 13 62 14 17 15 35 16 71 17 94 18 58 19 77 20 29
1 61 2 41 3 47 4 2 5 16 6 41 7 59 8 27 9 18 10 33 11 1 12 99 13 3 14 15 15 45 16 82 17 20 18 11 19 90 20 65
1 73 2 71 3 26 4 97 5 50 6 43 7 7 8 78 9 27 10 50 11 70 12 65 13 96 14 27 15 66 16 18 17 96 18 66 19 82 20 23
1 69 2 28 3 95 4 38 5 89 6 19 7 6 8 52 9 70 10 4 11 81 12 1 13 36 14 30 15 13 16 90 17 30 18 66 19 28 20 36
1 38 2 48 3 97 4 56 5 92 6 93 7 81 8 24 9 38 10 39 11 33 12 7 13 75 14 43 15 92 16 44 17 35 18 2 19 96 20 28
1 13 2 67 3 61 4 71 5 20 6 54 7 53 8 75 9 58 10 74 11 65 12 21 13 60 14 72 15 4 16 85 17 47 18 80 19 71 20 26
1 73 2 36 3 38 4 13 5 66 6 82 7 2 8 76 9 29 10 90 11 36 12 32 13 84 14 78 15 94 16 45 17 14 18 72 19 3 20 18
1 58 2 87 3 30 4 73 5 71 6 5 7 77 8 60 9 6 10 61 11 23 12 29 13 2 14 67 15 69 16 38 17 37 18 80 19 51 20 34
1 89 2 41 3 16 4 7 5 84 6 53 7 56 8 71 9 40 10 17 11 33 12 3 13 51 14 76 15 2 16 63 17 84 18 55 19 3 20 82
1 46 2 58 3 24 4 57 5 59 6 86 7 39 8 55 9 69 10 36 11 98 12 82 13 44 14 70 15 67 16 74 17 61 18 38 19 87 20 35
1 37 2 98 3 26 4 49 5 12 6 52 7 49 8 92 9 43 10 75 11 83 12 3 13 99 14 87 15 60 16 92 17 75 18 53 19 30 20 59
1 95 2 85 3 63 4 21 5 78 6 72 7 87 8 52 9 39 10 93 11 22 12 82 13 21 14 65 15 81 16 59 17 73 18 74 19 33 20 53
1 47 2 69 3 11 4 31 5 69 6 67 7 3 8 21 9 29 10 28 11 45 12 2 13 53 14 36 15 5 16 79 17 76 18 32 19 87 20 4
1 44 2 8 3 16 4 93 5 93 6 64 7 65 8 1 9 40 10 74 11 59 12 21 13 79 14 9 15 2 16 70 17 88 18 3 19 95 20 77
1 76 2 94 3 90 4 67 5 27 6 18 7 49 8 3 9 79 10 12 11 6 12 72 13 46 14 7 15 56 16 33 17 59 18 86 19 33 20 28
1 84 2 59 3 54 4 99 5 30 6 14 7 65 8 34 9 6 10 91 11 89 12 80 13 34 14 35 15 91 16 44 17 52 18 73 19 93 20 98
1 30 2 20 3 58 4 34 5 14 6 46 7 61 8 73 9 87 10 41 11 9 12 57 13 82 14 17 15 19 16 32 17 47 18 89 19 2 20 94
1 17 2 98 3 13 4 84 5 12 6 66 7 90 8 86 9 83 10 75 11 67 12 33 13 40 14 56 15 21 16 43 17 1 18 92 19 4 20 44
1 52 2 89 3 39 4 71 5 72 6 71 7 68 8 42 9 94 10 83 11 14 12 76 13 90 14 14 15 83 16 3 17 1 18 12 19 51 20 46
1 2 2 92 3 23 4 69 5 65 6 30 7 48 8 70 9 15 10 62 11 48 12 19 13 49 14 5 15 22 16 45 17 15 18 29 19 65 20 72
1 45 2 53 3 8 4 11 5 21 6 46 7 95 8 42 9 66 10 23 11 39 12 86 13 4 14 95 15 8 16 41 17 85 18 66 19 68 20 37
1 51 2 46 3 93 4 59 5 14 6 25 7 71 8 15 9 89 10 94 11 61 12 5 13 45 14 52 15 9 16 70 17 50 18 44 19 79 20 64
1 47 2 4 3 59 4 45 5 91 6 35 7 71 8 63 9 94 10 86 11 3 12 77 13 37 14 84 15 50 16 97 17 21 18 42 19 6 20 19
1 96 2 51 3 53 4 95 5 76 6 95 7 50 8 52 9 27 10 97 11 96 12 88 13 92 14 33 15 23 16 38 17 37 18 11 19 6 20 55
1 40 2 1 3 69 4 96 5 76 6 46 7 66 8 8 9 84 10 62 11 95 12 30 13 20 14 90 15 66 16 76 17 46 18 38 19 41 20 83
1 43 2 37 3 93 4 80 5 68 6 92 7 94 8 21 9 68 10 53 11 76 12 40 13 4 14 89 15 52 16 54 17 87 18 86 19 20 20 15
1 61 2 25 3 85 4 58 5 6 6 40 7 98 8 93 9 78 10 55 11 75 12 97 13 52 14 27 15 32 16 81 17 73 18 29 19 34 20 35
1 78 2 29 3 45 4 25 5 54 6 74 7 77 8 85 9 64 10 2 11 27 12 81 13 17 14 31 15 37 16 20 17 69 18 59 19 39 20 13
1 32 2 78 3 84 4 27 5 32 6 84 7 74 8 72 9 85 10 60 11 55 12 60 13 8 14 34 15 54 16 47 17 60 18 8 19 39 20 42
1 10 2 62 3 52 4 65 5 32 6 61 7 9 8 25 9 15 10 56 11 3 12 13 13 59 14 95 15 93 16 49 17 67 18 17 19 39 20 91
1 60 2 90 3 94 4 53 5 25 6 12 7 63 8 75 9 63 10 7 11 80 12 16 13 39 14 37 15 7 16 1 17 38 18 48 19 38 20 39
1 83 2 27 3 14 4 46 5 46 6 59 7 12 8 20 9 7 10 85 11 74 12 49 13 48 14 6 15 73 16 57 17 44 18 41 19 35 20 68
1 61 2 1 3 16 4 37 5 70 6 26 7 76 8 87 9 42 10 26 11 22 12 2 13 81 14 55 15 12 16 47 17 26 18 91 19 37 20 41
1 11 2 82 3 26 4 57 5 33 6 21 7 37 8 67 9 22 10 33 11 47 12 3 13 55 14 19 15 61 16 38 17 63 18 42 19 20 20 62
1 45 2 78 3 57 4 31 5 33 6 71 7 73 8 87 9 46 10 21 11 52 12 95 13 66 14 24 15 27 16 63 17 48 18 43 19 87 20 44
1 87 2 58 3 24 4 50 5 33 6 62 7 56 8 86 9 58 10 42 11 84 12 35 13 91 14 49 15 52 16 86 17 45 18 62 19 3 20 50
1 83 2 57 3 8 4 88 5 10 6 88 7 50 8 22 9 49 10 44 11 6 12 26 13 34 14 40 15 26 16 49 17 93 18 77 19 38 20 15
1 50 2 15 3 22 4 88 5 42 6 63 7 56 8 61 9 64 10 63 11 30 12 4 13 21 14 95 15 20 16 30 17 86 18 95 19 82 20 10
