200 20
1 83 2 94 3 45 4 44 5 35 6 62 7 19 8 81 9 70 10 88 11 4 12 33 13 82 14 74 15 35 16 12 17 47 18 7 19 88 20 91
1 81 2 61 3 40 4 91 5 58 6 83 7 68 8 2 9 98 10 18 11 60 12 77 13 92 14 83 15 39 16 98 17 55 18 90 19 55 20 88
1 63 2 69 3 18 4 32 5 8 6 39 7 30 8 64 9 10 10 8 11 40 12 55 13 91 14 44 15 43 16 96 17 55 18 96 19 5 20 32
1 14 2 90 3 23 4 57 5 43 6 12 7 28 8 55 9 35 10 18 11 10 12 53 13 51 14 84 15 63 16 41 17 31 18 93 19 64 20 35
1 38 2 2 3 94 4 64 5 40 6 7 7 95 8 20 9 9 10 18 11 54 12 65 13 1 14 7 15 19 16 96 17 69 18 24 19 66 20 90
1 18 2 64 3 88 4 44 5 1 6 72 7 66 8 41 9 2 10 22 11 52 12 68 13 2 14 42 15 92 16 95 17 25 18 60 19 3 20 38
1 13 2 57 3 94 4 3 5 63 6 21 7 19 8 55 9 45 10 75 11 55 12 36 13 25 14 37 15 90 16 95 17 13 18 97 19 93 20 12
1 83 2 40 3 87 4 84 5 59 6 34 7 30 8 89 9 45 10 87 11 11 12 97 13 64 14 64 15 12 16 26 17 57 18 56 19 68 20 15
1 15 2 73 3 55 4 77 5 19 6 83 7 24 8 47 9 39 10 3 11 94 12 65 13 46 14 46 15 34 16 48 17 91 18 11 19 34 20 49
1 49 2 56 3 34 4 45 5 49 6 37 7 66 8 47 9 53 10 52 11 94 12 59 13 42 14 55 15 11 16 27 17 81 18 81 19 64 20 48
1 47 2 54 3 84 4 82 5 96 6 28 7 69 8 70 9 77 10 8 11 69 12 59 13 30 14 87 15 57 16 42 17 85 18 75 19 2 20 56
1 92 2 91 3 44 4 39 5 29 6 3 7 62 8 85 9 33 10 28 11 72 12 90 13 67 14 31 15 44 16 46 17 53 18 95 19 76 20 66
1 37 2 70 3 33 4 56 5 24 6 71 7 78 8 92 9 2 10 86 11 30 12 33 13 39 14 93 15 58 16 90 17 14 18 88 19 64 20 56
1 67 2 16 3 62 4 74 5 4 6 17 7 57 8 40 9 75 10 29 11 96 12 49 13 81 14 48 15 88 16 14 17 37 18 34 19 38 20 87
1 4 2 82 3 76 4 26 5 58 6 71 7 50 8 54 9 22 10 37 11 81 12 87 13 94 14 28 15 42 16 4 17 88 18 76 19 73 20 12
1 86 2 98 3 28 4 40 5 6 6 73 7 9 8 15 9 73 10 56 11 28 12 96 13 68 14 52 15 18 16 12 17 46 18 74 19 25 20 17
1 59 2 79 3 36 4 5 5 50 6 20 7 74 8 88 9 84 10 42 11 98 12 83 13 16 14 38 15 31 16 8 17 14 18 13 19 67 20 48
1 64 2 21 3 34 4 83 5 41 6 63 7 3 8 80 9 18 10 45 11 86 12 2 13 72 14 72 15 13 16 75 17 62 18 73 19 8 20 80
1 19 2 66 3 54 4 57 5 90 6 65 7 26 8 48 9 3 10 29 11 80 12 74 13 51 14 17 15 25 16 29 17 24 18 60 19 8 20 5
1 52 2 61 3 43 4 30 5 36 6 21 7 2 8 7 9 4 10 56 11 98 12 2 13 36 14 93 15 66 16 2 17 53 18 55 19 28 20 52
1 75 2 98 3 2 4 14 5 37 6 66 7 26 8 76 9 43 10 49 11 80 12 71 13 32 14 58 15 42 16 70 17 8 18 49 19 29 20 47
1 81 2 93 3 25 4 9 5 76 6 73 7 58 8 27 9 91 10 7 11 1 12 9 13 50 14 80 15 89 16 17 17 67 18 91 19 41 20 13
1 79 2 2 3 42 4 7 5 66 6 26 7 51 8 47 9 28 10 52 11 73 12 27 13 45 14 31 15 70 16 88 17 10 18 24 19 65 20 85
1 11 2 17 3 89 4 14 5 92 6 39 7 2 8 85 9 92 10 78 11 38 12 93 13 56 14 57 15 97 16 54 17 48 18 56 19 69 20 34
1 90 2 43 3 67 4 9 5 20 6 3 7 40 8 97 9 84 10 84 11 95 12 51 13 64 14 85 15 77 16 51 17 87 18 82 19 52 20 25
1 98 2 17 3 13 4 43 5 1 6 42 7 47 8 86 9 31 10 71 11 63 12 97 13 11 14 54 15 50 16 91 17 20 18 84 19 85 20 65
1 56 2 72 3 60 4 65 5 74 6 97 7 4 8 53 9 30 10 24 11 81 12 95 13 40 14 30 15 60 16 97 17 67 18 43 19 19 20 25
1 97 2 53 3 6 4 44 5 58 6 29 7 66 8 61 9 32 10 58 11 86 12 92 13 39 14 90 15 51 16 34 17 56 18 11 19 80 20 27
1 2 2 44 3 53 4 87 5 12 6 40 7 70 8 5 9 23 10 65 11 43 12 80 13 89 14 37 15 38 16 49 17 86 18 52 19 38 20 55
1 95 2 16 3 60 4 61 5 67 6 13 7 67 8 73 9 78 10 82 11 2 12 23 13 32 14 1 15 70 16 28 17 6 18 12 19 99 20 35
1 13 2 59 3 32 4 22 5 94 6 19 7 97 8 97 9 68 10 89 11 13 12 74 13 65 14 48 15 30 16 67 17 73 18 93 19 33 20 48
1 40 2 69 3 38 4 8 5 70 6 6 7 96 8 29 9 26 10 91 11 92 12 25 13 80 14 10 15 19 16 1 17 61 18 52 19 71 20 84
1 83 2 33 3 41 4 16 5 50 6 53 7 36 8 68 9 98 10 66 11 79 12 21 13 39 14 82 15 89 16 81 17 53 18 59 19 28 20 20
1 71 2 86 3 85 4 33 5 27 6 96 7 61 8 86 9 83 10 76 11 53 12 71 13 70 14 75 15 12 16 43 17 66 18 17 19 87 20 85
1 29 2 82 3 56 4 75 5 82 6 60 7 73 8 44 9 99 10 71 11 27 12 59 13 2 14 18 15 67 16 63 17 71 18 47 19 92 20 15
1 24 2 76 3 79 4 83 5 82 6 25 7 25 8 34 9 31 10 82 11 57 12 8 13 13 14 22 15 63 16 5 17 63 18 28 19 71 20 56
1 86 2 46 3 14 4 38 5 47 6 68 7 27 8 44 9 43 10 38 11 27 12 12 13 45 14 44 15 85 16 77 17 27 18 67 19 35 20 80
1 88 2 96 3 41 4 12 5 96 6 39 7 47 8 36 9 89 10 77 11 21 12 79 13 36 14 39 15 40 16 25 17 65 18 26 19 66 20 19
1 33 2 34 3 76 4 62 5 40 6 90 7 72 8 32 9 97 10 14 11 99 12 71 13 11 14 63 15 72 16 45 17 56 18 53 19 24 20 81
1 56 2 54 3 48 4 56 5 58 6 38 7 23 8 37 9 14 10 48 11 26 12 37 13 23 14 73 15 40 16 84 17 6 18 61 19 17 20 78
1 97 2 2 3 95 4 40 5 81 6 35 7 93 8 7 9 49 10 40 11 53 12 43 13 75 14 94 15 46 16 86 17 95 18 10 19 68 20 37
1 31 2 45 3 51 4 76 5 41 6 16 7 30 8 32 9 72 10 58 11 25 12 71 13 20 14 58 15 6 16 19 17 28 18 72 19 19 20 51
1 42 2 73 3 32 4 26 5 73 6 23 7 29 8 47 9 24 10 19 11 79 12 35 13 97 14 77 15 91 16 17 17 54 18 7 19 15 20 95
1 42 2 26 3 50 4 49 5 22 6 33 7 96 8 48 9 20 10 66 11 12 12 38 13 6 14 97 15 88 16 58 17 13 18 42 19 40 20 6
1 66 2 10 3 79 4 99 5 18 6 88 7 93 8 56 9 94 10 43 11 33 12 82 13 10 14 43 15 11 16 27 17 10 18 62 19 28 20 24
1 42 2 58 3 26 4 84 5 97 6 65 7 32 8 22 9 41 10 13 11 62 12 14 13 64 14 1 15 94 16 83 17 4 18 32 19 10 20 81
1 49 2 32 3 31 4 20 5 39 6 28 7 49 8 45 9 28 10 73 11 18 12 8 13 98 14 68 15 1 16 66 17 28 18 61 19 19 20 97
1 15 2 16 3 97 4 98 5 12 6 98 7 69 8 6 9 87 10 59 11 40 12 1 13 65 14 1 15 40 16 57 17 55 18 14 19 8 20 42
1 51 2 51 3 91 4 16 5 43 6 28 7 70 8 48 9 56 10 13 11 32 12 95 13 12 14 64 15 56 16 68 17 1 18 50 19 34 20 62
1 25 2 78 3 35 4 45 5 16 6 47 7 41 8 21 9 42 10 28 11 34 12 51 13 64 14 20 15 38 16 50 17 91 18 30 19 27 20 65
1 5 2 91 3 71 4 97 5 20 6 72 7 7 8 53 9 63 10 86 11 7 12 44 13 34 14 15 15 44 16 35 17 41 18 65 19 19 20 25
1 12 2 60 3 72 4 96 5 19 6 39 7 42 8 73 9 35 10 15 11 48 12 24 13 10 14 10 15 78 16 11 17 24 18 51 19 66 20 16
1 10 2 97 3 93 4 65 5 51 6 13 7 55 8 17 9 89 10 98 11 81 12 11 13 71 14 98 15 60 16 97 17 57 18 60 19 47 20 95
1 8 2 62 3 8 4 83 5 27 6 76 7 64 8 36 9 60 10 62 11 69 12 19 13 15 14 48 15 9 16 73 17 33 18 4 19 17 20 73
1 23 2 31 3 93 4 18 5 77 6 86 7 29 8 25 9 5 10 5 11 20 12 95 13 57 14 74 15 49 16 60 17 58 18 68 19 43 20 93
1 95 2 64 3 13 4 63 5 18 6 26 7 22 8 30 9 72 10 24 11 28 12 46 13 67 14 66 15 59 16 34 17 95 18 28 19 70 20 77
1 11 2 34 3 34 4 62 5 83 6 6 7 97 8 6 9 69 10 38 11 15 12 65 13 36 14 26 15 95 16 19 17 3 18 17 19 3 20 45
1 26 2 81 3 97 4 39 5 52 6 17 7 61 8 97 9 44 10 94 11 9 12 71 13 3 14 41 15 78 16 27 17 91 18 24 19 26 20 80
1 62 2 28 3 44 4 84 5 66 6 85 7 24 8 50 9 91 10 63 11 42 12 72 13 28 14 37 15 89 16 64 17 33 18 50 19 58 20 8
1 79 2 2 3 98 4 21 5 68 6 95 7 29 8 99 9 53 10 77 11 40 12 32 13 99 14 47 15 12 16 79 17 96 18 12 19 96 20 97
1 99 2 65 3 45 4 35 5 11 6 25 7 28 8 31 9 88 10 98 11 19 12 75 13 77 14 54 15 13 16 11 17 4 18 69 19 4 20 4
1 9 2 78 3 66 4 69 5 86 6 97 7 44 8 33 9 7 10 61 11 65 12 73 13 74 14 26 15 96 16 62 17 88 18 14 19 79 20 2
1 66 2 1 3 77 4 14 5 91 6 61 7 33 8 18 9 23 10 74 11 70 12 9 13 29 14 35 15 62 16 86 17 33 18 84 19 63 20 69
1 86 2 96 3 84 4 17 5 77 6 72 7 93 8 97 9 54 10 63 11 61 12 26 13 8 14 69 15 56 16 47 17 53 18 66 19 14 20 56
1 71 2 60 3 58 4 27 5 88 6 26 7 88 8 50 9 67 10 57 11 11 12 50 13 81 14 94 15 34 16 25 17 4 18 19 19 73 20 29
1 9 2 23 3 53 4 75 5 16 6 8 7 87 8 71 9 75 10 32 11 58 12 57 13 57 14 48 15 44 16 66 17 47 18 97 19 90 20 63
1 8 2 34 3 84 4 3 5 70 6 10 7 18 8 71 9 67 10 12 11 42 12 47 13 42 14 78 15 96 16 2 17 10 18 18 19 84 20 72
1 47 2 67 3 22 4 41 5 28 6 74 7 63 8 35 9 32 10 60 11 56 12 22 13 64 14 77 15 36 16 32 17 62 18 53 19 75 20 26
1 28 2 68 3 61 4 90 5 43 6 83 7 9 8 74 9 76 10 90 11 26 12 56 13 96 14 92 15 74 16 2 17 3 18 62 19 17 20 54
1 26 2 25 3 42 4 17 5 73 6 9 7 13 8 23 9 64 10 85 11 10 12 95 13 84 14 68 15 40 16 14 17 91 18 76 19 89 20 80
1 42 2 70 3 87 4 86 5 62 6 87 7 99 8 65 9 32 10 68 11 31 12 95 13 4 14 95 15 16 16 87 17 36 18 99 19 88 20 32
1 98 2 30 3 3 4 55 5 86 6 10 7 88 8 29 9 20 10 3 11 52 12 56 13 38 14 31 15 93 16 19 17 69 18 72 19 36 20 85
1 16 2 57 3 44 4 99 5 84 6 87 7 81 8 25 9 11 10 2 11 33 12 86 13 81 14 50 15 45 16 20 17 32 18 20 19 28 20 36
1 98 2 96 3 28 4 3 5 80 6 44 7 74 8 28 9 50 10 1 11 47 12 46 13 98 14 76 15 84 16 87 17 77 18 99 19 23 20 95
1 50 2 44 3 70 4 77 5 36 6 29 7 40 8 43 9 33 10 31 11 70 12 72 13 47 14 83 15 20 16 15 17 91 18 93 19 44 20 7
1 31 2 26 3 88 4 52 5 74 6 72 7 34 8 12 9 84 10 71 11 10 12 12 13 42 14 98 15 29 16 18 17 43 18 11 19 19 20 65
1 65 2 25 3 11 4 21 5 39 6 72 7 41 8 46 9 11 10 88 11 22 12 47 13 20 14 76 15 8 16 85 17 56 18 82 19 78 20 20
1 21 2 78 3 13 4 52 5 70 6 3 7 51 8 46 9 54 10 99 11 70 12 1 13 98 14 36 15 80 16 51 17 31 18 63 19 37 20 80
1 93 2 94 3 8 4 60 5 57 6 19 7 55 8 67 9 42 10 91 11 82 12 20 13 36 14 87 15 21 16 66 17 50 18 18 19 70 20 22
1 11 2 64 3 21 4 48 5 34 6 64 7 44 8 71 9 15 10 4 11 97 12 55 13 90 14 2 15 56 16 48 17 64 18 75 19 90 20 50
1 77 2 2 3 18 4 67 5 11 6 42 7 64 8 6 9 9 10 72 11 96 12 41 13 61 14 22 15 91 16 74 17 95 18 55 19 61 20 47
1 75 2 94 3 68 4 34 5 10 6 6 7 31 8 15 9 1 10 54 11 14 12 71 13 81 14 82 15 47 16 7 17 45 18 4 19 58 20 80
1 95 2 32 3 29 4 8 5 47 6 5 7 75 8 33 9 38 10 80 11 6 12 8 13 28 14 86 15 41 16 16 17 61 18 74 19 29 20 92
1 59 2 53 3 27 4 59 5 93 6 89 7 22 8 46 9 81 10 35 11 32 12 59 13 30 14 23 15 76 16 77 17 89 18 61 19 69 20 66
1 84 2 80 3 4 4 57 5 54 6 27 7 3 8 50 9 94 10 76 11 20 12 40 13 62 14 98 15 88 16 87 17 46 18 5 19 52 20 89
1 78 2 55 3 20 4 11 5 27 6 83 7 55 8 3 9 58 10 87 11 16 12 65 13 4 14 89 15 93 16 27 17 39 18 42 19 43 20 61
1 20 2 93 3 42 4 84 5 35 6 68 7 4 8 7 9 86 10 95 11 18 12 4 13 70 14 47 15 56 16 42 17 35 18 83 19 42 20 95
1 70 2 91 3 19 4 60 5 88 6 50 7 51 8 59 9 51 10 69 11 86 12 71 13 12 14 63 15 85 16 49 17 58 18 33 19 83 20 20
1 33 2 38 3 11 4 41 5 79 6 13 7 31 8 30 9 35 10 77 11 9 12 83 13 9 14 73 15 10 16 47 17 7 18 5 19 31 20 3
1 37 2 99 3 29 4 46 5 61 6 37 7 21 8 91 9 44 10 89 11 60 12 62 13 54 14 91 15 66 16 77 17 55 18 17 19 44 20 11
1 74 2 16 3 88 4 2 5 43 6 11 7 6 8 78 9 47 10 13 11 76 12 16 13 20 14 69 15 76 16 89 17 50 18 71 19 81 20 18
1 48 2 56 3 78 4 69 5 97 6 66 7 7 8 85 9 9 10 7 11 52 12 58 13 13 14 94 15 54 16 55 17 27 18 46 19 19 20 82
1 61 2 90 3 80 4 8 5 9 6 58 7 8 8 43 9 66 10 69 11 86 12 91 13 59 14 65 15 57 16 24 17 76 18 15 19 16 20 63
1 5 2 11 3 2 4 58 5 80 6 24 7 35 8 47 9 4 10 40 11 41 12 32 13 60 14 45 15 84 16 29 17 72 18 3 19 1 20 11
1 20 2 2 3 14 4 78 5 96 6 57 7 81 8 44 9 74 10 10 11 23 12 94 13 42 14 42 15 9 16 7 17 93 18 89 19 57 20 77
1 96 2 52 3 74 4 71 5 93 6 3 7 22 8 89 9 2 10 15 11 3 12 80 13 88 14 52 15 41 16 18 17 97 18 55 19 58 20 32
1 71 2 45 3 45 4 86 5 39 6 25 7 23 8 96 9 37 10 27 11 84 12 19 13 49 14 21 15 33 16 14 17 51 18 87 19 19 20 14
1 32 2 84 3 83 4 81 5 29 6 91 7 40 8 39 9 10 10 40 11 55 12 51 13 94 14 47 15 26 16 31 17 3 18 94 19 61 20 75
1 75 2 58 3 45 4 34 5 90 6 83 7 56 8 23 9 95 10 85 11 76 12 48 13 39 14 44 15 88 16 38 17 15 18 25 19 25 20 25
1 84 2 35 3 28 4 83 5 12 6 40 7 78 8 32 9 17 10 15 11 50 12 41 13 13 14 68 15 42 16 67 17 92 18 59 19 70 20 33
1 89 2 97 3 1 4 77 5 90 6 52 7 35 8 52 9 5 10 67 11 44 12 6 13 98 14 14 15 2 16 86 17 53 18 14 19 68 20 6
1 20 2 37 3 74 4 58 5 80 6 40 7 78 8 23 9 54 10 12 11 43 12 33 13 56 14 39 15 17 16 93 17 16 18 45 19 63 20 22
1 87 2 72 3 65 4 46 5 79 6 61 7 30 8 76 9 64 10 47 11 32 12 95 13 41 14 54 15 68 16 63 17 90 18 23 19 94 20 78
1 82 2 53 3 57 4 51 5 45 6 3 7 31 8 59 9 97 10 55 11 99 12 94 13 15 14 72 15 51 16 49 17 59 18 82 19 21 20 38
1 53 2 28 3 84 4 61 5 29 6 29 7 24 8 43 9 47 10 89 11 15 12 55 13 75 14 55 15 34 16 26 17 60 18 66 19 88 20 21
1 38 2 7 3 50 4 55 5 69 6 26 7 98 8 99 9 81 10 63 11 17 12 23 13 92 14 28 15 78 16 94 17 4 18 98 19 61 20 74
1 20 2 21 3 79 4 29 5 56 6 24 7 9 8 12 9 42 10 77 11 38 12 3 13 50 14 36 15 4 16 96 17 51 18 35 19 27 20 97
1 2 2 65 3 32 4 14 5 44 6 4 7 45 8 69 9 62 10 57 11 28 12 17 13 44 14 83 15 94 16 78 17 34 18 54 19 4 20 81
1 73 2 27 3 14 4 43 5 29 6 35 7 25 8 40 9 39 10 3 11 60 12 16 13 69 14 17 15 93 16 49 17 24 18 13 19 28 20 51
1 91 2 44 3 55 4 3 5 32 6 99 7 23 8 96 9 63 10 91 11 94 12 6 13 25 14 56 15 49 16 98 17 97 18 6 19 77 20 88
1 52 2 7 3 77 4 29 5 8 6 53 7 30 8 16 9 7 10 4 11 73 12 55 13 5 14 26 15 14 16 30 17 92 18 16 19 64 20 20
1 3 2 46 3 58 4 18 5 99 6 67 7 40 8 62 9 11 10 23 11 24 12 27 13 86 14 32 15 26 16 97 17 12 18 61 19 78 20 77
1 75 2 35 3 5 4 32 5 47 6 89 7 95 8 62 9 68 10 39 11 46 12 84 13 28 14 42 15 22 16 43 17 68 18 7 19 45 20 18
1 40 2 89 3 77 4 57 5 37 6 72 7 36 8 58 9 17 10 84 11 80 12 33 13 83 14 76 15 28 16 76 17 41 18 85 19 21 20 70
1 3 2 41 3 65 4 86 5 66 6 74 7 75 8 1 9 12 10 99 11 59 12 91 13 40 14 5 15 38 16 14 17 41 18 78 19 99 20 38
1 31 2 27 3 38 4 81 5 59 6 71 7 83 8 80 9 78 10 20 11 6 12 68 13 72 14 24 15 95 16 63 17 84 18 54 19 6 20 33
1 39 2 69 3 58 4 51 5 44 6 59 7 7 8 27 9 74 10 3 11 51 12 44 13 68 14 84 15 20 16 47 17 7 18 85 19 92 20 35
1 2 2 94 3 23 4 33 5 7 6 3 7 23 8 63 9 94 10 68 11 15 12 86 13 51 14 83 15 45 16 67 17 68 18 14 19 23 20 40
1 52 2 68 3 87 4 56 5 68 6 44 7 99 8 21 9 82 10 91 11 18 12 71 13 28 14 85 15 70 16 85 17 19 18 1 19 24 20 43
1 39 2 74 3 47 4 47 5 92 6 87 7 42 8 9 9 37 10 70 11 61 12 27 13 18 14 20 15 33 16 39 17 1 18 83 19 32 20 1
1 37 2 71 3 68 4 90 5 51 6 73 7 84 8 86 9 58 10 98 11 84 12 84 13 21 14 49 15 12 16 16 17 52 18 81 19 86 20 91
1 35 2 60 3 9 4 7 5 80 6 17 7 30 8 84 9 76 10 38 11 48 12 57 13 79 14 43 15 82 16 55 17 46 18 82 19 77 20 56
1 49 2 88 3 13 4 99 5 84 6 18 7 74 8 49 9 54 10 31 11 18 12 48 13 88 14 43 15 14 16 90 17 33 18 62 19 86 20 83
1 14 2 8 3 73 4 33 5 54 6 75 7 67 8 58 9 60 10 43 11 62 12 4 13 49 14 80 15 35 16 47 17 68 18 55 19 21 20 44
1 72 2 81 3 64 4 78 5 70 6 60 7 61 8 50 9 37 10 13 11 6 12 36 13 38 14 20 15 23 16 59 17 3 18 63 19 81 20 1
1 51 2 92 3 5 4 6 5 60 6 68 7 30 8 51 9 1 10 8 11 2 12 55 13 78 14 35 15 51 16 19 17 94 18 85 19 40 20 50
1 61 2 52 3 79 4 94 5 48 6 99 7 47 8 30 9 18 10 81 11 17 12 4 13 22 14 21 15 35 16 44 17 2 18 48 19 85 20 60
1 37 2 7 3 62 4 14 5 83 6 26 7 13 8 50 9 72 10 58 11 74 12 42 13 88 14 65 15 1 16 79 17 25 18 42 19 8 20 27
1 39 2 43 3 53 4 30 5 11 6 87 7 25 8 78 9 63 10 27 11 61 12 35 13 15 14 73 15 67 16 94 17 51 18 76 19 52 20 93
1 31 2 22 3 73 4 62 5 27 6 16 7 81 8 55 9 29 10 92 11 45 12 75 13 63 14 81 15 18 16 68 17 60 18 2 19 48 20 30
1 4 2 73 3 56 4 2 5 60 6 55 7 13 8 34 9 79 10 62 11 19 12 15 13 25 14 6 15 43 16 26 17 15 18 92 19 82 20 65
1 94 2 30 3 20 4 37 5 26 6 81 7 31 8 96 9 42 10 40 11 41 12 85 13 59 14 67 15 11 16 41 17 47 18 22 19 91 20 17
1 75 2 72 3 76 4 45 5 67 6 57 7 87 8 23 9 88 10 78 11 78 12 52 13 4 14 39 15 71 16 19 17 45 18 69 19 3 20 63
1 48 2 49 3 28 4 74 5 7 6 54 7 69 8 31 9 1 10 33 11 82 12 30 13 39 14 81 15 66 16 68 17 87 18 48 19 73 20 70
1 11 2 80 3 90 4 99 5 20 6 48 7 17 8 59 9 15 10 40 11 37 12 93 13 98 14 53 15 35 16 91 17 7 18 34 19 55 20 43
1 32 2 68 3 56 4 55 5 71 6 41 7 16 8 40 9 73 10 54 11 65 12 8 13 90 14 74 15 35 16 1 17 66 18 99 19 99 20 1
1 17 2 93 3 60 4 43 5 50 6 37 7 28 8 43 9 3 10 83 11 72 12 86 13 19 14 49 15 67 16 54 17 75 18 36 19 6 20 68
1 37 2 9 3 35 4 24 5 26 6 97 7 89 8 92 9 94 10 86 11 47 12 83 13 7 14 72 15 50 16 20 17 98 18 98 19 90 20 66
1 77 2 89 3 23 4 64 5 57 6 42 7 83 8 90 9 63 10 26 11 22 12 94 13 26 14 22 15 54 16 74 17 62 18 57 19 3 20 53
1 20 2 60 3 87 4 66 5 18 6 83 7 65 8 42 9 49 10 3 11 65 12 78 13 54 14 12 15 74 16 88 17 15 18 71 19 35 20 41
1 94 2 24 3 98 4 6 5 7 6 4 7 99 8 99 9 9 10 32 11 37 12 60 13 31 14 64 15 19 16 84 17 71 18 1 19 95 20 55
1 45 2 39 3 95 4 88 5 45 6 16 7 5 8 87 9 72 10 35 11 86 12 50 13 62 14 2 15 82 16 17 17 68 18 24 19 24 20 80
1 44 2 55 3 57 4 4 5 31 6 65 7 59 8 21 9 95 10 16 11 22 12 52 13 8 14 93 15 19 16 71 17 93 18 42 19 28 20 91
1 51 2 14 3 62 4 22 5 23 6 83 7 63 8 84 9 34 10 66 11 49 12 61 13 51 14 91 15 42 16 39 17 80 18 96 19 9 20 31
1 29 2 97 3 50 4 8 5 26 6 72 7 92 8 21 9 3 10 36 11 50 12 80 13 57 14 15 15 6 16 89 17 29 18 89 19 75 20 98
1 83 2 69 3 26 4 53 5 50 6 20 7 22 8 39 9 85 10 63 11 58 12 83 13 92 14 48 15 3 16 20 17 58 18 10 19 5 20 16
1 74 2 35 3 21 4 68 5 26 6 77 7 94 8 29 9 17 10 35 11 72 12 27 13 84 14 93 15 16 16 71 17 18 18 99 19 3 20 90
1 89 2 65 3 16 4 15 5 53 6 69 7 55 8 22 9 61 10 26 11 74 12 18 13 66 14 40 15 70 16 95 17 28 18 84 19 51 20 25
1 40 2 53 3 88 4 20 5 38 6 99 7 40 8 1 9 73 10 6 11 65 12 99 13 62 14 53 15 26 16 64 17 36 18 77 19 29 20 10
1 2 2 66 3 25 4 91 5 9 6 46 7 75 8 73 9 61 10 19 11 73 12 2 13 35 14 12 15 27 16 15 17 41 18 83 19 15 20 35
1 26 2 65 3 92 4 54 5 52 6 75 7 35 8 2 9 63 10 90 11 2 12 4 13 87 14 25 15 70 16 48 17 92 18 55 19 11 20 11
1 50 2 6 3 62 4 83 5 30 6 34 7 16 8 8 9 27 10 88 11 82 12 73 13 31 14 66 15 20 16 99 17 89 18 41 19 40 20 75
1 94 2 17 3 37 4 70 5 3 6 15 7 92 8 6 9 84 10 56 11 56 12 6 13 48 14 9 15 87 16 86 17 22 18 68 19 67 20 28
1 55 2 59 3 88 4 90 5 78 6 17 7 7 8 73 9 43 10 48 11 67 12 3 13 60 14 14 15 17 16 60 17 56 18 68 19 15 20 99
1 82 2 55 3 82 4 61 5 96 6 57 7 15 8 84 9 46 10 78 11 42 12 23 13 69 14 99 15 5 16 14 17 3 18 41 19 19 20 74
1 26 2 85 3 10 4 97 5 27 6 49 7 11 8 62 9 10 10 46 11 84 12 48 13 54 14 81 15 71 16 26 17 66 18 19 19 73 20 78
1 56 2 32 3 54 4 98 5 22 6 61 7 35 8 32 9 56 10 23 11 78 12 90 13 37 14 63 15 93 16 85 17 56 18 6 19 15 20 46
1 59 2 22 3 84 4 60 5 1 6 76 7 53 8 34 9 43 10 58 11 85 12 50 13 60 14 99 15 76 16 1 17 60 18 66 19 50 20 6
1 70 2 30 3 76 4 95 5 92 6 87 7 90 8 51 9 58 10 81 11 21 12 69 13 10 14 90 15 79 16 64 17 74 18 21 19 16 20 12
1 32 2 44 3 89 4 74 5 81 6 96 7 15 8 91 9 98 10 83 11 73 12 74 13 92 14 24 15 75 16 16 17 88 18 82 19 63 20 70
1 18 2 68 3 87 4 65 5 53 6 10 7 88 8 20 9 39 10 88 11 35 12 73 13 51 14 81 15 95 16 6 17 8 18 89 19 64 20 76
1 67 2 58 3 64 4 65 5 45 6 65 7 60 8 75 9 55 10 31 11 96 12 36 13 49 14 20 15 1 16 82 17 85 18 16 19 57 20 20
1 56 2 7 3 35 4 52 5 98 6 34 7 19 8 36 9 8 10 35 11 21 12 2 13 61 14 26 15 4 16 80 17 98 18 14 19 75 20 23
1 68 2 80 3 91 4 14 5 98 6 98 7 80 8 5 9 91 10 51 11 17 12 27 13 37 14 32 15 75 16 84 17 59 18 30 19 21 20 52
1 44 2 45 3 10 4 50 5 10 6 24 7 60 8 52 9 84 10 30 11 68 12 92 13 70 14 97 15 87 16 29 17 56 18 74 19 2 20 88
1 62 2 95 3 47 4 84 5 86 6 91 7 83 8 27 9 2 10 20 11 34 12 47 13 26 14 1 15 93 16 15 17 54 18 9 19 77 20 47
1 54 2 87 3 51 4 33 5 11 6 15 7 92 8 95 9 66 10 57 11 48 12 5 13 23 14 44 15 66 16 76 17 83 18 96 19 94 20 9
1 28 2 48 3 11 4 30 5 30 6 11 7 8 8 68 9 89 10 55 11 37 12 57 13 69 14 76 15 66 16 48 17 53 18 85 19 34 20 70
1 88 2 70 3 12 4 73 5 15 6 37 7 39 8 82 9 20 10 88 11 8 12 26 13 82 14 29 15 83 16 40 17 12 18 69 19 77 20 22
1 61 2 63 3 88 4 29 5 42 6 22 7 30 8 63 9 60 10 8 11 60 12 98 13 74 14 85 15 82 16 39 17 26 18 29 19 31 20 70
1 68 2 26 3 80 4 17 5 81 6 66 7 38 8 56 9 46 10 57 11 20 12 59 13 58 14 39 15 56 16 96 17 38 18 63 19 3 20 71
1 36 2 92 3 33 4 95 5 84 6 79 7 32 8 62 9 73 10 5 11 37 12 42 13 49 14 31 15 22 16 98 17 71 18 72 19 81 20 10
1 60 2 7 3 19 4 91 5 66 6 21 7 35 8 10 9 16 10 67 11 40 12 20 13 71 14 57 15 12 16 31 17 97 18 75 19 27 20 62
1 53 2 1 3 96 4 64 5 54 6 48 7 42 8 22 9 97 10 32 11 78 12 54 13 51 14 44 15 91 16 37 17 21 18 80 19 66 20 20
1 68 2 24 3 19 4 91 5 78 6 69 7 35 8 16 9 81 10 35 11 94 12 41 13 52 14 94 15 40 16 81 17 90 18 38 19 9 20 6
1 77 2 67 3 37 4 20 5 59 6 30 7 70 8 69 9 33 10 80 11 41 12 89 13 6 14 22 15 20 16 96 17 93 18 23 19 47 20 27
1 85 2 78 3 1 4 1 5 54 6 95 7 3 8 67 9 87 10 80 11 19 12 5 13 61 14 10 15 42 16 75 17 47 18 49 19 84 20 19
1 62 2 9 3 54 4 57 5 55 6 35 7 46 8 45 9 70 10 90 11 87 12 58 13 51 14 39 15 73 16 44 17 54 18 53 19 19 20 85
1 72 2 10 3 66 4 96 5 68 6 10 7 1 8 20 9 81 10 68 11 91 12 67 13 14 14 94 15 96 16 18 17 80 18 32 19 99 20 68
1 95 2 13 3 47 4 64 5 5 6 53 7 92 8 9 9 46 10 85 11 76 12 59 13 5 14 39 15 9 16 12 17 40 18 71 19 69 20 6
1 79 2 49 3 63 4 1 5 24 6 5 7 38 8 42 9 20 10 9 11 78 12 99 13 68 14 26 15 1 16 12 17 97 18 55 19 36 20 68
1 68 2 5 3 41 4 70 5 20 6 49 7 58 8 99 9 9 10 96 11 41 12 67 13 21 14 88 15 26 16 4 17 29 18 99 19 80 20 30
1 57 2 25 3 89 4 40 5 91 6 57 7 44 8 37 9 99 10 71 11 76 12 71 13 2 14 76 15 83 16 80 17 4 18 25 19 86 20 62
1 37 2 28 3 38 4 32 5 82 6 98 7 22 8 92 9 26 10 60 11 8 12 71 13 54 14 46 15 58 16 13 17 42 18 19 19 97 20 18
1 61 2 59 3 24 4 10 5 48 6 45 7 1 8 8 9 72 10 23 11 93 12 7 13 74 14 25 15 7 16 21 17 29 18 84 19 82 20 26
1 32 2 44 3 5 4 96 5 10 6 47 7 33 8 59 9 17 10 60 11 88 12 46 13 95 14 74 15 32 16 94 17 22 18 95 19 37 20 7
1 23 2 46 3 39 4 41 5 60 6 68 7 8 8 62 9 69 10 64 11 13 12 50 13 47 14 9 15 31 16 31 17 84 18 92 19 19 20 45
1 93 2 12 3 19 4 78 5 64 6 93 7 69 8 96 9 59 10 91 11 71 12 22 13 26 14 49 15 77 16 67 17 68 18 93 19 85 20 96
1 60 2 5 3 10 4 3 5 49 6 44 7 13 8 45 9 89 10 10 11 94 12 32 13 6 14 40 15 37 16 68 17 11 18 94 19 13 20 66
1 69 2 7 3 28 4 27 5 86 6 68 7 94 8 10 9 66 10 52 11 46 12 70 13 69 14 30 15 78 16 99 17 78 18 53 19 16 20 63
1 26 2 43 3 63 4 14 5 66 6 8 7 9 8 38 9 19 10 15 11 68 12 34 13 39 14 31 15 88 16 57 17 3 18 79 19 49 20 63
1 81 2 13 3 47 4 70 5 31 6 51 7 86 8 82 9 73 10 50 11 97 12 60 13 13 14 43 15 2 16 91 17 63 18 94 19 89 20 8
1 1 2 22 3 92 4 27 5 44 6 13 7 99 8 68 9 79 10 8 11 75 12 26 13 19 14 16 15 70 16 48 17 71 18 55 19 10 20 40
1 21 2 44 3 87 4 52 5 12 6 76 7 41 8 40 9 51 10 77 11 59 12 64 13 58 14 68 15 90 16 36 17 16 18 61 19 90 20 92
1 48 2 69 3 31 4 70 5 26 6 55 7 25 8 4 9 9 10 41 11 76 12 69 13 55 14 57 15 70 16 40 17 19 18 28 19 64 20 19
1 30 2 5 3 65 4 68 5 24 6 47 7 58 8 74 9 34 10 10 11 82 12 40 13 10 14 40 15 78 16 8 17 73 18 82 19 56 20 9
1 88 2 30 3 67 4 82 5 27 6 38 7 74 8 9 9 83 10 86 11 9 12 98 13 72 14 76 15 76 16 15 17 91 18 6 19 11 20 81
1 88 2 7 3 10 4 41 5 63 6 22 7 20 8 18 9 24 10 58 11 67 12 72 13 70 14 60 15 18 16 67 17 10 18 66 19 11 20 68
1 38 2 63 3 82 4 96 5 62 6 26 7 64 8 18 9 65 10 64 11 3 12 29 13 65 14 62 15 68 16 35 17 77 18 84 19 46 20 76
1 67 2 52 3 98 4 74 5 51 6 39 7 18 8 18 9 65 10 74 11 4 12 22 13 16 14 61 15 38 16 37 17 77 18 19 19 1 20 38
