500 20
1 29 2 36 3 99 4 2 5 99 6 92 7 88 8 9 9 45 10 12 11 95 12 26 13 78 14 36 15 63 16 68 17 49 18 52 19 24 20 47
1 49 2 85 3 85 4 31 5 86 6 76 7 58 8 48 9 84 10 71 11 69 12 3 13 57 14 94 15 81 16 27 17 96 18 77 19 35 20 41
1 27 2 79 3 96 4 61 5 56 6 17 7 42 8 58 9 45 10 28 11 79 12 99 13 99 14 14 15 29 16 59 17 13 18 12 19 82 20 94
1 19 2 25 3 59 4 58 5 80 6 40 7 45 8 91 9 4 10 58 11 94 12 82 13 74 14 28 15 41 16 42 17 86 18 71 19 9 20 87
1 97 2 81 3 54 4 12 5 58 6 89 7 7 8 16 9 19 10 14 11 24 12 80 13 42 14 34 15 42 16 56 17 4 18 8 19 36 20 55
1 29 2 88 3 83 4 83 5 3 6 64 7 44 8 61 9 95 10 81 11 81 12 14 13 19 14 46 15 26 16 93 17 73 18 46 19 59 20 5
1 42 2 67 3 66 4 20 5 19 6 62 7 6 8 61 9 99 10 55 11 1 12 60 13 99 14 92 15 35 16 4 17 63 18 29 19 22 20 62
1 46 2 46 3 31 4 99 5 63 6 13 7 36 8 27 9 74 10 32 11 74 12 60 13 25 14 86 15 64 16 47 17 63 18 57 19 44 20 50
1 65 2 26 3 97 4 54 5 90 6 57 7 85 8 18 9 26 10 55 11 48 12 51 13 10 14 6 15 79 16 62 17 32 18 44 19 12 20 98
1 38 2 69 3 84 4 42 5 85 6 67 7 93 8 52 9 13 10 13 11 79 12 43 13 33 14 40 15 70 16 57 17 98 18 56 19 58 20 88
1 84 2 50 3 63 4 44 5 73 6 77 7 97 8 73 9 26 10 10 11 9 12 12 13 56 14 66 15 77 16 92 17 63 18 39 19 92 20 77
1 70 2 5 3 82 4 34 5 78 6 59 7 37 8 13 9 59 10 39 11 36 12 26 13 93 14 51 15 59 16 82 17 22 18 72 19 92 20 68
1 7 2 25 3 72 4 7 5 93 6 97 7 5 8 20 9 67 10 67 11 8 12 46 13 16 14 27 15 96 16 31 17 55 18 16 19 96 20 61
1 64 2 84 3 6 4 47 5 4 6 32 7 35 8 89 9 22 10 59 11 77 12 59 13 4 14 15 15 6 16 80 17 19 18 53 19 38 20 70
1 47 2 23 3 60 4 40 5 29 6 93 7 95 8 43 9 34 10 33 11 9 12 97 13 60 14 79 15 17 16 74 17 43 18 41 19 88 20 59
1 88 2 33 3 5 4 97 5 55 6 41 7 12 8 92 9 27 10 15 11 64 12 22 13 7 14 36 15 12 16 92 17 64 18 3 19 46 20 92
1 46 2 19 3 63 4 28 5 18 6 25 7 87 8 88 9 20 10 77 11 30 12 49 13 22 14 71 15 36 16 96 17 56 18 50 19 94 20 29
1 8 2 31 3 8 4 43 5 29 6 55 7 27 8 50 9 12 10 18 11 76 12 21 13 35 14 58 15 12 16 8 17 21 18 33 19 70 20 16
1 95 2 53 3 27 4 21 5 15 6 17 7 72 8 4 9 72 10 48 11 50 12 68 13 91 14 86 15 66 16 12 17 56 18 22 19 72 20 13
1 46 2 75 3 79 4 72 5 91 6 36 7 47 8 91 9 78 10 95 11 56 12 68 13 67 14 20 15 66 16 85 17 80 18 99 19 29 20 6
1 34 2 92 3 57 4 12 5 72 6 94 7 6 8 75 9 1 10 9 11 74 12 57 13 97 14 56 15 73 16 37 17 58 18 20 19 62 20 99
1 62 2 71 3 89 4 48 5 69 6 96 7 96 8 55 9 51 10 56 11 32 12 98 13 13 14 8 15 75 16 96 17 92 18 9 19 35 20 81
1 6 2 7 3 81 4 18 5 77 6 15 7 67 8 62 9 54 10 39 11 93 12 58 13 21 14 12 15 5 16 51 17 73 18 97 19 17 20 47
1 95 2 75 3 22 4 56 5 97 6 52 7 68 8 12 9 67 10 81 11 7 12 41 13 59 14 30 15 46 16 90 17 57 18 61 19 51 20 53
1 61 2 43 3 32 4 72 5 69 6 24 7 48 8 61 9 45 10 61 11 93 12 24 13 20 14 86 15 8 16 92 17 19 18 22 19 89 20 14
1 99 2 18 3 97 4 28 5 91 6 61 7 83 8 12 9 52 10 55 11 47 12 71 13 23 14 79 15 86 16 73 17 59 18 59 19 40 20 13
1 83 2 94 3 69 4 42 5 39 6 88 7 62 8 16 9 86 10 85 11 33 12 11 13 68 14 45 15 22 16 63 17 15 18 74 19 80 20 84
1 8 2 52 3 74 4 53 5 13 6 40 7 13 8 5 9 48 10 2 11 14 12 44 13 85 14 34 15 30 16 77 17 31 18 91 19 65 20 90
1 60 2 30 3 80 4 11 5 52 6 62 7 25 8 87 9 14 10 75 11 38 12 61 13 30 14 8 15 99 16 79 17 98 18 81 19 55 20 19
1 70 2 66 3 16 4 62 5 25 6 32 7 98 8 84 9 58 10 24 11 62 12 21 13 75 14 91 15 5 16 58 17 69 18 99 19 96 20 75
1 81 2 62 3 68 4 61 5 28 6 46 7 59 8 30 9 97 10 92 11 43 12 77 13 34 14 66 15 98 16 14 17 42 18 76 19 37 20 20
1 64 2 22 3 9 4 66 5 18 6 72 7 30 8 76 9 57 10 24 11 68 12 63 13 23 14 17 15 37 16 87 17 37 18 25 19 88 20 27
1 37 2 79 3 17 4 85 5 55 6 34 7 88 8 65 9 43 10 16 11 31 12 50 13 71 14 28 15 40 16 87 17 15 18 45 19 20 20 9
1 10 2 58 3 81 4 24 5 73 6 7 7 53 8 41 9 76 10 10 11 43 12 23 13 69 14 99 15 51 16 31 17 36 18 42 19 20 20 43
1 65 2 37 3 83 4 67 5 16 6 23 7 5 8 29 9 74 10 91 11 56 12 25 13 34 14 31 15 66 16 9 17 5 18 67 19 75 20 65
1 84 2 32 3 38 4 14 5 16 6 19 7 81 8 59 9 95 10 62 11 13 12 98 13 1 14 43 15 22 16 57 17 96 18 58 19 38 20 32
1 16 2 32 3 37 4 5 5 44 6 75 7 45 8 36 9 79 10 30 11 66 12 90 13 8 14 84 15 88 16 77 17 43 18 97 19 97 20 33
1 77 2 95 3 97 4 37 5 14 6 61 7 30 8 40 9 52 10 63 11 65 12 72 13 91 14 3 15 97 16 56 17 23 18 74 19 97 20 80
1 97 2 7 3 74 4 59 5 4 6 99 7 74 8 1 9 45 10 45 11 7 12 66 13 56 14 15 15 1 16 17 17 60 18 69 19 27 20 61
1 99 2 18 3 63 4 80 5 58 6 23 7 51 8 84 9 9 10 89 11 69 12 45 13 19 14 57 15 82 16 83 17 62 18 56 19 3 20 10
1 73 2 2 3 65 4 24 5 76 6 52 7 69 8 55 9 47 10 50 11 7 12 81 13 47 14 34 15 62 16 74 17 17 18 45 19 89 20 31
1 40 2 47 3 79 4 98 5 56 6 3 7 53 8 90 9 93 10 68 11 65 12 74 13 15 14 54 15 77 16 72 17 67 18 11 19 91 20 69
1 92 2 74 3 96 4 20 5 7 6 12 7 70 8 23 9 41 10 28 11 42 12 5 13 32 14 18 15 92 16 55 17 89 18 62 19 14 20 69
1 6 2 78 3 87 4 39 5 5 6 96 7 51 8 80 9 64 10 73 11 24 12 95 13 35 14 57 15 28 16 69 17 92 18 11 19 4 20 85
1 89 2 81 3 77 4 17 5 44 6 39 7 60 8 59 9 60 10 55 11 75 12 76 13 95 14 53 15 2 16 42 17 48 18 76 19 16 20 70
1 43 2 89 3 69 4 34 5 70 6 96 7 99 8 48 9 60 10 64 11 62 12 31 13 49 14 95 15 23 16 65 17 10 18 51 19 29 20 63
1 7 2 28 3 72 4 63 5 63 6 40 7 39 8 48 9 1 10 67 11 42 12 6 13 75 14 65 15 90 16 90 17 4 18 53 19 39 20 35
1 95 2 6 3 16 4 69 5 92 6 30 7 81 8 20 9 15 10 49 11 50 12 47 13 9 14 97 15 92 16 22 17 76 18 91 19 55 20 50
1 57 2 58 3 62 4 82 5 84 6 44 7 92 8 4 9 94 10 6 11 74 12 12 13 3 14 73 15 16 16 32 17 99 18 45 19 7 20 36
1 21 2 88 3 74 4 69 5 73 6 87 7 19 8 39 9 58 10 27 11 81 12 42 13 90 14 70 15 63 16 13 17 48 18 7 19 13 20 20
1 26 2 94 3 95 4 22 5 66 6 33 7 32 8 8 9 44 10 69 11 69 12 8 13 57 14 21 15 24 16 89 17 65 18 66 19 47 20 32
1 52 2 76 3 1 4 92 5 42 6 21 7 59 8 80 9 12 10 15 11 4 12 99 13 9 14 49 15 52 16 90 17 68 18 79 19 30 20 42
1 65 2 38 3 53 4 84 5 28 6 19 7 42 8 51 9 48 10 61 11 10 12 81 13 68 14 34 15 22 16 47 17 46 18 89 19 92 20 62
1 88 2 27 3 26 4 47 5 63 6 63 7 93 8 76 9 66 10 10 11 10 12 58 13 79 14 34 15 13 16 8 17 56 18 80 19 73 20 27
1 50 2 16 3 30 4 66 5 83 6 36 7 14 8 69 9 69 10 31 11 91 12 40 13 14 14 14 15 88 16 97 17 39 18 40 19 48 20 82
1 72 2 45 3 56 4 63 5 76 6 40 7 94 8 91 9 81 10 45 11 91 12 38 13 79 14 1 15 58 16 94 17 39 18 46 19 49 20 68
1 47 2 70 3 69 4 68 5 23 6 89 7 8 8 82 9 94 10 22 11 55 12 68 13 29 14 8 15 60 16 45 17 64 18 78 19 35 20 3
1 21 2 82 3 86 4 1 5 25 6 58 7 2 8 8 9 6 10 10 11 92 12 3 13 57 14 64 15 62 16 14 17 72 18 94 19 28 20 31
1 49 2 32 3 50 4 32 5 2 6 31 7 27 8 51 9 25 10 97 11 55 12 26 13 30 14 32 15 83 16 78 17 95 18 27 19 59 20 63
1 19 2 88 3 47 4 21 5 74 6 27 7 52 8 88 9 42 10 73 11 94 12 65 13 88 14 41 15 31 16 35 17 21 18 71 19 56 20 13
1 86 2 3 3 2 4 47 5 15 6 52 7 65 8 93 9 58 10 63 11 86 12 24 13 2 14 10 15 42 16 46 17 63 18 45 19 66 20 19
1 72 2 29 3 5 4 4 5 96 6 62 7 51 8 29 9 78 10 22 11 99 12 21 13 23 14 21 15 64 16 84 17 85 18 38 19 58 20 92
1 35 2 6 3 7 4 35 5 85 6 82 7 79 8 85 9 65 10 80 11 81 12 34 13 28 14 69 15 12 16 18 17 17 18 25 19 70 20 10
1 20 2 37 3 50 4 73 5 41 6 11 7 3 8 15 9 19 10 33 11 14 12 49 13 97 14 47 15 31 16 30 17 30 18 57 19 15 20 59
1 10 2 52 3 70 4 79 5 52 6 23 7 28 8 83 9 73 10 67 11 57 12 68 13 83 14 12 15 89 16 82 17 8 18 7 19 81 20 2
1 31 2 90 3 77 4 45 5 25 6 1 7 9 8 50 9 75 10 77 11 68 12 80 13 87 14 58 15 73 16 93 17 52 18 51 19 62 20 89
1 81 2 41 3 90 4 62 5 91 6 31 7 53 8 65 9 32 10 96 11 30 12 2 13 69 14 20 15 81 16 68 17 44 18 39 19 86 20 30
1 85 2 89 3 45 4 85 5 96 6 32 7 43 8 57 9 56 10 47 11 3 12 97 13 35 14 47 15 1 16 66 17 12 18 2 19 54 20 86
1 20 2 27 3 85 4 28 5 46 6 52 7 86 8 68 9 66 10 78 11 30 12 98 13 91 14 80 15 30 16 47 17 6 18 37 19 49 20 78
1 40 2 99 3 36 4 79 5 29 6 36 7 20 8 8 9 82 10 14 11 89 12 99 13 80 14 75 15 96 16 11 17 64 18 85 19 37 20 42
1 65 2 5 3 4 4 55 5 98 6 7 7 6 8 2 9 97 10 39 11 62 12 40 13 86 14 99 15 20 16 16 17 91 18 28 19 9 20 5
1 23 2 24 3 34 4 42 5 68 6 76 7 7 8 53 9 27 10 1 11 83 12 61 13 99 14 78 15 7 16 97 17 39 18 19 19 59 20 11
1 52 2 60 3 79 4 13 5 73 6 60 7 39 8 57 9 67 10 51 11 60 12 56 13 85 14 76 15 53 16 75 17 44 18 95 19 81 20 56
1 57 2 31 3 24 4 51 5 24 6 15 7 11 8 11 9 36 10 20 11 22 12 17 13 68 14 82 15 42 16 41 17 25 18 88 19 8 20 58
1 67 2 1 3 12 4 36 5 14 6 83 7 1 8 9 9 68 10 25 11 76 12 57 13 26 14 72 15 60 16 57 17 3 18 1 19 80 20 29
1 94 2 48 3 11 4 47 5 39 6 1 7 35 8 31 9 66 10 61 11 81 12 48 13 78 14 39 15 31 16 60 17 97 18 45 19 84 20 55
1 58 2 98 3 95 4 89 5 42 6 1 7 69 8 67 9 5 10 79 11 51 12 97 13 25 14 9 15 30 16 99 17 97 18 43 19 19 20 14
1 84 2 33 3 26 4 55 5 43 6 71 7 10 8 30 9 73 10 30 11 16 12 44 13 20 14 97 15 37 16 4 17 5 18 43 19 67 20 66
1 61 2 81 3 12 4 37 5 81 6 20 7 66 8 9 9 65 10 79 11 35 12 78 13 14 14 47 15 12 16 1 17 25 18 77 19 18 20 34
1 91 2 10 3 16 4 70 5 50 6 69 7 83 8 5 9 59 10 2 11 1 12 95 13 19 14 83 15 96 16 40 17 17 18 92 19 42 20 36
1 3 2 14 3 8 4 84 5 96 6 29 7 95 8 67 9 21 10 89 11 42 12 5 13 79 14 11 15 45 16 60 17 80 18 27 19 71 20 29
1 64 2 23 3 20 4 84 5 66 6 15 7 42 8 9 9 51 10 39 11 93 12 86 13 48 14 29 15 33 16 81 17 49 18 5 19 39 20 64
1 68 2 71 3 7 4 27 5 53 6 40 7 53 8 4 9 83 10 32 11 27 12 24 13 13 14 76 15 31 16 82 17 65 18 44 19 45 20 33
1 50 2 99 3 94 4 54 5 77 6 92 7 22 8 88 9 7 10 26 11 51 12 85 13 63 14 74 15 6 16 75 17 16 18 33 19 26 20 27
1 14 2 86 3 19 4 33 5 37 6 1 7 41 8 40 9 64 10 63 11 85 12 20 13 78 14 3 15 76 16 82 17 47 18 96 19 18 20 73
1 42 2 45 3 82 4 61 5 67 6 82 7 25 8 87 9 60 10 27 11 52 12 79 13 49 14 12 15 3 16 84 17 2 18 74 19 27 20 44
1 90 2 71 3 29 4 51 5 42 6 98 7 51 8 87 9 93 10 37 11 14 12 24 13 84 14 71 15 91 16 8 17 75 18 67 19 81 20 62
1 34 2 96 3 67 4 91 5 61 6 81 7 94 8 48 9 73 10 65 11 63 12 84 13 26 14 12 15 41 16 26 17 26 18 92 19 19 20 74
1 43 2 10 3 79 4 96 5 22 6 93 7 76 8 52 9 48 10 23 11 43 12 67 13 95 14 37 15 44 16 65 17 9 18 36 19 7 20 70
1 75 2 10 3 5 4 78 5 94 6 98 7 5 8 7 9 30 10 86 11 49 12 51 13 99 14 81 15 48 16 25 17 89 18 85 19 54 20 13
1 22 2 6 3 35 4 21 5 59 6 91 7 36 8 35 9 32 10 96 11 10 12 86 13 35 14 40 15 88 16 33 17 56 18 35 19 3 20 2
1 85 2 26 3 90 4 8 5 20 6 50 7 46 8 96 9 76 10 84 11 19 12 78 13 73 14 21 15 20 16 85 17 92 18 18 19 16 20 98
1 53 2 92 3 63 4 56 5 87 6 79 7 81 8 50 9 62 10 13 11 35 12 36 13 97 14 14 15 5 16 68 17 24 18 91 19 84 20 66
1 71 2 64 3 29 4 4 5 18 6 81 7 50 8 89 9 43 10 44 11 71 12 82 13 70 14 73 15 28 16 14 17 13 18 13 19 23 20 59
1 56 2 58 3 56 4 73 5 26 6 5 7 5 8 4 9 53 10 94 11 67 12 31 13 44 14 31 15 18 16 37 17 84 18 5 19 13 20 95
1 88 2 88 3 41 4 23 5 37 6 17 7 30 8 27 9 17 10 36 11 23 12 39 13 61 14 94 15 44 16 20 17 92 18 85 19 14 20 69
1 29 2 19 3 5 4 57 5 13 6 91 7 8 8 82 9 88 10 67 11 26 12 40 13 51 14 56 15 93 16 93 17 83 18 74 19 63 20 38
1 18 2 47 3 10 4 9 5 47 6 92 7 85 8 99 9 35 10 51 11 18 12 68 13 43 14 53 15 40 16 16 17 89 18 91 19 92 20 94
1 4 2 71 3 82 4 70 5 81 6 24 7 38 8 49 9 82 10 61 11 19 12 86 13 60 14 34 15 31 16 51 17 92 18 28 19 54 20 74
1 22 2 44 3 27 4 54 5 77 6 39 7 48 8 86 9 94 10 29 11 49 12 86 13 27 14 64 15 61 16 80 17 15 18 65 19 51 20 68
1 16 2 70 3 21 4 25 5 57 6 86 7 56 8 28 9 23 10 22 11 52 12 77 13 47 14 94 15 93 16 63 17 40 18 26 19 10 20 44
1 48 2 53 3 98 4 45 5 59 6 39 7 75 8 81 9 6 10 55 11 95 12 37 13 54 14 10 15 85 16 95 17 97 18 27 19 62 20 79
1 83 2 8 3 64 4 64 5 72 6 78 7 38 8 24 9 43 10 48 11 44 12 93 13 77 14 7 15 88 16 24 17 94 18 13 19 3 20 19
1 46 2 17 3 67 4 53 5 51 6 62 7 50 8 73 9 31 10 73 11 26 12 52 13 8 14 60 15 50 16 60 17 82 18 10 19 23 20 4
1 14 2 94 3 71 4 58 5 93 6 86 7 73 8 47 9 22 10 62 11 81 12 25 13 3 14 87 15 31 16 27 17 13 18 31 19 72 20 46
1 41 2 2 3 61 4 16 5 70 6 37 7 70 8 69 9 34 10 79 11 59 12 91 13 9 14 86 15 97 16 58 17 15 18 20 19 42 20 10
1 44 2 64 3 67 4 21 5 91 6 7 7 34 8 39 9 79 10 84 11 34 12 18 13 20 14 55 15 99 16 50 17 98 18 54 19 40 20 54
1 32 2 86 3 70 4 64 5 38 6 79 7 67 8 61 9 22 10 62 11 44 12 63 13 74 14 96 15 65 16 99 17 82 18 78 19 16 20 6
1 62 2 45 3 17 4 2 5 54 6 44 7 41 8 82 9 9 10 11 11 18 12 3 13 6 14 69 15 43 16 72 17 56 18 34 19 72 20 53
1 54 2 13 3 10 4 3 5 98 6 19 7 87 8 51 9 21 10 24 11 37 12 86 13 33 14 82 15 99 16 52 17 37 18 33 19 91 20 67
1 89 2 58 3 50 4 74 5 39 6 1 7 48 8 77 9 63 10 63 11 4 12 28 13 86 14 12 15 24 16 91 17 25 18 83 19 12 20 36
1 35 2 26 3 91 4 19 5 23 6 90 7 1 8 93 9 98 10 76 11 32 12 88 13 30 14 15 15 39 16 85 17 30 18 40 19 40 20 72
1 51 2 55 3 84 4 54 5 92 6 65 7 16 8 80 9 37 10 13 11 34 12 40 13 13 14 39 15 60 16 49 17 18 18 10 19 72 20 46
1 34 2 34 3 78 4 73 5 79 6 46 7 27 8 33 9 80 10 12 11 49 12 33 13 30 14 98 15 99 16 17 17 64 18 27 19 39 20 51
1 98 2 27 3 42 4 76 5 94 6 40 7 48 8 7 9 12 10 73 11 55 12 53 13 40 14 97 15 84 16 76 17 32 18 59 19 37 20 59
1 90 2 24 3 50 4 68 5 32 6 23 7 91 8 10 9 23 10 74 11 32 12 93 13 65 14 12 15 15 16 9 17 34 18 49 19 69 20 67
1 80 2 29 3 54 4 12 5 65 6 59 7 4 8 96 9 74 10 64 11 78 12 16 13 54 14 20 15 25 16 94 17 95 18 6 19 52 20 95
1 20 2 54 3 25 4 62 5 54 6 1 7 59 8 49 9 94 10 80 11 55 12 11 13 21 14 10 15 47 16 29 17 98 18 29 19 37 20 15
1 6 2 5 3 4 4 56 5 62 6 94 7 96 8 23 9 85 10 42 11 35 12 11 13 48 14 83 15 95 16 45 17 29 18 37 19 39 20 91
1 33 2 85 3 50 4 46 5 96 6 33 7 49 8 40 9 74 10 98 11 40 12 27 13 36 14 75 15 61 16 86 17 89 18 70 19 31 20 53
1 72 2 49 3 92 4 63 5 72 6 89 7 71 8 15 9 29 10 50 11 62 12 96 13 99 14 64 15 75 16 92 17 30 18 98 19 40 20 35
1 94 2 6 3 29 4 56 5 94 6 19 7 70 8 4 9 27 10 73 11 58 12 46 13 73 14 31 15 55 16 11 17 58 18 48 19 23 20 49
1 95 2 12 3 62 4 44 5 34 6 73 7 80 8 50 9 60 10 10 11 54 12 51 13 96 14 36 15 15 16 72 17 1 18 58 19 44 20 98
1 60 2 66 3 53 4 26 5 25 6 20 7 51 8 51 9 86 10 53 11 77 12 35 13 83 14 25 15 22 16 68 17 34 18 65 19 58 20 28
1 61 2 26 3 63 4 97 5 98 6 37 7 56 8 72 9 92 10 17 11 47 12 22 13 2 14 92 15 44 16 53 17 97 18 76 19 28 20 87
1 63 2 90 3 21 4 36 5 55 6 45 7 25 8 31 9 57 10 58 11 14 12 28 13 93 14 97 15 33 16 87 17 24 18 19 19 10 20 63
1 45 2 33 3 58 4 11 5 8 6 16 7 23 8 44 9 43 10 18 11 43 12 7 13 89 14 59 15 52 16 58 17 90 18 41 19 60 20 92
1 70 2 2 3 48 4 21 5 33 6 73 7 24 8 56 9 34 10 86 11 27 12 30 13 1 14 70 15 53 16 78 17 36 18 58 19 56 20 73
1 76 2 25 3 80 4 80 5 7 6 88 7 96 8 25 9 78 10 6 11 45 12 76 13 42 14 26 15 28 16 15 17 24 18 48 19 71 20 83
1 32 2 36 3 62 4 89 5 56 6 72 7 96 8 71 9 89 10 81 11 39 12 29 13 4 14 26 15 99 16 17 17 21 18 76 19 63 20 78
1 14 2 11 3 40 4 36 5 28 6 46 7 29 8 37 9 10 10 64 11 77 12 74 13 62 14 75 15 99 16 24 17 89 18 94 19 95 20 27
1 79 2 81 3 46 4 88 5 75 6 51 7 85 8 94 9 46 10 49 11 96 12 15 13 52 14 32 15 59 16 88 17 95 18 72 19 76 20 24
1 49 2 30 3 59 4 19 5 10 6 25 7 80 8 21 9 44 10 2 11 33 12 80 13 99 14 88 15 9 16 3 17 10 18 71 19 80 20 50
1 56 2 32 3 61 4 39 5 69 6 61 7 78 8 4 9 46 10 80 11 30 12 18 13 2 14 72 15 9 16 23 17 47 18 80 19 57 20 45
1 30 2 98 3 38 4 28 5 58 6 91 7 50 8 8 9 36 10 9 11 64 12 2 13 13 14 77 15 94 16 37 17 21 18 7 19 13 20 4
1 98 2 25 3 38 4 28 5 96 6 3 7 51 8 13 9 85 10 93 11 84 12 77 13 15 14 87 15 61 16 24 17 83 18 85 19 2 20 50
1 57 2 32 3 32 4 43 5 56 6 70 7 56 8 39 9 44 10 33 11 59 12 6 13 60 14 75 15 90 16 98 17 46 18 86 19 35 20 29
1 93 2 20 3 87 4 13 5 48 6 61 7 47 8 27 9 69 10 91 11 63 12 10 13 12 14 89 15 53 16 69 17 85 18 32 19 22 20 56
1 19 2 6 3 75 4 1 5 95 6 85 7 7 8 79 9 78 10 79 11 21 12 55 13 17 14 6 15 84 16 65 17 99 18 82 19 79 20 24
1 95 2 31 3 61 4 10 5 97 6 14 7 24 8 47 9 83 10 87 11 68 12 16 13 3 14 95 15 60 16 45 17 16 18 51 19 7 20 69
1 62 2 35 3 34 4 31 5 26 6 82 7 25 8 34 9 89 10 10 11 3 12 98 13 64 14 93 15 29 16 34 17 92 18 56 19 25 20 13
1 15 2 83 3 35 4 73 5 94 6 33 7 59 8 45 9 57 10 24 11 32 12 29 13 78 14 82 15 76 16 49 17 21 18 72 19 9 20 17
1 83 2 58 3 31 4 57 5 38 6 70 7 63 8 28 9 32 10 60 11 9 12 93 13 34 14 81 15 53 16 61 17 19 18 77 19 98 20 40
1 31 2 52 3 87 4 56 5 78 6 44 7 35 8 17 9 26 10 54 11 56 12 69 13 19 14 46 15 79 16 96 17 67 18 81 19 85 20 82
1 15 2 64 3 73 4 2 5 76 6 55 7 81 8 57 9 72 10 8 11 9 12 2 13 34 14 21 15 11 16 41 17 61 18 70 19 20 20 41
1 11 2 72 3 3 4 88 5 32 6 36 7 17 8 92 9 70 10 12 11 22 12 8 13 7 14 40 15 4 16 59 17 16 18 65 19 35 20 40
1 12 2 85 3 30 4 26 5 61 6 33 7 81 8 72 9 17 10 4 11 8 12 27 13 8 14 68 15 62 16 1 17 78 18 95 19 84 20 39
1 35 2 56 3 31 4 83 5 3 6 38 7 1 8 25 9 56 10 95 11 2 12 5 13 86 14 48 15 28 16 8 17 11 18 53 19 82 20 77
1 66 2 68 3 4 4 67 5 48 6 88 7 22 8 39 9 82 10 65 11 37 12 45 13 94 14 44 15 89 16 12 17 43 18 36 19 62 20 96
1 65 2 82 3 79 4 52 5 17 6 47 7 88 8 36 9 92 10 71 11 49 12 81 13 36 14 20 15 36 16 66 17 99 18 7 19 96 20 5
1 77 2 84 3 43 4 26 5 63 6 48 7 1 8 70 9 7 10 72 11 54 12 16 13 93 14 43 15 70 16 62 17 40 18 10 19 74 20 78
1 47 2 6 3 26 4 69 5 99 6 94 7 70 8 61 9 95 10 38 11 92 12 10 13 79 14 76 15 3 16 18 17 51 18 8 19 97 20 17
1 62 2 48 3 61 4 76 5 64 6 29 7 14 8 43 9 62 10 37 11 37 12 45 13 11 14 55 15 12 16 36 17 39 18 79 19 11 20 80
1 27 2 90 3 21 4 15 5 5 6 7 7 56 8 4 9 10 10 7 11 89 12 43 13 34 14 79 15 65 16 87 17 7 18 49 19 55 20 62
1 6 2 65 3 69 4 58 5 15 6 97 7 97 8 91 9 34 10 10 11 7 12 50 13 4 14 17 15 75 16 90 17 48 18 66 19 80 20 15
1 33 2 80 3 7 4 74 5 51 6 4 7 34 8 42 9 72 10 8 11 14 12 30 13 16 14 44 15 54 16 47 17 56 18 60 19 72 20 2
1 64 2 42 3 7 4 43 5 52 6 21 7 96 8 98 9 16 10 86 11 62 12 53 13 28 14 83 15 76 16 92 17 39 18 25 19 17 20 4
1 64 2 99 3 67 4 15 5 49 6 49 7 55 8 84 9 36 10 49 11 65 12 78 13 10 14 46 15 48 16 45 17 37 18 88 19 17 20 58
1 99 2 2 3 98 4 77 5 13 6 45 7 80 8 29 9 10 10 44 11 37 12 3 13 72 14 3 15 54 16 71 17 28 18 87 19 76 20 98
1 10 2 91 3 84 4 12 5 84 6 87 7 35 8 84 9 88 10 94 11 58 12 34 13 19 14 44 15 14 16 38 17 23 18 63 19 67 20 51
1 89 2 67 3 65 4 59 5 77 6 44 7 23 8 52 9 89 10 24 11 40 12 33 13 3 14 32 15 31 16 51 17 99 18 3 19 83 20 75
1 61 2 13 3 38 4 44 5 77 6 95 7 90 8 43 9 75 10 71 11 70 12 80 13 88 14 73 15 66 16 28 17 54 18 37 19 2 20 99
1 35 2 75 3 27 4 75 5 7 6 5 7 18 8 98 9 9 10 77 11 67 12 5 13 4 14 12 15 66 16 5 17 56 18 56 19 85 20 28
1 60 2 6 3 43 4 74 5 43 6 28 7 99 8 21 9 67 10 67 11 21 12 26 13 96 14 19 15 80 16 61 17 10 18 63 19 53 20 4
1 56 2 56 3 86 4 89 5 68 6 87 7 32 8 15 9 46 10 86 11 39 12 90 13 43 14 35 15 61 16 94 17 19 18 28 19 11 20 86
1 38 2 37 3 92 4 30 5 18 6 75 7 62 8 25 9 91 10 20 11 27 12 94 13 6 14 46 15 81 16 11 17 78 18 57 19 45 20 97
1 70 2 44 3 85 4 18 5 46 6 17 7 59 8 78 9 48 10 54 11 81 12 20 13 88 14 23 15 39 16 1 17 75 18 12 19 72 20 50
1 15 2 85 3 13 4 17 5 68 6 81 7 18 8 56 9 92 10 35 11 70 12 59 13 81 14 42 15 52 16 91 17 98 18 38 19 44 20 7
1 74 2 59 3 5 4 95 5 3 6 57 7 31 8 61 9 84 10 34 11 67 12 32 13 18 14 89 15 37 16 30 17 42 18 6 19 94 20 46
1 79 2 89 3 83 4 90 5 81 6 18 7 79 8 52 9 51 10 3 11 42 12 89 13 96 14 78 15 38 16 93 17 35 18 1 19 19 20 66
1 11 2 58 3 32 4 50 5 40 6 78 7 65 8 92 9 33 10 79 11 26 12 4 13 73 14 84 15 61 16 60 17 24 18 73 19 73 20 22
1 57 2 21 3 5 4 29 5 72 6 4 7 34 8 71 9 20 10 87 11 43 12 21 13 31 14 44 15 38 16 60 17 64 18 61 19 91 20 80
1 39 2 12 3 77 4 74 5 19 6 8 7 89 8 49 9 43 10 33 11 47 12 77 13 33 14 6 15 98 16 83 17 57 18 61 19 71 20 59
1 69 2 76 3 22 4 11 5 80 6 46 7 81 8 94 9 6 10 84 11 32 12 4 13 59 14 69 15 85 16 97 17 48 18 82 19 24 20 75
1 57 2 1 3 26 4 65 5 79 6 72 7 65 8 29 9 20 10 8 11 47 12 45 13 66 14 62 15 84 16 14 17 80 18 33 19 92 20 37
1 22 2 76 3 39 4 90 5 92 6 46 7 32 8 28 9 92 10 87 11 66 12 95 13 45 14 30 15 51 16 14 17 91 18 74 19 45 20 45
1 21 2 60 3 57 4 20 5 63 6 13 7 44 8 61 9 51 10 29 11 76 12 19 13 68 14 3 15 85 16 31 17 85 18 60 19 80 20 52
1 49 2 46 3 75 4 91 5 43 6 11 7 47 8 1 9 18 10 78 11 76 12 97 13 39 14 95 15 16 16 6 17 48 18 23 19 40 20 4
1 90 2 21 3 17 4 54 5 93 6 35 7 48 8 96 9 58 10 80 11 67 12 68 13 74 14 93 15 50 16 49 17 62 18 52 19 48 20 76
1 13 2 21 3 36 4 76 5 51 6 39 7 33 8 14 9 79 10 68 11 26 12 93 13 58 14 84 15 8 16 94 17 83 18 86 19 26 20 11
1 54 2 68 3 11 4 79 5 66 6 18 7 54 8 66 9 4 10 36 11 85 12 44 13 83 14 87 15 41 16 4 17 11 18 65 19 7 20 59
1 24 2 5 3 45 4 17 5 12 6 56 7 36 8 23 9 34 10 59 11 95 12 94 13 41 14 22 15 8 16 97 17 97 18 44 19 6 20 61
1 93 2 36 3 27 4 54 5 80 6 71 7 96 8 4 9 3 10 67 11 29 12 54 13 20 14 25 15 72 16 48 17 70 18 50 19 87 20 89
1 60 2 7 3 90 4 55 5 62 6 96 7 9 8 51 9 38 10 73 11 10 12 63 13 43 14 37 15 40 16 50 17 62 18 41 19 44 20 19
1 93 2 93 3 84 4 83 5 87 6 35 7 90 8 56 9 75 10 87 11 19 12 92 13 66 14 88 15 87 16 40 17 37 18 81 19 72 20 74
1 24 2 63 3 50 4 90 5 40 6 12 7 20 8 79 9 73 10 79 11 66 12 69 13 38 14 4 15 9 16 68 17 43 18 66 19 74 20 97
1 43 2 53 3 89 4 31 5 56 6 77 7 21 8 85 9 71 10 21 11 25 12 99 13 80 14 95 15 60 16 95 17 74 18 11 19 40 20 41
1 48 2 10 3 6 4 4 5 49 6 11 7 92 8 53 9 62 10 15 11 59 12 9 13 8 14 15 15 67 16 26 17 46 18 79 19 50 20 78
1 48 2 19 3 46 4 70 5 83 6 48 7 88 8 62 9 19 10 81 11 51 12 56 13 25 14 37 15 70 16 20 17 94 18 37 19 4 20 61
1 36 2 75 3 73 4 93 5 4 6 51 7 37 8 22 9 2 10 72 11 36 12 1 13 92 14 95 15 51 16 58 17 29 18 48 19 59 20 86
1 8 2 94 3 66 4 41 5 2 6 20 7 37 8 40 9 71 10 94 11 59 12 72 13 20 14 31 15 33 16 50 17 47 18 2 19 29 20 44
1 17 2 43 3 45 4 49 5 95 6 82 7 75 8 28 9 94 10 63 11 35 12 29 13 2 14 8 15 45 16 71 17 54 18 24 19 56 20 5
1 4 2 51 3 55 4 60 5 71 6 58 7 18 8 87 9 97 10 3 11 14 12 7 13 57 14 97 15 8 16 83 17 53 18 64 19 72 20 38
1 55 2 5 3 29 4 79 5 53 6 91 7 75 8 1 9 87 10 94 11 59 12 41 13 8 14 93 15 64 16 6 17 32 18 53 19 77 20 58
1 82 2 31 3 97 4 42 5 56 6 92 7 58 8 36 9 35 10 70 11 84 12 49 13 59 14 24 15 12 16 52 17 20 18 9 19 93 20 45
1 22 2 4 3 27 4 34 5 36 6 66 7 74 8 14 9 55 10 82 11 97 12 24 13 25 14 12 15 36 16 35 17 74 18 24 19 63 20 36
1 7 2 96 3 37 4 38 5 36 6 6 7 98 8 8 9 90 10 1 11 48 12 74 13 15 14 68 15 53 16 22 17 21 18 51 19 59 20 63
1 13 2 38 3 23 4 38 5 68 6 23 7 76 8 26 9 41 10 80 11 86 12 4 13 52 14 9 15 60 16 30 17 35 18 65 19 7 20 77
1 1 2 39 3 41 4 9 5 36 6 44 7 69 8 45 9 67 10 38 11 16 12 50 13 42 14 84 15 22 16 8 17 57 18 62 19 46 20 97
1 36 2 19 3 86 4 86 5 32 6 43 7 94 8 32 9 33 10 25 11 49 12 96 13 44 14 60 15 72 16 61 17 83 18 72 19 23 20 61
1 72 2 22 3 72 4 87 5 73 6 9 7 90 8 90 9 52 10 45 11 82 12 16 13 70 14 80 15 31 16 57 17 52 18 83 19 71 20 19
1 20 2 53 3 78 4 86 5 21 6 86 7 65 8 9 9 37 10 75 11 40 12 17 13 55 14 28 15 61 16 51 17 2 18 39 19 58 20 39
1 50 2 7 3 1 4 92 5 65 6 26 7 30 8 20 9 36 10 14 11 76 12 96 13 17 14 37 15 33 16 17 17 45 18 69 19 95 20 18
1 19 2 13 3 6 4 10 5 36 6 68 7 33 8 90 9 86 10 33 11 64 12 55 13 12 14 14 15 9 16 12 17 48 18 15 19 76 20 3
1 10 2 86 3 60 4 1 5 12 6 29 7 17 8 1 9 38 10 58 11 70 12 44 13 75 14 48 15 53 16 46 17 71 18 48 19 66 20 62
1 9 2 97 3 19 4 97 5 46 6 22 7 66 8 49 9 91 10 64 11 31 12 95 13 61 14 58 15 4 16 39 17 35 18 71 19 5 20 94
1 56 2 32 3 45 4 84 5 86 6 82 7 90 8 18 9 8 10 73 11 78 12 1 13 23 14 2 15 60 16 88 17 8 18 80 19 34 20 18
1 41 2 97 3 6 4 61 5 8 6 19 7 55 8 82 9 73 10 22 11 27 12 87 13 50 14 70 15 81 16 30 17 8 18 32 19 25 20 1
1 3 2 11 3 45 4 39 5 54 6 4 7 99 8 70 9 84 10 24 11 42 12 4 13 61 14 34 15 79 16 84 17 45 18 66 19 86 20 59
1 8 2 54 3 84 4 20 5 31 6 63 7 79 8 62 9 19 10 63 11 97 12 91 13 5 14 40 15 80 16 36 17 41 18 81 19 56 20 15
1 94 2 82 3 38 4 8 5 56 6 74 7 12 8 47 9 27 10 70 11 56 12 37 13 99 14 49 15 76 16 4 17 33 18 5 19 85 20 75
1 27 2 96 3 57 4 69 5 45 6 95 7 90 8 31 9 3 10 13 11 13 12 45 13 45 14 94 15 91 16 67 17 99 18 5 19 77 20 14
1 47 2 56 3 48 4 29 5 17 6 46 7 82 8 9 9 27 10 12 11 37 12 5 13 42 14 80 15 78 16 91 17 11 18 22 19 72 20 20
1 36 2 67 3 84 4 42 5 9 6 98 7 67 8 74 9 34 10 25 11 57 12 67 13 59 14 12 15 89 16 19 17 50 18 71 19 14 20 15
1 16 2 46 3 55 4 27 5 46 6 68 7 40 8 81 9 91 10 63 11 13 12 84 13 39 14 60 15 98 16 54 17 98 18 53 19 64 20 42
1 33 2 84 3 15 4 77 5 42 6 17 7 10 8 42 9 61 10 83 11 34 12 45 13 64 14 65 15 55 16 23 17 79 18 29 19 44 20 57
1 80 2 80 3 54 4 72 5 86 6 92 7 60 8 57 9 89 10 56 11 70 12 55 13 1 14 22 15 54 16 48 17 54 18 14 19 72 20 72
1 89 2 31 3 37 4 60 5 39 6 62 7 57 8 27 9 58 10 60 11 16 12 90 13 98 14 53 15 97 16 71 17 34 18 80 19 99 20 68
1 78 2 19 3 52 4 37 5 56 6 98 7 98 8 83 9 58 10 20 11 36 12 89 13 23 14 18 15 76 16 29 17 50 18 84 19 42 20 93
1 16 2 7 3 12 4 79 5 24 6 56 7 99 8 69 9 75 10 20 11 35 12 8 13 26 14 78 15 59 16 40 17 49 18 79 19 99 20 59
1 47 2 94 3 52 4 42 5 26 6 14 7 66 8 70 9 92 10 29 11 2 12 22 13 14 14 48 15 19 16 85 17 61 18 88 19 57 20 53
1 35 2 91 3 55 4 69 5 41 6 86 7 8 8 43 9 39 10 66 11 68 12 6 13 24 14 44 15 36 16 8 17 87 18 66 19 11 20 29
1 49 2 1 3 72 4 39 5 88 6 10 7 86 8 33 9 10 10 24 11 76 12 68 13 21 14 37 15 97 16 16 17 50 18 96 19 75 20 97
1 25 2 28 3 43 4 49 5 4 6 9 7 14 8 66 9 64 10 88 11 20 12 3 13 28 14 35 15 26 16 46 17 44 18 49 19 42 20 57
1 48 2 5 3 55 4 69 5 67 6 34 7 87 8 29 9 72 10 20 11 63 12 33 13 61 14 69 15 33 16 26 17 98 18 10 19 18 20 53
1 81 2 18 3 66 4 44 5 77 6 61 7 50 8 36 9 91 10 41 11 67 12 81 13 66 14 33 15 26 16 59 17 34 18 11 19 97 20 56
1 49 2 82 3 91 4 76 5 66 6 29 7 74 8 15 9 95 10 92 11 41 12 69 13 82 14 69 15 48 16 15 17 54 18 81 19 33 20 1
1 92 2 63 3 13 4 22 5 53 6 85 7 65 8 60 9 43 10 3 11 97 12 17 13 63 14 40 15 16 16 18 17 52 18 23 19 9 20 61
1 7 2 72 3 6 4 12 5 65 6 70 7 38 8 12 9 51 10 1 11 7 12 27 13 63 14 67 15 64 16 64 17 51 18 73 19 64 20 28
1 58 2 47 3 50 4 2 5 75 6 13 7 46 8 21 9 76 10 52 11 50 12 55 13 41 14 86 15 16 16 38 17 84 18 79 19 60 20 55
1 85 2 5 3 60 4 35 5 18 6 42 7 78 8 1 9 9 10 31 11 62 12 21 13 77 14 19 15 67 16 20 17 63 18 49 19 63 20 43
1 2 2 78 3 98 4 91 5 11 6 19 7 40 8 63 9 29 10 89 11 31 12 68 13 45 14 46 15 27 16 57 17 66 18 90 19 15 20 33
1 38 2 77 3 62 4 46 5 75 6 70 7 30 8 65 9 84 10 50 11 82 12 48 13 37 14 87 15 91 16 89 17 66 18 52 19 19 20 88
1 86 2 54 3 11 4 34 5 20 6 6 7 76 8 7 9 10 10 22 11 6 12 30 13 66 14 10 15 73 16 42 17 38 18 83 19 11 20 9
1 19 2 28 3 35 4 12 5 23 6 14 7 85 8 71 9 78 10 27 11 18 12 84 13 91 14 85 15 90 16 10 17 7 18 46 19 84 20 21
1 76 2 72 3 80 4 4 5 44 6 61 7 98 8 2 9 20 10 88 11 57 12 89 13 66 14 39 15 53 16 16 17 77 18 51 19 71 20 37
1 82 2 85 3 42 4 1 5 70 6 61 7 99 8 40 9 4 10 47 11 60 12 36 13 70 14 17 15 36 16 17 17 20 18 58 19 90 20 58
1 88 2 19 3 47 4 4 5 52 6 65 7 39 8 73 9 64 10 48 11 34 12 42 13 3 14 97 15 72 16 51 17 50 18 40 19 70 20 93
1 22 2 86 3 43 4 58 5 37 6 34 7 79 8 54 9 12 10 76 11 58 12 63 13 50 14 41 15 67 16 38 17 76 18 19 19 75 20 8
1 67 2 69 3 61 4 4 5 15 6 63 7 80 8 15 9 89 10 65 11 21 12 25 13 41 14 69 15 32 16 54 17 29 18 81 19 7 20 66
1 15 2 94 3 31 4 96 5 24 6 67 7 96 8 69 9 32 10 66 11 71 12 79 13 76 14 79 15 27 16 52 17 77 18 53 19 29 20 94
1 84 2 65 3 79 4 6 5 77 6 86 7 3 8 8 9 37 10 73 11 90 12 25 13 22 14 99 15 4 16 19 17 63 18 86 19 81 20 74
1 32 2 97 3 26 4 95 5 85 6 57 7 91 8 63 9 38 10 29 11 67 12 39 13 38 14 60 15 38 16 68 17 91 18 16 19 37 20 91
1 72 2 16 3 33 4 18 5 23 6 57 7 11 8 49 9 44 10 49 11 94 12 13 13 80 14 10 15 61 16 72 17 43 18 41 19 56 20 80
1 12 2 85 3 40 4 75 5 95 6 89 7 97 8 21 9 88 10 10 11 65 12 63 13 75 14 81 15 6 16 66 17 50 18 28 19 64 20 91
1 28 2 15 3 5 4 75 5 61 6 4 7 10 8 72 9 40 10 58 11 15 12 70 13 50 14 27 15 13 16 83 17 78 18 98 19 93 20 8
1 69 2 43 3 76 4 64 5 56 6 99 7 30 8 15 9 81 10 36 11 95 12 74 13 26 14 85 15 49 16 95 17 14 18 73 19 47 20 83
1 75 2 24 3 97 4 5 5 33 6 37 7 29 8 93 9 18 10 83 11 6 12 7 13 65 14 31 15 76 16 28 17 78 18 14 19 39 20 95
1 18 2 88 3 65 4 3 5 8 6 51 7 80 8 90 9 73 10 67 11 82 12 42 13 22 14 85 15 87 16 80 17 56 18 14 19 89 20 11
1 11 2 76 3 21 4 13 5 86 6 29 7 56 8 18 9 59 10 66 11 99 12 8 13 67 14 28 15 30 16 18 17 8 18 30 19 30 20 98
1 38 2 75 3 89 4 90 5 58 6 33 7 47 8 66 9 45 10 94 11 32 12 12 13 77 14 51 15 78 16 94 17 25 18 67 19 31 20 54
1 47 2 67 3 86 4 22 5 69 6 32 7 8 8 65 9 70 10 77 11 36 12 66 13 47 14 45 15 68 16 48 17 17 18 51 19 54 20 76
1 59 2 60 3 22 4 19 5 81 6 81 7 13 8 67 9 37 10 34 11 22 12 13 13 76 14 14 15 86 16 82 17 41 18 75 19 43 20 54
1 51 2 42 3 4 4 26 5 79 6 47 7 65 8 62 9 95 10 63 11 68 12 86 13 5 14 91 15 36 16 89 17 46 18 15 19 50 20 43
1 38 2 15 3 75 4 31 5 93 6 91 7 14 8 48 9 75 10 58 11 43 12 94 13 8 14 68 15 11 16 37 17 24 18 81 19 29 20 67
1 85 2 62 3 37 4 80 5 93 6 37 7 16 8 68 9 85 10 42 11 14 12 87 13 62 14 9 15 88 16 94 17 97 18 51 19 99 20 73
1 97 2 99 3 10 4 56 5 81 6 77 7 6 8 71 9 5 10 6 11 82 12 50 13 42 14 66 15 31 16 80 17 92 18 27 19 44 20 6
1 12 2 68 3 59 4 28 5 77 6 38 7 87 8 4 9 36 10 36 11 3 12 82 13 49 14 78 15 74 16 93 17 9 18 60 19 56 20 19
1 41 2 74 3 7 4 12 5 78 6 21 7 21 8 25 9 30 10 72 11 25 12 62 13 22 14 32 15 58 16 14 17 20 18 47 19 43 20 47
1 42 2 47 3 94 4 24 5 39 6 3 7 42 8 58 9 29 10 44 11 15 12 91 13 44 14 63 15 76 16 86 17 59 18 86 19 7 20 95
1 44 2 67 3 56 4 41 5 75 6 56 7 16 8 9 9 80 10 8 11 34 12 21 13 27 14 45 15 53 16 85 17 28 18 89 19 35 20 63
1 98 2 67 3 70 4 6 5 80 6 35 7 1 8 80 9 12 10 8 11 27 12 5 13 66 14 97 15 62 16 26 17 98 18 34 19 87 20 35
1 96 2 26 3 72 4 19 5 68 6 59 7 67 8 56 9 87 10 97 11 77 12 7 13 72 14 13 15 10 16 62 17 8 18 53 19 51 20 11
1 30 2 62 3 74 4 57 5 33 6 99 7 25 8 22 9 53 10 10 11 21 12 64 13 51 14 39 15 30 16 86 17 88 18 58 19 1 20 63
1 99 2 64 3 13 4 97 5 88 6 96 7 66 8 24 9 22 10 28 11 99 12 24 13 46 14 22 15 96 16 77 17 64 18 91 19 15 20 66
1 15 2 34 3 84 4 97 5 71 6 16 7 18 8 52 9 68 10 87 11 58 12 83 13 72 14 30 15 68 16 16 17 16 18 23 19 2 20 97
1 73 2 36 3 40 4 84 5 59 6 70 7 22 8 12 9 80 10 96 11 40 12 73 13 95 14 72 15 83 16 92 17 37 18 72 19 17 20 66
1 60 2 62 3 55 4 32 5 63 6 88 7 83 8 12 9 99 10 42 11 20 12 44 13 82 14 51 15 48 16 55 17 19 18 84 19 42 20 81
1 80 2 72 3 25 4 35 5 22 6 50 7 69 8 30 9 29 10 94 11 18 12 98 13 81 14 87 15 36 16 51 17 45 18 32 19 74 20 50
1 86 2 1 3 57 4 3 5 68 6 45 7 63 8 18 9 94 10 10 11 59 12 21 13 40 14 81 15 35 16 80 17 9 18 40 19 6 20 40
1 39 2 41 3 36 4 25 5 1 6 61 7 9 8 56 9 44 10 14 11 74 12 48 13 21 14 42 15 63 16 20 17 62 18 22 19 67 20 15
1 2 2 53 3 14 4 49 5 58 6 43 7 51 8 97 9 30 10 61 11 1 12 45 13 43 14 38 15 79 16 33 17 84 18 44 19 62 20 61
1 63 2 39 3 79 4 75 5 57 6 92 7 34 8 7 9 48 10 38 11 69 12 13 13 75 14 28 15 65 16 72 17 95 18 63 19 35 20 82
1 61 2 83 3 68 4 49 5 82 6 44 7 28 8 76 9 83 10 19 11 80 12 74 13 4 14 60 15 40 16 89 17 45 18 12 19 52 20 39
1 2 2 82 3 64 4 32 5 76 6 8 7 13 8 2 9 75 10 52 11 7 12 69 13 82 14 73 15 53 16 65 17 65 18 20 19 58 20 89
1 17 2 4 3 5 4 31 5 20 6 41 7 78 8 75 9 70 10 53 11 78 12 48 13 92 14 41 15 85 16 98 17 23 18 38 19 29 20 9
1 33 2 74 3 91 4 16 5 62 6 82 7 60 8 27 9 24 10 37 11 18 12 60 13 90 14 60 15 18 16 20 17 83 18 4 19 60 20 69
1 78 2 80 3 50 4 36 5 46 6 39 7 85 8 6 9 60 10 9 11 21 12 18 13 38 14 49 15 92 16 16 17 42 18 64 19 51 20 1
1 69 2 17 3 24 4 73 5 32 6 54 7 18 8 14 9 67 10 87 11 97 12 73 13 64 14 95 15 80 16 4 17 14 18 52 19 33 20 59
1 60 2 15 3 88 4 15 5 49 6 19 7 51 8 17 9 77 10 68 11 71 12 49 13 57 14 86 15 59 16 84 17 36 18 56 19 58 20 78
1 46 2 75 3 69 4 80 5 21 6 32 7 32 8 55 9 27 10 25 11 2 12 21 13 77 14 10 15 25 16 12 17 9 18 29 19 22 20 63
1 89 2 13 3 90 4 7 5 63 6 94 7 12 8 25 9 23 10 96 11 24 12 30 13 39 14 60 15 65 16 26 17 57 18 81 19 84 20 79
1 77 2 8 3 13 4 15 5 23 6 81 7 71 8 77 9 54 10 76 11 88 12 89 13 84 14 88 15 50 16 16 17 55 18 25 19 61 20 73
1 30 2 39 3 85 4 31 5 14 6 89 7 29 8 73 9 40 10 98 11 18 12 88 13 60 14 99 15 77 16 58 17 34 18 59 19 8 20 9
1 98 2 12 3 31 4 56 5 85 6 19 7 17 8 92 9 87 10 88 11 45 12 42 13 86 14 34 15 15 16 75 17 46 18 31 19 25 20 77
1 61 2 8 3 54 4 54 5 26 6 95 7 27 8 86 9 68 10 97 11 61 12 9 13 92 14 67 15 74 16 57 17 80 18 43 19 29 20 35
1 83 2 78 3 43 4 38 5 47 6 50 7 53 8 66 9 44 10 72 11 94 12 9 13 48 14 2 15 59 16 96 17 54 18 88 19 27 20 81
1 69 2 72 3 37 4 42 5 2 6 46 7 14 8 13 9 57 10 14 11 17 12 11 13 87 14 12 15 78 16 23 17 62 18 52 19 89 20 33
1 1 2 10 3 7 4 52 5 68 6 72 7 29 8 31 9 2 10 10 11 56 12 21 13 22 14 60 15 99 16 53 17 17 18 15 19 90 20 11
1 38 2 28 3 61 4 15 5 70 6 74 7 47 8 56 9 2 10 89 11 18 12 91 13 7 14 1 15 58 16 53 17 59 18 87 19 4 20 10
1 75 2 34 3 78 4 61 5 22 6 90 7 26 8 34 9 34 10 87 11 94 12 26 13 16 14 67 15 49 16 30 17 88 18 57 19 89 20 29
1 17 2 4 3 79 4 74 5 46 6 97 7 56 8 72 9 54 10 89 11 7 12 58 13 40 14 83 15 74 16 50 17 81 18 11 19 12 20 74
1 51 2 35 3 10 4 97 5 32 6 35 7 22 8 83 9 77 10 85 11 57 12 72 13 14 14 4 15 60 16 59 17 54 18 13 19 88 20 23
1 97 2 40 3 27 4 44 5 75 6 53 7 94 8 83 9 84 10 48 11 46 12 80 13 65 14 7 15 84 16 92 17 88 18 15 19 27 20 95
1 50 2 94 3 69 4 31 5 81 6 68 7 45 8 51 9 30 10 92 11 31 12 80 13 60 14 81 15 19 16 94 17 81 18 20 19 87 20 98
1 15 2 46 3 91 4 9 5 10 6 85 7 55 8 13 9 46 10 92 11 88 12 29 13 36 14 59 15 93 16 35 17 88 18 15 19 79 20 15
1 23 2 50 3 22 4 92 5 61 6 42 7 86 8 72 9 41 10 27 11 42 12 28 13 15 14 81 15 51 16 79 17 89 18 76 19 25 20 34
1 84 2 27 3 45 4 71 5 67 6 63 7 72 8 2 9 62 10 93 11 23 12 86 13 21 14 60 15 18 16 27 17 47 18 47 19 92 20 56
1 29 2 54 3 85 4 94 5 20 6 26 7 74 8 80 9 88 10 55 11 88 12 16 13 38 14 63 15 82 16 79 17 31 18 11 19 91 20 29
1 1 2 31 3 5 4 96 5 40 6 50 7 9 8 61 9 84 10 83 11 84 12 42 13 22 14 43 15 59 16 60 17 8 18 99 19 97 20 32
1 61 2 86 3 78 4 99 5 54 6 68 7 45 8 82 9 22 10 60 11 69 12 82 13 25 14 91 15 27 16 23 17 52 18 96 19 79 20 3
1 91 2 14 3 94 4 9 5 87 6 7 7 33 8 21 9 11 10 88 11 89 12 47 13 14 14 40 15 50 16 11 17 29 18 86 19 26 20 40
1 36 2 93 3 6 4 2 5 66 6 99 7 34 8 41 9 11 10 80 11 31 12 41 13 24 14 65 15 37 16 4 17 46 18 75 19 15 20 53
1 59 2 61 3 30 4 8 5 7 6 88 7 39 8 48 9 68 10 9 11 94 12 96 13 87 14 89 15 29 16 39 17 54 18 29 19 65 20 13
1 5 2 9 3 22 4 71 5 78 6 74 7 87 8 2 9 76 10 5 11 89 12 87 13 38 14 86 15 25 16 5 17 29 18 53 19 27 20 71
1 85 2 33 3 79 4 26 5 95 6 62 7 67 8 42 9 18 10 99 11 66 12 76 13 1 14 46 15 20 16 90 17 44 18 48 19 82 20 52
1 52 2 65 3 47 4 42 5 97 6 53 7 60 8 83 9 98 10 7 11 30 12 59 13 41 14 84 15 69 16 67 17 81 18 56 19 88 20 83
1 64 2 24 3 41 4 71 5 48 6 37 7 91 8 24 9 28 10 99 11 54 12 63 13 44 14 69 15 71 16 96 17 96 18 52 19 98 20 68
1 33 2 80 3 5 4 81 5 17 6 21 7 50 8 26 9 72 10 1 11 72 12 99 13 54 14 61 15 19 16 6 17 69 18 31 19 76 20 11
1 40 2 88 3 77 4 10 5 52 6 54 7 39 8 62 9 16 10 54 11 66 12 47 13 15 14 5 15 28 16 29 17 1 18 21 19 45 20 97
1 82 2 2 3 26 4 85 5 90 6 19 7 24 8 94 9 30 10 11 11 40 12 7 13 42 14 94 15 30 16 79 17 96 18 91 19 53 20 3
1 41 2 10 3 93 4 61 5 88 6 57 7 6 8 45 9 18 10 73 11 4 12 59 13 8 14 66 15 14 16 2 17 4 18 22 19 27 20 99
1 96 2 78 3 67 4 58 5 81 6 64 7 81 8 70 9 9 10 85 11 19 12 29 13 28 14 89 15 78 16 27 17 75 18 88 19 9 20 99
1 44 2 50 3 36 4 91 5 98 6 82 7 37 8 74 9 65 10 74 11 61 12 1 13 80 14 94 15 66 16 17 17 66 18 31 19 67 20 72
1 79 2 13 3 89 4 3 5 7 6 5 7 25 8 94 9 69 10 1 11 72 12 69 13 91 14 76 15 77 16 19 17 90 18 53 19 57 20 80
1 16 2 33 3 31 4 58 5 82 6 37 7 2 8 79 9 4 10 60 11 30 12 46 13 14 14 73 15 81 16 9 17 44 18 27 19 74 20 26
1 53 2 17 3 21 4 17 5 37 6 75 7 62 8 78 9 63 10 80 11 80 12 53 13 79 14 29 15 16 16 65 17 2 18 42 19 16 20 72
1 11 2 45 3 34 4 43 5 93 6 51 7 89 8 3 9 28 10 40 11 54 12 98 13 74 14 3 15 68 16 56 17 46 18 73 19 23 20 45
1 51 2 27 3 9 4 45 5 55 6 96 7 41 8 27 9 24 10 2 11 1 12 16 13 2 14 16 15 50 16 68 17 56 18 88 19 82 20 46
1 66 2 57 3 58 4 14 5 13 6 38 7 20 8 49 9 32 10 76 11 78 12 9 13 33 14 45 15 47 16 62 17 82 18 60 19 51 20 62
1 88 2 61 3 68 4 78 5 20 6 10 7 73 8 76 9 55 10 23 11 59 12 63 13 51 14 79 15 18 16 96 17 72 18 31 19 96 20 42
1 64 2 22 3 18 4 93 5 42 6 84 7 74 8 36 9 92 10 69 11 53 12 14 13 28 14 28 15 6 16 82 17 23 18 57 19 68 20 81
1 99 2 92 3 9 4 21 5 68 6 25 7 43 8 13 9 80 10 28 11 56 12 2 13 45 14 80 15 21 16 89 17 60 18 9 19 44 20 92
1 63 2 28 3 78 4 38 5 44 6 8 7 11 8 14 9 73 10 47 11 14 12 35 13 31 14 37 15 69 16 61 17 85 18 50 19 85 20 87
1 85 2 57 3 21 4 15 5 65 6 62 7 67 8 29 9 45 10 35 11 86 12 10 13 67 14 68 15 73 16 5 17 8 18 24 19 49 20 95
1 50 2 74 3 37 4 77 5 30 6 97 7 18 8 69 9 90 10 83 11 95 12 79 13 1 14 14 15 74 16 93 17 23 18 61 19 13 20 26
1 63 2 80 3 84 4 35 5 81 6 23 7 11 8 28 9 63 10 45 11 43 12 39 13 35 14 65 15 9 16 7 17 21 18 38 19 32 20 21
1 62 2 40 3 28 4 8 5 36 6 38 7 19 8 22 9 65 10 14 11 79 12 68 13 59 14 65 15 85 16 34 17 28 18 64 19 40 20 58
1 69 2 86 3 5 4 16 5 91 6 29 7 10 8 73 9 53 10 38 11 14 12 80 13 43 14 60 15 29 16 15 17 12 18 40 19 38 20 3
1 53 2 6 3 15 4 21 5 73 6 16 7 24 8 93 9 17 10 60 11 33 12 87 13 5 14 53 15 47 16 96 17 90 18 60 19 79 20 80
1 20 2 2 3 69 4 62 5 44 6 62 7 87 8 98 9 13 10 77 11 64 12 97 13 26 14 41 15 46 16 28 17 60 18 81 19 63 20 54
1 83 2 58 3 92 4 44 5 1 6 87 7 28 8 41 9 32 10 63 11 34 12 94 13 30 14 34 15 32 16 82 17 91 18 21 19 13 20 79
1 31 2 30 3 51 4 30 5 78 6 55 7 45 8 54 9 42 10 37 11 60 12 56 13 29 14 78 15 73 16 59 17 98 18 72 19 88 20 50
1 17 2 22 3 31 4 93 5 78 6 76 7 77 8 90 9 62 10 11 11 21 12 86 13 88 14 75 15 66 16 30 17 89 18 69 19 19 20 12
1 90 2 62 3 27 4 12 5 23 6 13 7 27 8 39 9 31 10 13 11 8 12 93 13 8 14 87 15 36 16 64 17 15 18 19 19 52 20 93
1 70 2 49 3 7 4 50 5 50 6 15 7 2 8 38 9 76 10 19 11 18 12 43 13 46 14 74 15 37 16 84 17 7 18 12 19 97 20 71
1 19 2 74 3 4 4 86 5 52 6 53 7 71 8 41 9 47 10 58 11 80 12 8 13 35 14 3 15 78 16 48 17 33 18 36 19 56 20 85
1 24 2 2 3 44 4 4 5 70 6 89 7 39 8 6 9 71 10 48 11 54 12 68 13 52 14 20 15 76 16 21 17 59 18 27 19 84 20 66
1 49 2 74 3 98 4 60 5 29 6 77 7 19 8 62 9 23 10 56 11 61 12 89 13 49 14 69 15 60 16 73 17 52 18 97 19 40 20 53
1 78 2 24 3 97 4 83 5 80 6 24 7 9 8 32 9 95 10 18 11 34 12 76 13 44 14 68 15 41 16 35 17 32 18 93 19 78 20 13
1 88 2 83 3 58 4 74 5 56 6 6 7 48 8 1 9 53 10 25 11 9 12 91 13 66 14 33 15 74 16 84 17 67 18 82 19 88 20 51
1 98 2 50 3 8 4 82 5 97 6 27 7 62 8 38 9 99 10 72 11 53 12 18 13 15 14 26 15 89 16 16 17 73 18 26 19 2 20 31
1 45 2 29 3 98 4 31 5 70 6 51 7 61 8 49 9 6 10 40 11 60 12 46 13 44 14 86 15 19 16 55 17 80 18 60 19 63 20 90
1 77 2 20 3 76 4 58 5 60 6 69 7 26 8 86 9 42 10 27 11 67 12 88 13 67 14 76 15 38 16 42 17 64 18 18 19 73 20 6
1 90 2 15 3 63 4 21 5 13 6 79 7 8 8 34 9 54 10 35 11 73 12 20 13 44 14 87 15 7 16 53 17 26 18 72 19 95 20 87
1 69 2 87 3 82 4 23 5 37 6 98 7 11 8 57 9 42 10 40 11 23 12 69 13 35 14 24 15 93 16 84 17 43 18 21 19 29 20 45
1 4 2 25 3 7 4 52 5 53 6 78 7 91 8 57 9 10 10 27 11 27 12 18 13 45 14 59 15 4 16 20 17 72 18 95 19 66 20 78
1 24 2 23 3 84 4 33 5 18 6 25 7 48 8 11 9 86 10 64 11 11 12 41 13 78 14 73 15 45 16 85 17 5 18 39 19 57 20 16
1 5 2 86 3 77 4 85 5 94 6 54 7 32 8 75 9 71 10 87 11 51 12 58 13 20 14 41 15 22 16 72 17 31 18 9 19 36 20 89
1 6 2 69 3 91 4 33 5 87 6 72 7 25 8 58 9 72 10 75 11 16 12 55 13 7 14 87 15 31 16 82 17 60 18 4 19 9 20 73
1 16 2 26 3 32 4 93 5 26 6 82 7 29 8 58 9 52 10 95 11 38 12 77 13 64 14 96 15 86 16 21 17 90 18 30 19 36 20 7
1 78 2 91 3 68 4 68 5 74 6 34 7 24 8 78 9 63 10 47 11 48 12 79 13 18 14 40 15 19 16 92 17 81 18 21 19 11 20 85
1 77 2 64 3 90 4 30 5 29 6 53 7 11 8 7 9 96 10 77 11 39 12 28 13 75 14 58 15 82 16 66 17 19 18 89 19 86 20 14
1 78 2 14 3 51 4 28 5 23 6 76 7 10 8 12 9 67 10 30 11 4 12 82 13 23 14 84 15 1 16 47 17 68 18 78 19 35 20 84
1 57 2 17 3 60 4 19 5 42 6 34 7 7 8 19 9 55 10 42 11 33 12 75 13 65 14 24 15 14 16 3 17 48 18 95 19 41 20 24
1 76 2 9 3 77 4 9 5 89 6 55 7 51 8 43 9 10 10 42 11 29 12 99 13 27 14 52 15 36 16 70 17 62 18 85 19 76 20 39
1 23 2 2 3 15 4 40 5 59 6 55 7 33 8 18 9 43 10 42 11 61 12 82 13 44 14 18 15 58 16 77 17 36 18 41 19 41 20 89
1 19 2 61 3 12 4 30 5 92 6 5 7 49 8 96 9 81 10 28 11 82 12 17 13 3 14 43 15 76 16 73 17 51 18 73 19 82 20 31
1 3 2 38 3 52 4 24 5 91 6 90 7 98 8 35 9 88 10 3 11 29 12 45 13 23 14 48 15 51 16 8 17 59 18 2 19 18 20 62
1 63 2 38 3 91 4 32 5 82 6 50 7 89 8 97 9 43 10 83 11 30 12 49 13 45 14 31 15 85 16 13 17 77 18 89 19 12 20 90
1 26 2 11 3 20 4 8 5 23 6 36 7 31 8 72 9 90 10 77 11 20 12 45 13 20 14 8 15 58 16 9 17 13 18 57 19 41 20 18
1 33 2 63 3 49 4 58 5 30 6 73 7 78 8 74 9 35 10 9 11 73 12 30 13 77 14 74 15 93 16 85 17 12 18 38 19 76 20 77
1 46 2 85 3 98 4 53 5 37 6 74 7 44 8 81 9 85 10 84 11 54 12 58 13 35 14 30 15 85 16 60 17 27 18 8 19 82 20 87
1 19 2 10 3 77 4 75 5 7 6 83 7 23 8 94 9 3 10 10 11 53 12 63 13 74 14 33 15 96 16 6 17 20 18 87 19 25 20 54
1 23 2 84 3 38 4 10 5 97 6 47 7 53 8 41 9 22 10 52 11 82 12 9 13 5 14 86 15 59 16 62 17 51 18 48 19 56 20 40
1 56 2 86 3 76 4 42 5 13 6 78 7 48 8 91 9 64 10 18 11 55 12 35 13 9 14 54 15 59 16 83 17 43 18 20 19 2 20 30
1 50 2 59 3 48 4 35 5 97 6 49 7 83 8 11 9 63 10 27 11 17 12 50 13 23 14 86 15 61 16 7 17 98 18 40 19 65 20 45
1 26 2 72 3 25 4 40 5 96 6 21 7 83 8 14 9 44 10 73 11 59 12 98 13 17 14 92 15 59 16 82 17 70 18 32 19 10 20 61
1 70 2 38 3 55 4 72 5 89 6 74 7 30 8 9 9 64 10 52 11 26 12 64 13 67 14 98 15 44 16 31 17 55 18 35 19 76 20 71
1 40 2 86 3 54 4 92 5 16 6 37 7 29 8 97 9 6 10 88 11 85 12 83 13 71 14 2 15 55 16 57 17 72 18 97 19 72 20 31
1 6 2 75 3 76 4 52 5 1 6 65 7 82 8 36 9 10 10 41 11 98 12 59 13 52 14 55 15 43 16 83 17 78 18 62 19 85 20 67
1 44 2 96 3 11 4 90 5 16 6 62 7 6 8 32 9 15 10 25 11 88 12 43 13 2 14 62 15 97 16 86 17 44 18 4 19 71 20 79
1 80 2 71 3 94 4 2 5 70 6 58 7 50 8 80 9 77 10 12 11 85 12 18 13 79 14 34 15 46 16 79 17 37 18 68 19 2 20 98
1 3 2 80 3 25 4 79 5 48 6 86 7 73 8 26 9 65 10 25 11 1 12 95 13 32 14 73 15 5 16 96 17 67 18 46 19 60 20 34
1 79 2 51 3 46 4 12 5 19 6 84 7 19 8 63 9 93 10 88 11 16 12 83 13 18 14 80 15 41 16 12 17 30 18 5 19 5 20 54
1 91 2 86 3 89 4 78 5 12 6 74 7 64 8 70 9 87 10 62 11 91 12 72 13 72 14 41 15 46 16 88 17 74 18 88 19 3 20 75
1 16 2 69 3 58 4 13 5 66 6 16 7 2 8 44 9 57 10 1 11 59 12 58 13 28 14 67 15 45 16 29 17 96 18 32 19 11 20 95
1 57 2 76 3 55 4 68 5 63 6 87 7 82 8 35 9 43 10 55 11 72 12 54 13 76 14 55 15 21 16 9 17 91 18 28 19 84 20 39
1 52 2 87 3 17 4 27 5 77 6 53 7 48 8 90 9 32 10 82 11 15 12 70 13 44 14 1 15 47 16 24 17 13 18 15 19 80 20 18
1 62 2 24 3 30 4 28 5 95 6 56 7 40 8 76 9 32 10 94 11 19 12 67 13 92 14 49 15 32 16 96 17 49 18 17 19 94 20 78
1 81 2 39 3 12 4 66 5 87 6 85 7 77 8 42 9 2 10 30 11 64 12 9 13 43 14 72 15 6 16 92 17 85 18 74 19 27 20 18
1 28 2 98 3 11 4 51 5 87 6 10 7 27 8 44 9 63 10 40 11 20 12 7 13 99 14 26 15 47 16 17 17 84 18 60 19 66 20 38
1 78 2 75 3 23 4 70 5 71 6 98 7 26 8 57 9 69 10 76 11 90 12 55 13 26 14 85 15 6 16 62 17 11 18 27 19 31 20 10
1 23 2 20 3 78 4 67 5 59 6 96 7 72 8 97 9 61 10 66 11 29 12 52 13 81 14 94 15 5 16 67 17 3 18 10 19 87 20 13
1 71 2 85 3 41 4 2 5 15 6 68 7 45 8 1 9 92 10 83 11 22 12 13 13 41 14 24 15 37 16 78 17 65 18 87 19 31 20 50
1 96 2 80 3 65 4 10 5 10 6 53 7 5 8 4 9 85 10 77 11 30 12 56 13 19 14 7 15 37 16 55 17 56 18 27 19 89 20 90
1 17 2 71 3 1 4 31 5 71 6 47 7 38 8 91 9 73 10 76 11 57 12 5 13 91 14 93 15 33 16 17 17 71 18 78 19 60 20 49
1 73 2 5 3 52 4 5 5 81 6 67 7 7 8 69 9 94 10 2 11 12 12 49 13 2 14 53 15 11 16 78 17 5 18 64 19 79 20 15
1 79 2 8 3 59 4 31 5 33 6 47 7 39 8 28 9 88 10 49 11 77 12 92 13 10 14 92 15 10 16 71 17 65 18 43 19 77 20 54
1 14 2 69 3 7 4 73 5 58 6 23 7 16 8 73 9 60 10 26 11 13 12 54 13 25 14 41 15 48 16 52 17 74 18 53 19 41 20 63
1 23 2 39 3 76 4 43 5 19 6 75 7 45 8 99 9 4 10 8 11 72 12 34 13 28 14 3 15 69 16 53 17 98 18 3 19 61 20 62
1 1 2 51 3 33 4 44 5 54 6 44 7 45 8 93 9 91 10 52 11 97 12 62 13 88 14 58 15 90 16 90 17 42 18 49 19 36 20 15
1 15 2 78 3 81 4 52 5 94 6 7 7 81 8 66 9 90 10 89 11 49 12 36 13 98 14 44 15 87 16 60 17 32 18 85 19 28 20 23
1 72 2 38 3 48 4 30 5 42 6 84 7 22 8 50 9 87 10 69 11 8 12 58 13 34 14 89 15 2 16 14 17 6 18 90 19 76 20 91
1 54 2 50 3 76 4 30 5 60 6 95 7 59 8 59 9 93 10 24 11 63 12 79 13 86 14 12 15 98 16 70 17 22 18 14 19 21 20 40
1 14 2 71 3 83 4 73 5 87 6 20 7 61 8 38 9 24 10 22 11 49 12 34 13 78 14 62 15 17 16 47 17 49 18 10 19 76 20 61
1 87 2 17 3 60 4 64 5 72 6 66 7 54 8 79 9 43 10 76 11 42 12 14 13 32 14 28 15 53 16 68 17 23 18 20 19 96 20 20
1 30 2 29 3 32 4 66 5 85 6 82 7 27 8 84 9 91 10 88 11 33 12 73 13 58 14 23 15 70 16 92 17 59 18 53 19 19 20 63
1 68 2 53 3 52 4 8 5 22 6 5 7 29 8 81 9 72 10 97 11 89 12 53 13 39 14 41 15 42 16 89 17 88 18 70 19 57 20 36
1 43 2 25 3 13 4 34 5 41 6 78 7 81 8 17 9 24 10 55 11 90 12 52 13 22 14 53 15 72 16 41 17 96 18 91 19 57 20 68
1 89 2 48 3 18 4 93 5 74 6 39 7 87 8 75 9 67 10 39 11 46 12 9 13 11 14 86 15 62 16 35 17 61 18 1 19 38 20 39
1 53 2 70 3 72 4 15 5 30 6 77 7 11 8 3 9 93 10 98 11 51 12 2 13 72 14 39 15 10 16 6 17 74 18 69 19 99 20 23
1 66 2 16 3 99 4 4 5 3 6 79 7 79 8 47 9 93 10 21 11 15 12 75 13 5 14 96 15 98 16 21 17 52 18 45 19 93 20 10
1 79 2 31 3 29 4 11 5 83 6 48 7 44 8 50 9 13 10 91 11 66 12 85 13 70 14 94 15 46 16 56 17 52 18 67 19 99 20 21
1 68 2 5 3 64 4 80 5 31 6 80 7 29 8 94 9 48 10 21 11 40 12 4 13 11 14 94 15 26 16 61 17 91 18 47 19 13 20 59
1 36 2 81 3 97 4 8 5 32 6 69 7 21 8 28 9 67 10 71 11 1 12 45 13 88 14 67 15 93 16 48 17 19 18 89 19 96 20 48
1 59 2 25 3 54 4 63 5 55 6 72 7 40 8 67 9 77 10 18 11 34 12 38 13 10 14 35 15 34 16 39 17 84 18 4 19 49 20 18
1 65 2 91 3 98 4 82 5 41 6 52 7 30 8 62 9 47 10 17 11 38 12 95 13 34 14 40 15 27 16 44 17 40 18 17 19 8 20 63
1 99 2 24 3 36 4 59 5 90 6 52 7 31 8 34 9 75 10 65 11 16 12 68 13 47 14 71 15 9 16 79 17 35 18 2 19 3 20 89
1 36 2 19 3 91 4 92 5 82 6 64 7 91 8 73 9 58 10 60 11 9 12 44 13 70 14 57 15 47 16 78 17 38 18 86 19 22 20 68
1 5 2 40 3 78 4 68 5 8 6 31 7 81 8 36 9 84 10 53 11 23 12 68 13 25 14 98 15 8 16 40 17 97 18 46 19 76 20 94
1 88 2 31 3 78 4 61 5 59 6 71 7 42 8 73 9 74 10 73 11 83 12 41 13 72 14 36 15 30 16 3 17 11 18 4 19 88 20 81
1 13 2 92 3 81 4 43 5 81 6 61 7 88 8 29 9 37 10 52 11 52 12 61 13 13 14 58 15 38 16 58 17 99 18 90 19 36 20 31
1 36 2 6 3 9 4 83 5 99 6 7 7 59 8 59 9 42 10 25 11 44 12 99 13 27 14 93 15 50 16 35 17 28 18 91 19 16 20 43
1 17 2 70 3 99 4 50 5 29 6 51 7 68 8 93 9 3 10 31 11 12 12 56 13 33 14 63 15 44 16 14 17 67 18 15 19 80 20 78
1 89 2 67 3 95 4 89 5 9 6 9 7 4 8 85 9 4 10 29 11 59 12 38 13 77 14 46 15 64 16 9 17 54 18 54 19 24 20 38
1 62 2 72 3 44 4 98 5 49 6 47 7 44 8 97 9 84 10 37 11 85 12 5 13 45 14 86 15 56 16 2 17 3 18 23 19 50 20 6
1 68 2 30 3 45 4 68 5 55 6 70 7 45 8 64 9 67 10 5 11 16 12 62 13 87 14 89 15 1 16 23 17 11 18 27 19 94 20 56
1 65 2 43 3 72 4 56 5 15 6 43 7 78 8 54 9 94 10 21 11 62 12 59 13 27 14 3 15 61 16 7 17 56 18 22 19 86 20 13
1 56 2 21 3 9 4 81 5 65 6 52 7 2 8 30 9 82 10 2 11 67 12 47 13 38 14 36 15 90 16 4 17 40 18 9 19 89 20 79
1 7 2 44 3 19 4 19 5 86 6 47 7 46 8 13 9 29 10 1 11 7 12 99 13 61 14 38 15 31 16 48 17 8 18 19 19 5 20 36
1 79 2 16 3 86 4 89 5 80 6 51 7 19 8 96 9 57 10 79 11 45 12 8 13 77 14 79 15 12 16 42 17 50 18 42 19 8 20 88
1 91 2 53 3 15 4 95 5 23 6 12 7 36 8 84 9 85 10 72 11 88 12 16 13 13 14 41 15 85 16 50 17 31 18 49 19 71 20 19
1 23 2 14 3 75 4 26 5 53 6 1 7 62 8 41 9 92 10 44 11 92 12 33 13 6 14 59 15 64 16 65 17 56 18 82 19 32 20 27
1 61 2 17 3 1 4 12 5 69 6 42 7 42 8 6 9 44 10 76 11 40 12 93 13 85 14 47 15 64 16 60 17 28 18 70 19 86 20 59
1 75 2 52 3 71 4 97 5 29 6 69 7 85 8 86 9 28 10 32 11 9 12 81 13 85 14 80 15 92 16 45 17 89 18 9 19 81 20 57
1 86 2 80 3 45 4 66 5 16 6 12 7 46 8 30 9 78 10 8 11 8 12 36 13 1 14 29 15 19 16 31 17 78 18 11 19 9 20 72
1 96 2 33 3 20 4 20 5 40 6 69 7 12 8 67 9 1 10 87 11 6 12 37 13 63 14 19 15 22 16 69 17 94 18 92 19 94 20 90
1 9 2 81 3 24 4 11 5 1 6 70 7 64 8 70 9 53 10 60 11 41 12 84 13 41 14 95 15 6 16 81 17 62 18 53 19 2 20 58
1 23 2 1 3 62 4 46 5 60 6 34 7 46 8 86 9 76 10 42 11 62 12 62 13 9 14 57 15 44 16 41 17 20 18 84 19 8 20 68
1 18 2 58 3 93 4 26 5 63 6 90 7 76 8 52 9 83 10 8 11 22 12 92 13 33 14 70 15 44 16 94 17 99 18 69 19 41 20 52
1 17 2 55 3 3 4 38 5 70 6 58 7 1 8 60 9 30 10 30 11 98 12 98 13 86 14 96 15 30 16 32 17 71 18 76 19 82 20 62
1 5 2 18 3 37 4 18 5 35 6 63 7 40 8 78 9 23 10 87 11 24 12 93 13 13 14 42 15 71 16 53 17 66 18 72 19 44 20 23
1 4 2 64 3 3 4 11 5 36 6 6 7 51 8 61 9 9 10 18 11 95 12 2 13 32 14 44 15 76 16 83 17 31 18 50 19 15 20 55
1 59 2 1 3 82 4 63 5 51 6 82 7 60 8 89 9 58 10 10 11 57 12 62 13 25 14 89 15 97 16 54 17 72 18 5 19 48 20 87
1 23 2 50 3 93 4 89 5 1 6 2 7 50 8 43 9 47 10 2 11 78 12 17 13 44 14 77 15 79 16 56 17 18 18 69 19 84 20 96
1 12 2 73 3 58 4 28 5 40 6 81 7 18 8 41 9 8 10 55 11 62 12 49 13 32 14 97 15 86 16 70 17 42 18 76 19 53 20 47
1 40 2 1 3 75 4 39 5 41 6 77 7 37 8 20 9 73 10 42 11 89 12 37 13 15 14 52 15 48 16 8 17 55 18 9 19 49 20 56
1 69 2 43 3 69 4 37 5 84 6 18 7 44 8 36 9 92 10 73 11 27 12 15 13 96 14 67 15 35 16 78 17 14 18 83 19 44 20 60
1 83 2 35 3 85 4 74 5 72 6 95 7 28 8 78 9 6 10 70 11 11 12 59 13 9 14 79 15 13 16 49 17 94 18 76 19 65 20 84
1 58 2 18 3 25 4 43 5 48 6 66 7 69 8 93 9 92 10 58 11 29 12 19 13 9 14 17 15 58 16 26 17 32 18 39 19 59 20 52
1 87 2 99 3 75 4 41 5 14 6 45 7 57 8 10 9 58 10 21 11 75 12 18 13 21 14 1 15 93 16 64 17 16 18 62 19 14 20 96
1 89 2 83 3 13 4 11 5 20 6 83 7 46 8 37 9 36 10 99 11 67 12 9 13 6 14 80 15 56 16 95 17 7 18 3 19 79 20 71
1 42 2 70 3 81 4 4 5 30 6 53 7 73 8 50 9 45 10 74 11 14 12 38 13 12 14 77 15 26 16 96 17 73 18 23 19 91 20 67
1 91 2 74 3 60 4 54 5 90 6 54 7 46 8 89 9 83 10 65 11 39 12 24 13 75 14 50 15 47 16 59 17 98 18 49 19 17 20 93
1 77 2 55 3 98 4 47 5 70 6 69 7 95 8 10 9 94 10 42 11 59 12 20 13 25 14 10 15 94 16 12 17 93 18 82 19 40 20 81
1 93 2 30 3 86 4 2 5 52 6 95 7 91 8 48 9 54 10 6 11 3 12 10 13 91 14 14 15 18 16 68 17 38 18 22 19 55 20 60
1 28 2 50 3 9 4 27 5 27 6 5 7 44 8 91 9 32 10 10 11 5 12 1 13 78 14 18 15 90 16 51 17 14 18 1 19 26 20 66
1 81 2 82 3 67 4 51 5 45 6 3 7 52 8 59 9 52 10 46 11 77 12 14 13 81 14 24 15 16 16 96 17 34 18 62 19 94 20 64
1 72 2 73 3 94 4 7 5 6 6 70 7 74 8 77 9 51 10 19 11 71 12 2 13 3 14 99 15 90 16 80 17 97 18 49 19 34 20 10
1 30 2 86 3 75 4 4 5 58 6 50 7 58 8 93 9 46 10 73 11 28 12 72 13 65 14 39 15 56 16 3 17 18 18 31 19 29 20 10
1 80 2 53 3 28 4 89 5 50 6 8 7 49 8 41 9 1 10 34 11 53 12 48 13 3 14 75 15 39 16 22 17 81 18 19 19 19 20 23
1 20 2 65 3 80 4 39 5 35 6 8 7 5 8 32 9 61 10 85 11 99 12 62 13 26 14 1 15 29 16 13 17 3 18 69 19 61 20 47
1 13 2 81 3 10 4 46 5 70 6 49 7 70 8 93 9 13 10 51 11 94 12 14 13 43 14 88 15 68 16 37 17 32 18 37 19 92 20 6
1 86 2 91 3 37 4 29 5 47 6 29 7 46 8 4 9 4 10 83 11 75 12 23 13 5 14 63 15 74 16 16 17 5 18 44 19 90 20 71
1 36 2 2 3 37 4 66 5 72 6 49 7 27 8 42 9 47 10 18 11 58 12 94 13 61 14 94 15 70 16 6 17 48 18 76 19 20 20 70
1 66 2 68 3 96 4 98 5 27 6 45 7 7 8 28 9 63 10 73 11 71 12 6 13 93 14 82 15 95 16 18 17 22 18 51 19 63 20 67
1 11 2 20 3 3 4 82 5 10 6 64 7 2 8 27 9 74 10 54 11 89 12 40 13 81 14 93 15 35 16 79 17 94 18 70 19 29 20 41
1 29 2 61 3 3 4 95 5 58 6 70 7 41 8 27 9 56 10 34 11 11 12 49 13 95 14 32 15 8 16 46 17 95 18 90 19 82 20 96
1 81 2 36 3 70 4 6 5 58 6 34 7 12 8 43 9 19 10 27 11 86 12 60 13 4 14 11 15 93 16 45 17 48 18 26 19 92 20 63
1 74 2 24 3 93 4 86 5 48 6 94 7 97 8 59 9 5 10 49 11 24 12 13 13 73 14 51 15 30 16 66 17 88 18 20 19 26 20 49
1 28 2 74 3 45 4 75 5 50 6 19 7 83 8 21 9 33 10 14 11 11 12 90 13 1 14 37 15 16 16 80 17 41 18 99 19 55 20 58
1 79 2 8 3 35 4 60 5 52 6 22 7 72 8 6 9 77 10 47 11 60 12 19 13 71 14 67 15 35 16 57 17 99 18 51 19 48 20 46
1 10 2 7 3 60 4 10 5 51 6 90 7 60 8 65 9 93 10 76 11 4 12 36 13 67 14 61 15 67 16 13 17 49 18 94 19 2 20 17
1 15 2 54 3 92 4 54 5 74 6 17 7 97 8 32 9 33 10 94 11 51 12 9 13 81 14 86 15 1 16 38 17 67 18 38 19 6 20 10
1 41 2 49 3 46 4 65 5 12 6 57 7 9 8 96 9 50 10 91 11 87 12 81 13 90 14 33 15 11 16 37 17 44 18 76 19 89 20 33
1 98 2 9 3 5 4 55 5 44 6 4 7 69 8 77 9 68 10 72 11 49 12 7 13 16 14 98 15 2 16 57 17 86 18 4 19 80 20 55
1 90 2 15 3 57 4 56 5 41 6 57 7 79 8 6 9 70 10 59 11 18 12 48 13 98 14 28 15 60 16 89 17 76 18 61 19 5 20 13
1 9 2 65 3 85 4 92 5 80 6 72 7 5 8 99 9 13 10 52 11 62 12 87 13 76 14 68 15 22 16 49 17 90 18 8 19 36 20 5
1 12 2 24 3 91 4 92 5 90 6 27 7 81 8 37 9 61 10 24 11 45 12 74 13 8 14 66 15 28 16 43 17 87 18 41 19 16 20 1
1 73 2 35 3 35 4 28 5 80 6 12 7 56 8 49 9 11 10 67 11 64 12 12 13 72 14 44 15 71 16 38 17 72 18 91 19 4 20 34
1 88 2 65 3 27 4 17 5 63 6 17 7 32 8 59 9 15 10 71 11 12 12 42 13 20 14 18 15 12 16 5 17 41 18 29 19 8 20 5
1 3 2 25 3 48 4 45 5 4 6 55 7 12 8 49 9 56 10 19 11 76 12 70 13 50 14 91 15 15 16 96 17 80 18 38 19 85 20 86
1 41 2 35 3 89 4 61 5 72 6 57 7 52 8 83 9 15 10 74 11 49 12 60 13 3 14 95 15 61 16 52 17 96 18 75 19 88 20 40
1 10 2 2 3 96 4 3 5 18 6 48 7 65 8 44 9 58 10 49 11 72 12 48 13 88 14 78 15 21 16 21 17 82 18 51 19 80 20 81
1 80 2 6 3 69 4 6 5 95 6 50 7 11 8 48 9 30 10 40 11 7 12 65 13 35 14 63 15 31 16 59 17 31 18 69 19 44 20 90
1 61 2 68 3 70 4 39 5 59 6 51 7 41 8 11 9 38 10 7 11 23 12 12 13 55 14 7 15 41 16 21 17 58 18 49 19 98 20 41
1 34 2 91 3 61 4 28 5 90 6 7 7 58 8 28 9 56 10 1 11 2 12 38 13 52 14 17 15 69 16 34 17 55 18 85 19 67 20 64
1 48 2 50 3 5 4 48 5 1 6 40 7 43 8 59 9 52 10 62 11 85 12 97 13 40 14 72 15 16 16 78 17 54 18 35 19 20 20 94
1 91 2 89 3 14 4 76 5 95 6 59 7 86 8 48 9 52 10 95 11 51 12 74 13 58 14 56 15 35 16 85 17 47 18 61 19 11 20 19
1 45 2 16 3 53 4 37 5 60 6 96 7 12 8 16 9 5 10 60 11 95 12 93 13 9 14 99 15 83 16 19 17 28 18 39 19 43 20 62
1 6 2 78 3 19 4 17 5 23 6 12 7 54 8 59 9 7 10 89 11 79 12 80 13 78 14 54 15 80 16 49 17 98 18 33 19 25 20 75
1 39 2 56 3 29 4 41 5 64 6 91 7 38 8 49 9 51 10 22 11 32 12 45 13 62 14 55 15 54 16 31 17 65 18 89 19 43 20 27
1 55 2 48 3 52 4 57 5 86 6 37 7 85 8 24 9 20 10 29 11 61 12 32 13 82 14 30 15 51 16 54 17 69 18 38 19 84 20 2
1 46 2 49 3 41 4 2 5 51 6 69 7 62 8 21 9 66 10 12 11 62 12 12 13 20 14 58 15 42 16 93 17 61 18 19 19 29 20 45
1 65 2 98 3 30 4 84 5 40 6 12 7 86 8 1 9 66 10 82 11 69 12 65 13 86 14 99 15 19 16 14 17 41 18 2 19 97 20 25
1 61 2 91 3 5 4 46 5 11 6 98 7 92 8 73 9 42 10 16 11 19 12 83 13 34 14 34 15 1 16 29 17 9 18 23 19 94 20 52
1 22 2 38 3 23 4 82 5 46 6 19 7 39 8 95 9 60 10 93 11 62 12 60 13 97 14 35 15 52 16 53 17 70 18 73 19 50 20 55
1 16 2 49 3 65 4 84 5 66 6 69 7 47 8 2 9 64 10 12 11 32 12 91 13 73 14 94 15 19 16 64 17 87 18 96 19 4 20 29
1 81 2 85 3 15 4 16 5 21 6 59 7 65 8 95 9 91 10 75 11 24 12 53 13 11 14 25 15 79 16 77 17 80 18 64 19 39 20 8
1 90 2 32 3 65 4 49 5 71 6 52 7 75 8 49 9 5 10 29 11 50 12 16 13 49 14 50 15 51 16 9 17 40 18 9 19 99 20 79
1 75 2 42 3 19 4 45 5 94 6 99 7 27 8 3 9 20 10 86 11 98 12 44 13 44 14 8 15 95 16 26 17 16 18 56 19 97 20 67
1 64 2 93 3 28 4 93 5 35 6 32 7 50 8 7 9 14 10 38 11 68 12 68 13 43 14 34 15 45 16 31 17 99 18 56 19 50 20 75
1 12 2 4 3 49 4 30 5 83 6 63 7 59 8 47 9 43 10 91 11 16 12 1 13 24 14 75 15 90 16 73 17 98 18 63 19 86 20 22
1 6 2 46 3 6 4 97 5 47 6 45 7 11 8 3 9 33 10 87 11 10 12 39 13 86 14 97 15 42 16 61 17 26 18 35 19 57 20 67
1 99 2 38 3 84 4 88 5 66 6 2 7 96 8 34 9 81 10 87 11 9 12 62 13 62 14 14 15 91 16 7 17 60 18 68 19 12 20 9
1 93 2 95 3 92 4 54 5 65 6 26 7 77 8 54 9 29 10 38 11 62 12 70 13 57 14 34 15 69 16 6 17 40 18 44 19 19 20 25
1 98 2 85 3 67 4 30 5 50 6 23 7 29 8 91 9 20 10 99 11 39 12 91 13 97 14 35 15 80 16 82 17 36 18 27 19 96 20 52
1 19 2 84 3 8 4 32 5 68 6 91 7 96 8 84 9 74 10 94 11 93 12 9 13 32 14 56 15 32 16 83 17 24 18 32 19 16 20 78
1 6 2 33 3 76 4 75 5 68 6 47 7 53 8 72 9 36 10 99 11 89 12 23 13 20 14 78 15 92 16 2 17 83 18 81 19 43 20 24
