200 20
1 31 2 6 3 1 4 38 5 93 6 48 7 70 8 22 9 77 10 9 11 86 12 40 13 38 14 13 15 18 16 8 17 96 18 86 19 65 20 14
1 34 2 96 3 92 4 97 5 73 6 4 7 95 8 5 9 60 10 2 11 83 12 34 13 56 14 3 15 16 16 7 17 45 18 4 19 17 20 74
1 42 2 69 3 13 4 5 5 24 6 42 7 13 8 30 9 75 10 57 11 73 12 63 13 71 14 70 15 20 16 93 17 94 18 89 19 54 20 29
1 14 2 67 3 16 4 56 5 54 6 49 7 65 8 6 9 89 10 70 11 86 12 16 13 39 14 85 15 35 16 59 17 10 18 79 19 51 20 14
1 97 2 3 3 82 4 39 5 42 6 11 7 56 8 32 9 42 10 59 11 54 12 94 13 16 14 9 15 11 16 27 17 73 18 90 19 46 20 39
1 90 2 18 3 14 4 67 5 68 6 15 7 60 8 57 9 75 10 95 11 69 12 23 13 23 14 33 15 66 16 67 17 40 18 20 19 76 20 18
1 8 2 63 3 57 4 64 5 18 6 49 7 7 8 56 9 95 10 31 11 9 12 1 13 90 14 94 15 63 16 90 17 78 18 75 19 36 20 71
1 18 2 12 3 32 4 47 5 69 6 53 7 48 8 82 9 91 10 71 11 20 12 78 13 31 14 46 15 43 16 98 17 64 18 91 19 11 20 49
1 28 2 7 3 23 4 94 5 79 6 51 7 68 8 7 9 24 10 59 11 35 12 97 13 52 14 40 15 90 16 91 17 40 18 35 19 35 20 55
1 91 2 90 3 61 4 68 5 43 6 91 7 86 8 5 9 46 10 85 11 25 12 73 13 65 14 70 15 6 16 38 17 46 18 25 19 32 20 37
1 67 2 80 3 76 4 74 5 79 6 91 7 68 8 87 9 22 10 95 11 45 12 47 13 67 14 24 15 70 16 84 17 77 18 7 19 5 20 94
1 10 2 42 3 64 4 74 5 17 6 84 7 7 8 59 9 51 10 42 11 70 12 95 13 76 14 83 15 86 16 58 17 60 18 89 19 78 20 97
1 44 2 10 3 82 4 26 5 14 6 32 7 25 8 25 9 30 10 22 11 27 12 20 13 15 14 72 15 48 16 71 17 3 18 3 19 21 20 69
1 94 2 43 3 93 4 61 5 40 6 83 7 92 8 30 9 86 10 1 11 41 12 2 13 68 14 50 15 91 16 63 17 93 18 82 19 74 20 73
1 56 2 89 3 73 4 26 5 72 6 36 7 83 8 17 9 94 10 65 11 82 12 84 13 64 14 91 15 73 16 57 17 15 18 50 19 47 20 67
1 19 2 39 3 66 4 26 5 60 6 89 7 49 8 51 9 45 10 54 11 98 12 87 13 23 14 20 15 68 16 63 17 14 18 3 19 32 20 6
1 55 2 79 3 43 4 33 5 90 6 66 7 25 8 34 9 63 10 60 11 9 12 34 13 30 14 80 15 11 16 86 17 27 18 96 19 16 20 57
1 2 2 93 3 81 4 76 5 7 6 71 7 59 8 90 9 8 10 38 11 45 12 45 13 5 14 26 15 70 16 33 17 36 18 14 19 32 20 60
1 66 2 20 3 66 4 29 5 52 6 47 7 10 8 61 9 41 10 46 11 9 12 17 13 91 14 5 15 18 16 95 17 10 18 23 19 47 20 66
1 67 2 36 3 23 4 18 5 96 6 98 7 58 8 37 9 18 10 12 11 57 12 24 13 98 14 60 15 29 16 16 17 62 18 97 19 86 20 79
1 84 2 52 3 21 4 39 5 25 6 54 7 8 8 4 9 61 10 43 11 64 12 50 13 34 14 65 15 43 16 56 17 24 18 56 19 9 20 16
1 55 2 83 3 68 4 51 5 59 6 96 7 26 8 75 9 21 10 58 11 33 12 13 13 59 14 48 15 75 16 75 17 30 18 91 19 70 20 8
1 25 2 17 3 96 4 79 5 52 6 89 7 76 8 73 9 66 10 12 11 24 12 65 13 66 14 53 15 35 16 12 17 63 18 14 19 97 20 45
1 37 2 61 3 37 4 63 5 91 6 45 7 45 8 65 9 28 10 2 11 10 12 50 13 51 14 25 15 93 16 26 17 16 18 26 19 5 20 17
1 9 2 76 3 95 4 55 5 70 6 8 7 32 8 61 9 38 10 32 11 4 12 97 13 97 14 24 15 3 16 20 17 86 18 12 19 66 20 96
1 83 2 36 3 89 4 86 5 49 6 29 7 5 8 55 9 34 10 63 11 22 12 35 13 65 14 40 15 55 16 91 17 88 18 89 19 32 20 47
1 5 2 36 3 26 4 34 5 48 6 66 7 93 8 90 9 26 10 14 11 39 12 9 13 30 14 98 15 93 16 86 17 75 18 54 19 99 20 3
1 85 2 34 3 90 4 75 5 74 6 91 7 10 8 99 9 71 10 89 11 26 12 65 13 58 14 46 15 33 16 5 17 16 18 82 19 45 20 14
1 2 2 22 3 19 4 57 5 83 6 76 7 97 8 73 9 34 10 99 11 22 12 85 13 46 14 65 15 74 16 79 17 81 18 52 19 97 20 67
1 86 2 59 3 66 4 49 5 50 6 23 7 40 8 47 9 24 10 69 11 56 12 67 13 51 14 93 15 87 16 17 17 64 18 74 19 38 20 57
1 38 2 58 3 1 4 71 5 80 6 63 7 65 8 72 9 51 10 4 11 47 12 9 13 63 14 62 15 25 16 25 17 74 18 31 19 55 20 45
1 12 2 57 3 86 4 56 5 26 6 98 7 40 8 77 9 85 10 11 11 17 12 4 13 99 14 85 15 44 16 71 17 39 18 62 19 38 20 91
1 31 2 44 3 76 4 41 5 26 6 9 7 58 8 56 9 76 10 38 11 25 12 51 13 83 14 64 15 94 16 58 17 55 18 96 19 2 20 21
1 10 2 91 3 90 4 26 5 84 6 63 7 27 8 76 9 99 10 70 11 64 12 75 13 99 14 91 15 66 16 20 17 87 18 69 19 64 20 16
1 68 2 6 3 60 4 91 5 84 6 27 7 69 8 20 9 63 10 84 11 8 12 28 13 97 14 89 15 68 16 55 17 41 18 16 19 90 20 5
1 73 2 71 3 59 4 35 5 69 6 31 7 49 8 21 9 37 10 79 11 79 12 21 13 45 14 87 15 74 16 5 17 7 18 64 19 22 20 10
1 21 2 62 3 93 4 5 5 46 6 77 7 38 8 31 9 71 10 71 11 67 12 72 13 84 14 19 15 90 16 93 17 63 18 29 19 28 20 1
1 84 2 46 3 89 4 51 5 21 6 17 7 96 8 22 9 64 10 35 11 10 12 53 13 63 14 16 15 94 16 92 17 71 18 34 19 52 20 41
1 5 2 72 3 61 4 68 5 15 6 77 7 96 8 85 9 88 10 23 11 66 12 87 13 27 14 58 15 12 16 85 17 12 18 44 19 8 20 67
1 82 2 48 3 70 4 57 5 37 6 4 7 55 8 21 9 75 10 79 11 95 12 73 13 55 14 38 15 60 16 59 17 36 18 48 19 3 20 77
1 24 2 62 3 79 4 85 5 30 6 40 7 9 8 86 9 4 10 4 11 30 12 27 13 6 14 24 15 21 16 10 17 15 18 53 19 92 20 6
1 22 2 50 3 80 4 19 5 10 6 68 7 98 8 1 9 95 10 89 11 18 12 3 13 78 14 37 15 21 16 50 17 60 18 94 19 27 20 11
1 69 2 57 3 93 4 29 5 53 6 20 7 24 8 21 9 68 10 52 11 52 12 73 13 8 14 86 15 53 16 81 17 41 18 89 19 69 20 4
1 75 2 15 3 72 4 87 5 20 6 96 7 23 8 57 9 88 10 89 11 64 12 40 13 83 14 95 15 67 16 57 17 59 18 98 19 54 20 90
1 52 2 66 3 4 4 60 5 58 6 86 7 99 8 53 9 4 10 93 11 10 12 69 13 7 14 39 15 95 16 94 17 58 18 9 19 77 20 64
1 8 2 55 3 12 4 49 5 64 6 56 7 87 8 60 9 9 10 85 11 60 12 6 13 7 14 59 15 94 16 3 17 58 18 14 19 79 20 94
1 14 2 70 3 27 4 70 5 7 6 3 7 12 8 33 9 81 10 19 11 25 12 5 13 21 14 87 15 51 16 49 17 39 18 42 19 69 20 97
1 69 2 2 3 54 4 5 5 64 6 36 7 66 8 32 9 59 10 64 11 67 12 89 13 25 14 9 15 44 16 65 17 95 18 24 19 75 20 2
1 46 2 9 3 9 4 23 5 84 6 28 7 46 8 6 9 59 10 51 11 60 12 83 13 37 14 74 15 63 16 33 17 11 18 24 19 68 20 50
1 73 2 61 3 33 4 67 5 75 6 23 7 15 8 83 9 15 10 10 11 6 12 50 13 90 14 28 15 74 16 19 17 93 18 38 19 47 20 49
1 45 2 39 3 29 4 22 5 77 6 15 7 44 8 54 9 25 10 35 11 95 12 47 13 46 14 56 15 21 16 17 17 71 18 5 19 38 20 80
1 77 2 55 3 47 4 17 5 10 6 19 7 1 8 72 9 63 10 48 11 55 12 58 13 40 14 90 15 18 16 97 17 40 18 54 19 9 20 28
1 99 2 44 3 19 4 80 5 7 6 39 7 45 8 35 9 75 10 52 11 20 12 89 13 43 14 20 15 46 16 12 17 58 18 87 19 11 20 96
1 77 2 85 3 81 4 8 5 36 6 3 7 61 8 63 9 47 10 68 11 86 12 62 13 87 14 19 15 6 16 63 17 9 18 88 19 53 20 98
1 56 2 93 3 18 4 82 5 89 6 46 7 21 8 91 9 32 10 59 11 60 12 10 13 24 14 14 15 62 16 76 17 92 18 80 19 41 20 67
1 5 2 11 3 9 4 10 5 40 6 40 7 69 8 58 9 56 10 87 11 6 12 3 13 94 14 42 15 47 16 42 17 27 18 23 19 89 20 2
1 57 2 37 3 15 4 35 5 30 6 19 7 71 8 38 9 60 10 3 11 36 12 48 13 10 14 52 15 2 16 98 17 94 18 90 19 8 20 52
1 33 2 5 3 99 4 37 5 32 6 66 7 78 8 90 9 50 10 70 11 49 12 57 13 87 14 53 15 8 16 21 17 52 18 67 19 91 20 42
1 3 2 41 3 73 4 63 5 18 6 27 7 77 8 7 9 55 10 83 11 89 12 60 13 44 14 58 15 56 16 25 17 99 18 62 19 26 20 3
1 7 2 87 3 50 4 71 5 49 6 14 7 14 8 37 9 79 10 45 11 27 12 91 13 43 14 97 15 60 16 12 17 36 18 59 19 21 20 64
1 69 2 87 3 97 4 43 5 24 6 99 7 51 8 14 9 15 10 24 11 82 12 7 13 75 14 82 15 2 16 98 17 46 18 59 19 10 20 80
1 55 2 68 3 91 4 33 5 79 6 58 7 79 8 54 9 13 10 70 11 26 12 34 13 9 14 7 15 74 16 73 17 70 18 92 19 97 20 60
1 60 2 21 3 16 4 64 5 94 6 94 7 16 8 56 9 96 10 20 11 32 12 31 13 44 14 38 15 14 16 17 17 43 18 59 19 17 20 11
1 91 2 61 3 63 4 89 5 62 6 23 7 27 8 13 9 52 10 47 11 4 12 6 13 4 14 45 15 22 16 94 17 34 18 31 19 82 20 58
1 46 2 49 3 46 4 64 5 48 6 46 7 28 8 99 9 41 10 85 11 74 12 35 13 74 14 99 15 92 16 7 17 15 18 65 19 27 20 15
1 62 2 70 3 77 4 39 5 43 6 73 7 50 8 95 9 69 10 85 11 64 12 80 13 27 14 36 15 87 16 5 17 72 18 8 19 30 20 30
1 69 2 12 3 33 4 84 5 20 6 8 7 97 8 42 9 57 10 35 11 60 12 19 13 53 14 72 15 5 16 51 17 88 18 96 19 32 20 33
1 16 2 19 3 97 4 17 5 81 6 19 7 77 8 18 9 32 10 66 11 7 12 91 13 74 14 64 15 63 16 45 17 23 18 90 19 10 20 40
1 35 2 45 3 44 4 59 5 34 6 83 7 20 8 63 9 53 10 79 11 48 12 66 13 90 14 40 15 10 16 14 17 29 18 94 19 41 20 86
1 49 2 60 3 20 4 44 5 46 6 48 7 59 8 87 9 6 10 76 11 53 12 33 13 92 14 27 15 34 16 16 17 34 18 31 19 73 20 66
1 98 2 82 3 98 4 30 5 49 6 66 7 7 8 49 9 50 10 82 11 76 12 5 13 83 14 70 15 58 16 67 17 90 18 96 19 32 20 39
1 73 2 80 3 69 4 21 5 80 6 76 7 19 8 24 9 77 10 66 11 32 12 12 13 77 14 29 15 82 16 97 17 30 18 61 19 95 20 53
1 80 2 33 3 2 4 87 5 86 6 97 7 17 8 61 9 98 10 62 11 87 12 15 13 95 14 39 15 4 16 58 17 62 18 95 19 47 20 34
1 91 2 92 3 94 4 40 5 17 6 22 7 81 8 6 9 33 10 51 11 6 12 48 13 43 14 15 15 81 16 65 17 56 18 78 19 48 20 72
1 70 2 16 3 11 4 90 5 82 6 5 7 56 8 50 9 55 10 33 11 83 12 52 13 36 14 70 15 97 16 69 17 60 18 75 19 76 20 20
1 73 2 82 3 43 4 18 5 90 6 3 7 56 8 16 9 77 10 29 11 17 12 91 13 90 14 81 15 11 16 6 17 25 18 81 19 34 20 16
1 86 2 37 3 52 4 31 5 94 6 38 7 3 8 95 9 7 10 2 11 12 12 19 13 50 14 10 15 44 16 23 17 69 18 96 19 65 20 41
1 80 2 59 3 43 4 61 5 17 6 33 7 59 8 10 9 10 10 78 11 50 12 91 13 58 14 46 15 15 16 34 17 28 18 36 19 44 20 51
1 46 2 31 3 24 4 57 5 18 6 25 7 26 8 22 9 53 10 52 11 74 12 17 13 30 14 24 15 28 16 59 17 72 18 28 19 12 20 28
1 49 2 97 3 81 4 59 5 24 6 87 7 39 8 61 9 59 10 32 11 61 12 13 13 62 14 54 15 81 16 51 17 23 18 29 19 65 20 74
1 99 2 76 3 36 4 34 5 38 6 23 7 23 8 62 9 58 10 28 11 61 12 26 13 70 14 73 15 37 16 46 17 7 18 92 19 62 20 56
1 89 2 68 3 31 4 55 5 37 6 75 7 74 8 76 9 81 10 93 11 28 12 61 13 30 14 7 15 43 16 42 17 39 18 52 19 59 20 68
1 73 2 75 3 33 4 94 5 30 6 32 7 38 8 39 9 65 10 4 11 74 12 31 13 31 14 71 15 86 16 60 17 82 18 2 19 17 20 36
1 62 2 21 3 16 4 14 5 65 6 68 7 30 8 42 9 46 10 49 11 99 12 93 13 22 14 55 15 12 16 42 17 28 18 2 19 54 20 46
1 13 2 67 3 17 4 20 5 53 6 96 7 27 8 34 9 62 10 96 11 78 12 62 13 67 14 19 15 39 16 85 17 92 18 4 19 19 20 54
1 84 2 98 3 46 4 25 5 93 6 44 7 73 8 33 9 75 10 38 11 3 12 86 13 91 14 17 15 7 16 59 17 15 18 66 19 81 20 97
1 6 2 76 3 65 4 30 5 55 6 88 7 21 8 12 9 86 10 6 11 94 12 99 13 44 14 95 15 43 16 75 17 66 18 35 19 26 20 93
1 93 2 36 3 88 4 52 5 7 6 4 7 39 8 93 9 6 10 12 11 9 12 39 13 16 14 98 15 70 16 6 17 30 18 97 19 9 20 54
1 92 2 49 3 76 4 93 5 62 6 10 7 60 8 22 9 89 10 60 11 69 12 38 13 67 14 24 15 53 16 98 17 93 18 70 19 99 20 34
1 97 2 93 3 35 4 31 5 4 6 19 7 59 8 45 9 32 10 33 11 67 12 27 13 81 14 17 15 91 16 6 17 36 18 59 19 50 20 56
1 57 2 34 3 22 4 91 5 98 6 63 7 54 8 50 9 82 10 96 11 5 12 91 13 16 14 26 15 38 16 14 17 49 18 19 19 36 20 91
1 93 2 74 3 94 4 96 5 9 6 68 7 23 8 60 9 36 10 70 11 63 12 36 13 83 14 18 15 41 16 50 17 83 18 75 19 22 20 8
1 81 2 16 3 99 4 62 5 79 6 24 7 33 8 71 9 50 10 19 11 53 12 71 13 8 14 8 15 57 16 46 17 74 18 75 19 22 20 60
1 6 2 31 3 33 4 15 5 93 6 71 7 79 8 57 9 60 10 18 11 26 12 75 13 40 14 54 15 58 16 75 17 3 18 38 19 50 20 97
1 28 2 88 3 33 4 15 5 47 6 44 7 49 8 89 9 53 10 95 11 25 12 30 13 1 14 67 15 46 16 56 17 10 18 81 19 95 20 5
1 50 2 32 3 4 4 73 5 9 6 90 7 22 8 35 9 42 10 45 11 94 12 83 13 18 14 80 15 60 16 15 17 78 18 86 19 67 20 23
1 98 2 5 3 94 4 25 5 72 6 73 7 32 8 56 9 79 10 70 11 30 12 24 13 39 14 52 15 21 16 92 17 81 18 31 19 9 20 30
1 38 2 47 3 21 4 5 5 42 6 52 7 48 8 57 9 27 10 62 11 96 12 78 13 25 14 41 15 16 16 77 17 1 18 11 19 29 20 23
1 97 2 36 3 31 4 85 5 63 6 2 7 5 8 98 9 49 10 60 11 10 12 16 13 38 14 91 15 86 16 40 17 35 18 71 19 44 20 13
1 33 2 71 3 27 4 87 5 85 6 80 7 66 8 9 9 27 10 4 11 10 12 33 13 32 14 20 15 50 16 60 17 17 18 15 19 14 20 7
1 22 2 71 3 89 4 32 5 71 6 99 7 42 8 60 9 50 10 80 11 93 12 56 13 26 14 27 15 21 16 1 17 3 18 27 19 80 20 32
1 45 2 45 3 56 4 74 5 37 6 15 7 90 8 40 9 92 10 59 11 75 12 63 13 84 14 82 15 3 16 7 17 43 18 9 19 31 20 37
1 89 2 68 3 17 4 82 5 9 6 63 7 36 8 30 9 49 10 59 11 94 12 59 13 26 14 6 15 27 16 35 17 44 18 66 19 73 20 29
1 24 2 51 3 91 4 35 5 48 6 9 7 14 8 96 9 18 10 14 11 13 12 30 13 46 14 66 15 9 16 35 17 46 18 85 19 71 20 48
1 55 2 62 3 62 4 45 5 36 6 95 7 38 8 71 9 53 10 3 11 38 12 95 13 8 14 25 15 26 16 26 17 47 18 18 19 83 20 38
1 62 2 69 3 22 4 92 5 78 6 94 7 2 8 85 9 91 10 63 11 52 12 18 13 10 14 33 15 47 16 58 17 93 18 48 19 47 20 37
1 52 2 90 3 51 4 50 5 90 6 54 7 58 8 88 9 85 10 29 11 49 12 39 13 4 14 81 15 79 16 65 17 35 18 65 19 75 20 45
1 18 2 67 3 66 4 28 5 65 6 28 7 39 8 87 9 1 10 13 11 29 12 87 13 72 14 10 15 63 16 43 17 12 18 62 19 62 20 94
1 32 2 13 3 77 4 2 5 13 6 7 7 33 8 96 9 25 10 69 11 33 12 22 13 26 14 98 15 36 16 32 17 10 18 55 19 60 20 4
1 29 2 51 3 35 4 51 5 44 6 67 7 65 8 54 9 20 10 60 11 29 12 20 13 89 14 80 15 81 16 47 17 41 18 5 19 79 20 54
1 86 2 24 3 81 4 27 5 38 6 53 7 2 8 35 9 38 10 89 11 23 12 64 13 37 14 28 15 59 16 5 17 35 18 1 19 93 20 84
1 38 2 23 3 21 4 75 5 89 6 76 7 76 8 8 9 33 10 85 11 92 12 69 13 4 14 33 15 78 16 28 17 70 18 9 19 44 20 21
1 59 2 62 3 46 4 53 5 16 6 50 7 72 8 23 9 55 10 18 11 48 12 67 13 94 14 86 15 97 16 12 17 80 18 91 19 81 20 19
1 32 2 7 3 39 4 54 5 63 6 92 7 38 8 95 9 53 10 18 11 42 12 82 13 27 14 62 15 1 16 86 17 19 18 52 19 9 20 95
1 28 2 79 3 54 4 1 5 69 6 94 7 62 8 16 9 77 10 70 11 47 12 56 13 78 14 22 15 67 16 97 17 12 18 15 19 3 20 33
1 32 2 18 3 85 4 44 5 73 6 76 7 19 8 83 9 49 10 77 11 74 12 11 13 32 14 5 15 77 16 25 17 19 18 31 19 65 20 8
1 63 2 98 3 62 4 15 5 94 6 35 7 42 8 81 9 85 10 3 11 30 12 76 13 63 14 19 15 90 16 39 17 45 18 64 19 46 20 57
1 29 2 55 3 20 4 95 5 61 6 7 7 95 8 74 9 71 10 13 11 57 12 62 13 52 14 74 15 63 16 66 17 71 18 70 19 6 20 14
1 96 2 64 3 15 4 54 5 98 6 80 7 34 8 55 9 89 10 13 11 52 12 60 13 47 14 44 15 87 16 88 17 71 18 49 19 98 20 4
1 10 2 13 3 81 4 18 5 2 6 69 7 41 8 62 9 70 10 87 11 24 12 16 13 66 14 63 15 10 16 58 17 54 18 72 19 43 20 49
1 4 2 18 3 34 4 63 5 17 6 35 7 59 8 29 9 30 10 46 11 40 12 57 13 89 14 37 15 11 16 37 17 26 18 20 19 46 20 39
1 7 2 25 3 52 4 85 5 38 6 45 7 11 8 89 9 55 10 52 11 40 12 76 13 82 14 72 15 10 16 93 17 7 18 88 19 60 20 63
1 45 2 43 3 88 4 40 5 47 6 3 7 87 8 30 9 20 10 61 11 36 12 4 13 24 14 78 15 67 16 56 17 82 18 76 19 64 20 47
1 99 2 48 3 85 4 22 5 25 6 95 7 1 8 24 9 59 10 38 11 84 12 26 13 77 14 48 15 31 16 5 17 20 18 3 19 60 20 39
1 86 2 23 3 15 4 8 5 15 6 43 7 35 8 41 9 19 10 75 11 73 12 51 13 20 14 20 15 33 16 65 17 33 18 52 19 85 20 65
1 24 2 93 3 37 4 1 5 75 6 74 7 44 8 34 9 74 10 99 11 70 12 20 13 52 14 97 15 34 16 76 17 95 18 71 19 33 20 73
1 35 2 3 3 92 4 57 5 61 6 28 7 9 8 53 9 27 10 41 11 22 12 58 13 31 14 54 15 33 16 63 17 93 18 57 19 67 20 67
1 36 2 43 3 86 4 28 5 40 6 9 7 75 8 62 9 69 10 21 11 60 12 54 13 64 14 92 15 37 16 75 17 88 18 68 19 50 20 56
1 24 2 97 3 27 4 56 5 55 6 65 7 38 8 67 9 27 10 6 11 26 12 16 13 66 14 66 15 5 16 84 17 21 18 45 19 78 20 24
1 97 2 30 3 84 4 42 5 32 6 96 7 32 8 44 9 35 10 26 11 23 12 61 13 70 14 19 15 26 16 23 17 47 18 27 19 75 20 69
1 37 2 83 3 89 4 90 5 63 6 20 7 46 8 72 9 94 10 85 11 75 12 68 13 1 14 47 15 27 16 9 17 48 18 33 19 86 20 22
1 83 2 56 3 29 4 41 5 96 6 30 7 86 8 71 9 43 10 32 11 71 12 2 13 8 14 9 15 46 16 47 17 65 18 38 19 50 20 33
1 69 2 45 3 65 4 3 5 99 6 71 7 21 8 93 9 40 10 39 11 26 12 63 13 55 14 15 15 4 16 21 17 45 18 80 19 87 20 66
1 13 2 83 3 47 4 69 5 13 6 27 7 41 8 28 9 20 10 34 11 90 12 7 13 9 14 76 15 95 16 28 17 62 18 62 19 52 20 51
1 21 2 91 3 51 4 13 5 23 6 45 7 43 8 41 9 86 10 51 11 30 12 20 13 92 14 11 15 57 16 80 17 11 18 81 19 43 20 45
1 81 2 17 3 13 4 93 5 89 6 34 7 27 8 78 9 46 10 87 11 21 12 82 13 82 14 20 15 94 16 34 17 92 18 96 19 59 20 73
1 8 2 98 3 35 4 51 5 70 6 9 7 63 8 61 9 53 10 30 11 3 12 33 13 57 14 34 15 27 16 35 17 37 18 50 19 35 20 69
1 26 2 71 3 11 4 23 5 49 6 40 7 8 8 14 9 11 10 99 11 94 12 42 13 47 14 41 15 98 16 97 17 47 18 43 19 79 20 68
1 29 2 79 3 76 4 51 5 86 6 88 7 43 8 49 9 68 10 30 11 45 12 1 13 10 14 1 15 17 16 17 17 85 18 16 19 84 20 36
1 71 2 33 3 57 4 66 5 8 6 62 7 69 8 67 9 75 10 86 11 52 12 40 13 95 14 14 15 31 16 86 17 15 18 66 19 5 20 71
1 49 2 28 3 78 4 67 5 93 6 63 7 64 8 23 9 3 10 24 11 62 12 70 13 99 14 51 15 36 16 32 17 93 18 75 19 73 20 78
1 78 2 18 3 5 4 55 5 10 6 53 7 77 8 82 9 20 10 49 11 39 12 92 13 80 14 82 15 95 16 98 17 99 18 41 19 73 20 94
1 80 2 72 3 11 4 46 5 81 6 60 7 56 8 27 9 39 10 14 11 98 12 29 13 26 14 52 15 59 16 57 17 40 18 33 19 58 20 15
1 95 2 44 3 26 4 9 5 37 6 78 7 85 8 29 9 96 10 20 11 86 12 50 13 71 14 56 15 14 16 10 17 17 18 64 19 67 20 8
1 55 2 35 3 59 4 1 5 64 6 46 7 23 8 57 9 41 10 2 11 35 12 77 13 43 14 45 15 52 16 31 17 82 18 35 19 77 20 54
1 47 2 90 3 73 4 26 5 47 6 68 7 57 8 2 9 41 10 88 11 52 12 27 13 61 14 87 15 3 16 45 17 66 18 31 19 36 20 81
1 84 2 58 3 26 4 99 5 14 6 73 7 95 8 91 9 72 10 9 11 73 12 95 13 35 14 50 15 13 16 77 17 41 18 88 19 8 20 34
1 37 2 24 3 71 4 37 5 94 6 78 7 50 8 7 9 62 10 24 11 46 12 17 13 19 14 11 15 98 16 99 17 62 18 55 19 80 20 51
1 67 2 95 3 11 4 99 5 86 6 95 7 83 8 92 9 2 10 66 11 67 12 45 13 20 14 48 15 64 16 99 17 15 18 27 19 83 20 45
1 75 2 41 3 86 4 57 5 88 6 65 7 41 8 19 9 28 10 14 11 23 12 81 13 86 14 90 15 72 16 23 17 16 18 21 19 23 20 34
1 58 2 7 3 12 4 29 5 55 6 62 7 44 8 9 9 90 10 38 11 13 12 63 13 11 14 26 15 57 16 12 17 73 18 93 19 41 20 45
1 6 2 92 3 61 4 35 5 84 6 23 7 78 8 30 9 27 10 66 11 71 12 79 13 85 14 70 15 59 16 91 17 94 18 40 19 94 20 51
1 2 2 86 3 1 4 21 5 10 6 61 7 29 8 78 9 26 10 34 11 42 12 87 13 68 14 82 15 13 16 2 17 40 18 30 19 87 20 6
1 51 2 79 3 70 4 75 5 88 6 9 7 9 8 90 9 87 10 54 11 35 12 56 13 98 14 8 15 33 16 39 17 56 18 51 19 72 20 82
1 53 2 38 3 31 4 60 5 34 6 52 7 86 8 43 9 81 10 63 11 26 12 46 13 79 14 97 15 66 16 34 17 87 18 65 19 47 20 70
1 24 2 80 3 68 4 47 5 78 6 31 7 71 8 83 9 4 10 82 11 63 12 70 13 40 14 89 15 33 16 73 17 76 18 11 19 90 20 91
1 68 2 70 3 50 4 27 5 98 6 72 7 73 8 5 9 76 10 77 11 41 12 52 13 74 14 52 15 93 16 16 17 80 18 19 19 89 20 35
1 12 2 51 3 39 4 89 5 74 6 73 7 50 8 57 9 82 10 40 11 79 12 76 13 69 14 14 15 87 16 59 17 84 18 43 19 6 20 40
1 40 2 51 3 17 4 41 5 81 6 4 7 89 8 60 9 21 10 94 11 70 12 52 13 98 14 64 15 16 16 42 17 7 18 59 19 31 20 51
1 16 2 22 3 29 4 64 5 58 6 22 7 44 8 76 9 38 10 53 11 69 12 35 13 33 14 2 15 94 16 77 17 20 18 34 19 85 20 20
1 8 2 66 3 50 4 43 5 52 6 7 7 92 8 5 9 12 10 13 11 26 12 7 13 14 14 40 15 85 16 57 17 60 18 9 19 29 20 27
1 36 2 3 3 62 4 59 5 98 6 43 7 23 8 48 9 12 10 56 11 30 12 34 13 60 14 2 15 11 16 28 17 82 18 17 19 39 20 39
1 4 2 62 3 89 4 66 5 85 6 62 7 9 8 76 9 1 10 34 11 93 12 47 13 97 14 53 15 20 16 87 17 49 18 51 19 17 20 13
1 82 2 15 3 11 4 56 5 8 6 30 7 97 8 96 9 14 10 41 11 7 12 54 13 98 14 42 15 42 16 62 17 24 18 53 19 71 20 80
1 69 2 62 3 70 4 59 5 43 6 38 7 26 8 62 9 81 10 74 11 35 12 43 13 85 14 37 15 6 16 45 17 9 18 79 19 41 20 35
1 55 2 36 3 39 4 68 5 39 6 43 7 83 8 12 9 52 10 16 11 2 12 23 13 6 14 46 15 61 16 1 17 32 18 82 19 97 20 39
1 7 2 44 3 54 4 29 5 84 6 41 7 42 8 22 9 45 10 46 11 86 12 33 13 58 14 55 15 39 16 70 17 93 18 91 19 19 20 42
1 16 2 38 3 68 4 42 5 93 6 81 7 56 8 93 9 58 10 57 11 77 12 70 13 20 14 20 15 16 16 89 17 20 18 24 19 15 20 23
1 70 2 28 3 50 4 25 5 72 6 43 7 6 8 92 9 5 10 78 11 97 12 53 13 66 14 8 15 53 16 82 17 79 18 55 19 42 20 90
1 18 2 4 3 99 4 38 5 94 6 59 7 71 8 20 9 14 10 81 11 77 12 70 13 35 14 70 15 1 16 16 17 5 18 14 19 54 20 19
1 34 2 42 3 79 4 18 5 98 6 19 7 26 8 56 9 49 10 57 11 49 12 44 13 8 14 44 15 25 16 25 17 95 18 47 19 87 20 85
1 32 2 22 3 99 4 68 5 50 6 87 7 1 8 20 9 94 10 83 11 16 12 84 13 56 14 38 15 58 16 68 17 38 18 34 19 95 20 43
1 50 2 16 3 41 4 44 5 30 6 38 7 76 8 84 9 65 10 78 11 23 12 5 13 64 14 33 15 63 16 85 17 13 18 45 19 24 20 58
1 26 2 49 3 84 4 29 5 11 6 62 7 48 8 24 9 42 10 33 11 90 12 65 13 16 14 90 15 30 16 38 17 60 18 41 19 14 20 46
1 3 2 73 3 10 4 8 5 83 6 7 7 80 8 42 9 63 10 65 11 26 12 61 13 40 14 5 15 41 16 85 17 88 18 82 19 33 20 13
1 32 2 60 3 10 4 54 5 26 6 16 7 94 8 22 9 81 10 91 11 15 12 37 13 72 14 64 15 1 16 96 17 66 18 33 19 73 20 88
1 59 2 16 3 19 4 80 5 2 6 18 7 17 8 29 9 14 10 95 11 59 12 52 13 50 14 86 15 12 16 46 17 42 18 16 19 99 20 5
1 3 2 18 3 53 4 47 5 71 6 73 7 91 8 98 9 22 10 61 11 56 12 91 13 38 14 7 15 10 16 54 17 73 18 84 19 94 20 11
1 22 2 24 3 42 4 22 5 10 6 36 7 90 8 43 9 57 10 41 11 88 12 24 13 50 14 9 15 82 16 88 17 10 18 54 19 35 20 7
1 99 2 71 3 4 4 94 5 51 6 1 7 42 8 42 9 5 10 89 11 90 12 15 13 47 14 94 15 65 16 44 17 2 18 53 19 14 20 19
1 70 2 74 3 46 4 5 5 33 6 3 7 19 8 53 9 98 10 61 11 37 12 60 13 41 14 14 15 79 16 49 17 88 18 70 19 80 20 76
1 5 2 20 3 36 4 64 5 42 6 8 7 36 8 66 9 18 10 98 11 87 12 78 13 53 14 64 15 78 16 99 17 85 18 13 19 80 20 76
1 59 2 2 3 64 4 94 5 64 6 58 7 70 8 53 9 41 10 40 11 37 12 23 13 56 14 60 15 65 16 50 17 26 18 65 19 18 20 65
1 91 2 11 3 29 4 87 5 75 6 82 7 37 8 22 9 57 10 8 11 29 12 93 13 12 14 45 15 39 16 63 17 46 18 89 19 35 20 35
1 13 2 21 3 30 4 57 5 34 6 71 7 40 8 58 9 62 10 13 11 87 12 56 13 45 14 57 15 68 16 81 17 28 18 7 19 94 20 39
1 7 2 25 3 76 4 45 5 49 6 51 7 84 8 76 9 71 10 61 11 94 12 27 13 93 14 35 15 56 16 32 17 83 18 7 19 10 20 44
1 40 2 40 3 17 4 35 5 93 6 70 7 31 8 55 9 31 10 51 11 39 12 39 13 82 14 38 15 52 16 93 17 43 18 80 19 57 20 88
1 69 2 20 3 83 4 79 5 23 6 62 7 30 8 94 9 36 10 6 11 4 12 71 13 51 14 2 15 37 16 44 17 96 18 19 19 76 20 65
1 17 2 50 3 44 4 51 5 3 6 65 7 9 8 25 9 22 10 84 11 72 12 54 13 72 14 3 15 7 16 20 17 77 18 36 19 29 20 87
1 30 2 3 3 17 4 42 5 88 6 26 7 89 8 98 9 91 10 90 11 37 12 82 13 78 14 42 15 63 16 33 17 98 18 37 19 46 20 84
1 14 2 74 3 37 4 63 5 95 6 20 7 36 8 51 9 9 10 31 11 64 12 6 13 51 14 81 15 66 16 24 17 59 18 50 19 1 20 49
1 27 2 42 3 54 4 48 5 48 6 64 7 24 8 13 9 42 10 52 11 34 12 14 13 46 14 33 15 10 16 37 17 34 18 78 19 86 20 44
1 98 2 36 3 63 4 58 5 91 6 42 7 15 8 45 9 52 10 68 11 84 12 92 13 12 14 57 15 13 16 28 17 89 18 21 19 4 20 99
1 19 2 70 3 79 4 51 5 34 6 5 7 94 8 11 9 49 10 84 11 4 12 69 13 76 14 16 15 32 16 10 17 80 18 70 19 78 20 69
1 97 2 78 3 98 4 90 5 29 6 62 7 65 8 41 9 64 10 77 11 13 12 47 13 18 14 18 15 9 16 30 17 60 18 90 19 59 20 6
1 65 2 64 3 18 4 30 5 85 6 29 7 37 8 3 9 53 10 26 11 32 12 44 13 20 14 19 15 71 16 28 17 82 18 40 19 47 20 24
1 31 2 45 3 65 4 96 5 14 6 16 7 86 8 86 9 93 10 32 11 33 12 1 13 32 14 13 15 63 16 47 17 16 18 24 19 13 20 80
1 54 2 23 3 47 4 11 5 67 6 50 7 9 8 82 9 13 10 40 11 17 12 10 13 98 14 94 15 34 16 37 17 68 18 38 19 52 20 26
1 74 2 91 3 59 4 30 5 5 6 95 7 84 8 16 9 62 10 85 11 98 12 34 13 97 14 6 15 45 16 53 17 57 18 81 19 91 20 47
1 28 2 80 3 93 4 80 5 46 6 57 7 43 8 99 9 12 10 81 11 35 12 81 13 36 14 38 15 72 16 86 17 45 18 43 19 56 20 71
