500 20
1 37 2 1 3 35 4 78 5 18 6 86 7 55 8 7 9 22 10 11 11 88 12 84 13 75 14 61 15 67 16 50 17 53 18 84 19 78 20 87
1 40 2 79 3 51 4 61 5 75 6 25 7 46 8 38 9 57 10 31 11 1 12 87 13 20 14 6 15 59 16 74 17 99 18 21 19 60 20 80
1 17 2 33 3 73 4 7 5 10 6 8 7 64 8 39 9 58 10 53 11 56 12 72 13 84 14 58 15 61 16 4 17 70 18 75 19 98 20 11
1 41 2 78 3 11 4 25 5 80 6 39 7 34 8 90 9 79 10 10 11 34 12 43 13 69 14 72 15 53 16 10 17 3 18 87 19 17 20 92
1 68 2 50 3 11 4 27 5 57 6 25 7 78 8 94 9 20 10 5 11 44 12 69 13 45 14 98 15 70 16 43 17 52 18 39 19 20 20 88
1 1 2 61 3 33 4 56 5 59 6 61 7 57 8 41 9 38 10 64 11 26 12 26 13 98 14 53 15 16 16 41 17 31 18 6 19 11 20 30
1 91 2 94 3 86 4 61 5 10 6 21 7 32 8 88 9 95 10 81 11 25 12 23 13 41 14 13 15 14 16 12 17 4 18 66 19 34 20 29
1 89 2 9 3 43 4 8 5 45 6 9 7 27 8 73 9 72 10 46 11 20 12 45 13 14 14 7 15 77 16 76 17 30 18 21 19 19 20 49
1 14 2 19 3 2 4 13 5 83 6 96 7 25 8 38 9 86 10 74 11 11 12 98 13 32 14 77 15 37 16 17 17 97 18 94 19 98 20 30
1 66 2 45 3 93 4 42 5 1 6 41 7 43 8 74 9 63 10 67 11 26 12 9 13 51 14 50 15 57 16 36 17 9 18 47 19 67 20 86
1 39 2 61 3 24 4 3 5 95 6 89 7 82 8 82 9 30 10 8 11 98 12 30 13 83 14 77 15 69 16 72 17 42 18 7 19 6 20 73
1 76 2 36 3 50 4 91 5 29 6 73 7 9 8 32 9 63 10 88 11 36 12 98 13 37 14 85 15 33 16 59 17 64 18 33 19 65 20 68
1 12 2 38 3 71 4 55 5 1 6 83 7 58 8 29 9 25 10 90 11 50 12 78 13 59 14 12 15 46 16 49 17 71 18 30 19 29 20 4
1 38 2 79 3 52 4 85 5 15 6 70 7 77 8 30 9 59 10 31 11 79 12 48 13 82 14 35 15 18 16 91 17 56 18 73 19 3 20 66
1 53 2 30 3 69 4 23 5 68 6 27 7 22 8 11 9 74 10 53 11 48 12 53 13 42 14 69 15 87 16 18 17 59 18 63 19 15 20 10
1 86 2 77 3 56 4 76 5 36 6 78 7 70 8 40 9 34 10 38 11 63 12 42 13 33 14 23 15 71 16 54 17 76 18 47 19 80 20 88
1 22 2 90 3 94 4 32 5 73 6 85 7 81 8 3 9 11 10 64 11 90 12 92 13 48 14 84 15 88 16 2 17 12 18 89 19 92 20 11
1 58 2 50 3 79 4 32 5 47 6 85 7 1 8 83 9 34 10 83 11 59 12 72 13 9 14 40 15 36 16 67 17 53 18 85 19 88 20 39
1 48 2 5 3 8 4 22 5 45 6 2 7 5 8 38 9 26 10 52 11 82 12 16 13 50 14 25 15 3 16 94 17 67 18 77 19 92 20 20
1 85 2 86 3 82 4 72 5 68 6 60 7 23 8 41 9 18 10 16 11 12 12 4 13 76 14 93 15 18 16 9 17 58 18 24 19 79 20 39
1 36 2 13 3 57 4 13 5 36 6 72 7 81 8 92 9 33 10 19 11 60 12 95 13 32 14 14 15 91 16 92 17 60 18 95 19 72 20 32
1 43 2 57 3 30 4 27 5 5 6 64 7 11 8 88 9 53 10 41 11 14 12 55 13 23 14 40 15 65 16 29 17 26 18 93 19 98 20 90
1 24 2 55 3 24 4 63 5 55 6 65 7 55 8 55 9 24 10 49 11 48 12 97 13 40 14 20 15 84 16 63 17 77 18 68 19 28 20 79
1 60 2 99 3 66 4 18 5 95 6 41 7 74 8 72 9 65 10 20 11 51 12 81 13 17 14 5 15 28 16 96 17 44 18 77 19 68 20 28
1 44 2 31 3 52 4 61 5 71 6 30 7 10 8 49 9 92 10 31 11 6 12 16 13 25 14 82 15 72 16 48 17 40 18 16 19 35 20 70
1 41 2 5 3 39 4 8 5 28 6 50 7 8 8 62 9 96 10 73 11 4 12 8 13 20 14 55 15 97 16 60 17 50 18 79 19 31 20 53
1 16 2 80 3 95 4 80 5 66 6 21 7 1 8 39 9 60 10 33 11 11 12 92 13 13 14 40 15 70 16 82 17 4 18 11 19 26 20 34
1 33 2 73 3 98 4 21 5 29 6 56 7 29 8 45 9 16 10 31 11 21 12 10 13 55 14 88 15 87 16 15 17 86 18 49 19 8 20 53
1 74 2 15 3 59 4 62 5 39 6 49 7 99 8 61 9 10 10 28 11 40 12 49 13 48 14 75 15 42 16 85 17 12 18 24 19 46 20 6
1 90 2 22 3 31 4 84 5 73 6 62 7 63 8 48 9 14 10 20 11 21 12 85 13 49 14 98 15 32 16 66 17 64 18 77 19 22 20 45
1 86 2 22 3 33 4 88 5 93 6 40 7 92 8 52 9 67 10 51 11 43 12 11 13 71 14 60 15 81 16 24 17 58 18 86 19 50 20 97
1 23 2 92 3 73 4 88 5 65 6 48 7 21 8 78 9 76 10 20 11 96 12 47 13 35 14 75 15 88 16 25 17 52 18 8 19 65 20 52
1 96 2 86 3 72 4 39 5 29 6 86 7 71 8 30 9 71 10 27 11 60 12 63 13 5 14 30 15 61 16 18 17 27 18 85 19 96 20 32
1 34 2 10 3 69 4 99 5 72 6 29 7 17 8 97 9 46 10 36 11 79 12 48 13 73 14 66 15 75 16 65 17 38 18 67 19 86 20 79
1 15 2 49 3 72 4 67 5 70 6 19 7 54 8 36 9 32 10 82 11 90 12 46 13 79 14 10 15 81 16 3 17 71 18 53 19 16 20 18
1 93 2 86 3 29 4 8 5 95 6 30 7 57 8 39 9 5 10 12 11 22 12 98 13 69 14 55 15 25 16 89 17 70 18 95 19 85 20 45
1 39 2 53 3 87 4 73 5 89 6 66 7 77 8 30 9 2 10 10 11 60 12 49 13 70 14 53 15 10 16 47 17 1 18 18 19 16 20 45
1 26 2 26 3 41 4 28 5 58 6 81 7 43 8 72 9 43 10 86 11 18 12 41 13 33 14 22 15 41 16 66 17 69 18 7 19 22 20 78
1 24 2 71 3 16 4 56 5 62 6 20 7 62 8 20 9 57 10 88 11 27 12 75 13 68 14 31 15 46 16 55 17 57 18 76 19 92 20 64
1 25 2 96 3 95 4 24 5 23 6 60 7 86 8 63 9 72 10 8 11 28 12 3 13 81 14 39 15 50 16 87 17 77 18 82 19 47 20 77
1 51 2 30 3 13 4 40 5 49 6 9 7 75 8 56 9 20 10 66 11 7 12 62 13 39 14 55 15 49 16 57 17 18 18 22 19 73 20 58
1 45 2 68 3 75 4 97 5 57 6 38 7 38 8 78 9 29 10 29 11 53 12 36 13 13 14 45 15 86 16 86 17 5 18 14 19 27 20 74
1 91 2 34 3 80 4 61 5 65 6 63 7 11 8 74 9 32 10 49 11 60 12 42 13 90 14 9 15 31 16 4 17 86 18 93 19 75 20 53
1 19 2 29 3 81 4 65 5 48 6 87 7 91 8 9 9 31 10 34 11 92 12 18 13 49 14 18 15 48 16 46 17 44 18 9 19 91 20 61
1 31 2 97 3 74 4 34 5 44 6 3 7 72 8 25 9 25 10 86 11 32 12 70 13 33 14 80 15 30 16 41 17 46 18 92 19 50 20 1
1 57 2 78 3 26 4 58 5 81 6 48 7 80 8 65 9 87 10 5 11 43 12 89 13 83 14 14 15 86 16 58 17 88 18 62 19 2 20 89
1 5 2 41 3 46 4 60 5 72 6 53 7 83 8 85 9 50 10 87 11 2 12 98 13 59 14 38 15 2 16 55 17 44 18 92 19 69 20 64
1 13 2 75 3 20 4 60 5 55 6 6 7 99 8 41 9 67 10 92 11 83 12 76 13 96 14 81 15 58 16 40 17 43 18 97 19 28 20 82
1 73 2 81 3 94 4 49 5 89 6 1 7 86 8 76 9 7 10 68 11 89 12 80 13 37 14 80 15 70 16 3 17 5 18 68 19 30 20 33
1 75 2 91 3 13 4 92 5 88 6 23 7 24 8 94 9 55 10 57 11 29 12 8 13 34 14 22 15 31 16 68 17 14 18 53 19 74 20 38
1 89 2 63 3 22 4 88 5 46 6 25 7 95 8 65 9 56 10 3 11 35 12 55 13 71 14 82 15 56 16 43 17 73 18 45 19 68 20 96
1 69 2 31 3 27 4 89 5 96 6 78 7 33 8 6 9 44 10 38 11 55 12 5 13 34 14 45 15 75 16 33 17 57 18 28 19 96 20 72
1 57 2 81 3 2 4 26 5 71 6 33 7 15 8 14 9 9 10 5 11 33 12 28 13 95 14 23 15 28 16 20 17 30 18 76 19 95 20 33
1 49 2 67 3 51 4 45 5 58 6 68 7 50 8 60 9 60 10 93 11 43 12 38 13 49 14 8 15 3 16 16 17 61 18 46 19 64 20 54
1 68 2 52 3 99 4 71 5 41 6 7 7 21 8 8 9 30 10 57 11 21 12 8 13 40 14 47 15 92 16 69 17 86 18 99 19 22 20 6
1 5 2 33 3 65 4 29 5 71 6 4 7 71 8 3 9 93 10 91 11 42 12 86 13 27 14 72 15 84 16 92 17 14 18 48 19 76 20 12
1 63 2 43 3 66 4 61 5 30 6 84 7 14 8 81 9 42 10 66 11 1 12 58 13 73 14 17 15 41 16 84 17 92 18 44 19 39 20 96
1 60 2 97 3 61 4 29 5 31 6 73 7 93 8 21 9 80 10 44 11 71 12 12 13 53 14 89 15 79 16 49 17 83 18 28 19 59 20 67
1 84 2 36 3 36 4 16 5 20 6 2 7 31 8 91 9 77 10 64 11 9 12 44 13 29 14 25 15 64 16 94 17 19 18 62 19 79 20 35
1 68 2 4 3 69 4 16 5 35 6 59 7 15 8 50 9 65 10 49 11 73 12 59 13 83 14 63 15 80 16 83 17 27 18 75 19 58 20 64
1 60 2 96 3 88 4 13 5 20 6 83 7 28 8 24 9 13 10 20 11 21 12 68 13 72 14 35 15 21 16 90 17 97 18 47 19 31 20 55
1 54 2 8 3 74 4 65 5 46 6 1 7 11 8 24 9 16 10 69 11 40 12 87 13 42 14 51 15 99 16 45 17 95 18 52 19 65 20 78
1 56 2 10 3 74 4 39 5 73 6 61 7 8 8 61 9 56 10 97 11 98 12 69 13 36 14 22 15 78 16 62 17 34 18 94 19 90 20 97
1 72 2 57 3 77 4 47 5 70 6 77 7 1 8 9 9 16 10 3 11 35 12 26 13 77 14 45 15 16 16 55 17 84 18 57 19 68 20 72
1 20 2 35 3 97 4 64 5 2 6 28 7 43 8 64 9 17 10 39 11 93 12 31 13 77 14 61 15 52 16 65 17 87 18 96 19 17 20 65
1 35 2 91 3 50 4 13 5 50 6 54 7 61 8 5 9 36 10 30 11 86 12 49 13 75 14 54 15 16 16 40 17 93 18 84 19 15 20 59
1 95 2 45 3 10 4 39 5 54 6 91 7 91 8 33 9 14 10 95 11 59 12 89 13 48 14 63 15 31 16 72 17 46 18 22 19 9 20 6
1 97 2 18 3 27 4 58 5 46 6 60 7 98 8 63 9 73 10 38 11 51 12 43 13 60 14 63 15 54 16 41 17 68 18 38 19 36 20 71
1 80 2 74 3 49 4 38 5 5 6 55 7 30 8 57 9 5 10 24 11 37 12 84 13 54 14 73 15 86 16 70 17 63 18 6 19 29 20 44
1 81 2 58 3 76 4 31 5 68 6 1 7 33 8 49 9 47 10 19 11 87 12 53 13 72 14 42 15 2 16 19 17 70 18 61 19 19 20 74
1 74 2 9 3 44 4 78 5 78 6 60 7 32 8 39 9 25 10 40 11 63 12 84 13 85 14 74 15 5 16 80 17 77 18 17 19 26 20 51
1 21 2 43 3 19 4 32 5 24 6 94 7 22 8 68 9 14 10 83 11 20 12 34 13 42 14 52 15 65 16 14 17 59 18 45 19 7 20 21
1 12 2 94 3 9 4 63 5 28 6 67 7 98 8 72 9 87 10 67 11 8 12 51 13 49 14 94 15 88 16 23 17 97 18 99 19 44 20 72
1 87 2 29 3 27 4 37 5 14 6 50 7 97 8 99 9 80 10 79 11 26 12 50 13 78 14 9 15 21 16 91 17 98 18 74 19 3 20 81
1 36 2 18 3 58 4 96 5 24 6 48 7 24 8 22 9 98 10 61 11 62 12 11 13 88 14 34 15 51 16 7 17 44 18 67 19 19 20 42
1 99 2 58 3 44 4 43 5 43 6 70 7 73 8 22 9 1 10 26 11 25 12 42 13 50 14 22 15 64 16 45 17 66 18 33 19 75 20 9
1 30 2 25 3 66 4 67 5 94 6 95 7 89 8 87 9 91 10 98 11 7 12 3 13 99 14 34 15 87 16 63 17 1 18 38 19 91 20 72
1 96 2 66 3 74 4 93 5 52 6 77 7 96 8 52 9 23 10 89 11 91 12 27 13 46 14 48 15 48 16 44 17 86 18 71 19 19 20 84
1 69 2 58 3 98 4 80 5 17 6 26 7 8 8 84 9 88 10 44 11 5 12 35 13 80 14 6 15 87 16 52 17 43 18 77 19 96 20 78
1 21 2 15 3 47 4 8 5 68 6 7 7 44 8 89 9 51 10 52 11 71 12 37 13 4 14 40 15 8 16 82 17 90 18 38 19 76 20 20
1 4 2 76 3 19 4 95 5 55 6 98 7 7 8 51 9 51 10 50 11 56 12 71 13 81 14 55 15 46 16 67 17 82 18 47 19 27 20 57
1 49 2 22 3 31 4 32 5 61 6 68 7 18 8 94 9 10 10 26 11 86 12 67 13 15 14 60 15 57 16 8 17 74 18 37 19 63 20 78
1 4 2 67 3 68 4 12 5 3 6 27 7 17 8 94 9 40 10 35 11 12 12 33 13 78 14 61 15 8 16 8 17 32 18 89 19 40 20 56
1 30 2 23 3 53 4 47 5 63 6 38 7 64 8 23 9 3 10 5 11 98 12 93 13 42 14 69 15 77 16 36 17 64 18 54 19 7 20 14
1 21 2 86 3 67 4 25 5 2 6 39 7 16 8 57 9 56 10 18 11 55 12 97 13 16 14 40 15 39 16 85 17 93 18 68 19 82 20 51
1 58 2 75 3 37 4 92 5 17 6 67 7 62 8 39 9 72 10 92 11 45 12 93 13 81 14 35 15 46 16 17 17 80 18 31 19 31 20 76
1 80 2 74 3 51 4 39 5 16 6 45 7 17 8 35 9 24 10 72 11 66 12 52 13 27 14 52 15 73 16 28 17 12 18 39 19 70 20 41
1 75 2 79 3 93 4 13 5 47 6 70 7 64 8 54 9 12 10 94 11 62 12 23 13 11 14 85 15 33 16 42 17 63 18 79 19 68 20 14
1 26 2 32 3 92 4 91 5 62 6 7 7 69 8 95 9 71 10 79 11 50 12 74 13 6 14 18 15 42 16 48 17 58 18 92 19 2 20 98
1 60 2 32 3 24 4 76 5 16 6 77 7 91 8 53 9 62 10 37 11 92 12 60 13 84 14 66 15 48 16 83 17 18 18 88 19 34 20 4
1 41 2 65 3 29 4 29 5 52 6 81 7 69 8 73 9 42 10 5 11 94 12 3 13 43 14 61 15 2 16 35 17 9 18 73 19 2 20 84
1 94 2 72 3 7 4 56 5 65 6 2 7 56 8 78 9 5 10 83 11 53 12 75 13 57 14 65 15 54 16 74 17 66 18 80 19 38 20 48
1 14 2 60 3 76 4 28 5 78 6 72 7 5 8 45 9 88 10 62 11 26 12 41 13 96 14 33 15 8 16 56 17 45 18 62 19 32 20 78
1 33 2 48 3 23 4 56 5 11 6 74 7 98 8 83 9 86 10 81 11 75 12 40 13 66 14 54 15 66 16 45 17 60 18 14 19 44 20 85
1 37 2 54 3 59 4 53 5 77 6 82 7 17 8 1 9 49 10 76 11 41 12 54 13 9 14 63 15 81 16 29 17 31 18 30 19 67 20 63
1 23 2 52 3 24 4 70 5 34 6 53 7 30 8 91 9 37 10 54 11 95 12 45 13 67 14 65 15 99 16 55 17 67 18 56 19 37 20 93
1 52 2 18 3 18 4 24 5 79 6 32 7 57 8 10 9 61 10 69 11 9 12 24 13 10 14 11 15 1 16 85 17 49 18 47 19 58 20 75
1 96 2 63 3 8 4 80 5 12 6 83 7 89 8 12 9 96 10 63 11 15 12 37 13 28 14 43 15 31 16 1 17 61 18 1 19 51 20 15
1 99 2 24 3 94 4 20 5 97 6 45 7 4 8 41 9 45 10 81 11 54 12 7 13 25 14 6 15 11 16 44 17 80 18 11 19 68 20 81
1 59 2 1 3 52 4 13 5 68 6 21 7 50 8 38 9 69 10 47 11 20 12 49 13 37 14 60 15 74 16 20 17 88 18 69 19 91 20 82
1 55 2 96 3 36 4 74 5 71 6 75 7 87 8 27 9 61 10 15 11 93 12 22 13 86 14 44 15 35 16 47 17 58 18 58 19 50 20 72
1 1 2 3 3 14 4 7 5 40 6 75 7 36 8 45 9 86 10 49 11 32 12 56 13 57 14 88 15 31 16 38 17 68 18 30 19 25 20 60
1 5 2 68 3 60 4 81 5 5 6 69 7 10 8 51 9 97 10 6 11 52 12 4 13 73 14 8 15 77 16 75 17 60 18 43 19 44 20 77
1 77 2 40 3 12 4 43 5 58 6 26 7 90 8 63 9 52 10 72 11 23 12 1 13 94 14 51 15 55 16 11 17 97 18 13 19 76 20 18
1 7 2 93 3 69 4 76 5 64 6 70 7 61 8 51 9 12 10 32 11 6 12 35 13 73 14 89 15 42 16 4 17 25 18 75 19 4 20 19
1 15 2 22 3 77 4 73 5 47 6 77 7 79 8 80 9 71 10 78 11 36 12 1 13 11 14 84 15 73 16 42 17 16 18 26 19 51 20 29
1 56 2 21 3 81 4 35 5 96 6 59 7 32 8 86 9 47 10 69 11 25 12 51 13 8 14 82 15 60 16 57 17 84 18 21 19 67 20 49
1 97 2 6 3 99 4 36 5 98 6 56 7 67 8 83 9 35 10 13 11 5 12 44 13 71 14 93 15 70 16 84 17 79 18 15 19 47 20 93
1 84 2 16 3 8 4 15 5 11 6 81 7 83 8 31 9 61 10 17 11 56 12 28 13 44 14 17 15 1 16 77 17 13 18 92 19 41 20 28
1 19 2 64 3 30 4 10 5 50 6 81 7 79 8 16 9 26 10 7 11 66 12 7 13 12 14 79 15 82 16 89 17 51 18 78 19 79 20 78
1 17 2 42 3 30 4 83 5 15 6 69 7 21 8 59 9 42 10 3 11 17 12 31 13 69 14 61 15 19 16 55 17 12 18 63 19 98 20 52
1 25 2 47 3 62 4 71 5 50 6 59 7 8 8 88 9 97 10 69 11 39 12 25 13 61 14 41 15 23 16 56 17 95 18 34 19 81 20 97
1 88 2 91 3 77 4 4 5 48 6 68 7 22 8 68 9 20 10 27 11 84 12 61 13 87 14 67 15 28 16 77 17 33 18 24 19 98 20 6
1 26 2 78 3 5 4 21 5 80 6 17 7 55 8 73 9 37 10 92 11 45 12 37 13 15 14 1 15 72 16 50 17 89 18 5 19 6 20 79
1 1 2 43 3 98 4 99 5 14 6 22 7 88 8 90 9 4 10 44 11 61 12 10 13 26 14 17 15 9 16 59 17 37 18 93 19 62 20 8
1 38 2 16 3 66 4 2 5 9 6 74 7 24 8 6 9 61 10 61 11 22 12 58 13 42 14 69 15 95 16 60 17 9 18 5 19 87 20 40
1 21 2 75 3 1 4 9 5 62 6 76 7 86 8 99 9 28 10 83 11 69 12 63 13 9 14 7 15 34 16 62 17 15 18 8 19 58 20 8
1 81 2 61 3 20 4 68 5 94 6 63 7 36 8 91 9 4 10 44 11 8 12 58 13 13 14 45 15 85 16 86 17 29 18 57 19 68 20 2
1 50 2 70 3 15 4 71 5 17 6 20 7 50 8 97 9 68 10 31 11 23 12 30 13 83 14 86 15 28 16 15 17 79 18 47 19 56 20 34
1 44 2 97 3 30 4 24 5 7 6 81 7 93 8 52 9 19 10 78 11 87 12 70 13 14 14 27 15 88 16 87 17 80 18 7 19 45 20 86
1 76 2 17 3 87 4 23 5 72 6 36 7 24 8 2 9 6 10 99 11 87 12 68 13 89 14 57 15 90 16 90 17 98 18 63 19 22 20 51
1 38 2 86 3 46 4 38 5 36 6 53 7 63 8 17 9 98 10 76 11 58 12 53 13 28 14 55 15 33 16 98 17 12 18 83 19 84 20 62
1 83 2 2 3 48 4 91 5 53 6 6 7 62 8 36 9 3 10 99 11 76 12 57 13 89 14 4 15 15 16 1 17 55 18 70 19 19 20 79
1 10 2 46 3 61 4 41 5 32 6 17 7 13 8 43 9 73 10 56 11 70 12 28 13 3 14 88 15 90 16 80 17 83 18 55 19 60 20 50
1 3 2 77 3 18 4 66 5 73 6 14 7 86 8 88 9 18 10 25 11 99 12 33 13 88 14 26 15 34 16 22 17 11 18 45 19 6 20 74
1 46 2 24 3 56 4 81 5 58 6 57 7 40 8 54 9 24 10 99 11 35 12 45 13 77 14 49 15 51 16 21 17 86 18 61 19 44 20 5
1 52 2 12 3 83 4 27 5 13 6 1 7 33 8 11 9 47 10 68 11 1 12 70 13 55 14 80 15 24 16 89 17 20 18 12 19 74 20 11
1 36 2 54 3 7 4 6 5 57 6 8 7 37 8 58 9 19 10 37 11 72 12 75 13 17 14 43 15 76 16 74 17 63 18 74 19 45 20 67
1 93 2 62 3 54 4 31 5 92 6 78 7 10 8 30 9 1 10 78 11 25 12 70 13 25 14 17 15 53 16 75 17 19 18 63 19 80 20 7
1 8 2 70 3 40 4 92 5 93 6 46 7 72 8 2 9 76 10 30 11 64 12 91 13 10 14 27 15 58 16 83 17 81 18 71 19 8 20 69
1 96 2 34 3 83 4 65 5 92 6 22 7 46 8 43 9 25 10 22 11 30 12 12 13 42 14 96 15 78 16 39 17 16 18 2 19 82 20 29
1 29 2 3 3 2 4 30 5 85 6 88 7 73 8 81 9 80 10 48 11 16 12 78 13 27 14 58 15 74 16 26 17 80 18 63 19 40 20 80
1 66 2 1 3 76 4 81 5 61 6 74 7 3 8 92 9 63 10 99 11 36 12 44 13 97 14 48 15 46 16 66 17 72 18 31 19 51 20 46
1 68 2 32 3 2 4 43 5 90 6 54 7 21 8 46 9 60 10 86 11 65 12 73 13 43 14 36 15 42 16 30 17 4 18 69 19 30 20 98
1 88 2 66 3 45 4 79 5 90 6 26 7 8 8 73 9 2 10 3 11 18 12 8 13 68 14 45 15 72 16 49 17 15 18 87 19 42 20 24
1 52 2 95 3 92 4 51 5 74 6 43 7 10 8 36 9 86 10 1 11 13 12 42 13 92 14 19 15 47 16 20 17 84 18 27 19 54 20 37
1 93 2 78 3 20 4 5 5 48 6 30 7 60 8 84 9 63 10 19 11 31 12 71 13 6 14 66 15 62 16 86 17 75 18 92 19 81 20 90
1 73 2 65 3 63 4 32 5 90 6 8 7 34 8 24 9 98 10 39 11 19 12 11 13 99 14 94 15 75 16 83 17 36 18 20 19 12 20 39
1 16 2 86 3 35 4 79 5 95 6 97 7 51 8 51 9 17 10 95 11 63 12 52 13 39 14 74 15 65 16 52 17 23 18 33 19 2 20 32
1 98 2 99 3 54 4 21 5 87 6 40 7 28 8 25 9 13 10 63 11 57 12 96 13 54 14 91 15 93 16 34 17 75 18 15 19 87 20 85
1 89 2 41 3 6 4 42 5 28 6 16 7 41 8 41 9 81 10 60 11 93 12 80 13 20 14 27 15 74 16 42 17 23 18 96 19 85 20 97
1 6 2 85 3 68 4 51 5 31 6 77 7 42 8 72 9 4 10 78 11 59 12 57 13 33 14 94 15 6 16 3 17 36 18 87 19 77 20 37
1 92 2 22 3 97 4 17 5 11 6 54 7 78 8 88 9 32 10 43 11 8 12 83 13 89 14 74 15 74 16 49 17 30 18 22 19 74 20 50
1 8 2 58 3 53 4 87 5 83 6 10 7 51 8 48 9 47 10 43 11 54 12 44 13 18 14 43 15 1 16 81 17 2 18 27 19 1 20 97
1 44 2 26 3 75 4 28 5 6 6 61 7 73 8 33 9 64 10 61 11 76 12 84 13 2 14 64 15 28 16 56 17 21 18 21 19 82 20 49
1 24 2 66 3 96 4 69 5 81 6 96 7 12 8 96 9 98 10 9 11 72 12 54 13 86 14 68 15 75 16 71 17 20 18 75 19 5 20 30
1 56 2 32 3 61 4 5 5 8 6 62 7 93 8 73 9 4 10 46 11 44 12 60 13 86 14 82 15 56 16 53 17 61 18 84 19 87 20 76
1 62 2 73 3 20 4 95 5 86 6 45 7 70 8 35 9 30 10 69 11 61 12 25 13 19 14 21 15 49 16 69 17 42 18 26 19 88 20 23
1 6 2 42 3 47 4 6 5 34 6 68 7 12 8 25 9 67 10 73 11 40 12 15 13 14 14 75 15 7 16 84 17 27 18 76 19 22 20 58
1 6 2 3 3 47 4 96 5 41 6 82 7 33 8 76 9 79 10 94 11 89 12 62 13 85 14 5 15 97 16 62 17 59 18 59 19 5 20 16
1 33 2 30 3 37 4 41 5 94 6 44 7 18 8 7 9 9 10 37 11 17 12 15 13 22 14 93 15 64 16 1 17 88 18 51 19 5 20 88
1 37 2 57 3 87 4 81 5 59 6 20 7 13 8 31 9 43 10 23 11 58 12 47 13 17 14 36 15 39 16 36 17 89 18 46 19 1 20 90
1 71 2 80 3 9 4 33 5 31 6 84 7 42 8 71 9 63 10 40 11 25 12 35 13 49 14 52 15 4 16 49 17 18 18 59 19 99 20 55
1 94 2 95 3 13 4 52 5 34 6 44 7 82 8 40 9 80 10 16 11 49 12 27 13 37 14 85 15 88 16 28 17 49 18 99 19 42 20 93
1 32 2 48 3 40 4 4 5 3 6 41 7 63 8 84 9 10 10 45 11 9 12 51 13 60 14 63 15 37 16 55 17 7 18 60 19 94 20 75
1 67 2 82 3 36 4 96 5 50 6 49 7 80 8 99 9 39 10 22 11 24 12 83 13 89 14 67 15 43 16 54 17 53 18 68 19 67 20 46
1 63 2 99 3 14 4 41 5 93 6 62 7 4 8 6 9 92 10 43 11 64 12 85 13 64 14 95 15 25 16 6 17 61 18 63 19 6 20 89
1 86 2 44 3 68 4 93 5 93 6 90 7 21 8 78 9 73 10 57 11 10 12 28 13 85 14 32 15 24 16 70 17 94 18 3 19 40 20 29
1 50 2 14 3 5 4 41 5 56 6 18 7 64 8 62 9 36 10 25 11 8 12 76 13 67 14 21 15 40 16 52 17 99 18 22 19 77 20 58
1 25 2 49 3 29 4 63 5 4 6 59 7 58 8 84 9 39 10 80 11 23 12 84 13 36 14 93 15 38 16 55 17 20 18 16 19 5 20 83
1 22 2 51 3 73 4 68 5 5 6 39 7 49 8 73 9 30 10 86 11 34 12 21 13 59 14 44 15 64 16 93 17 29 18 79 19 46 20 81
1 84 2 36 3 39 4 73 5 15 6 10 7 44 8 69 9 85 10 18 11 41 12 8 13 95 14 32 15 70 16 66 17 8 18 12 19 9 20 40
1 61 2 31 3 73 4 37 5 52 6 36 7 81 8 54 9 14 10 71 11 87 12 44 13 26 14 80 15 60 16 89 17 76 18 62 19 4 20 73
1 37 2 93 3 11 4 1 5 21 6 33 7 65 8 77 9 68 10 46 11 84 12 86 13 36 14 59 15 56 16 82 17 7 18 61 19 32 20 30
1 51 2 14 3 37 4 12 5 56 6 68 7 32 8 31 9 28 10 92 11 85 12 55 13 83 14 16 15 93 16 5 17 50 18 27 19 45 20 71
1 64 2 15 3 47 4 85 5 42 6 98 7 9 8 61 9 47 10 54 11 79 12 48 13 19 14 25 15 94 16 86 17 27 18 45 19 44 20 63
1 54 2 35 3 25 4 61 5 47 6 14 7 35 8 35 9 67 10 71 11 56 12 74 13 62 14 36 15 41 16 90 17 93 18 85 19 8 20 44
1 59 2 35 3 89 4 41 5 65 6 31 7 23 8 15 9 9 10 13 11 80 12 26 13 1 14 42 15 31 16 24 17 78 18 83 19 98 20 81
1 17 2 12 3 69 4 4 5 83 6 55 7 8 8 41 9 82 10 44 11 79 12 73 13 37 14 87 15 4 16 21 17 41 18 47 19 26 20 25
1 69 2 92 3 99 4 77 5 50 6 87 7 21 8 36 9 1 10 34 11 41 12 64 13 39 14 57 15 35 16 14 17 81 18 54 19 96 20 22
1 97 2 32 3 15 4 63 5 75 6 45 7 41 8 74 9 69 10 92 11 97 12 42 13 96 14 54 15 16 16 99 17 72 18 9 19 6 20 91
1 48 2 84 3 93 4 4 5 48 6 93 7 54 8 28 9 83 10 23 11 56 12 90 13 60 14 19 15 73 16 73 17 91 18 91 19 58 20 8
1 12 2 24 3 45 4 68 5 60 6 82 7 26 8 66 9 75 10 93 11 23 12 58 13 75 14 67 15 47 16 16 17 30 18 83 19 77 20 22
1 96 2 84 3 3 4 76 5 24 6 11 7 44 8 45 9 46 10 61 11 72 12 41 13 80 14 51 15 7 16 53 17 58 18 46 19 9 20 72
1 30 2 26 3 78 4 27 5 2 6 12 7 54 8 7 9 77 10 11 11 27 12 82 13 77 14 45 15 25 16 23 17 41 18 52 19 23 20 41
1 38 2 36 3 80 4 71 5 99 6 66 7 80 8 88 9 26 10 61 11 62 12 40 13 5 14 19 15 26 16 96 17 41 18 85 19 13 20 84
1 21 2 53 3 12 4 31 5 78 6 64 7 6 8 45 9 29 10 82 11 54 12 26 13 95 14 53 15 54 16 9 17 7 18 50 19 65 20 27
1 23 2 92 3 25 4 42 5 49 6 4 7 11 8 43 9 55 10 29 11 70 12 88 13 77 14 91 15 1 16 1 17 56 18 87 19 34 20 33
1 46 2 94 3 9 4 37 5 77 6 49 7 80 8 40 9 30 10 55 11 14 12 33 13 24 14 15 15 47 16 51 17 80 18 70 19 79 20 72
1 14 2 35 3 5 4 86 5 5 6 16 7 8 8 70 9 18 10 62 11 59 12 79 13 92 14 24 15 50 16 9 17 55 18 91 19 40 20 32
1 96 2 64 3 32 4 58 5 47 6 29 7 96 8 78 9 27 10 84 11 99 12 80 13 21 14 70 15 7 16 48 17 39 18 97 19 85 20 30
1 84 2 24 3 98 4 57 5 78 6 80 7 78 8 56 9 47 10 38 11 81 12 53 13 85 14 11 15 49 16 40 17 99 18 28 19 78 20 58
1 87 2 42 3 65 4 83 5 29 6 47 7 30 8 80 9 64 10 13 11 27 12 21 13 1 14 50 15 68 16 87 17 49 18 23 19 15 20 63
1 98 2 19 3 21 4 32 5 35 6 87 7 71 8 70 9 67 10 44 11 73 12 56 13 85 14 82 15 36 16 15 17 50 18 25 19 86 20 48
1 78 2 38 3 62 4 42 5 27 6 59 7 43 8 50 9 72 10 51 11 59 12 28 13 19 14 91 15 35 16 82 17 2 18 70 19 49 20 14
1 49 2 1 3 73 4 65 5 34 6 29 7 67 8 21 9 80 10 40 11 52 12 70 13 60 14 73 15 28 16 80 17 12 18 73 19 56 20 68
1 68 2 19 3 74 4 93 5 19 6 54 7 48 8 73 9 60 10 60 11 86 12 30 13 50 14 83 15 21 16 57 17 28 18 34 19 21 20 63
1 21 2 91 3 13 4 39 5 15 6 77 7 22 8 49 9 70 10 38 11 7 12 83 13 16 14 24 15 17 16 7 17 68 18 87 19 1 20 88
1 81 2 34 3 41 4 23 5 20 6 29 7 1 8 32 9 67 10 78 11 90 12 33 13 69 14 82 15 64 16 73 17 62 18 76 19 48 20 56
1 48 2 89 3 25 4 85 5 50 6 58 7 89 8 83 9 91 10 16 11 14 12 11 13 7 14 98 15 19 16 14 17 27 18 34 19 68 20 87
1 90 2 3 3 57 4 72 5 67 6 27 7 53 8 89 9 37 10 71 11 54 12 26 13 8 14 80 15 13 16 82 17 84 18 68 19 82 20 5
1 92 2 97 3 81 4 96 5 89 6 65 7 51 8 14 9 69 10 97 11 30 12 78 13 69 14 87 15 39 16 43 17 67 18 17 19 30 20 14
1 41 2 96 3 44 4 55 5 65 6 76 7 96 8 96 9 94 10 76 11 76 12 95 13 86 14 59 15 60 16 33 17 75 18 39 19 72 20 77
1 1 2 83 3 13 4 76 5 39 6 5 7 73 8 26 9 3 10 57 11 83 12 72 13 41 14 10 15 91 16 48 17 67 18 12 19 3 20 30
1 61 2 48 3 13 4 41 5 23 6 25 7 70 8 46 9 31 10 64 11 83 12 94 13 22 14 67 15 44 16 20 17 90 18 4 19 5 20 28
1 23 2 4 3 54 4 16 5 3 6 29 7 81 8 63 9 2 10 76 11 64 12 98 13 19 14 96 15 50 16 39 17 77 18 67 19 87 20 75
1 30 2 47 3 1 4 56 5 50 6 87 7 40 8 33 9 40 10 75 11 38 12 20 13 56 14 51 15 10 16 89 17 15 18 49 19 58 20 52
1 45 2 33 3 64 4 71 5 54 6 9 7 36 8 6 9 60 10 18 11 2 12 17 13 89 14 25 15 54 16 23 17 23 18 50 19 93 20 34
1 94 2 18 3 52 4 81 5 89 6 23 7 66 8 80 9 39 10 77 11 9 12 38 13 21 14 76 15 94 16 98 17 13 18 4 19 63 20 57
1 46 2 3 3 55 4 46 5 18 6 94 7 66 8 37 9 53 10 13 11 25 12 22 13 76 14 57 15 76 16 52 17 39 18 96 19 62 20 46
1 99 2 60 3 29 4 5 5 39 6 59 7 5 8 74 9 1 10 85 11 26 12 23 13 49 14 54 15 62 16 93 17 89 18 92 19 21 20 13
1 37 2 89 3 94 4 26 5 78 6 54 7 62 8 45 9 41 10 8 11 29 12 83 13 84 14 45 15 7 16 60 17 95 18 79 19 53 20 74
1 28 2 63 3 72 4 43 5 77 6 34 7 98 8 17 9 40 10 61 11 71 12 20 13 76 14 7 15 18 16 51 17 71 18 28 19 13 20 52
1 45 2 23 3 51 4 14 5 1 6 19 7 42 8 95 9 27 10 62 11 25 12 24 13 62 14 6 15 48 16 68 17 93 18 75 19 48 20 14
1 15 2 57 3 73 4 43 5 50 6 99 7 39 8 16 9 11 10 25 11 63 12 6 13 69 14 7 15 21 16 67 17 5 18 86 19 59 20 32
1 55 2 55 3 82 4 50 5 98 6 4 7 46 8 15 9 67 10 4 11 13 12 47 13 10 14 78 15 7 16 87 17 13 18 23 19 8 20 56
1 25 2 50 3 79 4 54 5 89 6 45 7 41 8 52 9 79 10 46 11 70 12 29 13 35 14 73 15 52 16 33 17 22 18 84 19 99 20 1
1 49 2 57 3 68 4 30 5 64 6 34 7 93 8 64 9 83 10 60 11 46 12 68 13 32 14 67 15 6 16 19 17 80 18 77 19 20 20 6
1 14 2 50 3 39 4 31 5 8 6 13 7 84 8 61 9 24 10 39 11 49 12 85 13 15 14 30 15 75 16 3 17 56 18 42 19 98 20 94
1 80 2 30 3 29 4 67 5 12 6 87 7 92 8 75 9 66 10 10 11 39 12 37 13 39 14 6 15 64 16 23 17 51 18 35 19 87 20 59
1 11 2 55 3 29 4 89 5 73 6 73 7 18 8 45 9 47 10 6 11 36 12 42 13 87 14 88 15 90 16 80 17 67 18 92 19 12 20 16
1 63 2 43 3 1 4 25 5 8 6 72 7 66 8 74 9 6 10 50 11 95 12 29 13 17 14 63 15 46 16 90 17 72 18 65 19 51 20 26
1 49 2 56 3 3 4 11 5 30 6 96 7 16 8 85 9 57 10 75 11 61 12 13 13 13 14 49 15 21 16 26 17 63 18 3 19 18 20 14
1 20 2 93 3 28 4 72 5 95 6 63 7 71 8 96 9 53 10 40 11 7 12 8 13 8 14 59 15 44 16 79 17 80 18 65 19 21 20 58
1 99 2 23 3 31 4 63 5 27 6 54 7 6 8 24 9 63 10 33 11 6 12 3 13 37 14 7 15 16 16 65 17 37 18 84 19 89 20 12
1 35 2 81 3 48 4 71 5 19 6 61 7 44 8 40 9 70 10 36 11 95 12 49 13 69 14 51 15 30 16 5 17 76 18 21 19 62 20 14
1 97 2 94 3 48 4 28 5 80 6 75 7 5 8 10 9 12 10 21 11 87 12 13 13 45 14 34 15 52 16 98 17 66 18 53 19 75 20 63
1 42 2 57 3 77 4 10 5 37 6 53 7 83 8 80 9 83 10 7 11 2 12 88 13 34 14 58 15 57 16 43 17 26 18 2 19 50 20 23
1 5 2 29 3 69 4 64 5 43 6 32 7 6 8 5 9 11 10 94 11 36 12 28 13 83 14 80 15 20 16 31 17 59 18 82 19 63 20 21
1 57 2 20 3 52 4 82 5 74 6 21 7 28 8 62 9 73 10 29 11 8 12 3 13 25 14 41 15 88 16 61 17 74 18 23 19 95 20 79
1 13 2 89 3 88 4 85 5 7 6 67 7 67 8 79 9 76 10 86 11 37 12 14 13 49 14 12 15 71 16 44 17 25 18 45 19 10 20 8
1 79 2 66 3 16 4 85 5 62 6 82 7 27 8 62 9 39 10 39 11 79 12 84 13 28 14 80 15 14 16 98 17 60 18 65 19 48 20 44
1 41 2 48 3 76 4 21 5 8 6 13 7 22 8 38 9 29 10 79 11 33 12 53 13 32 14 9 15 24 16 17 17 5 18 22 19 8 20 7
1 88 2 12 3 49 4 30 5 38 6 37 7 37 8 97 9 80 10 34 11 50 12 81 13 80 14 67 15 67 16 51 17 64 18 42 19 40 20 76
1 13 2 81 3 1 4 93 5 37 6 96 7 31 8 50 9 86 10 12 11 6 12 50 13 36 14 3 15 28 16 77 17 21 18 38 19 60 20 35
1 87 2 95 3 90 4 9 5 13 6 54 7 88 8 72 9 78 10 88 11 34 12 69 13 69 14 54 15 43 16 39 17 12 18 26 19 49 20 25
1 51 2 19 3 33 4 1 5 63 6 96 7 13 8 57 9 59 10 55 11 81 12 34 13 28 14 76 15 74 16 59 17 14 18 64 19 47 20 34
1 79 2 55 3 12 4 23 5 84 6 9 7 73 8 96 9 98 10 47 11 29 12 67 13 26 14 52 15 4 16 52 17 34 18 9 19 44 20 58
1 4 2 98 3 90 4 58 5 7 6 7 7 24 8 74 9 76 10 34 11 37 12 12 13 43 14 7 15 21 16 91 17 40 18 52 19 39 20 24
1 26 2 33 3 12 4 43 5 56 6 79 7 11 8 68 9 52 10 4 11 38 12 90 13 9 14 68 15 63 16 7 17 45 18 79 19 49 20 9
1 54 2 91 3 54 4 63 5 56 6 50 7 25 8 79 9 67 10 66 11 18 12 4 13 24 14 37 15 15 16 63 17 27 18 96 19 93 20 55
1 40 2 18 3 7 4 31 5 54 6 88 7 6 8 48 9 71 10 82 11 23 12 51 13 51 14 71 15 35 16 61 17 5 18 76 19 13 20 44
1 1 2 68 3 45 4 61 5 26 6 99 7 14 8 30 9 93 10 94 11 60 12 71 13 73 14 89 15 8 16 62 17 30 18 7 19 51 20 53
1 47 2 14 3 86 4 56 5 69 6 52 7 98 8 86 9 1 10 27 11 20 12 23 13 99 14 37 15 68 16 84 17 82 18 67 19 98 20 84
1 15 2 81 3 53 4 8 5 13 6 15 7 88 8 18 9 87 10 14 11 63 12 74 13 74 14 84 15 21 16 77 17 63 18 24 19 21 20 56
1 89 2 30 3 41 4 10 5 42 6 66 7 8 8 37 9 22 10 78 11 29 12 37 13 28 14 36 15 68 16 88 17 58 18 52 19 53 20 85
1 32 2 89 3 26 4 46 5 41 6 58 7 66 8 64 9 68 10 70 11 67 12 40 13 9 14 9 15 15 16 53 17 16 18 27 19 40 20 91
1 50 2 65 3 80 4 84 5 38 6 78 7 34 8 56 9 62 10 57 11 98 12 56 13 59 14 79 15 41 16 64 17 35 18 76 19 30 20 12
1 19 2 8 3 61 4 55 5 63 6 31 7 85 8 54 9 67 10 51 11 96 12 58 13 41 14 14 15 32 16 71 17 22 18 58 19 42 20 75
1 82 2 78 3 87 4 29 5 87 6 1 7 57 8 33 9 50 10 12 11 13 12 41 13 3 14 64 15 48 16 71 17 10 18 92 19 48 20 93
1 62 2 60 3 90 4 89 5 97 6 76 7 83 8 12 9 61 10 79 11 11 12 61 13 92 14 14 15 3 16 11 17 86 18 55 19 13 20 57
1 90 2 24 3 30 4 3 5 19 6 59 7 48 8 99 9 4 10 91 11 3 12 39 13 79 14 96 15 44 16 93 17 56 18 82 19 32 20 51
1 26 2 62 3 15 4 35 5 27 6 39 7 47 8 64 9 47 10 35 11 7 12 16 13 24 14 86 15 46 16 64 17 38 18 38 19 19 20 19
1 8 2 86 3 88 4 15 5 50 6 94 7 96 8 30 9 79 10 81 11 25 12 70 13 8 14 46 15 85 16 44 17 73 18 75 19 6 20 87
1 90 2 73 3 49 4 17 5 1 6 25 7 51 8 96 9 35 10 93 11 62 12 34 13 33 14 17 15 94 16 27 17 52 18 70 19 89 20 67
1 61 2 49 3 56 4 47 5 60 6 47 7 60 8 78 9 87 10 41 11 18 12 26 13 58 14 76 15 46 16 81 17 15 18 8 19 34 20 64
1 73 2 12 3 29 4 73 5 15 6 24 7 85 8 36 9 36 10 4 11 23 12 75 13 37 14 34 15 69 16 56 17 45 18 76 19 29 20 99
1 83 2 90 3 70 4 42 5 35 6 95 7 52 8 67 9 34 10 75 11 37 12 77 13 93 14 25 15 37 16 56 17 64 18 94 19 41 20 31
1 35 2 64 3 19 4 32 5 76 6 66 7 10 8 87 9 28 10 12 11 34 12 24 13 85 14 78 15 27 16 71 17 38 18 22 19 64 20 49
1 66 2 1 3 40 4 99 5 51 6 74 7 54 8 42 9 76 10 29 11 9 12 4 13 23 14 75 15 75 16 26 17 2 18 13 19 47 20 71
1 26 2 9 3 72 4 35 5 45 6 33 7 49 8 77 9 13 10 18 11 19 12 21 13 22 14 39 15 98 16 26 17 71 18 72 19 57 20 70
1 41 2 2 3 45 4 44 5 86 6 77 7 94 8 34 9 26 10 37 11 36 12 64 13 48 14 23 15 38 16 82 17 29 18 56 19 55 20 95
1 68 2 1 3 41 4 18 5 47 6 41 7 74 8 63 9 6 10 17 11 86 12 42 13 44 14 97 15 37 16 59 17 81 18 10 19 48 20 90
1 45 2 72 3 13 4 15 5 13 6 12 7 99 8 7 9 75 10 78 11 87 12 14 13 41 14 9 15 33 16 26 17 11 18 92 19 7 20 83
1 74 2 73 3 41 4 67 5 31 6 11 7 48 8 44 9 22 10 23 11 50 12 74 13 29 14 86 15 98 16 91 17 49 18 22 19 75 20 23
1 86 2 41 3 8 4 20 5 52 6 87 7 71 8 30 9 84 10 31 11 80 12 60 13 97 14 75 15 58 16 20 17 34 18 37 19 84 20 67
1 16 2 71 3 52 4 75 5 30 6 96 7 8 8 25 9 38 10 96 11 21 12 99 13 15 14 10 15 66 16 73 17 89 18 48 19 64 20 54
1 2 2 72 3 49 4 27 5 52 6 84 7 11 8 89 9 8 10 52 11 67 12 74 13 85 14 55 15 93 16 56 17 96 18 88 19 56 20 56
1 2 2 78 3 80 4 12 5 90 6 63 7 5 8 13 9 68 10 58 11 20 12 83 13 35 14 52 15 67 16 46 17 97 18 63 19 32 20 87
1 24 2 95 3 80 4 45 5 29 6 38 7 67 8 86 9 81 10 54 11 49 12 19 13 91 14 5 15 10 16 31 17 74 18 38 19 24 20 76
1 2 2 90 3 97 4 85 5 69 6 59 7 32 8 93 9 54 10 19 11 39 12 23 13 17 14 82 15 98 16 64 17 74 18 37 19 63 20 90
1 78 2 58 3 51 4 55 5 62 6 91 7 62 8 63 9 92 10 29 11 31 12 74 13 59 14 98 15 51 16 82 17 88 18 81 19 49 20 60
1 77 2 5 3 65 4 52 5 38 6 41 7 99 8 41 9 72 10 11 11 17 12 31 13 50 14 1 15 87 16 84 17 51 18 50 19 64 20 11
1 4 2 47 3 50 4 91 5 81 6 95 7 34 8 31 9 56 10 70 11 20 12 60 13 30 14 70 15 73 16 50 17 6 18 43 19 99 20 80
1 48 2 10 3 20 4 12 5 74 6 81 7 85 8 1 9 12 10 86 11 32 12 14 13 1 14 1 15 33 16 28 17 94 18 11 19 88 20 65
1 51 2 71 3 54 4 99 5 34 6 39 7 17 8 71 9 60 10 47 11 56 12 41 13 88 14 92 15 64 16 89 17 7 18 82 19 25 20 98
1 31 2 10 3 13 4 45 5 25 6 32 7 26 8 57 9 48 10 63 11 95 12 75 13 80 14 73 15 52 16 48 17 5 18 37 19 36 20 86
1 54 2 97 3 13 4 73 5 65 6 3 7 80 8 14 9 57 10 84 11 91 12 79 13 93 14 22 15 71 16 53 17 71 18 56 19 53 20 30
1 18 2 93 3 72 4 25 5 39 6 22 7 62 8 2 9 75 10 69 11 18 12 24 13 4 14 31 15 65 16 17 17 5 18 34 19 44 20 53
1 90 2 34 3 88 4 67 5 82 6 26 7 7 8 15 9 92 10 86 11 6 12 45 13 40 14 32 15 28 16 88 17 83 18 22 19 86 20 21
1 61 2 54 3 41 4 57 5 21 6 63 7 20 8 74 9 87 10 45 11 62 12 84 13 33 14 88 15 34 16 46 17 64 18 54 19 11 20 25
1 34 2 58 3 61 4 34 5 69 6 61 7 21 8 14 9 41 10 26 11 35 12 1 13 57 14 51 15 43 16 18 17 1 18 54 19 94 20 54
1 42 2 1 3 88 4 79 5 52 6 18 7 22 8 79 9 78 10 16 11 38 12 98 13 79 14 60 15 93 16 5 17 62 18 76 19 1 20 29
1 90 2 95 3 99 4 9 5 29 6 78 7 30 8 9 9 40 10 67 11 6 12 53 13 23 14 97 15 29 16 69 17 69 18 16 19 85 20 41
1 28 2 90 3 29 4 51 5 43 6 94 7 57 8 4 9 33 10 20 11 99 12 53 13 97 14 29 15 17 16 88 17 15 18 44 19 13 20 62
1 86 2 34 3 74 4 45 5 62 6 35 7 10 8 31 9 85 10 14 11 96 12 76 13 60 14 18 15 90 16 88 17 34 18 58 19 96 20 97
1 99 2 87 3 80 4 9 5 1 6 4 7 81 8 8 9 15 10 2 11 28 12 31 13 33 14 15 15 18 16 68 17 39 18 74 19 88 20 43
1 34 2 19 3 85 4 59 5 35 6 16 7 71 8 3 9 90 10 49 11 31 12 55 13 41 14 56 15 2 16 83 17 66 18 4 19 65 20 24
1 88 2 22 3 43 4 37 5 78 6 22 7 11 8 85 9 15 10 90 11 48 12 34 13 17 14 32 15 47 16 94 17 41 18 14 19 80 20 55
1 18 2 96 3 27 4 16 5 32 6 85 7 7 8 39 9 59 10 92 11 42 12 74 13 11 14 1 15 87 16 52 17 35 18 99 19 96 20 50
1 96 2 5 3 55 4 41 5 1 6 36 7 90 8 83 9 63 10 53 11 59 12 15 13 74 14 70 15 93 16 2 17 6 18 29 19 82 20 17
1 23 2 9 3 89 4 37 5 93 6 83 7 2 8 14 9 32 10 93 11 38 12 39 13 62 14 6 15 76 16 2 17 27 18 20 19 83 20 12
1 62 2 25 3 90 4 27 5 17 6 34 7 45 8 90 9 35 10 39 11 21 12 65 13 62 14 80 15 47 16 64 17 76 18 60 19 42 20 18
1 81 2 78 3 89 4 18 5 40 6 10 7 27 8 90 9 56 10 50 11 33 12 72 13 85 14 21 15 56 16 27 17 22 18 5 19 35 20 77
1 75 2 46 3 20 4 78 5 57 6 83 7 91 8 66 9 6 10 40 11 64 12 25 13 31 14 92 15 56 16 41 17 84 18 32 19 45 20 67
1 71 2 73 3 30 4 72 5 1 6 99 7 63 8 35 9 69 10 86 11 76 12 52 13 51 14 78 15 20 16 43 17 83 18 72 19 52 20 96
1 98 2 20 3 44 4 25 5 13 6 86 7 75 8 34 9 59 10 30 11 40 12 5 13 12 14 20 15 8 16 18 17 13 18 45 19 64 20 78
1 33 2 48 3 56 4 29 5 38 6 24 7 19 8 52 9 44 10 53 11 19 12 16 13 17 14 2 15 47 16 94 17 4 18 69 19 43 20 56
1 47 2 98 3 16 4 69 5 23 6 11 7 88 8 37 9 76 10 14 11 87 12 1 13 99 14 79 15 11 16 28 17 44 18 68 19 49 20 1
1 22 2 80 3 33 4 29 5 41 6 29 7 13 8 54 9 18 10 90 11 10 12 85 13 44 14 91 15 17 16 64 17 74 18 83 19 53 20 67
1 13 2 49 3 15 4 11 5 6 6 35 7 45 8 43 9 54 10 73 11 5 12 92 13 41 14 48 15 11 16 17 17 14 18 91 19 81 20 86
1 92 2 84 3 28 4 51 5 1 6 29 7 41 8 81 9 47 10 2 11 1 12 48 13 84 14 79 15 25 16 71 17 19 18 19 19 3 20 96
1 84 2 91 3 5 4 6 5 5 6 16 7 15 8 73 9 96 10 50 11 98 12 54 13 32 14 36 15 39 16 29 17 18 18 90 19 11 20 13
1 7 2 8 3 75 4 20 5 96 6 47 7 31 8 38 9 45 10 91 11 36 12 14 13 21 14 19 15 8 16 2 17 58 18 31 19 2 20 11
1 91 2 68 3 20 4 62 5 28 6 44 7 42 8 49 9 39 10 97 11 23 12 29 13 45 14 84 15 80 16 58 17 11 18 84 19 34 20 37
1 55 2 31 3 1 4 72 5 68 6 45 7 76 8 30 9 38 10 40 11 1 12 52 13 13 14 55 15 37 16 20 17 56 18 23 19 83 20 57
1 66 2 94 3 44 4 28 5 58 6 79 7 72 8 66 9 59 10 55 11 71 12 45 13 82 14 37 15 74 16 71 17 96 18 97 19 78 20 5
1 29 2 36 3 28 4 62 5 42 6 51 7 98 8 31 9 9 10 91 11 13 12 89 13 84 14 17 15 18 16 47 17 14 18 55 19 63 20 35
1 96 2 88 3 60 4 73 5 6 6 13 7 80 8 97 9 5 10 83 11 55 12 15 13 53 14 31 15 77 16 77 17 37 18 25 19 24 20 9
1 53 2 35 3 86 4 13 5 85 6 5 7 66 8 2 9 96 10 67 11 68 12 79 13 65 14 7 15 74 16 87 17 91 18 69 19 86 20 66
1 67 2 10 3 34 4 61 5 15 6 45 7 91 8 85 9 82 10 55 11 51 12 63 13 59 14 60 15 29 16 5 17 92 18 68 19 91 20 21
1 64 2 28 3 55 4 21 5 79 6 77 7 77 8 3 9 6 10 90 11 72 12 15 13 87 14 93 15 43 16 93 17 84 18 71 19 94 20 96
1 10 2 91 3 66 4 52 5 70 6 13 7 52 8 39 9 5 10 98 11 40 12 3 13 98 14 71 15 35 16 13 17 3 18 13 19 8 20 40
1 31 2 70 3 99 4 62 5 62 6 13 7 8 8 98 9 24 10 87 11 93 12 85 13 68 14 5 15 57 16 32 17 23 18 7 19 36 20 6
1 99 2 61 3 26 4 96 5 7 6 54 7 93 8 10 9 17 10 39 11 27 12 55 13 39 14 46 15 32 16 16 17 54 18 97 19 63 20 66
1 7 2 36 3 11 4 91 5 91 6 35 7 89 8 79 9 90 10 50 11 36 12 72 13 67 14 54 15 35 16 26 17 51 18 47 19 22 20 79
1 47 2 71 3 7 4 13 5 10 6 4 7 72 8 56 9 29 10 43 11 62 12 87 13 36 14 82 15 60 16 17 17 50 18 92 19 89 20 38
1 3 2 94 3 34 4 97 5 81 6 42 7 87 8 52 9 12 10 36 11 27 12 61 13 20 14 64 15 94 16 17 17 48 18 70 19 86 20 77
1 99 2 56 3 35 4 26 5 66 6 14 7 87 8 41 9 87 10 51 11 95 12 60 13 97 14 97 15 19 16 46 17 41 18 65 19 70 20 74
1 18 2 95 3 34 4 73 5 84 6 29 7 23 8 58 9 68 10 96 11 79 12 45 13 23 14 55 15 22 16 50 17 72 18 38 19 11 20 16
1 23 2 38 3 88 4 8 5 32 6 61 7 44 8 13 9 20 10 21 11 52 12 36 13 58 14 63 15 3 16 85 17 3 18 18 19 89 20 63
1 43 2 8 3 73 4 53 5 1 6 43 7 10 8 1 9 66 10 15 11 9 12 21 13 94 14 88 15 54 16 39 17 29 18 35 19 47 20 78
1 51 2 40 3 20 4 86 5 25 6 37 7 16 8 42 9 82 10 97 11 35 12 81 13 26 14 18 15 33 16 92 17 44 18 36 19 56 20 15
1 56 2 16 3 22 4 13 5 46 6 69 7 57 8 91 9 19 10 90 11 40 12 93 13 18 14 14 15 86 16 37 17 1 18 44 19 11 20 12
1 3 2 19 3 74 4 46 5 62 6 37 7 12 8 9 9 38 10 43 11 31 12 59 13 27 14 67 15 73 16 84 17 41 18 87 19 76 20 11
1 92 2 64 3 46 4 3 5 21 6 54 7 43 8 73 9 67 10 83 11 56 12 54 13 40 14 84 15 47 16 15 17 90 18 97 19 28 20 33
1 60 2 61 3 50 4 6 5 51 6 49 7 20 8 92 9 98 10 24 11 9 12 59 13 94 14 79 15 23 16 85 17 73 18 4 19 21 20 44
1 73 2 99 3 66 4 92 5 4 6 49 7 82 8 80 9 16 10 6 11 16 12 50 13 60 14 30 15 45 16 62 17 26 18 17 19 37 20 6
1 5 2 52 3 84 4 76 5 26 6 71 7 69 8 85 9 3 10 82 11 77 12 95 13 52 14 61 15 59 16 3 17 55 18 46 19 57 20 28
1 72 2 60 3 88 4 67 5 99 6 75 7 27 8 75 9 35 10 85 11 83 12 42 13 50 14 2 15 26 16 29 17 1 18 87 19 52 20 74
1 45 2 45 3 67 4 30 5 30 6 28 7 67 8 77 9 77 10 65 11 61 12 14 13 68 14 72 15 69 16 22 17 89 18 87 19 42 20 45
1 75 2 60 3 27 4 13 5 91 6 81 7 59 8 77 9 44 10 44 11 6 12 46 13 98 14 50 15 58 16 22 17 61 18 87 19 90 20 70
1 55 2 57 3 77 4 76 5 39 6 78 7 38 8 83 9 84 10 14 11 79 12 37 13 70 14 7 15 45 16 81 17 99 18 41 19 73 20 73
1 99 2 50 3 81 4 81 5 26 6 86 7 37 8 66 9 22 10 55 11 43 12 19 13 67 14 57 15 3 16 58 17 48 18 21 19 70 20 64
1 89 2 86 3 17 4 96 5 51 6 63 7 43 8 44 9 26 10 48 11 14 12 26 13 28 14 8 15 54 16 58 17 25 18 30 19 89 20 20
1 26 2 78 3 93 4 93 5 46 6 19 7 19 8 30 9 48 10 97 11 67 12 69 13 96 14 75 15 20 16 37 17 8 18 76 19 5 20 24
1 26 2 31 3 63 4 78 5 98 6 63 7 24 8 4 9 79 10 59 11 20 12 23 13 7 14 81 15 30 16 8 17 32 18 88 19 95 20 50
1 52 2 10 3 84 4 28 5 25 6 58 7 31 8 39 9 20 10 68 11 36 12 52 13 50 14 14 15 79 16 62 17 7 18 64 19 28 20 79
1 22 2 2 3 10 4 56 5 21 6 9 7 45 8 23 9 17 10 85 11 1 12 40 13 87 14 47 15 33 16 17 17 4 18 97 19 39 20 69
1 98 2 13 3 95 4 47 5 6 6 57 7 46 8 26 9 70 10 65 11 7 12 89 13 19 14 69 15 75 16 47 17 77 18 54 19 77 20 45
1 81 2 15 3 96 4 91 5 71 6 75 7 41 8 31 9 99 10 89 11 99 12 69 13 91 14 29 15 35 16 98 17 76 18 17 19 82 20 48
1 98 2 19 3 45 4 91 5 60 6 59 7 52 8 81 9 26 10 69 11 57 12 26 13 46 14 91 15 90 16 72 17 18 18 66 19 2 20 21
1 29 2 84 3 50 4 80 5 80 6 7 7 55 8 93 9 19 10 84 11 48 12 78 13 83 14 36 15 48 16 94 17 20 18 96 19 17 20 22
1 8 2 54 3 19 4 13 5 25 6 4 7 69 8 12 9 39 10 86 11 39 12 91 13 51 14 21 15 21 16 43 17 27 18 50 19 7 20 59
1 10 2 32 3 82 4 54 5 85 6 58 7 23 8 31 9 33 10 33 11 52 12 66 13 17 14 42 15 72 16 93 17 34 18 82 19 7 20 99
1 54 2 55 3 43 4 75 5 14 6 26 7 1 8 43 9 54 10 31 11 65 12 65 13 83 14 35 15 66 16 7 17 72 18 61 19 96 20 25
1 1 2 79 3 19 4 56 5 92 6 16 7 10 8 56 9 91 10 65 11 1 12 32 13 86 14 95 15 86 16 35 17 37 18 43 19 71 20 84
1 3 2 60 3 80 4 87 5 63 6 33 7 27 8 39 9 47 10 3 11 46 12 76 13 49 14 65 15 19 16 99 17 32 18 76 19 54 20 79
1 50 2 65 3 57 4 9 5 76 6 66 7 19 8 28 9 81 10 30 11 75 12 65 13 30 14 14 15 25 16 21 17 51 18 78 19 75 20 79
1 14 2 44 3 58 4 49 5 68 6 47 7 33 8 56 9 26 10 96 11 38 12 60 13 60 14 57 15 1 16 10 17 22 18 47 19 76 20 94
1 36 2 90 3 22 4 29 5 76 6 67 7 87 8 58 9 64 10 12 11 52 12 70 13 11 14 79 15 33 16 29 17 68 18 22 19 74 20 10
1 71 2 58 3 14 4 91 5 66 6 52 7 81 8 53 9 59 10 24 11 29 12 91 13 22 14 62 15 84 16 56 17 45 18 69 19 72 20 28
1 18 2 70 3 55 4 6 5 48 6 44 7 32 8 43 9 92 10 37 11 78 12 14 13 17 14 70 15 84 16 77 17 55 18 13 19 85 20 24
1 14 2 65 3 70 4 2 5 79 6 11 7 83 8 70 9 89 10 56 11 89 12 10 13 45 14 21 15 70 16 30 17 34 18 98 19 97 20 59
1 51 2 94 3 18 4 29 5 61 6 6 7 46 8 77 9 21 10 29 11 23 12 36 13 98 14 84 15 27 16 51 17 42 18 88 19 51 20 92
1 3 2 65 3 72 4 46 5 93 6 76 7 96 8 7 9 81 10 73 11 6 12 25 13 95 14 80 15 67 16 24 17 90 18 4 19 94 20 14
1 17 2 8 3 42 4 63 5 13 6 60 7 46 8 11 9 47 10 70 11 23 12 31 13 34 14 87 15 24 16 13 17 10 18 66 19 13 20 42
1 17 2 78 3 94 4 79 5 4 6 53 7 54 8 50 9 31 10 50 11 22 12 69 13 82 14 22 15 91 16 79 17 63 18 60 19 34 20 73
1 76 2 75 3 79 4 18 5 37 6 33 7 2 8 75 9 9 10 46 11 93 12 26 13 82 14 71 15 15 16 71 17 45 18 47 19 51 20 93
1 43 2 63 3 70 4 13 5 75 6 2 7 51 8 34 9 18 10 99 11 65 12 48 13 34 14 13 15 36 16 34 17 13 18 11 19 79 20 91
1 96 2 5 3 74 4 5 5 25 6 55 7 64 8 39 9 63 10 89 11 28 12 45 13 25 14 24 15 46 16 32 17 83 18 98 19 86 20 92
1 40 2 57 3 61 4 38 5 5 6 71 7 2 8 55 9 65 10 31 11 67 12 26 13 54 14 98 15 78 16 2 17 80 18 79 19 33 20 98
1 11 2 41 3 38 4 22 5 68 6 96 7 90 8 81 9 13 10 20 11 17 12 24 13 87 14 36 15 77 16 61 17 60 18 68 19 55 20 56
1 92 2 49 3 47 4 82 5 55 6 46 7 51 8 91 9 37 10 73 11 83 12 27 13 44 14 80 15 22 16 87 17 24 18 75 19 68 20 92
1 5 2 94 3 64 4 5 5 77 6 23 7 22 8 90 9 37 10 53 11 1 12 8 13 67 14 93 15 54 16 10 17 57 18 79 19 41 20 10
1 15 2 86 3 12 4 29 5 65 6 25 7 18 8 51 9 84 10 64 11 89 12 29 13 38 14 8 15 77 16 29 17 54 18 40 19 71 20 27
1 29 2 77 3 23 4 24 5 84 6 19 7 17 8 94 9 53 10 77 11 28 12 62 13 46 14 70 15 25 16 59 17 18 18 18 19 39 20 44
1 11 2 1 3 68 4 16 5 23 6 97 7 94 8 13 9 78 10 79 11 23 12 40 13 50 14 91 15 87 16 96 17 77 18 9 19 57 20 61
1 95 2 73 3 44 4 40 5 21 6 6 7 43 8 7 9 60 10 62 11 98 12 26 13 49 14 82 15 49 16 61 17 62 18 12 19 62 20 61
1 84 2 89 3 33 4 72 5 66 6 94 7 37 8 6 9 87 10 71 11 15 12 21 13 78 14 58 15 48 16 7 17 33 18 39 19 98 20 35
1 63 2 10 3 13 4 35 5 33 6 35 7 10 8 52 9 64 10 36 11 66 12 90 13 84 14 9 15 67 16 42 17 25 18 41 19 36 20 80
1 15 2 72 3 93 4 92 5 70 6 45 7 60 8 94 9 61 10 21 11 95 12 98 13 62 14 31 15 58 16 72 17 65 18 39 19 77 20 54
1 57 2 29 3 31 4 7 5 73 6 8 7 50 8 48 9 52 10 72 11 30 12 37 13 80 14 36 15 49 16 88 17 92 18 60 19 24 20 48
1 50 2 36 3 56 4 85 5 34 6 35 7 84 8 10 9 3 10 4 11 10 12 94 13 6 14 38 15 56 16 38 17 30 18 71 19 40 20 72
1 33 2 29 3 43 4 8 5 59 6 40 7 2 8 42 9 89 10 24 11 89 12 18 13 81 14 94 15 88 16 41 17 15 18 98 19 85 20 58
1 13 2 93 3 79 4 88 5 92 6 64 7 98 8 24 9 71 10 11 11 60 12 96 13 72 14 8 15 22 16 34 17 53 18 38 19 15 20 99
1 15 2 89 3 31 4 41 5 72 6 89 7 52 8 57 9 5 10 63 11 45 12 3 13 32 14 3 15 93 16 44 17 21 18 43 19 81 20 80
1 6 2 36 3 22 4 26 5 7 6 92 7 9 8 74 9 95 10 39 11 65 12 68 13 72 14 43 15 41 16 64 17 14 18 24 19 68 20 29
1 65 2 86 3 91 4 77 5 83 6 46 7 36 8 23 9 53 10 12 11 28 12 37 13 69 14 70 15 37 16 80 17 51 18 90 19 80 20 20
1 35 2 72 3 25 4 24 5 80 6 48 7 56 8 49 9 50 10 95 11 79 12 46 13 85 14 60 15 61 16 9 17 53 18 62 19 30 20 81
1 56 2 24 3 58 4 23 5 14 6 92 7 93 8 30 9 98 10 24 11 92 12 46 13 44 14 51 15 39 16 23 17 16 18 24 19 15 20 78
1 53 2 24 3 76 4 14 5 28 6 67 7 91 8 60 9 55 10 53 11 82 12 18 13 59 14 69 15 69 16 64 17 55 18 20 19 5 20 61
1 76 2 28 3 22 4 71 5 69 6 85 7 83 8 53 9 3 10 95 11 35 12 72 13 18 14 64 15 62 16 61 17 68 18 14 19 5 20 45
1 89 2 47 3 73 4 95 5 83 6 21 7 68 8 46 9 18 10 82 11 74 12 53 13 19 14 37 15 38 16 76 17 65 18 15 19 22 20 50
1 28 2 24 3 25 4 48 5 95 6 71 7 80 8 1 9 71 10 91 11 72 12 81 13 57 14 98 15 60 16 25 17 80 18 94 19 7 20 47
1 44 2 20 3 56 4 59 5 60 6 38 7 84 8 55 9 52 10 91 11 2 12 45 13 49 14 37 15 73 16 52 17 22 18 75 19 93 20 65
1 45 2 52 3 92 4 71 5 4 6 60 7 97 8 52 9 69 10 86 11 22 12 1 13 59 14 18 15 66 16 55 17 26 18 43 19 19 20 51
1 20 2 70 3 49 4 99 5 95 6 29 7 48 8 17 9 53 10 61 11 33 12 58 13 19 14 96 15 15 16 32 17 28 18 18 19 72 20 14
1 95 2 83 3 15 4 95 5 67 6 24 7 36 8 53 9 97 10 41 11 49 12 34 13 26 14 20 15 86 16 85 17 44 18 58 19 80 20 17
1 86 2 86 3 11 4 57 5 81 6 94 7 28 8 97 9 85 10 75 11 95 12 53 13 16 14 53 15 35 16 52 17 1 18 93 19 51 20 61
1 28 2 81 3 65 4 19 5 75 6 74 7 90 8 19 9 70 10 33 11 31 12 64 13 75 14 89 15 33 16 58 17 64 18 86 19 50 20 66
1 82 2 79 3 11 4 44 5 23 6 59 7 31 8 1 9 33 10 15 11 46 12 97 13 29 14 37 15 75 16 86 17 27 18 64 19 74 20 59
1 94 2 98 3 47 4 94 5 23 6 5 7 79 8 17 9 73 10 77 11 55 12 57 13 28 14 5 15 12 16 44 17 5 18 76 19 62 20 26
1 70 2 68 3 53 4 96 5 22 6 81 7 60 8 67 9 1 10 5 11 46 12 20 13 75 14 36 15 97 16 40 17 7 18 57 19 52 20 37
1 8 2 59 3 24 4 58 5 41 6 27 7 63 8 40 9 41 10 27 11 69 12 9 13 1 14 97 15 91 16 16 17 24 18 15 19 24 20 31
1 40 2 70 3 46 4 60 5 44 6 61 7 48 8 6 9 9 10 90 11 65 12 58 13 44 14 37 15 32 16 82 17 82 18 92 19 90 20 7
1 81 2 46 3 48 4 11 5 20 6 11 7 94 8 4 9 89 10 97 11 40 12 69 13 46 14 63 15 12 16 87 17 38 18 88 19 21 20 49
1 29 2 52 3 4 4 46 5 3 6 87 7 10 8 34 9 62 10 91 11 34 12 76 13 19 14 45 15 23 16 37 17 11 18 50 19 24 20 35
1 75 2 8 3 53 4 15 5 52 6 95 7 8 8 87 9 24 10 92 11 84 12 32 13 94 14 2 15 14 16 46 17 74 18 96 19 69 20 46
1 63 2 69 3 39 4 43 5 7 6 9 7 36 8 23 9 53 10 63 11 97 12 77 13 34 14 16 15 1 16 16 17 31 18 38 19 1 20 7
1 96 2 63 3 45 4 37 5 10 6 93 7 89 8 85 9 26 10 3 11 93 12 2 13 28 14 51 15 94 16 17 17 2 18 20 19 58 20 9
1 4 2 34 3 33 4 79 5 24 6 42 7 31 8 24 9 9 10 20 11 97 12 27 13 28 14 30 15 58 16 31 17 77 18 10 19 99 20 29
1 31 2 23 3 20 4 81 5 74 6 41 7 18 8 77 9 37 10 69 11 87 12 25 13 61 14 80 15 75 16 50 17 39 18 68 19 45 20 88
1 73 2 6 3 26 4 81 5 2 6 10 7 22 8 30 9 87 10 25 11 55 12 87 13 75 14 42 15 84 16 96 17 52 18 35 19 67 20 89
1 13 2 51 3 58 4 85 5 88 6 13 7 18 8 81 9 94 10 84 11 22 12 91 13 73 14 72 15 26 16 53 17 37 18 89 19 54 20 2
1 58 2 91 3 22 4 92 5 69 6 98 7 1 8 92 9 63 10 51 11 51 12 24 13 42 14 64 15 41 16 89 17 45 18 48 19 32 20 98
1 88 2 3 3 48 4 20 5 42 6 44 7 41 8 39 9 75 10 93 11 21 12 9 13 14 14 18 15 98 16 15 17 39 18 73 19 40 20 38
1 33 2 70 3 48 4 73 5 42 6 27 7 39 8 51 9 18 10 30 11 91 12 57 13 57 14 9 15 54 16 25 17 16 18 21 19 15 20 53
1 8 2 84 3 76 4 84 5 69 6 11 7 4 8 69 9 65 10 28 11 57 12 12 13 38 14 78 15 14 16 88 17 86 18 67 19 9 20 31
1 12 2 25 3 84 4 70 5 71 6 69 7 66 8 41 9 51 10 77 11 59 12 90 13 84 14 86 15 45 16 56 17 50 18 81 19 78 20 31
1 76 2 84 3 31 4 98 5 34 6 67 7 13 8 32 9 85 10 85 11 68 12 6 13 14 14 74 15 40 16 33 17 4 18 41 19 63 20 38
1 40 2 28 3 43 4 50 5 93 6 91 7 25 8 33 9 9 10 42 11 9 12 56 13 94 14 83 15 56 16 71 17 45 18 46 19 11 20 54
1 51 2 66 3 13 4 31 5 4 6 27 7 72 8 69 9 22 10 89 11 4 12 56 13 82 14 87 15 14 16 47 17 20 18 7 19 88 20 56
1 49 2 74 3 53 4 16 5 1 6 25 7 72 8 63 9 69 10 63 11 50 12 96 13 76 14 10 15 33 16 84 17 35 18 81 19 84 20 51
1 10 2 51 3 61 4 13 5 6 6 51 7 65 8 15 9 74 10 24 11 88 12 63 13 2 14 9 15 16 16 79 17 96 18 39 19 34 20 56
1 61 2 69 3 4 4 48 5 80 6 24 7 43 8 30 9 99 10 84 11 96 12 3 13 74 14 12 15 14 16 91 17 44 18 87 19 32 20 51
1 63 2 10 3 6 4 9 5 10 6 2 7 71 8 29 9 81 10 25 11 97 12 34 13 20 14 45 15 42 16 35 17 67 18 43 19 40 20 61
1 40 2 10 3 22 4 48 5 64 6 71 7 27 8 37 9 71 10 6 11 91 12 59 13 14 14 24 15 12 16 82 17 78 18 57 19 28 20 23
1 55 2 77 3 44 4 5 5 18 6 59 7 14 8 62 9 6 10 1 11 98 12 74 13 41 14 99 15 26 16 26 17 24 18 55 19 7 20 9
1 95 2 94 3 60 4 24 5 95 6 2 7 91 8 78 9 76 10 59 11 99 12 95 13 10 14 62 15 82 16 53 17 68 18 15 19 74 20 46
1 16 2 86 3 82 4 26 5 13 6 14 7 84 8 38 9 95 10 55 11 53 12 13 13 13 14 62 15 73 16 99 17 9 18 6 19 38 20 50
1 27 2 96 3 85 4 89 5 88 6 84 7 35 8 61 9 48 10 1 11 56 12 42 13 10 14 88 15 70 16 79 17 53 18 58 19 25 20 7
1 28 2 86 3 6 4 77 5 34 6 58 7 83 8 70 9 43 10 87 11 23 12 37 13 8 14 93 15 12 16 54 17 34 18 14 19 10 20 30
1 35 2 34 3 29 4 93 5 41 6 12 7 39 8 10 9 22 10 86 11 13 12 42 13 10 14 4 15 87 16 48 17 22 18 73 19 39 20 80
1 89 2 5 3 63 4 88 5 41 6 98 7 3 8 56 9 85 10 2 11 83 12 32 13 22 14 55 15 4 16 22 17 4 18 50 19 65 20 1
1 10 2 61 3 22 4 17 5 87 6 19 7 5 8 42 9 63 10 56 11 46 12 84 13 91 14 98 15 36 16 61 17 51 18 72 19 61 20 91
1 41 2 54 3 98 4 4 5 49 6 69 7 26 8 83 9 23 10 15 11 67 12 63 13 94 14 3 15 57 16 71 17 54 18 94 19 43 20 98
1 61 2 97 3 64 4 76 5 57 6 13 7 4 8 39 9 9 10 54 11 34 12 45 13 2 14 60 15 99 16 35 17 15 18 51 19 72 20 17
1 93 2 21 3 57 4 19 5 3 6 49 7 96 8 60 9 73 10 17 11 35 12 82 13 66 14 99 15 93 16 51 17 45 18 25 19 72 20 18
1 56 2 82 3 89 4 60 5 98 6 34 7 23 8 96 9 66 10 29 11 80 12 92 13 66 14 63 15 23 16 75 17 28 18 21 19 72 20 4
1 67 2 46 3 87 4 23 5 64 6 72 7 24 8 49 9 11 10 16 11 99 12 8 13 28 14 2 15 88 16 86 17 99 18 2 19 42 20 73
1 24 2 70 3 51 4 59 5 20 6 94 7 48 8 79 9 86 10 74 11 41 12 4 13 81 14 99 15 67 16 71 17 99 18 9 19 96 20 11
1 94 2 17 3 90 4 57 5 50 6 87 7 46 8 8 9 34 10 26 11 90 12 38 13 87 14 83 15 41 16 23 17 18 18 79 19 32 20 22
1 26 2 10 3 48 4 58 5 10 6 19 7 77 8 55 9 10 10 93 11 78 12 20 13 48 14 7 15 17 16 6 17 7 18 36 19 20 20 25
1 41 2 20 3 55 4 96 5 77 6 59 7 76 8 52 9 72 10 34 11 43 12 80 13 59 14 57 15 92 16 77 17 42 18 42 19 54 20 45
1 99 2 59 3 43 4 66 5 90 6 24 7 81 8 68 9 16 10 42 11 98 12 15 13 5 14 99 15 70 16 20 17 18 18 57 19 40 20 89
1 26 2 72 3 60 4 45 5 26 6 42 7 49 8 65 9 18 10 61 11 68 12 40 13 64 14 88 15 90 16 6 17 97 18 74 19 2 20 63
1 34 2 85 3 6 4 75 5 96 6 97 7 27 8 85 9 23 10 79 11 77 12 26 13 97 14 69 15 80 16 78 17 67 18 57 19 38 20 60
1 22 2 45 3 70 4 12 5 82 6 84 7 61 8 29 9 50 10 87 11 78 12 56 13 3 14 55 15 93 16 11 17 3 18 76 19 7 20 44
1 42 2 35 3 94 4 62 5 43 6 81 7 89 8 96 9 15 10 22 11 34 12 90 13 63 14 71 15 40 16 79 17 45 18 76 19 22 20 40
1 16 2 73 3 42 4 89 5 67 6 16 7 17 8 65 9 12 10 96 11 13 12 13 13 72 14 98 15 99 16 32 17 4 18 78 19 44 20 49
1 88 2 59 3 87 4 68 5 18 6 46 7 6 8 24 9 84 10 12 11 16 12 93 13 21 14 68 15 23 16 4 17 80 18 63 19 18 20 2
1 50 2 42 3 26 4 37 5 11 6 59 7 91 8 86 9 45 10 13 11 88 12 98 13 81 14 1 15 67 16 51 17 44 18 44 19 38 20 80
1 40 2 55 3 94 4 46 5 48 6 39 7 79 8 16 9 16 10 90 11 10 12 17 13 36 14 86 15 80 16 84 17 93 18 14 19 94 20 16
1 72 2 63 3 36 4 29 5 83 6 32 7 57 8 56 9 21 10 23 11 59 12 46 13 98 14 79 15 70 16 52 17 61 18 65 19 23 20 75
1 32 2 75 3 85 4 98 5 90 6 53 7 94 8 35 9 20 10 18 11 24 12 49 13 80 14 48 15 98 16 29 17 5 18 65 19 60 20 84
1 94 2 36 3 56 4 61 5 25 6 99 7 76 8 97 9 34 10 36 11 3 12 5 13 33 14 9 15 22 16 50 17 23 18 51 19 50 20 26
1 92 2 64 3 9 4 44 5 16 6 76 7 5 8 18 9 56 10 85 11 94 12 40 13 92 14 92 15 16 16 22 17 73 18 71 19 69 20 51
1 63 2 93 3 25 4 91 5 91 6 61 7 60 8 4 9 94 10 7 11 89 12 69 13 63 14 35 15 97 16 41 17 38 18 32 19 15 20 23
1 79 2 60 3 80 4 9 5 65 6 98 7 75 8 57 9 7 10 39 11 50 12 63 13 81 14 83 15 56 16 48 17 48 18 69 19 93 20 71
1 27 2 67 3 77 4 17 5 68 6 64 7 39 8 16 9 79 10 94 11 41 12 4 13 39 14 29 15 61 16 74 17 21 18 59 19 58 20 98
1 1 2 59 3 29 4 10 5 27 6 69 7 85 8 70 9 69 10 81 11 57 12 22 13 31 14 4 15 73 16 37 17 78 18 30 19 65 20 14
1 36 2 96 3 74 4 93 5 23 6 11 7 38 8 14 9 55 10 20 11 38 12 77 13 68 14 86 15 8 16 58 17 73 18 31 19 82 20 40
1 50 2 14 3 5 4 86 5 55 6 55 7 86 8 95 9 53 10 19 11 57 12 81 13 45 14 3 15 24 16 9 17 13 18 80 19 42 20 42
1 40 2 62 3 13 4 85 5 52 6 24 7 32 8 48 9 9 10 27 11 28 12 35 13 28 14 22 15 94 16 34 17 86 18 83 19 84 20 47
1 39 2 19 3 77 4 75 5 52 6 71 7 59 8 15 9 64 10 36 11 13 12 90 13 3 14 94 15 50 16 21 17 92 18 52 19 78 20 49
1 64 2 28 3 14 4 62 5 97 6 1 7 22 8 14 9 48 10 71 11 69 12 27 13 88 14 56 15 85 16 94 17 39 18 82 19 99 20 52
1 13 2 14 3 76 4 73 5 21 6 96 7 29 8 44 9 94 10 41 11 25 12 49 13 17 14 10 15 41 16 21 17 2 18 88 19 24 20 95
1 53 2 40 3 6 4 70 5 83 6 41 7 60 8 56 9 58 10 69 11 44 12 10 13 45 14 52 15 12 16 68 17 18 18 90 19 5 20 60
1 10 2 22 3 65 4 28 5 17 6 39 7 62 8 79 9 50 10 14 11 70 12 62 13 18 14 94 15 31 16 40 17 39 18 34 19 27 20 47
1 60 2 48 3 41 4 78 5 38 6 20 7 30 8 79 9 57 10 15 11 33 12 50 13 57 14 36 15 84 16 15 17 55 18 81 19 59 20 55
1 58 2 90 3 26 4 45 5 80 6 35 7 88 8 3 9 41 10 1 11 58 12 63 13 23 14 34 15 65 16 66 17 34 18 17 19 62 20 60
1 16 2 12 3 51 4 25 5 91 6 7 7 96 8 16 9 92 10 60 11 37 12 99 13 15 14 93 15 67 16 86 17 19 18 12 19 63 20 22
1 98 2 56 3 81 4 52 5 84 6 87 7 72 8 65 9 26 10 55 11 26 12 20 13 93 14 76 15 50 16 23 17 32 18 61 19 65 20 7
1 2 2 4 3 57 4 65 5 67 6 62 7 54 8 9 9 39 10 90 11 72 12 82 13 77 14 47 15 81 16 33 17 53 18 45 19 96 20 66
1 1 2 55 3 4 4 27 5 75 6 25 7 77 8 46 9 1 10 97 11 67 12 54 13 47 14 67 15 39 16 24 17 71 18 81 19 45 20 23
1 68 2 87 3 71 4 28 5 87 6 6 7 18 8 13 9 59 10 27 11 79 12 27 13 12 14 61 15 46 16 73 17 92 18 69 19 59 20 52
1 70 2 63 3 31 4 70 5 54 6 89 7 39 8 76 9 93 10 19 11 30 12 71 13 22 14 76 15 10 16 49 17 76 18 45 19 45 20 17
1 89 2 23 3 13 4 89 5 43 6 69 7 22 8 12 9 36 10 35 11 2 12 40 13 97 14 84 15 33 16 7 17 73 18 49 19 1 20 87
1 77 2 46 3 26 4 99 5 9 6 1 7 82 8 61 9 22 10 49 11 99 12 86 13 17 14 6 15 44 16 12 17 92 18 32 19 16 20 45
1 21 2 43 3 33 4 84 5 66 6 75 7 63 8 65 9 17 10 80 11 27 12 42 13 24 14 6 15 93 16 80 17 77 18 7 19 51 20 1
1 39 2 36 3 61 4 85 5 91 6 43 7 76 8 38 9 51 10 20 11 23 12 5 13 35 14 94 15 72 16 29 17 23 18 48 19 48 20 79
1 40 2 19 3 56 4 91 5 77 6 98 7 54 8 37 9 85 10 29 11 2 12 9 13 15 14 81 15 11 16 98 17 17 18 83 19 76 20 70
1 12 2 39 3 27 4 93 5 83 6 2 7 77 8 94 9 7 10 71 11 60 12 57 13 46 14 5 15 70 16 29 17 17 18 61 19 57 20 61
1 35 2 54 3 83 4 17 5 30 6 93 7 84 8 13 9 49 10 28 11 78 12 7 13 15 14 72 15 29 16 54 17 32 18 5 19 83 20 40
1 92 2 81 3 85 4 39 5 36 6 89 7 98 8 24 9 79 10 2 11 44 12 5 13 72 14 80 15 24 16 94 17 91 18 24 19 41 20 39
1 72 2 37 3 9 4 47 5 91 6 56 7 61 8 49 9 40 10 55 11 26 12 12 13 11 14 64 15 73 16 13 17 17 18 87 19 59 20 53
1 80 2 59 3 8 4 1 5 24 6 41 7 74 8 15 9 9 10 35 11 18 12 17 13 68 14 80 15 20 16 44 17 31 18 70 19 34 20 63
1 13 2 1 3 39 4 44 5 64 6 95 7 6 8 21 9 68 10 22 11 50 12 99 13 19 14 72 15 41 16 87 17 54 18 19 19 7 20 55
1 3 2 49 3 13 4 20 5 18 6 28 7 4 8 3 9 41 10 73 11 71 12 33 13 17 14 40 15 64 16 62 17 13 18 19 19 70 20 38
1 41 2 96 3 33 4 64 5 68 6 64 7 28 8 31 9 11 10 41 11 70 12 58 13 65 14 35 15 29 16 74 17 94 18 2 19 8 20 65
1 26 2 75 3 29 4 61 5 46 6 36 7 4 8 25 9 33 10 38 11 17 12 22 13 43 14 3 15 50 16 30 17 4 18 92 19 43 20 5
1 76 2 16 3 68 4 58 5 72 6 79 7 9 8 7 9 70 10 20 11 72 12 90 13 57 14 26 15 39 16 56 17 26 18 37 19 27 20 38
1 35 2 22 3 98 4 69 5 17 6 60 7 50 8 85 9 10 10 59 11 86 12 44 13 68 14 53 15 7 16 2 17 84 18 49 19 39 20 3
1 46 2 73 3 97 4 94 5 17 6 59 7 91 8 1 9 41 10 7 11 76 12 75 13 1 14 18 15 80 16 12 17 98 18 53 19 11 20 82
1 44 2 99 3 25 4 20 5 46 6 27 7 45 8 93 9 5 10 76 11 14 12 33 13 24 14 57 15 8 16 79 17 97 18 64 19 27 20 65
1 67 2 46 3 58 4 97 5 84 6 12 7 69 8 54 9 29 10 54 11 85 12 24 13 94 14 97 15 21 16 69 17 60 18 20 19 38 20 28
1 57 2 12 3 42 4 14 5 71 6 67 7 44 8 60 9 8 10 12 11 60 12 31 13 39 14 10 15 81 16 50 17 17 18 83 19 15 20 17
1 49 2 11 3 78 4 31 5 21 6 67 7 82 8 36 9 63 10 44 11 20 12 74 13 16 14 1 15 10 16 62 17 13 18 32 19 42 20 53
1 10 2 82 3 94 4 23 5 58 6 10 7 8 8 60 9 21 10 33 11 88 12 70 13 68 14 49 15 10 16 13 17 30 18 40 19 48 20 46
1 4 2 84 3 36 4 9 5 21 6 35 7 29 8 78 9 60 10 47 11 39 12 22 13 74 14 87 15 47 16 36 17 42 18 79 19 79 20 34
1 53 2 24 3 9 4 85 5 15 6 30 7 58 8 41 9 57 10 37 11 47 12 71 13 67 14 66 15 59 16 83 17 43 18 37 19 90 20 18
1 49 2 94 3 2 4 41 5 7 6 62 7 84 8 1 9 23 10 23 11 26 12 31 13 21 14 56 15 26 16 29 17 76 18 3 19 43 20 11
1 83 2 68 3 85 4 12 5 46 6 39 7 3 8 75 9 22 10 55 11 69 12 79 13 28 14 36 15 22 16 18 17 71 18 65 19 96 20 55
1 57 2 14 3 40 4 83 5 78 6 16 7 26 8 41 9 69 10 23 11 63 12 52 13 83 14 93 15 76 16 11 17 31 18 3 19 63 20 77
1 20 2 45 3 41 4 12 5 71 6 14 7 98 8 17 9 55 10 14 11 47 12 30 13 51 14 16 15 32 16 35 17 6 18 62 19 60 20 77
1 96 2 31 3 2 4 53 5 28 6 88 7 73 8 14 9 21 10 81 11 83 12 22 13 29 14 90 15 24 16 61 17 70 18 24 19 39 20 90
1 98 2 58 3 46 4 77 5 92 6 32 7 87 8 50 9 65 10 80 11 77 12 69 13 15 14 63 15 16 16 90 17 9 18 28 19 53 20 56
1 96 2 7 3 34 4 5 5 23 6 6 7 58 8 67 9 49 10 54 11 18 12 2 13 14 14 77 15 37 16 60 17 70 18 87 19 9 20 54
1 22 2 75 3 72 4 73 5 89 6 37 7 40 8 96 9 90 10 18 11 55 12 1 13 81 14 92 15 17 16 53 17 94 18 68 19 39 20 9
1 51 2 21 3 12 4 14 5 62 6 87 7 8 8 91 9 86 10 28 11 8 12 36 13 33 14 93 15 76 16 20 17 5 18 71 19 35 20 41
1 35 2 69 3 61 4 68 5 82 6 28 7 27 8 74 9 44 10 94 11 53 12 67 13 65 14 83 15 2 16 21 17 29 18 94 19 47 20 97
1 16 2 48 3 27 4 90 5 63 6 96 7 31 8 75 9 46 10 35 11 56 12 29 13 15 14 12 15 33 16 69 17 39 18 82 19 64 20 44
1 71 2 4 3 13 4 21 5 11 6 83 7 31 8 4 9 33 10 80 11 99 12 95 13 39 14 83 15 22 16 18 17 63 18 12 19 84 20 62
1 81 2 36 3 13 4 1 5 7 6 55 7 77 8 15 9 28 10 20 11 6 12 60 13 40 14 91 15 8 16 75 17 35 18 19 19 42 20 94
1 28 2 56 3 84 4 33 5 28 6 5 7 4 8 38 9 65 10 69 11 48 12 61 13 9 14 30 15 39 16 51 17 35 18 41 19 94 20 10
1 55 2 39 3 28 4 94 5 75 6 9 7 87 8 42 9 83 10 44 11 48 12 56 13 79 14 63 15 22 16 37 17 56 18 52 19 24 20 48
1 31 2 70 3 84 4 94 5 10 6 66 7 45 8 56 9 66 10 54 11 55 12 16 13 14 14 10 15 90 16 21 17 87 18 55 19 31 20 50
1 15 2 99 3 62 4 47 5 25 6 88 7 61 8 91 9 65 10 72 11 98 12 32 13 11 14 7 15 4 16 96 17 38 18 56 19 41 20 44
1 33 2 36 3 29 4 55 5 73 6 27 7 87 8 45 9 73 10 96 11 63 12 61 13 40 14 78 15 99 16 57 17 87 18 59 19 85 20 44
