500 20
1 80 2 87 3 30 4 35 5 53 6 80 7 4 8 61 9 54 10 99 11 49 12 41 13 47 14 46 15 39 16 66 17 89 18 33 19 19 20 49
1 5 2 62 3 91 4 18 5 12 6 6 7 52 8 13 9 38 10 39 11 55 12 8 13 61 14 77 15 90 16 30 17 9 18 47 19 23 20 64
1 22 2 84 3 9 4 40 5 63 6 88 7 56 8 83 9 54 10 83 11 12 12 89 13 53 14 66 15 64 16 68 17 25 18 71 19 11 20 54
1 60 2 71 3 23 4 73 5 57 6 67 7 98 8 99 9 39 10 84 11 55 12 59 13 55 14 48 15 14 16 78 17 21 18 63 19 81 20 24
1 82 2 68 3 39 4 33 5 88 6 66 7 15 8 83 9 23 10 63 11 7 12 64 13 95 14 32 15 22 16 11 17 69 18 84 19 92 20 2
1 98 2 69 3 92 4 26 5 2 6 83 7 78 8 24 9 53 10 41 11 59 12 21 13 58 14 76 15 59 16 29 17 23 18 23 19 38 20 87
1 47 2 98 3 36 4 77 5 72 6 93 7 55 8 87 9 32 10 30 11 75 12 68 13 25 14 95 15 97 16 72 17 13 18 25 19 20 20 7
1 6 2 75 3 34 4 85 5 80 6 90 7 71 8 37 9 34 10 34 11 71 12 63 13 43 14 24 15 81 16 10 17 97 18 73 19 74 20 95
1 25 2 78 3 90 4 18 5 87 6 76 7 57 8 67 9 1 10 36 11 28 12 3 13 58 14 15 15 50 16 54 17 35 18 33 19 79 20 20
1 85 2 7 3 81 4 57 5 96 6 77 7 24 8 19 9 99 10 89 11 55 12 87 13 49 14 17 15 21 16 13 17 11 18 46 19 50 20 25
1 99 2 8 3 2 4 48 5 21 6 29 7 21 8 17 9 92 10 89 11 91 12 32 13 3 14 26 15 21 16 55 17 91 18 39 19 4 20 9
1 90 2 3 3 68 4 23 5 54 6 94 7 58 8 79 9 31 10 88 11 59 12 64 13 27 14 68 15 13 16 94 17 24 18 60 19 1 20 53
1 13 2 17 3 7 4 32 5 58 6 88 7 38 8 57 9 39 10 34 11 49 12 87 13 77 14 70 15 84 16 92 17 38 18 14 19 34 20 32
1 4 2 21 3 25 4 70 5 39 6 23 7 18 8 5 9 65 10 46 11 84 12 99 13 56 14 34 15 77 16 93 17 1 18 51 19 78 20 79
1 76 2 99 3 45 4 52 5 16 6 63 7 24 8 19 9 90 10 50 11 95 12 26 13 92 14 16 15 54 16 37 17 67 18 51 19 95 20 33
1 79 2 90 3 72 4 87 5 33 6 33 7 78 8 14 9 54 10 73 11 5 12 39 13 57 14 1 15 69 16 63 17 85 18 5 19 38 20 7
1 77 2 63 3 83 4 36 5 23 6 96 7 60 8 90 9 85 10 20 11 33 12 72 13 95 14 49 15 5 16 88 17 65 18 73 19 67 20 88
1 81 2 33 3 87 4 51 5 19 6 17 7 63 8 18 9 72 10 87 11 94 12 86 13 26 14 58 15 77 16 79 17 18 18 37 19 5 20 95
1 98 2 76 3 56 4 93 5 8 6 26 7 25 8 63 9 11 10 11 11 51 12 39 13 81 14 42 15 96 16 67 17 49 18 59 19 76 20 67
1 53 2 1 3 53 4 74 5 17 6 8 7 16 8 35 9 53 10 55 11 49 12 65 13 80 14 89 15 29 16 68 17 56 18 94 19 46 20 40
1 68 2 4 3 91 4 65 5 18 6 51 7 91 8 27 9 6 10 5 11 30 12 20 13 90 14 18 15 23 16 97 17 27 18 65 19 43 20 38
1 40 2 86 3 51 4 11 5 54 6 93 7 40 8 49 9 50 10 95 11 97 12 29 13 53 14 86 15 95 16 67 17 35 18 60 19 58 20 41
1 13 2 91 3 22 4 72 5 23 6 45 7 24 8 57 9 81 10 23 11 21 12 35 13 16 14 6 15 68 16 5 17 6 18 59 19 29 20 31
1 1 2 99 3 42 4 71 5 31 6 74 7 67 8 17 9 47 10 44 11 36 12 50 13 42 14 25 15 74 16 10 17 72 18 59 19 87 20 97
1 95 2 37 3 12 4 15 5 46 6 19 7 19 8 83 9 19 10 30 11 31 12 87 13 93 14 48 15 13 16 93 17 32 18 2 19 5 20 27
1 31 2 28 3 66 4 12 5 72 6 51 7 21 8 93 9 18 10 35 11 7 12 23 13 66 14 46 15 52 16 26 17 29 18 89 19 81 20 22
1 70 2 95 3 55 4 31 5 29 6 29 7 32 8 51 9 86 10 20 11 80 12 71 13 51 14 10 15 65 16 41 17 28 18 27 19 67 20 8
1 80 2 7 3 8 4 58 5 21 6 44 7 14 8 99 9 75 10 30 11 20 12 49 13 85 14 65 15 71 16 32 17 82 18 22 19 68 20 77
1 43 2 15 3 21 4 8 5 97 6 63 7 44 8 97 9 28 10 12 11 91 12 39 13 5 14 94 15 54 16 4 17 4 18 90 19 55 20 27
1 55 2 71 3 9 4 19 5 72 6 83 7 77 8 8 9 59 10 88 11 41 12 39 13 19 14 10 15 40 16 73 17 74 18 51 19 49 20 61
1 70 2 43 3 90 4 67 5 71 6 9 7 49 8 3 9 53 10 60 11 48 12 67 13 59 14 60 15 89 16 52 17 62 18 37 19 11 20 37
1 21 2 12 3 69 4 95 5 17 6 25 7 35 8 33 9 77 10 37 11 48 12 40 13 34 14 82 15 68 16 67 17 27 18 2 19 20 20 4
1 82 2 47 3 70 4 22 5 21 6 35 7 3 8 40 9 52 10 20 11 46 12 71 13 91 14 12 15 64 16 7 17 96 18 8 19 70 20 23
1 26 2 28 3 41 4 74 5 60 6 82 7 25 8 99 9 16 10 59 11 35 12 79 13 32 14 10 15 38 16 27 17 7 18 30 19 88 20 86
1 53 2 77 3 20 4 38 5 55 6 48 7 65 8 44 9 75 10 1 11 87 12 47 13 46 14 78 15 50 16 7 17 78 18 87 19 13 20 69
1 90 2 52 3 35 4 60 5 71 6 62 7 66 8 26 9 52 10 40 11 75 12 51 13 33 14 79 15 77 16 52 17 62 18 42 19 62 20 2
1 45 2 37 3 69 4 81 5 62 6 63 7 6 8 86 9 3 10 4 11 42 12 99 13 28 14 13 15 50 16 70 17 8 18 51 19 66 20 92
1 48 2 81 3 97 4 59 5 20 6 67 7 22 8 92 9 84 10 81 11 82 12 41 13 45 14 72 15 70 16 81 17 23 18 60 19 43 20 2
1 50 2 87 3 68 4 28 5 84 6 72 7 93 8 79 9 67 10 2 11 36 12 91 13 31 14 7 15 14 16 78 17 70 18 63 19 44 20 65
1 62 2 15 3 47 4 71 5 11 6 19 7 82 8 47 9 96 10 98 11 40 12 95 13 2 14 50 15 89 16 4 17 11 18 43 19 19 20 89
1 85 2 60 3 24 4 63 5 36 6 71 7 34 8 74 9 29 10 83 11 73 12 56 13 44 14 23 15 65 16 17 17 65 18 11 19 8 20 21
1 72 2 65 3 66 4 77 5 55 6 32 7 92 8 49 9 96 10 40 11 95 12 15 13 97 14 90 15 43 16 75 17 57 18 43 19 56 20 23
1 25 2 39 3 86 4 76 5 60 6 38 7 77 8 5 9 75 10 7 11 12 12 9 13 68 14 23 15 94 16 67 17 21 18 17 19 83 20 33
1 98 2 52 3 26 4 35 5 5 6 96 7 63 8 17 9 6 10 90 11 72 12 14 13 45 14 4 15 93 16 11 17 64 18 86 19 79 20 23
1 7 2 77 3 72 4 82 5 63 6 37 7 19 8 30 9 84 10 97 11 88 12 61 13 14 14 18 15 43 16 58 17 20 18 99 19 93 20 21
1 50 2 84 3 1 4 59 5 24 6 86 7 60 8 61 9 99 10 93 11 33 12 88 13 54 14 17 15 7 16 36 17 43 18 59 19 44 20 95
1 42 2 9 3 55 4 31 5 77 6 33 7 71 8 8 9 24 10 64 11 92 12 64 13 95 14 35 15 97 16 15 17 51 18 25 19 26 20 80
1 48 2 2 3 30 4 26 5 27 6 10 7 40 8 23 9 59 10 89 11 7 12 47 13 39 14 97 15 80 16 72 17 87 18 51 19 13 20 90
1 92 2 51 3 16 4 16 5 50 6 98 7 45 8 37 9 11 10 17 11 53 12 15 13 11 14 84 15 9 16 44 17 12 18 41 19 26 20 97
1 52 2 59 3 3 4 22 5 47 6 27 7 68 8 91 9 25 10 8 11 36 12 63 13 58 14 62 15 25 16 16 17 73 18 3 19 67 20 42
1 4 2 37 3 56 4 91 5 32 6 19 7 48 8 7 9 93 10 65 11 60 12 55 13 34 14 7 15 94 16 11 17 8 18 62 19 90 20 13
1 51 2 55 3 50 4 33 5 91 6 48 7 92 8 42 9 17 10 71 11 36 12 94 13 14 14 97 15 85 16 46 17 20 18 30 19 22 20 35
1 16 2 20 3 18 4 3 5 64 6 80 7 99 8 5 9 83 10 18 11 27 12 7 13 11 14 26 15 46 16 65 17 48 18 39 19 10 20 52
1 65 2 20 3 27 4 60 5 1 6 39 7 78 8 96 9 96 10 29 11 28 12 2 13 81 14 32 15 30 16 68 17 93 18 1 19 96 20 13
1 73 2 88 3 40 4 13 5 91 6 39 7 84 8 82 9 3 10 48 11 8 12 8 13 91 14 45 15 21 16 82 17 4 18 82 19 46 20 57
1 43 2 49 3 51 4 29 5 62 6 55 7 23 8 33 9 18 10 85 11 47 12 94 13 45 14 87 15 59 16 65 17 94 18 60 19 25 20 50
1 43 2 59 3 28 4 63 5 3 6 12 7 43 8 71 9 92 10 18 11 23 12 17 13 26 14 17 15 41 16 22 17 29 18 53 19 47 20 58
1 70 2 13 3 42 4 49 5 12 6 68 7 71 8 68 9 34 10 67 11 81 12 21 13 83 14 1 15 23 16 9 17 32 18 4 19 40 20 80
1 59 2 77 3 19 4 70 5 16 6 39 7 65 8 41 9 22 10 85 11 71 12 25 13 42 14 6 15 63 16 72 17 29 18 2 19 46 20 90
1 93 2 26 3 21 4 93 5 50 6 76 7 88 8 66 9 31 10 53 11 32 12 58 13 2 14 82 15 90 16 70 17 51 18 16 19 65 20 40
1 28 2 65 3 29 4 58 5 17 6 40 7 65 8 72 9 28 10 37 11 9 12 44 13 91 14 56 15 99 16 73 17 46 18 44 19 49 20 18
1 85 2 94 3 4 4 84 5 13 6 54 7 52 8 7 9 55 10 45 11 14 12 11 13 27 14 60 15 52 16 63 17 93 18 82 19 56 20 62
1 27 2 96 3 12 4 99 5 80 6 77 7 55 8 81 9 63 10 6 11 61 12 40 13 58 14 42 15 69 16 6 17 94 18 49 19 11 20 20
1 54 2 91 3 65 4 35 5 97 6 65 7 47 8 63 9 51 10 91 11 34 12 43 13 65 14 67 15 48 16 44 17 28 18 18 19 90 20 19
1 54 2 53 3 17 4 77 5 7 6 22 7 16 8 2 9 21 10 29 11 30 12 68 13 55 14 52 15 79 16 99 17 26 18 30 19 97 20 58
1 89 2 2 3 35 4 92 5 61 6 6 7 77 8 59 9 68 10 42 11 95 12 6 13 26 14 35 15 15 16 12 17 21 18 73 19 30 20 4
1 91 2 42 3 98 4 8 5 2 6 91 7 34 8 48 9 62 10 26 11 74 12 25 13 24 14 46 15 2 16 96 17 30 18 80 19 99 20 43
1 98 2 79 3 47 4 59 5 93 6 59 7 82 8 23 9 99 10 84 11 14 12 79 13 30 14 79 15 3 16 29 17 7 18 36 19 55 20 5
1 11 2 5 3 74 4 10 5 68 6 13 7 87 8 70 9 21 10 60 11 41 12 12 13 65 14 89 15 88 16 37 17 27 18 91 19 74 20 74
1 88 2 38 3 61 4 92 5 26 6 48 7 26 8 48 9 22 10 95 11 39 12 68 13 63 14 75 15 21 16 38 17 78 18 85 19 78 20 5
1 25 2 94 3 58 4 52 5 57 6 98 7 20 8 83 9 78 10 81 11 81 12 96 13 78 14 83 15 15 16 50 17 59 18 92 19 92 20 78
1 5 2 74 3 39 4 35 5 96 6 20 7 9 8 7 9 84 10 29 11 3 12 33 13 40 14 81 15 53 16 99 17 82 18 86 19 45 20 54
1 91 2 88 3 39 4 65 5 19 6 93 7 1 8 63 9 9 10 24 11 24 12 51 13 96 14 84 15 67 16 11 17 19 18 70 19 74 20 44
1 62 2 78 3 53 4 17 5 99 6 40 7 35 8 19 9 52 10 24 11 34 12 24 13 54 14 22 15 13 16 15 17 75 18 23 19 27 20 51
1 48 2 76 3 61 4 92 5 17 6 66 7 75 8 97 9 11 10 3 11 12 12 85 13 85 14 37 15 13 16 31 17 43 18 55 19 95 20 10
1 86 2 69 3 48 4 31 5 92 6 50 7 75 8 24 9 18 10 63 11 62 12 10 13 19 14 9 15 14 16 42 17 10 18 84 19 22 20 24
1 11 2 1 3 13 4 47 5 16 6 22 7 24 8 34 9 48 10 9 11 59 12 93 13 33 14 23 15 20 16 75 17 22 18 61 19 20 20 87
1 96 2 6 3 14 4 40 5 16 6 59 7 75 8 56 9 21 10 78 11 43 12 44 13 74 14 46 15 7 16 68 17 99 18 61 19 25 20 50
1 17 2 67 3 30 4 31 5 72 6 34 7 46 8 43 9 80 10 78 11 99 12 84 13 76 14 51 15 1 16 77 17 7 18 57 19 33 20 3
1 79 2 52 3 42 4 25 5 5 6 92 7 43 8 80 9 2 10 15 11 14 12 95 13 46 14 29 15 82 16 63 17 23 18 3 19 31 20 79
1 45 2 92 3 76 4 22 5 90 6 90 7 37 8 20 9 10 10 96 11 50 12 99 13 58 14 13 15 56 16 87 17 80 18 57 19 62 20 74
1 57 2 83 3 21 4 64 5 74 6 37 7 13 8 9 9 85 10 39 11 91 12 50 13 20 14 39 15 2 16 72 17 52 18 79 19 64 20 56
1 46 2 73 3 35 4 77 5 15 6 25 7 4 8 70 9 94 10 90 11 49 12 46 13 70 14 5 15 25 16 50 17 41 18 33 19 64 20 62
1 37 2 90 3 2 4 13 5 13 6 62 7 53 8 64 9 98 10 39 11 82 12 87 13 57 14 47 15 93 16 1 17 74 18 86 19 10 20 31
1 27 2 44 3 38 4 74 5 26 6 53 7 78 8 35 9 91 10 71 11 62 12 99 13 79 14 28 15 91 16 56 17 7 18 92 19 93 20 38
1 79 2 91 3 47 4 36 5 33 6 97 7 30 8 88 9 14 10 21 11 89 12 67 13 8 14 75 15 94 16 59 17 53 18 97 19 29 20 68
1 93 2 7 3 96 4 10 5 6 6 79 7 81 8 45 9 5 10 75 11 4 12 73 13 91 14 16 15 20 16 64 17 59 18 36 19 90 20 19
1 4 2 45 3 43 4 89 5 78 6 77 7 23 8 74 9 16 10 12 11 10 12 57 13 50 14 96 15 64 16 79 17 52 18 32 19 31 20 72
1 16 2 46 3 36 4 77 5 68 6 90 7 65 8 81 9 39 10 87 11 64 12 95 13 19 14 89 15 50 16 93 17 3 18 93 19 35 20 24
1 17 2 67 3 5 4 30 5 23 6 57 7 7 8 34 9 93 10 36 11 44 12 84 13 59 14 10 15 57 16 60 17 58 18 81 19 97 20 2
1 6 2 48 3 19 4 59 5 86 6 96 7 19 8 49 9 82 10 46 11 89 12 6 13 29 14 94 15 83 16 68 17 37 18 55 19 9 20 96
1 40 2 93 3 61 4 39 5 40 6 9 7 56 8 42 9 88 10 5 11 7 12 64 13 87 14 21 15 16 16 52 17 38 18 90 19 62 20 23
1 69 2 27 3 81 4 94 5 22 6 39 7 96 8 28 9 79 10 83 11 91 12 47 13 20 14 47 15 5 16 51 17 9 18 18 19 64 20 95
1 35 2 28 3 6 4 91 5 73 6 34 7 61 8 29 9 17 10 11 11 53 12 86 13 79 14 36 15 7 16 75 17 28 18 25 19 93 20 92
1 86 2 54 3 56 4 29 5 16 6 86 7 34 8 41 9 26 10 41 11 41 12 64 13 81 14 63 15 42 16 77 17 81 18 89 19 26 20 36
1 37 2 27 3 69 4 83 5 81 6 89 7 73 8 86 9 71 10 44 11 14 12 56 13 20 14 90 15 64 16 43 17 53 18 91 19 63 20 96
1 86 2 44 3 75 4 51 5 72 6 41 7 38 8 19 9 94 10 75 11 49 12 44 13 70 14 48 15 11 16 95 17 92 18 87 19 20 20 7
1 84 2 19 3 55 4 78 5 25 6 60 7 27 8 32 9 65 10 26 11 4 12 80 13 94 14 26 15 98 16 54 17 40 18 98 19 19 20 99
1 57 2 44 3 88 4 48 5 48 6 86 7 89 8 20 9 64 10 5 11 74 12 34 13 4 14 99 15 8 16 8 17 25 18 31 19 8 20 4
1 82 2 57 3 45 4 28 5 94 6 75 7 45 8 60 9 79 10 38 11 74 12 34 13 73 14 20 15 18 16 59 17 65 18 85 19 79 20 66
1 56 2 45 3 37 4 33 5 38 6 59 7 94 8 68 9 1 10 3 11 42 12 59 13 50 14 75 15 81 16 90 17 33 18 84 19 54 20 39
1 61 2 75 3 34 4 48 5 25 6 67 7 39 8 36 9 88 10 74 11 11 12 85 13 30 14 71 15 19 16 25 17 13 18 21 19 17 20 50
1 50 2 69 3 95 4 61 5 84 6 5 7 38 8 73 9 39 10 82 11 49 12 76 13 26 14 32 15 87 16 87 17 3 18 70 19 62 20 73
1 22 2 32 3 61 4 47 5 95 6 54 7 93 8 62 9 32 10 55 11 85 12 82 13 9 14 41 15 69 16 78 17 69 18 10 19 51 20 2
1 60 2 27 3 16 4 38 5 21 6 94 7 99 8 73 9 16 10 60 11 89 12 57 13 82 14 8 15 62 16 42 17 70 18 9 19 5 20 45
1 57 2 7 3 40 4 47 5 58 6 51 7 42 8 16 9 1 10 35 11 79 12 22 13 70 14 79 15 51 16 68 17 16 18 59 19 84 20 70
1 97 2 44 3 41 4 48 5 77 6 81 7 85 8 82 9 56 10 73 11 49 12 77 13 20 14 31 15 24 16 74 17 28 18 36 19 2 20 88
1 80 2 86 3 66 4 25 5 52 6 97 7 15 8 28 9 4 10 12 11 92 12 4 13 37 14 36 15 11 16 3 17 77 18 20 19 71 20 80
1 83 2 57 3 53 4 11 5 97 6 50 7 80 8 42 9 39 10 86 11 64 12 26 13 74 14 25 15 46 16 43 17 48 18 21 19 24 20 27
1 4 2 88 3 29 4 22 5 32 6 6 7 37 8 68 9 74 10 83 11 50 12 99 13 20 14 20 15 93 16 1 17 18 18 20 19 98 20 83
1 60 2 45 3 6 4 31 5 79 6 72 7 20 8 33 9 59 10 69 11 19 12 46 13 95 14 90 15 98 16 48 17 87 18 76 19 12 20 70
1 77 2 2 3 52 4 60 5 22 6 96 7 91 8 67 9 82 10 16 11 44 12 56 13 15 14 99 15 4 16 11 17 91 18 33 19 66 20 17
1 13 2 49 3 60 4 81 5 3 6 96 7 48 8 52 9 81 10 24 11 67 12 43 13 4 14 87 15 69 16 63 17 94 18 15 19 49 20 85
1 81 2 60 3 8 4 39 5 63 6 24 7 13 8 55 9 55 10 95 11 74 12 41 13 15 14 46 15 10 16 2 17 82 18 37 19 10 20 60
1 98 2 5 3 39 4 24 5 46 6 91 7 60 8 16 9 72 10 63 11 42 12 24 13 44 14 45 15 4 16 5 17 73 18 76 19 52 20 4
1 15 2 47 3 23 4 2 5 76 6 6 7 63 8 34 9 71 10 95 11 82 12 46 13 73 14 94 15 28 16 30 17 51 18 90 19 87 20 29
1 64 2 91 3 55 4 90 5 72 6 36 7 25 8 47 9 29 10 74 11 79 12 4 13 59 14 42 15 71 16 91 17 75 18 52 19 49 20 51
1 32 2 85 3 83 4 25 5 70 6 77 7 19 8 68 9 67 10 50 11 18 12 49 13 14 14 17 15 58 16 4 17 69 18 87 19 17 20 84
1 3 2 1 3 1 4 68 5 14 6 91 7 9 8 1 9 9 10 68 11 80 12 80 13 87 14 22 15 56 16 99 17 68 18 66 19 58 20 83
1 52 2 70 3 66 4 24 5 62 6 75 7 99 8 20 9 97 10 46 11 83 12 84 13 14 14 86 15 98 16 58 17 38 18 76 19 3 20 28
1 42 2 37 3 33 4 37 5 54 6 48 7 18 8 57 9 35 10 90 11 65 12 74 13 97 14 10 15 71 16 14 17 76 18 23 19 52 20 8
1 27 2 10 3 91 4 36 5 5 6 21 7 49 8 75 9 54 10 58 11 74 12 72 13 89 14 90 15 41 16 87 17 93 18 27 19 95 20 84
1 1 2 74 3 94 4 25 5 79 6 98 7 76 8 67 9 41 10 5 11 15 12 65 13 30 14 57 15 57 16 6 17 85 18 87 19 74 20 37
1 95 2 72 3 88 4 67 5 48 6 63 7 96 8 54 9 58 10 78 11 15 12 36 13 92 14 33 15 86 16 62 17 14 18 31 19 95 20 16
1 56 2 38 3 92 4 12 5 2 6 52 7 27 8 14 9 44 10 67 11 84 12 81 13 77 14 64 15 21 16 47 17 98 18 24 19 22 20 8
1 95 2 63 3 93 4 89 5 81 6 57 7 17 8 76 9 44 10 98 11 4 12 42 13 14 14 27 15 91 16 83 17 45 18 12 19 42 20 23
1 94 2 94 3 1 4 2 5 36 6 50 7 13 8 94 9 58 10 57 11 91 12 31 13 64 14 60 15 60 16 93 17 36 18 10 19 62 20 34
1 35 2 63 3 87 4 36 5 29 6 76 7 7 8 91 9 96 10 55 11 40 12 47 13 56 14 91 15 60 16 24 17 17 18 1 19 22 20 33
1 38 2 83 3 33 4 8 5 91 6 56 7 16 8 76 9 36 10 55 11 61 12 71 13 43 14 86 15 63 16 13 17 90 18 60 19 14 20 10
1 33 2 77 3 83 4 15 5 63 6 3 7 41 8 6 9 62 10 41 11 96 12 90 13 26 14 43 15 20 16 67 17 97 18 3 19 9 20 95
1 79 2 81 3 36 4 45 5 10 6 93 7 17 8 64 9 55 10 84 11 32 12 70 13 67 14 60 15 91 16 18 17 79 18 58 19 41 20 39
1 90 2 73 3 4 4 16 5 39 6 49 7 19 8 35 9 47 10 97 11 4 12 90 13 80 14 48 15 80 16 86 17 17 18 39 19 94 20 39
1 54 2 96 3 32 4 77 5 49 6 68 7 42 8 2 9 30 10 84 11 81 12 8 13 22 14 6 15 2 16 12 17 29 18 93 19 6 20 31
1 7 2 49 3 73 4 63 5 63 6 62 7 43 8 8 9 46 10 28 11 31 12 19 13 77 14 77 15 48 16 5 17 66 18 49 19 31 20 51
1 34 2 49 3 4 4 36 5 53 6 68 7 62 8 36 9 42 10 84 11 34 12 4 13 58 14 97 15 33 16 70 17 42 18 70 19 30 20 37
1 42 2 14 3 10 4 63 5 12 6 10 7 13 8 35 9 40 10 80 11 83 12 47 13 83 14 4 15 75 16 84 17 33 18 61 19 7 20 74
1 62 2 69 3 58 4 73 5 41 6 49 7 40 8 87 9 36 10 34 11 2 12 8 13 28 14 38 15 48 16 46 17 59 18 53 19 90 20 65
1 2 2 43 3 69 4 76 5 91 6 1 7 8 8 54 9 25 10 76 11 20 12 6 13 16 14 44 15 90 16 91 17 52 18 63 19 29 20 94
1 49 2 94 3 38 4 8 5 79 6 35 7 45 8 76 9 87 10 46 11 62 12 10 13 48 14 13 15 65 16 67 17 36 18 33 19 89 20 37
1 45 2 32 3 1 4 83 5 14 6 76 7 25 8 18 9 72 10 37 11 13 12 74 13 70 14 48 15 33 16 12 17 27 18 15 19 5 20 23
1 21 2 73 3 93 4 49 5 74 6 87 7 23 8 62 9 22 10 17 11 42 12 18 13 18 14 89 15 42 16 28 17 49 18 56 19 91 20 63
1 3 2 15 3 85 4 40 5 16 6 38 7 23 8 71 9 30 10 31 11 69 12 64 13 36 14 72 15 24 16 4 17 57 18 84 19 19 20 11
1 2 2 17 3 83 4 38 5 65 6 24 7 82 8 11 9 8 10 28 11 15 12 12 13 89 14 73 15 77 16 37 17 64 18 19 19 94 20 86
1 25 2 42 3 64 4 78 5 53 6 57 7 34 8 65 9 24 10 81 11 94 12 67 13 55 14 73 15 80 16 96 17 70 18 74 19 42 20 52
1 37 2 94 3 14 4 97 5 72 6 86 7 84 8 95 9 87 10 83 11 58 12 84 13 14 14 81 15 87 16 51 17 73 18 73 19 82 20 91
1 18 2 5 3 78 4 72 5 74 6 72 7 95 8 20 9 96 10 27 11 23 12 33 13 57 14 45 15 59 16 85 17 55 18 16 19 98 20 25
1 82 2 68 3 17 4 14 5 2 6 95 7 88 8 45 9 81 10 21 11 17 12 30 13 18 14 47 15 95 16 18 17 33 18 81 19 50 20 76
1 36 2 6 3 14 4 88 5 35 6 35 7 72 8 28 9 82 10 13 11 38 12 29 13 21 14 47 15 37 16 54 17 82 18 35 19 54 20 56
1 71 2 44 3 14 4 53 5 6 6 2 7 7 8 66 9 94 10 60 11 18 12 8 13 56 14 77 15 54 16 2 17 85 18 83 19 32 20 50
1 87 2 36 3 84 4 97 5 93 6 15 7 42 8 32 9 91 10 3 11 43 12 75 13 84 14 85 15 59 16 93 17 53 18 1 19 95 20 1
1 25 2 36 3 67 4 64 5 73 6 45 7 41 8 13 9 30 10 22 11 57 12 55 13 44 14 2 15 91 16 52 17 50 18 11 19 79 20 61
1 45 2 88 3 34 4 68 5 44 6 7 7 84 8 86 9 52 10 79 11 40 12 89 13 9 14 39 15 75 16 26 17 93 18 56 19 35 20 36
1 81 2 46 3 24 4 18 5 36 6 58 7 54 8 64 9 97 10 12 11 94 12 33 13 92 14 83 15 57 16 94 17 42 18 65 19 69 20 93
1 42 2 40 3 3 4 72 5 43 6 35 7 31 8 10 9 94 10 23 11 83 12 77 13 39 14 97 15 48 16 12 17 13 18 52 19 82 20 38
1 22 2 58 3 69 4 92 5 17 6 5 7 82 8 5 9 14 10 74 11 46 12 84 13 70 14 33 15 37 16 57 17 42 18 95 19 77 20 60
1 69 2 34 3 17 4 10 5 56 6 84 7 73 8 47 9 85 10 25 11 21 12 97 13 88 14 78 15 90 16 45 17 50 18 80 19 28 20 94
1 31 2 83 3 5 4 57 5 20 6 36 7 68 8 51 9 73 10 81 11 67 12 10 13 31 14 30 15 24 16 2 17 57 18 87 19 72 20 10
1 20 2 40 3 66 4 21 5 37 6 84 7 24 8 7 9 93 10 61 11 90 12 53 13 88 14 18 15 17 16 29 17 31 18 53 19 86 20 14
1 87 2 26 3 4 4 76 5 23 6 17 7 85 8 28 9 81 10 34 11 84 12 7 13 3 14 98 15 40 16 52 17 26 18 52 19 16 20 37
1 69 2 96 3 81 4 11 5 98 6 78 7 7 8 76 9 73 10 95 11 37 12 51 13 6 14 31 15 78 16 28 17 1 18 44 19 5 20 83
1 12 2 87 3 45 4 93 5 68 6 32 7 81 8 25 9 14 10 6 11 86 12 73 13 39 14 21 15 57 16 13 17 72 18 64 19 14 20 70
1 76 2 71 3 84 4 19 5 56 6 20 7 67 8 84 9 94 10 32 11 55 12 27 13 52 14 9 15 3 16 81 17 90 18 33 19 93 20 35
1 59 2 18 3 49 4 55 5 98 6 67 7 11 8 29 9 26 10 61 11 36 12 65 13 13 14 44 15 97 16 73 17 6 18 78 19 76 20 28
1 7 2 22 3 31 4 21 5 90 6 61 7 67 8 7 9 20 10 21 11 74 12 67 13 57 14 78 15 95 16 13 17 50 18 80 19 29 20 41
1 73 2 76 3 28 4 99 5 10 6 39 7 92 8 19 9 18 10 32 11 68 12 79 13 86 14 75 15 37 16 10 17 97 18 39 19 50 20 57
1 29 2 22 3 54 4 36 5 74 6 57 7 67 8 88 9 49 10 39 11 83 12 14 13 88 14 27 15 44 16 53 17 69 18 95 19 88 20 56
1 10 2 15 3 38 4 70 5 88 6 18 7 15 8 36 9 33 10 75 11 55 12 56 13 23 14 72 15 88 16 24 17 3 18 73 19 96 20 90
1 69 2 73 3 97 4 98 5 45 6 51 7 93 8 78 9 50 10 17 11 85 12 34 13 52 14 74 15 60 16 47 17 56 18 18 19 55 20 59
1 46 2 82 3 29 4 98 5 58 6 36 7 61 8 76 9 1 10 89 11 97 12 76 13 31 14 61 15 29 16 89 17 55 18 81 19 64 20 59
1 65 2 40 3 32 4 48 5 87 6 57 7 38 8 22 9 79 10 74 11 20 12 2 13 27 14 73 15 5 16 1 17 7 18 72 19 98 20 29
1 93 2 13 3 81 4 31 5 1 6 27 7 87 8 56 9 48 10 41 11 39 12 77 13 8 14 92 15 34 16 35 17 31 18 69 19 21 20 4
1 45 2 34 3 94 4 49 5 55 6 28 7 8 8 10 9 33 10 36 11 6 12 88 13 83 14 63 15 80 16 7 17 27 18 44 19 43 20 78
1 59 2 68 3 39 4 92 5 30 6 49 7 2 8 23 9 95 10 88 11 57 12 31 13 68 14 14 15 63 16 31 17 49 18 53 19 83 20 33
1 79 2 93 3 70 4 69 5 44 6 65 7 97 8 19 9 88 10 8 11 7 12 14 13 7 14 99 15 6 16 9 17 36 18 38 19 14 20 43
1 37 2 3 3 70 4 61 5 94 6 87 7 7 8 90 9 26 10 92 11 33 12 39 13 5 14 57 15 8 16 77 17 6 18 84 19 95 20 43
1 64 2 43 3 54 4 63 5 96 6 43 7 84 8 19 9 39 10 13 11 19 12 8 13 9 14 67 15 94 16 76 17 17 18 35 19 3 20 10
1 28 2 53 3 63 4 59 5 68 6 49 7 76 8 6 9 50 10 35 11 29 12 76 13 71 14 22 15 72 16 54 17 21 18 62 19 49 20 7
1 12 2 64 3 81 4 92 5 39 6 84 7 52 8 39 9 87 10 43 11 61 12 85 13 95 14 83 15 44 16 17 17 65 18 29 19 93 20 22
1 91 2 55 3 60 4 61 5 46 6 64 7 88 8 91 9 78 10 84 11 22 12 30 13 64 14 84 15 47 16 80 17 89 18 2 19 90 20 63
1 28 2 18 3 45 4 1 5 58 6 41 7 98 8 99 9 81 10 73 11 5 12 33 13 18 14 17 15 92 16 42 17 6 18 22 19 57 20 65
1 70 2 40 3 32 4 56 5 60 6 41 7 65 8 35 9 4 10 6 11 46 12 68 13 3 14 19 15 50 16 48 17 13 18 4 19 41 20 83
1 73 2 35 3 11 4 73 5 56 6 14 7 4 8 70 9 59 10 8 11 27 12 64 13 92 14 56 15 56 16 61 17 71 18 51 19 26 20 16
1 34 2 8 3 33 4 97 5 91 6 96 7 89 8 89 9 57 10 68 11 72 12 90 13 53 14 50 15 79 16 5 17 7 18 58 19 44 20 65
1 76 2 98 3 42 4 79 5 29 6 73 7 37 8 56 9 36 10 31 11 46 12 30 13 83 14 20 15 51 16 64 17 9 18 39 19 73 20 51
1 43 2 71 3 90 4 9 5 44 6 4 7 40 8 68 9 27 10 17 11 88 12 23 13 11 14 18 15 94 16 30 17 42 18 63 19 87 20 26
1 90 2 55 3 94 4 94 5 44 6 8 7 5 8 87 9 7 10 34 11 82 12 44 13 63 14 51 15 4 16 86 17 37 18 3 19 85 20 15
1 62 2 69 3 41 4 12 5 71 6 88 7 49 8 54 9 7 10 59 11 36 12 23 13 79 14 23 15 92 16 13 17 29 18 52 19 67 20 62
1 55 2 56 3 9 4 73 5 39 6 2 7 77 8 91 9 4 10 98 11 55 12 66 13 68 14 71 15 60 16 45 17 8 18 10 19 61 20 10
1 89 2 36 3 20 4 65 5 33 6 95 7 99 8 47 9 20 10 78 11 89 12 25 13 62 14 3 15 24 16 23 17 24 18 35 19 70 20 71
1 78 2 20 3 97 4 3 5 50 6 40 7 56 8 74 9 71 10 19 11 31 12 9 13 41 14 35 15 83 16 93 17 96 18 53 19 75 20 31
1 31 2 18 3 90 4 87 5 14 6 75 7 6 8 20 9 15 10 14 11 84 12 93 13 2 14 63 15 5 16 26 17 22 18 54 19 84 20 38
1 25 2 35 3 44 4 63 5 9 6 15 7 64 8 89 9 58 10 71 11 54 12 33 13 6 14 70 15 75 16 59 17 14 18 77 19 90 20 91
1 99 2 48 3 1 4 4 5 86 6 43 7 10 8 83 9 62 10 50 11 27 12 3 13 26 14 89 15 43 16 66 17 50 18 88 19 55 20 26
1 87 2 92 3 1 4 97 5 96 6 19 7 93 8 50 9 19 10 60 11 76 12 29 13 50 14 45 15 22 16 66 17 46 18 37 19 98 20 76
1 47 2 83 3 51 4 98 5 81 6 79 7 83 8 11 9 18 10 54 11 21 12 74 13 27 14 42 15 53 16 52 17 37 18 75 19 41 20 15
1 73 2 2 3 88 4 67 5 38 6 70 7 43 8 37 9 62 10 93 11 78 12 2 13 22 14 97 15 72 16 30 17 45 18 90 19 36 20 67
1 81 2 58 3 8 4 9 5 96 6 9 7 99 8 37 9 49 10 29 11 38 12 68 13 82 14 4 15 36 16 96 17 27 18 20 19 51 20 50
1 8 2 49 3 64 4 71 5 73 6 24 7 13 8 16 9 14 10 32 11 63 12 92 13 91 14 76 15 81 16 21 17 88 18 84 19 19 20 20
1 87 2 29 3 84 4 1 5 31 6 14 7 4 8 82 9 99 10 52 11 84 12 88 13 63 14 91 15 91 16 70 17 73 18 27 19 40 20 56
1 35 2 80 3 78 4 66 5 21 6 97 7 38 8 58 9 27 10 30 11 8 12 18 13 75 14 18 15 89 16 78 17 66 18 2 19 68 20 94
1 91 2 19 3 84 4 19 5 11 6 76 7 21 8 58 9 21 10 17 11 66 12 3 13 57 14 18 15 18 16 36 17 84 18 36 19 21 20 47
1 61 2 6 3 71 4 5 5 2 6 26 7 71 8 35 9 8 10 52 11 63 12 31 13 63 14 11 15 25 16 97 17 48 18 64 19 94 20 39
1 59 2 59 3 63 4 20 5 48 6 40 7 95 8 88 9 59 10 90 11 95 12 18 13 10 14 75 15 99 16 46 17 86 18 96 19 26 20 99
1 52 2 56 3 41 4 34 5 60 6 88 7 92 8 13 9 94 10 68 11 89 12 66 13 92 14 71 15 51 16 74 17 85 18 67 19 27 20 7
1 42 2 30 3 67 4 54 5 88 6 13 7 86 8 86 9 40 10 99 11 62 12 54 13 86 14 74 15 44 16 92 17 99 18 90 19 96 20 17
1 75 2 86 3 56 4 1 5 66 6 69 7 3 8 8 9 96 10 22 11 17 12 34 13 67 14 17 15 81 16 29 17 31 18 15 19 7 20 29
1 41 2 24 3 90 4 63 5 48 6 93 7 66 8 65 9 43 10 85 11 13 12 64 13 32 14 15 15 21 16 79 17 14 18 25 19 88 20 93
1 1 2 14 3 12 4 56 5 6 6 4 7 39 8 67 9 91 10 36 11 48 12 17 13 52 14 75 15 55 16 92 17 24 18 98 19 52 20 32
1 53 2 61 3 87 4 86 5 38 6 86 7 25 8 13 9 63 10 80 11 39 12 68 13 20 14 99 15 70 16 45 17 22 18 74 19 43 20 93
1 13 2 14 3 27 4 98 5 52 6 3 7 60 8 10 9 91 10 49 11 41 12 91 13 19 14 78 15 50 16 52 17 92 18 53 19 9 20 99
1 44 2 85 3 28 4 20 5 21 6 65 7 23 8 76 9 75 10 37 11 90 12 22 13 20 14 54 15 21 16 4 17 25 18 14 19 82 20 72
1 63 2 39 3 18 4 25 5 32 6 80 7 55 8 6 9 60 10 14 11 34 12 86 13 43 14 45 15 70 16 79 17 92 18 71 19 5 20 63
1 83 2 16 3 84 4 5 5 2 6 63 7 19 8 53 9 43 10 54 11 61 12 42 13 89 14 55 15 58 16 22 17 92 18 88 19 68 20 77
1 47 2 76 3 1 4 88 5 85 6 75 7 68 8 25 9 38 10 66 11 53 12 74 13 63 14 70 15 54 16 44 17 20 18 72 19 90 20 33
1 37 2 54 3 77 4 7 5 61 6 40 7 64 8 29 9 60 10 68 11 58 12 11 13 87 14 33 15 10 16 9 17 47 18 85 19 66 20 85
1 23 2 60 3 75 4 69 5 36 6 95 7 12 8 14 9 63 10 12 11 67 12 12 13 51 14 18 15 30 16 63 17 60 18 5 19 45 20 61
1 86 2 22 3 13 4 5 5 2 6 44 7 43 8 53 9 83 10 67 11 75 12 72 13 87 14 63 15 64 16 61 17 92 18 53 19 86 20 1
1 52 2 39 3 15 4 48 5 88 6 6 7 4 8 11 9 43 10 16 11 71 12 25 13 59 14 33 15 22 16 82 17 92 18 55 19 61 20 80
1 36 2 1 3 29 4 2 5 61 6 90 7 38 8 41 9 56 10 86 11 12 12 70 13 30 14 71 15 40 16 52 17 13 18 83 19 82 20 77
1 39 2 87 3 80 4 69 5 50 6 57 7 99 8 13 9 42 10 95 11 98 12 15 13 4 14 64 15 10 16 11 17 74 18 12 19 61 20 44
1 20 2 60 3 26 4 26 5 55 6 69 7 23 8 82 9 99 10 66 11 1 12 25 13 42 14 45 15 65 16 9 17 42 18 76 19 11 20 42
1 92 2 41 3 62 4 98 5 86 6 69 7 19 8 15 9 29 10 34 11 49 12 93 13 98 14 26 15 36 16 91 17 81 18 1 19 25 20 63
1 69 2 59 3 86 4 63 5 84 6 33 7 79 8 39 9 97 10 24 11 27 12 37 13 99 14 36 15 40 16 44 17 5 18 95 19 86 20 52
1 7 2 89 3 63 4 83 5 57 6 43 7 62 8 7 9 2 10 32 11 10 12 94 13 85 14 40 15 7 16 75 17 93 18 57 19 21 20 52
1 26 2 24 3 60 4 51 5 37 6 35 7 93 8 56 9 35 10 28 11 5 12 93 13 85 14 61 15 72 16 13 17 25 18 81 19 88 20 28
1 82 2 45 3 64 4 29 5 43 6 50 7 87 8 64 9 67 10 81 11 83 12 13 13 14 14 33 15 14 16 31 17 39 18 54 19 61 20 91
1 37 2 98 3 29 4 49 5 82 6 29 7 92 8 25 9 94 10 72 11 14 12 90 13 11 14 99 15 96 16 68 17 45 18 45 19 22 20 81
1 58 2 57 3 49 4 52 5 80 6 7 7 47 8 92 9 67 10 53 11 4 12 43 13 5 14 69 15 49 16 90 17 87 18 48 19 7 20 8
1 26 2 16 3 8 4 60 5 53 6 76 7 11 8 68 9 46 10 86 11 79 12 31 13 38 14 27 15 65 16 49 17 9 18 90 19 90 20 55
1 55 2 99 3 30 4 32 5 55 6 41 7 70 8 53 9 30 10 55 11 13 12 47 13 99 14 50 15 36 16 85 17 24 18 21 19 83 20 8
1 21 2 5 3 20 4 89 5 91 6 29 7 85 8 56 9 70 10 7 11 30 12 11 13 17 14 92 15 15 16 43 17 31 18 65 19 90 20 7
1 34 2 28 3 77 4 76 5 89 6 36 7 77 8 67 9 52 10 50 11 26 12 60 13 26 14 16 15 63 16 27 17 62 18 27 19 54 20 99
1 19 2 76 3 92 4 74 5 90 6 14 7 91 8 90 9 55 10 48 11 44 12 82 13 38 14 51 15 2 16 35 17 33 18 50 19 44 20 25
1 58 2 81 3 92 4 18 5 38 6 28 7 58 8 19 9 71 10 68 11 93 12 56 13 14 14 56 15 15 16 85 17 61 18 12 19 25 20 95
1 85 2 99 3 12 4 58 5 18 6 47 7 99 8 94 9 40 10 15 11 80 12 85 13 30 14 5 15 38 16 18 17 44 18 87 19 43 20 81
1 13 2 64 3 49 4 48 5 74 6 51 7 90 8 25 9 52 10 35 11 96 12 80 13 77 14 79 15 84 16 70 17 37 18 57 19 57 20 10
1 85 2 68 3 99 4 63 5 51 6 57 7 27 8 99 9 65 10 1 11 37 12 47 13 19 14 81 15 14 16 60 17 21 18 20 19 48 20 3
1 92 2 72 3 69 4 32 5 23 6 17 7 91 8 37 9 50 10 62 11 64 12 25 13 95 14 39 15 71 16 79 17 6 18 34 19 63 20 39
1 69 2 82 3 21 4 72 5 69 6 96 7 81 8 1 9 50 10 91 11 11 12 52 13 23 14 29 15 37 16 41 17 33 18 49 19 61 20 5
1 28 2 20 3 34 4 93 5 75 6 85 7 72 8 61 9 93 10 89 11 38 12 74 13 52 14 42 15 55 16 17 17 71 18 6 19 50 20 32
1 24 2 97 3 63 4 17 5 37 6 29 7 58 8 72 9 2 10 28 11 73 12 4 13 95 14 71 15 6 16 61 17 54 18 65 19 3 20 81
1 28 2 76 3 43 4 30 5 42 6 27 7 5 8 47 9 89 10 68 11 13 12 10 13 29 14 35 15 42 16 34 17 45 18 5 19 66 20 43
1 39 2 15 3 22 4 43 5 73 6 8 7 45 8 36 9 67 10 81 11 72 12 95 13 6 14 96 15 73 16 20 17 6 18 45 19 33 20 35
1 20 2 4 3 86 4 60 5 94 6 50 7 3 8 76 9 21 10 64 11 29 12 17 13 18 14 86 15 10 16 46 17 31 18 90 19 89 20 14
1 80 2 31 3 96 4 48 5 73 6 39 7 75 8 14 9 78 10 98 11 45 12 12 13 22 14 58 15 49 16 7 17 6 18 63 19 1 20 46
1 10 2 7 3 32 4 14 5 21 6 40 7 93 8 98 9 19 10 24 11 86 12 11 13 35 14 83 15 57 16 33 17 45 18 27 19 40 20 39
1 41 2 92 3 14 4 11 5 33 6 54 7 78 8 92 9 42 10 13 11 42 12 35 13 34 14 73 15 60 16 83 17 70 18 54 19 5 20 94
1 88 2 14 3 80 4 16 5 30 6 54 7 36 8 50 9 53 10 93 11 93 12 12 13 67 14 69 15 52 16 68 17 18 18 51 19 23 20 80
1 66 2 77 3 21 4 38 5 45 6 89 7 17 8 21 9 86 10 19 11 23 12 96 13 47 14 58 15 98 16 4 17 86 18 77 19 12 20 85
1 84 2 17 3 85 4 31 5 62 6 83 7 31 8 36 9 46 10 29 11 39 12 9 13 1 14 44 15 3 16 14 17 22 18 31 19 44 20 94
1 6 2 4 3 2 4 87 5 88 6 21 7 43 8 84 9 31 10 85 11 67 12 3 13 52 14 50 15 93 16 1 17 67 18 31 19 17 20 79
1 26 2 2 3 64 4 46 5 35 6 29 7 64 8 14 9 54 10 60 11 49 12 28 13 15 14 45 15 20 16 58 17 87 18 60 19 91 20 43
1 8 2 59 3 4 4 14 5 76 6 52 7 40 8 52 9 27 10 86 11 66 12 25 13 73 14 83 15 58 16 31 17 71 18 62 19 90 20 34
1 82 2 93 3 3 4 49 5 20 6 38 7 39 8 82 9 22 10 86 11 5 12 77 13 81 14 43 15 33 16 54 17 17 18 51 19 62 20 83
1 63 2 63 3 31 4 18 5 87 6 16 7 50 8 89 9 24 10 85 11 7 12 10 13 99 14 90 15 5 16 65 17 52 18 41 19 70 20 53
1 7 2 72 3 12 4 64 5 6 6 59 7 80 8 99 9 14 10 21 11 28 12 44 13 82 14 65 15 10 16 39 17 16 18 71 19 79 20 47
1 69 2 39 3 7 4 49 5 24 6 77 7 75 8 92 9 75 10 65 11 72 12 82 13 86 14 46 15 39 16 90 17 95 18 80 19 96 20 73
1 31 2 73 3 79 4 86 5 44 6 20 7 31 8 69 9 13 10 14 11 47 12 25 13 11 14 74 15 1 16 57 17 18 18 16 19 77 20 92
1 96 2 55 3 89 4 71 5 75 6 36 7 80 8 58 9 37 10 91 11 46 12 7 13 50 14 69 15 36 16 59 17 45 18 36 19 55 20 84
1 54 2 73 3 98 4 72 5 52 6 32 7 78 8 80 9 48 10 86 11 34 12 39 13 94 14 54 15 97 16 49 17 46 18 79 19 49 20 17
1 46 2 63 3 65 4 51 5 18 6 8 7 41 8 36 9 28 10 9 11 77 12 41 13 76 14 63 15 26 16 60 17 53 18 14 19 41 20 48
1 27 2 1 3 50 4 19 5 53 6 76 7 71 8 27 9 3 10 33 11 36 12 85 13 63 14 9 15 86 16 61 17 63 18 82 19 68 20 18
1 19 2 92 3 23 4 46 5 48 6 78 7 43 8 24 9 63 10 80 11 66 12 95 13 53 14 29 15 54 16 20 17 21 18 89 19 29 20 97
1 94 2 90 3 82 4 31 5 95 6 98 7 4 8 3 9 93 10 80 11 40 12 6 13 95 14 79 15 88 16 81 17 26 18 79 19 52 20 92
1 23 2 69 3 3 4 24 5 53 6 46 7 27 8 82 9 32 10 94 11 61 12 18 13 39 14 91 15 3 16 64 17 66 18 23 19 5 20 33
1 1 2 16 3 96 4 36 5 83 6 20 7 24 8 81 9 74 10 84 11 87 12 86 13 71 14 43 15 77 16 98 17 20 18 67 19 11 20 57
1 22 2 42 3 30 4 26 5 8 6 42 7 90 8 90 9 40 10 97 11 61 12 5 13 7 14 54 15 32 16 76 17 14 18 98 19 86 20 21
1 66 2 64 3 78 4 86 5 38 6 13 7 10 8 59 9 65 10 94 11 21 12 54 13 39 14 66 15 65 16 38 17 35 18 24 19 82 20 83
1 74 2 14 3 71 4 3 5 60 6 62 7 7 8 8 9 44 10 62 11 81 12 9 13 85 14 71 15 14 16 14 17 36 18 32 19 8 20 78
1 35 2 67 3 49 4 48 5 83 6 60 7 15 8 56 9 11 10 45 11 62 12 89 13 90 14 20 15 8 16 88 17 94 18 9 19 95 20 78
1 2 2 36 3 76 4 14 5 49 6 57 7 46 8 98 9 55 10 97 11 61 12 78 13 36 14 71 15 73 16 62 17 52 18 38 19 89 20 96
1 11 2 96 3 31 4 1 5 55 6 72 7 78 8 70 9 90 10 22 11 15 12 49 13 51 14 74 15 54 16 81 17 73 18 30 19 79 20 81
1 42 2 95 3 2 4 97 5 78 6 32 7 34 8 12 9 97 10 30 11 20 12 78 13 48 14 99 15 49 16 31 17 5 18 27 19 62 20 54
1 82 2 34 3 30 4 2 5 23 6 70 7 32 8 95 9 49 10 58 11 40 12 23 13 85 14 69 15 32 16 21 17 58 18 75 19 26 20 67
1 28 2 72 3 28 4 88 5 6 6 92 7 38 8 6 9 44 10 17 11 8 12 18 13 98 14 2 15 33 16 50 17 11 18 74 19 45 20 65
1 17 2 93 3 42 4 95 5 43 6 86 7 38 8 84 9 31 10 84 11 92 12 12 13 10 14 27 15 27 16 51 17 69 18 6 19 43 20 11
1 31 2 26 3 70 4 15 5 49 6 11 7 48 8 47 9 50 10 45 11 68 12 20 13 45 14 84 15 86 16 59 17 80 18 56 19 6 20 44
1 1 2 82 3 28 4 47 5 27 6 8 7 17 8 27 9 53 10 90 11 3 12 90 13 2 14 60 15 96 16 69 17 84 18 13 19 50 20 48
1 85 2 2 3 97 4 85 5 49 6 66 7 14 8 97 9 37 10 16 11 24 12 61 13 39 14 92 15 73 16 15 17 2 18 45 19 27 20 8
1 64 2 44 3 13 4 32 5 68 6 56 7 60 8 2 9 39 10 86 11 32 12 58 13 89 14 98 15 84 16 25 17 62 18 60 19 32 20 50
1 54 2 5 3 73 4 76 5 34 6 47 7 60 8 11 9 37 10 19 11 54 12 39 13 83 14 50 15 89 16 91 17 25 18 19 19 94 20 40
1 94 2 83 3 8 4 6 5 49 6 88 7 13 8 62 9 71 10 94 11 66 12 31 13 14 14 28 15 98 16 70 17 9 18 63 19 92 20 33
1 37 2 15 3 59 4 3 5 28 6 87 7 46 8 60 9 23 10 79 11 62 12 81 13 49 14 98 15 45 16 45 17 60 18 43 19 72 20 16
1 55 2 94 3 18 4 38 5 82 6 95 7 25 8 84 9 51 10 5 11 5 12 78 13 72 14 52 15 26 16 10 17 48 18 76 19 8 20 32
1 92 2 80 3 5 4 72 5 87 6 24 7 91 8 43 9 32 10 16 11 77 12 6 13 92 14 71 15 4 16 47 17 86 18 47 19 75 20 69
1 91 2 72 3 69 4 16 5 54 6 92 7 42 8 93 9 24 10 59 11 19 12 86 13 26 14 13 15 99 16 54 17 26 18 53 19 38 20 96
1 89 2 63 3 71 4 68 5 23 6 86 7 49 8 73 9 22 10 1 11 53 12 18 13 59 14 47 15 77 16 29 17 11 18 64 19 43 20 23
1 48 2 86 3 90 4 53 5 49 6 93 7 36 8 83 9 49 10 74 11 70 12 20 13 90 14 64 15 61 16 65 17 69 18 85 19 47 20 24
1 38 2 12 3 74 4 65 5 24 6 61 7 49 8 57 9 68 10 87 11 81 12 88 13 25 14 1 15 90 16 96 17 78 18 5 19 44 20 16
1 45 2 52 3 7 4 14 5 82 6 86 7 88 8 99 9 93 10 50 11 15 12 83 13 2 14 29 15 31 16 80 17 79 18 99 19 15 20 96
1 49 2 80 3 95 4 11 5 55 6 29 7 24 8 39 9 25 10 29 11 56 12 66 13 42 14 37 15 45 16 22 17 93 18 9 19 98 20 24
1 13 2 91 3 14 4 80 5 47 6 81 7 11 8 14 9 47 10 6 11 49 12 29 13 55 14 31 15 65 16 3 17 8 18 24 19 22 20 74
1 34 2 75 3 87 4 31 5 14 6 3 7 21 8 16 9 43 10 12 11 25 12 60 13 99 14 24 15 10 16 34 17 12 18 20 19 88 20 58
1 1 2 6 3 29 4 8 5 97 6 28 7 77 8 10 9 55 10 95 11 17 12 83 13 87 14 90 15 44 16 90 17 54 18 65 19 39 20 13
1 13 2 74 3 6 4 6 5 97 6 50 7 46 8 10 9 6 10 19 11 78 12 39 13 5 14 3 15 40 16 8 17 41 18 48 19 60 20 43
1 13 2 58 3 78 4 12 5 12 6 45 7 31 8 75 9 41 10 63 11 64 12 84 13 91 14 72 15 77 16 50 17 11 18 98 19 29 20 6
1 85 2 41 3 21 4 7 5 15 6 75 7 61 8 82 9 44 10 15 11 62 12 76 13 98 14 16 15 98 16 93 17 56 18 84 19 56 20 41
1 44 2 88 3 74 4 60 5 10 6 21 7 35 8 54 9 98 10 58 11 80 12 63 13 81 14 22 15 14 16 45 17 81 18 74 19 26 20 34
1 32 2 13 3 57 4 56 5 47 6 77 7 44 8 1 9 55 10 32 11 71 12 82 13 96 14 72 15 64 16 16 17 23 18 53 19 95 20 46
1 55 2 8 3 6 4 3 5 98 6 67 7 70 8 99 9 96 10 17 11 81 12 32 13 34 14 52 15 46 16 38 17 33 18 96 19 40 20 79
1 18 2 43 3 45 4 16 5 89 6 9 7 10 8 47 9 53 10 13 11 66 12 46 13 31 14 55 15 22 16 9 17 30 18 55 19 87 20 48
1 31 2 51 3 40 4 72 5 89 6 44 7 64 8 14 9 35 10 25 11 34 12 54 13 68 14 93 15 18 16 11 17 22 18 70 19 58 20 17
1 77 2 49 3 77 4 83 5 18 6 93 7 90 8 71 9 86 10 49 11 49 12 33 13 67 14 44 15 58 16 65 17 38 18 74 19 78 20 47
1 25 2 18 3 71 4 99 5 34 6 6 7 26 8 12 9 13 10 13 11 42 12 23 13 58 14 56 15 2 16 28 17 40 18 24 19 93 20 19
1 76 2 24 3 44 4 52 5 9 6 18 7 26 8 96 9 13 10 3 11 89 12 4 13 80 14 66 15 91 16 77 17 42 18 41 19 81 20 7
1 19 2 94 3 30 4 28 5 99 6 67 7 15 8 93 9 43 10 57 11 41 12 33 13 92 14 31 15 18 16 15 17 20 18 6 19 44 20 35
1 86 2 53 3 86 4 91 5 29 6 71 7 81 8 11 9 88 10 48 11 75 12 86 13 56 14 44 15 41 16 71 17 84 18 42 19 23 20 42
1 18 2 20 3 88 4 4 5 87 6 49 7 24 8 8 9 33 10 37 11 24 12 7 13 56 14 93 15 77 16 84 17 16 18 37 19 62 20 8
1 97 2 94 3 97 4 77 5 37 6 53 7 49 8 20 9 14 10 51 11 85 12 95 13 84 14 5 15 57 16 66 17 35 18 42 19 97 20 77
1 89 2 4 3 33 4 80 5 29 6 13 7 91 8 21 9 77 10 74 11 3 12 58 13 15 14 65 15 16 16 69 17 14 18 8 19 53 20 92
1 92 2 42 3 20 4 23 5 70 6 91 7 2 8 79 9 26 10 6 11 66 12 25 13 70 14 52 15 61 16 12 17 97 18 55 19 31 20 68
1 81 2 30 3 66 4 64 5 98 6 55 7 77 8 98 9 47 10 27 11 77 12 95 13 50 14 69 15 61 16 35 17 82 18 5 19 29 20 85
1 76 2 64 3 87 4 53 5 28 6 42 7 55 8 1 9 96 10 3 11 26 12 83 13 8 14 39 15 3 16 45 17 47 18 11 19 21 20 34
1 62 2 49 3 75 4 90 5 42 6 71 7 70 8 54 9 39 10 76 11 48 12 69 13 58 14 42 15 52 16 20 17 29 18 49 19 56 20 96
1 68 2 80 3 97 4 1 5 18 6 28 7 34 8 92 9 63 10 90 11 53 12 71 13 97 14 33 15 3 16 11 17 42 18 36 19 97 20 27
1 40 2 40 3 84 4 36 5 64 6 25 7 78 8 26 9 93 10 94 11 91 12 61 13 81 14 41 15 82 16 76 17 68 18 83 19 62 20 81
1 28 2 84 3 5 4 25 5 77 6 73 7 83 8 67 9 41 10 38 11 12 12 73 13 76 14 12 15 20 16 68 17 62 18 30 19 66 20 70
1 82 2 77 3 78 4 49 5 56 6 1 7 89 8 15 9 29 10 71 11 95 12 27 13 89 14 76 15 42 16 10 17 14 18 54 19 22 20 19
1 31 2 72 3 76 4 52 5 10 6 68 7 82 8 62 9 94 10 14 11 32 12 28 13 8 14 5 15 90 16 50 17 21 18 38 19 89 20 6
1 6 2 30 3 43 4 45 5 74 6 45 7 2 8 33 9 33 10 24 11 50 12 22 13 7 14 67 15 26 16 8 17 88 18 76 19 31 20 22
1 45 2 86 3 11 4 44 5 96 6 27 7 95 8 81 9 78 10 70 11 74 12 62 13 12 14 2 15 32 16 84 17 98 18 28 19 7 20 55
1 12 2 45 3 92 4 93 5 55 6 44 7 80 8 32 9 52 10 79 11 59 12 64 13 10 14 88 15 4 16 96 17 28 18 48 19 9 20 74
1 24 2 17 3 40 4 95 5 73 6 67 7 42 8 24 9 37 10 19 11 60 12 85 13 54 14 27 15 31 16 51 17 6 18 87 19 68 20 58
1 53 2 46 3 56 4 41 5 65 6 45 7 15 8 94 9 63 10 72 11 26 12 82 13 44 14 49 15 83 16 88 17 58 18 33 19 35 20 84
1 94 2 55 3 28 4 64 5 1 6 8 7 82 8 28 9 14 10 70 11 66 12 24 13 34 14 76 15 78 16 9 17 83 18 89 19 66 20 80
1 64 2 13 3 17 4 91 5 32 6 87 7 51 8 57 9 1 10 66 11 70 12 57 13 78 14 75 15 67 16 21 17 57 18 92 19 3 20 39
1 92 2 92 3 39 4 22 5 51 6 67 7 6 8 5 9 96 10 12 11 6 12 77 13 37 14 90 15 21 16 74 17 70 18 83 19 36 20 89
1 87 2 81 3 90 4 90 5 47 6 28 7 26 8 52 9 23 10 8 11 92 12 54 13 49 14 32 15 19 16 80 17 27 18 22 19 52 20 50
1 51 2 89 3 20 4 38 5 47 6 77 7 40 8 19 9 59 10 59 11 49 12 23 13 29 14 93 15 48 16 34 17 39 18 66 19 11 20 14
1 85 2 92 3 8 4 24 5 1 6 6 7 75 8 24 9 24 10 75 11 34 12 33 13 92 14 93 15 6 16 19 17 91 18 71 19 65 20 7
1 98 2 54 3 50 4 53 5 50 6 67 7 17 8 27 9 20 10 11 11 39 12 11 13 73 14 1 15 40 16 33 17 14 18 67 19 13 20 26
1 26 2 60 3 7 4 78 5 69 6 78 7 69 8 73 9 65 10 85 11 53 12 30 13 88 14 50 15 4 16 62 17 92 18 56 19 48 20 30
1 53 2 56 3 21 4 39 5 83 6 92 7 61 8 5 9 12 10 66 11 60 12 71 13 3 14 35 15 44 16 73 17 96 18 90 19 88 20 22
1 9 2 49 3 2 4 66 5 73 6 78 7 51 8 35 9 4 10 83 11 64 12 20 13 68 14 89 15 78 16 23 17 31 18 63 19 33 20 60
1 43 2 94 3 82 4 57 5 31 6 96 7 57 8 74 9 56 10 69 11 53 12 76 13 59 14 80 15 81 16 86 17 72 18 77 19 96 20 99
1 59 2 20 3 84 4 88 5 1 6 15 7 6 8 84 9 65 10 29 11 74 12 10 13 15 14 87 15 75 16 31 17 7 18 24 19 24 20 54
1 97 2 74 3 31 4 98 5 6 6 95 7 40 8 24 9 30 10 79 11 81 12 96 13 58 14 10 15 92 16 99 17 68 18 82 19 57 20 19
1 52 2 47 3 85 4 79 5 94 6 37 7 69 8 4 9 79 10 88 11 98 12 43 13 6 14 9 15 64 16 90 17 75 18 13 19 42 20 31
1 95 2 67 3 72 4 68 5 2 6 63 7 82 8 27 9 54 10 66 11 93 12 8 13 13 14 38 15 98 16 91 17 50 18 56 19 70 20 68
1 87 2 31 3 23 4 48 5 37 6 84 7 82 8 21 9 13 10 82 11 41 12 82 13 80 14 2 15 27 16 36 17 23 18 1 19 23 20 81
1 22 2 47 3 84 4 65 5 76 6 81 7 44 8 94 9 57 10 8 11 33 12 62 13 16 14 31 15 1 16 12 17 4 18 57 19 4 20 80
1 50 2 7 3 5 4 10 5 69 6 41 7 12 8 74 9 43 10 14 11 9 12 55 13 37 14 43 15 28 16 37 17 77 18 80 19 7 20 5
1 54 2 78 3 33 4 14 5 1 6 38 7 11 8 20 9 34 10 11 11 55 12 31 13 20 14 68 15 60 16 20 17 9 18 97 19 43 20 63
1 56 2 80 3 14 4 29 5 46 6 67 7 91 8 71 9 78 10 85 11 7 12 26 13 70 14 51 15 97 16 95 17 1 18 57 19 11 20 74
1 9 2 42 3 49 4 35 5 71 6 65 7 7 8 94 9 5 10 28 11 66 12 67 13 31 14 1 15 17 16 52 17 55 18 37 19 64 20 42
1 29 2 67 3 23 4 59 5 72 6 73 7 46 8 87 9 11 10 50 11 97 12 19 13 88 14 40 15 73 16 6 17 89 18 82 19 1 20 37
1 96 2 81 3 87 4 69 5 99 6 27 7 5 8 82 9 15 10 94 11 89 12 60 13 90 14 26 15 43 16 88 17 6 18 41 19 85 20 63
1 75 2 79 3 31 4 93 5 75 6 7 7 16 8 51 9 45 10 54 11 1 12 16 13 76 14 38 15 75 16 83 17 14 18 27 19 85 20 43
1 19 2 45 3 71 4 60 5 90 6 29 7 44 8 21 9 10 10 84 11 40 12 62 13 95 14 85 15 2 16 40 17 31 18 72 19 5 20 58
1 21 2 2 3 30 4 26 5 81 6 25 7 68 8 8 9 50 10 15 11 29 12 27 13 54 14 69 15 45 16 96 17 52 18 29 19 77 20 92
1 1 2 91 3 53 4 90 5 71 6 57 7 61 8 33 9 65 10 81 11 50 12 94 13 76 14 97 15 66 16 16 17 8 18 32 19 81 20 92
1 55 2 32 3 16 4 66 5 29 6 73 7 44 8 53 9 4 10 57 11 64 12 52 13 63 14 36 15 69 16 17 17 69 18 78 19 54 20 44
1 1 2 68 3 50 4 94 5 60 6 14 7 38 8 31 9 23 10 72 11 70 12 93 13 47 14 28 15 47 16 73 17 61 18 92 19 84 20 65
1 53 2 32 3 23 4 79 5 50 6 66 7 28 8 27 9 57 10 57 11 70 12 49 13 27 14 47 15 23 16 86 17 32 18 6 19 5 20 98
1 19 2 45 3 44 4 41 5 22 6 56 7 86 8 90 9 31 10 69 11 2 12 16 13 39 14 14 15 38 16 98 17 64 18 36 19 54 20 69
1 81 2 27 3 89 4 19 5 66 6 84 7 26 8 55 9 53 10 89 11 61 12 75 13 81 14 57 15 76 16 58 17 80 18 72 19 22 20 80
1 4 2 76 3 31 4 83 5 32 6 16 7 27 8 51 9 45 10 57 11 43 12 17 13 52 14 84 15 52 16 96 17 70 18 53 19 45 20 10
1 50 2 44 3 2 4 10 5 22 6 99 7 75 8 98 9 26 10 53 11 57 12 21 13 29 14 12 15 34 16 96 17 98 18 42 19 80 20 40
1 9 2 36 3 50 4 71 5 90 6 30 7 17 8 68 9 85 10 34 11 17 12 98 13 50 14 9 15 39 16 76 17 41 18 93 19 43 20 23
1 78 2 20 3 63 4 49 5 89 6 6 7 88 8 62 9 6 10 70 11 43 12 59 13 12 14 13 15 75 16 30 17 56 18 74 19 81 20 14
1 84 2 40 3 30 4 55 5 98 6 32 7 66 8 3 9 53 10 54 11 94 12 82 13 7 14 86 15 79 16 8 17 41 18 24 19 21 20 47
1 30 2 71 3 20 4 21 5 31 6 98 7 68 8 63 9 13 10 17 11 99 12 88 13 98 14 68 15 83 16 30 17 9 18 67 19 48 20 10
1 6 2 14 3 74 4 89 5 47 6 30 7 22 8 73 9 14 10 65 11 23 12 37 13 58 14 41 15 95 16 31 17 34 18 25 19 11 20 61
1 79 2 48 3 33 4 25 5 96 6 42 7 88 8 39 9 25 10 83 11 49 12 94 13 22 14 66 15 79 16 35 17 8 18 50 19 1 20 98
1 14 2 40 3 27 4 37 5 16 6 33 7 75 8 71 9 1 10 74 11 15 12 67 13 72 14 93 15 8 16 94 17 24 18 20 19 6 20 76
1 95 2 85 3 25 4 86 5 28 6 20 7 82 8 50 9 87 10 15 11 46 12 94 13 78 14 48 15 36 16 96 17 48 18 62 19 23 20 24
1 13 2 76 3 62 4 68 5 84 6 20 7 51 8 19 9 6 10 3 11 90 12 42 13 4 14 72 15 84 16 13 17 51 18 19 19 30 20 94
1 77 2 84 3 46 4 70 5 62 6 93 7 34 8 91 9 80 10 47 11 40 12 91 13 39 14 81 15 44 16 92 17 52 18 25 19 54 20 26
1 60 2 45 3 15 4 52 5 8 6 5 7 10 8 10 9 82 10 8 11 65 12 94 13 62 14 79 15 67 16 66 17 67 18 87 19 49 20 78
1 24 2 95 3 50 4 71 5 48 6 48 7 91 8 86 9 50 10 60 11 71 12 22 13 76 14 81 15 20 16 45 17 37 18 15 19 80 20 59
1 80 2 68 3 82 4 35 5 47 6 49 7 10 8 2 9 78 10 53 11 79 12 41 13 14 14 90 15 19 16 3 17 81 18 15 19 40 20 79
1 49 2 8 3 46 4 4 5 26 6 67 7 28 8 10 9 7 10 11 11 57 12 47 13 10 14 54 15 73 16 66 17 6 18 22 19 75 20 95
1 8 2 67 3 49 4 67 5 48 6 4 7 35 8 4 9 28 10 62 11 43 12 96 13 40 14 23 15 32 16 33 17 3 18 92 19 10 20 83
1 61 2 97 3 15 4 25 5 19 6 80 7 10 8 95 9 1 10 25 11 83 12 61 13 90 14 79 15 92 16 99 17 92 18 86 19 96 20 12
1 33 2 56 3 30 4 86 5 24 6 18 7 80 8 59 9 25 10 55 11 88 12 47 13 89 14 90 15 30 16 61 17 34 18 80 19 93 20 16
1 26 2 28 3 62 4 19 5 6 6 40 7 16 8 82 9 10 10 81 11 95 12 98 13 92 14 61 15 97 16 43 17 97 18 36 19 47 20 62
1 6 2 26 3 42 4 51 5 38 6 63 7 46 8 47 9 11 10 94 11 30 12 53 13 12 14 98 15 88 16 95 17 62 18 19 19 67 20 46
1 30 2 78 3 95 4 74 5 85 6 37 7 81 8 69 9 49 10 70 11 22 12 2 13 41 14 7 15 52 16 28 17 70 18 41 19 69 20 9
1 21 2 54 3 67 4 86 5 82 6 5 7 33 8 89 9 16 10 1 11 67 12 7 13 42 14 92 15 56 16 64 17 95 18 45 19 45 20 33
1 79 2 11 3 26 4 19 5 31 6 54 7 36 8 24 9 52 10 88 11 52 12 29 13 32 14 23 15 80 16 67 17 91 18 22 19 79 20 50
1 45 2 30 3 85 4 19 5 89 6 52 7 91 8 31 9 88 10 54 11 5 12 72 13 76 14 71 15 2 16 42 17 56 18 83 19 75 20 58
1 13 2 82 3 40 4 98 5 4 6 18 7 73 8 92 9 58 10 27 11 44 12 79 13 23 14 29 15 45 16 76 17 31 18 95 19 67 20 13
1 99 2 84 3 73 4 91 5 9 6 11 7 64 8 51 9 1 10 41 11 7 12 29 13 16 14 40 15 44 16 26 17 33 18 31 19 13 20 19
1 87 2 35 3 26 4 54 5 69 6 61 7 19 8 9 9 38 10 37 11 65 12 66 13 83 14 12 15 44 16 16 17 48 18 52 19 88 20 38
1 8 2 42 3 73 4 39 5 26 6 67 7 52 8 24 9 94 10 89 11 33 12 79 13 4 14 28 15 3 16 57 17 89 18 58 19 38 20 84
1 70 2 95 3 3 4 38 5 51 6 76 7 66 8 3 9 54 10 88 11 17 12 9 13 91 14 37 15 68 16 66 17 4 18 63 19 72 20 79
1 11 2 54 3 44 4 2 5 57 6 74 7 82 8 23 9 31 10 10 11 95 12 37 13 8 14 44 15 44 16 44 17 55 18 57 19 95 20 23
1 84 2 83 3 12 4 87 5 4 6 69 7 64 8 84 9 78 10 19 11 94 12 97 13 97 14 26 15 34 16 49 17 39 18 94 19 17 20 8
1 81 2 31 3 42 4 80 5 91 6 68 7 68 8 51 9 99 10 90 11 60 12 56 13 68 14 63 15 13 16 55 17 70 18 85 19 81 20 26
1 94 2 54 3 89 4 81 5 45 6 17 7 89 8 35 9 38 10 96 11 20 12 87 13 5 14 49 15 78 16 46 17 43 18 7 19 33 20 20
1 44 2 85 3 61 4 38 5 61 6 67 7 43 8 16 9 81 10 16 11 33 12 27 13 40 14 78 15 30 16 20 17 53 18 63 19 23 20 83
1 78 2 89 3 30 4 48 5 75 6 27 7 32 8 88 9 51 10 79 11 99 12 72 13 32 14 48 15 86 16 40 17 40 18 89 19 47 20 16
1 19 2 4 3 1 4 26 5 95 6 97 7 30 8 88 9 58 10 96 11 74 12 90 13 97 14 98 15 42 16 55 17 91 18 5 19 25 20 93
1 22 2 44 3 86 4 62 5 76 6 2 7 27 8 28 9 6 10 77 11 63 12 91 13 48 14 76 15 16 16 84 17 82 18 19 19 5 20 11
1 78 2 93 3 76 4 5 5 26 6 94 7 31 8 31 9 61 10 40 11 91 12 67 13 97 14 89 15 17 16 36 17 8 18 65 19 10 20 64
1 54 2 4 3 15 4 80 5 67 6 14 7 90 8 77 9 7 10 80 11 7 12 27 13 94 14 16 15 41 16 37 17 41 18 75 19 47 20 64
1 90 2 47 3 41 4 21 5 92 6 99 7 43 8 64 9 30 10 1 11 96 12 26 13 78 14 72 15 32 16 53 17 78 18 1 19 33 20 62
1 74 2 93 3 5 4 44 5 50 6 54 7 29 8 32 9 88 10 9 11 68 12 66 13 44 14 68 15 71 16 43 17 73 18 63 19 22 20 11
1 56 2 92 3 4 4 85 5 22 6 52 7 27 8 82 9 7 10 83 11 75 12 2 13 34 14 76 15 80 16 45 17 64 18 97 19 83 20 87
1 60 2 4 3 60 4 23 5 19 6 77 7 15 8 8 9 32 10 93 11 90 12 36 13 90 14 80 15 29 16 33 17 94 18 67 19 56 20 42
1 77 2 98 3 34 4 34 5 12 6 70 7 50 8 73 9 99 10 32 11 64 12 59 13 75 14 7 15 58 16 92 17 10 18 10 19 66 20 89
1 55 2 70 3 46 4 56 5 21 6 95 7 74 8 67 9 71 10 4 11 67 12 62 13 22 14 41 15 85 16 62 17 72 18 33 19 94 20 43
1 43 2 34 3 26 4 72 5 82 6 45 7 71 8 89 9 93 10 62 11 37 12 21 13 17 14 53 15 30 16 55 17 47 18 44 19 85 20 70
1 90 2 56 3 92 4 16 5 75 6 99 7 82 8 41 9 18 10 79 11 93 12 61 13 62 14 67 15 95 16 79 17 99 18 9 19 53 20 91
1 92 2 12 3 27 4 33 5 91 6 96 7 10 8 96 9 32 10 29 11 80 12 14 13 37 14 48 15 59 16 9 17 70 18 3 19 19 20 60
1 4 2 97 3 27 4 96 5 97 6 46 7 93 8 87 9 99 10 76 11 52 12 54 13 70 14 60 15 66 16 57 17 23 18 53 19 48 20 70
1 77 2 12 3 9 4 1 5 33 6 89 7 96 8 46 9 37 10 23 11 3 12 48 13 9 14 92 15 20 16 81 17 75 18 63 19 44 20 53
1 75 2 12 3 19 4 62 5 63 6 49 7 16 8 29 9 2 10 52 11 36 12 25 13 66 14 39 15 53 16 87 17 61 18 62 19 57 20 5
1 17 2 53 3 72 4 81 5 87 6 69 7 23 8 73 9 71 10 37 11 3 12 8 13 61 14 81 15 24 16 1 17 62 18 25 19 63 20 96
1 80 2 10 3 66 4 49 5 37 6 87 7 84 8 1 9 17 10 2 11 51 12 79 13 95 14 44 15 4 16 41 17 57 18 73 19 94 20 27
1 61 2 86 3 22 4 84 5 20 6 65 7 57 8 85 9 45 10 3 11 10 12 88 13 13 14 19 15 66 16 52 17 32 18 26 19 94 20 12
1 8 2 44 3 47 4 5 5 79 6 58 7 46 8 73 9 68 10 77 11 77 12 1 13 88 14 11 15 43 16 32 17 23 18 50 19 37 20 72
1 19 2 9 3 47 4 8 5 43 6 58 7 82 8 5 9 21 10 63 11 54 12 72 13 87 14 11 15 7 16 48 17 38 18 80 19 36 20 14
1 10 2 70 3 56 4 62 5 57 6 51 7 58 8 61 9 30 10 78 11 22 12 33 13 86 14 65 15 73 16 59 17 68 18 11 19 20 20 6
1 8 2 11 3 5 4 21 5 51 6 21 7 14 8 52 9 2 10 79 11 57 12 55 13 87 14 51 15 32 16 60 17 55 18 40 19 23 20 40
1 45 2 43 3 50 4 22 5 45 6 19 7 65 8 99 9 62 10 27 11 25 12 4 13 52 14 91 15 96 16 1 17 37 18 76 19 11 20 87
1 97 2 35 3 9 4 22 5 50 6 68 7 37 8 72 9 71 10 88 11 50 12 88 13 43 14 96 15 62 16 91 17 57 18 2 19 26 20 17
1 27 2 19 3 19 4 35 5 36 6 10 7 70 8 78 9 91 10 44 11 70 12 91 13 84 14 51 15 48 16 30 17 29 18 90 19 6 20 45
1 69 2 74 3 32 4 73 5 41 6 90 7 39 8 20 9 16 10 90 11 93 12 71 13 68 14 96 15 55 16 56 17 63 18 35 19 72 20 9
1 86 2 75 3 29 4 3 5 8 6 38 7 72 8 53 9 56 10 46 11 19 12 78 13 58 14 59 15 96 16 19 17 93 18 28 19 60 20 77
1 92 2 97 3 86 4 9 5 2 6 65 7 21 8 70 9 80 10 50 11 71 12 33 13 37 14 91 15 99 16 23 17 19 18 75 19 29 20 47
1 70 2 77 3 88 4 91 5 98 6 93 7 32 8 37 9 36 10 62 11 84 12 21 13 18 14 2 15 90 16 58 17 42 18 37 19 99 20 5
1 65 2 57 3 46 4 6 5 10 6 95 7 89 8 94 9 82 10 37 11 87 12 57 13 50 14 79 15 18 16 92 17 35 18 16 19 80 20 86
1 8 2 62 3 8 4 7 5 89 6 90 7 66 8 4 9 13 10 77 11 15 12 25 13 25 14 23 15 73 16 59 17 23 18 18 19 55 20 19
1 87 2 48 3 64 4 42 5 50 6 35 7 18 8 34 9 6 10 19 11 68 12 31 13 84 14 94 15 43 16 18 17 29 18 6 19 52 20 52
1 56 2 21 3 48 4 15 5 46 6 54 7 90 8 21 9 45 10 84 11 68 12 61 13 4 14 64 15 51 16 39 17 64 18 48 19 68 20 25
1 97 2 98 3 14 4 32 5 26 6 47 7 12 8 87 9 61 10 40 11 57 12 52 13 93 14 70 15 66 16 13 17 8 18 51 19 69 20 63
1 59 2 51 3 2 4 27 5 43 6 16 7 30 8 88 9 26 10 91 11 68 12 2 13 65 14 30 15 76 16 64 17 35 18 1 19 33 20 43
1 59 2 43 3 25 4 97 5 16 6 75 7 32 8 80 9 29 10 23 11 12 12 27 13 88 14 36 15 78 16 95 17 36 18 33 19 47 20 10
1 77 2 99 3 62 4 58 5 20 6 82 7 12 8 81 9 14 10 93 11 20 12 87 13 66 14 55 15 98 16 63 17 3 18 2 19 18 20 83
1 45 2 77 3 53 4 98 5 76 6 65 7 96 8 34 9 73 10 57 11 99 12 56 13 49 14 56 15 92 16 22 17 13 18 22 19 54 20 17
1 15 2 84 3 24 4 66 5 83 6 30 7 59 8 14 9 79 10 34 11 4 12 86 13 1 14 23 15 41 16 92 17 49 18 10 19 96 20 63
1 63 2 78 3 60 4 1 5 73 6 66 7 86 8 14 9 2 10 68 11 99 12 89 13 34 14 16 15 26 16 26 17 58 18 31 19 1 20 94
1 39 2 58 3 7 4 30 5 55 6 60 7 4 8 25 9 76 10 69 11 23 12 34 13 73 14 13 15 10 16 43 17 53 18 71 19 33 20 35
1 72 2 28 3 74 4 99 5 17 6 61 7 77 8 38 9 79 10 71 11 66 12 7 13 38 14 4 15 87 16 20 17 36 18 59 19 33 20 41
1 86 2 92 3 35 4 59 5 80 6 63 7 20 8 26 9 45 10 95 11 71 12 40 13 29 14 22 15 33 16 20 17 96 18 40 19 32 20 88
1 92 2 99 3 30 4 69 5 37 6 85 7 54 8 53 9 6 10 28 11 16 12 9 13 66 14 50 15 44 16 54 17 93 18 6 19 50 20 18
1 5 2 91 3 44 4 44 5 74 6 36 7 56 8 69 9 98 10 20 11 53 12 22 13 13 14 7 15 21 16 6 17 98 18 9 19 32 20 75
1 50 2 10 3 55 4 14 5 25 6 72 7 51 8 30 9 97 10 7 11 91 12 79 13 37 14 55 15 35 16 29 17 17 18 90 19 12 20 55
1 30 2 21 3 33 4 45 5 56 6 28 7 8 8 27 9 68 10 77 11 63 12 94 13 28 14 80 15 4 16 17 17 23 18 11 19 95 20 55
1 39 2 59 3 31 4 63 5 26 6 34 7 69 8 45 9 49 10 58 11 25 12 11 13 90 14 75 15 4 16 33 17 14 18 76 19 71 20 42
1 42 2 54 3 92 4 27 5 67 6 89 7 45 8 12 9 39 10 10 11 28 12 86 13 28 14 92 15 33 16 52 17 40 18 79 19 2 20 58
1 97 2 31 3 31 4 86 5 81 6 4 7 7 8 90 9 44 10 82 11 70 12 96 13 56 14 75 15 77 16 47 17 1 18 86 19 78 20 13
1 86 2 7 3 80 4 19 5 87 6 34 7 7 8 37 9 90 10 20 11 6 12 45 13 90 14 30 15 53 16 7 17 22 18 80 19 14 20 3
1 23 2 62 3 44 4 28 5 53 6 30 7 70 8 52 9 74 10 33 11 31 12 49 13 16 14 2 15 42 16 98 17 77 18 27 19 2 20 91
1 81 2 23 3 11 4 77 5 12 6 36 7 5 8 35 9 70 10 52 11 71 12 40 13 31 14 4 15 38 16 24 17 59 18 22 19 65 20 36
1 59 2 30 3 67 4 3 5 11 6 68 7 88 8 18 9 58 10 26 11 8 12 98 13 41 14 38 15 56 16 36 17 60 18 86 19 55 20 14
1 48 2 50 3 36 4 60 5 11 6 97 7 98 8 26 9 24 10 55 11 40 12 83 13 76 14 45 15 59 16 12 17 20 18 22 19 14 20 58
1 4 2 1 3 80 4 28 5 31 6 72 7 81 8 38 9 81 10 74 11 80 12 53 13 73 14 67 15 88 16 25 17 22 18 68 19 85 20 19
1 84 2 56 3 94 4 36 5 78 6 70 7 32 8 50 9 46 10 62 11 54 12 28 13 50 14 95 15 21 16 4 17 75 18 80 19 4 20 27
1 78 2 24 3 99 4 48 5 22 6 26 7 71 8 68 9 39 10 53 11 1 12 84 13 38 14 69 15 62 16 75 17 57 18 6 19 95 20 78
1 1 2 19 3 15 4 86 5 68 6 57 7 79 8 54 9 54 10 28 11 94 12 14 13 5 14 91 15 7 16 98 17 42 18 99 19 71 20 69
1 35 2 83 3 58 4 79 5 59 6 57 7 45 8 46 9 43 10 34 11 29 12 33 13 43 14 79 15 51 16 46 17 55 18 41 19 67 20 11
1 28 2 30 3 36 4 82 5 75 6 90 7 31 8 30 9 99 10 39 11 20 12 67 13 53 14 86 15 59 16 24 17 47 18 56 19 28 20 80
1 56 2 47 3 67 4 43 5 19 6 61 7 72 8 41 9 49 10 50 11 59 12 94 13 98 14 8 15 78 16 14 17 59 18 11 19 13 20 45
1 27 2 73 3 32 4 76 5 62 6 6 7 51 8 23 9 3 10 24 11 18 12 64 13 51 14 13 15 17 16 55 17 85 18 33 19 39 20 78
1 92 2 62 3 20 4 24 5 65 6 93 7 80 8 31 9 58 10 89 11 94 12 9 13 73 14 80 15 91 16 36 17 53 18 58 19 87 20 86
1 60 2 77 3 76 4 57 5 26 6 46 7 88 8 40 9 78 10 7 11 32 12 8 13 36 14 56 15 16 16 78 17 75 18 14 19 54 20 93
1 69 2 5 3 31 4 75 5 34 6 35 7 31 8 48 9 31 10 23 11 99 12 33 13 27 14 57 15 80 16 49 17 61 18 33 19 72 20 85
1 60 2 44 3 2 4 64 5 98 6 90 7 28 8 40 9 85 10 44 11 25 12 71 13 70 14 39 15 20 16 14 17 10 18 87 19 62 20 34
1 24 2 13 3 44 4 26 5 21 6 90 7 51 8 82 9 3 10 29 11 46 12 91 13 75 14 33 15 16 16 55 17 68 18 71 19 10 20 75
1 79 2 69 3 4 4 6 5 41 6 32 7 90 8 69 9 14 10 10 11 9 12 99 13 68 14 91 15 60 16 33 17 38 18 67 19 91 20 47
1 15 2 50 3 55 4 55 5 68 6 9 7 5 8 73 9 75 10 71 11 25 12 32 13 32 14 5 15 79 16 98 17 89 18 37 19 90 20 42
1 5 2 10 3 75 4 25 5 89 6 53 7 20 8 90 9 35 10 2 11 18 12 54 13 26 14 46 15 56 16 41 17 60 18 37 19 38 20 51
1 73 2 73 3 9 4 29 5 83 6 42 7 21 8 40 9 37 10 63 11 63 12 75 13 39 14 84 15 38 16 73 17 76 18 65 19 92 20 86
1 89 2 63 3 80 4 24 5 39 6 93 7 37 8 50 9 54 10 40 11 94 12 82 13 37 14 42 15 20 16 58 17 75 18 39 19 29 20 84
1 61 2 2 3 10 4 36 5 69 6 39 7 2 8 76 9 29 10 64 11 56 12 40 13 22 14 75 15 96 16 4 17 84 18 41 19 64 20 4
1 65 2 37 3 56 4 14 5 97 6 48 7 73 8 81 9 97 10 86 11 13 12 46 13 46 14 48 15 71 16 94 17 4 18 28 19 75 20 47
1 70 2 76 3 23 4 79 5 26 6 97 7 51 8 96 9 85 10 1 11 59 12 83 13 60 14 34 15 48 16 63 17 96 18 43 19 75 20 27
1 86 2 20 3 63 4 52 5 70 6 69 7 81 8 80 9 41 10 37 11 39 12 26 13 62 14 88 15 42 16 54 17 55 18 30 19 5 20 17
1 8 2 99 3 69 4 97 5 36 6 66 7 12 8 97 9 68 10 24 11 75 12 34 13 57 14 23 15 55 16 80 17 12 18 86 19 34 20 98
1 80 2 84 3 6 4 34 5 85 6 37 7 38 8 56 9 17 10 67 11 1 12 88 13 29 14 57 15 46 16 60 17 11 18 48 19 38 20 20
1 78 2 74 3 50 4 35 5 53 6 52 7 12 8 13 9 59 10 81 11 15 12 72 13 92 14 81 15 14 16 6 17 21 18 26 19 9 20 98
1 11 2 54 3 5 4 56 5 68 6 98 7 71 8 58 9 47 10 28 11 77 12 70 13 73 14 13 15 82 16 77 17 97 18 12 19 30 20 89
1 75 2 59 3 27 4 29 5 68 6 99 7 88 8 66 9 85 10 22 11 5 12 35 13 91 14 28 15 91 16 33 17 91 18 97 19 94 20 19
1 47 2 62 3 65 4 78 5 35 6 16 7 72 8 2 9 1 10 61 11 65 12 4 13 25 14 23 15 65 16 1 17 55 18 86 19 44 20 52
1 57 2 41 3 90 4 57 5 8 6 50 7 7 8 17 9 32 10 94 11 27 12 58 13 53 14 84 15 15 16 93 17 50 18 11 19 60 20 55
1 72 2 25 3 49 4 14 5 20 6 62 7 39 8 20 9 95 10 49 11 70 12 56 13 79 14 36 15 21 16 20 17 34 18 40 19 27 20 17
1 22 2 59 3 46 4 11 5 17 6 68 7 70 8 1 9 83 10 42 11 29 12 84 13 55 14 7 15 23 16 30 17 51 18 75 19 79 20 83
1 24 2 2 3 30 4 64 5 66 6 93 7 28 8 93 9 92 10 61 11 66 12 50 13 81 14 22 15 22 16 93 17 48 18 36 19 76 20 76
1 14 2 21 3 71 4 83 5 89 6 51 7 26 8 69 9 51 10 98 11 8 12 12 13 62 14 57 15 98 16 58 17 22 18 88 19 81 20 41
1 79 2 27 3 2 4 48 5 40 6 59 7 10 8 77 9 45 10 13 11 67 12 23 13 53 14 47 15 15 16 90 17 37 18 84 19 29 20 59
1 18 2 8 3 20 4 80 5 54 6 87 7 94 8 32 9 60 10 56 11 79 12 81 13 32 14 67 15 69 16 68 17 89 18 9 19 62 20 40
1 17 2 1 3 25 4 70 5 20 6 70 7 56 8 51 9 40 10 80 11 75 12 3 13 63 14 91 15 69 16 10 17 4 18 47 19 68 20 26
1 91 2 16 3 95 4 13 5 77 6 69 7 57 8 8 9 94 10 6 11 56 12 29 13 48 14 89 15 75 16 71 17 87 18 44 19 51 20 2
1 88 2 36 3 55 4 26 5 34 6 59 7 87 8 32 9 27 10 49 11 11 12 79 13 51 14 54 15 73 16 54 17 96 18 60 19 15 20 33
1 16 2 45 3 50 4 7 5 48 6 90 7 16 8 77 9 75 10 93 11 43 12 55 13 19 14 26 15 69 16 72 17 56 18 51 19 77 20 87
1 52 2 97 3 16 4 41 5 29 6 28 7 28 8 39 9 55 10 85 11 71 12 69 13 37 14 17 15 25 16 20 17 36 18 21 19 89 20 25
1 59 2 20 3 50 4 24 5 47 6 54 7 64 8 77 9 18 10 25 11 92 12 81 13 52 14 18 15 93 16 64 17 67 18 57 19 36 20 3
1 28 2 38 3 56 4 34 5 74 6 30 7 29 8 65 9 83 10 80 11 73 12 84 13 14 14 5 15 63 16 6 17 11 18 49 19 2 20 22
1 25 2 58 3 29 4 58 5 94 6 59 7 75 8 12 9 72 10 6 11 54 12 84 13 14 14 83 15 94 16 70 17 68 18 79 19 99 20 52
1 15 2 25 3 5 4 36 5 12 6 88 7 53 8 48 9 48 10 72 11 77 12 21 13 63 14 84 15 97 16 57 17 7 18 72 19 81 20 3
1 78 2 91 3 66 4 61 5 6 6 23 7 60 8 56 9 43 10 47 11 22 12 34 13 66 14 93 15 43 16 12 17 72 18 58 19 44 20 55
1 81 2 6 3 24 4 37 5 20 6 4 7 12 8 8 9 62 10 10 11 71 12 74 13 87 14 50 15 14 16 85 17 62 18 67 19 91 20 66
1 63 2 19 3 60 4 20 5 96 6 70 7 58 8 67 9 31 10 99 11 85 12 82 13 27 14 58 15 41 16 13 17 55 18 13 19 3 20 40
1 9 2 60 3 56 4 77 5 91 6 58 7 71 8 60 9 96 10 43 11 81 12 87 13 8 14 92 15 88 16 37 17 79 18 46 19 4 20 84
1 99 2 74 3 38 4 63 5 44 6 39 7 1 8 12 9 58 10 84 11 36 12 68 13 32 14 86 15 88 16 63 17 31 18 18 19 70 20 46
1 98 2 41 3 28 4 58 5 38 6 61 7 94 8 23 9 43 10 42 11 99 12 63 13 96 14 76 15 33 16 34 17 23 18 36 19 63 20 21
1 63 2 78 3 66 4 33 5 19 6 23 7 58 8 19 9 20 10 94 11 32 12 81 13 89 14 21 15 46 16 2 17 6 18 61 19 25 20 85
1 19 2 55 3 1 4 21 5 13 6 63 7 41 8 96 9 88 10 62 11 4 12 66 13 34 14 49 15 69 16 76 17 8 18 66 19 46 20 86
