500 20
1 69 2 51 3 9 4 16 5 14 6 53 7 22 8 81 9 50 10 46 11 54 12 7 13 30 14 55 15 83 16 29 17 51 18 84 19 24 20 43
1 68 2 96 3 86 4 92 5 70 6 52 7 45 8 6 9 84 10 76 11 26 12 35 13 50 14 87 15 55 16 55 17 87 18 72 19 63 20 43
1 37 2 77 3 5 4 26 5 68 6 58 7 69 8 79 9 49 10 40 11 9 12 30 13 86 14 9 15 41 16 12 17 59 18 75 19 32 20 33
1 77 2 45 3 99 4 61 5 42 6 69 7 27 8 19 9 22 10 3 11 61 12 35 13 76 14 61 15 41 16 49 17 37 18 95 19 15 20 29
1 59 2 64 3 47 4 5 5 20 6 53 7 59 8 32 9 77 10 87 11 49 12 27 13 57 14 90 15 14 16 30 17 93 18 63 19 81 20 82
1 78 2 95 3 68 4 88 5 88 6 39 7 93 8 47 9 65 10 94 11 1 12 40 13 28 14 5 15 24 16 71 17 93 18 90 19 13 20 8
1 8 2 90 3 97 4 94 5 95 6 59 7 36 8 74 9 63 10 6 11 42 12 96 13 47 14 15 15 12 16 36 17 12 18 12 19 77 20 28
1 58 2 11 3 30 4 60 5 38 6 37 7 72 8 77 9 3 10 20 11 53 12 27 13 77 14 72 15 56 16 60 17 6 18 65 19 11 20 8
1 93 2 9 3 78 4 82 5 70 6 76 7 99 8 51 9 77 10 48 11 93 12 55 13 89 14 92 15 54 16 76 17 19 18 74 19 80 20 91
1 39 2 26 3 11 4 61 5 85 6 52 7 20 8 65 9 28 10 55 11 12 12 54 13 50 14 92 15 38 16 35 17 29 18 40 19 62 20 15
1 21 2 88 3 69 4 17 5 33 6 22 7 17 8 80 9 93 10 44 11 17 12 64 13 11 14 8 15 23 16 94 17 78 18 93 19 50 20 74
1 86 2 85 3 74 4 28 5 4 6 10 7 37 8 95 9 57 10 14 11 80 12 84 13 45 14 73 15 97 16 68 17 68 18 81 19 73 20 16
1 8 2 29 3 72 4 34 5 14 6 44 7 81 8 26 9 38 10 34 11 34 12 86 13 37 14 93 15 81 16 47 17 74 18 18 19 9 20 57
1 50 2 46 3 16 4 69 5 73 6 4 7 88 8 65 9 35 10 70 11 60 12 45 13 1 14 13 15 98 16 38 17 55 18 83 19 20 20 97
1 44 2 86 3 8 4 98 5 85 6 16 7 16 8 11 9 84 10 84 11 18 12 58 13 33 14 19 15 77 16 53 17 33 18 63 19 40 20 84
1 76 2 66 3 22 4 83 5 53 6 6 7 45 8 38 9 13 10 92 11 44 12 17 13 22 14 55 15 5 16 55 17 34 18 66 19 71 20 74
1 11 2 67 3 93 4 80 5 3 6 3 7 2 8 40 9 33 10 58 11 53 12 10 13 31 14 58 15 50 16 68 17 88 18 81 19 18 20 96
1 41 2 65 3 42 4 42 5 39 6 21 7 77 8 20 9 41 10 83 11 31 12 60 13 59 14 26 15 34 16 95 17 14 18 64 19 89 20 72
1 93 2 97 3 49 4 30 5 63 6 37 7 53 8 58 9 68 10 44 11 88 12 65 13 48 14 24 15 39 16 26 17 70 18 70 19 10 20 73
1 69 2 41 3 41 4 15 5 50 6 8 7 86 8 15 9 82 10 56 11 38 12 53 13 92 14 35 15 24 16 27 17 54 18 10 19 83 20 22
1 63 2 89 3 65 4 33 5 86 6 9 7 5 8 88 9 97 10 92 11 99 12 11 13 90 14 73 15 36 16 44 17 22 18 97 19 95 20 70
1 22 2 50 3 66 4 22 5 25 6 4 7 90 8 77 9 39 10 99 11 5 12 84 13 70 14 62 15 11 16 18 17 27 18 73 19 19 20 48
1 3 2 53 3 67 4 69 5 33 6 13 7 33 8 65 9 53 10 11 11 32 12 6 13 17 14 28 15 41 16 74 17 45 18 22 19 9 20 37
1 20 2 32 3 48 4 12 5 15 6 12 7 79 8 94 9 13 10 17 11 69 12 97 13 78 14 20 15 49 16 12 17 45 18 96 19 5 20 1
1 98 2 14 3 71 4 83 5 36 6 35 7 6 8 11 9 5 10 66 11 88 12 22 13 29 14 54 15 20 16 92 17 79 18 34 19 40 20 4
1 80 2 90 3 49 4 59 5 24 6 25 7 17 8 63 9 10 10 13 11 70 12 43 13 46 14 65 15 60 16 3 17 29 18 31 19 61 20 85
1 94 2 67 3 55 4 28 5 65 6 93 7 41 8 16 9 81 10 42 11 59 12 71 13 87 14 69 15 80 16 10 17 80 18 15 19 57 20 9
1 86 2 22 3 70 4 15 5 32 6 7 7 30 8 92 9 77 10 1 11 26 12 39 13 80 14 58 15 88 16 19 17 71 18 29 19 42 20 96
1 17 2 84 3 6 4 48 5 18 6 46 7 72 8 54 9 81 10 97 11 36 12 24 13 55 14 70 15 28 16 47 17 86 18 11 19 14 20 87
1 27 2 51 3 64 4 41 5 33 6 45 7 54 8 64 9 18 10 58 11 41 12 53 13 7 14 88 15 42 16 24 17 79 18 94 19 50 20 87
1 58 2 90 3 68 4 15 5 80 6 96 7 1 8 15 9 6 10 84 11 42 12 21 13 81 14 56 15 5 16 27 17 80 18 33 19 90 20 13
1 61 2 87 3 27 4 80 5 53 6 96 7 9 8 78 9 1 10 29 11 60 12 61 13 79 14 18 15 48 16 29 17 22 18 29 19 28 20 26
1 19 2 95 3 69 4 87 5 91 6 4 7 34 8 47 9 91 10 25 11 82 12 23 13 72 14 60 15 9 16 85 17 92 18 73 19 98 20 42
1 77 2 97 3 87 4 74 5 23 6 68 7 40 8 32 9 50 10 5 11 29 12 23 13 19 14 15 15 51 16 83 17 57 18 15 19 70 20 88
1 36 2 28 3 25 4 12 5 64 6 33 7 20 8 13 9 18 10 66 11 51 12 83 13 78 14 48 15 56 16 2 17 92 18 46 19 1 20 14
1 4 2 56 3 63 4 26 5 85 6 69 7 96 8 72 9 84 10 3 11 46 12 69 13 81 14 70 15 16 16 96 17 11 18 56 19 1 20 34
1 14 2 65 3 16 4 24 5 8 6 30 7 92 8 31 9 92 10 54 11 90 12 34 13 44 14 60 15 3 16 75 17 33 18 34 19 2 20 84
1 20 2 52 3 70 4 74 5 9 6 8 7 13 8 19 9 31 10 24 11 49 12 34 13 60 14 15 15 28 16 33 17 9 18 90 19 31 20 99
1 69 2 51 3 83 4 70 5 67 6 6 7 79 8 56 9 3 10 16 11 62 12 63 13 17 14 38 15 15 16 30 17 18 18 23 19 24 20 41
1 79 2 59 3 43 4 49 5 55 6 22 7 29 8 33 9 91 10 86 11 81 12 2 13 76 14 40 15 35 16 95 17 42 18 90 19 48 20 78
1 20 2 46 3 75 4 28 5 40 6 77 7 73 8 63 9 13 10 26 11 90 12 4 13 5 14 29 15 26 16 35 17 26 18 58 19 11 20 58
1 55 2 13 3 45 4 36 5 47 6 17 7 81 8 81 9 65 10 36 11 82 12 84 13 93 14 5 15 58 16 41 17 6 18 75 19 32 20 25
1 48 2 51 3 58 4 55 5 10 6 13 7 58 8 99 9 93 10 93 11 16 12 65 13 85 14 83 15 75 16 34 17 33 18 33 19 23 20 39
1 98 2 13 3 43 4 18 5 27 6 59 7 89 8 27 9 58 10 70 11 72 12 20 13 26 14 41 15 8 16 27 17 4 18 11 19 83 20 12
1 37 2 49 3 74 4 98 5 89 6 67 7 16 8 36 9 44 10 17 11 37 12 48 13 23 14 43 15 82 16 93 17 27 18 8 19 39 20 88
1 99 2 97 3 5 4 38 5 26 6 7 7 59 8 70 9 34 10 38 11 74 12 41 13 24 14 74 15 99 16 27 17 39 18 64 19 98 20 21
1 26 2 75 3 10 4 12 5 93 6 98 7 92 8 22 9 99 10 51 11 38 12 80 13 81 14 4 15 47 16 53 17 41 18 12 19 7 20 85
1 63 2 33 3 4 4 35 5 51 6 33 7 15 8 96 9 94 10 89 11 61 12 20 13 10 14 8 15 51 16 11 17 90 18 96 19 58 20 61
1 23 2 95 3 70 4 65 5 46 6 30 7 5 8 21 9 69 10 4 11 40 12 20 13 56 14 97 15 26 16 98 17 74 18 86 19 30 20 74
1 7 2 38 3 86 4 2 5 57 6 58 7 18 8 37 9 28 10 95 11 79 12 94 13 6 14 74 15 14 16 63 17 60 18 43 19 82 20 71
1 76 2 24 3 78 4 17 5 10 6 59 7 77 8 34 9 70 10 34 11 37 12 39 13 94 14 98 15 56 16 11 17 98 18 30 19 6 20 48
1 2 2 21 3 74 4 31 5 45 6 95 7 92 8 65 9 30 10 39 11 16 12 60 13 60 14 5 15 25 16 95 17 18 18 16 19 66 20 97
1 22 2 69 3 25 4 11 5 24 6 84 7 23 8 11 9 5 10 21 11 95 12 64 13 46 14 48 15 15 16 44 17 52 18 40 19 94 20 34
1 5 2 6 3 30 4 73 5 69 6 93 7 61 8 49 9 68 10 83 11 40 12 32 13 21 14 49 15 87 16 21 17 78 18 81 19 92 20 96
1 81 2 27 3 30 4 36 5 40 6 39 7 71 8 8 9 89 10 61 11 7 12 61 13 55 14 15 15 86 16 42 17 93 18 56 19 65 20 94
1 91 2 27 3 19 4 6 5 64 6 19 7 19 8 71 9 90 10 61 11 35 12 69 13 18 14 30 15 10 16 92 17 98 18 94 19 89 20 25
1 93 2 27 3 12 4 91 5 16 6 85 7 70 8 1 9 19 10 71 11 61 12 25 13 95 14 47 15 11 16 39 17 3 18 89 19 45 20 72
1 72 2 16 3 72 4 22 5 57 6 31 7 14 8 42 9 20 10 56 11 50 12 14 13 45 14 25 15 9 16 96 17 14 18 38 19 97 20 88
1 81 2 16 3 98 4 72 5 13 6 45 7 21 8 71 9 57 10 69 11 25 12 62 13 31 14 43 15 65 16 49 17 56 18 77 19 26 20 59
1 86 2 83 3 47 4 3 5 62 6 34 7 53 8 89 9 86 10 38 11 71 12 16 13 3 14 83 15 37 16 81 17 93 18 81 19 26 20 84
1 77 2 50 3 11 4 72 5 9 6 28 7 69 8 50 9 69 10 79 11 7 12 20 13 80 14 18 15 59 16 34 17 34 18 77 19 12 20 44
1 57 2 37 3 70 4 64 5 39 6 8 7 18 8 80 9 69 10 8 11 22 12 81 13 71 14 43 15 14 16 63 17 83 18 86 19 79 20 94
1 3 2 63 3 30 4 15 5 8 6 57 7 93 8 37 9 26 10 92 11 39 12 52 13 49 14 18 15 62 16 27 17 10 18 99 19 67 20 85
1 75 2 1 3 13 4 2 5 92 6 31 7 31 8 33 9 85 10 10 11 87 12 61 13 83 14 39 15 74 16 72 17 10 18 45 19 91 20 85
1 88 2 47 3 23 4 27 5 53 6 41 7 38 8 70 9 93 10 86 11 85 12 17 13 60 14 29 15 3 16 23 17 35 18 27 19 52 20 49
1 39 2 22 3 8 4 25 5 83 6 12 7 5 8 73 9 5 10 98 11 44 12 92 13 33 14 24 15 95 16 51 17 80 18 59 19 30 20 87
1 58 2 83 3 26 4 94 5 97 6 65 7 75 8 28 9 23 10 83 11 91 12 33 13 23 14 74 15 22 16 72 17 48 18 44 19 12 20 93
1 28 2 74 3 80 4 50 5 95 6 8 7 86 8 13 9 26 10 38 11 82 12 73 13 90 14 42 15 18 16 40 17 52 18 87 19 44 20 10
1 21 2 51 3 20 4 84 5 70 6 53 7 94 8 59 9 35 10 2 11 31 12 81 13 98 14 60 15 51 16 25 17 7 18 66 19 15 20 19
1 61 2 58 3 99 4 59 5 90 6 32 7 66 8 40 9 57 10 30 11 60 12 12 13 14 14 23 15 18 16 44 17 77 18 85 19 35 20 83
1 63 2 51 3 97 4 64 5 38 6 78 7 44 8 26 9 39 10 15 11 50 12 74 13 86 14 52 15 7 16 72 17 97 18 4 19 51 20 60
1 19 2 60 3 86 4 16 5 25 6 16 7 88 8 11 9 68 10 87 11 73 12 89 13 53 14 47 15 88 16 57 17 53 18 4 19 82 20 18
1 43 2 65 3 55 4 81 5 26 6 89 7 46 8 3 9 45 10 90 11 8 12 13 13 87 14 81 15 59 16 91 17 74 18 2 19 82 20 57
1 99 2 77 3 49 4 57 5 63 6 51 7 74 8 96 9 85 10 35 11 72 12 59 13 90 14 42 15 94 16 53 17 69 18 86 19 77 20 63
1 67 2 60 3 80 4 72 5 24 6 39 7 95 8 16 9 96 10 41 11 23 12 46 13 62 14 76 15 88 16 46 17 23 18 6 19 53 20 86
1 46 2 91 3 74 4 19 5 34 6 51 7 13 8 54 9 23 10 49 11 9 12 8 13 6 14 39 15 93 16 45 17 66 18 75 19 49 20 8
1 75 2 16 3 59 4 71 5 1 6 37 7 78 8 86 9 12 10 6 11 91 12 68 13 50 14 61 15 10 16 94 17 1 18 35 19 3 20 1
1 65 2 17 3 73 4 12 5 80 6 56 7 15 8 60 9 88 10 6 11 13 12 83 13 79 14 45 15 67 16 80 17 96 18 10 19 66 20 50
1 30 2 97 3 81 4 85 5 42 6 38 7 65 8 12 9 34 10 48 11 28 12 69 13 44 14 60 15 95 16 60 17 16 18 24 19 8 20 54
1 66 2 87 3 88 4 20 5 14 6 47 7 63 8 91 9 37 10 66 11 41 12 27 13 60 14 23 15 57 16 17 17 85 18 13 19 37 20 58
1 17 2 5 3 59 4 56 5 88 6 37 7 26 8 16 9 93 10 79 11 23 12 90 13 87 14 2 15 37 16 37 17 67 18 42 19 31 20 38
1 52 2 45 3 22 4 34 5 43 6 49 7 70 8 46 9 69 10 59 11 14 12 20 13 56 14 1 15 81 16 95 17 90 18 20 19 98 20 75
1 75 2 26 3 30 4 31 5 5 6 33 7 78 8 91 9 28 10 2 11 3 12 39 13 59 14 79 15 62 16 38 17 77 18 15 19 60 20 36
1 95 2 55 3 66 4 83 5 57 6 43 7 66 8 71 9 69 10 8 11 84 12 67 13 97 14 59 15 49 16 14 17 74 18 51 19 98 20 45
1 60 2 53 3 31 4 81 5 21 6 46 7 54 8 16 9 30 10 69 11 45 12 97 13 7 14 37 15 30 16 39 17 83 18 66 19 55 20 99
1 46 2 85 3 80 4 28 5 67 6 66 7 91 8 21 9 84 10 84 11 96 12 26 13 58 14 81 15 26 16 99 17 14 18 82 19 91 20 44
1 84 2 27 3 54 4 85 5 3 6 52 7 74 8 32 9 46 10 53 11 41 12 32 13 53 14 52 15 69 16 28 17 36 18 57 19 22 20 10
1 48 2 67 3 68 4 5 5 65 6 34 7 47 8 57 9 44 10 73 11 84 12 46 13 97 14 14 15 41 16 10 17 14 18 35 19 86 20 98
1 4 2 2 3 43 4 73 5 61 6 87 7 46 8 11 9 53 10 19 11 72 12 31 13 53 14 37 15 3 16 51 17 62 18 36 19 99 20 55
1 85 2 65 3 2 4 28 5 43 6 79 7 54 8 29 9 57 10 35 11 10 12 66 13 70 14 82 15 14 16 5 17 42 18 59 19 69 20 36
1 78 2 6 3 71 4 27 5 65 6 30 7 33 8 92 9 63 10 40 11 12 12 37 13 57 14 13 15 11 16 24 17 31 18 1 19 66 20 40
1 2 2 25 3 11 4 15 5 56 6 22 7 88 8 35 9 82 10 63 11 58 12 37 13 52 14 60 15 77 16 84 17 38 18 10 19 34 20 56
1 77 2 43 3 71 4 89 5 31 6 21 7 35 8 9 9 86 10 92 11 48 12 56 13 50 14 79 15 27 16 62 17 43 18 91 19 12 20 41
1 44 2 90 3 78 4 65 5 47 6 21 7 56 8 39 9 41 10 35 11 79 12 73 13 34 14 91 15 38 16 97 17 27 18 78 19 1 20 27
1 38 2 71 3 70 4 96 5 98 6 20 7 98 8 17 9 51 10 95 11 45 12 55 13 41 14 33 15 1 16 27 17 33 18 44 19 79 20 93
1 46 2 16 3 46 4 42 5 58 6 11 7 5 8 15 9 77 10 25 11 23 12 27 13 12 14 72 15 33 16 64 17 14 18 9 19 80 20 42
1 80 2 81 3 45 4 15 5 49 6 22 7 75 8 95 9 49 10 65 11 14 12 61 13 49 14 14 15 62 16 7 17 11 18 59 19 5 20 41
1 16 2 69 3 89 4 60 5 32 6 13 7 33 8 73 9 64 10 63 11 51 12 30 13 9 14 62 15 26 16 52 17 50 18 20 19 36 20 37
1 56 2 62 3 6 4 75 5 87 6 70 7 37 8 74 9 59 10 87 11 69 12 69 13 68 14 13 15 72 16 81 17 14 18 75 19 61 20 4
1 85 2 10 3 26 4 56 5 47 6 17 7 36 8 81 9 7 10 73 11 3 12 34 13 7 14 18 15 55 16 5 17 32 18 99 19 39 20 29
1 7 2 42 3 32 4 47 5 87 6 73 7 13 8 36 9 14 10 69 11 94 12 80 13 89 14 13 15 38 16 16 17 39 18 43 19 76 20 2
1 76 2 65 3 89 4 15 5 15 6 34 7 6 8 91 9 60 10 92 11 79 12 23 13 34 14 27 15 97 16 90 17 17 18 17 19 43 20 71
1 11 2 47 3 32 4 54 5 1 6 50 7 20 8 43 9 1 10 23 11 13 12 43 13 95 14 7 15 76 16 9 17 2 18 79 19 16 20 25
1 68 2 27 3 60 4 97 5 9 6 26 7 71 8 68 9 99 10 55 11 19 12 32 13 92 14 56 15 61 16 68 17 28 18 93 19 43 20 53
1 34 2 16 3 55 4 85 5 2 6 75 7 18 8 81 9 23 10 34 11 26 12 78 13 99 14 50 15 64 16 77 17 84 18 23 19 71 20 68
1 69 2 14 3 83 4 94 5 54 6 6 7 31 8 65 9 13 10 80 11 8 12 63 13 70 14 70 15 69 16 39 17 36 18 73 19 69 20 72
1 49 2 1 3 96 4 65 5 20 6 28 7 18 8 33 9 6 10 10 11 39 12 95 13 33 14 45 15 98 16 92 17 89 18 19 19 73 20 89
1 68 2 66 3 63 4 47 5 88 6 14 7 32 8 53 9 23 10 63 11 49 12 70 13 20 14 82 15 42 16 97 17 14 18 34 19 16 20 9
1 28 2 66 3 70 4 4 5 47 6 16 7 14 8 39 9 30 10 32 11 43 12 18 13 88 14 43 15 40 16 24 17 12 18 27 19 32 20 14
1 3 2 90 3 96 4 31 5 86 6 65 7 57 8 47 9 80 10 29 11 54 12 97 13 4 14 74 15 92 16 80 17 31 18 54 19 14 20 61
1 33 2 43 3 68 4 17 5 94 6 38 7 28 8 11 9 74 10 23 11 82 12 73 13 49 14 74 15 71 16 9 17 47 18 49 19 9 20 56
1 3 2 40 3 80 4 3 5 49 6 13 7 85 8 65 9 90 10 22 11 35 12 72 13 3 14 69 15 98 16 32 17 81 18 28 19 14 20 76
1 54 2 59 3 55 4 37 5 44 6 23 7 5 8 57 9 96 10 88 11 47 12 1 13 90 14 62 15 54 16 81 17 49 18 66 19 15 20 80
1 39 2 12 3 66 4 51 5 80 6 25 7 84 8 66 9 76 10 38 11 30 12 2 13 33 14 59 15 89 16 11 17 7 18 18 19 34 20 62
1 93 2 28 3 91 4 64 5 78 6 99 7 11 8 79 9 30 10 45 11 64 12 29 13 8 14 50 15 70 16 72 17 69 18 3 19 84 20 44
1 72 2 97 3 92 4 13 5 23 6 2 7 74 8 44 9 63 10 81 11 86 12 70 13 83 14 4 15 62 16 20 17 96 18 21 19 79 20 16
1 91 2 92 3 41 4 28 5 97 6 90 7 82 8 19 9 93 10 75 11 27 12 66 13 6 14 33 15 53 16 79 17 64 18 13 19 10 20 10
1 53 2 40 3 73 4 54 5 37 6 46 7 43 8 63 9 99 10 96 11 27 12 19 13 67 14 91 15 92 16 97 17 41 18 15 19 15 20 10
1 79 2 26 3 6 4 4 5 35 6 90 7 65 8 84 9 86 10 2 11 38 12 58 13 87 14 96 15 49 16 84 17 8 18 9 19 61 20 63
1 2 2 45 3 79 4 55 5 49 6 44 7 53 8 72 9 68 10 24 11 62 12 55 13 81 14 52 15 92 16 45 17 33 18 13 19 40 20 95
1 71 2 95 3 79 4 66 5 31 6 33 7 94 8 12 9 7 10 23 11 19 12 50 13 34 14 79 15 27 16 4 17 70 18 81 19 66 20 66
1 58 2 74 3 37 4 71 5 96 6 57 7 3 8 89 9 20 10 66 11 14 12 76 13 36 14 64 15 69 16 26 17 53 18 41 19 17 20 93
1 87 2 58 3 32 4 47 5 46 6 51 7 44 8 2 9 84 10 31 11 84 12 83 13 24 14 46 15 83 16 24 17 63 18 75 19 96 20 21
1 55 2 77 3 99 4 63 5 79 6 51 7 84 8 12 9 51 10 3 11 99 12 61 13 46 14 51 15 79 16 64 17 58 18 15 19 94 20 89
1 41 2 82 3 90 4 88 5 4 6 9 7 37 8 45 9 30 10 82 11 82 12 54 13 8 14 43 15 52 16 38 17 17 18 75 19 66 20 68
1 64 2 53 3 24 4 73 5 22 6 14 7 84 8 82 9 7 10 72 11 90 12 79 13 8 14 50 15 58 16 27 17 2 18 74 19 35 20 11
1 53 2 96 3 64 4 31 5 7 6 82 7 95 8 23 9 22 10 95 11 47 12 92 13 34 14 21 15 12 16 49 17 37 18 24 19 58 20 97
1 75 2 18 3 32 4 70 5 41 6 20 7 29 8 79 9 97 10 66 11 36 12 52 13 60 14 41 15 6 16 70 17 75 18 92 19 24 20 78
1 40 2 89 3 22 4 81 5 94 6 64 7 28 8 51 9 27 10 51 11 73 12 10 13 28 14 95 15 50 16 66 17 86 18 62 19 43 20 32
1 55 2 93 3 69 4 44 5 94 6 30 7 88 8 53 9 77 10 76 11 59 12 55 13 82 14 52 15 38 16 15 17 77 18 44 19 95 20 18
1 73 2 62 3 89 4 67 5 27 6 6 7 17 8 21 9 63 10 84 11 74 12 14 13 34 14 56 15 71 16 20 17 94 18 88 19 29 20 27
1 21 2 69 3 38 4 13 5 1 6 72 7 2 8 46 9 93 10 69 11 18 12 42 13 23 14 54 15 78 16 21 17 7 18 99 19 63 20 75
1 78 2 83 3 42 4 12 5 73 6 3 7 70 8 19 9 75 10 1 11 80 12 17 13 39 14 40 15 85 16 70 17 97 18 25 19 62 20 61
1 55 2 79 3 81 4 32 5 90 6 23 7 20 8 40 9 22 10 60 11 43 12 26 13 29 14 61 15 65 16 5 17 94 18 44 19 54 20 12
1 97 2 1 3 5 4 26 5 83 6 26 7 32 8 19 9 76 10 93 11 25 12 59 13 20 14 9 15 62 16 70 17 7 18 83 19 18 20 22
1 92 2 87 3 69 4 89 5 75 6 87 7 84 8 95 9 56 10 10 11 10 12 28 13 48 14 24 15 7 16 89 17 89 18 65 19 26 20 25
1 47 2 99 3 75 4 31 5 83 6 34 7 68 8 19 9 74 10 60 11 91 12 84 13 95 14 56 15 30 16 11 17 27 18 99 19 99 20 65
1 93 2 30 3 73 4 15 5 34 6 83 7 57 8 43 9 36 10 3 11 38 12 52 13 31 14 96 15 77 16 39 17 66 18 2 19 26 20 44
1 70 2 33 3 37 4 92 5 15 6 33 7 84 8 96 9 74 10 2 11 7 12 9 13 51 14 64 15 39 16 33 17 75 18 54 19 26 20 23
1 60 2 78 3 39 4 13 5 19 6 77 7 31 8 91 9 53 10 92 11 79 12 71 13 16 14 47 15 49 16 40 17 3 18 84 19 75 20 55
1 4 2 79 3 59 4 32 5 98 6 46 7 94 8 61 9 77 10 98 11 12 12 59 13 60 14 98 15 92 16 36 17 27 18 50 19 91 20 40
1 62 2 68 3 65 4 98 5 56 6 57 7 63 8 21 9 77 10 73 11 72 12 73 13 49 14 56 15 17 16 39 17 54 18 62 19 12 20 8
1 79 2 1 3 88 4 32 5 76 6 29 7 84 8 88 9 79 10 80 11 63 12 51 13 1 14 77 15 84 16 82 17 71 18 81 19 17 20 3
1 14 2 86 3 45 4 55 5 76 6 4 7 60 8 42 9 63 10 2 11 57 12 43 13 39 14 8 15 42 16 19 17 6 18 66 19 5 20 13
1 80 2 98 3 20 4 92 5 20 6 36 7 99 8 85 9 14 10 9 11 98 12 97 13 65 14 48 15 97 16 52 17 76 18 73 19 61 20 62
1 87 2 14 3 24 4 86 5 57 6 34 7 19 8 95 9 89 10 1 11 61 12 11 13 26 14 11 15 80 16 1 17 26 18 79 19 30 20 67
1 2 2 37 3 63 4 9 5 11 6 9 7 57 8 72 9 33 10 2 11 45 12 59 13 95 14 65 15 25 16 73 17 34 18 83 19 27 20 21
1 18 2 78 3 88 4 88 5 13 6 18 7 10 8 49 9 28 10 19 11 69 12 85 13 61 14 1 15 46 16 20 17 71 18 41 19 80 20 83
1 56 2 76 3 39 4 10 5 94 6 85 7 26 8 99 9 42 10 43 11 54 12 74 13 46 14 68 15 12 16 31 17 71 18 79 19 9 20 38
1 50 2 89 3 49 4 52 5 89 6 79 7 62 8 81 9 18 10 75 11 48 12 82 13 51 14 76 15 94 16 41 17 69 18 69 19 30 20 1
1 20 2 33 3 70 4 62 5 19 6 89 7 83 8 91 9 71 10 62 11 17 12 18 13 18 14 3 15 54 16 21 17 47 18 62 19 11 20 47
1 48 2 35 3 72 4 19 5 20 6 67 7 24 8 12 9 37 10 93 11 52 12 60 13 86 14 5 15 41 16 70 17 8 18 56 19 99 20 14
1 47 2 29 3 61 4 57 5 83 6 27 7 21 8 74 9 27 10 76 11 82 12 99 13 94 14 29 15 25 16 97 17 48 18 26 19 80 20 33
1 10 2 85 3 26 4 89 5 34 6 9 7 30 8 99 9 19 10 25 11 55 12 73 13 56 14 32 15 75 16 63 17 42 18 52 19 23 20 35
1 77 2 94 3 89 4 15 5 9 6 38 7 86 8 23 9 57 10 36 11 63 12 67 13 98 14 75 15 29 16 62 17 62 18 77 19 30 20 32
1 71 2 87 3 17 4 83 5 92 6 18 7 44 8 68 9 6 10 54 11 63 12 14 13 32 14 90 15 6 16 94 17 17 18 40 19 53 20 6
1 80 2 59 3 13 4 84 5 77 6 96 7 29 8 31 9 81 10 46 11 15 12 90 13 87 14 24 15 86 16 44 17 8 18 31 19 26 20 45
1 9 2 7 3 76 4 39 5 79 6 61 7 97 8 46 9 34 10 72 11 40 12 40 13 71 14 87 15 81 16 58 17 40 18 29 19 5 20 59
1 39 2 94 3 78 4 5 5 20 6 95 7 21 8 52 9 29 10 1 11 4 12 6 13 1 14 50 15 83 16 17 17 56 18 49 19 83 20 15
1 54 2 59 3 20 4 79 5 73 6 53 7 5 8 50 9 50 10 10 11 28 12 8 13 49 14 89 15 90 16 18 17 91 18 53 19 24 20 23
1 34 2 72 3 4 4 26 5 23 6 76 7 34 8 86 9 32 10 60 11 95 12 19 13 32 14 37 15 98 16 72 17 77 18 14 19 39 20 19
1 47 2 50 3 40 4 95 5 3 6 14 7 14 8 63 9 60 10 19 11 67 12 73 13 9 14 56 15 27 16 70 17 5 18 5 19 40 20 29
1 94 2 22 3 41 4 91 5 21 6 99 7 63 8 69 9 7 10 56 11 28 12 82 13 50 14 60 15 73 16 4 17 24 18 59 19 50 20 61
1 31 2 39 3 91 4 50 5 90 6 85 7 97 8 47 9 46 10 43 11 67 12 41 13 93 14 30 15 74 16 36 17 40 18 78 19 40 20 55
1 56 2 15 3 19 4 46 5 84 6 71 7 10 8 19 9 21 10 55 11 63 12 69 13 73 14 55 15 84 16 97 17 34 18 72 19 25 20 48
1 19 2 63 3 75 4 86 5 48 6 13 7 98 8 54 9 56 10 6 11 19 12 90 13 61 14 89 15 31 16 9 17 47 18 70 19 93 20 4
1 14 2 27 3 23 4 94 5 93 6 14 7 22 8 20 9 77 10 34 11 41 12 6 13 54 14 83 15 46 16 37 17 75 18 12 19 34 20 86
1 8 2 42 3 93 4 51 5 97 6 29 7 46 8 66 9 3 10 33 11 25 12 16 13 64 14 12 15 89 16 10 17 43 18 73 19 4 20 51
1 63 2 73 3 64 4 15 5 65 6 80 7 75 8 71 9 91 10 41 11 39 12 24 13 36 14 42 15 20 16 74 17 60 18 90 19 85 20 86
1 97 2 14 3 75 4 17 5 80 6 44 7 47 8 64 9 11 10 69 11 74 12 48 13 35 14 32 15 42 16 46 17 98 18 26 19 99 20 79
1 21 2 52 3 54 4 84 5 63 6 58 7 93 8 49 9 69 10 76 11 62 12 24 13 63 14 20 15 61 16 24 17 94 18 85 19 26 20 98
1 18 2 70 3 37 4 98 5 45 6 2 7 40 8 23 9 35 10 27 11 88 12 37 13 5 14 60 15 91 16 63 17 74 18 7 19 33 20 37
1 73 2 31 3 84 4 48 5 20 6 74 7 98 8 96 9 86 10 58 11 90 12 36 13 63 14 17 15 96 16 72 17 72 18 52 19 78 20 72
1 74 2 93 3 96 4 93 5 7 6 38 7 49 8 20 9 27 10 54 11 71 12 28 13 96 14 63 15 93 16 7 17 74 18 54 19 83 20 96
1 70 2 68 3 20 4 89 5 19 6 6 7 83 8 9 9 71 10 22 11 25 12 53 13 89 14 87 15 78 16 49 17 26 18 5 19 9 20 56
1 17 2 50 3 45 4 11 5 12 6 54 7 59 8 69 9 15 10 11 11 54 12 6 13 60 14 35 15 35 16 94 17 52 18 36 19 63 20 93
1 52 2 36 3 12 4 2 5 38 6 77 7 93 8 94 9 70 10 92 11 4 12 54 13 69 14 81 15 61 16 75 17 71 18 51 19 58 20 63
1 37 2 93 3 12 4 48 5 50 6 91 7 53 8 38 9 23 10 62 11 54 12 83 13 73 14 23 15 31 16 50 17 34 18 68 19 94 20 43
1 41 2 34 3 61 4 45 5 87 6 63 7 56 8 48 9 13 10 58 11 50 12 38 13 51 14 88 15 30 16 83 17 95 18 62 19 82 20 33
1 15 2 91 3 30 4 68 5 3 6 79 7 38 8 96 9 99 10 8 11 4 12 88 13 35 14 72 15 4 16 56 17 8 18 60 19 62 20 18
1 69 2 40 3 59 4 4 5 82 6 18 7 1 8 78 9 38 10 69 11 48 12 13 13 60 14 2 15 91 16 20 17 74 18 25 19 97 20 68
1 10 2 97 3 50 4 7 5 49 6 22 7 44 8 52 9 52 10 8 11 1 12 20 13 97 14 84 15 23 16 67 17 52 18 28 19 45 20 19
1 94 2 1 3 49 4 93 5 33 6 94 7 84 8 4 9 31 10 45 11 5 12 60 13 35 14 69 15 47 16 70 17 52 18 6 19 75 20 55
1 68 2 48 3 78 4 80 5 89 6 27 7 10 8 93 9 49 10 69 11 61 12 73 13 64 14 40 15 33 16 51 17 49 18 22 19 71 20 9
1 5 2 39 3 53 4 38 5 64 6 42 7 33 8 96 9 95 10 89 11 98 12 62 13 63 14 31 15 18 16 37 17 27 18 72 19 74 20 39
1 94 2 33 3 68 4 43 5 38 6 89 7 68 8 18 9 89 10 49 11 2 12 64 13 13 14 42 15 39 16 78 17 8 18 75 19 21 20 74
1 15 2 57 3 67 4 30 5 64 6 12 7 58 8 7 9 75 10 31 11 53 12 99 13 76 14 77 15 26 16 93 17 76 18 58 19 59 20 95
1 7 2 14 3 52 4 4 5 13 6 6 7 36 8 19 9 12 10 3 11 35 12 25 13 11 14 53 15 49 16 58 17 63 18 61 19 78 20 69
1 42 2 53 3 86 4 57 5 86 6 51 7 54 8 29 9 99 10 75 11 9 12 58 13 93 14 99 15 29 16 20 17 91 18 17 19 53 20 77
1 24 2 9 3 59 4 25 5 25 6 65 7 65 8 7 9 70 10 2 11 88 12 2 13 62 14 71 15 98 16 40 17 60 18 73 19 10 20 5
1 77 2 41 3 87 4 66 5 71 6 91 7 29 8 70 9 60 10 75 11 49 12 6 13 71 14 81 15 56 16 57 17 49 18 98 19 74 20 63
1 19 2 2 3 49 4 68 5 69 6 15 7 10 8 82 9 99 10 12 11 79 12 65 13 9 14 94 15 73 16 85 17 78 18 37 19 69 20 34
1 52 2 8 3 62 4 19 5 84 6 93 7 34 8 91 9 90 10 92 11 23 12 91 13 68 14 65 15 12 16 55 17 12 18 38 19 71 20 41
1 44 2 65 3 2 4 2 5 2 6 58 7 89 8 9 9 19 10 5 11 6 12 16 13 46 14 64 15 27 16 39 17 90 18 63 19 3 20 52
1 32 2 10 3 40 4 17 5 36 6 67 7 47 8 48 9 43 10 45 11 33 12 13 13 94 14 77 15 96 16 23 17 7 18 22 19 98 20 22
1 81 2 2 3 95 4 4 5 20 6 7 7 67 8 93 9 46 10 62 11 25 12 47 13 24 14 79 15 45 16 64 17 25 18 29 19 87 20 23
1 59 2 25 3 20 4 76 5 36 6 89 7 77 8 1 9 84 10 83 11 51 12 25 13 74 14 51 15 18 16 98 17 89 18 73 19 46 20 3
1 77 2 11 3 53 4 68 5 79 6 96 7 24 8 21 9 82 10 9 11 62 12 45 13 39 14 84 15 1 16 11 17 22 18 34 19 16 20 69
1 60 2 72 3 6 4 81 5 59 6 18 7 84 8 11 9 53 10 89 11 62 12 55 13 33 14 96 15 32 16 85 17 19 18 61 19 34 20 8
1 28 2 71 3 74 4 32 5 17 6 49 7 18 8 32 9 69 10 61 11 79 12 83 13 87 14 80 15 87 16 41 17 36 18 62 19 82 20 75
1 8 2 24 3 58 4 27 5 97 6 46 7 50 8 83 9 15 10 96 11 3 12 43 13 18 14 70 15 82 16 89 17 16 18 1 19 75 20 71
1 34 2 20 3 82 4 51 5 23 6 82 7 58 8 52 9 81 10 18 11 33 12 9 13 99 14 23 15 84 16 5 17 26 18 5 19 15 20 59
1 81 2 63 3 67 4 37 5 53 6 87 7 51 8 70 9 52 10 82 11 61 12 5 13 90 14 48 15 72 16 80 17 22 18 58 19 35 20 58
1 66 2 59 3 36 4 82 5 99 6 25 7 57 8 23 9 37 10 21 11 44 12 10 13 68 14 21 15 91 16 38 17 9 18 11 19 73 20 66
1 86 2 31 3 21 4 22 5 60 6 48 7 22 8 31 9 32 10 90 11 93 12 60 13 53 14 87 15 93 16 73 17 22 18 68 19 28 20 43
1 58 2 90 3 90 4 31 5 96 6 68 7 19 8 60 9 10 10 81 11 1 12 39 13 32 14 88 15 4 16 40 17 36 18 54 19 61 20 78
1 36 2 13 3 92 4 14 5 27 6 65 7 37 8 65 9 54 10 84 11 18 12 42 13 98 14 99 15 74 16 22 17 28 18 82 19 29 20 61
1 79 2 54 3 16 4 93 5 51 6 4 7 75 8 23 9 99 10 65 11 69 12 49 13 84 14 89 15 27 16 26 17 51 18 59 19 97 20 43
1 69 2 95 3 30 4 89 5 93 6 62 7 80 8 18 9 22 10 57 11 28 12 83 13 62 14 69 15 85 16 62 17 63 18 94 19 88 20 15
1 70 2 39 3 28 4 74 5 70 6 57 7 28 8 26 9 84 10 3 11 47 12 86 13 82 14 20 15 26 16 62 17 40 18 80 19 2 20 16
1 4 2 38 3 80 4 99 5 55 6 97 7 36 8 96 9 30 10 4 11 53 12 45 13 50 14 5 15 7 16 23 17 51 18 46 19 78 20 85
1 52 2 38 3 42 4 59 5 43 6 36 7 92 8 64 9 63 10 53 11 35 12 4 13 70 14 85 15 86 16 66 17 74 18 94 19 16 20 21
1 92 2 52 3 38 4 64 5 15 6 11 7 50 8 84 9 84 10 48 11 63 12 9 13 81 14 72 15 5 16 53 17 66 18 7 19 13 20 63
1 10 2 63 3 82 4 36 5 29 6 42 7 69 8 85 9 85 10 54 11 69 12 55 13 1 14 96 15 41 16 35 17 17 18 15 19 98 20 57
1 52 2 28 3 52 4 3 5 40 6 74 7 91 8 75 9 49 10 39 11 9 12 24 13 53 14 93 15 45 16 19 17 64 18 66 19 73 20 66
1 21 2 39 3 23 4 95 5 1 6 99 7 88 8 61 9 31 10 3 11 69 12 21 13 50 14 21 15 36 16 47 17 17 18 91 19 94 20 96
1 9 2 36 3 11 4 10 5 56 6 84 7 30 8 99 9 11 10 61 11 42 12 91 13 2 14 98 15 92 16 62 17 91 18 88 19 9 20 31
1 46 2 69 3 83 4 3 5 14 6 15 7 31 8 57 9 41 10 49 11 65 12 84 13 93 14 57 15 92 16 55 17 6 18 93 19 76 20 56
1 94 2 59 3 76 4 94 5 30 6 43 7 99 8 72 9 17 10 9 11 92 12 9 13 17 14 40 15 84 16 92 17 88 18 16 19 12 20 95
1 42 2 89 3 59 4 87 5 64 6 92 7 1 8 8 9 9 10 57 11 28 12 48 13 19 14 46 15 44 16 27 17 64 18 20 19 12 20 31
1 1 2 17 3 23 4 3 5 33 6 39 7 36 8 91 9 70 10 9 11 6 12 29 13 13 14 5 15 14 16 63 17 85 18 83 19 80 20 14
1 10 2 73 3 20 4 57 5 66 6 69 7 17 8 19 9 80 10 93 11 6 12 63 13 10 14 90 15 4 16 25 17 67 18 73 19 80 20 15
1 19 2 42 3 79 4 70 5 46 6 39 7 45 8 94 9 88 10 91 11 27 12 21 13 98 14 49 15 71 16 62 17 69 18 69 19 39 20 32
1 97 2 70 3 97 4 99 5 56 6 50 7 14 8 60 9 91 10 39 11 35 12 83 13 28 14 45 15 63 16 25 17 87 18 38 19 56 20 17
1 89 2 85 3 29 4 83 5 24 6 12 7 8 8 55 9 98 10 78 11 96 12 85 13 18 14 67 15 45 16 44 17 37 18 35 19 84 20 52
1 29 2 85 3 71 4 16 5 84 6 84 7 26 8 6 9 40 10 58 11 23 12 68 13 33 14 46 15 14 16 79 17 43 18 61 19 77 20 78
1 63 2 25 3 46 4 55 5 15 6 66 7 52 8 93 9 75 10 90 11 85 12 14 13 79 14 13 15 84 16 39 17 91 18 62 19 33 20 28
1 26 2 58 3 61 4 38 5 22 6 10 7 11 8 83 9 95 10 51 11 41 12 13 13 70 14 32 15 3 16 51 17 90 18 35 19 18 20 81
1 22 2 60 3 58 4 53 5 75 6 47 7 42 8 98 9 24 10 58 11 77 12 62 13 38 14 32 15 15 16 67 17 71 18 58 19 40 20 11
1 42 2 65 3 77 4 11 5 21 6 33 7 48 8 22 9 27 10 83 11 63 12 45 13 91 14 20 15 24 16 73 17 91 18 33 19 2 20 28
1 4 2 67 3 18 4 81 5 69 6 22 7 58 8 45 9 36 10 94 11 46 12 3 13 97 14 38 15 8 16 68 17 76 18 30 19 66 20 66
1 85 2 19 3 57 4 40 5 50 6 80 7 43 8 8 9 37 10 88 11 38 12 91 13 87 14 83 15 3 16 17 17 6 18 70 19 17 20 91
1 76 2 75 3 30 4 88 5 6 6 40 7 96 8 36 9 6 10 16 11 82 12 2 13 79 14 41 15 36 16 76 17 82 18 11 19 47 20 25
1 82 2 71 3 53 4 13 5 93 6 97 7 28 8 12 9 14 10 68 11 3 12 46 13 23 14 8 15 59 16 47 17 18 18 93 19 64 20 98
1 7 2 31 3 8 4 43 5 81 6 39 7 93 8 49 9 11 10 49 11 37 12 69 13 62 14 87 15 23 16 33 17 27 18 66 19 6 20 70
1 25 2 76 3 47 4 71 5 20 6 34 7 34 8 54 9 71 10 61 11 22 12 68 13 7 14 70 15 73 16 55 17 10 18 94 19 33 20 72
1 12 2 67 3 16 4 93 5 63 6 64 7 7 8 39 9 56 10 10 11 98 12 59 13 14 14 76 15 23 16 86 17 88 18 97 19 92 20 34
1 53 2 53 3 9 4 26 5 60 6 18 7 23 8 44 9 54 10 82 11 67 12 91 13 76 14 14 15 52 16 63 17 19 18 31 19 68 20 18
1 18 2 68 3 7 4 35 5 51 6 4 7 48 8 3 9 69 10 87 11 66 12 36 13 28 14 23 15 53 16 93 17 34 18 99 19 88 20 20
1 72 2 14 3 18 4 27 5 52 6 14 7 96 8 74 9 89 10 48 11 11 12 9 13 46 14 97 15 98 16 38 17 11 18 33 19 46 20 46
1 61 2 3 3 55 4 79 5 11 6 74 7 14 8 45 9 29 10 48 11 1 12 97 13 58 14 72 15 15 16 5 17 48 18 82 19 60 20 35
1 51 2 97 3 34 4 58 5 8 6 32 7 17 8 32 9 13 10 50 11 10 12 83 13 76 14 40 15 50 16 25 17 84 18 67 19 5 20 80
1 55 2 45 3 43 4 99 5 18 6 69 7 15 8 16 9 35 10 9 11 23 12 77 13 17 14 74 15 78 16 60 17 68 18 41 19 90 20 36
1 59 2 17 3 73 4 56 5 21 6 18 7 31 8 82 9 93 10 69 11 71 12 77 13 90 14 56 15 27 16 89 17 25 18 46 19 99 20 41
1 52 2 49 3 10 4 94 5 72 6 99 7 75 8 67 9 46 10 5 11 85 12 57 13 56 14 2 15 71 16 30 17 54 18 59 19 7 20 55
1 19 2 99 3 12 4 57 5 45 6 35 7 30 8 19 9 75 10 52 11 48 12 60 13 12 14 6 15 41 16 98 17 91 18 29 19 61 20 12
1 57 2 40 3 90 4 11 5 69 6 44 7 72 8 31 9 24 10 68 11 82 12 40 13 13 14 57 15 72 16 30 17 39 18 20 19 85 20 63
1 76 2 15 3 62 4 72 5 5 6 4 7 9 8 63 9 93 10 29 11 36 12 42 13 31 14 70 15 21 16 21 17 99 18 38 19 42 20 59
1 22 2 1 3 82 4 97 5 8 6 90 7 65 8 54 9 78 10 96 11 72 12 68 13 48 14 64 15 94 16 65 17 75 18 84 19 54 20 29
1 23 2 66 3 88 4 96 5 22 6 41 7 15 8 49 9 67 10 50 11 77 12 87 13 77 14 75 15 49 16 66 17 35 18 62 19 8 20 39
1 48 2 75 3 49 4 92 5 66 6 91 7 43 8 97 9 67 10 61 11 53 12 21 13 7 14 73 15 69 16 77 17 36 18 95 19 49 20 78
1 34 2 72 3 75 4 77 5 14 6 32 7 11 8 36 9 9 10 68 11 63 12 55 13 52 14 30 15 90 16 10 17 80 18 96 19 79 20 18
1 21 2 52 3 1 4 23 5 75 6 59 7 11 8 55 9 93 10 83 11 99 12 61 13 43 14 23 15 48 16 86 17 97 18 29 19 87 20 3
1 85 2 5 3 19 4 15 5 14 6 65 7 20 8 27 9 53 10 87 11 46 12 86 13 1 14 30 15 3 16 83 17 84 18 36 19 12 20 57
1 63 2 78 3 70 4 97 5 41 6 35 7 64 8 97 9 86 10 42 11 93 12 24 13 99 14 57 15 73 16 50 17 79 18 73 19 61 20 30
1 48 2 57 3 67 4 68 5 34 6 97 7 29 8 83 9 44 10 89 11 19 12 99 13 1 14 52 15 78 16 72 17 69 18 45 19 33 20 96
1 28 2 83 3 45 4 88 5 43 6 4 7 59 8 86 9 44 10 39 11 84 12 83 13 5 14 46 15 15 16 29 17 1 18 19 19 79 20 78
1 6 2 91 3 87 4 54 5 89 6 51 7 59 8 30 9 30 10 33 11 57 12 9 13 27 14 30 15 5 16 26 17 17 18 58 19 65 20 89
1 39 2 11 3 35 4 28 5 91 6 7 7 61 8 29 9 65 10 6 11 12 12 55 13 12 14 86 15 80 16 94 17 34 18 67 19 13 20 57
1 14 2 8 3 71 4 26 5 33 6 45 7 14 8 67 9 51 10 70 11 3 12 64 13 49 14 97 15 42 16 32 17 75 18 16 19 91 20 5
1 89 2 13 3 67 4 24 5 74 6 73 7 28 8 64 9 44 10 29 11 6 12 97 13 73 14 79 15 33 16 66 17 86 18 17 19 54 20 18
1 44 2 25 3 96 4 95 5 28 6 96 7 26 8 14 9 73 10 66 11 60 12 72 13 79 14 88 15 96 16 37 17 41 18 84 19 37 20 19
1 19 2 39 3 48 4 90 5 89 6 92 7 18 8 35 9 88 10 35 11 63 12 54 13 80 14 92 15 19 16 80 17 52 18 58 19 89 20 43
1 34 2 66 3 98 4 40 5 10 6 35 7 63 8 41 9 27 10 76 11 83 12 28 13 49 14 2 15 97 16 24 17 2 18 46 19 91 20 25
1 75 2 64 3 92 4 47 5 68 6 22 7 80 8 48 9 82 10 16 11 71 12 39 13 43 14 15 15 51 16 47 17 81 18 68 19 98 20 43
1 88 2 37 3 74 4 45 5 28 6 57 7 7 8 91 9 50 10 11 11 65 12 67 13 65 14 69 15 51 16 99 17 97 18 56 19 99 20 23
1 66 2 58 3 34 4 20 5 31 6 25 7 51 8 80 9 16 10 82 11 93 12 12 13 19 14 86 15 37 16 74 17 64 18 39 19 40 20 15
1 67 2 15 3 52 4 51 5 63 6 31 7 56 8 62 9 43 10 36 11 43 12 23 13 22 14 38 15 76 16 2 17 35 18 54 19 80 20 94
1 45 2 11 3 71 4 84 5 78 6 22 7 58 8 73 9 70 10 93 11 54 12 80 13 51 14 48 15 92 16 7 17 76 18 21 19 30 20 16
1 82 2 10 3 32 4 33 5 77 6 71 7 16 8 67 9 15 10 46 11 95 12 25 13 95 14 68 15 58 16 19 17 34 18 20 19 30 20 63
1 68 2 61 3 84 4 3 5 55 6 10 7 33 8 70 9 78 10 31 11 26 12 66 13 23 14 49 15 46 16 52 17 37 18 61 19 49 20 38
1 85 2 36 3 56 4 10 5 65 6 11 7 84 8 37 9 50 10 33 11 68 12 38 13 71 14 98 15 65 16 34 17 31 18 55 19 1 20 88
1 64 2 10 3 76 4 1 5 40 6 89 7 27 8 29 9 33 10 74 11 60 12 22 13 86 14 40 15 96 16 12 17 41 18 29 19 33 20 94
1 45 2 77 3 41 4 61 5 61 6 51 7 78 8 47 9 4 10 58 11 45 12 7 13 36 14 27 15 62 16 85 17 78 18 70 19 8 20 23
1 76 2 36 3 74 4 76 5 53 6 56 7 95 8 47 9 62 10 70 11 55 12 7 13 12 14 97 15 72 16 77 17 29 18 59 19 93 20 16
1 55 2 15 3 34 4 99 5 19 6 82 7 98 8 33 9 2 10 78 11 49 12 9 13 85 14 66 15 71 16 15 17 35 18 6 19 76 20 88
1 46 2 40 3 41 4 58 5 20 6 82 7 46 8 49 9 69 10 99 11 25 12 73 13 2 14 93 15 52 16 57 17 70 18 22 19 76 20 91
1 3 2 77 3 48 4 98 5 3 6 20 7 77 8 18 9 50 10 18 11 40 12 55 13 58 14 51 15 62 16 99 17 18 18 34 19 58 20 53
1 59 2 13 3 50 4 68 5 28 6 93 7 24 8 70 9 57 10 32 11 6 12 91 13 9 14 58 15 34 16 4 17 37 18 46 19 58 20 87
1 5 2 49 3 9 4 49 5 12 6 20 7 31 8 27 9 47 10 84 11 29 12 27 13 82 14 32 15 50 16 63 17 44 18 40 19 81 20 76
1 76 2 93 3 29 4 47 5 93 6 74 7 94 8 58 9 14 10 99 11 23 12 26 13 25 14 79 15 11 16 13 17 50 18 58 19 37 20 28
1 74 2 39 3 90 4 61 5 83 6 66 7 5 8 37 9 15 10 8 11 94 12 58 13 70 14 62 15 30 16 14 17 73 18 89 19 54 20 14
1 68 2 68 3 12 4 85 5 9 6 54 7 24 8 59 9 92 10 34 11 58 12 15 13 49 14 98 15 99 16 76 17 45 18 19 19 1 20 8
1 27 2 24 3 88 4 46 5 26 6 98 7 6 8 34 9 55 10 94 11 43 12 95 13 75 14 89 15 90 16 62 17 74 18 12 19 36 20 91
1 20 2 29 3 66 4 27 5 77 6 61 7 37 8 15 9 52 10 54 11 37 12 1 13 73 14 22 15 89 16 55 17 31 18 88 19 20 20 36
1 85 2 27 3 98 4 56 5 20 6 75 7 18 8 38 9 14 10 7 11 86 12 47 13 66 14 36 15 23 16 69 17 71 18 92 19 48 20 65
1 58 2 48 3 51 4 18 5 37 6 62 7 56 8 56 9 53 10 35 11 25 12 54 13 68 14 67 15 58 16 99 17 72 18 38 19 10 20 96
1 12 2 18 3 45 4 67 5 54 6 80 7 22 8 30 9 23 10 1 11 18 12 45 13 81 14 53 15 87 16 36 17 88 18 88 19 66 20 5
1 26 2 70 3 14 4 33 5 65 6 50 7 97 8 97 9 13 10 47 11 25 12 6 13 86 14 10 15 94 16 55 17 54 18 1 19 79 20 41
1 38 2 7 3 21 4 7 5 16 6 4 7 61 8 13 9 14 10 45 11 54 12 4 13 22 14 21 15 90 16 5 17 42 18 94 19 86 20 78
1 63 2 55 3 45 4 13 5 93 6 9 7 61 8 56 9 11 10 61 11 63 12 8 13 54 14 93 15 80 16 97 17 37 18 59 19 13 20 71
1 5 2 8 3 90 4 92 5 13 6 66 7 56 8 81 9 3 10 84 11 42 12 98 13 87 14 98 15 56 16 4 17 63 18 11 19 19 20 96
1 59 2 56 3 72 4 93 5 87 6 69 7 74 8 36 9 58 10 49 11 20 12 48 13 13 14 32 15 71 16 82 17 93 18 38 19 89 20 77
1 20 2 57 3 23 4 60 5 60 6 87 7 59 8 82 9 96 10 30 11 18 12 83 13 96 14 16 15 53 16 29 17 10 18 80 19 39 20 96
1 84 2 83 3 29 4 2 5 67 6 71 7 13 8 88 9 15 10 26 11 48 12 38 13 86 14 78 15 51 16 52 17 46 18 84 19 22 20 45
1 98 2 23 3 40 4 68 5 52 6 60 7 89 8 92 9 90 10 14 11 17 12 84 13 52 14 94 15 67 16 95 17 15 18 84 19 13 20 90
1 19 2 73 3 87 4 16 5 54 6 74 7 6 8 66 9 3 10 84 11 50 12 70 13 88 14 93 15 25 16 52 17 22 18 3 19 99 20 86
1 72 2 63 3 66 4 17 5 10 6 92 7 7 8 60 9 43 10 7 11 94 12 84 13 28 14 83 15 44 16 86 17 90 18 46 19 36 20 52
1 77 2 25 3 94 4 36 5 54 6 84 7 98 8 14 9 67 10 8 11 71 12 43 13 95 14 97 15 21 16 49 17 1 18 70 19 66 20 64
1 79 2 99 3 38 4 71 5 74 6 59 7 81 8 32 9 57 10 71 11 83 12 52 13 29 14 59 15 46 16 28 17 42 18 20 19 95 20 68
1 12 2 71 3 86 4 38 5 34 6 53 7 55 8 92 9 98 10 91 11 46 12 83 13 32 14 26 15 47 16 24 17 73 18 80 19 87 20 91
1 38 2 79 3 99 4 21 5 26 6 63 7 65 8 24 9 8 10 44 11 81 12 7 13 87 14 20 15 51 16 59 17 79 18 6 19 51 20 72
1 7 2 56 3 99 4 64 5 86 6 76 7 89 8 31 9 70 10 22 11 66 12 73 13 28 14 28 15 70 16 16 17 60 18 61 19 41 20 73
1 52 2 8 3 47 4 4 5 36 6 53 7 69 8 87 9 76 10 7 11 81 12 52 13 93 14 26 15 45 16 92 17 41 18 86 19 54 20 63
1 16 2 36 3 12 4 12 5 96 6 57 7 34 8 11 9 47 10 49 11 79 12 75 13 65 14 62 15 92 16 34 17 21 18 43 19 77 20 92
1 82 2 40 3 49 4 20 5 78 6 47 7 58 8 68 9 54 10 32 11 77 12 67 13 62 14 63 15 64 16 8 17 18 18 50 19 29 20 98
1 59 2 56 3 90 4 80 5 77 6 56 7 28 8 48 9 7 10 52 11 97 12 75 13 50 14 28 15 90 16 6 17 80 18 66 19 33 20 86
1 74 2 58 3 28 4 79 5 23 6 4 7 74 8 43 9 67 10 22 11 42 12 7 13 4 14 16 15 63 16 39 17 79 18 56 19 43 20 32
1 70 2 2 3 13 4 16 5 37 6 35 7 96 8 36 9 23 10 34 11 88 12 72 13 70 14 82 15 5 16 45 17 61 18 84 19 6 20 84
1 74 2 54 3 11 4 19 5 47 6 53 7 97 8 86 9 7 10 32 11 97 12 6 13 15 14 15 15 80 16 80 17 51 18 59 19 58 20 7
1 18 2 14 3 50 4 38 5 99 6 53 7 67 8 31 9 95 10 43 11 2 12 42 13 27 14 11 15 80 16 32 17 7 18 7 19 8 20 19
1 35 2 99 3 92 4 19 5 41 6 97 7 26 8 80 9 9 10 21 11 89 12 99 13 88 14 35 15 88 16 15 17 91 18 28 19 68 20 16
1 11 2 97 3 82 4 92 5 29 6 25 7 26 8 56 9 96 10 1 11 8 12 24 13 44 14 68 15 43 16 56 17 47 18 60 19 24 20 4
1 19 2 69 3 43 4 45 5 60 6 42 7 14 8 5 9 97 10 96 11 53 12 28 13 33 14 17 15 34 16 74 17 2 18 51 19 46 20 16
1 24 2 82 3 10 4 1 5 54 6 65 7 68 8 28 9 75 10 32 11 44 12 33 13 69 14 74 15 75 16 77 17 66 18 47 19 84 20 4
1 86 2 55 3 37 4 8 5 99 6 70 7 1 8 82 9 22 10 79 11 63 12 47 13 34 14 71 15 40 16 32 17 19 18 43 19 36 20 56
1 86 2 43 3 70 4 75 5 45 6 22 7 28 8 83 9 63 10 35 11 84 12 10 13 71 14 16 15 41 16 89 17 13 18 41 19 97 20 56
1 38 2 27 3 62 4 30 5 61 6 85 7 12 8 25 9 46 10 65 11 32 12 43 13 90 14 72 15 18 16 21 17 38 18 88 19 59 20 9
1 68 2 40 3 57 4 80 5 19 6 51 7 80 8 32 9 10 10 88 11 28 12 36 13 98 14 87 15 18 16 34 17 91 18 89 19 61 20 24
1 33 2 75 3 93 4 96 5 48 6 1 7 79 8 54 9 84 10 15 11 35 12 11 13 38 14 78 15 48 16 20 17 18 18 3 19 24 20 74
1 73 2 18 3 16 4 57 5 34 6 82 7 47 8 7 9 80 10 23 11 93 12 5 13 99 14 31 15 45 16 20 17 54 18 7 19 58 20 26
1 24 2 94 3 39 4 31 5 23 6 9 7 11 8 17 9 57 10 41 11 68 12 26 13 77 14 56 15 70 16 53 17 88 18 94 19 51 20 47
1 67 2 71 3 80 4 96 5 41 6 82 7 55 8 20 9 43 10 53 11 82 12 9 13 58 14 89 15 80 16 77 17 15 18 93 19 23 20 19
1 90 2 55 3 32 4 28 5 78 6 64 7 32 8 23 9 7 10 66 11 56 12 63 13 14 14 61 15 58 16 12 17 10 18 7 19 14 20 55
1 36 2 95 3 25 4 2 5 21 6 61 7 25 8 18 9 14 10 4 11 95 12 48 13 6 14 21 15 14 16 12 17 93 18 94 19 66 20 2
1 31 2 83 3 3 4 75 5 46 6 64 7 67 8 20 9 11 10 18 11 44 12 14 13 10 14 5 15 6 16 58 17 5 18 25 19 63 20 48
1 46 2 29 3 84 4 57 5 60 6 18 7 85 8 38 9 53 10 30 11 91 12 2 13 95 14 33 15 55 16 78 17 58 18 10 19 62 20 88
1 86 2 83 3 91 4 49 5 8 6 18 7 25 8 30 9 40 10 53 11 24 12 88 13 6 14 95 15 33 16 64 17 28 18 92 19 48 20 60
1 4 2 52 3 70 4 32 5 42 6 11 7 64 8 8 9 23 10 42 11 24 12 56 13 64 14 77 15 47 16 78 17 35 18 88 19 17 20 49
1 79 2 67 3 63 4 73 5 78 6 31 7 91 8 75 9 23 10 51 11 6 12 25 13 13 14 21 15 73 16 63 17 19 18 64 19 82 20 5
1 94 2 6 3 69 4 40 5 15 6 1 7 35 8 7 9 28 10 47 11 12 12 41 13 68 14 33 15 15 16 30 17 23 18 58 19 78 20 36
1 60 2 89 3 82 4 52 5 85 6 21 7 89 8 75 9 62 10 2 11 48 12 69 13 65 14 59 15 63 16 98 17 89 18 60 19 44 20 28
1 38 2 62 3 5 4 90 5 34 6 53 7 41 8 2 9 28 10 8 11 95 12 9 13 66 14 5 15 93 16 4 17 99 18 10 19 36 20 22
1 76 2 99 3 71 4 15 5 6 6 50 7 26 8 92 9 89 10 89 11 5 12 26 13 99 14 20 15 81 16 81 17 56 18 55 19 73 20 11
1 26 2 77 3 31 4 82 5 39 6 61 7 90 8 87 9 48 10 89 11 41 12 91 13 45 14 19 15 62 16 11 17 4 18 40 19 81 20 53
1 51 2 20 3 59 4 99 5 75 6 36 7 64 8 36 9 67 10 86 11 27 12 30 13 59 14 82 15 46 16 25 17 75 18 17 19 81 20 92
1 78 2 72 3 76 4 12 5 22 6 16 7 34 8 79 9 79 10 11 11 1 12 45 13 97 14 53 15 81 16 40 17 86 18 3 19 76 20 9
1 36 2 19 3 63 4 22 5 70 6 78 7 87 8 87 9 33 10 24 11 44 12 67 13 41 14 51 15 2 16 36 17 70 18 93 19 79 20 41
1 87 2 24 3 7 4 38 5 52 6 49 7 90 8 12 9 36 10 39 11 4 12 33 13 98 14 16 15 53 16 48 17 34 18 72 19 2 20 76
1 91 2 39 3 92 4 95 5 43 6 61 7 59 8 72 9 11 10 76 11 17 12 75 13 70 14 92 15 83 16 30 17 92 18 37 19 94 20 12
1 10 2 52 3 37 4 64 5 47 6 30 7 94 8 21 9 12 10 37 11 40 12 69 13 21 14 79 15 76 16 26 17 80 18 97 19 43 20 75
1 13 2 29 3 26 4 60 5 76 6 97 7 50 8 19 9 14 10 11 11 57 12 34 13 87 14 23 15 47 16 29 17 91 18 79 19 31 20 80
1 84 2 87 3 31 4 88 5 8 6 28 7 32 8 5 9 97 10 96 11 38 12 4 13 4 14 88 15 63 16 76 17 48 18 91 19 65 20 94
1 37 2 35 3 45 4 91 5 41 6 39 7 2 8 15 9 5 10 61 11 72 12 7 13 99 14 50 15 4 16 54 17 8 18 47 19 98 20 57
1 62 2 81 3 50 4 59 5 84 6 77 7 18 8 71 9 31 10 79 11 92 12 99 13 66 14 53 15 22 16 36 17 37 18 78 19 9 20 47
1 88 2 11 3 86 4 90 5 7 6 24 7 16 8 30 9 36 10 81 11 84 12 33 13 49 14 11 15 46 16 65 17 64 18 49 19 80 20 28
1 95 2 45 3 44 4 39 5 91 6 55 7 87 8 26 9 87 10 78 11 3 12 45 13 39 14 56 15 60 16 25 17 29 18 66 19 89 20 5
1 63 2 91 3 33 4 19 5 39 6 50 7 10 8 65 9 94 10 63 11 75 12 33 13 7 14 11 15 97 16 16 17 33 18 77 19 85 20 51
1 31 2 15 3 98 4 9 5 32 6 38 7 9 8 42 9 86 10 4 11 99 12 81 13 27 14 54 15 99 16 92 17 24 18 97 19 54 20 93
1 94 2 54 3 45 4 13 5 65 6 62 7 23 8 11 9 96 10 3 11 78 12 62 13 53 14 46 15 29 16 42 17 56 18 76 19 94 20 35
1 17 2 65 3 50 4 33 5 86 6 97 7 22 8 7 9 76 10 85 11 92 12 35 13 83 14 97 15 10 16 18 17 80 18 8 19 45 20 55
1 89 2 25 3 78 4 71 5 41 6 12 7 74 8 94 9 22 10 51 11 95 12 9 13 2 14 70 15 77 16 41 17 49 18 47 19 18 20 10
1 70 2 10 3 81 4 40 5 46 6 9 7 26 8 14 9 51 10 1 11 29 12 61 13 52 14 27 15 73 16 40 17 97 18 32 19 15 20 84
1 65 2 26 3 86 4 75 5 36 6 84 7 72 8 21 9 43 10 31 11 76 12 50 13 17 14 53 15 87 16 91 17 30 18 1 19 92 20 7
1 5 2 28 3 88 4 25 5 52 6 76 7 66 8 26 9 51 10 54 11 7 12 28 13 25 14 10 15 82 16 95 17 54 18 65 19 44 20 39
1 41 2 86 3 60 4 69 5 70 6 29 7 51 8 68 9 6 10 14 11 27 12 48 13 57 14 27 15 81 16 16 17 60 18 61 19 48 20 46
1 24 2 45 3 73 4 48 5 48 6 31 7 7 8 95 9 48 10 73 11 41 12 98 13 76 14 36 15 58 16 74 17 69 18 94 19 79 20 38
1 22 2 82 3 94 4 18 5 99 6 69 7 45 8 26 9 71 10 27 11 73 12 92 13 54 14 49 15 56 16 82 17 44 18 59 19 77 20 16
1 68 2 74 3 90 4 88 5 64 6 74 7 73 8 48 9 20 10 87 11 38 12 80 13 95 14 88 15 75 16 77 17 9 18 65 19 11 20 53
1 91 2 8 3 54 4 35 5 70 6 91 7 55 8 37 9 71 10 26 11 49 12 64 13 78 14 73 15 80 16 86 17 29 18 16 19 52 20 21
1 87 2 85 3 8 4 16 5 77 6 48 7 96 8 94 9 91 10 44 11 50 12 1 13 17 14 16 15 88 16 80 17 25 18 36 19 97 20 63
1 39 2 48 3 51 4 18 5 54 6 81 7 75 8 69 9 38 10 73 11 64 12 22 13 20 14 66 15 42 16 75 17 9 18 29 19 36 20 27
1 64 2 94 3 65 4 64 5 4 6 70 7 48 8 27 9 54 10 31 11 77 12 67 13 31 14 83 15 20 16 71 17 21 18 15 19 93 20 64
1 3 2 12 3 11 4 30 5 77 6 24 7 7 8 30 9 29 10 97 11 90 12 30 13 80 14 42 15 15 16 34 17 70 18 16 19 88 20 28
1 63 2 59 3 73 4 38 5 18 6 48 7 31 8 95 9 19 10 71 11 2 12 92 13 64 14 19 15 62 16 11 17 31 18 80 19 60 20 43
1 5 2 88 3 32 4 46 5 50 6 69 7 99 8 14 9 26 10 20 11 69 12 19 13 15 14 68 15 92 16 50 17 64 18 46 19 91 20 15
1 90 2 70 3 14 4 53 5 28 6 95 7 71 8 99 9 15 10 3 11 25 12 11 13 60 14 73 15 46 16 31 17 20 18 16 19 92 20 91
1 55 2 5 3 19 4 33 5 74 6 63 7 89 8 31 9 3 10 53 11 33 12 17 13 73 14 61 15 8 16 9 17 84 18 88 19 39 20 10
1 73 2 15 3 52 4 20 5 48 6 40 7 40 8 81 9 12 10 17 11 5 12 50 13 72 14 37 15 9 16 62 17 92 18 32 19 15 20 79
1 2 2 95 3 98 4 94 5 77 6 5 7 33 8 99 9 36 10 77 11 30 12 37 13 36 14 38 15 24 16 56 17 46 18 21 19 48 20 47
1 75 2 26 3 47 4 80 5 64 6 80 7 75 8 78 9 60 10 85 11 91 12 33 13 1 14 70 15 71 16 34 17 97 18 7 19 57 20 42
1 58 2 6 3 53 4 94 5 12 6 96 7 26 8 80 9 74 10 46 11 74 12 37 13 22 14 60 15 40 16 77 17 11 18 21 19 83 20 19
1 31 2 40 3 49 4 45 5 3 6 68 7 6 8 67 9 78 10 78 11 7 12 11 13 89 14 68 15 23 16 39 17 79 18 61 19 9 20 26
1 67 2 23 3 49 4 40 5 27 6 29 7 40 8 11 9 21 10 94 11 91 12 70 13 15 14 99 15 57 16 11 17 1 18 63 19 67 20 80
1 86 2 95 3 85 4 12 5 88 6 79 7 94 8 28 9 31 10 35 11 25 12 17 13 81 14 98 15 84 16 21 17 93 18 12 19 69 20 74
1 69 2 3 3 76 4 77 5 33 6 17 7 74 8 56 9 58 10 20 11 97 12 51 13 72 14 41 15 21 16 75 17 83 18 91 19 49 20 35
1 92 2 68 3 53 4 86 5 2 6 10 7 51 8 62 9 88 10 37 11 80 12 42 13 70 14 78 15 9 16 91 17 60 18 13 19 55 20 84
1 4 2 83 3 63 4 65 5 86 6 64 7 51 8 95 9 75 10 95 11 44 12 73 13 53 14 5 15 2 16 56 17 75 18 63 19 43 20 55
1 97 2 15 3 87 4 19 5 46 6 93 7 91 8 98 9 15 10 86 11 31 12 43 13 24 14 20 15 75 16 66 17 88 18 74 19 70 20 68
1 7 2 32 3 91 4 52 5 57 6 56 7 36 8 73 9 80 10 24 11 71 12 20 13 89 14 6 15 93 16 3 17 92 18 95 19 65 20 24
1 45 2 79 3 12 4 55 5 94 6 64 7 59 8 76 9 96 10 46 11 39 12 43 13 92 14 93 15 7 16 19 17 38 18 98 19 10 20 30
1 54 2 85 3 58 4 5 5 98 6 18 7 60 8 63 9 3 10 83 11 43 12 40 13 69 14 23 15 24 16 34 17 7 18 53 19 94 20 9
1 31 2 5 3 86 4 86 5 1 6 15 7 10 8 79 9 61 10 95 11 9 12 45 13 46 14 79 15 68 16 41 17 70 18 42 19 49 20 64
1 42 2 81 3 73 4 98 5 21 6 72 7 35 8 83 9 53 10 32 11 34 12 43 13 25 14 86 15 28 16 89 17 86 18 56 19 13 20 25
1 88 2 13 3 48 4 21 5 90 6 22 7 13 8 18 9 69 10 84 11 64 12 29 13 66 14 38 15 33 16 91 17 33 18 50 19 83 20 28
1 30 2 28 3 96 4 88 5 66 6 11 7 37 8 37 9 1 10 40 11 13 12 67 13 46 14 69 15 1 16 87 17 84 18 9 19 83 20 33
1 78 2 53 3 8 4 6 5 31 6 32 7 15 8 80 9 42 10 20 11 7 12 65 13 77 14 37 15 68 16 28 17 53 18 27 19 12 20 76
1 4 2 69 3 91 4 68 5 1 6 31 7 86 8 64 9 99 10 56 11 73 12 34 13 39 14 15 15 3 16 13 17 17 18 80 19 3 20 56
1 43 2 22 3 16 4 64 5 70 6 18 7 46 8 55 9 15 10 76 11 58 12 8 13 62 14 68 15 79 16 50 17 49 18 59 19 35 20 12
1 47 2 39 3 56 4 83 5 64 6 44 7 35 8 20 9 19 10 27 11 41 12 29 13 61 14 41 15 94 16 99 17 13 18 90 19 22 20 68
1 20 2 23 3 65 4 37 5 63 6 54 7 95 8 18 9 77 10 34 11 65 12 15 13 20 14 71 15 2 16 42 17 39 18 55 19 59 20 93
1 92 2 22 3 61 4 8 5 19 6 50 7 14 8 24 9 45 10 22 11 96 12 6 13 98 14 93 15 89 16 15 17 92 18 21 19 27 20 97
1 76 2 44 3 37 4 97 5 97 6 52 7 27 8 68 9 39 10 46 11 76 12 39 13 78 14 77 15 40 16 80 17 12 18 36 19 94 20 84
1 36 2 50 3 49 4 2 5 74 6 10 7 21 8 21 9 37 10 34 11 26 12 9 13 81 14 23 15 54 16 40 17 21 18 59 19 53 20 99
1 23 2 73 3 46 4 24 5 56 6 5 7 29 8 15 9 29 10 51 11 43 12 57 13 46 14 30 15 54 16 88 17 70 18 53 19 56 20 47
1 94 2 60 3 58 4 95 5 35 6 2 7 49 8 87 9 55 10 80 11 24 12 19 13 35 14 60 15 17 16 72 17 27 18 94 19 17 20 84
1 2 2 78 3 69 4 20 5 73 6 47 7 89 8 94 9 60 10 12 11 6 12 44 13 17 14 33 15 12 16 19 17 47 18 90 19 1 20 26
1 58 2 50 3 31 4 71 5 88 6 6 7 83 8 82 9 97 10 31 11 84 12 72 13 41 14 1 15 48 16 52 17 80 18 28 19 23 20 53
1 63 2 27 3 31 4 57 5 58 6 40 7 59 8 48 9 71 10 96 11 15 12 24 13 66 14 92 15 53 16 35 17 55 18 4 19 82 20 61
1 31 2 2 3 32 4 84 5 90 6 43 7 15 8 55 9 24 10 40 11 21 12 18 13 22 14 72 15 9 16 33 17 68 18 84 19 46 20 94
1 78 2 63 3 40 4 40 5 96 6 7 7 83 8 36 9 32 10 53 11 93 12 76 13 33 14 31 15 10 16 37 17 21 18 39 19 11 20 24
1 36 2 66 3 15 4 8 5 2 6 7 7 39 8 27 9 75 10 51 11 21 12 96 13 5 14 90 15 71 16 6 17 95 18 93 19 56 20 58
1 80 2 83 3 42 4 41 5 66 6 52 7 26 8 36 9 8 10 39 11 46 12 41 13 56 14 86 15 61 16 76 17 61 18 95 19 8 20 71
1 97 2 90 3 93 4 76 5 74 6 1 7 49 8 8 9 81 10 4 11 76 12 60 13 82 14 53 15 74 16 34 17 88 18 11 19 13 20 48
1 33 2 82 3 15 4 1 5 38 6 1 7 33 8 29 9 56 10 56 11 24 12 38 13 37 14 21 15 69 16 44 17 77 18 15 19 75 20 21
1 41 2 61 3 20 4 69 5 33 6 53 7 98 8 99 9 50 10 23 11 1 12 38 13 35 14 58 15 18 16 86 17 72 18 62 19 31 20 92
1 7 2 2 3 20 4 18 5 51 6 28 7 61 8 92 9 48 10 58 11 74 12 34 13 75 14 36 15 25 16 49 17 67 18 85 19 10 20 34
1 87 2 55 3 33 4 7 5 55 6 41 7 69 8 69 9 36 10 83 11 39 12 53 13 20 14 41 15 73 16 69 17 50 18 26 19 72 20 85
1 63 2 97 3 9 4 45 5 73 6 28 7 64 8 24 9 81 10 62 11 94 12 37 13 82 14 76 15 62 16 24 17 22 18 54 19 93 20 16
1 66 2 37 3 88 4 15 5 79 6 11 7 26 8 66 9 43 10 13 11 22 12 20 13 29 14 42 15 99 16 29 17 74 18 4 19 96 20 48
1 52 2 10 3 4 4 52 5 4 6 78 7 18 8 48 9 6 10 35 11 56 12 3 13 17 14 45 15 18 16 51 17 88 18 8 19 67 20 43
1 85 2 12 3 30 4 76 5 42 6 44 7 71 8 10 9 9 10 93 11 80 12 70 13 19 14 25 15 40 16 94 17 42 18 55 19 64 20 11
1 60 2 6 3 97 4 33 5 74 6 27 7 80 8 91 9 18 10 78 11 39 12 20 13 25 14 83 15 23 16 66 17 40 18 22 19 37 20 56
1 50 2 32 3 9 4 76 5 44 6 55 7 12 8 80 9 91 10 25 11 11 12 2 13 91 14 91 15 88 16 98 17 58 18 93 19 26 20 50
1 35 2 22 3 19 4 79 5 75 6 96 7 9 8 74 9 50 10 78 11 11 12 1 13 20 14 11 15 30 16 39 17 26 18 43 19 79 20 85
1 50 2 68 3 83 4 73 5 28 6 57 7 91 8 61 9 99 10 94 11 47 12 33 13 89 14 43 15 37 16 77 17 57 18 76 19 72 20 72
1 76 2 17 3 46 4 58 5 47 6 18 7 45 8 36 9 88 10 2 11 64 12 82 13 80 14 40 15 81 16 71 17 87 18 36 19 49 20 75
1 69 2 79 3 67 4 23 5 26 6 90 7 32 8 75 9 52 10 4 11 3 12 21 13 43 14 41 15 18 16 62 17 9 18 16 19 62 20 86
1 36 2 11 3 34 4 79 5 38 6 65 7 26 8 91 9 34 10 50 11 35 12 18 13 22 14 72 15 87 16 23 17 16 18 41 19 33 20 52
1 71 2 87 3 41 4 25 5 45 6 34 7 33 8 95 9 91 10 64 11 12 12 72 13 22 14 25 15 71 16 19 17 3 18 91 19 63 20 67
1 33 2 51 3 97 4 26 5 59 6 77 7 65 8 68 9 80 10 41 11 36 12 26 13 10 14 17 15 4 16 90 17 23 18 82 19 9 20 74
1 97 2 44 3 63 4 14 5 74 6 11 7 73 8 13 9 17 10 36 11 22 12 45 13 25 14 57 15 95 16 97 17 38 18 82 19 14 20 84
1 65 2 24 3 31 4 86 5 92 6 13 7 80 8 29 9 48 10 46 11 11 12 70 13 31 14 13 15 52 16 27 17 48 18 2 19 80 20 25
1 13 2 34 3 25 4 64 5 63 6 22 7 3 8 42 9 4 10 56 11 58 12 21 13 67 14 73 15 61 16 52 17 63 18 89 19 43 20 64
1 75 2 20 3 34 4 30 5 22 6 29 7 20 8 52 9 39 10 76 11 24 12 49 13 34 14 42 15 73 16 7 17 51 18 68 19 68 20 47
1 58 2 47 3 39 4 65 5 99 6 14 7 57 8 72 9 4 10 70 11 12 12 29 13 54 14 3 15 57 16 10 17 15 18 15 19 24 20 77
1 6 2 30 3 20 4 23 5 46 6 11 7 68 8 77 9 3 10 13 11 16 12 14 13 3 14 36 15 1 16 55 17 17 18 21 19 82 20 6
1 80 2 51 3 34 4 11 5 61 6 61 7 66 8 15 9 73 10 9 11 91 12 13 13 57 14 99 15 92 16 56 17 16 18 1 19 53 20 11
1 66 2 36 3 58 4 93 5 96 6 6 7 75 8 3 9 59 10 42 11 28 12 67 13 53 14 40 15 20 16 58 17 44 18 9 19 95 20 70
1 49 2 80 3 83 4 29 5 71 6 39 7 69 8 11 9 32 10 98 11 83 12 1 13 92 14 78 15 30 16 87 17 90 18 29 19 37 20 26
1 75 2 47 3 6 4 84 5 10 6 97 7 18 8 41 9 11 10 21 11 74 12 50 13 4 14 27 15 68 16 51 17 40 18 1 19 73 20 1
1 88 2 21 3 81 4 32 5 30 6 3 7 37 8 94 9 44 10 58 11 93 12 68 13 25 14 14 15 67 16 83 17 4 18 43 19 7 20 62
1 98 2 39 3 77 4 87 5 50 6 32 7 96 8 65 9 19 10 89 11 96 12 37 13 87 14 20 15 8 16 69 17 59 18 34 19 27 20 4
1 71 2 95 3 35 4 45 5 26 6 32 7 37 8 22 9 49 10 95 11 32 12 79 13 67 14 80 15 76 16 28 17 83 18 26 19 89 20 68
1 87 2 24 3 28 4 32 5 72 6 24 7 14 8 51 9 5 10 34 11 96 12 17 13 64 14 13 15 69 16 27 17 99 18 89 19 99 20 26
1 18 2 13 3 7 4 23 5 52 6 41 7 34 8 4 9 56 10 89 11 8 12 87 13 63 14 96 15 44 16 63 17 68 18 29 19 91 20 64
1 53 2 46 3 50 4 71 5 1 6 12 7 51 8 1 9 24 10 95 11 46 12 68 13 41 14 73 15 96 16 25 17 30 18 72 19 2 20 45
1 20 2 91 3 99 4 53 5 9 6 72 7 5 8 64 9 12 10 40 11 91 12 62 13 98 14 64 15 78 16 19 17 40 18 27 19 50 20 78
1 91 2 95 3 17 4 64 5 13 6 21 7 42 8 18 9 69 10 81 11 35 12 80 13 23 14 11 15 34 16 38 17 83 18 52 19 88 20 55
1 34 2 49 3 50 4 67 5 67 6 94 7 13 8 85 9 16 10 29 11 62 12 42 13 2 14 90 15 31 16 36 17 3 18 75 19 81 20 80
1 67 2 95 3 93 4 75 5 3 6 37 7 54 8 15 9 2 10 25 11 71 12 33 13 57 14 8 15 46 16 14 17 17 18 57 19 40 20 1
1 34 2 46 3 35 4 26 5 66 6 92 7 16 8 62 9 45 10 15 11 7 12 30 13 45 14 16 15 67 16 52 17 39 18 2 19 91 20 50
1 73 2 7 3 83 4 28 5 76 6 29 7 80 8 37 9 92 10 45 11 67 12 66 13 64 14 25 15 85 16 50 17 10 18 61 19 93 20 4
1 81 2 94 3 68 4 82 5 85 6 62 7 20 8 14 9 8 10 76 11 49 12 55 13 58 14 78 15 70 16 59 17 14 18 21 19 13 20 25
1 26 2 48 3 49 4 39 5 82 6 17 7 35 8 3 9 30 10 85 11 53 12 7 13 35 14 34 15 58 16 2 17 53 18 88 19 92 20 28
1 94 2 4 3 75 4 60 5 98 6 64 7 57 8 96 9 71 10 30 11 4 12 63 13 6 14 35 15 61 16 72 17 5 18 75 19 30 20 91
1 38 2 70 3 26 4 24 5 92 6 80 7 15 8 12 9 27 10 77 11 25 12 59 13 34 14 35 15 47 16 36 17 56 18 81 19 7 20 57
1 43 2 67 3 28 4 28 5 53 6 94 7 89 8 86 9 98 10 80 11 2 12 33 13 26 14 97 15 58 16 54 17 41 18 61 19 1 20 3
1 78 2 12 3 12 4 24 5 31 6 17 7 61 8 60 9 81 10 72 11 11 12 4 13 28 14 63 15 20 16 45 17 38 18 3 19 7 20 46
1 3 2 61 3 76 4 5 5 18 6 75 7 98 8 55 9 4 10 97 11 27 12 38 13 54 14 51 15 50 16 61 17 93 18 2 19 99 20 16
1 57 2 91 3 19 4 97 5 11 6 60 7 83 8 49 9 24 10 84 11 8 12 97 13 73 14 58 15 38 16 88 17 57 18 37 19 7 20 85
1 47 2 88 3 19 4 77 5 69 6 78 7 56 8 51 9 57 10 68 11 9 12 70 13 56 14 64 15 84 16 36 17 28 18 48 19 32 20 55
1 49 2 47 3 1 4 11 5 15 6 5 7 7 8 63 9 47 10 15 11 7 12 95 13 12 14 71 15 26 16 19 17 74 18 78 19 93 20 67
1 50 2 1 3 14 4 45 5 69 6 57 7 75 8 24 9 71 10 60 11 46 12 18 13 26 14 15 15 95 16 70 17 34 18 55 19 71 20 54
1 10 2 25 3 45 4 63 5 17 6 31 7 43 8 73 9 45 10 5 11 4 12 71 13 19 14 50 15 54 16 27 17 35 18 70 19 3 20 41
1 5 2 39 3 90 4 30 5 18 6 75 7 5 8 95 9 75 10 77 11 60 12 11 13 51 14 21 15 76 16 10 17 48 18 12 19 31 20 32
1 48 2 37 3 9 4 70 5 69 6 77 7 91 8 43 9 98 10 89 11 62 12 55 13 6 14 65 15 41 16 87 17 84 18 44 19 91 20 86
1 1 2 59 3 77 4 4 5 65 6 1 7 20 8 88 9 36 10 15 11 51 12 1 13 76 14 91 15 2 16 5 17 12 18 40 19 52 20 34
1 12 2 46 3 49 4 45 5 91 6 14 7 37 8 7 9 1 10 86 11 17 12 52 13 57 14 83 15 10 16 35 17 71 18 72 19 39 20 15
1 67 2 28 3 56 4 16 5 19 6 21 7 4 8 97 9 53 10 54 11 7 12 36 13 89 14 39 15 92 16 79 17 35 18 80 19 68 20 94
1 34 2 70 3 53 4 65 5 50 6 1 7 22 8 10 9 6 10 42 11 98 12 14 13 37 14 6 15 71 16 51 17 53 18 54 19 21 20 13
1 97 2 47 3 89 4 55 5 92 6 3 7 75 8 15 9 5 10 92 11 66 12 62 13 51 14 98 15 73 16 55 17 81 18 13 19 1 20 67
1 4 2 84 3 35 4 17 5 79 6 5 7 82 8 3 9 53 10 49 11 64 12 51 13 53 14 55 15 63 16 10 17 73 18 75 19 3 20 43
1 96 2 59 3 47 4 15 5 57 6 84 7 96 8 61 9 49 10 19 11 97 12 40 13 20 14 60 15 9 16 44 17 76 18 59 19 83 20 30
1 94 2 84 3 95 4 91 5 37 6 41 7 40 8 65 9 23 10 72 11 19 12 53 13 25 14 65 15 68 16 52 17 93 18 55 19 62 20 70
1 28 2 55 3 29 4 69 5 62 6 70 7 9 8 43 9 13 10 29 11 54 12 58 13 58 14 91 15 58 16 8 17 93 18 52 19 25 20 24
1 50 2 57 3 86 4 70 5 75 6 59 7 94 8 46 9 97 10 49 11 46 12 94 13 5 14 80 15 84 16 77 17 15 18 36 19 71 20 77
1 21 2 80 3 94 4 53 5 19 6 36 7 56 8 9 9 34 10 52 11 17 12 69 13 57 14 80 15 12 16 75 17 20 18 68 19 84 20 28
1 22 2 83 3 67 4 43 5 33 6 24 7 12 8 89 9 96 10 1 11 23 12 86 13 72 14 33 15 84 16 13 17 86 18 68 19 20 20 53
1 77 2 34 3 8 4 9 5 57 6 98 7 4 8 5 9 90 10 53 11 83 12 63 13 63 14 38 15 94 16 41 17 54 18 7 19 54 20 69
1 14 2 88 3 19 4 83 5 4 6 92 7 93 8 6 9 55 10 15 11 7 12 8 13 74 14 24 15 23 16 32 17 48 18 19 19 29 20 17
1 13 2 83 3 77 4 13 5 12 6 88 7 49 8 63 9 37 10 61 11 67 12 96 13 28 14 72 15 57 16 90 17 36 18 68 19 13 20 12
1 4 2 33 3 74 4 78 5 34 6 66 7 12 8 76 9 37 10 47 11 69 12 35 13 83 14 86 15 52 16 35 17 33 18 72 19 76 20 6
1 99 2 47 3 4 4 29 5 69 6 82 7 37 8 37 9 53 10 45 11 31 12 9 13 37 14 97 15 23 16 28 17 2 18 11 19 14 20 24
1 51 2 8 3 89 4 76 5 81 6 47 7 59 8 43 9 5 10 17 11 72 12 88 13 16 14 53 15 79 16 45 17 98 18 49 19 81 20 48
1 86 2 20 3 49 4 49 5 24 6 46 7 18 8 74 9 6 10 49 11 62 12 43 13 78 14 72 15 9 16 33 17 94 18 25 19 44 20 2
1 64 2 39 3 32 4 5 5 14 6 5 7 85 8 75 9 64 10 56 11 97 12 12 13 63 14 38 15 62 16 89 17 32 18 66 19 62 20 54
1 76 2 84 3 5 4 59 5 27 6 62 7 74 8 20 9 70 10 81 11 27 12 72 13 42 14 58 15 15 16 53 17 85 18 84 19 89 20 60
1 29 2 41 3 66 4 35 5 57 6 46 7 66 8 24 9 9 10 14 11 12 12 40 13 32 14 85 15 14 16 11 17 69 18 67 19 44 20 27
1 86 2 13 3 74 4 32 5 50 6 17 7 22 8 76 9 64 10 86 11 84 12 61 13 23 14 23 15 4 16 86 17 65 18 77 19 43 20 81
1 61 2 3 3 1 4 19 5 16 6 4 7 28 8 61 9 47 10 27 11 48 12 54 13 40 14 89 15 46 16 25 17 73 18 65 19 87 20 65
1 15 2 37 3 49 4 82 5 32 6 75 7 57 8 35 9 12 10 66 11 80 12 4 13 6 14 70 15 62 16 36 17 51 18 9 19 86 20 18
1 70 2 60 3 73 4 35 5 30 6 39 7 93 8 57 9 13 10 79 11 27 12 68 13 64 14 74 15 52 16 34 17 71 18 7 19 62 20 43
1 55 2 75 3 41 4 40 5 80 6 96 7 6 8 89 9 98 10 39 11 70 12 69 13 53 14 35 15 2 16 23 17 77 18 48 19 59 20 21
1 44 2 68 3 80 4 56 5 99 6 50 7 3 8 15 9 46 10 46 11 9 12 46 13 70 14 50 15 79 16 82 17 5 18 71 19 46 20 44
1 68 2 34 3 89 4 76 5 81 6 44 7 77 8 51 9 32 10 14 11 75 12 47 13 89 14 7 15 85 16 28 17 90 18 72 19 51 20 29
1 5 2 73 3 77 4 44 5 41 6 73 7 50 8 83 9 25 10 52 11 47 12 45 13 72 14 22 15 52 16 85 17 74 18 92 19 16 20 14
1 16 2 32 3 63 4 82 5 56 6 41 7 86 8 5 9 61 10 72 11 42 12 78 13 28 14 49 15 19 16 95 17 8 18 68 19 39 20 5
1 11 2 31 3 92 4 54 5 19 6 24 7 53 8 38 9 67 10 48 11 83 12 75 13 33 14 69 15 19 16 39 17 47 18 95 19 40 20 31
1 35 2 59 3 66 4 7 5 94 6 89 7 8 8 73 9 81 10 94 11 20 12 58 13 37 14 8 15 4 16 62 17 9 18 72 19 86 20 86
1 13 2 66 3 12 4 41 5 49 6 57 7 87 8 10 9 17 10 36 11 21 12 72 13 58 14 51 15 88 16 26 17 22 18 24 19 71 20 62
1 37 2 84 3 60 4 78 5 93 6 47 7 45 8 58 9 78 10 97 11 67 12 76 13 97 14 1 15 10 16 18 17 47 18 36 19 82 20 54
1 82 2 4 3 41 4 43 5 29 6 12 7 84 8 21 9 34 10 29 11 13 12 35 13 25 14 77 15 18 16 58 17 94 18 10 19 71 20 27
1 57 2 70 3 7 4 34 5 13 6 27 7 56 8 13 9 63 10 37 11 48 12 98 13 18 14 88 15 90 16 6 17 82 18 14 19 66 20 82
1 5 2 52 3 99 4 89 5 37 6 34 7 1 8 92 9 55 10 97 11 96 12 90 13 47 14 90 15 5 16 25 17 36 18 9 19 38 20 9
1 17 2 39 3 3 4 38 5 54 6 66 7 19 8 59 9 17 10 27 11 71 12 98 13 67 14 10 15 99 16 86 17 54 18 70 19 63 20 1
1 40 2 15 3 1 4 88 5 46 6 18 7 91 8 62 9 31 10 47 11 65 12 83 13 20 14 11 15 83 16 39 17 19 18 68 19 1 20 54
1 6 2 6 3 21 4 44 5 25 6 72 7 85 8 12 9 79 10 82 11 97 12 7 13 45 14 38 15 8 16 44 17 46 18 19 19 62 20 34
1 73 2 35 3 94 4 21 5 61 6 20 7 44 8 30 9 74 10 82 11 88 12 75 13 15 14 15 15 7 16 40 17 25 18 54 19 8 20 11
1 91 2 24 3 76 4 96 5 16 6 27 7 71 8 86 9 44 10 53 11 53 12 55 13 82 14 35 15 99 16 85 17 57 18 98 19 29 20 63
