20 10
1 64 2 96 3 13 4 9 5 17 6 19 7 52 8 1 9 54 10 86
1 90 2 26 3 16 4 39 5 51 6 4 7 18 8 35 9 65 10 5
1 48 2 6 3 34 4 22 5 12 6 78 7 87 8 24 9 87 10 10
1 46 2 16 3 11 4 73 5 24 6 16 7 68 8 14 9 92 10 93
1 30 2 94 3 52 4 49 5 32 6 61 7 30 8 6 9 33 10 33
1 42 2 87 3 55 4 13 5 39 6 20 7 9 8 57 9 83 10 2
1 84 2 24 3 84 4 16 5 87 6 22 7 51 8 27 9 87 10 87
1 34 2 99 3 37 4 14 5 59 6 13 7 17 8 33 9 31 10 18
1 9 2 1 3 66 4 57 5 90 6 61 7 90 8 60 9 40 10 38
1 25 2 15 3 89 4 5 5 81 6 16 7 28 8 58 9 98 10 90
1 93 2 44 3 2 4 87 5 93 6 23 7 92 8 51 9 5 10 32
1 69 2 92 3 21 4 77 5 95 6 17 7 47 8 1 9 13 10 73
1 71 2 34 3 40 4 57 5 29 6 78 7 99 8 88 9 40 10 40
1 35 2 57 3 56 4 65 5 63 6 48 7 24 8 40 9 20 10 21
1 72 2 65 3 20 4 67 5 61 6 69 7 19 8 63 9 50 10 68
1 7 2 93 3 58 4 31 5 97 6 89 7 5 8 98 9 41 10 81
1 33 2 95 3 7 4 34 5 6 6 34 7 62 8 97 9 7 10 18
1 8 2 39 3 86 4 58 5 35 6 12 7 50 8 44 9 81 10 89
1 85 2 47 3 54 4 31 5 31 6 83 7 28 8 70 9 49 10 27
1 40 2 37 3 55 4 59 5 46 6 25 7 34 8 84 9 72 10 32
