20 10
1 47 2 77 3 66 4 13 5 77 6 20 7 29 8 11 9 85 10 98
1 36 2 92 3 99 4 65 5 34 6 35 7 42 8 28 9 28 10 5
1 80 2 46 3 37 4 86 5 85 6 67 7 22 8 67 9 20 10 1
1 39 2 25 3 1 4 41 5 74 6 39 7 2 8 20 9 3 10 29
1 51 2 79 3 35 4 63 5 18 6 67 7 73 8 2 9 23 10 59
1 46 2 12 3 17 4 87 5 35 6 27 7 71 8 11 9 97 10 83
1 63 2 22 3 47 4 46 5 72 6 16 7 35 8 2 9 22 10 50
1 58 2 46 3 19 4 82 5 69 6 14 7 94 8 39 9 62 10 27
1 60 2 20 3 13 4 64 5 67 6 25 7 39 8 40 9 72 10 28
1 36 2 60 3 2 4 8 5 33 6 85 7 51 8 6 9 5 10 72
1 70 2 96 3 56 4 22 5 44 6 83 7 66 8 56 9 27 10 52
1 46 2 83 3 76 4 25 5 28 6 26 7 98 8 64 9 66 10 15
1 39 2 75 3 66 4 89 5 56 6 42 7 90 8 77 9 76 10 43
1 14 2 3 3 57 4 98 5 47 6 35 7 58 8 6 9 95 10 9
1 33 2 1 3 59 4 85 5 1 6 85 7 65 8 47 9 13 10 12
1 23 2 21 3 89 4 51 5 34 6 62 7 6 8 22 9 75 10 22
1 5 2 37 3 72 4 6 5 90 6 71 7 47 8 60 9 93 10 17
1 65 2 12 3 97 4 29 5 41 6 3 7 46 8 33 9 55 10 10
1 9 2 14 3 37 4 54 5 14 6 53 7 27 8 64 9 25 10 79
1 30 2 33 3 5 4 96 5 1 6 51 7 42 8 78 9 70 10 91
