20 10
1 80 2 13 3 64 4 77 5 17 6 78 7 82 8 4 9 72 10 93
1 68 2 25 3 67 4 80 5 43 6 93 7 21 8 33 9 14 10 30
1 59 2 83 3 85 4 85 5 70 6 35 7 2 8 76 9 46 10 72
1 69 2 46 3 3 4 57 5 71 6 77 7 33 8 49 9 59 10 82
1 59 2 70 3 76 4 10 5 65 6 19 7 77 8 86 9 21 10 75
1 96 2 3 3 50 4 57 5 66 6 84 7 98 8 55 9 70 10 32
1 31 2 64 3 11 4 9 5 32 6 58 7 98 8 95 9 25 10 4
1 45 2 60 3 87 4 31 5 1 6 96 7 22 8 95 9 73 10 77
1 30 2 88 3 14 4 22 5 93 6 48 7 10 8 7 9 14 10 91
1 5 2 43 3 30 4 79 5 39 6 34 7 77 8 81 9 11 10 10
1 53 2 19 3 99 4 62 5 88 6 93 7 34 8 72 9 42 10 65
1 39 2 79 3 9 4 26 5 72 6 29 7 36 8 48 9 57 10 95
1 93 2 79 3 88 4 77 5 94 6 39 7 74 8 46 9 17 10 30
1 62 2 77 3 43 4 98 5 48 6 14 7 45 8 25 9 98 10 30
1 90 2 92 3 35 4 13 5 75 6 55 7 80 8 67 9 3 10 93
1 54 2 67 3 25 4 77 5 38 6 98 7 96 8 20 9 15 10 36
1 65 2 97 3 27 4 25 5 61 6 24 7 97 8 61 9 75 10 92
1 73 2 21 3 29 4 3 5 96 6 51 7 26 8 44 9 56 10 31
1 64 2 38 3 44 4 46 5 66 6 31 7 48 8 27 9 82 10 51
1 90 2 63 3 85 4 36 5 69 6 67 7 81 8 18 9 81 10 72
