20 20
1 46 2 52 3 79 4 45 5 97 6 10 7 44 8 24 9 85 10 75 11 66 12 49 13 95 14 61 15 19 16 47 17 84 18 13 19 11 20 19
1 98 2 2 3 85 4 44 5 7 6 73 7 19 8 69 9 12 10 73 11 85 12 23 13 53 14 16 15 88 16 8 17 26 18 42 19 58 20 63
1 7 2 2 3 44 4 38 5 24 6 76 7 85 8 61 9 32 10 90 11 61 12 87 13 51 14 25 15 73 16 93 17 28 18 90 19 94 20 59
1 64 2 2 3 16 4 35 5 53 6 40 7 81 8 26 9 85 10 4 11 4 12 10 13 63 14 96 15 55 16 71 17 66 18 94 19 7 20 15
1 11 2 99 3 37 4 50 5 56 6 69 7 22 8 56 9 67 10 63 11 96 12 74 13 4 14 42 15 40 16 30 17 93 18 36 19 25 20 87
1 3 2 1 3 58 4 85 5 33 6 71 7 58 8 56 9 64 10 43 11 48 12 69 13 96 14 35 15 82 16 53 17 64 18 11 19 61 20 36
1 53 2 87 3 88 4 10 5 32 6 38 7 25 8 24 9 90 10 7 11 11 12 49 13 2 14 76 15 17 16 32 17 39 18 9 19 83 20 69
1 67 2 28 3 88 4 23 5 91 6 71 7 3 8 26 9 41 10 96 11 51 12 24 13 21 14 57 15 69 16 51 17 50 18 51 19 21 20 19
1 63 2 91 3 11 4 6 5 31 6 63 7 36 8 39 9 57 10 47 11 56 12 65 13 59 14 4 15 10 16 12 17 62 18 43 19 49 20 54
1 87 2 29 3 2 4 18 5 75 6 39 7 77 8 69 9 15 10 78 11 68 12 37 13 22 14 41 15 92 16 67 17 24 18 87 19 91 20 31
1 37 2 16 3 42 4 47 5 94 6 14 7 94 8 34 9 72 10 36 11 88 12 51 13 41 14 71 15 94 16 99 17 11 18 97 19 44 20 77
1 69 2 91 3 38 4 25 5 87 6 7 7 66 8 54 9 86 10 49 11 3 12 48 13 44 14 93 15 37 16 82 17 31 18 59 19 78 20 33
1 36 2 3 3 58 4 10 5 98 6 6 7 44 8 62 9 24 10 94 11 79 12 93 13 68 14 75 15 37 16 44 17 34 18 39 19 76 20 62
1 74 2 28 3 78 4 43 5 98 6 83 7 91 8 27 9 6 10 82 11 60 12 44 13 43 14 76 15 99 16 66 17 11 18 35 19 52 20 8
1 40 2 62 3 25 4 24 5 30 6 1 7 73 8 27 9 16 10 91 11 33 12 11 13 99 14 2 15 60 16 90 17 36 18 62 19 15 20 3
1 83 2 87 3 38 4 38 5 86 6 67 7 23 8 19 9 97 10 78 11 66 12 67 13 7 14 23 15 67 16 8 17 77 18 71 19 85 20 29
1 49 2 3 3 94 4 76 5 95 6 48 7 4 8 37 9 82 10 57 11 61 12 6 13 97 14 5 15 27 16 95 17 46 18 92 19 46 20 52
1 8 2 11 3 7 4 54 5 72 6 57 7 85 8 22 9 87 10 65 11 22 12 29 13 99 14 25 15 98 16 55 17 80 18 82 19 33 20 68
1 47 2 74 3 26 4 61 5 95 6 55 7 11 8 42 9 72 10 14 11 8 12 98 13 90 14 36 15 75 16 69 17 26 18 24 19 55 20 98
1 86 2 30 3 92 4 94 5 66 6 47 7 3 8 41 9 41 10 47 11 89 12 28 13 39 14 80 15 47 16 57 17 74 18 38 19 59 20 5
