20 20
1 1 2 96 3 21 4 57 5 7 6 34 7 72 8 12 9 80 10 99 11 28 12 80 13 30 14 15 15 95 16 19 17 12 18 59 19 66 20 51
1 6 2 36 3 74 4 53 5 25 6 68 7 37 8 42 9 68 10 74 11 93 12 39 13 75 14 54 15 10 16 60 17 15 18 75 19 71 20 22
1 10 2 65 3 39 4 99 5 77 6 39 7 50 8 14 9 75 10 28 11 92 12 74 13 20 14 70 15 43 16 6 17 77 18 25 19 68 20 83
1 28 2 13 3 74 4 18 5 71 6 11 7 17 8 27 9 89 10 14 11 13 12 40 13 97 14 70 15 96 16 13 17 66 18 77 19 2 20 41
1 69 2 34 3 10 4 91 5 98 6 60 7 3 8 86 9 55 10 95 11 73 12 65 13 24 14 22 15 5 16 67 17 39 18 58 19 4 20 30
1 95 2 75 3 24 4 3 5 83 6 67 7 88 8 75 9 28 10 65 11 54 12 65 13 34 14 17 15 51 16 98 17 94 18 22 19 57 20 37
1 90 2 38 3 20 4 85 5 49 6 37 7 29 8 84 9 93 10 99 11 44 12 39 13 18 14 40 15 24 16 98 17 61 18 72 19 21 20 76
1 87 2 32 3 8 4 17 5 54 6 43 7 3 8 65 9 33 10 36 11 70 12 18 13 19 14 76 15 7 16 34 17 66 18 72 19 16 20 95
1 80 2 10 3 63 4 14 5 89 6 65 7 43 8 44 9 28 10 39 11 59 12 91 13 70 14 24 15 96 16 1 17 92 18 79 19 57 20 88
1 60 2 70 3 38 4 94 5 94 6 30 7 50 8 17 9 43 10 28 11 33 12 48 13 48 14 81 15 50 16 86 17 23 18 95 19 3 20 80
1 17 2 74 3 87 4 39 5 14 6 28 7 12 8 49 9 88 10 91 11 53 12 40 13 1 14 55 15 39 16 35 17 99 18 17 19 69 20 67
1 13 2 98 3 79 4 20 5 57 6 68 7 17 8 27 9 25 10 36 11 67 12 73 13 34 14 47 15 65 16 79 17 31 18 54 19 56 20 33
1 66 2 30 3 89 4 45 5 44 6 91 7 18 8 67 9 94 10 41 11 78 12 27 13 15 14 55 15 28 16 28 17 26 18 98 19 98 20 77
1 79 2 12 3 96 4 78 5 29 6 28 7 14 8 52 9 27 10 51 11 46 12 98 13 97 14 38 15 78 16 89 17 67 18 91 19 51 20 62
1 79 2 93 3 25 4 61 5 59 6 20 7 92 8 1 9 35 10 97 11 79 12 37 13 72 14 76 15 89 16 7 17 79 18 85 19 40 20 24
1 6 2 73 3 64 4 30 5 30 6 99 7 61 8 26 9 38 10 46 11 76 12 65 13 51 14 39 15 23 16 71 17 63 18 94 19 62 20 87
1 43 2 45 3 46 4 9 5 10 6 42 7 43 8 46 9 7 10 15 11 32 12 80 13 4 14 73 15 42 16 98 17 24 18 25 19 13 20 38
1 3 2 69 3 38 4 61 5 8 6 54 7 90 8 3 9 5 10 25 11 31 12 38 13 36 14 35 15 52 16 13 17 78 18 31 19 8 20 62
1 36 2 98 3 7 4 3 5 5 6 82 7 41 8 2 9 63 10 56 11 85 12 85 13 25 14 98 15 58 16 16 17 99 18 61 19 21 20 26
1 67 2 96 3 70 4 89 5 5 6 45 7 38 8 79 9 73 10 99 11 33 12 1 13 84 14 79 15 44 16 39 17 16 18 50 19 39 20 55
