20 20
1 55 2 56 3 21 4 77 5 83 6 43 7 11 8 64 9 59 10 37 11 96 12 27 13 9 14 63 15 82 16 31 17 27 18 67 19 82 20 65
1 74 2 41 3 10 4 36 5 69 6 1 7 21 8 72 9 37 10 54 11 88 12 65 13 97 14 71 15 13 16 90 17 88 18 39 19 46 20 89
1 99 2 82 3 14 4 14 5 63 6 67 7 16 8 46 9 28 10 91 11 69 12 34 13 9 14 7 15 43 16 62 17 29 18 70 19 28 20 62
1 34 2 67 3 16 4 83 5 64 6 32 7 43 8 67 9 37 10 79 11 31 12 41 13 3 14 11 15 71 16 21 17 26 18 98 19 39 20 73
1 59 2 33 3 71 4 49 5 22 6 6 7 68 8 14 9 36 10 17 11 30 12 83 13 94 14 53 15 30 16 74 17 24 18 47 19 76 20 28
1 20 2 35 3 25 4 81 5 19 6 4 7 42 8 58 9 18 10 19 11 73 12 14 13 44 14 13 15 11 16 55 17 91 18 51 19 42 20 47
1 94 2 43 3 68 4 77 5 42 6 75 7 17 8 85 9 54 10 83 11 30 12 52 13 89 14 54 15 74 16 86 17 27 18 22 19 24 20 11
1 12 2 8 3 15 4 21 5 75 6 84 7 29 8 15 9 26 10 83 11 38 12 32 13 13 14 10 15 23 16 28 17 42 18 68 19 78 20 39
1 76 2 4 3 45 4 25 5 23 6 77 7 3 8 20 9 49 10 35 11 29 12 59 13 14 14 94 15 11 16 17 17 80 18 70 19 20 20 25
1 12 2 78 3 58 4 13 5 22 6 53 7 92 8 7 9 62 10 94 11 8 12 81 13 5 14 24 15 98 16 85 17 75 18 57 19 37 20 96
1 97 2 44 3 93 4 11 5 74 6 69 7 60 8 95 9 83 10 97 11 37 12 86 13 61 14 68 15 87 16 19 17 12 18 39 19 85 20 6
1 50 2 71 3 27 4 86 5 24 6 58 7 20 8 12 9 61 10 57 11 34 12 64 13 43 14 94 15 37 16 13 17 28 18 2 19 82 20 10
1 5 2 87 3 66 4 33 5 2 6 32 7 43 8 16 9 96 10 22 11 17 12 75 13 31 14 62 15 76 16 30 17 8 18 34 19 35 20 73
1 76 2 5 3 59 4 52 5 16 6 14 7 3 8 1 9 24 10 47 11 19 12 76 13 13 14 67 15 7 16 7 17 14 18 99 19 5 20 11
1 84 2 21 3 4 4 37 5 72 6 86 7 17 8 96 9 38 10 43 11 13 12 81 13 12 14 57 15 62 16 87 17 90 18 94 19 94 20 81
1 4 2 24 3 88 4 53 5 7 6 35 7 45 8 45 9 43 10 31 11 58 12 88 13 52 14 99 15 87 16 47 17 32 18 24 19 99 20 22
1 75 2 39 3 38 4 72 5 26 6 50 7 83 8 15 9 71 10 13 11 94 12 16 13 28 14 17 15 95 16 65 17 84 18 93 19 98 20 65
1 79 2 35 3 97 4 68 5 93 6 29 7 94 8 14 9 84 10 29 11 35 12 13 13 51 14 49 15 40 16 11 17 98 18 61 19 19 20 53
1 18 2 85 3 7 4 2 5 93 6 20 7 50 8 95 9 3 10 30 11 44 12 97 13 13 14 7 15 72 16 49 17 83 18 75 19 63 20 47
1 99 2 52 3 21 4 41 5 69 6 88 7 80 8 83 9 4 10 99 11 59 12 47 13 92 14 11 15 73 16 31 17 70 18 15 19 57 20 19
