50 5
1 12 2 72 3 29 4 16 5 22
1 61 2 69 3 71 4 86 5 16
1 54 2 53 3 64 4 96 5 79
1 68 2 98 3 87 4 40 5 74
1 22 2 23 3 47 4 55 5 21
1 90 2 68 3 14 4 42 5 41
1 40 2 63 3 23 4 75 5 4
1 31 2 87 3 25 4 47 5 70
1 1 2 49 3 59 4 11 5 93
1 38 2 5 3 43 4 82 5 33
1 26 2 89 3 86 4 10 5 16
1 72 2 96 3 47 4 9 5 56
1 8 2 69 3 87 4 84 5 62
1 52 2 82 3 66 4 67 5 33
1 3 2 53 3 95 4 42 5 59
1 77 2 38 3 12 4 1 5 66
1 24 2 17 3 58 4 71 5 88
1 63 2 60 3 86 4 8 5 8
1 44 2 99 3 80 4 76 5 94
1 75 2 63 3 57 4 76 5 34
1 27 2 97 3 53 4 16 5 36
1 28 2 50 3 41 4 42 5 86
1 2 2 45 3 86 4 43 5 92
1 73 2 99 3 84 4 83 5 61
1 7 2 8 3 62 4 3 5 21
1 50 2 71 3 95 4 70 5 60
1 4 2 58 3 16 4 30 5 80
1 71 2 59 3 75 4 52 5 25
1 86 2 48 3 53 4 54 5 98
1 36 2 9 3 78 4 80 5 88
1 52 2 30 3 62 4 8 5 45
1 77 2 90 3 52 4 39 5 95
1 86 2 15 3 98 4 59 5 22
1 43 2 85 3 93 4 6 5 46
1 51 2 97 3 79 4 46 5 71
1 18 2 33 3 13 4 3 5 32
1 28 2 48 3 8 4 42 5 26
1 26 2 95 3 44 4 74 5 82
1 28 2 4 3 42 4 81 5 56
1 38 2 50 3 12 4 43 5 51
1 24 2 57 3 68 4 58 5 76
1 70 2 72 3 56 4 56 5 55
1 89 2 23 3 42 4 26 5 87
1 17 2 38 3 24 4 82 5 55
1 47 2 7 3 99 4 89 5 20
1 65 2 3 3 45 4 89 5 96
1 16 2 42 3 70 4 69 5 77
1 46 2 20 3 71 4 91 5 8
1 34 2 72 3 40 4 82 5 60
1 59 2 59 3 43 4 72 5 10
