50 5
1 38 2 23 3 13 4 1 5 10
1 76 2 49 3 2 4 81 5 43
1 51 2 71 3 29 4 44 5 26
1 27 2 27 3 56 4 21 5 76
1 88 2 9 3 33 4 6 5 40
1 64 2 5 3 5 4 7 5 5
1 76 2 63 3 35 4 94 5 65
1 25 2 6 3 87 4 60 5 33
1 67 2 81 3 93 4 98 5 9
1 94 2 49 3 27 4 62 5 90
1 5 2 13 3 36 4 54 5 76
1 40 2 67 3 31 4 35 5 48
1 85 2 41 3 82 4 95 5 15
1 24 2 77 3 6 4 79 5 36
1 18 2 21 3 34 4 42 5 74
1 46 2 1 3 88 4 29 5 95
1 67 2 41 3 98 4 31 5 25
1 70 2 62 3 45 4 59 5 68
1 22 2 81 3 44 4 80 5 88
1 25 2 93 3 61 4 1 5 97
1 26 2 40 3 84 4 84 5 74
1 39 2 65 3 15 4 71 5 92
1 44 2 27 3 93 4 2 5 55
1 44 2 55 3 23 4 25 5 1
1 51 2 12 3 47 4 98 5 41
1 18 2 44 3 72 4 88 5 60
1 29 2 99 3 2 4 17 5 79
1 6 2 29 3 89 4 4 5 70
1 10 2 79 3 64 4 92 5 42
1 79 2 56 3 94 4 26 5 93
1 66 2 41 3 74 4 62 5 70
1 30 2 66 3 11 4 51 5 43
1 32 2 23 3 20 4 1 5 54
1 55 2 65 3 22 4 99 5 97
1 21 2 63 3 45 4 70 5 41
1 6 2 70 3 33 4 97 5 32
1 28 2 54 3 63 4 16 5 12
1 2 2 50 3 48 4 34 5 75
1 45 2 2 3 39 4 4 5 46
1 11 2 66 3 59 4 28 5 74
1 93 2 95 3 48 4 71 5 30
1 22 2 3 3 22 4 82 5 35
1 56 2 14 3 88 4 41 5 4
1 52 2 17 3 95 4 15 5 85
1 12 2 11 3 24 4 71 5 46
1 59 2 16 3 33 4 53 5 22
1 49 2 44 3 76 4 88 5 45
1 52 2 31 3 66 4 17 5 68
1 99 2 78 3 87 4 45 5 78
1 51 2 87 3 4 4 45 5 9
