50 5
1 9 2 19 3 86 4 38 5 71
1 82 2 12 3 20 4 37 5 22
1 97 2 85 3 93 4 33 5 69
1 70 2 29 3 48 4 28 5 76
1 91 2 54 3 71 4 36 5 13
1 44 2 27 3 23 4 95 5 15
1 25 2 88 3 46 4 5 5 38
1 74 2 21 3 36 4 21 5 4
1 96 2 78 3 7 4 72 5 80
1 38 2 17 3 98 4 88 5 78
1 80 2 54 3 73 4 83 5 15
1 5 2 27 3 20 4 75 5 24
1 73 2 88 3 17 4 24 5 53
1 86 2 10 3 30 4 71 5 5
1 11 2 97 3 10 4 84 5 58
1 47 2 69 3 80 4 49 5 74
1 37 2 94 3 51 4 1 5 9
1 16 2 89 3 2 4 80 5 38
1 94 2 93 3 89 4 95 5 95
1 63 2 17 3 98 4 2 5 19
1 28 2 58 3 52 4 11 5 21
1 97 2 49 3 55 4 16 5 4
1 82 2 60 3 5 4 52 5 42
1 61 2 87 3 89 4 76 5 46
1 32 2 18 3 3 4 60 5 34
1 69 2 47 3 95 4 92 5 70
1 71 2 73 3 58 4 17 5 26
1 39 2 60 3 72 4 93 5 27
1 27 2 63 3 59 4 76 5 97
1 85 2 57 3 49 4 60 5 30
1 70 2 1 3 23 4 18 5 42
1 96 2 2 3 52 4 49 5 82
1 4 2 67 3 77 4 24 5 68
1 37 2 28 3 65 4 93 5 68
1 18 2 6 3 49 4 67 5 93
1 3 2 10 3 80 4 44 5 26
1 83 2 4 3 50 4 74 5 14
1 8 2 67 3 18 4 60 5 3
1 43 2 31 3 59 4 69 5 13
1 46 2 53 3 27 4 28 5 63
1 55 2 39 3 86 4 40 5 92
1 2 2 65 3 91 4 67 5 92
1 55 2 40 3 1 4 81 5 2
1 78 2 25 3 27 4 46 5 61
1 46 2 59 3 16 4 41 5 65
1 75 2 69 3 68 4 68 5 23
1 30 2 29 3 37 4 64 5 44
1 69 2 36 3 9 4 45 5 8
1 50 2 10 3 46 4 83 5 91
1 79 2 39 3 83 4 36 5 28
