50 10
1 66 2 46 3 25 4 30 5 17 6 40 7 17 8 20 9 73 10 5
1 60 2 3 3 91 4 34 5 81 6 58 7 48 8 71 9 57 10 5
1 8 2 19 3 78 4 2 5 1 6 78 7 8 8 14 9 46 10 98
1 50 2 88 3 28 4 66 5 43 6 23 7 93 8 52 9 1 10 77
1 54 2 45 3 56 4 54 5 57 6 23 7 18 8 88 9 38 10 72
1 55 2 63 3 71 4 21 5 74 6 65 7 52 8 91 9 12 10 22
1 12 2 26 3 97 4 30 5 30 6 12 7 94 8 46 9 20 10 73
1 58 2 10 3 77 4 27 5 33 6 53 7 23 8 2 9 65 10 35
1 7 2 54 3 43 4 87 5 56 6 4 7 29 8 35 9 37 10 53
1 10 2 90 3 95 4 85 5 2 6 36 7 85 8 5 9 3 10 45
1 65 2 35 3 49 4 2 5 95 6 14 7 67 8 8 9 62 10 25
1 2 2 40 3 68 4 75 5 72 6 5 7 5 8 10 9 33 10 56
1 89 2 54 3 31 4 1 5 61 6 25 7 11 8 7 9 88 10 65
1 74 2 16 3 87 4 57 5 89 6 85 7 46 8 54 9 23 10 23
1 96 2 79 3 70 4 33 5 50 6 18 7 65 8 87 9 18 10 15
1 57 2 72 3 48 4 6 5 10 6 98 7 55 8 71 9 19 10 28
1 31 2 79 3 69 4 11 5 4 6 12 7 71 8 62 9 2 10 95
1 35 2 82 3 57 4 7 5 24 6 62 7 70 8 89 9 87 10 21
1 54 2 16 3 72 4 31 5 24 6 94 7 18 8 83 9 36 10 73
1 67 2 74 3 75 4 93 5 16 6 74 7 70 8 16 9 81 10 93
1 58 2 66 3 5 4 69 5 38 6 93 7 59 8 56 9 26 10 96
1 60 2 18 3 74 4 93 5 12 6 56 7 36 8 71 9 38 10 96
1 84 2 84 3 65 4 17 5 78 6 45 7 83 8 53 9 60 10 60
1 9 2 7 3 51 4 85 5 66 6 6 7 3 8 93 9 88 10 40
1 85 2 92 3 15 4 51 5 55 6 19 7 58 8 84 9 4 10 23
1 38 2 23 3 13 4 1 5 10 6 76 7 49 8 2 9 81 10 43
1 51 2 71 3 29 4 44 5 26 6 27 7 27 8 56 9 21 10 76
1 88 2 9 3 33 4 6 5 40 6 64 7 5 8 5 9 7 10 5
1 76 2 63 3 35 4 94 5 65 6 25 7 6 8 87 9 60 10 33
1 67 2 81 3 93 4 98 5 9 6 94 7 49 8 27 9 62 10 90
1 5 2 13 3 36 4 54 5 76 6 40 7 67 8 31 9 35 10 48
1 85 2 41 3 82 4 95 5 15 6 24 7 77 8 6 9 79 10 36
1 18 2 21 3 34 4 42 5 74 6 46 7 1 8 88 9 29 10 95
1 67 2 41 3 98 4 31 5 25 6 70 7 62 8 45 9 59 10 68
1 22 2 81 3 44 4 80 5 88 6 25 7 93 8 61 9 1 10 97
1 26 2 40 3 84 4 84 5 74 6 39 7 65 8 15 9 71 10 92
1 44 2 27 3 93 4 2 5 55 6 44 7 55 8 23 9 25 10 1
1 51 2 12 3 47 4 98 5 41 6 18 7 44 8 72 9 88 10 60
1 29 2 99 3 2 4 17 5 79 6 6 7 29 8 89 9 4 10 70
1 10 2 79 3 64 4 92 5 42 6 79 7 56 8 94 9 26 10 93
1 66 2 41 3 74 4 62 5 70 6 30 7 66 8 11 9 51 10 43
1 32 2 23 3 20 4 1 5 54 6 55 7 65 8 22 9 99 10 97
1 21 2 63 3 45 4 70 5 41 6 6 7 70 8 33 9 97 10 32
1 28 2 54 3 63 4 16 5 12 6 2 7 50 8 48 9 34 10 75
1 45 2 2 3 39 4 4 5 46 6 11 7 66 8 59 9 28 10 74
1 93 2 95 3 48 4 71 5 30 6 22 7 3 8 22 9 82 10 35
1 56 2 14 3 88 4 41 5 4 6 52 7 17 8 95 9 15 10 85
1 12 2 11 3 24 4 71 5 46 6 59 7 16 8 33 9 53 10 22
1 49 2 44 3 76 4 88 5 45 6 52 7 31 8 66 9 17 10 68
1 99 2 78 3 87 4 45 5 78 6 51 7 87 8 4 9 45 10 9
