50 10
1 49 2 10 3 30 4 85 5 7 6 23 7 56 8 93 9 5 10 34
1 72 2 78 3 25 4 31 5 73 6 69 7 18 8 15 9 39 10 2
1 55 2 33 3 24 4 19 5 19 6 97 7 98 8 49 9 95 10 71
1 2 2 55 3 37 4 73 5 91 6 58 7 33 8 78 9 60 10 53
1 38 2 53 3 90 4 30 5 14 6 53 7 87 8 51 9 25 10 50
1 76 2 91 3 51 4 55 5 32 6 26 7 37 8 21 9 58 10 26
1 19 2 65 3 52 4 36 5 89 6 95 7 51 8 56 9 21 10 35
1 90 2 26 3 83 4 37 5 59 6 3 7 44 8 42 9 57 10 45
1 36 2 90 3 71 4 37 5 69 6 27 7 13 8 16 9 32 10 53
1 59 2 8 3 98 4 65 5 50 6 85 7 78 8 38 9 55 10 89
1 60 2 39 3 94 4 82 5 28 6 52 7 87 8 19 9 58 10 52
1 63 2 28 3 44 4 80 5 88 6 21 7 36 8 64 9 75 10 6
1 41 2 4 3 5 4 77 5 75 6 91 7 88 8 22 9 8 10 97
1 58 2 72 3 45 4 55 5 12 6 35 7 95 8 95 9 56 10 53
1 48 2 61 3 46 4 29 5 85 6 1 7 75 8 25 9 39 10 92
1 40 2 56 3 89 4 53 5 26 6 38 7 15 8 3 9 75 10 4
1 48 2 86 3 28 4 51 5 62 6 46 7 43 8 1 9 52 10 19
1 85 2 37 3 73 4 25 5 35 6 79 7 88 8 29 9 7 10 18
1 26 2 63 3 41 4 20 5 97 6 80 7 15 8 47 9 29 10 46
1 78 2 16 3 67 4 44 5 23 6 47 7 98 8 97 9 49 10 65
1 32 2 5 3 49 4 51 5 33 6 97 7 74 8 48 9 9 10 65
1 38 2 71 3 38 4 76 5 43 6 8 7 66 8 62 9 18 10 13
1 16 2 64 3 18 4 87 5 86 6 29 7 9 8 96 9 40 10 78
1 78 2 63 3 13 4 47 5 31 6 97 7 5 8 86 9 51 10 46
1 56 2 69 3 50 4 27 5 60 6 48 7 74 8 91 9 92 10 80
1 17 2 43 3 13 4 20 5 41 6 94 7 18 8 28 9 8 10 71
1 82 2 42 3 90 4 76 5 62 6 95 7 74 8 80 9 33 10 91
1 35 2 80 3 79 4 68 5 97 6 98 7 3 8 22 9 52 10 80
1 32 2 75 3 78 4 36 5 46 6 16 7 36 8 93 9 39 10 19
1 95 2 91 3 49 4 35 5 93 6 11 7 93 8 6 9 96 10 19
1 33 2 98 3 67 4 81 5 43 6 72 7 32 8 66 9 97 10 36
1 36 2 67 3 1 4 47 5 87 6 12 7 91 8 21 9 6 10 6
1 1 2 38 3 69 4 77 5 3 6 75 7 64 8 53 9 18 10 10
1 97 2 18 3 48 4 70 5 60 6 75 7 94 8 14 9 53 10 90
1 19 2 42 3 86 4 15 5 58 6 7 7 65 8 40 9 51 10 61
1 98 2 90 3 4 4 39 5 79 6 76 7 53 8 77 9 10 10 2
1 97 2 31 3 62 4 28 5 74 6 60 7 53 8 74 9 88 10 11
1 88 2 92 3 7 4 80 5 67 6 27 7 21 8 43 9 59 10 30
1 17 2 4 3 7 4 21 5 83 6 44 7 70 8 30 9 39 10 35
1 8 2 6 3 92 4 39 5 55 6 34 7 98 8 47 9 99 10 16
1 90 2 93 3 35 4 65 5 66 6 10 7 48 8 81 9 27 10 49
1 61 2 73 3 60 4 88 5 42 6 62 7 28 8 55 9 58 10 55
1 90 2 61 3 73 4 3 5 74 6 94 7 30 8 81 9 9 10 87
1 58 2 42 3 59 4 48 5 29 6 83 7 60 8 83 9 76 10 43
1 90 2 14 3 84 4 10 5 15 6 38 7 90 8 80 9 19 10 15
1 75 2 68 3 39 4 71 5 31 6 43 7 5 8 32 9 6 10 56
1 56 2 72 3 23 4 95 5 50 6 53 7 27 8 8 9 18 10 81
1 57 2 54 3 99 4 20 5 10 6 19 7 18 8 53 9 73 10 10
1 74 2 93 3 22 4 75 5 84 6 9 7 27 8 32 9 51 10 83
1 70 2 13 3 1 4 81 5 13 6 98 7 58 8 28 9 3 10 21
