50 10
1 16 2 90 3 63 4 73 5 57 6 17 7 29 8 16 9 94 10 47
1 24 2 39 3 2 4 5 5 75 6 7 7 74 8 96 9 94 10 44
1 63 2 38 3 22 4 76 5 2 6 11 7 71 8 94 9 77 10 57
1 45 2 58 3 16 4 96 5 41 6 52 7 57 8 39 9 74 10 35
1 52 2 42 3 82 4 43 5 47 6 34 7 96 8 13 9 33 10 58
1 13 2 27 3 27 4 9 5 88 6 3 7 29 8 96 9 39 10 15
1 61 2 76 3 79 4 67 5 6 6 61 7 32 8 76 9 96 10 59
1 85 2 36 3 23 4 72 5 71 6 44 7 88 8 58 9 51 10 73
1 10 2 85 3 16 4 41 5 40 6 57 7 85 8 73 9 9 10 24
1 94 2 4 3 96 4 37 5 84 6 2 7 94 8 21 9 4 10 73
1 42 2 21 3 21 4 90 5 54 6 64 7 55 8 93 9 1 10 36
1 16 2 7 3 98 4 20 5 83 6 77 7 39 8 63 9 72 10 47
1 21 2 98 3 97 4 86 5 7 6 81 7 5 8 56 9 57 10 15
1 7 2 85 3 77 4 14 5 23 6 10 7 93 8 57 9 58 10 31
1 92 2 6 3 37 4 77 5 80 6 41 7 18 8 68 9 81 10 41
1 37 2 43 3 87 4 77 5 39 6 35 7 49 8 66 9 35 10 2
1 38 2 73 3 28 4 97 5 20 6 46 7 85 8 53 9 78 10 73
1 72 2 82 3 59 4 24 5 6 6 94 7 67 8 66 9 30 10 33
1 32 2 51 3 38 4 8 5 82 6 63 7 77 8 73 9 66 10 65
1 75 2 17 3 22 4 34 5 3 6 8 7 87 8 50 9 76 10 16
1 68 2 3 3 58 4 57 5 49 6 13 7 72 8 13 9 13 10 5
1 88 2 38 3 82 4 41 5 61 6 85 7 81 8 53 9 65 10 89
1 50 2 78 3 38 4 82 5 38 6 38 7 85 8 55 9 64 10 47
1 87 2 66 3 5 4 16 5 48 6 29 7 67 8 72 9 5 10 79
1 30 2 64 3 3 4 80 5 11 6 99 7 32 8 25 9 84 10 12
1 24 2 1 3 57 4 86 5 35 6 9 7 55 8 8 9 93 10 11
1 39 2 10 3 84 4 80 5 59 6 37 7 80 8 69 9 13 10 19
1 25 2 92 3 45 4 14 5 73 6 85 7 75 8 96 9 33 10 17
1 76 2 96 3 4 4 16 5 9 6 66 7 46 8 64 9 3 10 93
1 74 2 29 3 68 4 38 5 86 6 90 7 50 8 11 9 64 10 4
1 51 2 57 3 82 4 47 5 82 6 14 7 79 8 57 9 88 10 79
1 22 2 72 3 58 4 78 5 18 6 48 7 72 8 38 9 71 10 82
1 61 2 73 3 50 4 56 5 95 6 16 7 6 8 7 9 86 10 21
1 27 2 44 3 64 4 32 5 46 6 37 7 39 8 96 9 44 10 70
1 41 2 56 3 44 4 27 5 41 6 66 7 87 8 42 9 7 10 54
1 8 2 54 3 15 4 47 5 73 6 33 7 73 8 35 9 45 10 75
1 83 2 12 3 59 4 95 5 96 6 75 7 62 8 44 9 43 10 30
1 47 2 36 3 65 4 85 5 1 6 71 7 13 8 54 9 2 10 82
1 16 2 15 3 14 4 49 5 68 6 28 7 87 8 85 9 90 10 17
1 54 2 59 3 25 4 23 5 60 6 60 7 68 8 70 9 80 10 4
1 59 2 85 3 73 4 87 5 87 6 89 7 48 8 57 9 59 10 73
1 66 2 95 3 61 4 13 5 79 6 88 7 19 8 18 9 21 10 33
1 11 2 8 3 8 4 83 5 13 6 89 7 63 8 64 9 53 10 28
1 17 2 2 3 77 4 61 5 73 6 69 7 23 8 56 9 78 10 65
1 85 2 99 3 52 4 78 5 8 6 58 7 51 8 43 9 52 10 41
1 67 2 99 3 57 4 47 5 93 6 35 7 32 8 77 9 28 10 75
1 95 2 15 3 18 4 97 5 37 6 53 7 97 8 73 9 60 10 39
1 48 2 9 3 17 4 83 5 10 6 2 7 66 8 50 9 36 10 45
1 86 2 8 3 47 4 52 5 98 6 22 7 55 8 62 9 23 10 82
1 32 2 20 3 38 4 23 5 40 6 55 7 79 8 66 9 97 10 29
