50 10
1 46 2 52 3 79 4 45 5 97 6 10 7 44 8 24 9 85 10 75
1 66 2 49 3 95 4 61 5 19 6 47 7 84 8 13 9 11 10 19
1 98 2 2 3 85 4 44 5 7 6 73 7 19 8 69 9 12 10 73
1 85 2 23 3 53 4 16 5 88 6 8 7 26 8 42 9 58 10 63
1 7 2 2 3 44 4 38 5 24 6 76 7 85 8 61 9 32 10 90
1 61 2 87 3 51 4 25 5 73 6 93 7 28 8 90 9 94 10 59
1 64 2 2 3 16 4 35 5 53 6 40 7 81 8 26 9 85 10 4
1 4 2 10 3 63 4 96 5 55 6 71 7 66 8 94 9 7 10 15
1 11 2 99 3 37 4 50 5 56 6 69 7 22 8 56 9 67 10 63
1 96 2 74 3 4 4 42 5 40 6 30 7 93 8 36 9 25 10 87
1 3 2 1 3 58 4 85 5 33 6 71 7 58 8 56 9 64 10 43
1 48 2 69 3 96 4 35 5 82 6 53 7 64 8 11 9 61 10 36
1 53 2 87 3 88 4 10 5 32 6 38 7 25 8 24 9 90 10 7
1 11 2 49 3 2 4 76 5 17 6 32 7 39 8 9 9 83 10 69
1 67 2 28 3 88 4 23 5 91 6 71 7 3 8 26 9 41 10 96
1 51 2 24 3 21 4 57 5 69 6 51 7 50 8 51 9 21 10 19
1 63 2 91 3 11 4 6 5 31 6 63 7 36 8 39 9 57 10 47
1 56 2 65 3 59 4 4 5 10 6 12 7 62 8 43 9 49 10 54
1 87 2 29 3 2 4 18 5 75 6 39 7 77 8 69 9 15 10 78
1 68 2 37 3 22 4 41 5 92 6 67 7 24 8 87 9 91 10 31
1 37 2 16 3 42 4 47 5 94 6 14 7 94 8 34 9 72 10 36
1 88 2 51 3 41 4 71 5 94 6 99 7 11 8 97 9 44 10 77
1 69 2 91 3 38 4 25 5 87 6 7 7 66 8 54 9 86 10 49
1 3 2 48 3 44 4 93 5 37 6 82 7 31 8 59 9 78 10 33
1 36 2 3 3 58 4 10 5 98 6 6 7 44 8 62 9 24 10 94
1 79 2 93 3 68 4 75 5 37 6 44 7 34 8 39 9 76 10 62
1 74 2 28 3 78 4 43 5 98 6 83 7 91 8 27 9 6 10 82
1 60 2 44 3 43 4 76 5 99 6 66 7 11 8 35 9 52 10 8
1 40 2 62 3 25 4 24 5 30 6 1 7 73 8 27 9 16 10 91
1 33 2 11 3 99 4 2 5 60 6 90 7 36 8 62 9 15 10 3
1 83 2 87 3 38 4 38 5 86 6 67 7 23 8 19 9 97 10 78
1 66 2 67 3 7 4 23 5 67 6 8 7 77 8 71 9 85 10 29
1 49 2 3 3 94 4 76 5 95 6 48 7 4 8 37 9 82 10 57
1 61 2 6 3 97 4 5 5 27 6 95 7 46 8 92 9 46 10 52
1 8 2 11 3 7 4 54 5 72 6 57 7 85 8 22 9 87 10 65
1 22 2 29 3 99 4 25 5 98 6 55 7 80 8 82 9 33 10 68
1 47 2 74 3 26 4 61 5 95 6 55 7 11 8 42 9 72 10 14
1 8 2 98 3 90 4 36 5 75 6 69 7 26 8 24 9 55 10 98
1 86 2 30 3 92 4 94 5 66 6 47 7 3 8 41 9 41 10 47
1 89 2 28 3 39 4 80 5 47 6 57 7 74 8 38 9 59 10 5
1 27 2 92 3 75 4 94 5 18 6 41 7 37 8 58 9 56 10 20
1 2 2 39 3 91 4 81 5 33 6 14 7 88 8 22 9 36 10 65
1 79 2 23 3 66 4 5 5 15 6 51 7 2 8 81 9 12 10 40
1 59 2 32 3 16 4 87 5 78 6 41 7 43 8 94 9 1 10 93
1 22 2 93 3 62 4 53 5 30 6 34 7 27 8 30 9 54 10 77
1 24 2 47 3 39 4 66 5 41 6 46 7 24 8 23 9 68 10 50
1 93 2 22 3 64 4 81 5 94 6 97 7 54 8 82 9 11 10 91
1 23 2 32 3 26 4 22 5 12 6 23 7 34 8 87 9 59 10 2
1 38 2 84 3 62 4 10 5 11 6 93 7 57 8 81 9 10 10 40
1 62 2 49 3 90 4 34 5 11 6 81 7 51 8 21 9 39 10 27
