50 10
1 29 2 28 3 63 4 73 5 99 6 55 7 79 8 82 9 2 10 45
1 45 2 41 3 26 4 87 5 52 6 10 7 42 8 72 9 59 10 45
1 54 2 71 3 44 4 49 5 78 6 7 7 57 8 10 9 63 10 73
1 91 2 22 3 63 4 98 5 92 6 91 7 28 8 86 9 76 10 36
1 29 2 5 3 77 4 81 5 73 6 65 7 72 8 61 9 32 10 61
1 39 2 38 3 12 4 83 5 98 6 31 7 37 8 48 9 59 10 28
1 91 2 88 3 51 4 62 5 99 6 43 7 7 8 10 9 77 10 35
1 28 2 98 3 17 4 75 5 82 6 89 7 48 8 60 9 26 10 52
1 65 2 10 3 27 4 25 5 6 6 96 7 16 8 57 9 98 10 38
1 66 2 91 3 70 4 83 5 49 6 7 7 54 8 25 9 6 10 87
1 19 2 6 3 72 4 73 5 43 6 3 7 47 8 34 9 28 10 32
1 7 2 29 3 89 4 84 5 33 6 95 7 64 8 9 9 44 10 23
1 45 2 68 3 88 4 96 5 56 6 43 7 11 8 95 9 94 10 99
1 56 2 3 3 2 4 23 5 75 6 17 7 46 8 83 9 98 10 30
1 23 2 77 3 12 4 12 5 15 6 70 7 78 8 13 9 22 10 90
1 98 2 38 3 80 4 84 5 28 6 15 7 46 8 67 9 78 10 39
1 85 2 93 3 22 4 22 5 36 6 67 7 7 8 83 9 78 10 68
1 75 2 7 3 65 4 23 5 32 6 13 7 38 8 51 9 79 10 50
1 25 2 83 3 6 4 16 5 36 6 16 7 43 8 66 9 79 10 40
1 8 2 71 3 77 4 31 5 83 6 31 7 76 8 9 9 45 10 76
1 20 2 79 3 35 4 67 5 65 6 20 7 30 8 23 9 85 10 55
1 32 2 45 3 94 4 84 5 48 6 56 7 46 8 90 9 73 10 2
1 8 2 62 3 49 4 86 5 97 6 34 7 2 8 19 9 66 10 23
1 1 2 26 3 47 4 10 5 75 6 39 7 18 8 57 9 95 10 70
1 11 2 42 3 9 4 61 5 81 6 75 7 94 8 31 9 48 10 88
1 58 2 44 3 53 4 11 5 92 6 50 7 37 8 57 9 14 10 64
1 63 2 16 3 9 4 97 5 86 6 87 7 77 8 20 9 60 10 83
1 72 2 29 3 3 4 27 5 33 6 3 7 41 8 61 9 63 10 52
1 69 2 97 3 45 4 4 5 72 6 19 7 66 8 35 9 43 10 72
1 28 2 46 3 73 4 12 5 74 6 41 7 59 8 42 9 47 10 23
1 59 2 66 3 35 4 61 5 70 6 17 7 98 8 40 9 46 10 88
1 93 2 11 3 33 4 65 5 15 6 67 7 41 8 1 9 90 10 8
1 16 2 12 3 86 4 71 5 53 6 13 7 32 8 64 9 53 10 51
1 58 2 95 3 6 4 93 5 47 6 22 7 83 8 4 9 17 10 17
1 86 2 16 3 59 4 43 5 1 6 18 7 87 8 27 9 94 10 57
1 59 2 60 3 72 4 54 5 97 6 71 7 43 8 92 9 71 10 53
1 28 2 97 3 55 4 91 5 33 6 12 7 12 8 36 9 73 10 78
1 7 2 3 3 4 4 87 5 84 6 16 7 12 8 84 9 2 10 34
1 9 2 98 3 83 4 98 5 70 6 3 7 76 8 16 9 49 10 27
1 20 2 24 3 61 4 48 5 49 6 34 7 97 8 92 9 62 10 81
1 76 2 72 3 23 4 74 5 99 6 74 7 71 8 27 9 81 10 75
1 47 2 90 3 17 4 59 5 91 6 27 7 69 8 29 9 79 10 95
1 20 2 88 3 54 4 46 5 46 6 82 7 50 8 10 9 53 10 69
1 25 2 2 3 29 4 51 5 12 6 65 7 85 8 48 9 73 10 1
1 4 2 46 3 80 4 72 5 96 6 47 7 22 8 9 9 90 10 58
1 77 2 34 3 66 4 3 5 52 6 3 7 51 8 89 9 78 10 62
1 40 2 8 3 32 4 37 5 14 6 80 7 10 8 43 9 87 10 27
1 85 2 36 3 11 4 27 5 9 6 16 7 57 8 87 9 58 10 25
1 52 2 92 3 67 4 1 5 69 6 37 7 93 8 20 9 21 10 53
1 37 2 98 3 68 4 74 5 7 6 64 7 24 8 85 9 31 10 51
