50 20
1 89 2 97 3 1 4 77 5 90 6 52 7 35 8 52 9 5 10 67 11 44 12 6 13 98 14 14 15 2 16 86 17 53 18 14 19 68 20 6
1 20 2 37 3 74 4 58 5 80 6 40 7 78 8 23 9 54 10 12 11 43 12 33 13 56 14 39 15 17 16 93 17 16 18 45 19 63 20 22
1 87 2 72 3 65 4 46 5 79 6 61 7 30 8 76 9 64 10 47 11 32 12 95 13 41 14 54 15 68 16 63 17 90 18 23 19 94 20 78
1 82 2 53 3 57 4 51 5 45 6 3 7 31 8 59 9 97 10 55 11 99 12 94 13 15 14 72 15 51 16 49 17 59 18 82 19 21 20 38
1 53 2 28 3 84 4 61 5 29 6 29 7 24 8 43 9 47 10 89 11 15 12 55 13 75 14 55 15 34 16 26 17 60 18 66 19 88 20 21
1 38 2 7 3 50 4 55 5 69 6 26 7 98 8 99 9 81 10 63 11 17 12 23 13 92 14 28 15 78 16 94 17 4 18 98 19 61 20 74
1 20 2 21 3 79 4 29 5 56 6 24 7 9 8 12 9 42 10 77 11 38 12 3 13 50 14 36 15 4 16 96 17 51 18 35 19 27 20 97
1 2 2 65 3 32 4 14 5 44 6 4 7 45 8 69 9 62 10 57 11 28 12 17 13 44 14 83 15 94 16 78 17 34 18 54 19 4 20 81
1 73 2 27 3 14 4 43 5 29 6 35 7 25 8 40 9 39 10 3 11 60 12 16 13 69 14 17 15 93 16 49 17 24 18 13 19 28 20 51
1 91 2 44 3 55 4 3 5 32 6 99 7 23 8 96 9 63 10 91 11 94 12 6 13 25 14 56 15 49 16 98 17 97 18 6 19 77 20 88
1 52 2 7 3 77 4 29 5 8 6 53 7 30 8 16 9 7 10 4 11 73 12 55 13 5 14 26 15 14 16 30 17 92 18 16 19 64 20 20
1 3 2 46 3 58 4 18 5 99 6 67 7 40 8 62 9 11 10 23 11 24 12 27 13 86 14 32 15 26 16 97 17 12 18 61 19 78 20 77
1 75 2 35 3 5 4 32 5 47 6 89 7 95 8 62 9 68 10 39 11 46 12 84 13 28 14 42 15 22 16 43 17 68 18 7 19 45 20 18
1 40 2 89 3 77 4 57 5 37 6 72 7 36 8 58 9 17 10 84 11 80 12 33 13 83 14 76 15 28 16 76 17 41 18 85 19 21 20 70
1 3 2 41 3 65 4 86 5 66 6 74 7 75 8 1 9 12 10 99 11 59 12 91 13 40 14 5 15 38 16 14 17 41 18 78 19 99 20 38
1 31 2 27 3 38 4 81 5 59 6 71 7 83 8 80 9 78 10 20 11 6 12 68 13 72 14 24 15 95 16 63 17 84 18 54 19 6 20 33
1 39 2 69 3 58 4 51 5 44 6 59 7 7 8 27 9 74 10 3 11 51 12 44 13 68 14 84 15 20 16 47 17 7 18 85 19 92 20 35
1 2 2 94 3 23 4 33 5 7 6 3 7 23 8 63 9 94 10 68 11 15 12 86 13 51 14 83 15 45 16 67 17 68 18 14 19 23 20 40
1 52 2 68 3 87 4 56 5 68 6 44 7 99 8 21 9 82 10 91 11 18 12 71 13 28 14 85 15 70 16 85 17 19 18 1 19 24 20 43
1 39 2 74 3 47 4 47 5 92 6 87 7 42 8 9 9 37 10 70 11 61 12 27 13 18 14 20 15 33 16 39 17 1 18 83 19 32 20 1
1 37 2 71 3 68 4 90 5 51 6 73 7 84 8 86 9 58 10 98 11 84 12 84 13 21 14 49 15 12 16 16 17 52 18 81 19 86 20 91
1 35 2 60 3 9 4 7 5 80 6 17 7 30 8 84 9 76 10 38 11 48 12 57 13 79 14 43 15 82 16 55 17 46 18 82 19 77 20 56
1 49 2 88 3 13 4 99 5 84 6 18 7 74 8 49 9 54 10 31 11 18 12 48 13 88 14 43 15 14 16 90 17 33 18 62 19 86 20 83
1 14 2 8 3 73 4 33 5 54 6 75 7 67 8 58 9 60 10 43 11 62 12 4 13 49 14 80 15 35 16 47 17 68 18 55 19 21 20 44
1 72 2 81 3 64 4 78 5 70 6 60 7 61 8 50 9 37 10 13 11 6 12 36 13 38 14 20 15 23 16 59 17 3 18 63 19 81 20 1
1 51 2 92 3 5 4 6 5 60 6 68 7 30 8 51 9 1 10 8 11 2 12 55 13 78 14 35 15 51 16 19 17 94 18 85 19 40 20 50
1 61 2 52 3 79 4 94 5 48 6 99 7 47 8 30 9 18 10 81 11 17 12 4 13 22 14 21 15 35 16 44 17 2 18 48 19 85 20 60
1 37 2 7 3 62 4 14 5 83 6 26 7 13 8 50 9 72 10 58 11 74 12 42 13 88 14 65 15 1 16 79 17 25 18 42 19 8 20 27
1 39 2 43 3 53 4 30 5 11 6 87 7 25 8 78 9 63 10 27 11 61 12 35 13 15 14 73 15 67 16 94 17 51 18 76 19 52 20 93
1 31 2 22 3 73 4 62 5 27 6 16 7 81 8 55 9 29 10 92 11 45 12 75 13 63 14 81 15 18 16 68 17 60 18 2 19 48 20 30
1 4 2 73 3 56 4 2 5 60 6 55 7 13 8 34 9 79 10 62 11 19 12 15 13 25 14 6 15 43 16 26 17 15 18 92 19 82 20 65
1 94 2 30 3 20 4 37 5 26 6 81 7 31 8 96 9 42 10 40 11 41 12 85 13 59 14 67 15 11 16 41 17 47 18 22 19 91 20 17
1 75 2 72 3 76 4 45 5 67 6 57 7 87 8 23 9 88 10 78 11 78 12 52 13 4 14 39 15 71 16 19 17 45 18 69 19 3 20 63
1 48 2 49 3 28 4 74 5 7 6 54 7 69 8 31 9 1 10 33 11 82 12 30 13 39 14 81 15 66 16 68 17 87 18 48 19 73 20 70
1 11 2 80 3 90 4 99 5 20 6 48 7 17 8 59 9 15 10 40 11 37 12 93 13 98 14 53 15 35 16 91 17 7 18 34 19 55 20 43
1 32 2 68 3 56 4 55 5 71 6 41 7 16 8 40 9 73 10 54 11 65 12 8 13 90 14 74 15 35 16 1 17 66 18 99 19 99 20 1
1 17 2 93 3 60 4 43 5 50 6 37 7 28 8 43 9 3 10 83 11 72 12 86 13 19 14 49 15 67 16 54 17 75 18 36 19 6 20 68
1 37 2 9 3 35 4 24 5 26 6 97 7 89 8 92 9 94 10 86 11 47 12 83 13 7 14 72 15 50 16 20 17 98 18 98 19 90 20 66
1 77 2 89 3 23 4 64 5 57 6 42 7 83 8 90 9 63 10 26 11 22 12 94 13 26 14 22 15 54 16 74 17 62 18 57 19 3 20 53
1 20 2 60 3 87 4 66 5 18 6 83 7 65 8 42 9 49 10 3 11 65 12 78 13 54 14 12 15 74 16 88 17 15 18 71 19 35 20 41
1 94 2 24 3 98 4 6 5 7 6 4 7 99 8 99 9 9 10 32 11 37 12 60 13 31 14 64 15 19 16 84 17 71 18 1 19 95 20 55
1 45 2 39 3 95 4 88 5 45 6 16 7 5 8 87 9 72 10 35 11 86 12 50 13 62 14 2 15 82 16 17 17 68 18 24 19 24 20 80
1 44 2 55 3 57 4 4 5 31 6 65 7 59 8 21 9 95 10 16 11 22 12 52 13 8 14 93 15 19 16 71 17 93 18 42 19 28 20 91
1 51 2 14 3 62 4 22 5 23 6 83 7 63 8 84 9 34 10 66 11 49 12 61 13 51 14 91 15 42 16 39 17 80 18 96 19 9 20 31
1 29 2 97 3 50 4 8 5 26 6 72 7 92 8 21 9 3 10 36 11 50 12 80 13 57 14 15 15 6 16 89 17 29 18 89 19 75 20 98
1 83 2 69 3 26 4 53 5 50 6 20 7 22 8 39 9 85 10 63 11 58 12 83 13 92 14 48 15 3 16 20 17 58 18 10 19 5 20 16
1 74 2 35 3 21 4 68 5 26 6 77 7 94 8 29 9 17 10 35 11 72 12 27 13 84 14 93 15 16 16 71 17 18 18 99 19 3 20 90
1 89 2 65 3 16 4 15 5 53 6 69 7 55 8 22 9 61 10 26 11 74 12 18 13 66 14 40 15 70 16 95 17 28 18 84 19 51 20 25
1 40 2 53 3 88 4 20 5 38 6 99 7 40 8 1 9 73 10 6 11 65 12 99 13 62 14 53 15 26 16 64 17 36 18 77 19 29 20 10
1 2 2 66 3 25 4 91 5 9 6 46 7 75 8 73 9 61 10 19 11 73 12 2 13 35 14 12 15 27 16 15 17 41 18 83 19 15 20 35
