50 20
1 66 2 46 3 25 4 30 5 17 6 40 7 17 8 20 9 73 10 5 11 60 12 3 13 91 14 34 15 81 16 58 17 48 18 71 19 57 20 5
1 8 2 19 3 78 4 2 5 1 6 78 7 8 8 14 9 46 10 98 11 50 12 88 13 28 14 66 15 43 16 23 17 93 18 52 19 1 20 77
1 54 2 45 3 56 4 54 5 57 6 23 7 18 8 88 9 38 10 72 11 55 12 63 13 71 14 21 15 74 16 65 17 52 18 91 19 12 20 22
1 12 2 26 3 97 4 30 5 30 6 12 7 94 8 46 9 20 10 73 11 58 12 10 13 77 14 27 15 33 16 53 17 23 18 2 19 65 20 35
1 7 2 54 3 43 4 87 5 56 6 4 7 29 8 35 9 37 10 53 11 10 12 90 13 95 14 85 15 2 16 36 17 85 18 5 19 3 20 45
1 65 2 35 3 49 4 2 5 95 6 14 7 67 8 8 9 62 10 25 11 2 12 40 13 68 14 75 15 72 16 5 17 5 18 10 19 33 20 56
1 89 2 54 3 31 4 1 5 61 6 25 7 11 8 7 9 88 10 65 11 74 12 16 13 87 14 57 15 89 16 85 17 46 18 54 19 23 20 23
1 96 2 79 3 70 4 33 5 50 6 18 7 65 8 87 9 18 10 15 11 57 12 72 13 48 14 6 15 10 16 98 17 55 18 71 19 19 20 28
1 31 2 79 3 69 4 11 5 4 6 12 7 71 8 62 9 2 10 95 11 35 12 82 13 57 14 7 15 24 16 62 17 70 18 89 19 87 20 21
1 54 2 16 3 72 4 31 5 24 6 94 7 18 8 83 9 36 10 73 11 67 12 74 13 75 14 93 15 16 16 74 17 70 18 16 19 81 20 93
1 58 2 66 3 5 4 69 5 38 6 93 7 59 8 56 9 26 10 96 11 60 12 18 13 74 14 93 15 12 16 56 17 36 18 71 19 38 20 96
1 84 2 84 3 65 4 17 5 78 6 45 7 83 8 53 9 60 10 60 11 9 12 7 13 51 14 85 15 66 16 6 17 3 18 93 19 88 20 40
1 85 2 92 3 15 4 51 5 55 6 19 7 58 8 84 9 4 10 23 11 38 12 23 13 13 14 1 15 10 16 76 17 49 18 2 19 81 20 43
1 51 2 71 3 29 4 44 5 26 6 27 7 27 8 56 9 21 10 76 11 88 12 9 13 33 14 6 15 40 16 64 17 5 18 5 19 7 20 5
1 76 2 63 3 35 4 94 5 65 6 25 7 6 8 87 9 60 10 33 11 67 12 81 13 93 14 98 15 9 16 94 17 49 18 27 19 62 20 90
1 5 2 13 3 36 4 54 5 76 6 40 7 67 8 31 9 35 10 48 11 85 12 41 13 82 14 95 15 15 16 24 17 77 18 6 19 79 20 36
1 18 2 21 3 34 4 42 5 74 6 46 7 1 8 88 9 29 10 95 11 67 12 41 13 98 14 31 15 25 16 70 17 62 18 45 19 59 20 68
1 22 2 81 3 44 4 80 5 88 6 25 7 93 8 61 9 1 10 97 11 26 12 40 13 84 14 84 15 74 16 39 17 65 18 15 19 71 20 92
1 44 2 27 3 93 4 2 5 55 6 44 7 55 8 23 9 25 10 1 11 51 12 12 13 47 14 98 15 41 16 18 17 44 18 72 19 88 20 60
1 29 2 99 3 2 4 17 5 79 6 6 7 29 8 89 9 4 10 70 11 10 12 79 13 64 14 92 15 42 16 79 17 56 18 94 19 26 20 93
1 66 2 41 3 74 4 62 5 70 6 30 7 66 8 11 9 51 10 43 11 32 12 23 13 20 14 1 15 54 16 55 17 65 18 22 19 99 20 97
1 21 2 63 3 45 4 70 5 41 6 6 7 70 8 33 9 97 10 32 11 28 12 54 13 63 14 16 15 12 16 2 17 50 18 48 19 34 20 75
1 45 2 2 3 39 4 4 5 46 6 11 7 66 8 59 9 28 10 74 11 93 12 95 13 48 14 71 15 30 16 22 17 3 18 22 19 82 20 35
1 56 2 14 3 88 4 41 5 4 6 52 7 17 8 95 9 15 10 85 11 12 12 11 13 24 14 71 15 46 16 59 17 16 18 33 19 53 20 22
1 49 2 44 3 76 4 88 5 45 6 52 7 31 8 66 9 17 10 68 11 99 12 78 13 87 14 45 15 78 16 51 17 87 18 4 19 45 20 9
1 39 2 12 3 45 4 34 5 11 6 71 7 53 8 28 9 93 10 61 11 61 12 78 13 13 14 49 15 15 16 31 17 93 18 83 19 20 20 1
1 13 2 36 3 6 4 22 5 44 6 65 7 87 8 50 9 96 10 51 11 48 12 89 13 69 14 83 15 22 16 26 17 29 18 67 19 70 20 59
1 34 2 18 3 4 4 65 5 58 6 35 7 86 8 34 9 49 10 88 11 42 12 79 13 25 14 18 15 75 16 45 17 54 18 19 19 80 20 15
1 22 2 56 3 63 4 56 5 79 6 82 7 92 8 19 9 45 10 32 11 11 12 59 13 22 14 14 15 88 16 82 17 82 18 71 19 8 20 13
1 53 2 71 3 98 4 99 5 54 6 20 7 62 8 18 9 81 10 60 11 1 12 93 13 8 14 92 15 60 16 87 17 11 18 24 19 11 20 98
1 40 2 62 3 8 4 13 5 87 6 40 7 27 8 44 9 41 10 70 11 10 12 94 13 25 14 10 15 36 16 87 17 37 18 86 19 76 20 70
1 17 2 92 3 90 4 58 5 19 6 97 7 80 8 28 9 67 10 59 11 9 12 92 13 7 14 19 15 82 16 60 17 60 18 58 19 74 20 70
1 72 2 33 3 71 4 68 5 94 6 82 7 46 8 78 9 37 10 69 11 7 12 34 13 69 14 18 15 98 16 8 17 58 18 86 19 77 20 50
1 50 2 82 3 16 4 17 5 68 6 65 7 92 8 37 9 47 10 70 11 66 12 30 13 7 14 37 15 5 16 52 17 86 18 36 19 29 20 4
1 99 2 53 3 52 4 9 5 8 6 50 7 62 8 14 9 21 10 88 11 7 12 85 13 62 14 10 15 61 16 92 17 47 18 77 19 37 20 96
1 50 2 4 3 20 4 19 5 58 6 22 7 56 8 92 9 59 10 34 11 17 12 39 13 59 14 7 15 59 16 2 17 70 18 72 19 90 20 56
1 26 2 50 3 4 4 8 5 60 6 60 7 80 8 38 9 51 10 25 11 97 12 73 13 46 14 82 15 92 16 42 17 65 18 12 19 34 20 23
1 99 2 48 3 41 4 40 5 76 6 89 7 42 8 90 9 61 10 25 11 27 12 60 13 79 14 50 15 15 16 65 17 80 18 67 19 70 20 94
1 61 2 55 3 2 4 55 5 78 6 27 7 13 8 20 9 38 10 75 11 23 12 61 13 37 14 43 15 69 16 2 17 44 18 25 19 12 20 31
1 1 2 54 3 94 4 63 5 91 6 27 7 55 8 74 9 77 10 77 11 81 12 29 13 91 14 20 15 99 16 27 17 30 18 85 19 5 20 4
1 64 2 44 3 58 4 7 5 69 6 12 7 5 8 69 9 46 10 23 11 95 12 24 13 58 14 88 15 46 16 65 17 31 18 84 19 4 20 73
1 43 2 97 3 49 4 2 5 54 6 12 7 31 8 52 9 29 10 98 11 46 12 83 13 78 14 52 15 63 16 66 17 45 18 49 19 21 20 13
1 9 2 87 3 3 4 15 5 55 6 5 7 8 8 94 9 60 10 18 11 20 12 65 13 50 14 76 15 75 16 7 17 82 18 49 19 3 20 56
1 38 2 85 3 29 4 26 5 23 6 28 7 19 8 10 9 72 10 33 11 21 12 79 13 55 14 69 15 38 16 15 17 58 18 36 19 11 20 98
1 2 2 74 3 16 4 21 5 10 6 98 7 74 8 84 9 55 10 19 11 20 12 37 13 90 14 76 15 10 16 81 17 27 18 52 19 21 20 1
1 79 2 18 3 99 4 75 5 47 6 96 7 6 8 22 9 3 10 29 11 12 12 53 13 42 14 61 15 49 16 56 17 9 18 6 19 54 20 57
1 16 2 95 3 26 4 25 5 71 6 50 7 38 8 15 9 85 10 20 11 25 12 67 13 7 14 12 15 50 16 8 17 82 18 5 19 9 20 41
1 85 2 77 3 74 4 17 5 38 6 42 7 20 8 68 9 93 10 15 11 28 12 91 13 32 14 56 15 70 16 51 17 9 18 94 19 63 20 33
1 89 2 6 3 41 4 22 5 68 6 83 7 79 8 69 9 44 10 64 11 77 12 46 13 76 14 64 15 25 16 55 17 30 18 89 19 96 20 71
1 69 2 88 3 24 4 41 5 53 6 8 7 58 8 19 9 50 10 21 11 43 12 18 13 74 14 50 15 20 16 81 17 98 18 92 19 21 20 83
