50 20
1 25 2 14 3 99 4 5 5 68 6 98 7 72 8 39 9 79 10 13 11 24 12 14 13 82 14 90 15 28 16 50 17 75 18 86 19 57 20 4
1 73 2 82 3 22 4 75 5 6 6 32 7 92 8 84 9 54 10 37 11 73 12 16 13 26 14 50 15 36 16 97 17 94 18 57 19 91 20 39
1 16 2 55 3 47 4 33 5 30 6 50 7 87 8 85 9 71 10 2 11 77 12 67 13 89 14 40 15 6 16 5 17 85 18 62 19 19 20 73
1 55 2 24 3 18 4 64 5 41 6 55 7 37 8 44 9 45 10 5 11 26 12 34 13 9 14 65 15 23 16 89 17 86 18 22 19 97 20 59
1 24 2 45 3 70 4 66 5 33 6 86 7 86 8 23 9 7 10 80 11 24 12 96 13 24 14 74 15 62 16 43 17 6 18 83 19 75 20 77
1 2 2 27 3 92 4 7 5 64 6 44 7 84 8 76 9 43 10 18 11 27 12 91 13 23 14 17 15 84 16 90 17 98 18 93 19 96 20 56
1 99 2 78 3 23 4 70 5 96 6 3 7 69 8 68 9 75 10 85 11 45 12 36 13 80 14 56 15 39 16 35 17 8 18 28 19 78 20 29
1 39 2 87 3 75 4 97 5 22 6 61 7 88 8 22 9 7 10 19 11 2 12 8 13 28 14 1 15 17 16 76 17 43 18 79 19 88 20 13
1 3 2 2 3 39 4 39 5 16 6 95 7 40 8 13 9 27 10 73 11 7 12 62 13 35 14 40 15 68 16 95 17 34 18 12 19 60 20 6
1 66 2 74 3 26 4 77 5 20 6 45 7 81 8 34 9 30 10 54 11 12 12 38 13 87 14 63 15 69 16 22 17 81 18 91 19 90 20 47
1 86 2 85 3 80 4 21 5 79 6 59 7 67 8 27 9 29 10 5 11 13 12 8 13 84 14 42 15 15 16 18 17 13 18 18 19 75 20 23
1 5 2 60 3 96 4 32 5 98 6 26 7 67 8 94 9 17 10 90 11 49 12 39 13 97 14 3 15 13 16 52 17 50 18 32 19 16 20 59
1 79 2 8 3 16 4 4 5 7 6 45 7 4 8 94 9 64 10 79 11 68 12 82 13 27 14 7 15 47 16 59 17 96 18 94 19 65 20 19
1 82 2 44 3 33 4 13 5 88 6 93 7 78 8 4 9 57 10 44 11 44 12 42 13 15 14 68 15 95 16 81 17 73 18 26 19 76 20 52
1 27 2 55 3 7 4 85 5 53 6 63 7 98 8 62 9 16 10 71 11 45 12 66 13 60 14 82 15 63 16 54 17 22 18 13 19 74 20 90
1 47 2 44 3 33 4 15 5 31 6 53 7 44 8 8 9 22 10 88 11 30 12 1 13 24 14 81 15 83 16 96 17 10 18 86 19 15 20 98
1 3 2 27 3 92 4 23 5 13 6 82 7 53 8 93 9 31 10 79 11 32 12 27 13 2 14 64 15 57 16 62 17 30 18 79 19 11 20 66
1 86 2 10 3 34 4 97 5 47 6 38 7 29 8 11 9 89 10 51 11 2 12 51 13 72 14 39 15 67 16 57 17 19 18 11 19 18 20 75
1 24 2 96 3 61 4 68 5 1 6 35 7 21 8 9 9 27 10 63 11 52 12 27 13 12 14 70 15 27 16 26 17 11 18 28 19 72 20 96
1 76 2 37 3 9 4 2 5 79 6 50 7 52 8 47 9 37 10 93 11 64 12 68 13 5 14 57 15 37 16 47 17 3 18 51 19 27 20 96
1 91 2 66 3 32 4 65 5 75 6 89 7 82 8 11 9 82 10 33 11 64 12 82 13 53 14 67 15 21 16 24 17 44 18 59 19 39 20 84
1 6 2 83 3 10 4 72 5 96 6 13 7 64 8 42 9 11 10 20 11 18 12 77 13 30 14 35 15 91 16 11 17 27 18 15 19 12 20 15
1 73 2 20 3 56 4 24 5 63 6 35 7 81 8 15 9 48 10 51 11 64 12 49 13 4 14 45 15 21 16 56 17 19 18 75 19 3 20 96
1 97 2 17 3 53 4 38 5 25 6 7 7 25 8 24 9 82 10 53 11 32 12 57 13 83 14 61 15 59 16 4 17 56 18 75 19 16 20 18
1 70 2 88 3 53 4 61 5 37 6 57 7 16 8 72 9 53 10 76 11 75 12 69 13 35 14 35 15 20 16 79 17 22 18 52 19 4 20 97
1 35 2 21 3 89 4 51 5 47 6 64 7 57 8 71 9 48 10 50 11 78 12 43 13 40 14 33 15 59 16 81 17 46 18 35 19 28 20 57
1 14 2 92 3 29 4 40 5 54 6 10 7 22 8 39 9 33 10 92 11 85 12 38 13 44 14 60 15 66 16 57 17 62 18 59 19 10 20 34
1 23 2 82 3 94 4 48 5 85 6 88 7 20 8 32 9 57 10 82 11 76 12 89 13 41 14 75 15 35 16 45 17 68 18 3 19 71 20 94
1 76 2 88 3 1 4 29 5 59 6 21 7 34 8 55 9 85 10 54 11 98 12 2 13 53 14 89 15 56 16 79 17 61 18 54 19 72 20 22
1 97 2 89 3 96 4 73 5 40 6 52 7 63 8 29 9 7 10 66 11 11 12 47 13 11 14 68 15 77 16 29 17 8 18 22 19 13 20 18
1 87 2 61 3 91 4 63 5 65 6 95 7 70 8 60 9 34 10 4 11 39 12 44 13 87 14 50 15 71 16 50 17 82 18 80 19 75 20 30
1 74 2 43 3 48 4 10 5 81 6 53 7 56 8 97 9 76 10 18 11 21 12 33 13 69 14 19 15 50 16 99 17 63 18 37 19 85 20 5
1 59 2 18 3 61 4 68 5 82 6 70 7 24 8 35 9 90 10 94 11 78 12 45 13 82 14 71 15 80 16 67 17 35 18 72 19 92 20 96
1 31 2 24 3 41 4 35 5 79 6 63 7 74 8 58 9 61 10 50 11 44 12 68 13 98 14 87 15 39 16 61 17 96 18 87 19 93 20 87
1 95 2 22 3 89 4 4 5 18 6 77 7 25 8 51 9 2 10 49 11 20 12 41 13 4 14 50 15 50 16 67 17 95 18 41 19 51 20 31
1 30 2 86 3 47 4 86 5 3 6 38 7 82 8 91 9 83 10 59 11 98 12 17 13 54 14 37 15 33 16 34 17 29 18 5 19 88 20 89
1 28 2 23 3 21 4 95 5 62 6 9 7 92 8 98 9 98 10 60 11 14 12 42 13 4 14 78 15 29 16 47 17 13 18 50 19 16 20 4
1 80 2 12 3 31 4 69 5 57 6 77 7 61 8 92 9 84 10 92 11 63 12 18 13 23 14 55 15 25 16 47 17 91 18 8 19 14 20 7
1 37 2 74 3 56 4 88 5 9 6 14 7 64 8 40 9 22 10 10 11 17 12 16 13 1 14 52 15 11 16 10 17 17 18 49 19 60 20 81
1 79 2 71 3 22 4 44 5 27 6 3 7 34 8 20 9 30 10 5 11 42 12 63 13 20 14 43 15 1 16 81 17 83 18 99 19 58 20 69
1 69 2 45 3 63 4 62 5 63 6 19 7 44 8 2 9 14 10 8 11 61 12 79 13 72 14 90 15 2 16 7 17 82 18 9 19 12 20 94
1 68 2 99 3 27 4 85 5 37 6 3 7 5 8 9 9 67 10 17 11 81 12 33 13 85 14 89 15 19 16 93 17 54 18 41 19 16 20 76
1 21 2 11 3 78 4 45 5 85 6 82 7 32 8 48 9 76 10 33 11 62 12 71 13 98 14 10 15 28 16 46 17 8 18 9 19 43 20 74
1 93 2 62 3 99 4 82 5 67 6 45 7 22 8 21 9 97 10 73 11 88 12 51 13 89 14 37 15 58 16 7 17 41 18 2 19 69 20 44
1 19 2 57 3 56 4 75 5 61 6 34 7 89 8 95 9 71 10 57 11 91 12 61 13 24 14 25 15 10 16 8 17 81 18 38 19 99 20 11
1 30 2 63 3 24 4 57 5 8 6 4 7 17 8 97 9 38 10 66 11 35 12 86 13 7 14 85 15 10 16 3 17 59 18 74 19 52 20 78
1 40 2 84 3 39 4 4 5 44 6 62 7 1 8 67 9 12 10 7 11 61 12 95 13 15 14 96 15 67 16 23 17 2 18 74 19 70 20 13
1 90 2 17 3 11 4 22 5 64 6 27 7 13 8 76 9 79 10 81 11 37 12 2 13 36 14 60 15 82 16 50 17 46 18 87 19 27 20 24
1 69 2 91 3 10 4 80 5 74 6 14 7 51 8 40 9 95 10 51 11 54 12 66 13 62 14 25 15 15 16 27 17 89 18 90 19 2 20 4
1 89 2 11 3 34 4 64 5 11 6 36 7 73 8 70 9 85 10 82 11 60 12 19 13 30 14 5 15 20 16 45 17 77 18 31 19 70 20 46
