50 20
1 52 2 95 3 42 4 75 5 44 6 57 7 89 8 53 9 84 10 62 11 91 12 14 13 95 14 89 15 4 16 95 17 2 18 97 19 68 20 20
1 33 2 51 3 98 4 8 5 85 6 86 7 73 8 4 9 40 10 98 11 12 12 59 13 44 14 46 15 2 16 41 17 28 18 83 19 28 20 21
1 80 2 71 3 4 4 60 5 34 6 55 7 53 8 96 9 37 10 37 11 63 12 99 13 69 14 70 15 53 16 21 17 10 18 31 19 80 20 18
1 5 2 18 3 17 4 71 5 90 6 93 7 14 8 49 9 52 10 7 11 78 12 57 13 41 14 75 15 98 16 93 17 33 18 75 19 68 20 33
1 60 2 82 3 24 4 99 5 4 6 97 7 24 8 50 9 55 10 91 11 46 12 58 13 17 14 47 15 82 16 6 17 15 18 91 19 74 20 42
1 82 2 21 3 79 4 95 5 46 6 23 7 40 8 95 9 87 10 37 11 24 12 24 13 65 14 62 15 19 16 67 17 66 18 6 19 65 20 59
1 2 2 67 3 82 4 90 5 30 6 63 7 5 8 93 9 53 10 85 11 81 12 73 13 34 14 74 15 13 16 78 17 35 18 20 19 16 20 48
1 12 2 11 3 80 4 9 5 24 6 76 7 32 8 35 9 66 10 48 11 16 12 26 13 46 14 66 15 76 16 31 17 36 18 8 19 37 20 21
1 3 2 76 3 67 4 5 5 47 6 72 7 66 8 56 9 95 10 49 11 47 12 26 13 81 14 56 15 76 16 66 17 36 18 53 19 26 20 52
1 29 2 36 3 68 4 21 5 71 6 61 7 71 8 69 9 28 10 86 11 27 12 41 13 86 14 55 15 17 16 62 17 96 18 59 19 53 20 93
1 63 2 55 3 59 4 35 5 21 6 59 7 78 8 25 9 30 10 38 11 78 12 79 13 58 14 44 15 38 16 76 17 70 18 72 19 85 20 8
1 10 2 84 3 42 4 67 5 20 6 24 7 75 8 23 9 33 10 60 11 20 12 75 13 83 14 26 15 92 16 29 17 39 18 14 19 74 20 66
1 86 2 10 3 27 4 8 5 7 6 97 7 84 8 56 9 61 10 9 11 94 12 34 13 89 14 62 15 47 16 66 17 76 18 15 19 18 20 54
1 24 2 55 3 96 4 10 5 12 6 96 7 53 8 92 9 77 10 6 11 91 12 14 13 41 14 30 15 85 16 17 17 23 18 60 19 76 20 39
1 85 2 10 3 65 4 15 5 55 6 41 7 28 8 93 9 88 10 27 11 77 12 81 13 19 14 76 15 55 16 67 17 65 18 8 19 18 20 56
1 79 2 21 3 93 4 32 5 8 6 45 7 37 8 78 9 26 10 98 11 17 12 25 13 21 14 28 15 68 16 24 17 62 18 89 19 60 20 64
1 38 2 90 3 87 4 1 5 99 6 34 7 9 8 22 9 74 10 14 11 14 12 84 13 75 14 37 15 32 16 29 17 32 18 89 19 12 20 47
1 19 2 97 3 7 4 12 5 43 6 89 7 14 8 33 9 56 10 57 11 22 12 6 13 24 14 55 15 48 16 57 17 78 18 5 19 50 20 83
1 70 2 21 3 71 4 58 5 36 6 50 7 31 8 86 9 29 10 30 11 93 12 49 13 83 14 89 15 44 16 38 17 62 18 45 19 22 20 85
1 39 2 98 3 56 4 68 5 84 6 77 7 67 8 53 9 46 10 24 11 52 12 96 13 2 14 88 15 33 16 27 17 49 18 78 19 82 20 65
1 80 2 13 3 64 4 77 5 17 6 78 7 82 8 4 9 72 10 93 11 68 12 25 13 67 14 80 15 43 16 93 17 21 18 33 19 14 20 30
1 59 2 83 3 85 4 85 5 70 6 35 7 2 8 76 9 46 10 72 11 69 12 46 13 3 14 57 15 71 16 77 17 33 18 49 19 59 20 82
1 59 2 70 3 76 4 10 5 65 6 19 7 77 8 86 9 21 10 75 11 96 12 3 13 50 14 57 15 66 16 84 17 98 18 55 19 70 20 32
1 31 2 64 3 11 4 9 5 32 6 58 7 98 8 95 9 25 10 4 11 45 12 60 13 87 14 31 15 1 16 96 17 22 18 95 19 73 20 77
1 30 2 88 3 14 4 22 5 93 6 48 7 10 8 7 9 14 10 91 11 5 12 43 13 30 14 79 15 39 16 34 17 77 18 81 19 11 20 10
1 53 2 19 3 99 4 62 5 88 6 93 7 34 8 72 9 42 10 65 11 39 12 79 13 9 14 26 15 72 16 29 17 36 18 48 19 57 20 95
1 93 2 79 3 88 4 77 5 94 6 39 7 74 8 46 9 17 10 30 11 62 12 77 13 43 14 98 15 48 16 14 17 45 18 25 19 98 20 30
1 90 2 92 3 35 4 13 5 75 6 55 7 80 8 67 9 3 10 93 11 54 12 67 13 25 14 77 15 38 16 98 17 96 18 20 19 15 20 36
1 65 2 97 3 27 4 25 5 61 6 24 7 97 8 61 9 75 10 92 11 73 12 21 13 29 14 3 15 96 16 51 17 26 18 44 19 56 20 31
1 64 2 38 3 44 4 46 5 66 6 31 7 48 8 27 9 82 10 51 11 90 12 63 13 85 14 36 15 69 16 67 17 81 18 18 19 81 20 72
1 71 2 90 3 59 4 82 5 22 6 88 7 35 8 49 9 78 10 69 11 76 12 2 13 14 14 3 15 22 16 26 17 44 18 1 19 4 20 16
1 55 2 43 3 87 4 35 5 76 6 98 7 78 8 81 9 48 10 25 11 81 12 27 13 84 14 59 15 98 16 14 17 32 18 95 19 30 20 13
1 68 2 19 3 57 4 65 5 13 6 63 7 26 8 96 9 53 10 94 11 27 12 93 13 49 14 63 15 65 16 34 17 10 18 56 19 51 20 97
1 52 2 46 3 16 4 50 5 96 6 85 7 61 8 76 9 30 10 90 11 42 12 88 13 37 14 43 15 88 16 91 17 14 18 63 19 65 20 74
1 71 2 8 3 39 4 95 5 82 6 17 7 38 8 69 9 17 10 24 11 66 12 75 13 52 14 59 15 4 16 73 17 56 18 19 19 39 20 51
1 95 2 53 3 54 4 22 5 84 6 54 7 2 8 80 9 84 10 66 11 25 12 16 13 79 14 90 15 51 16 29 17 29 18 90 19 83 20 83
1 19 2 95 3 87 4 12 5 34 6 23 7 44 8 30 9 82 10 83 11 42 12 56 13 89 14 38 15 96 16 10 17 3 18 53 19 97 20 11
1 65 2 47 3 76 4 22 5 17 6 14 7 11 8 69 9 91 10 53 11 3 12 80 13 78 14 32 15 53 16 43 17 85 18 19 19 48 20 49
1 66 2 22 3 37 4 51 5 82 6 59 7 88 8 77 9 19 10 32 11 52 12 9 13 96 14 23 15 64 16 22 17 37 18 3 19 52 20 44
1 11 2 21 3 85 4 6 5 40 6 68 7 30 8 35 9 58 10 31 11 11 12 11 13 6 14 59 15 64 16 65 17 23 18 80 19 75 20 63
1 92 2 62 3 11 4 83 5 87 6 66 7 98 8 42 9 23 10 45 11 52 12 6 13 3 14 64 15 55 16 97 17 83 18 42 19 81 20 92
1 68 2 46 3 56 4 88 5 50 6 13 7 23 8 13 9 49 10 18 11 50 12 94 13 71 14 64 15 31 16 21 17 2 18 63 19 58 20 36
1 64 2 52 3 8 4 94 5 51 6 36 7 82 8 30 9 17 10 21 11 80 12 38 13 55 14 34 15 85 16 44 17 47 18 66 19 19 20 66
1 61 2 60 3 98 4 82 5 79 6 71 7 28 8 74 9 27 10 33 11 13 12 9 13 12 14 51 15 16 16 49 17 83 18 48 19 13 20 78
1 96 2 77 3 68 4 88 5 77 6 76 7 73 8 92 9 72 10 87 11 66 12 98 13 40 14 31 15 75 16 45 17 98 18 90 19 4 20 23
1 61 2 86 3 16 4 42 5 14 6 92 7 67 8 77 9 46 10 41 11 78 12 3 13 72 14 95 15 53 16 59 17 34 18 66 19 42 20 63
1 27 2 92 3 8 4 65 5 34 6 6 7 42 8 39 9 2 10 7 11 85 12 32 13 14 14 74 15 59 16 95 17 48 18 37 19 59 20 4
1 42 2 93 3 32 4 30 5 16 6 95 7 58 8 12 9 95 10 21 11 74 12 38 13 4 14 31 15 62 16 39 17 97 18 57 19 9 20 54
1 13 2 47 3 6 4 70 5 19 6 97 7 41 8 1 9 57 10 60 11 62 12 14 13 90 14 76 15 12 16 89 17 37 18 35 19 91 20 69
1 55 2 48 3 56 4 84 5 22 6 51 7 43 8 50 9 62 10 61 11 10 12 87 13 99 14 40 15 91 16 64 17 62 18 53 19 33 20 16
