50 10
1 18 2 77 3 73 4 91 5 96 6 10 7 58 8 70 9 42 10 21
1 11 2 88 3 91 4 78 5 70 6 53 7 51 8 96 9 27 10 47
1 30 2 37 3 63 4 61 5 73 6 80 7 5 8 82 9 49 10 11
1 79 2 78 3 57 4 47 5 91 6 92 7 94 8 33 9 52 10 12
1 37 2 47 3 39 4 4 5 50 6 90 7 58 8 46 9 14 10 84
1 97 2 49 3 33 4 48 5 68 6 36 7 66 8 6 9 54 10 16
1 7 2 35 3 64 4 18 5 8 6 61 7 41 8 65 9 71 10 34
1 35 2 92 3 70 4 65 5 76 6 71 7 81 8 32 9 27 10 95
1 49 2 51 3 65 4 17 5 91 6 23 7 17 8 19 9 28 10 70
1 67 2 40 3 81 4 54 5 52 6 38 7 6 8 8 9 31 10 98
1 14 2 17 3 31 4 37 5 85 6 84 7 7 8 54 9 40 10 95
1 97 2 44 3 4 4 46 5 10 6 63 7 76 8 23 9 95 10 73
1 78 2 46 3 40 4 34 5 92 6 42 7 56 8 4 9 63 10 93
1 72 2 63 3 62 4 30 5 91 6 96 7 53 8 19 9 40 10 14
1 16 2 66 3 54 4 54 5 64 6 86 7 31 8 99 9 10 10 2
1 74 2 29 3 77 4 14 5 30 6 14 7 48 8 1 9 4 10 71
1 54 2 30 3 42 4 43 5 33 6 32 7 12 8 68 9 8 10 82
1 27 2 59 3 20 4 60 5 76 6 44 7 29 8 68 9 24 10 46
1 94 2 79 3 68 4 49 5 85 6 87 7 17 8 99 9 76 10 81
1 52 2 24 3 57 4 8 5 36 6 67 7 57 8 66 9 5 10 69
1 75 2 43 3 70 4 11 5 64 6 88 7 94 8 9 9 29 10 58
1 90 2 78 3 63 4 34 5 71 6 49 7 69 8 97 9 10 10 43
1 22 2 16 3 31 4 22 5 62 6 14 7 11 8 46 9 85 10 59
1 73 2 22 3 70 4 52 5 70 6 45 7 45 8 37 9 2 10 90
1 2 2 40 3 70 4 93 5 44 6 71 7 83 8 13 9 3 10 99
1 27 2 98 3 62 4 17 5 35 6 71 7 94 8 58 9 77 10 29
1 61 2 41 3 47 4 2 5 16 6 41 7 59 8 27 9 18 10 33
1 1 2 99 3 3 4 15 5 45 6 82 7 20 8 11 9 90 10 65
1 73 2 71 3 26 4 97 5 50 6 43 7 7 8 78 9 27 10 50
1 70 2 65 3 96 4 27 5 66 6 18 7 96 8 66 9 82 10 23
1 69 2 28 3 95 4 38 5 89 6 19 7 6 8 52 9 70 10 4
1 81 2 1 3 36 4 30 5 13 6 90 7 30 8 66 9 28 10 36
1 38 2 48 3 97 4 56 5 92 6 93 7 81 8 24 9 38 10 39
1 33 2 7 3 75 4 43 5 92 6 44 7 35 8 2 9 96 10 28
1 13 2 67 3 61 4 71 5 20 6 54 7 53 8 75 9 58 10 74
1 65 2 21 3 60 4 72 5 4 6 85 7 47 8 80 9 71 10 26
1 73 2 36 3 38 4 13 5 66 6 82 7 2 8 76 9 29 10 90
1 36 2 32 3 84 4 78 5 94 6 45 7 14 8 72 9 3 10 18
1 58 2 87 3 30 4 73 5 71 6 5 7 77 8 60 9 6 10 61
1 23 2 29 3 2 4 67 5 69 6 38 7 37 8 80 9 51 10 34
1 89 2 41 3 16 4 7 5 84 6 53 7 56 8 71 9 40 10 17
1 33 2 3 3 51 4 76 5 2 6 63 7 84 8 55 9 3 10 82
1 46 2 58 3 24 4 57 5 59 6 86 7 39 8 55 9 69 10 36
1 98 2 82 3 44 4 70 5 67 6 74 7 61 8 38 9 87 10 35
1 37 2 98 3 26 4 49 5 12 6 52 7 49 8 92 9 43 10 75
1 83 2 3 3 99 4 87 5 60 6 92 7 75 8 53 9 30 10 59
1 95 2 85 3 63 4 21 5 78 6 72 7 87 8 52 9 39 10 93
1 22 2 82 3 21 4 65 5 81 6 59 7 73 8 74 9 33 10 53
1 47 2 69 3 11 4 31 5 69 6 67 7 3 8 21 9 29 10 28
1 45 2 2 3 53 4 36 5 5 6 79 7 76 8 32 9 87 10 4
