50 20
1 47 2 77 3 66 4 13 5 77 6 20 7 29 8 11 9 85 10 98 11 36 12 92 13 99 14 65 15 34 16 35 17 42 18 28 19 28 20 5
1 80 2 46 3 37 4 86 5 85 6 67 7 22 8 67 9 20 10 1 11 39 12 25 13 1 14 41 15 74 16 39 17 2 18 20 19 3 20 29
1 51 2 79 3 35 4 63 5 18 6 67 7 73 8 2 9 23 10 59 11 46 12 12 13 17 14 87 15 35 16 27 17 71 18 11 19 97 20 83
1 63 2 22 3 47 4 46 5 72 6 16 7 35 8 2 9 22 10 50 11 58 12 46 13 19 14 82 15 69 16 14 17 94 18 39 19 62 20 27
1 60 2 20 3 13 4 64 5 67 6 25 7 39 8 40 9 72 10 28 11 36 12 60 13 2 14 8 15 33 16 85 17 51 18 6 19 5 20 72
1 70 2 96 3 56 4 22 5 44 6 83 7 66 8 56 9 27 10 52 11 46 12 83 13 76 14 25 15 28 16 26 17 98 18 64 19 66 20 15
1 39 2 75 3 66 4 89 5 56 6 42 7 90 8 77 9 76 10 43 11 14 12 3 13 57 14 98 15 47 16 35 17 58 18 6 19 95 20 9
1 33 2 1 3 59 4 85 5 1 6 85 7 65 8 47 9 13 10 12 11 23 12 21 13 89 14 51 15 34 16 62 17 6 18 22 19 75 20 22
1 5 2 37 3 72 4 6 5 90 6 71 7 47 8 60 9 93 10 17 11 65 12 12 13 97 14 29 15 41 16 3 17 46 18 33 19 55 20 10
1 9 2 14 3 37 4 54 5 14 6 53 7 27 8 64 9 25 10 79 11 30 12 33 13 5 14 96 15 1 16 51 17 42 18 78 19 70 20 91
1 53 2 66 3 41 4 79 5 58 6 57 7 17 8 66 9 42 10 66 11 16 12 19 13 42 14 80 15 9 16 48 17 62 18 65 19 70 20 45
1 3 2 98 3 11 4 2 5 64 6 77 7 85 8 12 9 18 10 75 11 83 12 2 13 2 14 29 15 81 16 94 17 38 18 56 19 92 20 77
1 31 2 65 3 59 4 89 5 66 6 92 7 15 8 50 9 39 10 26 11 61 12 18 13 82 14 96 15 68 16 7 17 65 18 95 19 30 20 84
1 23 2 75 3 71 4 60 5 21 6 76 7 37 8 65 9 78 10 37 11 71 12 60 13 59 14 18 15 94 16 55 17 53 18 58 19 47 20 65
1 29 2 26 3 6 4 13 5 4 6 38 7 64 8 47 9 7 10 2 11 46 12 30 13 58 14 77 15 86 16 9 17 39 18 18 19 22 20 61
1 77 2 74 3 69 4 8 5 84 6 81 7 37 8 26 9 10 10 60 11 72 12 89 13 49 14 47 15 47 16 90 17 6 18 87 19 10 20 34
1 52 2 72 3 77 4 94 5 44 6 80 7 88 8 94 9 39 10 75 11 35 12 35 13 92 14 17 15 74 16 77 17 45 18 70 19 5 20 33
1 80 2 31 3 3 4 27 5 80 6 10 7 38 8 86 9 51 10 39 11 25 12 96 13 32 14 37 15 19 16 42 17 86 18 49 19 55 20 92
1 85 2 94 3 22 4 30 5 93 6 83 7 95 8 1 9 16 10 75 11 43 12 80 13 42 14 78 15 9 16 56 17 35 18 96 19 71 20 97
1 53 2 51 3 58 4 8 5 56 6 93 7 96 8 56 9 36 10 81 11 72 12 33 13 37 14 90 15 96 16 11 17 66 18 64 19 27 20 37
1 15 2 71 3 11 4 98 5 77 6 50 7 39 8 14 9 66 10 41 11 1 12 9 13 40 14 94 15 60 16 5 17 44 18 45 19 38 20 20
1 67 2 57 3 4 4 24 5 12 6 63 7 26 8 27 9 8 10 7 11 33 12 21 13 79 14 6 15 64 16 10 17 86 18 84 19 82 20 25
1 27 2 41 3 35 4 44 5 9 6 80 7 13 8 79 9 58 10 73 11 54 12 1 13 54 14 10 15 35 16 27 17 57 18 90 19 91 20 64
1 90 2 59 3 54 4 43 5 69 6 13 7 27 8 81 9 40 10 66 11 93 12 61 13 63 14 27 15 13 16 43 17 88 18 61 19 95 20 39
1 44 2 4 3 57 4 11 5 50 6 34 7 77 8 19 9 42 10 35 11 56 12 53 13 95 14 78 15 18 16 31 17 63 18 96 19 11 20 83
1 72 2 79 3 76 4 84 5 35 6 84 7 62 8 47 9 26 10 74 11 30 12 14 13 74 14 42 15 93 16 89 17 19 18 84 19 22 20 60
1 42 2 7 3 50 4 56 5 25 6 70 7 84 8 73 9 70 10 17 11 3 12 96 13 45 14 81 15 33 16 16 17 86 18 67 19 19 20 5
1 12 2 94 3 10 4 55 5 98 6 45 7 77 8 30 9 87 10 18 11 57 12 4 13 35 14 86 15 50 16 63 17 17 18 11 19 99 20 22
1 76 2 98 3 35 4 18 5 82 6 96 7 7 8 43 9 79 10 39 11 58 12 32 13 12 14 84 15 1 16 41 17 20 18 78 19 69 20 76
1 16 2 68 3 17 4 82 5 58 6 2 7 34 8 28 9 35 10 35 11 86 12 26 13 29 14 49 15 27 16 60 17 51 18 13 19 19 20 56
1 65 2 89 3 18 4 14 5 60 6 78 7 56 8 3 9 79 10 15 11 48 12 9 13 72 14 41 15 83 16 27 17 73 18 80 19 16 20 34
1 42 2 65 3 57 4 88 5 78 6 62 7 19 8 60 9 60 10 58 11 29 12 40 13 22 14 3 15 27 16 48 17 89 18 31 19 5 20 59
1 2 2 14 3 43 4 47 5 48 6 4 7 12 8 19 9 28 10 66 11 55 12 71 13 5 14 34 15 24 16 18 17 84 18 39 19 76 20 19
1 95 2 98 3 48 4 15 5 62 6 70 7 7 8 37 9 59 10 61 11 66 12 26 13 70 14 70 15 85 16 51 17 32 18 35 19 46 20 80
1 11 2 23 3 48 4 30 5 28 6 65 7 78 8 77 9 32 10 61 11 68 12 98 13 26 14 12 15 94 16 4 17 15 18 94 19 19 20 52
1 99 2 76 3 88 4 99 5 82 6 1 7 14 8 15 9 13 10 38 11 84 12 53 13 23 14 52 15 66 16 4 17 98 18 83 19 40 20 32
1 50 2 75 3 65 4 27 5 30 6 98 7 55 8 91 9 47 10 32 11 61 12 63 13 14 14 56 15 28 16 11 17 40 18 9 19 60 20 17
1 49 2 12 3 44 4 56 5 44 6 40 7 81 8 75 9 55 10 44 11 26 12 97 13 65 14 27 15 77 16 43 17 4 18 77 19 66 20 38
1 1 2 48 3 20 4 95 5 39 6 13 7 9 8 2 9 5 10 36 11 57 12 21 13 49 14 19 15 78 16 44 17 98 18 55 19 62 20 27
1 86 2 4 3 71 4 63 5 93 6 18 7 70 8 5 9 21 10 48 11 13 12 53 13 70 14 42 15 73 16 42 17 72 18 89 19 1 20 26
1 72 2 47 3 52 4 40 5 49 6 86 7 75 8 26 9 37 10 29 11 34 12 86 13 96 14 36 15 55 16 41 17 97 18 74 19 55 20 61
1 72 2 45 3 73 4 94 5 76 6 28 7 58 8 98 9 65 10 7 11 77 12 1 13 75 14 46 15 61 16 93 17 79 18 23 19 71 20 46
1 79 2 55 3 95 4 46 5 59 6 89 7 16 8 40 9 28 10 51 11 80 12 95 13 41 14 18 15 14 16 65 17 26 18 5 19 7 20 75
1 95 2 67 3 93 4 90 5 73 6 63 7 25 8 36 9 7 10 26 11 86 12 50 13 80 14 48 15 12 16 57 17 34 18 4 19 99 20 20
1 1 2 83 3 17 4 69 5 72 6 61 7 67 8 83 9 89 10 99 11 5 12 47 13 84 14 76 15 68 16 36 17 30 18 38 19 62 20 61
1 90 2 30 3 88 4 69 5 51 6 7 7 26 8 5 9 1 10 90 11 40 12 78 13 68 14 31 15 91 16 23 17 55 18 14 19 44 20 22
1 37 2 32 3 42 4 3 5 5 6 79 7 33 8 79 9 56 10 96 11 57 12 23 13 19 14 24 15 25 16 73 17 69 18 24 19 19 20 5
1 92 2 82 3 95 4 18 5 85 6 27 7 92 8 77 9 68 10 46 11 57 12 61 13 4 14 58 15 94 16 50 17 31 18 25 19 34 20 80
1 94 2 82 3 24 4 98 5 74 6 98 7 93 8 80 9 25 10 99 11 19 12 34 13 12 14 55 15 71 16 21 17 5 18 61 19 37 20 22
1 15 2 50 3 27 4 12 5 59 6 97 7 38 8 83 9 84 10 54 11 79 12 51 13 93 14 95 15 66 16 12 17 80 18 20 19 28 20 86
