100 5
1 31 2 37 3 48 4 7 5 22
1 18 2 95 3 98 4 21 5 79
1 99 2 81 3 65 4 55 5 46
1 56 2 93 3 88 4 43 5 52
1 68 2 11 3 69 4 27 5 65
1 85 2 55 3 49 4 3 5 53
1 25 2 29 3 33 4 35 5 56
1 89 2 36 3 50 4 30 5 9
1 53 2 29 3 26 4 55 5 62
1 93 2 31 3 13 4 62 5 76
1 41 2 82 3 1 4 1 5 65
1 65 2 23 3 33 4 7 5 14
1 74 2 81 3 60 4 35 5 73
1 83 2 24 3 42 4 61 5 9
1 67 2 55 3 58 4 48 5 38
1 55 2 30 3 76 4 47 5 4
1 3 2 57 3 32 4 62 5 61
1 72 2 67 3 59 4 57 5 80
1 97 2 73 3 75 4 58 5 74
1 32 2 87 3 6 4 47 5 65
1 28 2 1 3 98 4 12 5 29
1 18 2 31 3 93 4 13 5 84
1 26 2 27 3 94 4 60 5 91
1 23 2 35 3 52 4 28 5 87
1 8 2 95 3 8 4 47 5 75
1 99 2 85 3 50 4 15 5 75
1 64 2 41 3 49 4 16 5 40
1 64 2 65 3 64 4 26 5 87
1 89 2 55 3 43 4 11 5 83
1 75 2 14 3 52 4 86 5 14
1 10 2 45 3 90 4 46 5 49
1 55 2 27 3 70 4 71 5 69
1 62 2 90 3 30 4 91 5 76
1 55 2 68 3 77 4 77 5 1
1 48 2 34 3 48 4 59 5 5
1 74 2 77 3 4 4 93 5 87
1 74 2 81 3 29 4 6 5 18
1 16 2 84 3 75 4 80 5 38
1 34 2 11 3 13 4 84 5 17
1 53 2 19 3 93 4 71 5 66
1 55 2 91 3 82 4 92 5 84
1 54 2 60 3 21 4 32 5 11
1 26 2 60 3 71 4 94 5 85
1 25 2 10 3 16 4 23 5 21
1 14 2 65 3 75 4 24 5 46
1 54 2 69 3 28 4 93 5 76
1 82 2 71 3 63 4 85 5 16
1 22 2 81 3 43 4 96 5 8
1 50 2 78 3 71 4 46 5 81
1 95 2 6 3 36 4 17 5 46
1 54 2 10 3 82 4 91 5 30
1 93 2 15 3 17 4 34 5 19
1 14 2 45 3 4 4 64 5 14
1 3 2 65 3 69 4 48 5 2
1 51 2 7 3 13 4 70 5 76
1 91 2 87 3 96 4 14 5 31
1 78 2 22 3 50 4 36 5 86
1 83 2 32 3 54 4 98 5 21
1 94 2 72 3 66 4 96 5 2
1 26 2 4 3 54 4 25 5 27
1 71 2 85 3 53 4 10 5 54
1 61 2 86 3 11 4 79 5 15
1 47 2 54 3 78 4 54 5 44
1 69 2 40 3 95 4 35 5 78
1 62 2 93 3 70 4 8 5 84
1 43 2 59 3 44 4 30 5 77
1 77 2 34 3 80 4 37 5 88
1 9 2 73 3 98 4 13 5 19
1 53 2 88 3 39 4 23 5 11
1 17 2 6 3 3 4 1 5 74
1 87 2 77 3 25 4 26 5 13
1 3 2 78 3 45 4 29 5 7
1 60 2 62 3 61 4 95 5 39
1 53 2 78 3 6 4 25 5 10
1 71 2 7 3 28 4 96 5 42
1 63 2 98 3 35 4 93 5 60
1 89 2 84 3 80 4 8 5 59
1 53 2 58 3 64 4 88 5 66
1 72 2 72 3 81 4 11 5 75
1 90 2 90 3 42 4 96 5 7
1 32 2 28 3 73 4 30 5 72
1 56 2 83 3 21 4 33 5 40
1 51 2 73 3 15 4 87 5 12
1 69 2 7 3 2 4 91 5 70
1 26 2 16 3 82 4 16 5 97
1 99 2 28 3 56 4 29 5 67
1 69 2 68 3 78 4 87 5 73
1 87 2 98 3 28 4 60 5 54
1 99 2 52 3 7 4 68 5 40
1 27 2 12 3 49 4 60 5 61
1 48 2 49 3 31 4 58 5 92
1 16 2 57 3 42 4 82 5 46
1 35 2 94 3 33 4 85 5 71
1 70 2 87 3 43 4 23 5 28
1 79 2 13 3 89 4 45 5 75
1 85 2 86 3 34 4 20 5 47
1 11 2 14 3 30 4 81 5 29
1 64 2 73 3 94 4 29 5 8
1 84 2 33 3 18 4 95 5 70
1 85 2 15 3 93 4 62 5 74
