100 5
1 14 2 28 3 71 4 57 5 82
1 68 2 58 3 61 4 84 5 7
1 31 2 12 3 75 4 91 5 47
1 53 2 35 3 89 4 64 5 67
1 1 2 70 3 52 4 31 5 74
1 37 2 83 3 21 4 28 5 46
1 79 2 95 3 27 4 71 5 24
1 99 2 7 3 68 4 35 5 83
1 36 2 89 3 79 4 64 5 51
1 97 2 3 3 9 4 94 5 45
1 17 2 56 3 58 4 49 5 32
1 49 2 26 3 53 4 67 5 31
1 72 2 71 3 93 4 23 5 42
1 79 2 19 3 43 4 26 5 71
1 17 2 37 3 93 4 11 5 21
1 79 2 51 3 26 4 85 5 41
1 76 2 28 3 76 4 40 5 83
1 18 2 74 3 8 4 75 5 66
1 50 2 16 3 14 4 12 5 98
1 71 2 47 3 22 4 71 5 44
1 21 2 16 3 40 4 45 5 1
1 97 2 17 3 65 4 51 5 35
1 22 2 27 3 78 4 23 5 46
1 6 2 85 3 29 4 63 5 7
1 5 2 9 3 99 4 31 5 83
1 74 2 31 3 76 4 66 5 73
1 79 2 48 3 69 4 81 5 89
1 75 2 74 3 8 4 62 5 36
1 24 2 86 3 94 4 67 5 85
1 39 2 43 3 92 4 87 5 23
1 1 2 19 3 49 4 32 5 75
1 74 2 19 3 25 4 5 5 75
1 71 2 80 3 72 4 60 5 64
1 36 2 23 3 7 4 52 5 8
1 87 2 5 3 44 4 37 5 66
1 74 2 6 3 44 4 30 5 78
1 99 2 34 3 77 4 51 5 57
1 68 2 27 3 36 4 36 5 70
1 66 2 79 3 74 4 63 5 47
1 40 2 28 3 44 4 30 5 48
1 3 2 24 3 75 4 31 5 52
1 53 2 73 3 3 4 60 5 26
1 43 2 69 3 65 4 58 5 40
1 46 2 54 3 40 4 72 5 71
1 91 2 74 3 44 4 25 5 18
1 83 2 99 3 9 4 52 5 75
1 88 2 58 3 21 4 72 5 95
1 73 2 72 3 64 4 82 5 91
1 13 2 98 3 38 4 44 5 94
1 47 2 49 3 32 4 81 5 54
1 21 2 52 3 99 4 83 5 3
1 30 2 57 3 54 4 74 5 29
1 45 2 97 3 3 4 55 5 81
1 47 2 71 3 37 4 98 5 48
1 96 2 11 3 48 4 5 5 65
1 2 2 40 3 29 4 23 5 96
1 11 2 55 3 33 4 44 5 67
1 22 2 33 3 96 4 90 5 69
1 11 2 23 3 37 4 30 5 6
1 66 2 94 3 19 4 18 5 57
1 9 2 18 3 42 4 29 5 30
1 60 2 56 3 30 4 73 5 44
1 42 2 10 3 48 4 96 5 95
1 65 2 3 3 31 4 39 5 92
1 71 2 24 3 75 4 11 5 63
1 40 2 40 3 74 4 37 5 8
1 88 2 90 3 30 4 62 5 60
1 3 2 40 3 79 4 38 5 97
1 13 2 23 3 99 4 43 5 99
1 92 2 74 3 97 4 42 5 21
1 73 2 90 3 16 4 45 5 97
1 7 2 47 3 33 4 77 5 91
1 10 2 22 3 22 4 3 5 82
1 4 2 57 3 21 4 97 5 58
1 27 2 25 3 38 4 49 5 13
1 68 2 43 3 60 4 25 5 63
1 48 2 13 3 36 4 71 5 27
1 14 2 11 3 87 4 27 5 6
1 63 2 61 3 55 4 62 5 34
1 17 2 11 3 28 4 46 5 63
1 6 2 52 3 73 4 71 5 48
1 53 2 68 3 72 4 91 5 74
1 35 2 34 3 41 4 86 5 86
1 19 2 49 3 11 4 60 5 25
1 73 2 25 3 44 4 45 5 51
1 68 2 25 3 12 4 53 5 73
1 24 2 39 3 47 4 45 5 35
1 69 2 32 3 94 4 4 5 6
1 99 2 93 3 30 4 24 5 72
1 9 2 72 3 78 4 37 5 18
1 79 2 20 3 40 4 89 5 81
1 86 2 28 3 21 4 94 5 53
1 53 2 46 3 31 4 84 5 79
1 91 2 87 3 45 4 23 5 59
1 75 2 52 3 45 4 21 5 59
1 21 2 9 3 61 4 6 5 58
1 71 2 69 3 2 4 50 5 55
1 92 2 29 3 2 4 94 5 57
1 36 2 74 3 87 4 32 5 76
1 86 2 22 3 29 4 90 5 44
