100 10
1 30 2 26 3 71 4 3 5 56 6 61 7 21 8 2 9 18 10 76
1 77 2 37 3 2 4 9 5 75 6 61 7 96 8 44 9 24 10 8
1 6 2 8 3 90 4 15 5 48 6 95 7 88 8 62 9 53 10 23
1 60 2 89 3 84 4 28 5 79 6 45 7 14 8 72 9 31 10 32
1 25 2 88 3 35 4 66 5 85 6 20 7 3 8 18 9 66 10 74
1 75 2 39 3 14 4 58 5 27 6 42 7 44 8 91 9 49 10 16
1 80 2 39 3 83 4 19 5 39 6 64 7 59 8 19 9 59 10 63
1 72 2 77 3 39 4 44 5 25 6 4 7 73 8 4 9 3 10 27
1 64 2 12 3 97 4 43 5 7 6 54 7 29 8 72 9 75 10 76
1 36 2 74 3 96 4 88 5 66 6 62 7 3 8 25 9 40 10 4
1 98 2 1 3 11 4 71 5 3 6 59 7 80 8 50 9 33 10 22
1 97 2 69 3 91 4 64 5 44 6 85 7 94 8 8 9 26 10 8
1 23 2 8 3 93 4 36 5 5 6 66 7 69 8 73 9 63 10 47
1 14 2 38 3 40 4 86 5 3 6 39 7 68 8 32 9 26 10 83
1 7 2 37 3 81 4 66 5 67 6 12 7 50 8 55 9 8 10 35
1 81 2 72 3 5 4 6 5 37 6 75 7 53 8 57 9 16 10 29
1 98 2 82 3 33 4 25 5 12 6 55 7 17 8 15 9 93 10 2
1 56 2 28 3 49 4 75 5 81 6 62 7 25 8 1 9 91 10 70
1 49 2 47 3 93 4 21 5 77 6 6 7 93 8 68 9 98 10 12
1 72 2 16 3 20 4 92 5 31 6 17 7 24 8 43 9 7 10 92
1 75 2 92 3 78 4 26 5 54 6 3 7 46 8 29 9 39 10 10
1 65 2 74 3 97 4 31 5 35 6 53 7 57 8 27 9 1 10 11
1 33 2 41 3 78 4 42 5 20 6 86 7 60 8 42 9 42 10 59
1 53 2 55 3 43 4 70 5 99 6 9 7 20 8 26 9 72 10 20
1 32 2 21 3 28 4 23 5 2 6 37 7 23 8 77 9 86 10 13
1 94 2 2 3 22 4 18 5 10 6 43 7 25 8 46 9 3 10 20
1 88 2 56 3 58 4 43 5 37 6 19 7 16 8 4 9 8 10 25
1 68 2 12 3 73 4 73 5 47 6 43 7 16 8 13 9 42 10 42
1 78 2 47 3 45 4 45 5 21 6 28 7 87 8 24 9 85 10 35
1 83 2 34 3 54 4 35 5 43 6 28 7 4 8 39 9 98 10 72
1 45 2 57 3 14 4 59 5 10 6 18 7 87 8 40 9 21 10 59
1 92 2 12 3 88 4 51 5 49 6 85 7 93 8 60 9 20 10 41
1 94 2 46 3 5 4 20 5 89 6 43 7 88 8 47 9 86 10 13
1 54 2 46 3 84 4 73 5 10 6 92 7 73 8 19 9 41 10 44
1 39 2 83 3 24 4 85 5 14 6 31 7 62 8 60 9 1 10 80
1 92 2 11 3 47 4 41 5 91 6 82 7 1 8 4 9 71 10 89
1 89 2 82 3 38 4 58 5 92 6 34 7 77 8 81 9 92 10 27
1 5 2 11 3 98 4 11 5 27 6 13 7 48 8 77 9 52 10 58
1 50 2 98 3 61 4 20 5 17 6 23 7 58 8 76 9 51 10 5
1 63 2 33 3 86 4 16 5 57 6 14 7 78 8 69 9 66 10 27
1 56 2 59 3 22 4 2 5 46 6 4 7 31 8 90 9 2 10 75
1 25 2 58 3 59 4 39 5 27 6 97 7 84 8 40 9 22 10 29
1 95 2 70 3 25 4 92 5 45 6 57 7 26 8 47 9 12 10 96
1 67 2 1 3 79 4 23 5 33 6 11 7 77 8 4 9 56 10 12
1 86 2 10 3 48 4 56 5 10 6 52 7 1 8 30 9 41 10 68
1 34 2 60 3 48 4 61 5 83 6 76 7 32 8 17 9 61 10 84
1 25 2 50 3 62 4 32 5 54 6 40 7 3 8 43 9 17 10 49
1 36 2 89 3 61 4 67 5 93 6 53 7 55 8 60 9 21 10 59
1 38 2 98 3 79 4 98 5 83 6 3 7 70 8 3 9 47 10 49
1 60 2 73 3 8 4 37 5 43 6 36 7 47 8 80 9 7 10 66
1 56 2 76 3 27 4 87 5 7 6 68 7 9 8 8 9 45 10 54
1 23 2 13 3 91 4 82 5 25 6 92 7 21 8 35 9 81 10 51
1 48 2 47 3 34 4 19 5 82 6 57 7 72 8 19 9 38 10 70
1 96 2 38 3 41 4 90 5 18 6 15 7 25 8 61 9 54 10 27
1 15 2 66 3 27 4 5 5 48 6 67 7 22 8 46 9 56 10 41
1 22 2 70 3 13 4 12 5 30 6 46 7 6 8 81 9 59 10 28
1 96 2 82 3 38 4 40 5 42 6 58 7 86 8 72 9 45 10 98
1 71 2 77 3 91 4 78 5 41 6 52 7 45 8 39 9 3 10 11
1 17 2 91 3 10 4 53 5 71 6 55 7 7 8 27 9 35 10 18
1 82 2 37 3 89 4 60 5 25 6 60 7 28 8 17 9 91 10 94
1 63 2 47 3 36 4 26 5 80 6 14 7 50 8 44 9 43 10 94
1 72 2 89 3 22 4 16 5 2 6 23 7 92 8 25 9 63 10 90
1 98 2 74 3 23 4 4 5 30 6 8 7 76 8 28 9 79 10 47
1 92 2 19 3 17 4 15 5 76 6 68 7 74 8 13 9 12 10 84
1 33 2 32 3 24 4 37 5 7 6 12 7 24 8 56 9 10 10 16
1 97 2 38 3 70 4 60 5 31 6 5 7 1 8 37 9 86 10 27
1 49 2 27 3 2 4 36 5 24 6 99 7 55 8 31 9 63 10 34
1 86 2 35 3 11 4 32 5 20 6 15 7 14 8 5 9 30 10 61
1 60 2 47 3 1 4 94 5 82 6 72 7 85 8 89 9 96 10 79
1 12 2 17 3 60 4 16 5 24 6 97 7 95 8 5 9 35 10 92
1 94 2 73 3 7 4 25 5 9 6 31 7 13 8 54 9 11 10 81
1 25 2 61 3 34 4 98 5 53 6 26 7 91 8 43 9 23 10 29
1 38 2 51 3 13 4 97 5 94 6 27 7 90 8 2 9 14 10 36
1 48 2 71 3 25 4 1 5 58 6 64 7 47 8 2 9 29 10 18
1 52 2 6 3 32 4 54 5 6 6 47 7 55 8 60 9 88 10 65
1 31 2 94 3 78 4 84 5 88 6 80 7 6 8 5 9 3 10 62
1 48 2 97 3 93 4 34 5 23 6 76 7 33 8 84 9 77 10 80
1 59 2 57 3 91 4 4 5 54 6 31 7 2 8 21 9 58 10 90
1 91 2 41 3 65 4 87 5 87 6 91 7 46 8 40 9 95 10 95
1 44 2 13 3 61 4 67 5 37 6 82 7 84 8 75 9 9 10 4
1 63 2 77 3 44 4 15 5 45 6 82 7 54 8 59 9 10 10 21
1 40 2 30 3 23 4 73 5 94 6 4 7 47 8 63 9 42 10 29
1 20 2 43 3 93 4 1 5 59 6 23 7 59 8 12 9 11 10 47
1 62 2 54 3 42 4 5 5 64 6 24 7 39 8 30 9 76 10 20
1 35 2 45 3 42 4 7 5 23 6 40 7 59 8 28 9 68 10 84
1 38 2 14 3 55 4 22 5 88 6 57 7 86 8 84 9 22 10 39
1 48 2 84 3 91 4 55 5 23 6 42 7 10 8 63 9 78 10 56
1 9 2 40 3 99 4 34 5 40 6 44 7 18 8 79 9 28 10 44
1 12 2 6 3 68 4 66 5 29 6 43 7 13 8 89 9 61 10 8
1 90 2 82 3 88 4 16 5 63 6 70 7 72 8 93 9 97 10 3
1 72 2 52 3 40 4 79 5 70 6 53 7 32 8 47 9 70 10 38
1 76 2 19 3 46 4 52 5 60 6 49 7 60 8 1 9 19 10 12
1 76 2 12 3 65 4 22 5 7 6 26 7 40 8 34 9 99 10 95
1 76 2 7 3 25 4 55 5 96 6 42 7 44 8 42 9 21 10 15
1 99 2 41 3 55 4 17 5 20 6 55 7 72 8 57 9 81 10 57
1 84 2 89 3 66 4 89 5 59 6 17 7 98 8 22 9 3 10 75
1 41 2 63 3 5 4 69 5 12 6 14 7 93 8 86 9 93 10 14
1 88 2 28 3 56 4 60 5 8 6 70 7 88 8 29 9 33 10 91
1 78 2 2 3 46 4 42 5 89 6 5 7 51 8 76 9 57 10 78
1 31 2 5 3 19 4 95 5 37 6 6 7 38 8 36 9 39 10 36
