100 10
1 1 2 96 3 21 4 57 5 7 6 34 7 72 8 12 9 80 10 99
1 28 2 80 3 30 4 15 5 95 6 19 7 12 8 59 9 66 10 51
1 6 2 36 3 74 4 53 5 25 6 68 7 37 8 42 9 68 10 74
1 93 2 39 3 75 4 54 5 10 6 60 7 15 8 75 9 71 10 22
1 10 2 65 3 39 4 99 5 77 6 39 7 50 8 14 9 75 10 28
1 92 2 74 3 20 4 70 5 43 6 6 7 77 8 25 9 68 10 83
1 28 2 13 3 74 4 18 5 71 6 11 7 17 8 27 9 89 10 14
1 13 2 40 3 97 4 70 5 96 6 13 7 66 8 77 9 2 10 41
1 69 2 34 3 10 4 91 5 98 6 60 7 3 8 86 9 55 10 95
1 73 2 65 3 24 4 22 5 5 6 67 7 39 8 58 9 4 10 30
1 95 2 75 3 24 4 3 5 83 6 67 7 88 8 75 9 28 10 65
1 54 2 65 3 34 4 17 5 51 6 98 7 94 8 22 9 57 10 37
1 90 2 38 3 20 4 85 5 49 6 37 7 29 8 84 9 93 10 99
1 44 2 39 3 18 4 40 5 24 6 98 7 61 8 72 9 21 10 76
1 87 2 32 3 8 4 17 5 54 6 43 7 3 8 65 9 33 10 36
1 70 2 18 3 19 4 76 5 7 6 34 7 66 8 72 9 16 10 95
1 80 2 10 3 63 4 14 5 89 6 65 7 43 8 44 9 28 10 39
1 59 2 91 3 70 4 24 5 96 6 1 7 92 8 79 9 57 10 88
1 60 2 70 3 38 4 94 5 94 6 30 7 50 8 17 9 43 10 28
1 33 2 48 3 48 4 81 5 50 6 86 7 23 8 95 9 3 10 80
1 17 2 74 3 87 4 39 5 14 6 28 7 12 8 49 9 88 10 91
1 53 2 40 3 1 4 55 5 39 6 35 7 99 8 17 9 69 10 67
1 13 2 98 3 79 4 20 5 57 6 68 7 17 8 27 9 25 10 36
1 67 2 73 3 34 4 47 5 65 6 79 7 31 8 54 9 56 10 33
1 66 2 30 3 89 4 45 5 44 6 91 7 18 8 67 9 94 10 41
1 78 2 27 3 15 4 55 5 28 6 28 7 26 8 98 9 98 10 77
1 79 2 12 3 96 4 78 5 29 6 28 7 14 8 52 9 27 10 51
1 46 2 98 3 97 4 38 5 78 6 89 7 67 8 91 9 51 10 62
1 79 2 93 3 25 4 61 5 59 6 20 7 92 8 1 9 35 10 97
1 79 2 37 3 72 4 76 5 89 6 7 7 79 8 85 9 40 10 24
1 6 2 73 3 64 4 30 5 30 6 99 7 61 8 26 9 38 10 46
1 76 2 65 3 51 4 39 5 23 6 71 7 63 8 94 9 62 10 87
1 43 2 45 3 46 4 9 5 10 6 42 7 43 8 46 9 7 10 15
1 32 2 80 3 4 4 73 5 42 6 98 7 24 8 25 9 13 10 38
1 3 2 69 3 38 4 61 5 8 6 54 7 90 8 3 9 5 10 25
1 31 2 38 3 36 4 35 5 52 6 13 7 78 8 31 9 8 10 62
1 36 2 98 3 7 4 3 5 5 6 82 7 41 8 2 9 63 10 56
1 85 2 85 3 25 4 98 5 58 6 16 7 99 8 61 9 21 10 26
1 67 2 96 3 70 4 89 5 5 6 45 7 38 8 79 9 73 10 99
1 33 2 1 3 84 4 79 5 44 6 39 7 16 8 50 9 39 10 55
1 24 2 83 3 59 4 58 5 60 6 15 7 15 8 27 9 47 10 25
1 43 2 11 3 20 4 36 5 3 6 42 7 51 8 11 9 86 10 55
1 20 2 3 3 64 4 19 5 49 6 70 7 28 8 53 9 96 10 52
1 44 2 24 3 40 4 66 5 2 6 89 7 70 8 69 9 3 10 77
1 96 2 40 3 66 4 75 5 81 6 52 7 78 8 86 9 44 10 85
1 79 2 28 3 43 4 20 5 16 6 9 7 80 8 36 9 14 10 86
1 70 2 87 3 77 4 44 5 52 6 86 7 12 8 49 9 68 10 56
1 59 2 87 3 82 4 5 5 23 6 6 7 15 8 42 9 63 10 66
1 59 2 98 3 67 4 73 5 94 6 27 7 56 8 96 9 81 10 92
1 68 2 92 3 77 4 94 5 93 6 28 7 75 8 74 9 34 10 80
1 3 2 65 3 73 4 81 5 38 6 71 7 3 8 40 9 6 10 98
1 4 2 23 3 23 4 2 5 66 6 67 7 8 8 76 9 58 10 82
1 63 2 18 3 17 4 5 5 75 6 52 7 95 8 55 9 62 10 84
1 5 2 33 3 72 4 52 5 8 6 74 7 70 8 5 9 38 10 7
1 86 2 41 3 99 4 98 5 2 6 51 7 13 8 96 9 78 10 49
1 59 2 42 3 18 4 51 5 95 6 82 7 96 8 45 9 25 10 80
1 42 2 66 3 41 4 1 5 14 6 66 7 89 8 35 9 2 10 63
1 80 2 34 3 45 4 42 5 81 6 27 7 15 8 42 9 80 10 11
1 4 2 84 3 25 4 45 5 42 6 61 7 4 8 34 9 54 10 46
1 80 2 1 3 94 4 8 5 56 6 52 7 13 8 39 9 62 10 84
1 53 2 7 3 27 4 44 5 36 6 21 7 53 8 38 9 37 10 90
1 34 2 1 3 83 4 64 5 69 6 30 7 18 8 74 9 9 10 70
1 41 2 5 3 70 4 5 5 4 6 65 7 53 8 17 9 6 10 98
1 84 2 39 3 3 4 9 5 50 6 58 7 87 8 54 9 41 10 87
1 9 2 49 3 93 4 70 5 4 6 13 7 60 8 41 9 48 10 75
1 86 2 28 3 67 4 29 5 53 6 24 7 95 8 66 9 32 10 66
1 61 2 18 3 99 4 48 5 31 6 66 7 15 8 93 9 64 10 77
1 67 2 74 3 90 4 44 5 51 6 17 7 50 8 80 9 44 10 63
1 19 2 24 3 24 4 35 5 79 6 62 7 11 8 59 9 14 10 89
1 16 2 96 3 72 4 95 5 92 6 34 7 64 8 83 9 66 10 6
1 71 2 54 3 48 4 16 5 22 6 14 7 39 8 99 9 68 10 32
1 20 2 7 3 26 4 2 5 58 6 92 7 86 8 45 9 19 10 90
1 54 2 51 3 88 4 72 5 44 6 85 7 20 8 5 9 10 10 98
1 44 2 6 3 44 4 12 5 55 6 14 7 66 8 28 9 80 10 64
1 13 2 73 3 44 4 11 5 89 6 78 7 6 8 10 9 44 10 28
1 77 2 33 3 22 4 77 5 90 6 23 7 10 8 44 9 1 10 53
1 58 2 40 3 48 4 94 5 20 6 34 7 16 8 99 9 27 10 80
1 24 2 19 3 34 4 6 5 65 6 11 7 14 8 97 9 14 10 77
1 58 2 86 3 72 4 20 5 22 6 2 7 28 8 16 9 54 10 19
1 77 2 7 3 27 4 19 5 80 6 80 7 40 8 49 9 46 10 85
1 55 2 56 3 21 4 77 5 83 6 43 7 11 8 64 9 59 10 37
1 96 2 27 3 9 4 63 5 82 6 31 7 27 8 67 9 82 10 65
1 74 2 41 3 10 4 36 5 69 6 1 7 21 8 72 9 37 10 54
1 88 2 65 3 97 4 71 5 13 6 90 7 88 8 39 9 46 10 89
1 99 2 82 3 14 4 14 5 63 6 67 7 16 8 46 9 28 10 91
1 69 2 34 3 9 4 7 5 43 6 62 7 29 8 70 9 28 10 62
1 34 2 67 3 16 4 83 5 64 6 32 7 43 8 67 9 37 10 79
1 31 2 41 3 3 4 11 5 71 6 21 7 26 8 98 9 39 10 73
1 59 2 33 3 71 4 49 5 22 6 6 7 68 8 14 9 36 10 17
1 30 2 83 3 94 4 53 5 30 6 74 7 24 8 47 9 76 10 28
1 20 2 35 3 25 4 81 5 19 6 4 7 42 8 58 9 18 10 19
1 73 2 14 3 44 4 13 5 11 6 55 7 91 8 51 9 42 10 47
1 94 2 43 3 68 4 77 5 42 6 75 7 17 8 85 9 54 10 83
1 30 2 52 3 89 4 54 5 74 6 86 7 27 8 22 9 24 10 11
1 12 2 8 3 15 4 21 5 75 6 84 7 29 8 15 9 26 10 83
1 38 2 32 3 13 4 10 5 23 6 28 7 42 8 68 9 78 10 39
1 76 2 4 3 45 4 25 5 23 6 77 7 3 8 20 9 49 10 35
1 29 2 59 3 14 4 94 5 11 6 17 7 80 8 70 9 20 10 25
1 12 2 78 3 58 4 13 5 22 6 53 7 92 8 7 9 62 10 94
1 8 2 81 3 5 4 24 5 98 6 85 7 75 8 57 9 37 10 96
