100 20
1 26 2 99 3 68 4 38 5 74 6 84 7 3 8 38 9 60 10 87 11 87 12 88 13 68 14 37 15 99 16 62 17 75 18 54 19 8 20 36
1 85 2 20 3 68 4 55 5 22 6 48 7 9 8 38 9 44 10 37 11 63 12 60 13 43 14 97 15 42 16 68 17 45 18 46 19 19 20 69
1 66 2 22 3 42 4 54 5 2 6 94 7 95 8 69 9 15 10 38 11 15 12 53 13 43 14 94 15 90 16 92 17 3 18 31 19 74 20 35
1 51 2 75 3 61 4 27 5 17 6 31 7 9 8 70 9 56 10 98 11 67 12 57 13 41 14 78 15 60 16 7 17 15 18 21 19 43 20 26
1 42 2 82 3 7 4 43 5 14 6 1 7 62 8 71 9 26 10 96 11 17 12 75 13 5 14 38 15 28 16 20 17 32 18 85 19 97 20 36
1 10 2 37 3 69 4 91 5 75 6 54 7 37 8 44 9 37 10 69 11 45 12 56 13 6 14 76 15 60 16 41 17 13 18 92 19 74 20 44
1 41 2 16 3 6 4 74 5 50 6 18 7 62 8 96 9 50 10 12 11 46 12 54 13 53 14 72 15 10 16 52 17 88 18 95 19 41 20 91
1 5 2 37 3 47 4 96 5 53 6 14 7 6 8 4 9 15 10 7 11 96 12 43 13 12 14 42 15 89 16 86 17 7 18 56 19 20 20 34
1 77 2 24 3 85 4 52 5 93 6 31 7 65 8 94 9 45 10 20 11 79 12 19 13 3 14 96 15 84 16 18 17 26 18 52 19 68 20 28
1 84 2 23 3 1 4 44 5 3 6 37 7 42 8 1 9 55 10 76 11 41 12 71 13 40 14 31 15 9 16 8 17 46 18 20 19 66 20 19
1 96 2 7 3 16 4 74 5 74 6 50 7 76 8 65 9 34 10 69 11 64 12 47 13 28 14 59 15 45 16 19 17 69 18 37 19 41 20 39
1 28 2 2 3 77 4 48 5 57 6 75 7 88 8 46 9 97 10 64 11 15 12 7 13 88 14 41 15 89 16 95 17 77 18 13 19 88 20 70
1 85 2 68 3 4 4 31 5 67 6 67 7 75 8 9 9 9 10 44 11 24 12 16 13 25 14 42 15 88 16 85 17 17 18 32 19 36 20 60
1 85 2 15 3 65 4 68 5 62 6 60 7 27 8 9 9 97 10 73 11 41 12 89 13 95 14 71 15 7 16 79 17 75 18 15 19 86 20 9
1 74 2 45 3 83 4 31 5 84 6 70 7 63 8 2 9 42 10 79 11 59 12 59 13 11 14 73 15 44 16 13 17 63 18 25 19 68 20 94
1 51 2 11 3 52 4 11 5 22 6 20 7 52 8 60 9 95 10 57 11 17 12 77 13 48 14 10 15 97 16 62 17 11 18 54 19 35 20 12
1 40 2 99 3 73 4 60 5 9 6 70 7 7 8 35 9 36 10 75 11 20 12 89 13 20 14 10 15 73 16 54 17 88 18 70 19 25 20 48
1 2 2 67 3 56 4 59 5 7 6 32 7 61 8 32 9 59 10 33 11 60 12 72 13 79 14 89 15 42 16 49 17 4 18 94 19 30 20 23
1 89 2 7 3 76 4 35 5 47 6 77 7 47 8 10 9 88 10 16 11 88 12 82 13 34 14 52 15 79 16 77 17 74 18 8 19 69 20 11
1 18 2 37 3 47 4 84 5 17 6 70 7 74 8 26 9 90 10 53 11 74 12 87 13 30 14 8 15 60 16 60 17 74 18 34 19 46 20 26
1 22 2 57 3 50 4 63 5 22 6 18 7 85 8 89 9 35 10 93 11 14 12 94 13 90 14 39 15 69 16 89 17 93 18 80 19 40 20 50
1 33 2 90 3 12 4 92 5 96 6 50 7 25 8 15 9 65 10 8 11 57 12 66 13 29 14 20 15 35 16 59 17 1 18 73 19 45 20 79
1 64 2 54 3 49 4 24 5 81 6 94 7 67 8 70 9 39 10 87 11 21 12 13 13 90 14 70 15 71 16 86 17 41 18 23 19 18 20 63
1 9 2 50 3 87 4 43 5 33 6 18 7 28 8 21 9 61 10 57 11 69 12 9 13 18 14 68 15 8 16 24 17 90 18 7 19 47 20 32
1 95 2 70 3 86 4 86 5 8 6 71 7 23 8 50 9 53 10 32 11 6 12 38 13 93 14 66 15 1 16 99 17 62 18 5 19 37 20 41
1 56 2 24 3 10 4 91 5 7 6 95 7 47 8 96 9 30 10 96 11 91 12 3 13 45 14 18 15 9 16 50 17 81 18 91 19 70 20 96
1 98 2 15 3 42 4 11 5 67 6 87 7 24 8 8 9 43 10 70 11 83 12 49 13 38 14 46 15 75 16 13 17 12 18 35 19 96 20 7
1 10 2 89 3 91 4 36 5 33 6 52 7 34 8 94 9 73 10 36 11 27 12 27 13 81 14 1 15 1 16 83 17 22 18 73 19 98 20 2
1 88 2 32 3 78 4 57 5 74 6 30 7 56 8 90 9 5 10 48 11 98 12 36 13 55 14 54 15 7 16 85 17 61 18 94 19 88 20 33
1 78 2 89 3 18 4 14 5 46 6 20 7 89 8 17 9 65 10 80 11 13 12 70 13 7 14 43 15 24 16 23 17 31 18 38 19 63 20 43
1 43 2 51 3 85 4 51 5 86 6 23 7 33 8 86 9 12 10 94 11 2 12 36 13 96 14 63 15 10 16 66 17 18 18 79 19 98 20 58
1 45 2 97 3 46 4 32 5 11 6 63 7 6 8 38 9 32 10 29 11 87 12 42 13 8 14 8 15 90 16 48 17 89 18 94 19 47 20 23
1 59 2 61 3 58 4 83 5 89 6 95 7 3 8 78 9 46 10 5 11 8 12 59 13 25 14 67 15 15 16 90 17 99 18 38 19 19 20 77
1 61 2 55 3 12 4 8 5 95 6 88 7 55 8 81 9 9 10 32 11 62 12 50 13 75 14 66 15 43 16 87 17 40 18 98 19 42 20 49
1 50 2 29 3 28 4 35 5 48 6 37 7 42 8 11 9 38 10 24 11 97 12 45 13 54 14 28 15 4 16 68 17 89 18 86 19 39 20 71
1 91 2 78 3 60 4 42 5 29 6 77 7 65 8 60 9 97 10 88 11 72 12 62 13 6 14 88 15 12 16 57 17 78 18 96 19 9 20 18
1 24 2 68 3 45 4 6 5 29 6 18 7 40 8 70 9 62 10 62 11 9 12 86 13 15 14 76 15 23 16 40 17 63 18 39 19 24 20 36
1 24 2 89 3 9 4 18 5 89 6 32 7 56 8 77 9 76 10 8 11 56 12 85 13 79 14 72 15 50 16 39 17 69 18 96 19 94 20 83
1 76 2 55 3 33 4 15 5 76 6 36 7 54 8 67 9 56 10 92 11 18 12 67 13 94 14 28 15 1 16 33 17 36 18 18 19 3 20 65
1 44 2 79 3 86 4 19 5 58 6 30 7 64 8 4 9 65 10 57 11 73 12 37 13 44 14 51 15 21 16 15 17 63 18 65 19 28 20 82
1 72 2 40 3 88 4 94 5 27 6 83 7 82 8 53 9 44 10 6 11 86 12 18 13 14 14 47 15 26 16 46 17 88 18 48 19 8 20 66
1 89 2 16 3 49 4 46 5 3 6 12 7 21 8 55 9 15 10 2 11 87 12 17 13 68 14 76 15 87 16 77 17 77 18 12 19 56 20 57
1 7 2 46 3 69 4 2 5 69 6 5 7 77 8 53 9 39 10 55 11 17 12 3 13 54 14 18 15 12 16 96 17 82 18 67 19 8 20 25
1 55 2 25 3 76 4 2 5 59 6 72 7 88 8 48 9 75 10 44 11 10 12 22 13 42 14 98 15 33 16 52 17 1 18 99 19 37 20 74
1 35 2 15 3 58 4 15 5 41 6 48 7 94 8 96 9 89 10 8 11 82 12 36 13 31 14 13 15 26 16 40 17 77 18 83 19 44 20 77
1 41 2 61 3 28 4 93 5 79 6 81 7 38 8 41 9 63 10 90 11 66 12 77 13 51 14 41 15 11 16 35 17 44 18 5 19 14 20 61
1 27 2 80 3 30 4 66 5 10 6 18 7 73 8 9 9 68 10 94 11 97 12 96 13 21 14 73 15 6 16 13 17 53 18 79 19 66 20 39
1 35 2 38 3 18 4 82 5 62 6 37 7 93 8 84 9 48 10 58 11 56 12 88 13 24 14 37 15 94 16 4 17 92 18 88 19 37 20 3
1 70 2 30 3 92 4 54 5 94 6 72 7 86 8 18 9 23 10 28 11 11 12 33 13 57 14 84 15 71 16 31 17 47 18 38 19 34 20 25
1 95 2 20 3 39 4 90 5 17 6 58 7 98 8 39 9 99 10 44 11 45 12 53 13 88 14 8 15 17 16 13 17 72 18 60 19 62 20 2
1 28 2 96 3 51 4 98 5 40 6 5 7 48 8 96 9 51 10 80 11 90 12 8 13 81 14 65 15 92 16 50 17 27 18 53 19 26 20 61
1 57 2 9 3 74 4 6 5 68 6 51 7 18 8 10 9 25 10 6 11 56 12 42 13 43 14 63 15 50 16 91 17 32 18 81 19 92 20 85
1 40 2 70 3 51 4 48 5 7 6 44 7 75 8 99 9 91 10 22 11 93 12 88 13 29 14 94 15 11 16 13 17 47 18 12 19 81 20 77
1 15 2 97 3 64 4 87 5 33 6 93 7 65 8 89 9 3 10 97 11 3 12 31 13 80 14 47 15 8 16 79 17 62 18 80 19 11 20 95
1 5 2 83 3 48 4 23 5 8 6 60 7 54 8 12 9 97 10 98 11 36 12 95 13 69 14 46 15 93 16 44 17 92 18 71 19 63 20 74
1 80 2 54 3 21 4 17 5 79 6 75 7 95 8 86 9 95 10 22 11 86 12 24 13 75 14 34 15 10 16 65 17 63 18 2 19 70 20 6
1 39 2 6 3 82 4 55 5 63 6 48 7 39 8 26 9 80 10 92 11 32 12 76 13 38 14 93 15 22 16 17 17 48 18 25 19 74 20 60
1 34 2 14 3 92 4 95 5 51 6 50 7 96 8 89 9 94 10 10 11 91 12 50 13 72 14 60 15 98 16 27 17 85 18 71 19 63 20 29
1 34 2 61 3 56 4 35 5 9 6 12 7 53 8 67 9 16 10 68 11 12 12 45 13 25 14 83 15 76 16 7 17 97 18 63 19 78 20 76
1 40 2 57 3 37 4 93 5 92 6 54 7 92 8 42 9 29 10 85 11 3 12 10 13 6 14 53 15 34 16 45 17 78 18 96 19 17 20 85
1 27 2 80 3 35 4 75 5 49 6 86 7 63 8 30 9 33 10 70 11 34 12 86 13 19 14 65 15 56 16 95 17 62 18 72 19 77 20 17
1 72 2 62 3 43 4 85 5 75 6 80 7 45 8 95 9 89 10 33 11 93 12 83 13 19 14 52 15 57 16 55 17 24 18 4 19 96 20 31
1 17 2 93 3 23 4 34 5 27 6 70 7 26 8 80 9 4 10 48 11 81 12 76 13 28 14 64 15 47 16 4 17 46 18 84 19 20 20 77
1 66 2 21 3 94 4 77 5 53 6 34 7 53 8 48 9 18 10 89 11 76 12 86 13 42 14 57 15 77 16 86 17 71 18 21 19 4 20 5
1 2 2 66 3 81 4 49 5 42 6 14 7 4 8 64 9 30 10 52 11 86 12 34 13 86 14 94 15 94 16 3 17 60 18 90 19 35 20 96
1 7 2 2 3 31 4 22 5 82 6 9 7 59 8 31 9 69 10 44 11 57 12 59 13 11 14 7 15 69 16 5 17 61 18 13 19 30 20 63
1 63 2 59 3 90 4 24 5 19 6 53 7 38 8 75 9 40 10 35 11 95 12 6 13 85 14 94 15 21 16 84 17 92 18 49 19 49 20 98
1 38 2 28 3 60 4 38 5 58 6 82 7 20 8 39 9 24 10 43 11 76 12 3 13 28 14 82 15 26 16 71 17 4 18 71 19 93 20 75
1 98 2 84 3 35 4 53 5 45 6 18 7 32 8 59 9 2 10 33 11 63 12 47 13 99 14 8 15 41 16 23 17 38 18 49 19 86 20 54
1 12 2 57 3 1 4 3 5 63 6 7 7 35 8 78 9 54 10 89 11 7 12 2 13 34 14 41 15 25 16 56 17 40 18 89 19 92 20 12
1 70 2 18 3 13 4 35 5 26 6 97 7 17 8 63 9 9 10 7 11 98 12 43 13 79 14 84 15 54 16 9 17 65 18 50 19 13 20 66
1 11 2 71 3 50 4 77 5 70 6 21 7 13 8 36 9 42 10 43 11 89 12 21 13 89 14 24 15 50 16 98 17 7 18 76 19 20 20 66
1 87 2 19 3 64 4 62 5 19 6 94 7 12 8 69 9 5 10 44 11 75 12 23 13 66 14 5 15 82 16 25 17 67 18 76 19 68 20 57
1 86 2 13 3 97 4 73 5 6 6 90 7 71 8 5 9 70 10 91 11 28 12 26 13 75 14 34 15 10 16 80 17 38 18 16 19 5 20 99
1 13 2 83 3 45 4 93 5 96 6 62 7 70 8 96 9 58 10 65 11 16 12 29 13 46 14 77 15 36 16 24 17 66 18 60 19 86 20 12
1 73 2 59 3 18 4 30 5 14 6 5 7 81 8 37 9 17 10 78 11 57 12 64 13 10 14 65 15 45 16 49 17 97 18 5 19 31 20 17
1 41 2 16 3 68 4 77 5 5 6 13 7 28 8 4 9 89 10 15 11 20 12 4 13 46 14 88 15 55 16 84 17 66 18 9 19 82 20 43
1 2 2 59 3 61 4 37 5 90 6 90 7 71 8 82 9 88 10 6 11 57 12 32 13 90 14 69 15 92 16 54 17 98 18 59 19 51 20 12
1 46 2 45 3 27 4 26 5 8 6 56 7 12 8 14 9 90 10 96 11 66 12 97 13 32 14 98 15 16 16 14 17 86 18 48 19 65 20 4
1 47 2 86 3 8 4 99 5 37 6 42 7 76 8 84 9 63 10 63 11 78 12 41 13 62 14 54 15 79 16 40 17 57 18 17 19 63 20 28
1 37 2 80 3 47 4 12 5 31 6 87 7 98 8 64 9 74 10 29 11 22 12 88 13 27 14 52 15 67 16 67 17 2 18 32 19 92 20 6
1 87 2 15 3 43 4 38 5 23 6 77 7 46 8 20 9 84 10 92 11 91 12 88 13 31 14 68 15 85 16 18 17 32 18 22 19 45 20 94
1 84 2 98 3 74 4 8 5 37 6 21 7 51 8 62 9 68 10 43 11 97 12 70 13 24 14 65 15 35 16 4 17 28 18 45 19 37 20 40
1 39 2 68 3 70 4 12 5 28 6 9 7 99 8 83 9 92 10 41 11 62 12 83 13 34 14 24 15 6 16 2 17 89 18 24 19 22 20 13
1 42 2 99 3 22 4 80 5 96 6 20 7 79 8 4 9 92 10 26 11 28 12 5 13 34 14 41 15 9 16 55 17 12 18 78 19 37 20 15
1 27 2 32 3 59 4 89 5 6 6 66 7 89 8 63 9 96 10 36 11 58 12 27 13 72 14 47 15 13 16 81 17 4 18 57 19 31 20 56
1 19 2 21 3 33 4 60 5 43 6 39 7 10 8 74 9 89 10 98 11 68 12 50 13 33 14 61 15 30 16 51 17 33 18 26 19 6 20 24
1 70 2 68 3 80 4 13 5 73 6 13 7 35 8 39 9 44 10 86 11 24 12 30 13 83 14 27 15 74 16 81 17 15 18 13 19 87 20 27
1 88 2 17 3 37 4 65 5 45 6 6 7 77 8 27 9 20 10 1 11 28 12 69 13 81 14 87 15 33 16 6 17 98 18 25 19 49 20 32
1 9 2 19 3 24 4 63 5 37 6 11 7 68 8 94 9 34 10 33 11 90 12 58 13 36 14 57 15 4 16 81 17 84 18 8 19 8 20 8
1 32 2 41 3 6 4 44 5 69 6 87 7 40 8 80 9 28 10 39 11 66 12 94 13 98 14 46 15 48 16 83 17 61 18 85 19 61 20 94
1 77 2 9 3 85 4 42 5 6 6 74 7 83 8 67 9 18 10 39 11 52 12 95 13 72 14 64 15 7 16 68 17 26 18 9 19 87 20 4
1 95 2 75 3 64 4 19 5 85 6 2 7 70 8 96 9 58 10 19 11 27 12 39 13 6 14 67 15 51 16 72 17 20 18 84 19 35 20 58
1 46 2 88 3 38 4 79 5 82 6 27 7 91 8 14 9 86 10 3 11 50 12 40 13 91 14 29 15 26 16 42 17 36 18 42 19 66 20 21
1 28 2 58 3 60 4 23 5 48 6 24 7 2 8 31 9 80 10 50 11 47 12 61 13 91 14 71 15 39 16 65 17 63 18 78 19 87 20 96
1 31 2 42 3 95 4 39 5 55 6 90 7 3 8 69 9 21 10 61 11 21 12 56 13 78 14 53 15 29 16 90 17 77 18 71 19 77 20 71
1 75 2 95 3 45 4 2 5 16 6 20 7 60 8 12 9 96 10 26 11 22 12 26 13 30 14 58 15 9 16 22 17 61 18 76 19 54 20 56
1 19 2 45 3 27 4 60 5 74 6 40 7 84 8 11 9 2 10 27 11 31 12 31 13 53 14 45 15 86 16 31 17 2 18 13 19 74 20 50
1 44 2 7 3 5 4 10 5 60 6 58 7 69 8 4 9 42 10 21 11 39 12 58 13 99 14 28 15 8 16 2 17 2 18 4 19 81 20 24
1 57 2 19 3 24 4 46 5 27 6 51 7 12 8 18 9 78 10 87 11 71 12 83 13 7 14 33 15 54 16 30 17 84 18 8 19 4 20 95
