100 20
1 39 2 83 3 12 4 57 5 78 6 55 7 20 8 79 9 58 10 52 11 99 12 48 13 87 14 67 15 95 16 82 17 90 18 41 19 86 20 97
1 27 2 20 3 82 4 45 5 71 6 58 7 92 8 5 9 21 10 45 11 43 12 12 13 53 14 29 15 14 16 49 17 85 18 90 19 12 20 48
1 13 2 75 3 69 4 34 5 19 6 55 7 44 8 22 9 60 10 45 11 38 12 78 13 73 14 59 15 46 16 47 17 95 18 25 19 58 20 61
1 92 2 8 3 88 4 64 5 93 6 29 7 20 8 45 9 46 10 78 11 37 12 49 13 2 14 18 15 92 16 41 17 31 18 29 19 92 20 87
1 65 2 22 3 61 4 90 5 89 6 97 7 15 8 75 9 77 10 65 11 21 12 56 13 53 14 9 15 86 16 75 17 7 18 88 19 38 20 69
1 57 2 2 3 75 4 44 5 30 6 39 7 88 8 35 9 13 10 21 11 38 12 6 13 92 14 43 15 22 16 85 17 51 18 25 19 43 20 4
1 81 2 31 3 71 4 92 5 25 6 72 7 42 8 77 9 70 10 66 11 15 12 15 13 51 14 78 15 89 16 50 17 74 18 57 19 7 20 65
1 89 2 87 3 6 4 31 5 70 6 25 7 36 8 88 9 25 10 94 11 66 12 95 13 77 14 10 15 26 16 58 17 8 18 95 19 20 20 46
1 49 2 37 3 76 4 11 5 24 6 72 7 75 8 58 9 46 10 2 11 83 12 14 13 77 14 68 15 81 16 81 17 56 18 37 19 41 20 96
1 53 2 88 3 66 4 50 5 40 6 28 7 65 8 76 9 89 10 16 11 48 12 91 13 83 14 84 15 18 16 2 17 63 18 27 19 39 20 14
1 30 2 34 3 55 4 12 5 50 6 15 7 4 8 43 9 74 10 31 11 72 12 71 13 29 14 28 15 32 16 14 17 32 18 6 19 46 20 73
1 48 2 56 3 97 4 56 5 60 6 72 7 24 8 29 9 64 10 29 11 3 12 97 13 50 14 97 15 83 16 89 17 2 18 96 19 28 20 83
1 47 2 90 3 56 4 57 5 69 6 88 7 54 8 94 9 90 10 62 11 97 12 67 13 59 14 22 15 24 16 87 17 99 18 62 19 18 20 70
1 94 2 85 3 43 4 48 5 51 6 91 7 16 8 31 9 57 10 51 11 9 12 28 13 37 14 89 15 83 16 33 17 94 18 44 19 76 20 82
1 10 2 81 3 74 4 55 5 92 6 26 7 27 8 86 9 32 10 28 11 75 12 67 13 91 14 48 15 58 16 23 17 17 18 18 19 37 20 78
1 84 2 64 3 65 4 11 5 41 6 31 7 5 8 67 9 91 10 75 11 47 12 78 13 64 14 23 15 29 16 81 17 44 18 80 19 59 20 34
1 35 2 54 3 49 4 14 5 72 6 21 7 57 8 42 9 24 10 88 11 78 12 75 13 53 14 80 15 88 16 20 17 4 18 30 19 52 20 32
1 82 2 28 3 36 4 98 5 77 6 71 7 16 8 91 9 79 10 10 11 28 12 80 13 60 14 86 15 81 16 20 17 3 18 46 19 57 20 58
1 76 2 63 3 13 4 81 5 85 6 82 7 92 8 52 9 8 10 6 11 52 12 12 13 65 14 26 15 67 16 14 17 64 18 8 19 40 20 86
1 47 2 83 3 58 4 83 5 95 6 56 7 65 8 23 9 32 10 43 11 91 12 18 13 27 14 79 15 53 16 87 17 97 18 79 19 99 20 18
1 42 2 74 3 1 4 40 5 3 6 95 7 69 8 18 9 73 10 66 11 83 12 52 13 37 14 53 15 19 16 3 17 53 18 5 19 44 20 91
1 46 2 43 3 50 4 40 5 30 6 40 7 56 8 40 9 75 10 5 11 81 12 87 13 14 14 61 15 4 16 94 17 22 18 36 19 95 20 79
1 42 2 84 3 92 4 87 5 60 6 16 7 76 8 32 9 88 10 19 11 72 12 10 13 87 14 78 15 75 16 39 17 58 18 71 19 45 20 43
1 34 2 9 3 28 4 7 5 84 6 42 7 72 8 57 9 56 10 25 11 33 12 33 13 80 14 69 15 87 16 94 17 90 18 66 19 93 20 23
1 84 2 84 3 56 4 90 5 58 6 69 7 6 8 31 9 98 10 43 11 34 12 56 13 49 14 98 15 82 16 68 17 32 18 83 19 45 20 77
1 11 2 20 3 3 4 40 5 48 6 24 7 32 8 23 9 25 10 51 11 80 12 23 13 49 14 88 15 35 16 40 17 40 18 63 19 48 20 29
1 19 2 5 3 23 4 14 5 57 6 57 7 40 8 7 9 95 10 53 11 52 12 2 13 43 14 94 15 85 16 75 17 84 18 42 19 27 20 40
1 66 2 48 3 81 4 92 5 30 6 49 7 86 8 26 9 91 10 78 11 41 12 53 13 50 14 74 15 69 16 48 17 91 18 20 19 20 20 53
1 75 2 78 3 91 4 84 5 49 6 39 7 19 8 29 9 77 10 1 11 5 12 84 13 34 14 13 15 19 16 80 17 21 18 87 19 4 20 76
1 91 2 54 3 56 4 9 5 79 6 20 7 62 8 59 9 43 10 19 11 92 12 7 13 94 14 55 15 34 16 14 17 70 18 88 19 58 20 7
1 3 2 34 3 39 4 69 5 9 6 92 7 78 8 99 9 27 10 20 11 61 12 15 13 87 14 76 15 55 16 23 17 35 18 21 19 28 20 93
1 95 2 25 3 92 4 6 5 54 6 66 7 30 8 32 9 5 10 68 11 86 12 98 13 87 14 15 15 75 16 34 17 86 18 1 19 4 20 60
1 75 2 88 3 11 4 23 5 33 6 20 7 85 8 69 9 32 10 14 11 89 12 12 13 56 14 26 15 57 16 24 17 57 18 85 19 3 20 9
1 5 2 76 3 15 4 62 5 83 6 64 7 46 8 43 9 26 10 13 11 49 12 57 13 37 14 48 15 10 16 13 17 34 18 46 19 56 20 93
1 80 2 84 3 81 4 15 5 86 6 76 7 24 8 39 9 57 10 76 11 81 12 86 13 78 14 94 15 33 16 10 17 27 18 12 19 55 20 97
1 21 2 88 3 54 4 16 5 8 6 34 7 74 8 11 9 24 10 77 11 19 12 12 13 17 14 8 15 59 16 8 17 88 18 21 19 75 20 29
1 83 2 76 3 35 4 19 5 18 6 60 7 84 8 80 9 62 10 20 11 33 12 19 13 85 14 50 15 2 16 39 17 88 18 94 19 67 20 85
1 18 2 31 3 72 4 96 5 88 6 41 7 89 8 76 9 93 10 36 11 4 12 21 13 91 14 76 15 86 16 47 17 89 18 81 19 88 20 41
1 18 2 49 3 22 4 59 5 96 6 70 7 85 8 46 9 75 10 10 11 7 12 5 13 18 14 42 15 92 16 86 17 59 18 90 19 87 20 82
1 10 2 79 3 64 4 50 5 4 6 29 7 8 8 6 9 60 10 79 11 85 12 35 13 35 14 51 15 35 16 24 17 65 18 15 19 11 20 99
1 74 2 21 3 53 4 51 5 80 6 67 7 91 8 44 9 11 10 71 11 10 12 26 13 62 14 93 15 1 16 9 17 82 18 71 19 79 20 65
1 39 2 6 3 3 4 46 5 36 6 5 7 19 8 70 9 61 10 20 11 3 12 98 13 51 14 3 15 56 16 47 17 46 18 86 19 92 20 92
1 25 2 14 3 1 4 39 5 42 6 23 7 45 8 28 9 9 10 23 11 29 12 94 13 65 14 55 15 80 16 92 17 23 18 25 19 44 20 14
1 54 2 48 3 15 4 45 5 25 6 36 7 49 8 72 9 57 10 14 11 41 12 91 13 72 14 84 15 61 16 97 17 90 18 34 19 13 20 47
1 51 2 51 3 41 4 10 5 81 6 25 7 5 8 85 9 56 10 18 11 36 12 18 13 62 14 55 15 70 16 22 17 21 18 50 19 44 20 39
1 82 2 10 3 53 4 40 5 16 6 63 7 94 8 4 9 54 10 33 11 22 12 95 13 39 14 81 15 93 16 17 17 64 18 94 19 35 20 52
1 31 2 16 3 69 4 85 5 77 6 45 7 83 8 97 9 43 10 64 11 29 12 2 13 27 14 91 15 40 16 96 17 66 18 62 19 75 20 50
1 68 2 1 3 68 4 91 5 50 6 78 7 67 8 23 9 36 10 92 11 65 12 13 13 5 14 62 15 60 16 7 17 56 18 19 19 23 20 84
1 50 2 17 3 77 4 63 5 25 6 17 7 73 8 62 9 10 10 63 11 64 12 25 13 1 14 50 15 7 16 59 17 93 18 95 19 41 20 20
1 69 2 37 3 21 4 91 5 12 6 64 7 94 8 5 9 32 10 26 11 16 12 55 13 75 14 27 15 90 16 84 17 86 18 14 19 7 20 36
1 59 2 31 3 80 4 74 5 7 6 14 7 53 8 47 9 34 10 53 11 80 12 9 13 1 14 74 15 62 16 6 17 47 18 58 19 60 20 88
1 8 2 88 3 56 4 82 5 42 6 64 7 63 8 10 9 7 10 69 11 92 12 12 13 44 14 93 15 83 16 16 17 65 18 95 19 60 20 60
1 62 2 3 3 44 4 23 5 14 6 98 7 53 8 10 9 31 10 30 11 81 12 46 13 38 14 37 15 64 16 36 17 90 18 93 19 90 20 71
1 15 2 38 3 57 4 63 5 38 6 35 7 60 8 56 9 14 10 17 11 29 12 71 13 60 14 86 15 24 16 14 17 14 18 69 19 18 20 94
1 99 2 13 3 41 4 49 5 20 6 35 7 85 8 9 9 87 10 27 11 28 12 13 13 90 14 46 15 55 16 78 17 52 18 16 19 7 20 15
1 78 2 63 3 21 4 88 5 96 6 44 7 57 8 12 9 3 10 52 11 88 12 61 13 66 14 93 15 29 16 33 17 37 18 60 19 6 20 3
1 14 2 42 3 20 4 19 5 90 6 10 7 27 8 76 9 58 10 67 11 28 12 54 13 66 14 46 15 78 16 91 17 85 18 3 19 49 20 74
1 23 2 60 3 61 4 57 5 79 6 4 7 59 8 53 9 15 10 21 11 73 12 4 13 14 14 52 15 47 16 66 17 93 18 65 19 91 20 61
1 55 2 76 3 64 4 45 5 58 6 25 7 98 8 5 9 64 10 31 11 38 12 37 13 39 14 62 15 57 16 69 17 41 18 25 19 3 20 86
1 97 2 37 3 83 4 78 5 86 6 98 7 22 8 9 9 22 10 44 11 37 12 32 13 3 14 54 15 71 16 86 17 49 18 89 19 27 20 50
1 37 2 28 3 56 4 33 5 26 6 17 7 43 8 75 9 16 10 19 11 65 12 20 13 28 14 25 15 60 16 64 17 9 18 58 19 5 20 75
1 18 2 35 3 86 4 56 5 99 6 99 7 95 8 22 9 30 10 26 11 41 12 62 13 15 14 2 15 10 16 48 17 93 18 50 19 51 20 39
1 26 2 86 3 21 4 83 5 52 6 25 7 14 8 66 9 20 10 60 11 38 12 48 13 31 14 88 15 5 16 73 17 29 18 95 19 66 20 73
1 84 2 41 3 40 4 59 5 76 6 92 7 63 8 77 9 62 10 69 11 80 12 73 13 84 14 93 15 89 16 90 17 89 18 94 19 13 20 70
1 35 2 41 3 2 4 44 5 94 6 12 7 59 8 62 9 77 10 51 11 64 12 4 13 98 14 42 15 77 16 81 17 20 18 54 19 45 20 15
1 22 2 94 3 75 4 49 5 4 6 22 7 77 8 80 9 35 10 94 11 96 12 38 13 37 14 17 15 14 16 14 17 15 18 88 19 49 20 6
1 14 2 41 3 4 4 61 5 23 6 73 7 6 8 58 9 69 10 60 11 50 12 27 13 64 14 29 15 43 16 88 17 2 18 69 19 17 20 56
1 21 2 42 3 28 4 65 5 79 6 19 7 78 8 20 9 2 10 37 11 90 12 42 13 53 14 32 15 26 16 74 17 95 18 89 19 68 20 34
1 65 2 10 3 63 4 51 5 4 6 58 7 81 8 76 9 48 10 80 11 53 12 53 13 71 14 65 15 3 16 96 17 44 18 67 19 38 20 96
1 54 2 14 3 99 4 64 5 91 6 9 7 21 8 93 9 7 10 48 11 80 12 1 13 46 14 58 15 35 16 27 17 55 18 80 19 40 20 13
1 24 2 47 3 27 4 99 5 39 6 26 7 24 8 66 9 92 10 98 11 35 12 92 13 26 14 16 15 78 16 25 17 51 18 37 19 62 20 72
1 27 2 71 3 68 4 81 5 5 6 4 7 34 8 35 9 56 10 31 11 81 12 32 13 58 14 10 15 64 16 25 17 69 18 89 19 32 20 25
1 63 2 62 3 3 4 99 5 33 6 57 7 93 8 1 9 35 10 18 11 84 12 53 13 49 14 52 15 57 16 85 17 45 18 84 19 52 20 52
1 93 2 66 3 90 4 49 5 83 6 89 7 76 8 96 9 65 10 60 11 89 12 87 13 71 14 1 15 21 16 35 17 11 18 61 19 34 20 89
1 67 2 54 3 68 4 77 5 29 6 58 7 92 8 40 9 88 10 97 11 46 12 22 13 44 14 97 15 52 16 66 17 28 18 99 19 68 20 4
1 81 2 80 3 33 4 8 5 24 6 98 7 76 8 30 9 48 10 44 11 96 12 97 13 6 14 91 15 38 16 56 17 42 18 37 19 9 20 31
1 56 2 18 3 40 4 85 5 29 6 54 7 96 8 45 9 49 10 85 11 5 12 48 13 45 14 24 15 43 16 62 17 46 18 27 19 5 20 12
1 89 2 34 3 88 4 57 5 6 6 76 7 34 8 67 9 51 10 11 11 82 12 93 13 82 14 48 15 3 16 67 17 55 18 22 19 56 20 62
1 18 2 89 3 21 4 84 5 72 6 66 7 38 8 31 9 38 10 9 11 82 12 88 13 39 14 78 15 9 16 17 17 57 18 22 19 67 20 52
1 66 2 45 3 9 4 67 5 38 6 54 7 10 8 96 9 2 10 58 11 96 12 26 13 99 14 72 15 69 16 11 17 55 18 82 19 59 20 25
1 64 2 28 3 64 4 11 5 27 6 35 7 19 8 28 9 87 10 11 11 25 12 54 13 18 14 19 15 59 16 77 17 83 18 36 19 71 20 68
1 57 2 28 3 57 4 57 5 52 6 4 7 52 8 40 9 99 10 87 11 46 12 49 13 37 14 68 15 86 16 10 17 41 18 22 19 90 20 93
1 25 2 37 3 19 4 96 5 34 6 1 7 6 8 40 9 34 10 82 11 51 12 67 13 45 14 38 15 74 16 91 17 81 18 42 19 27 20 55
1 66 2 94 3 10 4 81 5 33 6 12 7 90 8 22 9 4 10 65 11 34 12 54 13 19 14 48 15 87 16 65 17 29 18 34 19 85 20 17
1 99 2 80 3 91 4 94 5 79 6 82 7 78 8 64 9 69 10 26 11 60 12 48 13 34 14 47 15 74 16 76 17 38 18 23 19 23 20 53
1 17 2 45 3 27 4 53 5 92 6 6 7 95 8 30 9 2 10 3 11 18 12 16 13 71 14 92 15 41 16 9 17 52 18 18 19 97 20 9
1 22 2 62 3 89 4 53 5 69 6 25 7 48 8 40 9 59 10 3 11 45 12 15 13 70 14 33 15 30 16 88 17 40 18 88 19 13 20 88
1 77 2 80 3 14 4 79 5 87 6 51 7 16 8 96 9 95 10 49 11 44 12 65 13 59 14 49 15 63 16 95 17 81 18 47 19 78 20 34
1 84 2 29 3 72 4 10 5 39 6 80 7 1 8 64 9 89 10 37 11 83 12 66 13 8 14 42 15 97 16 6 17 48 18 46 19 63 20 67
1 9 2 53 3 91 4 50 5 86 6 55 7 38 8 68 9 73 10 68 11 91 12 5 13 58 14 56 15 17 16 35 17 42 18 55 19 17 20 28
1 75 2 24 3 53 4 31 5 93 6 72 7 83 8 66 9 90 10 44 11 29 12 68 13 38 14 87 15 29 16 86 17 34 18 65 19 47 20 35
1 57 2 11 3 32 4 82 5 42 6 1 7 93 8 41 9 3 10 2 11 43 12 80 13 67 14 6 15 99 16 97 17 70 18 24 19 48 20 9
1 56 2 11 3 45 4 93 5 84 6 44 7 22 8 26 9 70 10 84 11 79 12 82 13 84 14 54 15 27 16 15 17 89 18 88 19 65 20 84
1 28 2 20 3 64 4 43 5 92 6 30 7 33 8 39 9 68 10 85 11 11 12 14 13 65 14 7 15 77 16 81 17 69 18 89 19 12 20 46
1 37 2 53 3 46 4 8 5 28 6 6 7 63 8 48 9 55 10 69 11 22 12 42 13 47 14 15 15 69 16 34 17 25 18 21 19 33 20 93
1 73 2 60 3 24 4 50 5 75 6 58 7 36 8 50 9 91 10 74 11 81 12 70 13 23 14 93 15 66 16 53 17 96 18 77 19 63 20 12
1 35 2 92 3 57 4 32 5 97 6 30 7 73 8 46 9 91 10 52 11 97 12 19 13 28 14 21 15 16 16 81 17 59 18 45 19 63 20 49
1 42 2 38 3 83 4 52 5 92 6 36 7 22 8 49 9 63 10 56 11 44 12 51 13 75 14 34 15 8 16 6 17 48 18 8 19 29 20 8
1 12 2 61 3 60 4 32 5 64 6 13 7 71 8 59 9 91 10 68 11 82 12 98 13 76 14 35 15 78 16 58 17 81 18 26 19 3 20 80
1 90 2 39 3 90 4 32 5 32 6 34 7 69 8 81 9 55 10 13 11 15 12 17 13 87 14 11 15 12 16 48 17 2 18 65 19 35 20 98
