100 20
1 9 2 93 3 84 4 58 5 14 6 31 7 19 8 16 9 41 10 9 11 67 12 74 13 85 14 90 15 77 16 40 17 33 18 42 19 74 20 16
1 45 2 62 3 44 4 68 5 76 6 76 7 78 8 29 9 15 10 30 11 93 12 16 13 38 14 27 15 32 16 31 17 88 18 79 19 86 20 61
1 30 2 55 3 8 4 90 5 70 6 58 7 35 8 11 9 66 10 63 11 26 12 92 13 29 14 98 15 59 16 18 17 39 18 1 19 27 20 4
1 38 2 42 3 69 4 4 5 68 6 30 7 39 8 75 9 87 10 45 11 83 12 30 13 55 14 37 15 31 16 74 17 49 18 18 19 76 20 46
1 78 2 99 3 58 4 84 5 89 6 74 7 1 8 86 9 95 10 58 11 17 12 18 13 70 14 49 15 21 16 43 17 26 18 67 19 66 20 89
1 66 2 63 3 88 4 45 5 52 6 89 7 83 8 80 9 58 10 52 11 21 12 34 13 96 14 69 15 81 16 65 17 61 18 82 19 75 20 61
1 22 2 52 3 10 4 50 5 30 6 84 7 86 8 16 9 54 10 54 11 70 12 37 13 18 14 96 15 80 16 80 17 21 18 58 19 70 20 71
1 62 2 4 3 1 4 4 5 69 6 70 7 77 8 28 9 47 10 78 11 64 12 58 13 47 14 17 15 67 16 84 17 59 18 51 19 47 20 61
1 51 2 97 3 65 4 7 5 71 6 75 7 47 8 83 9 1 10 46 11 54 12 76 13 54 14 59 15 37 16 47 17 55 18 76 19 75 20 23
1 41 2 28 3 78 4 58 5 51 6 40 7 16 8 21 9 88 10 59 11 3 12 39 13 73 14 34 15 45 16 20 17 66 18 35 19 96 20 24
1 79 2 2 3 54 4 78 5 71 6 65 7 95 8 21 9 18 10 54 11 1 12 87 13 29 14 19 15 38 16 44 17 46 18 25 19 48 20 66
1 81 2 42 3 48 4 34 5 73 6 32 7 68 8 60 9 63 10 49 11 19 12 54 13 14 14 40 15 83 16 66 17 27 18 89 19 69 20 34
1 27 2 3 3 97 4 40 5 57 6 3 7 45 8 42 9 1 10 63 11 14 12 29 13 53 14 5 15 71 16 44 17 57 18 77 19 43 20 59
1 25 2 52 3 19 4 34 5 16 6 38 7 61 8 53 9 36 10 87 11 3 12 56 13 1 14 4 15 4 16 98 17 90 18 23 19 78 20 64
1 90 2 18 3 19 4 67 5 82 6 16 7 53 8 18 9 17 10 25 11 71 12 12 13 24 14 32 15 44 16 39 17 40 18 47 19 53 20 75
1 83 2 35 3 53 4 1 5 35 6 67 7 26 8 13 9 52 10 31 11 11 12 37 13 13 14 73 15 37 16 56 17 55 18 81 19 61 20 75
1 34 2 2 3 29 4 2 5 60 6 17 7 55 8 3 9 94 10 70 11 35 12 71 13 62 14 92 15 39 16 47 17 10 18 72 19 5 20 40
1 1 2 15 3 67 4 10 5 31 6 40 7 7 8 54 9 86 10 4 11 2 12 89 13 36 14 33 15 98 16 70 17 91 18 64 19 41 20 19
1 24 2 84 3 50 4 51 5 60 6 3 7 56 8 79 9 8 10 34 11 93 12 79 13 72 14 7 15 90 16 2 17 76 18 1 19 7 20 57
1 19 2 2 3 11 4 84 5 9 6 88 7 50 8 52 9 49 10 10 11 23 12 30 13 75 14 43 15 88 16 66 17 23 18 34 19 1 20 82
1 44 2 40 3 27 4 41 5 9 6 77 7 98 8 64 9 14 10 2 11 19 12 9 13 19 14 28 15 69 16 90 17 71 18 83 19 2 20 16
1 9 2 60 3 1 4 44 5 25 6 86 7 45 8 68 9 1 10 56 11 64 12 7 13 68 14 96 15 30 16 62 17 32 18 25 19 27 20 97
1 54 2 28 3 65 4 7 5 71 6 74 7 8 8 46 9 76 10 45 11 11 12 92 13 54 14 31 15 51 16 48 17 27 18 55 19 39 20 71
1 18 2 48 3 8 4 35 5 62 6 52 7 65 8 95 9 55 10 7 11 37 12 91 13 91 14 73 15 56 16 22 17 98 18 96 19 82 20 84
1 31 2 44 3 19 4 60 5 19 6 56 7 6 8 45 9 24 10 10 11 6 12 44 13 57 14 43 15 1 16 42 17 20 18 83 19 57 20 34
1 67 2 64 3 92 4 35 5 55 6 99 7 23 8 52 9 30 10 6 11 81 12 91 13 89 14 45 15 33 16 55 17 74 18 46 19 50 20 29
1 2 2 80 3 12 4 63 5 96 6 88 7 47 8 21 9 30 10 44 11 64 12 51 13 95 14 57 15 96 16 62 17 11 18 8 19 92 20 1
1 51 2 32 3 96 4 88 5 15 6 5 7 56 8 68 9 10 10 89 11 43 12 4 13 51 14 84 15 35 16 53 17 82 18 41 19 62 20 78
1 72 2 32 3 17 4 9 5 67 6 74 7 27 8 55 9 76 10 1 11 41 12 73 13 89 14 2 15 45 16 99 17 37 18 74 19 95 20 78
1 48 2 95 3 11 4 28 5 21 6 8 7 88 8 29 9 60 10 2 11 47 12 15 13 1 14 64 15 55 16 32 17 49 18 20 19 33 20 68
1 84 2 1 3 47 4 60 5 31 6 76 7 12 8 75 9 90 10 72 11 8 12 86 13 86 14 70 15 46 16 52 17 31 18 36 19 10 20 19
1 85 2 49 3 61 4 10 5 26 6 38 7 97 8 71 9 34 10 74 11 12 12 77 13 16 14 55 15 90 16 61 17 43 18 42 19 81 20 1
1 8 2 51 3 16 4 14 5 25 6 92 7 98 8 28 9 97 10 38 11 95 12 78 13 48 14 66 15 18 16 19 17 25 18 79 19 90 20 26
1 48 2 81 3 95 4 37 5 6 6 86 7 83 8 67 9 74 10 91 11 99 12 55 13 79 14 46 15 10 16 52 17 22 18 39 19 8 20 13
1 32 2 4 3 7 4 47 5 34 6 1 7 12 8 93 9 62 10 11 11 81 12 26 13 31 14 41 15 5 16 40 17 11 18 56 19 67 20 49
1 92 2 8 3 79 4 5 5 72 6 77 7 60 8 21 9 23 10 51 11 16 12 73 13 59 14 20 15 83 16 9 17 60 18 68 19 14 20 67
1 86 2 35 3 58 4 13 5 55 6 57 7 14 8 79 9 72 10 27 11 42 12 59 13 58 14 36 15 63 16 1 17 45 18 10 19 8 20 66
1 62 2 95 3 88 4 69 5 38 6 30 7 60 8 33 9 87 10 91 11 48 12 46 13 18 14 31 15 22 16 2 17 96 18 56 19 17 20 49
1 87 2 35 3 69 4 66 5 69 6 30 7 30 8 77 9 98 10 55 11 78 12 45 13 84 14 47 15 58 16 24 17 56 18 50 19 53 20 12
1 43 2 73 3 3 4 32 5 91 6 25 7 44 8 55 9 97 10 10 11 42 12 73 13 74 14 16 15 47 16 68 17 9 18 92 19 4 20 48
1 35 2 3 3 9 4 71 5 99 6 89 7 92 8 60 9 44 10 59 11 8 12 51 13 60 14 35 15 5 16 81 17 67 18 70 19 79 20 7
1 51 2 1 3 38 4 91 5 3 6 88 7 88 8 6 9 68 10 26 11 38 12 93 13 89 14 85 15 82 16 99 17 47 18 60 19 4 20 41
1 86 2 12 3 19 4 80 5 37 6 55 7 59 8 55 9 26 10 40 11 22 12 72 13 90 14 39 15 60 16 14 17 92 18 47 19 90 20 43
1 15 2 8 3 24 4 93 5 40 6 68 7 68 8 67 9 41 10 72 11 72 12 73 13 44 14 34 15 24 16 19 17 27 18 31 19 80 20 4
1 94 2 3 3 31 4 38 5 44 6 87 7 77 8 2 9 66 10 20 11 79 12 89 13 90 14 84 15 40 16 8 17 65 18 80 19 50 20 89
1 29 2 98 3 45 4 66 5 64 6 86 7 75 8 64 9 83 10 12 11 69 12 7 13 27 14 20 15 92 16 28 17 36 18 2 19 86 20 71
1 34 2 74 3 86 4 68 5 94 6 78 7 38 8 77 9 69 10 56 11 12 12 64 13 99 14 41 15 25 16 58 17 20 18 86 19 58 20 13
1 20 2 11 3 33 4 55 5 5 6 71 7 62 8 50 9 93 10 74 11 6 12 39 13 90 14 5 15 81 16 28 17 33 18 78 19 95 20 82
1 38 2 41 3 4 4 94 5 44 6 10 7 28 8 33 9 66 10 16 11 45 12 51 13 89 14 69 15 23 16 9 17 8 18 43 19 64 20 15
1 15 2 26 3 48 4 9 5 11 6 56 7 75 8 75 9 63 10 17 11 93 12 38 13 22 14 22 15 17 16 24 17 93 18 17 19 48 20 27
1 18 2 77 3 73 4 91 5 96 6 10 7 58 8 70 9 42 10 21 11 11 12 88 13 91 14 78 15 70 16 53 17 51 18 96 19 27 20 47
1 30 2 37 3 63 4 61 5 73 6 80 7 5 8 82 9 49 10 11 11 79 12 78 13 57 14 47 15 91 16 92 17 94 18 33 19 52 20 12
1 37 2 47 3 39 4 4 5 50 6 90 7 58 8 46 9 14 10 84 11 97 12 49 13 33 14 48 15 68 16 36 17 66 18 6 19 54 20 16
1 7 2 35 3 64 4 18 5 8 6 61 7 41 8 65 9 71 10 34 11 35 12 92 13 70 14 65 15 76 16 71 17 81 18 32 19 27 20 95
1 49 2 51 3 65 4 17 5 91 6 23 7 17 8 19 9 28 10 70 11 67 12 40 13 81 14 54 15 52 16 38 17 6 18 8 19 31 20 98
1 14 2 17 3 31 4 37 5 85 6 84 7 7 8 54 9 40 10 95 11 97 12 44 13 4 14 46 15 10 16 63 17 76 18 23 19 95 20 73
1 78 2 46 3 40 4 34 5 92 6 42 7 56 8 4 9 63 10 93 11 72 12 63 13 62 14 30 15 91 16 96 17 53 18 19 19 40 20 14
1 16 2 66 3 54 4 54 5 64 6 86 7 31 8 99 9 10 10 2 11 74 12 29 13 77 14 14 15 30 16 14 17 48 18 1 19 4 20 71
1 54 2 30 3 42 4 43 5 33 6 32 7 12 8 68 9 8 10 82 11 27 12 59 13 20 14 60 15 76 16 44 17 29 18 68 19 24 20 46
1 94 2 79 3 68 4 49 5 85 6 87 7 17 8 99 9 76 10 81 11 52 12 24 13 57 14 8 15 36 16 67 17 57 18 66 19 5 20 69
1 75 2 43 3 70 4 11 5 64 6 88 7 94 8 9 9 29 10 58 11 90 12 78 13 63 14 34 15 71 16 49 17 69 18 97 19 10 20 43
1 22 2 16 3 31 4 22 5 62 6 14 7 11 8 46 9 85 10 59 11 73 12 22 13 70 14 52 15 70 16 45 17 45 18 37 19 2 20 90
1 2 2 40 3 70 4 93 5 44 6 71 7 83 8 13 9 3 10 99 11 27 12 98 13 62 14 17 15 35 16 71 17 94 18 58 19 77 20 29
1 61 2 41 3 47 4 2 5 16 6 41 7 59 8 27 9 18 10 33 11 1 12 99 13 3 14 15 15 45 16 82 17 20 18 11 19 90 20 65
1 73 2 71 3 26 4 97 5 50 6 43 7 7 8 78 9 27 10 50 11 70 12 65 13 96 14 27 15 66 16 18 17 96 18 66 19 82 20 23
1 69 2 28 3 95 4 38 5 89 6 19 7 6 8 52 9 70 10 4 11 81 12 1 13 36 14 30 15 13 16 90 17 30 18 66 19 28 20 36
1 38 2 48 3 97 4 56 5 92 6 93 7 81 8 24 9 38 10 39 11 33 12 7 13 75 14 43 15 92 16 44 17 35 18 2 19 96 20 28
1 13 2 67 3 61 4 71 5 20 6 54 7 53 8 75 9 58 10 74 11 65 12 21 13 60 14 72 15 4 16 85 17 47 18 80 19 71 20 26
1 73 2 36 3 38 4 13 5 66 6 82 7 2 8 76 9 29 10 90 11 36 12 32 13 84 14 78 15 94 16 45 17 14 18 72 19 3 20 18
1 58 2 87 3 30 4 73 5 71 6 5 7 77 8 60 9 6 10 61 11 23 12 29 13 2 14 67 15 69 16 38 17 37 18 80 19 51 20 34
1 89 2 41 3 16 4 7 5 84 6 53 7 56 8 71 9 40 10 17 11 33 12 3 13 51 14 76 15 2 16 63 17 84 18 55 19 3 20 82
1 46 2 58 3 24 4 57 5 59 6 86 7 39 8 55 9 69 10 36 11 98 12 82 13 44 14 70 15 67 16 74 17 61 18 38 19 87 20 35
1 37 2 98 3 26 4 49 5 12 6 52 7 49 8 92 9 43 10 75 11 83 12 3 13 99 14 87 15 60 16 92 17 75 18 53 19 30 20 59
1 95 2 85 3 63 4 21 5 78 6 72 7 87 8 52 9 39 10 93 11 22 12 82 13 21 14 65 15 81 16 59 17 73 18 74 19 33 20 53
1 47 2 69 3 11 4 31 5 69 6 67 7 3 8 21 9 29 10 28 11 45 12 2 13 53 14 36 15 5 16 79 17 76 18 32 19 87 20 4
1 44 2 8 3 16 4 93 5 93 6 64 7 65 8 1 9 40 10 74 11 59 12 21 13 79 14 9 15 2 16 70 17 88 18 3 19 95 20 77
1 76 2 94 3 90 4 67 5 27 6 18 7 49 8 3 9 79 10 12 11 6 12 72 13 46 14 7 15 56 16 33 17 59 18 86 19 33 20 28
1 84 2 59 3 54 4 99 5 30 6 14 7 65 8 34 9 6 10 91 11 89 12 80 13 34 14 35 15 91 16 44 17 52 18 73 19 93 20 98
1 30 2 20 3 58 4 34 5 14 6 46 7 61 8 73 9 87 10 41 11 9 12 57 13 82 14 17 15 19 16 32 17 47 18 89 19 2 20 94
1 17 2 98 3 13 4 84 5 12 6 66 7 90 8 86 9 83 10 75 11 67 12 33 13 40 14 56 15 21 16 43 17 1 18 92 19 4 20 44
1 52 2 89 3 39 4 71 5 72 6 71 7 68 8 42 9 94 10 83 11 14 12 76 13 90 14 14 15 83 16 3 17 1 18 12 19 51 20 46
1 2 2 92 3 23 4 69 5 65 6 30 7 48 8 70 9 15 10 62 11 48 12 19 13 49 14 5 15 22 16 45 17 15 18 29 19 65 20 72
1 45 2 53 3 8 4 11 5 21 6 46 7 95 8 42 9 66 10 23 11 39 12 86 13 4 14 95 15 8 16 41 17 85 18 66 19 68 20 37
1 51 2 46 3 93 4 59 5 14 6 25 7 71 8 15 9 89 10 94 11 61 12 5 13 45 14 52 15 9 16 70 17 50 18 44 19 79 20 64
1 47 2 4 3 59 4 45 5 91 6 35 7 71 8 63 9 94 10 86 11 3 12 77 13 37 14 84 15 50 16 97 17 21 18 42 19 6 20 19
1 96 2 51 3 53 4 95 5 76 6 95 7 50 8 52 9 27 10 97 11 96 12 88 13 92 14 33 15 23 16 38 17 37 18 11 19 6 20 55
1 40 2 1 3 69 4 96 5 76 6 46 7 66 8 8 9 84 10 62 11 95 12 30 13 20 14 90 15 66 16 76 17 46 18 38 19 41 20 83
1 43 2 37 3 93 4 80 5 68 6 92 7 94 8 21 9 68 10 53 11 76 12 40 13 4 14 89 15 52 16 54 17 87 18 86 19 20 20 15
1 61 2 25 3 85 4 58 5 6 6 40 7 98 8 93 9 78 10 55 11 75 12 97 13 52 14 27 15 32 16 81 17 73 18 29 19 34 20 35
1 78 2 29 3 45 4 25 5 54 6 74 7 77 8 85 9 64 10 2 11 27 12 81 13 17 14 31 15 37 16 20 17 69 18 59 19 39 20 13
1 32 2 78 3 84 4 27 5 32 6 84 7 74 8 72 9 85 10 60 11 55 12 60 13 8 14 34 15 54 16 47 17 60 18 8 19 39 20 42
1 10 2 62 3 52 4 65 5 32 6 61 7 9 8 25 9 15 10 56 11 3 12 13 13 59 14 95 15 93 16 49 17 67 18 17 19 39 20 91
1 60 2 90 3 94 4 53 5 25 6 12 7 63 8 75 9 63 10 7 11 80 12 16 13 39 14 37 15 7 16 1 17 38 18 48 19 38 20 39
1 83 2 27 3 14 4 46 5 46 6 59 7 12 8 20 9 7 10 85 11 74 12 49 13 48 14 6 15 73 16 57 17 44 18 41 19 35 20 68
1 61 2 1 3 16 4 37 5 70 6 26 7 76 8 87 9 42 10 26 11 22 12 2 13 81 14 55 15 12 16 47 17 26 18 91 19 37 20 41
1 11 2 82 3 26 4 57 5 33 6 21 7 37 8 67 9 22 10 33 11 47 12 3 13 55 14 19 15 61 16 38 17 63 18 42 19 20 20 62
1 45 2 78 3 57 4 31 5 33 6 71 7 73 8 87 9 46 10 21 11 52 12 95 13 66 14 24 15 27 16 63 17 48 18 43 19 87 20 44
1 87 2 58 3 24 4 50 5 33 6 62 7 56 8 86 9 58 10 42 11 84 12 35 13 91 14 49 15 52 16 86 17 45 18 62 19 3 20 50
1 83 2 57 3 8 4 88 5 10 6 88 7 50 8 22 9 49 10 44 11 6 12 26 13 34 14 40 15 26 16 49 17 93 18 77 19 38 20 15
1 50 2 15 3 22 4 88 5 42 6 63 7 56 8 61 9 64 10 63 11 30 12 4 13 21 14 95 15 20 16 30 17 86 18 95 19 82 20 10
