100 20
1 12 2 72 3 29 4 16 5 22 6 61 7 69 8 71 9 86 10 16 11 54 12 53 13 64 14 96 15 79 16 68 17 98 18 87 19 40 20 74
1 22 2 23 3 47 4 55 5 21 6 90 7 68 8 14 9 42 10 41 11 40 12 63 13 23 14 75 15 4 16 31 17 87 18 25 19 47 20 70
1 1 2 49 3 59 4 11 5 93 6 38 7 5 8 43 9 82 10 33 11 26 12 89 13 86 14 10 15 16 16 72 17 96 18 47 19 9 20 56
1 8 2 69 3 87 4 84 5 62 6 52 7 82 8 66 9 67 10 33 11 3 12 53 13 95 14 42 15 59 16 77 17 38 18 12 19 1 20 66
1 24 2 17 3 58 4 71 5 88 6 63 7 60 8 86 9 8 10 8 11 44 12 99 13 80 14 76 15 94 16 75 17 63 18 57 19 76 20 34
1 27 2 97 3 53 4 16 5 36 6 28 7 50 8 41 9 42 10 86 11 2 12 45 13 86 14 43 15 92 16 73 17 99 18 84 19 83 20 61
1 7 2 8 3 62 4 3 5 21 6 50 7 71 8 95 9 70 10 60 11 4 12 58 13 16 14 30 15 80 16 71 17 59 18 75 19 52 20 25
1 86 2 48 3 53 4 54 5 98 6 36 7 9 8 78 9 80 10 88 11 52 12 30 13 62 14 8 15 45 16 77 17 90 18 52 19 39 20 95
1 86 2 15 3 98 4 59 5 22 6 43 7 85 8 93 9 6 10 46 11 51 12 97 13 79 14 46 15 71 16 18 17 33 18 13 19 3 20 32
1 28 2 48 3 8 4 42 5 26 6 26 7 95 8 44 9 74 10 82 11 28 12 4 13 42 14 81 15 56 16 38 17 50 18 12 19 43 20 51
1 24 2 57 3 68 4 58 5 76 6 70 7 72 8 56 9 56 10 55 11 89 12 23 13 42 14 26 15 87 16 17 17 38 18 24 19 82 20 55
1 47 2 7 3 99 4 89 5 20 6 65 7 3 8 45 9 89 10 96 11 16 12 42 13 70 14 69 15 77 16 46 17 20 18 71 19 91 20 8
1 34 2 72 3 40 4 82 5 60 6 59 7 59 8 43 9 72 10 10 11 63 12 67 13 12 14 41 15 5 16 25 17 67 18 95 19 46 20 37
1 41 2 2 3 25 4 99 5 48 6 24 7 18 8 10 9 23 10 66 11 82 12 84 13 14 14 13 15 88 16 7 17 40 18 20 19 68 20 22
1 92 2 53 3 16 4 10 5 23 6 88 7 65 8 11 9 89 10 78 11 94 12 32 13 64 14 42 15 74 16 87 17 63 18 94 19 87 20 72
1 42 2 16 3 44 4 75 5 32 6 66 7 31 8 6 9 6 10 52 11 7 12 92 13 45 14 70 15 72 16 48 17 86 18 63 19 61 20 92
1 73 2 49 3 53 4 20 5 97 6 58 7 59 8 29 9 98 10 61 11 83 12 8 13 83 14 73 15 2 16 56 17 7 18 15 19 55 20 3
1 73 2 13 3 47 4 76 5 15 6 43 7 44 8 13 9 16 10 18 11 16 12 18 13 3 14 11 15 98 16 9 17 28 18 44 19 14 20 39
1 76 2 92 3 59 4 95 5 11 6 55 7 56 8 16 9 56 10 23 11 84 12 22 13 32 14 40 15 47 16 92 17 61 18 51 19 74 20 85
1 6 2 13 3 32 4 8 5 43 6 30 7 53 8 24 9 2 10 11 11 33 12 27 13 35 14 40 15 40 16 96 17 69 18 23 19 32 20 13
1 5 2 42 3 47 4 47 5 47 6 78 7 94 8 18 9 14 10 97 11 54 12 73 13 94 14 17 15 97 16 7 17 94 18 94 19 68 20 4
1 60 2 70 3 68 4 22 5 17 6 59 7 98 8 55 9 76 10 3 11 21 12 10 13 11 14 44 15 29 16 43 17 60 18 14 19 46 20 3
1 60 2 72 3 90 4 1 5 42 6 74 7 54 8 41 9 15 10 38 11 24 12 91 13 49 14 23 15 63 16 88 17 1 18 30 19 85 20 22
1 94 2 39 3 70 4 85 5 7 6 65 7 43 8 4 9 60 10 90 11 73 12 21 13 25 14 33 15 48 16 25 17 27 18 37 19 63 20 28
1 88 2 27 3 94 4 20 5 54 6 17 7 74 8 35 9 15 10 53 11 64 12 38 13 79 14 45 15 67 16 93 17 16 18 59 19 47 20 95
1 27 2 69 3 38 4 66 5 21 6 65 7 3 8 7 9 10 10 11 11 41 12 64 13 9 14 15 15 71 16 86 17 2 18 26 19 57 20 78
1 84 2 20 3 21 4 3 5 39 6 64 7 51 8 83 9 12 10 16 11 3 12 1 13 88 14 80 15 77 16 2 17 14 18 60 19 45 20 39
1 32 2 97 3 98 4 65 5 86 6 6 7 14 8 99 9 93 10 54 11 54 12 92 13 57 14 39 15 13 16 70 17 73 18 16 19 43 20 9
1 2 2 76 3 38 4 66 5 21 6 32 7 78 8 41 9 52 10 88 11 76 12 14 13 86 14 35 15 81 16 32 17 75 18 38 19 55 20 96
1 19 2 35 3 41 4 77 5 36 6 24 7 52 8 60 9 43 10 30 11 86 12 6 13 8 14 31 15 80 16 82 17 2 18 59 19 47 20 21
1 51 2 9 3 22 4 15 5 84 6 38 7 71 8 11 9 45 10 48 11 29 12 31 13 14 14 56 15 59 16 35 17 7 18 20 19 48 20 88
1 54 2 30 3 81 4 2 5 1 6 78 7 8 8 8 9 71 10 60 11 41 12 39 13 8 14 96 15 3 16 79 17 48 18 23 19 38 20 85
1 32 2 69 3 56 4 99 5 51 6 59 7 47 8 79 9 67 10 83 11 58 12 49 13 50 14 19 15 64 16 5 17 5 18 52 19 15 20 26
1 67 2 11 3 77 4 74 5 88 6 83 7 96 8 73 9 59 10 94 11 15 12 50 13 20 14 54 15 16 16 33 17 9 18 74 19 11 20 21
1 97 2 15 3 43 4 2 5 1 6 74 7 37 8 61 9 3 10 75 11 41 12 86 13 51 14 65 15 42 16 50 17 48 18 88 19 52 20 46
1 48 2 44 3 73 4 95 5 72 6 12 7 30 8 22 9 25 10 92 11 5 12 44 13 90 14 35 15 24 16 64 17 82 18 7 19 34 20 91
1 59 2 5 3 47 4 96 5 7 6 53 7 60 8 77 9 61 10 14 11 88 12 97 13 92 14 65 15 73 16 19 17 99 18 92 19 19 20 66
1 25 2 79 3 36 4 10 5 23 6 37 7 76 8 83 9 58 10 99 11 29 12 35 13 49 14 89 15 79 16 82 17 92 18 45 19 42 20 21
1 51 2 30 3 70 4 2 5 20 6 82 7 13 8 92 9 91 10 2 11 80 12 38 13 54 14 45 15 19 16 65 17 35 18 66 19 26 20 18
1 32 2 51 3 23 4 18 5 87 6 74 7 10 8 76 9 31 10 31 11 93 12 61 13 26 14 39 15 83 16 11 17 57 18 81 19 40 20 97
1 42 2 18 3 31 4 18 5 55 6 82 7 64 8 36 9 48 10 74 11 17 12 60 13 18 14 88 15 37 16 29 17 19 18 51 19 20 20 7
1 43 2 77 3 95 4 92 5 27 6 70 7 91 8 74 9 62 10 80 11 85 12 8 13 39 14 85 15 83 16 76 17 31 18 12 19 69 20 26
1 54 2 91 3 61 4 27 5 88 6 53 7 47 8 39 9 14 10 78 11 90 12 90 13 50 14 64 15 94 16 79 17 10 18 18 19 7 20 26
1 51 2 23 3 43 4 95 5 57 6 30 7 86 8 80 9 55 10 76 11 12 12 91 13 95 14 28 15 12 16 18 17 80 18 32 19 67 20 2
1 4 2 30 3 64 4 69 5 76 6 92 7 50 8 35 9 20 10 23 11 52 12 25 13 82 14 18 15 2 16 29 17 70 18 7 19 36 20 96
1 31 2 49 3 78 4 23 5 37 6 34 7 43 8 7 9 69 10 97 11 15 12 38 13 80 14 78 15 89 16 95 17 1 18 18 19 11 20 11
1 92 2 99 3 81 4 79 5 53 6 47 7 48 8 32 9 58 10 33 11 65 12 86 13 60 14 47 15 89 16 40 17 72 18 54 19 29 20 57
1 93 2 65 3 39 4 8 5 87 6 57 7 5 8 56 9 80 10 2 11 17 12 84 13 86 14 65 15 53 16 5 17 16 18 58 19 60 20 78
1 25 2 71 3 93 4 99 5 6 6 62 7 60 8 33 9 57 10 79 11 7 12 69 13 82 14 26 15 41 16 52 17 38 18 21 19 84 20 74
1 76 2 16 3 75 4 75 5 36 6 79 7 71 8 82 9 70 10 22 11 39 12 8 13 22 14 79 15 90 16 55 17 77 18 3 19 20 20 61
1 48 2 92 3 43 4 35 5 7 6 51 7 85 8 66 9 87 10 71 11 16 12 40 13 22 14 12 15 2 16 90 17 63 18 52 19 15 20 6
1 18 2 87 3 66 4 7 5 43 6 27 7 78 8 80 9 73 10 86 11 82 12 33 13 92 14 8 15 87 16 64 17 7 18 26 19 79 20 49
1 71 2 72 3 69 4 30 5 28 6 46 7 75 8 78 9 34 10 4 11 23 12 69 13 33 14 11 15 5 16 54 17 42 18 12 19 40 20 30
1 51 2 94 3 24 4 28 5 84 6 69 7 44 8 98 9 36 10 21 11 9 12 48 13 30 14 15 15 21 16 43 17 91 18 49 19 86 20 36
1 41 2 10 3 75 4 56 5 70 6 73 7 57 8 51 9 34 10 62 11 3 12 34 13 27 14 29 15 25 16 97 17 30 18 28 19 48 20 99
1 51 2 84 3 28 4 63 5 86 6 99 7 27 8 24 9 36 10 83 11 24 12 54 13 34 14 49 15 43 16 5 17 70 18 56 19 71 20 12
1 30 2 77 3 55 4 92 5 78 6 79 7 52 8 19 9 16 10 21 11 37 12 85 13 56 14 29 15 56 16 23 17 19 18 52 19 39 20 4
1 46 2 59 3 22 4 76 5 34 6 63 7 32 8 72 9 92 10 72 11 26 12 46 13 30 14 49 15 3 16 81 17 4 18 46 19 95 20 20
1 56 2 57 3 85 4 31 5 44 6 1 7 11 8 72 9 6 10 68 11 62 12 18 13 21 14 48 15 32 16 42 17 79 18 74 19 82 20 3
1 64 2 90 3 10 4 72 5 2 6 49 7 88 8 53 9 59 10 88 11 97 12 98 13 94 14 95 15 93 16 95 17 6 18 1 19 15 20 66
1 8 2 37 3 33 4 4 5 8 6 38 7 97 8 75 9 76 10 93 11 69 12 10 13 25 14 40 15 88 16 90 17 57 18 39 19 29 20 97
1 51 2 97 3 5 4 75 5 91 6 80 7 81 8 60 9 97 10 14 11 2 12 55 13 97 14 60 15 8 16 30 17 87 18 42 19 16 20 56
1 86 2 4 3 30 4 15 5 24 6 23 7 57 8 81 9 77 10 43 11 82 12 97 13 3 14 46 15 86 16 62 17 26 18 56 19 67 20 87
1 46 2 66 3 53 4 34 5 52 6 81 7 68 8 48 9 4 10 25 11 76 12 46 13 13 14 72 15 72 16 82 17 32 18 25 19 58 20 17
1 99 2 54 3 81 4 73 5 93 6 73 7 79 8 54 9 72 10 37 11 68 12 22 13 94 14 37 15 15 16 31 17 46 18 33 19 82 20 75
1 1 2 77 3 92 4 57 5 46 6 75 7 2 8 14 9 14 10 79 11 64 12 8 13 73 14 15 15 71 16 6 17 54 18 59 19 49 20 38
1 21 2 60 3 8 4 35 5 81 6 96 7 61 8 89 9 58 10 32 11 59 12 89 13 99 14 7 15 79 16 38 17 1 18 67 19 63 20 42
1 3 2 29 3 23 4 21 5 25 6 48 7 33 8 92 9 2 10 12 11 32 12 38 13 67 14 93 15 80 16 75 17 59 18 51 19 7 20 65
1 6 2 59 3 30 4 67 5 41 6 32 7 63 8 7 9 8 10 89 11 51 12 81 13 9 14 13 15 27 16 74 17 59 18 98 19 31 20 98
1 48 2 74 3 76 4 75 5 78 6 11 7 71 8 54 9 10 10 96 11 97 12 75 13 41 14 30 15 73 16 84 17 22 18 8 19 98 20 68
1 1 2 59 3 53 4 22 5 10 6 48 7 94 8 46 9 57 10 55 11 66 12 69 13 7 14 13 15 64 16 83 17 39 18 46 19 59 20 36
1 69 2 47 3 83 4 25 5 12 6 28 7 30 8 49 9 81 10 56 11 96 12 89 13 73 14 52 15 12 16 98 17 12 18 40 19 70 20 35
1 58 2 95 3 41 4 71 5 90 6 3 7 68 8 5 9 18 10 26 11 2 12 21 13 86 14 8 15 33 16 88 17 33 18 65 19 8 20 89
1 46 2 76 3 57 4 51 5 58 6 62 7 59 8 71 9 12 10 11 11 82 12 56 13 57 14 53 15 45 16 96 17 31 18 39 19 12 20 13
1 8 2 49 3 4 4 33 5 22 6 30 7 34 8 19 9 24 10 56 11 96 12 35 13 43 14 8 15 5 16 65 17 64 18 20 19 54 20 38
1 28 2 81 3 96 4 99 5 79 6 97 7 15 8 6 9 77 10 98 11 5 12 51 13 51 14 60 15 17 16 98 17 46 18 87 19 44 20 18
1 71 2 93 3 97 4 44 5 18 6 59 7 9 8 45 9 78 10 67 11 65 12 50 13 87 14 29 15 80 16 14 17 70 18 10 19 30 20 19
1 51 2 4 3 23 4 9 5 62 6 30 7 20 8 69 9 88 10 22 11 43 12 63 13 67 14 22 15 82 16 41 17 69 18 81 19 21 20 54
1 42 2 53 3 52 4 26 5 69 6 80 7 46 8 10 9 81 10 99 11 6 12 90 13 79 14 34 15 56 16 75 17 54 18 94 19 84 20 55
1 64 2 14 3 18 4 6 5 27 6 20 7 54 8 30 9 58 10 35 11 66 12 85 13 78 14 15 15 29 16 31 17 45 18 41 19 84 20 51
1 4 2 40 3 5 4 37 5 80 6 46 7 14 8 81 9 16 10 10 11 79 12 35 13 41 14 83 15 13 16 93 17 55 18 48 19 35 20 75
1 66 2 82 3 3 4 79 5 78 6 48 7 99 8 91 9 29 10 87 11 27 12 2 13 48 14 33 15 92 16 15 17 55 18 24 19 59 20 41
1 49 2 88 3 67 4 49 5 81 6 89 7 43 8 24 9 70 10 74 11 44 12 23 13 89 14 96 15 80 16 44 17 69 18 7 19 10 20 15
1 55 2 27 3 55 4 2 5 82 6 42 7 88 8 84 9 38 10 69 11 31 12 5 13 3 14 37 15 14 16 35 17 61 18 43 19 38 20 48
1 89 2 86 3 37 4 20 5 33 6 1 7 8 8 61 9 41 10 40 11 10 12 10 13 75 14 9 15 81 16 40 17 13 18 10 19 53 20 28
1 44 2 6 3 18 4 51 5 77 6 47 7 27 8 17 9 42 10 84 11 3 12 69 13 3 14 6 15 94 16 58 17 65 18 36 19 28 20 68
1 73 2 81 3 12 4 89 5 53 6 14 7 88 8 78 9 63 10 81 11 29 12 15 13 81 14 84 15 36 16 8 17 60 18 24 19 57 20 87
1 61 2 57 3 85 4 45 5 69 6 15 7 7 8 87 9 58 10 61 11 82 12 73 13 84 14 63 15 14 16 73 17 84 18 9 19 38 20 67
1 76 2 18 3 70 4 69 5 4 6 58 7 66 8 11 9 1 10 51 11 38 12 16 13 81 14 39 15 56 16 83 17 27 18 29 19 93 20 70
1 64 2 22 3 84 4 25 5 73 6 81 7 10 8 46 9 32 10 38 11 68 12 40 13 33 14 79 15 64 16 36 17 62 18 82 19 44 20 99
1 6 2 49 3 84 4 72 5 39 6 51 7 77 8 59 9 97 10 5 11 83 12 51 13 9 14 9 15 59 16 30 17 86 18 49 19 46 20 13
1 45 2 51 3 68 4 82 5 6 6 99 7 12 8 8 9 36 10 24 11 82 12 73 13 66 14 69 15 71 16 70 17 61 18 42 19 77 20 10
1 2 2 6 3 24 4 97 5 15 6 91 7 32 8 68 9 17 10 1 11 49 12 25 13 46 14 37 15 56 16 50 17 9 18 62 19 10 20 89
1 66 2 98 3 10 4 70 5 92 6 36 7 82 8 54 9 34 10 34 11 5 12 12 13 3 14 56 15 44 16 41 17 14 18 25 19 78 20 25
1 89 2 83 3 78 4 23 5 51 6 7 7 20 8 30 9 30 10 30 11 63 12 82 13 40 14 39 15 37 16 44 17 2 18 27 19 71 20 45
1 57 2 88 3 88 4 43 5 25 6 81 7 3 8 3 9 78 10 97 11 74 12 71 13 50 14 70 15 23 16 43 17 51 18 97 19 57 20 77
1 90 2 58 3 75 4 4 5 12 6 2 7 4 8 28 9 54 10 39 11 30 12 71 13 89 14 33 15 85 16 2 17 69 18 20 19 64 20 94
1 3 2 41 3 37 4 36 5 74 6 53 7 49 8 77 9 13 10 37 11 34 12 31 13 15 14 32 15 45 16 50 17 81 18 46 19 93 20 13
1 47 2 50 3 70 4 21 5 41 6 12 7 18 8 28 9 22 10 60 11 69 12 49 13 38 14 80 15 52 16 45 17 34 18 3 19 61 20 96
1 99 2 49 3 78 4 34 5 78 6 79 7 64 8 55 9 63 10 24 11 58 12 25 13 93 14 73 15 45 16 93 17 37 18 64 19 92 20 59
