100 10
1 80 2 65 3 79 4 47 5 17 6 93 7 56 8 24 9 22 10 40
1 71 2 96 3 59 4 6 5 49 6 63 7 45 8 61 9 33 10 29
1 56 2 10 3 88 4 67 5 86 6 80 7 74 8 65 9 64 10 33
1 72 2 4 3 32 4 24 5 23 6 96 7 65 8 84 9 95 10 87
1 51 2 9 3 79 4 51 5 49 6 8 7 58 8 95 9 44 10 84
1 42 2 28 3 16 4 56 5 71 6 86 7 28 8 73 9 28 10 93
1 56 2 95 3 7 4 56 5 73 6 13 7 98 8 41 9 88 10 36
1 19 2 8 3 13 4 85 5 8 6 44 7 90 8 28 9 93 10 13
1 95 2 2 3 10 4 8 5 99 6 61 7 81 8 53 9 30 10 99
1 82 2 42 3 83 4 47 5 8 6 59 7 40 8 69 9 38 10 29
1 13 2 20 3 78 4 41 5 80 6 12 7 48 8 56 9 95 10 66
1 27 2 67 3 93 4 43 5 99 6 4 7 27 8 18 9 72 10 12
1 55 2 78 3 95 4 81 5 25 6 69 7 88 8 31 9 47 10 75
1 32 2 87 3 50 4 40 5 18 6 53 7 10 8 31 9 74 10 89
1 27 2 47 3 99 4 48 5 73 6 6 7 76 8 34 9 18 10 52
1 40 2 51 3 91 4 14 5 29 6 17 7 37 8 78 9 90 10 41
1 72 2 67 3 11 4 68 5 97 6 5 7 73 8 45 9 94 10 66
1 40 2 33 3 53 4 18 5 8 6 74 7 84 8 22 9 25 10 79
1 4 2 55 3 50 4 3 5 74 6 35 7 28 8 11 9 42 10 43
1 1 2 54 3 94 4 44 5 47 6 87 7 48 8 32 9 46 10 20
1 14 2 17 3 56 4 83 5 77 6 39 7 24 8 63 9 18 10 85
1 30 2 51 3 44 4 95 5 23 6 67 7 75 8 75 9 62 10 71
1 18 2 45 3 40 4 17 5 58 6 66 7 78 8 22 9 23 10 2
1 73 2 44 3 95 4 15 5 95 6 14 7 35 8 36 9 55 10 9
1 55 2 78 3 97 4 95 5 25 6 74 7 93 8 6 9 92 10 12
1 75 2 3 3 84 4 38 5 87 6 68 7 51 8 24 9 85 10 45
1 68 2 45 3 1 4 32 5 3 6 63 7 29 8 53 9 36 10 94
1 3 2 96 3 56 4 44 5 74 6 21 7 36 8 31 9 99 10 44
1 66 2 28 3 27 4 54 5 86 6 90 7 58 8 66 9 17 10 96
1 74 2 59 3 44 4 20 5 33 6 14 7 35 8 24 9 16 10 37
1 90 2 52 3 6 4 48 5 74 6 63 7 46 8 57 9 17 10 18
1 47 2 71 3 92 4 4 5 46 6 60 7 32 8 38 9 46 10 46
1 16 2 9 3 36 4 90 5 59 6 86 7 87 8 66 9 98 10 16
1 70 2 34 3 26 4 70 5 98 6 5 7 54 8 53 9 44 10 20
1 77 2 31 3 6 4 65 5 17 6 38 7 14 8 34 9 45 10 9
1 41 2 22 3 63 4 84 5 21 6 20 7 12 8 17 9 33 10 20
1 82 2 18 3 17 4 53 5 52 6 68 7 43 8 6 9 71 10 37
1 41 2 96 3 93 4 60 5 55 6 31 7 70 8 71 9 28 10 71
1 14 2 17 3 92 4 14 5 18 6 33 7 8 8 49 9 10 10 49
1 66 2 1 3 93 4 78 5 45 6 31 7 38 8 89 9 14 10 44
1 46 2 50 3 52 4 73 5 58 6 19 7 51 8 11 9 70 10 24
1 62 2 68 3 2 4 20 5 38 6 18 7 18 8 53 9 66 10 75
1 57 2 38 3 42 4 77 5 28 6 36 7 63 8 24 9 69 10 26
1 23 2 57 3 72 4 70 5 17 6 48 7 91 8 91 9 95 10 26
1 62 2 90 3 15 4 35 5 91 6 95 7 27 8 27 9 7 10 31
1 97 2 38 3 76 4 68 5 83 6 23 7 67 8 41 9 52 10 63
1 93 2 67 3 77 4 95 5 67 6 20 7 60 8 19 9 3 10 92
1 5 2 52 3 65 4 85 5 13 6 43 7 66 8 59 9 11 10 45
1 18 2 88 3 59 4 57 5 83 6 37 7 8 8 24 9 39 10 72
1 91 2 20 3 34 4 80 5 88 6 88 7 1 8 73 9 22 10 63
1 73 2 7 3 55 4 74 5 30 6 15 7 25 8 18 9 74 10 45
1 99 2 49 3 2 4 69 5 18 6 33 7 38 8 70 9 22 10 19
1 31 2 94 3 31 4 9 5 84 6 78 7 8 8 81 9 24 10 70
1 71 2 99 3 60 4 78 5 91 6 65 7 48 8 78 9 84 10 12
1 94 2 53 3 79 4 7 5 73 6 81 7 66 8 26 9 58 10 98
1 95 2 41 3 69 4 15 5 8 6 53 7 38 8 36 9 92 10 81
1 62 2 23 3 55 4 55 5 85 6 16 7 93 8 36 9 16 10 25
1 40 2 69 3 45 4 2 5 22 6 21 7 44 8 47 9 75 10 57
1 10 2 93 3 85 4 52 5 16 6 31 7 10 8 93 9 59 10 30
1 87 2 75 3 72 4 14 5 93 6 33 7 19 8 81 9 38 10 36
1 84 2 81 3 92 4 19 5 83 6 3 7 71 8 18 9 10 10 34
1 71 2 89 3 52 4 47 5 8 6 91 7 68 8 58 9 63 10 44
1 57 2 44 3 52 4 72 5 51 6 99 7 51 8 96 9 50 10 80
1 11 2 53 3 39 4 14 5 71 6 47 7 39 8 5 9 48 10 76
1 98 2 64 3 85 4 68 5 96 6 40 7 42 8 2 9 97 10 95
1 94 2 28 3 45 4 6 5 39 6 49 7 19 8 85 9 94 10 35
1 99 2 80 3 61 4 39 5 84 6 64 7 25 8 91 9 62 10 13
1 18 2 29 3 39 4 44 5 55 6 92 7 4 8 45 9 53 10 62
1 6 2 28 3 85 4 27 5 37 6 69 7 49 8 33 9 84 10 29
1 53 2 81 3 14 4 11 5 70 6 86 7 51 8 75 9 86 10 39
1 69 2 91 3 39 4 9 5 36 6 15 7 71 8 55 9 21 10 86
1 82 2 67 3 47 4 32 5 97 6 61 7 29 8 49 9 54 10 92
1 98 2 93 3 84 4 30 5 14 6 43 7 26 8 18 9 92 10 63
1 90 2 20 3 84 4 5 5 76 6 58 7 98 8 68 9 37 10 36
1 1 2 43 3 84 4 83 5 96 6 98 7 3 8 87 9 99 10 34
1 90 2 90 3 39 4 55 5 44 6 93 7 5 8 97 9 60 10 99
1 30 2 51 3 39 4 2 5 68 6 41 7 60 8 36 9 41 10 61
1 62 2 13 3 22 4 61 5 63 6 17 7 23 8 4 9 25 10 76
1 13 2 13 3 64 4 38 5 1 6 88 7 38 8 9 9 31 10 82
1 62 2 81 3 61 4 81 5 71 6 79 7 6 8 57 9 83 10 93
1 35 2 23 3 57 4 85 5 59 6 80 7 81 8 45 9 23 10 43
1 43 2 16 3 70 4 22 5 26 6 8 7 13 8 67 9 8 10 85
1 54 2 81 3 73 4 6 5 72 6 9 7 43 8 25 9 11 10 75
1 22 2 14 3 97 4 5 5 14 6 89 7 34 8 39 9 40 10 36
1 77 2 52 3 66 4 82 5 51 6 85 7 57 8 6 9 84 10 59
1 76 2 70 3 49 4 65 5 86 6 46 7 2 8 68 9 25 10 84
1 30 2 3 3 59 4 35 5 52 6 52 7 34 8 66 9 20 10 91
1 44 2 42 3 5 4 90 5 30 6 89 7 54 8 54 9 3 10 16
1 89 2 23 3 72 4 1 5 85 6 84 7 73 8 59 9 59 10 75
1 9 2 30 3 42 4 52 5 38 6 16 7 23 8 15 9 68 10 26
1 77 2 27 3 24 4 70 5 37 6 90 7 10 8 74 9 63 10 3
1 78 2 69 3 90 4 41 5 67 6 28 7 73 8 55 9 45 10 18
1 37 2 36 3 36 4 56 5 87 6 40 7 24 8 99 9 13 10 95
1 63 2 24 3 65 4 2 5 93 6 73 7 93 8 55 9 86 10 99
1 23 2 32 3 78 4 28 5 94 6 59 7 72 8 57 9 46 10 88
1 30 2 9 3 50 4 61 5 37 6 44 7 66 8 84 9 52 10 71
1 41 2 7 3 70 4 72 5 54 6 73 7 61 8 4 9 66 10 35
1 83 2 52 3 17 4 38 5 29 6 80 7 58 8 72 9 94 10 94
1 74 2 27 3 76 4 8 5 94 6 16 7 74 8 81 9 47 10 63
1 10 2 85 3 98 4 64 5 81 6 89 7 77 8 72 9 20 10 24
