100 20
1 4 2 64 3 34 4 65 5 43 6 59 7 53 8 10 9 74 10 16 11 56 12 31 13 43 14 60 15 38 16 9 17 55 18 45 19 98 20 38
1 5 2 74 3 23 4 38 5 99 6 66 7 14 8 5 9 9 10 90 11 60 12 47 13 59 14 27 15 56 16 9 17 1 18 33 19 95 20 94
1 30 2 63 3 96 4 24 5 20 6 17 7 78 8 3 9 29 10 7 11 30 12 15 13 66 14 83 15 23 16 81 17 30 18 84 19 64 20 38
1 55 2 73 3 80 4 28 5 12 6 9 7 54 8 1 9 30 10 12 11 51 12 91 13 30 14 3 15 57 16 2 17 80 18 45 19 2 20 14
1 56 2 36 3 24 4 71 5 2 6 31 7 11 8 70 9 63 10 22 11 18 12 12 13 65 14 38 15 54 16 58 17 6 18 37 19 30 20 65
1 30 2 35 3 65 4 75 5 28 6 5 7 35 8 26 9 64 10 53 11 85 12 94 13 64 14 48 15 66 16 31 17 68 18 28 19 46 20 3
1 85 2 54 3 62 4 86 5 23 6 61 7 93 8 40 9 25 10 28 11 67 12 35 13 20 14 48 15 15 16 53 17 95 18 28 19 72 20 32
1 36 2 82 3 11 4 19 5 29 6 6 7 58 8 93 9 49 10 14 11 38 12 63 13 23 14 95 15 94 16 72 17 73 18 71 19 78 20 9
1 54 2 52 3 47 4 44 5 38 6 48 7 47 8 30 9 18 10 69 11 25 12 27 13 77 14 15 15 64 16 91 17 87 18 63 19 10 20 64
1 26 2 14 3 82 4 13 5 79 6 27 7 55 8 47 9 47 10 85 11 15 12 47 13 53 14 60 15 56 16 3 17 78 18 66 19 58 20 27
1 33 2 59 3 66 4 38 5 13 6 96 7 61 8 42 9 76 10 82 11 92 12 55 13 71 14 96 15 89 16 86 17 10 18 99 19 96 20 96
1 59 2 56 3 80 4 84 5 54 6 9 7 71 8 89 9 51 10 93 11 93 12 64 13 31 14 61 15 19 16 70 17 29 18 84 19 22 20 57
1 90 2 77 3 25 4 12 5 57 6 14 7 47 8 60 9 64 10 52 11 68 12 78 13 75 14 42 15 65 16 6 17 5 18 56 19 76 20 12
1 42 2 55 3 31 4 55 5 56 6 81 7 34 8 43 9 8 10 44 11 27 12 13 13 44 14 93 15 73 16 44 17 25 18 48 19 85 20 96
1 96 2 99 3 24 4 22 5 94 6 86 7 45 8 13 9 19 10 57 11 21 12 92 13 12 14 62 15 69 16 69 17 91 18 27 19 25 20 81
1 26 2 8 3 34 4 89 5 10 6 78 7 86 8 70 9 21 10 55 11 48 12 45 13 87 14 21 15 35 16 73 17 10 18 62 19 29 20 84
1 79 2 55 3 36 4 39 5 7 6 53 7 30 8 16 9 53 10 82 11 25 12 97 13 12 14 6 15 67 16 40 17 92 18 3 19 66 20 5
1 6 2 10 3 21 4 70 5 52 6 89 7 64 8 9 9 55 10 76 11 14 12 28 13 65 14 89 15 47 16 2 17 42 18 80 19 9 20 4
1 63 2 91 3 71 4 34 5 75 6 12 7 38 8 8 9 7 10 38 11 59 12 90 13 78 14 52 15 99 16 5 17 4 18 73 19 87 20 21
1 64 2 20 3 79 4 70 5 81 6 41 7 78 8 14 9 17 10 19 11 59 12 13 13 46 14 15 15 62 16 69 17 51 18 76 19 91 20 38
1 17 2 65 3 14 4 84 5 4 6 68 7 26 8 73 9 20 10 64 11 24 12 25 13 58 14 43 15 67 16 6 17 64 18 9 19 27 20 60
1 10 2 49 3 26 4 99 5 71 6 16 7 94 8 78 9 67 10 80 11 89 12 39 13 70 14 54 15 80 16 11 17 47 18 45 19 32 20 37
1 20 2 82 3 47 4 26 5 55 6 80 7 63 8 42 9 4 10 80 11 63 12 96 13 74 14 64 15 44 16 67 17 35 18 64 19 58 20 35
1 98 2 29 3 7 4 35 5 79 6 70 7 10 8 84 9 5 10 23 11 62 12 75 13 1 14 75 15 93 16 65 17 93 18 85 19 55 20 2
1 53 2 63 3 61 4 9 5 72 6 27 7 98 8 40 9 9 10 50 11 90 12 46 13 75 14 92 15 5 16 49 17 9 18 34 19 95 20 79
1 71 2 72 3 43 4 28 5 28 6 25 7 66 8 45 9 81 10 56 11 34 12 28 13 44 14 1 15 65 16 66 17 53 18 48 19 65 20 14
1 51 2 8 3 12 4 63 5 8 6 46 7 24 8 93 9 27 10 4 11 63 12 21 13 4 14 92 15 96 16 87 17 10 18 82 19 57 20 47
1 80 2 95 3 42 4 47 5 24 6 88 7 59 8 44 9 58 10 98 11 15 12 2 13 51 14 65 15 39 16 71 17 6 18 11 19 37 20 79
1 42 2 69 3 34 4 5 5 13 6 70 7 49 8 94 9 79 10 90 11 17 12 94 13 22 14 22 15 51 16 97 17 49 18 75 19 28 20 7
1 91 2 10 3 32 4 10 5 72 6 94 7 72 8 29 9 58 10 82 11 48 12 10 13 68 14 61 15 89 16 32 17 5 18 50 19 83 20 38
1 91 2 34 3 58 4 98 5 2 6 59 7 30 8 59 9 56 10 56 11 95 12 73 13 48 14 77 15 15 16 73 17 94 18 13 19 92 20 24
1 68 2 64 3 32 4 69 5 24 6 54 7 31 8 20 9 59 10 46 11 79 12 76 13 28 14 46 15 37 16 5 17 66 18 77 19 97 20 68
1 68 2 45 3 52 4 30 5 95 6 49 7 58 8 68 9 11 10 44 11 69 12 16 13 1 14 57 15 87 16 7 17 52 18 27 19 33 20 53
1 40 2 71 3 18 4 83 5 4 6 80 7 11 8 35 9 61 10 72 11 90 12 58 13 89 14 32 15 82 16 66 17 69 18 24 19 90 20 64
1 28 2 44 3 20 4 66 5 13 6 23 7 57 8 24 9 19 10 60 11 57 12 53 13 46 14 14 15 92 16 66 17 91 18 13 19 73 20 92
1 4 2 2 3 88 4 93 5 64 6 99 7 90 8 20 9 7 10 73 11 61 12 35 13 80 14 78 15 37 16 40 17 50 18 53 19 61 20 6
1 44 2 87 3 66 4 14 5 23 6 1 7 80 8 34 9 22 10 40 11 63 12 31 13 32 14 64 15 13 16 2 17 47 18 60 19 73 20 75
1 95 2 35 3 17 4 70 5 4 6 59 7 68 8 75 9 24 10 21 11 22 12 4 13 8 14 1 15 32 16 68 17 33 18 27 19 11 20 57
1 23 2 17 3 43 4 58 5 7 6 30 7 43 8 29 9 41 10 27 11 80 12 43 13 84 14 40 15 65 16 94 17 63 18 41 19 29 20 36
1 94 2 18 3 59 4 33 5 93 6 97 7 97 8 94 9 31 10 33 11 85 12 21 13 80 14 6 15 75 16 65 17 62 18 48 19 22 20 68
1 90 2 99 3 24 4 24 5 90 6 76 7 93 8 50 9 82 10 34 11 35 12 40 13 99 14 78 15 40 16 98 17 8 18 15 19 64 20 47
1 76 2 75 3 16 4 57 5 23 6 10 7 86 8 90 9 84 10 77 11 93 12 34 13 45 14 71 15 51 16 19 17 28 18 48 19 52 20 60
1 25 2 47 3 81 4 6 5 73 6 94 7 46 8 7 9 50 10 82 11 26 12 95 13 17 14 71 15 51 16 45 17 10 18 17 19 35 20 46
1 18 2 21 3 80 4 79 5 12 6 77 7 25 8 75 9 35 10 80 11 54 12 69 13 20 14 75 15 38 16 13 17 57 18 80 19 65 20 46
1 91 2 59 3 67 4 9 5 3 6 49 7 7 8 39 9 26 10 93 11 25 12 12 13 88 14 70 15 32 16 14 17 30 18 63 19 58 20 28
1 60 2 30 3 78 4 40 5 23 6 20 7 69 8 99 9 96 10 61 11 79 12 1 13 61 14 72 15 65 16 61 17 35 18 7 19 52 20 94
1 14 2 74 3 19 4 46 5 9 6 40 7 61 8 56 9 21 10 95 11 6 12 95 13 27 14 63 15 49 16 14 17 66 18 3 19 1 20 50
1 1 2 67 3 97 4 41 5 13 6 30 7 53 8 84 9 29 10 21 11 16 12 49 13 17 14 30 15 69 16 33 17 56 18 41 19 64 20 2
1 99 2 87 3 10 4 18 5 39 6 55 7 46 8 96 9 54 10 84 11 98 12 8 13 18 14 91 15 9 16 57 17 86 18 97 19 31 20 10
1 48 2 45 3 86 4 81 5 21 6 40 7 84 8 40 9 49 10 24 11 28 12 25 13 87 14 54 15 86 16 10 17 79 18 23 19 5 20 39
1 78 2 20 3 36 4 28 5 14 6 83 7 35 8 87 9 9 10 51 11 6 12 73 13 88 14 62 15 77 16 38 17 69 18 38 19 81 20 42
1 10 2 87 3 78 4 22 5 90 6 57 7 5 8 39 9 90 10 87 11 76 12 84 13 37 14 41 15 54 16 22 17 68 18 9 19 30 20 38
1 32 2 56 3 17 4 36 5 42 6 38 7 48 8 26 9 56 10 16 11 37 12 66 13 24 14 63 15 73 16 56 17 30 18 1 19 69 20 81
1 51 2 48 3 57 4 53 5 94 6 81 7 64 8 43 9 72 10 99 11 85 12 36 13 93 14 3 15 47 16 78 17 56 18 10 19 43 20 1
1 35 2 96 3 32 4 86 5 27 6 60 7 9 8 34 9 73 10 25 11 83 12 54 13 13 14 37 15 3 16 2 17 48 18 17 19 75 20 66
1 86 2 83 3 7 4 84 5 33 6 10 7 29 8 91 9 46 10 42 11 1 12 43 13 72 14 62 15 65 16 72 17 65 18 74 19 57 20 88
1 76 2 67 3 58 4 37 5 65 6 52 7 29 8 94 9 61 10 69 11 63 12 46 13 46 14 64 15 33 16 72 17 4 18 81 19 40 20 17
1 72 2 88 3 59 4 92 5 30 6 40 7 81 8 94 9 44 10 80 11 48 12 2 13 10 14 48 15 71 16 98 17 92 18 24 19 91 20 83
1 8 2 11 3 86 4 2 5 45 6 40 7 65 8 94 9 96 10 99 11 59 12 27 13 10 14 62 15 22 16 72 17 56 18 48 19 20 20 58
1 74 2 79 3 54 4 46 5 97 6 9 7 96 8 67 9 55 10 11 11 53 12 71 13 8 14 62 15 22 16 57 17 65 18 91 19 24 20 9
1 87 2 4 3 16 4 7 5 3 6 43 7 26 8 80 9 19 10 12 11 61 12 25 13 58 14 10 15 9 16 57 17 86 18 72 19 32 20 81
1 35 2 4 3 62 4 2 5 31 6 99 7 15 8 96 9 21 10 30 11 24 12 57 13 91 14 1 15 56 16 97 17 22 18 29 19 56 20 8
1 86 2 52 3 65 4 22 5 52 6 38 7 86 8 30 9 55 10 87 11 92 12 55 13 46 14 85 15 47 16 28 17 2 18 87 19 12 20 85
1 69 2 44 3 85 4 71 5 32 6 49 7 31 8 2 9 55 10 71 11 92 12 53 13 56 14 91 15 61 16 39 17 84 18 40 19 18 20 19
1 62 2 41 3 26 4 7 5 81 6 25 7 19 8 85 9 21 10 6 11 68 12 24 13 97 14 63 15 13 16 48 17 98 18 24 19 37 20 64
1 59 2 1 3 8 4 39 5 67 6 11 7 87 8 56 9 87 10 64 11 48 12 84 13 9 14 7 15 37 16 90 17 37 18 75 19 97 20 40
1 27 2 79 3 75 4 70 5 85 6 81 7 64 8 46 9 15 10 22 11 1 12 29 13 3 14 9 15 41 16 3 17 74 18 69 19 66 20 37
1 49 2 30 3 8 4 99 5 50 6 48 7 81 8 26 9 7 10 99 11 68 12 38 13 59 14 42 15 36 16 59 17 50 18 63 19 96 20 68
1 78 2 82 3 83 4 79 5 67 6 15 7 86 8 87 9 22 10 80 11 64 12 35 13 30 14 84 15 89 16 78 17 24 18 41 19 42 20 32
1 63 2 77 3 46 4 61 5 58 6 77 7 12 8 91 9 63 10 86 11 16 12 41 13 96 14 53 15 90 16 2 17 95 18 3 19 82 20 19
1 18 2 38 3 11 4 84 5 41 6 23 7 9 8 44 9 7 10 85 11 26 12 17 13 47 14 2 15 24 16 77 17 28 18 8 19 9 20 11
1 20 2 4 3 95 4 19 5 85 6 18 7 82 8 45 9 4 10 61 11 35 12 98 13 59 14 78 15 63 16 8 17 86 18 56 19 6 20 90
1 31 2 52 3 96 4 1 5 73 6 43 7 52 8 43 9 78 10 10 11 63 12 69 13 14 14 26 15 77 16 51 17 8 18 30 19 70 20 64
1 75 2 53 3 4 4 90 5 10 6 83 7 29 8 87 9 58 10 33 11 18 12 61 13 15 14 10 15 52 16 96 17 2 18 75 19 41 20 22
1 29 2 23 3 69 4 82 5 29 6 30 7 5 8 84 9 26 10 7 11 92 12 55 13 73 14 92 15 88 16 27 17 11 18 74 19 33 20 6
1 2 2 73 3 63 4 19 5 64 6 23 7 11 8 66 9 27 10 31 11 46 12 12 13 67 14 43 15 24 16 81 17 52 18 36 19 41 20 28
1 23 2 73 3 14 4 28 5 26 6 83 7 28 8 38 9 7 10 10 11 14 12 50 13 26 14 54 15 97 16 1 17 91 18 91 19 1 20 18
1 6 2 15 3 84 4 44 5 60 6 65 7 3 8 7 9 26 10 53 11 22 12 36 13 54 14 19 15 67 16 6 17 7 18 42 19 63 20 55
1 18 2 15 3 91 4 43 5 55 6 55 7 56 8 6 9 94 10 97 11 23 12 85 13 29 14 55 15 57 16 82 17 42 18 24 19 68 20 50
1 67 2 51 3 52 4 29 5 90 6 58 7 97 8 94 9 4 10 42 11 79 12 98 13 29 14 6 15 66 16 89 17 42 18 84 19 34 20 84
1 25 2 19 3 37 4 58 5 87 6 31 7 54 8 94 9 96 10 60 11 93 12 55 13 44 14 73 15 72 16 14 17 78 18 15 19 54 20 84
1 66 2 36 3 94 4 42 5 8 6 51 7 55 8 78 9 58 10 22 11 64 12 76 13 13 14 33 15 28 16 17 17 37 18 75 19 32 20 57
1 93 2 18 3 24 4 87 5 66 6 56 7 95 8 39 9 49 10 55 11 80 12 8 13 49 14 73 15 33 16 85 17 42 18 43 19 27 20 6
1 26 2 37 3 45 4 85 5 39 6 54 7 12 8 20 9 60 10 34 11 55 12 25 13 38 14 12 15 39 16 54 17 68 18 48 19 44 20 15
1 37 2 16 3 98 4 74 5 13 6 68 7 57 8 40 9 59 10 22 11 15 12 94 13 28 14 42 15 72 16 91 17 1 18 58 19 67 20 32
1 89 2 3 3 58 4 73 5 90 6 54 7 62 8 75 9 19 10 53 11 86 12 35 13 59 14 49 15 13 16 57 17 37 18 33 19 57 20 57
1 91 2 92 3 29 4 15 5 65 6 85 7 6 8 43 9 50 10 43 11 76 12 83 13 10 14 86 15 6 16 86 17 11 18 56 19 62 20 17
1 72 2 87 3 38 4 76 5 28 6 47 7 17 8 16 9 82 10 55 11 65 12 61 13 29 14 5 15 11 16 89 17 33 18 94 19 68 20 21
1 62 2 93 3 81 4 44 5 40 6 6 7 97 8 54 9 76 10 21 11 53 12 52 13 35 14 92 15 12 16 92 17 12 18 56 19 28 20 1
1 7 2 31 3 30 4 15 5 44 6 98 7 80 8 77 9 34 10 31 11 5 12 90 13 27 14 37 15 46 16 68 17 4 18 82 19 26 20 23
1 56 2 54 3 13 4 42 5 93 6 73 7 3 8 53 9 41 10 39 11 41 12 65 13 69 14 60 15 99 16 86 17 26 18 97 19 62 20 49
1 25 2 17 3 29 4 91 5 85 6 55 7 25 8 94 9 48 10 64 11 73 12 49 13 19 14 37 15 41 16 12 17 1 18 93 19 69 20 10
1 46 2 88 3 43 4 10 5 97 6 75 7 43 8 34 9 66 10 61 11 10 12 99 13 7 14 93 15 85 16 89 17 74 18 92 19 73 20 92
1 9 2 6 3 16 4 34 5 85 6 48 7 79 8 77 9 76 10 57 11 34 12 50 13 17 14 90 15 6 16 38 17 43 18 45 19 77 20 61
1 16 2 13 3 4 4 39 5 74 6 85 7 97 8 56 9 28 10 81 11 84 12 16 13 5 14 23 15 70 16 58 17 9 18 81 19 60 20 65
1 84 2 69 3 76 4 34 5 14 6 31 7 98 8 30 9 53 10 21 11 37 12 66 13 93 14 21 15 65 16 79 17 11 18 85 19 27 20 41
1 45 2 78 3 56 4 89 5 58 6 51 7 21 8 15 9 94 10 29 11 83 12 23 13 22 14 19 15 23 16 12 17 37 18 68 19 24 20 2
1 59 2 13 3 32 4 58 5 60 6 78 7 31 8 77 9 2 10 94 11 75 12 44 13 55 14 89 15 78 16 63 17 50 18 93 19 21 20 8
1 64 2 26 3 84 4 4 5 14 6 48 7 21 8 4 9 98 10 72 11 96 12 26 13 42 14 99 15 21 16 29 17 55 18 94 19 99 20 1
1 70 2 49 3 17 4 57 5 49 6 92 7 14 8 11 9 67 10 33 11 27 12 62 13 57 14 57 15 72 16 68 17 18 18 33 19 93 20 84
