200 10
1 17 2 37 3 22 4 71 5 79 6 37 7 69 8 53 9 59 10 64
1 11 2 67 3 27 4 64 5 59 6 31 7 43 8 42 9 56 10 88
1 71 2 86 3 6 4 54 5 92 6 75 7 83 8 2 9 60 10 62
1 83 2 73 3 55 4 3 5 71 6 34 7 40 8 13 9 62 10 56
1 28 2 53 3 71 4 5 5 73 6 95 7 23 8 49 9 17 10 81
1 88 2 62 3 35 4 78 5 90 6 36 7 46 8 98 9 75 10 36
1 74 2 86 3 67 4 87 5 68 6 1 7 87 8 87 9 7 10 34
1 1 2 91 3 7 4 6 5 46 6 3 7 45 8 55 9 92 10 67
1 13 2 30 3 27 4 19 5 51 6 86 7 20 8 95 9 79 10 48
1 83 2 91 3 78 4 41 5 61 6 90 7 57 8 4 9 21 10 68
1 87 2 62 3 69 4 79 5 69 6 35 7 25 8 68 9 14 10 9
1 74 2 61 3 58 4 81 5 52 6 93 7 44 8 57 9 89 10 81
1 69 2 98 3 78 4 70 5 3 6 70 7 62 8 81 9 61 10 65
1 65 2 33 3 62 4 19 5 57 6 82 7 78 8 94 9 65 10 14
1 9 2 29 3 70 4 90 5 86 6 12 7 40 8 12 9 64 10 32
1 18 2 11 3 40 4 14 5 22 6 49 7 95 8 82 9 7 10 19
1 95 2 39 3 71 4 34 5 89 6 63 7 85 8 60 9 91 10 49
1 46 2 10 3 19 4 50 5 65 6 41 7 58 8 62 9 45 10 67
1 64 2 6 3 77 4 94 5 24 6 38 7 73 8 59 9 61 10 14
1 59 2 83 3 3 4 46 5 16 6 56 7 40 8 7 9 79 10 55
1 30 2 26 3 2 4 29 5 98 6 67 7 92 8 51 9 53 10 82
1 86 2 47 3 36 4 23 5 34 6 66 7 43 8 71 9 31 10 36
1 41 2 6 3 28 4 43 5 18 6 64 7 28 8 13 9 7 10 13
1 93 2 93 3 56 4 72 5 71 6 28 7 95 8 96 9 55 10 58
1 66 2 3 3 77 4 80 5 2 6 82 7 86 8 16 9 29 10 24
1 89 2 96 3 99 4 15 5 49 6 78 7 48 8 64 9 3 10 63
1 14 2 95 3 88 4 9 5 61 6 24 7 38 8 50 9 47 10 42
1 30 2 97 3 49 4 79 5 19 6 80 7 30 8 24 9 58 10 43
1 6 2 95 3 43 4 99 5 22 6 99 7 11 8 99 9 60 10 42
1 33 2 68 3 78 4 26 5 77 6 1 7 13 8 67 9 87 10 31
1 49 2 90 3 6 4 76 5 94 6 76 7 79 8 66 9 51 10 14
1 89 2 87 3 1 4 65 5 53 6 19 7 21 8 98 9 90 10 45
1 77 2 54 3 86 4 2 5 3 6 88 7 39 8 56 9 24 10 91
1 86 2 80 3 58 4 54 5 57 6 42 7 32 8 5 9 43 10 80
1 86 2 47 3 95 4 86 5 40 6 31 7 61 8 12 9 64 10 17
1 52 2 56 3 35 4 60 5 75 6 10 7 50 8 66 9 53 10 58
1 12 2 66 3 81 4 51 5 75 6 71 7 46 8 88 9 58 10 73
1 27 2 26 3 38 4 48 5 8 6 14 7 58 8 89 9 44 10 16
1 20 2 69 3 67 4 80 5 81 6 82 7 27 8 5 9 44 10 38
1 53 2 16 3 48 4 16 5 31 6 79 7 75 8 14 9 67 10 70
1 28 2 82 3 88 4 33 5 69 6 28 7 92 8 66 9 92 10 30
1 67 2 53 3 93 4 45 5 7 6 70 7 58 8 58 9 17 10 41
1 56 2 34 3 62 4 81 5 44 6 95 7 50 8 88 9 19 10 50
1 25 2 88 3 1 4 6 5 45 6 29 7 2 8 54 9 71 10 81
1 22 2 57 3 16 4 88 5 5 6 52 7 23 8 21 9 21 10 58
1 96 2 37 3 46 4 78 5 87 6 91 7 9 8 96 9 93 10 98
1 31 2 78 3 20 4 75 5 18 6 34 7 48 8 49 9 69 10 88
1 30 2 34 3 22 4 81 5 50 6 40 7 73 8 91 9 7 10 1
1 71 2 72 3 8 4 68 5 49 6 7 7 47 8 90 9 59 10 39
1 49 2 28 3 22 4 10 5 96 6 2 7 88 8 90 9 69 10 44
1 74 2 16 3 90 4 7 5 14 6 47 7 48 8 36 9 62 10 1
1 63 2 86 3 49 4 48 5 3 6 51 7 80 8 86 9 97 10 4
1 58 2 79 3 28 4 19 5 93 6 88 7 44 8 74 9 18 10 95
1 2 2 22 3 7 4 82 5 52 6 17 7 59 8 42 9 51 10 79
1 93 2 65 3 27 4 25 5 60 6 72 7 29 8 55 9 58 10 22
1 58 2 61 3 89 4 67 5 14 6 10 7 40 8 11 9 99 10 7
1 20 2 78 3 6 4 71 5 48 6 39 7 58 8 7 9 17 10 63
1 73 2 43 3 14 4 66 5 59 6 75 7 96 8 28 9 12 10 99
1 63 2 19 3 26 4 8 5 72 6 55 7 67 8 1 9 23 10 35
1 6 2 89 3 93 4 88 5 86 6 37 7 53 8 45 9 32 10 69
1 15 2 67 3 57 4 64 5 23 6 9 7 1 8 2 9 43 10 73
1 94 2 96 3 78 4 14 5 32 6 23 7 83 8 29 9 75 10 55
1 91 2 44 3 46 4 59 5 11 6 20 7 68 8 3 9 17 10 55
1 59 2 18 3 31 4 84 5 61 6 55 7 46 8 77 9 59 10 98
1 23 2 18 3 17 4 70 5 73 6 38 7 13 8 77 9 74 10 79
1 51 2 48 3 16 4 93 5 29 6 28 7 6 8 82 9 40 10 9
1 88 2 51 3 48 4 1 5 4 6 77 7 48 8 6 9 1 10 32
1 79 2 40 3 14 4 20 5 86 6 40 7 25 8 94 9 73 10 44
1 98 2 94 3 61 4 65 5 44 6 75 7 4 8 17 9 1 10 12
1 78 2 51 3 55 4 53 5 96 6 92 7 82 8 20 9 22 10 13
1 40 2 43 3 23 4 30 5 16 6 76 7 30 8 59 9 64 10 72
1 61 2 13 3 81 4 25 5 90 6 67 7 21 8 70 9 96 10 99
1 64 2 68 3 61 4 36 5 57 6 86 7 10 8 57 9 88 10 59
1 73 2 43 3 25 4 37 5 70 6 97 7 29 8 33 9 99 10 34
1 96 2 65 3 90 4 52 5 95 6 3 7 64 8 21 9 16 10 70
1 67 2 13 3 96 4 57 5 7 6 30 7 96 8 98 9 72 10 31
1 11 2 36 3 10 4 20 5 26 6 67 7 13 8 60 9 50 10 28
1 32 2 49 3 54 4 46 5 15 6 49 7 94 8 63 9 96 10 43
1 73 2 19 3 19 4 81 5 82 6 69 7 13 8 85 9 32 10 34
1 57 2 69 3 63 4 49 5 56 6 37 7 54 8 60 9 97 10 44
1 52 2 82 3 17 4 66 5 62 6 57 7 58 8 91 9 42 10 69
1 48 2 46 3 18 4 94 5 83 6 48 7 81 8 57 9 93 10 67
1 19 2 65 3 49 4 45 5 22 6 92 7 41 8 38 9 26 10 2
1 90 2 79 3 17 4 61 5 81 6 67 7 18 8 1 9 36 10 31
1 85 2 92 3 6 4 78 5 83 6 39 7 74 8 77 9 85 10 88
1 25 2 33 3 36 4 32 5 82 6 98 7 3 8 46 9 68 10 11
1 30 2 75 3 42 4 93 5 36 6 97 7 1 8 63 9 86 10 54
1 33 2 71 3 1 4 18 5 75 6 55 7 62 8 21 9 71 10 80
1 5 2 48 3 87 4 22 5 5 6 71 7 69 8 75 9 72 10 36
1 54 2 24 3 55 4 5 5 40 6 56 7 8 8 19 9 7 10 12
1 44 2 66 3 39 4 41 5 60 6 11 7 31 8 65 9 16 10 67
1 19 2 69 3 56 4 96 5 78 6 36 7 56 8 12 9 37 10 1
1 50 2 43 3 58 4 13 5 55 6 87 7 20 8 84 9 28 10 59
1 65 2 56 3 2 4 36 5 41 6 7 7 23 8 25 9 81 10 6
1 67 2 5 3 89 4 71 5 86 6 48 7 50 8 54 9 21 10 83
1 27 2 38 3 79 4 71 5 53 6 2 7 9 8 49 9 79 10 39
1 28 2 39 3 70 4 72 5 70 6 38 7 48 8 57 9 11 10 38
1 37 2 56 3 64 4 64 5 68 6 27 7 36 8 94 9 65 10 89
1 23 2 93 3 14 4 57 5 93 6 60 7 82 8 16 9 69 10 57
1 8 2 52 3 98 4 67 5 19 6 56 7 38 8 75 9 69 10 14
1 5 2 44 3 2 4 98 5 27 6 10 7 25 8 27 9 41 10 59
1 89 2 36 3 62 4 29 5 17 6 37 7 35 8 47 9 37 10 52
1 3 2 87 3 4 4 50 5 96 6 74 7 68 8 30 9 69 10 17
1 34 2 95 3 3 4 24 5 51 6 55 7 60 8 61 9 15 10 38
1 83 2 62 3 84 4 44 5 80 6 48 7 45 8 54 9 71 10 10
1 96 2 23 3 8 4 56 5 35 6 72 7 53 8 13 9 72 10 38
1 1 2 69 3 85 4 2 5 28 6 18 7 10 8 70 9 67 10 95
1 72 2 64 3 19 4 60 5 31 6 29 7 43 8 17 9 78 10 28
1 47 2 78 3 77 4 92 5 42 6 86 7 6 8 19 9 28 10 18
1 4 2 24 3 57 4 82 5 7 6 4 7 94 8 9 9 57 10 82
1 98 2 54 3 2 4 71 5 94 6 69 7 51 8 80 9 79 10 85
1 56 2 79 3 46 4 71 5 85 6 52 7 42 8 66 9 82 10 91
1 48 2 70 3 21 4 82 5 12 6 94 7 17 8 45 9 68 10 60
1 93 2 30 3 5 4 31 5 30 6 71 7 29 8 82 9 20 10 13
1 94 2 47 3 57 4 95 5 8 6 46 7 80 8 32 9 7 10 34
1 33 2 33 3 18 4 29 5 19 6 74 7 58 8 52 9 10 10 70
1 78 2 59 3 32 4 20 5 12 6 98 7 18 8 12 9 57 10 73
1 91 2 46 3 64 4 92 5 45 6 86 7 84 8 15 9 99 10 8
1 87 2 61 3 42 4 25 5 35 6 64 7 74 8 40 9 89 10 4
1 43 2 12 3 28 4 68 5 46 6 23 7 3 8 70 9 81 10 14
1 53 2 43 3 43 4 56 5 48 6 83 7 34 8 93 9 95 10 48
1 63 2 93 3 91 4 94 5 32 6 81 7 69 8 29 9 44 10 2
1 66 2 25 3 60 4 69 5 44 6 34 7 68 8 77 9 31 10 10
1 57 2 21 3 56 4 36 5 26 6 11 7 6 8 86 9 2 10 89
1 28 2 62 3 63 4 52 5 12 6 13 7 43 8 99 9 11 10 70
1 82 2 14 3 39 4 83 5 4 6 86 7 93 8 87 9 82 10 78
1 32 2 82 3 24 4 88 5 45 6 48 7 67 8 14 9 34 10 76
1 1 2 51 3 15 4 67 5 57 6 3 7 37 8 15 9 50 10 75
1 80 2 3 3 9 4 28 5 44 6 2 7 71 8 89 9 24 10 73
1 28 2 98 3 17 4 27 5 90 6 4 7 13 8 83 9 43 10 63
1 68 2 74 3 12 4 69 5 38 6 74 7 98 8 86 9 72 10 76
1 53 2 94 3 45 4 30 5 39 6 60 7 69 8 12 9 83 10 21
1 25 2 50 3 47 4 43 5 58 6 11 7 63 8 74 9 6 10 23
1 94 2 93 3 26 4 49 5 30 6 50 7 47 8 89 9 43 10 32
1 45 2 47 3 68 4 13 5 86 6 97 7 2 8 16 9 27 10 38
1 53 2 37 3 94 4 78 5 84 6 49 7 25 8 59 9 36 10 33
1 15 2 36 3 47 4 83 5 24 6 71 7 7 8 6 9 55 10 43
1 82 2 40 3 78 4 64 5 96 6 27 7 99 8 11 9 91 10 78
1 97 2 23 3 48 4 20 5 99 6 39 7 53 8 3 9 65 10 81
1 47 2 25 3 36 4 44 5 29 6 85 7 26 8 4 9 9 10 59
1 55 2 65 3 38 4 76 5 45 6 99 7 84 8 67 9 40 10 93
1 70 2 45 3 75 4 91 5 21 6 72 7 15 8 73 9 43 10 62
1 40 2 43 3 96 4 39 5 23 6 79 7 66 8 19 9 41 10 71
1 60 2 72 3 62 4 17 5 25 6 59 7 95 8 47 9 10 10 94
1 39 2 53 3 50 4 99 5 63 6 59 7 30 8 67 9 18 10 12
1 9 2 41 3 67 4 52 5 39 6 90 7 25 8 13 9 81 10 3
1 8 2 66 3 67 4 51 5 54 6 85 7 10 8 95 9 59 10 64
1 90 2 28 3 48 4 57 5 85 6 78 7 18 8 59 9 11 10 67
1 36 2 24 3 59 4 24 5 39 6 1 7 80 8 58 9 76 10 59
1 90 2 92 3 3 4 51 5 1 6 55 7 50 8 15 9 31 10 99
1 8 2 44 3 91 4 83 5 75 6 66 7 98 8 77 9 8 10 6
1 26 2 47 3 55 4 39 5 91 6 78 7 49 8 23 9 92 10 68
1 88 2 9 3 38 4 60 5 2 6 8 7 86 8 62 9 41 10 66
1 94 2 54 3 9 4 75 5 43 6 9 7 10 8 79 9 10 10 97
1 39 2 30 3 74 4 52 5 90 6 12 7 61 8 34 9 88 10 27
1 68 2 14 3 88 4 74 5 71 6 14 7 16 8 46 9 47 10 54
1 91 2 89 3 59 4 39 5 52 6 91 7 21 8 90 9 58 10 74
1 30 2 63 3 19 4 18 5 88 6 22 7 43 8 60 9 20 10 32
1 67 2 1 3 42 4 95 5 84 6 37 7 30 8 12 9 87 10 13
1 60 2 92 3 52 4 51 5 91 6 76 7 32 8 81 9 57 10 71
1 81 2 44 3 46 4 3 5 93 6 14 7 86 8 23 9 59 10 47
1 76 2 45 3 64 4 10 5 4 6 29 7 69 8 46 9 68 10 89
1 48 2 68 3 13 4 36 5 85 6 35 7 25 8 21 9 44 10 40
1 20 2 83 3 76 4 26 5 50 6 98 7 6 8 83 9 51 10 46
1 99 2 65 3 46 4 24 5 47 6 24 7 32 8 66 9 48 10 83
1 3 2 74 3 97 4 39 5 80 6 27 7 70 8 65 9 1 10 26
1 46 2 8 3 74 4 47 5 19 6 85 7 62 8 33 9 96 10 33
1 5 2 23 3 43 4 63 5 10 6 47 7 73 8 1 9 19 10 92
1 31 2 29 3 68 4 31 5 92 6 48 7 87 8 8 9 90 10 57
1 40 2 25 3 49 4 26 5 35 6 90 7 99 8 30 9 5 10 52
1 12 2 11 3 72 4 32 5 81 6 21 7 81 8 64 9 45 10 4
1 10 2 90 3 11 4 88 5 52 6 96 7 92 8 44 9 54 10 28
1 85 2 51 3 21 4 4 5 42 6 43 7 55 8 89 9 4 10 1
1 97 2 65 3 38 4 87 5 58 6 47 7 53 8 51 9 40 10 80
1 20 2 24 3 77 4 37 5 13 6 29 7 28 8 18 9 22 10 75
1 24 2 79 3 99 4 35 5 45 6 95 7 46 8 15 9 7 10 24
1 45 2 20 3 35 4 61 5 97 6 69 7 78 8 13 9 53 10 16
1 94 2 59 3 64 4 72 5 13 6 47 7 22 8 9 9 68 10 4
1 67 2 92 3 49 4 23 5 37 6 16 7 39 8 47 9 94 10 71
1 36 2 72 3 67 4 78 5 13 6 68 7 36 8 69 9 28 10 69
1 47 2 51 3 44 4 27 5 76 6 4 7 76 8 49 9 5 10 25
1 23 2 67 3 55 4 40 5 58 6 26 7 36 8 83 9 65 10 91
1 77 2 62 3 6 4 57 5 87 6 4 7 11 8 60 9 23 10 87
1 50 2 18 3 23 4 24 5 82 6 16 7 96 8 37 9 29 10 19
1 26 2 56 3 33 4 53 5 6 6 95 7 63 8 84 9 13 10 6
1 19 2 16 3 80 4 37 5 20 6 62 7 81 8 52 9 14 10 67
1 19 2 86 3 1 4 53 5 21 6 33 7 68 8 28 9 25 10 69
1 71 2 60 3 69 4 99 5 53 6 77 7 27 8 29 9 83 10 22
1 10 2 42 3 64 4 80 5 73 6 91 7 38 8 60 9 53 10 38
1 19 2 14 3 35 4 10 5 44 6 97 7 17 8 50 9 22 10 19
1 70 2 88 3 31 4 7 5 81 6 58 7 2 8 89 9 1 10 80
1 52 2 15 3 25 4 11 5 97 6 90 7 62 8 69 9 34 10 66
1 54 2 84 3 62 4 71 5 70 6 60 7 54 8 52 9 71 10 9
1 99 2 41 3 30 4 23 5 60 6 1 7 67 8 55 9 64 10 21
1 16 2 94 3 11 4 90 5 48 6 85 7 34 8 7 9 79 10 95
1 50 2 78 3 39 4 79 5 69 6 27 7 42 8 15 9 51 10 44
1 71 2 32 3 66 4 49 5 8 6 7 7 44 8 1 9 15 10 6
1 51 2 91 3 33 4 77 5 69 6 28 7 8 8 8 9 48 10 7
1 55 2 51 3 89 4 61 5 82 6 39 7 89 8 47 9 24 10 79
1 86 2 60 3 67 4 10 5 61 6 60 7 68 8 72 9 9 10 47
