200 10
1 51 2 36 3 26 4 84 5 92 6 80 7 39 8 29 9 63 10 95
1 46 2 19 3 66 4 98 5 90 6 41 7 9 8 11 9 96 10 69
1 33 2 71 3 64 4 90 5 13 6 45 7 83 8 53 9 3 10 94
1 87 2 11 3 26 4 66 5 58 6 54 7 20 8 50 9 19 10 49
1 68 2 54 3 26 4 35 5 93 6 6 7 76 8 61 9 76 10 65
1 58 2 31 3 60 4 52 5 18 6 45 7 9 8 18 9 73 10 79
1 24 2 96 3 23 4 53 5 38 6 79 7 20 8 51 9 45 10 50
1 56 2 64 3 30 4 21 5 23 6 4 7 86 8 63 9 19 10 6
1 83 2 98 3 42 4 72 5 80 6 68 7 66 8 58 9 41 10 48
1 85 2 52 3 28 4 76 5 74 6 34 7 96 8 18 9 2 10 85
1 35 2 57 3 78 4 18 5 47 6 4 7 71 8 33 9 32 10 32
1 57 2 92 3 89 4 13 5 24 6 60 7 45 8 69 9 24 10 70
1 80 2 82 3 11 4 38 5 60 6 74 7 11 8 71 9 81 10 6
1 21 2 89 3 34 4 41 5 97 6 62 7 53 8 75 9 68 10 9
1 64 2 1 3 66 4 26 5 45 6 97 7 43 8 6 9 90 10 23
1 14 2 51 3 69 4 24 5 86 6 61 7 57 8 74 9 76 10 63
1 28 2 87 3 14 4 26 5 4 6 10 7 82 8 65 9 91 10 39
1 26 2 55 3 89 4 89 5 65 6 79 7 77 8 48 9 84 10 44
1 10 2 82 3 36 4 1 5 55 6 96 7 56 8 43 9 24 10 76
1 2 2 31 3 5 4 30 5 74 6 60 7 99 8 7 9 97 10 26
1 25 2 56 3 21 4 11 5 3 6 36 7 42 8 32 9 84 10 68
1 59 2 22 3 62 4 50 5 72 6 76 7 80 8 20 9 95 10 18
1 21 2 45 3 60 4 83 5 65 6 83 7 55 8 59 9 31 10 90
1 52 2 2 3 35 4 86 5 68 6 93 7 23 8 75 9 79 10 34
1 51 2 46 3 25 4 54 5 8 6 49 7 68 8 56 9 25 10 92
1 1 2 79 3 62 4 1 5 45 6 84 7 22 8 35 9 61 10 64
1 9 2 36 3 29 4 15 5 74 6 68 7 78 8 92 9 94 10 73
1 43 2 17 3 82 4 36 5 81 6 66 7 66 8 83 9 87 10 30
1 91 2 63 3 24 4 98 5 9 6 79 7 85 8 4 9 14 10 50
1 60 2 59 3 87 4 98 5 28 6 77 7 11 8 26 9 14 10 44
1 9 2 32 3 57 4 93 5 50 6 46 7 84 8 28 9 66 10 62
1 17 2 25 3 41 4 6 5 94 6 87 7 36 8 94 9 40 10 64
1 76 2 43 3 27 4 13 5 37 6 35 7 93 8 31 9 84 10 84
1 74 2 71 3 80 4 73 5 19 6 63 7 51 8 27 9 73 10 91
1 59 2 92 3 69 4 31 5 71 6 75 7 26 8 98 9 68 10 1
1 74 2 58 3 6 4 30 5 63 6 30 7 50 8 36 9 72 10 37
1 98 2 99 3 30 4 2 5 2 6 95 7 90 8 45 9 84 10 86
1 88 2 18 3 94 4 24 5 26 6 94 7 63 8 15 9 81 10 21
1 22 2 50 3 80 4 10 5 33 6 51 7 37 8 21 9 41 10 38
1 12 2 10 3 49 4 12 5 50 6 28 7 58 8 4 9 33 10 80
1 97 2 99 3 2 4 68 5 20 6 65 7 74 8 26 9 19 10 27
1 34 2 44 3 32 4 1 5 6 6 62 7 57 8 85 9 23 10 6
1 69 2 39 3 58 4 82 5 12 6 28 7 71 8 23 9 52 10 12
1 93 2 97 3 48 4 66 5 6 6 44 7 93 8 39 9 69 10 27
1 72 2 81 3 86 4 60 5 52 6 13 7 31 8 34 9 91 10 56
1 7 2 85 3 71 4 54 5 60 6 92 7 83 8 67 9 16 10 4
1 28 2 92 3 81 4 76 5 63 6 77 7 47 8 74 9 95 10 23
1 70 2 6 3 12 4 4 5 74 6 90 7 68 8 86 9 19 10 35
1 25 2 72 3 77 4 2 5 44 6 60 7 52 8 82 9 62 10 98
1 33 2 7 3 42 4 98 5 52 6 35 7 96 8 83 9 13 10 37
1 64 2 28 3 30 4 56 5 38 6 57 7 91 8 24 9 38 10 73
1 32 2 7 3 70 4 62 5 5 6 90 7 57 8 41 9 63 10 57
1 25 2 93 3 76 4 5 5 61 6 46 7 82 8 58 9 71 10 8
1 18 2 17 3 91 4 94 5 17 6 3 7 41 8 6 9 44 10 58
1 48 2 82 3 25 4 91 5 58 6 87 7 13 8 8 9 19 10 89
1 89 2 1 3 88 4 39 5 54 6 87 7 39 8 93 9 48 10 93
1 1 2 25 3 66 4 98 5 54 6 92 7 83 8 81 9 90 10 36
1 84 2 55 3 82 4 19 5 38 6 39 7 5 8 1 9 50 10 44
1 38 2 56 3 5 4 74 5 31 6 29 7 21 8 12 9 14 10 75
1 95 2 1 3 32 4 93 5 56 6 27 7 71 8 29 9 28 10 46
1 83 2 11 3 73 4 4 5 73 6 98 7 9 8 36 9 86 10 50
1 20 2 38 3 92 4 16 5 76 6 63 7 18 8 93 9 32 10 65
1 2 2 40 3 81 4 92 5 65 6 51 7 49 8 39 9 10 10 83
1 68 2 36 3 80 4 33 5 38 6 41 7 83 8 61 9 77 10 61
1 97 2 2 3 59 4 82 5 5 6 35 7 62 8 81 9 71 10 27
1 4 2 10 3 75 4 58 5 74 6 86 7 39 8 38 9 84 10 15
1 88 2 77 3 5 4 6 5 42 6 22 7 1 8 61 9 64 10 16
1 37 2 18 3 1 4 2 5 50 6 4 7 16 8 99 9 51 10 74
1 56 2 2 3 62 4 56 5 59 6 75 7 54 8 92 9 18 10 21
1 23 2 96 3 55 4 32 5 9 6 24 7 70 8 16 9 13 10 49
1 63 2 97 3 40 4 84 5 12 6 21 7 16 8 48 9 53 10 31
1 22 2 72 3 28 4 69 5 39 6 10 7 53 8 59 9 77 10 13
1 12 2 73 3 22 4 29 5 13 6 96 7 4 8 45 9 32 10 40
1 75 2 39 3 86 4 63 5 52 6 62 7 56 8 70 9 78 10 85
1 89 2 98 3 9 4 5 5 90 6 9 7 69 8 73 9 24 10 67
1 13 2 49 3 25 4 12 5 94 6 14 7 2 8 98 9 73 10 51
1 7 2 58 3 20 4 39 5 33 6 65 7 33 8 43 9 1 10 73
1 24 2 6 3 32 4 28 5 99 6 42 7 71 8 62 9 75 10 15
1 75 2 7 3 82 4 66 5 9 6 13 7 40 8 40 9 90 10 48
1 97 2 11 3 29 4 10 5 42 6 88 7 73 8 21 9 40 10 26
1 42 2 9 3 69 4 37 5 72 6 46 7 50 8 54 9 87 10 39
1 6 2 65 3 91 4 92 5 95 6 48 7 21 8 19 9 80 10 53
1 81 2 84 3 40 4 28 5 71 6 33 7 41 8 76 9 70 10 48
1 75 2 11 3 10 4 73 5 32 6 21 7 17 8 46 9 75 10 54
1 51 2 57 3 15 4 30 5 20 6 98 7 89 8 36 9 89 10 8
1 26 2 47 3 75 4 3 5 1 6 47 7 97 8 67 9 13 10 14
1 66 2 4 3 60 4 73 5 33 6 70 7 27 8 8 9 83 10 99
1 27 2 47 3 53 4 75 5 79 6 6 7 99 8 36 9 34 10 66
1 77 2 38 3 43 4 52 5 97 6 8 7 42 8 95 9 57 10 84
1 93 2 19 3 71 4 51 5 44 6 18 7 16 8 63 9 77 10 81
1 26 2 39 3 47 4 65 5 16 6 47 7 3 8 62 9 56 10 41
1 11 2 42 3 34 4 56 5 95 6 99 7 78 8 78 9 69 10 47
1 52 2 24 3 66 4 73 5 65 6 6 7 17 8 96 9 62 10 25
1 68 2 34 3 38 4 99 5 41 6 46 7 75 8 26 9 65 10 59
1 41 2 45 3 61 4 47 5 99 6 32 7 87 8 44 9 8 10 50
1 38 2 74 3 59 4 57 5 7 6 77 7 52 8 86 9 83 10 54
1 73 2 75 3 97 4 5 5 94 6 29 7 92 8 47 9 86 10 58
1 23 2 34 3 64 4 9 5 31 6 93 7 90 8 9 9 2 10 96
1 39 2 26 3 99 4 83 5 54 6 34 7 81 8 8 9 81 10 43
1 27 2 51 3 13 4 87 5 34 6 42 7 16 8 19 9 99 10 6
1 44 2 39 3 29 4 17 5 3 6 21 7 40 8 94 9 88 10 52
1 15 2 71 3 55 4 2 5 53 6 85 7 54 8 3 9 70 10 38
1 67 2 42 3 38 4 34 5 15 6 17 7 56 8 86 9 43 10 16
1 59 2 54 3 61 4 8 5 49 6 82 7 30 8 15 9 60 10 14
1 96 2 84 3 89 4 91 5 68 6 45 7 75 8 87 9 62 10 51
1 52 2 65 3 62 4 92 5 21 6 53 7 46 8 50 9 90 10 79
1 17 2 91 3 35 4 34 5 66 6 30 7 63 8 35 9 77 10 56
1 69 2 80 3 82 4 47 5 96 6 77 7 80 8 13 9 18 10 19
1 26 2 67 3 89 4 42 5 93 6 23 7 66 8 34 9 48 10 13
1 22 2 65 3 52 4 18 5 64 6 48 7 83 8 50 9 93 10 26
1 27 2 66 3 10 4 52 5 3 6 81 7 67 8 12 9 77 10 96
1 85 2 66 3 45 4 37 5 95 6 40 7 33 8 26 9 83 10 46
1 68 2 83 3 94 4 9 5 1 6 26 7 71 8 9 9 93 10 76
1 3 2 10 3 99 4 88 5 11 6 84 7 43 8 65 9 38 10 16
1 20 2 71 3 75 4 12 5 23 6 17 7 61 8 79 9 32 10 11
1 65 2 48 3 63 4 51 5 17 6 91 7 14 8 99 9 69 10 60
1 67 2 76 3 33 4 2 5 9 6 72 7 94 8 76 9 54 10 84
1 62 2 31 3 30 4 33 5 11 6 21 7 41 8 61 9 85 10 49
1 29 2 81 3 73 4 82 5 11 6 15 7 55 8 13 9 33 10 40
1 48 2 84 3 89 4 3 5 26 6 82 7 74 8 84 9 43 10 97
1 45 2 50 3 79 4 28 5 88 6 81 7 35 8 53 9 21 10 65
1 86 2 84 3 27 4 44 5 11 6 57 7 41 8 11 9 89 10 83
1 43 2 24 3 76 4 6 5 71 6 33 7 53 8 46 9 36 10 21
1 21 2 35 3 15 4 62 5 22 6 55 7 32 8 38 9 35 10 10
1 42 2 59 3 78 4 29 5 97 6 7 7 28 8 35 9 69 10 83
1 75 2 16 3 75 4 92 5 51 6 61 7 41 8 33 9 92 10 66
1 62 2 27 3 32 4 77 5 52 6 82 7 41 8 53 9 70 10 53
1 72 2 49 3 7 4 65 5 34 6 96 7 59 8 78 9 14 10 74
1 85 2 43 3 98 4 93 5 78 6 8 7 51 8 87 9 13 10 17
1 14 2 21 3 52 4 16 5 21 6 1 7 74 8 71 9 86 10 37
1 32 2 3 3 47 4 99 5 51 6 36 7 34 8 72 9 79 10 33
1 36 2 70 3 67 4 65 5 63 6 72 7 36 8 36 9 60 10 42
1 78 2 30 3 11 4 67 5 77 6 34 7 11 8 60 9 76 10 67
1 9 2 33 3 77 4 37 5 75 6 84 7 84 8 16 9 37 10 20
1 21 2 80 3 83 4 20 5 99 6 52 7 52 8 95 9 49 10 80
1 63 2 96 3 82 4 36 5 11 6 33 7 70 8 1 9 7 10 42
1 52 2 91 3 54 4 70 5 49 6 52 7 1 8 29 9 53 10 58
1 42 2 56 3 35 4 15 5 13 6 94 7 77 8 69 9 39 10 69
1 35 2 42 3 14 4 1 5 44 6 9 7 45 8 51 9 10 10 55
1 64 2 79 3 4 4 50 5 54 6 16 7 86 8 35 9 95 10 94
1 69 2 56 3 80 4 92 5 85 6 50 7 40 8 87 9 99 10 86
1 41 2 42 3 65 4 61 5 63 6 48 7 97 8 96 9 40 10 86
1 66 2 13 3 82 4 85 5 78 6 14 7 86 8 61 9 32 10 32
1 7 2 50 3 61 4 93 5 77 6 70 7 53 8 82 9 99 10 24
1 35 2 77 3 86 4 96 5 97 6 39 7 53 8 21 9 27 10 34
1 68 2 89 3 98 4 7 5 19 6 23 7 40 8 27 9 11 10 84
1 7 2 62 3 27 4 9 5 61 6 29 7 93 8 26 9 37 10 12
1 78 2 68 3 8 4 9 5 86 6 39 7 90 8 47 9 88 10 67
1 58 2 63 3 23 4 6 5 15 6 13 7 86 8 90 9 18 10 15
1 30 2 10 3 8 4 65 5 77 6 84 7 20 8 18 9 76 10 98
1 5 2 68 3 4 4 25 5 46 6 44 7 57 8 20 9 9 10 10
1 64 2 77 3 49 4 63 5 83 6 12 7 52 8 56 9 57 10 79
1 32 2 31 3 45 4 23 5 2 6 48 7 27 8 19 9 95 10 75
1 24 2 49 3 31 4 85 5 21 6 39 7 56 8 85 9 70 10 76
1 62 2 61 3 18 4 22 5 25 6 3 7 58 8 11 9 19 10 41
1 73 2 47 3 12 4 64 5 69 6 61 7 5 8 30 9 17 10 4
1 33 2 38 3 59 4 65 5 68 6 16 7 67 8 6 9 12 10 27
1 93 2 22 3 95 4 10 5 60 6 14 7 75 8 73 9 25 10 6
1 60 2 5 3 97 4 14 5 89 6 11 7 77 8 77 9 67 10 45
1 12 2 40 3 65 4 26 5 28 6 51 7 20 8 46 9 85 10 49
1 78 2 50 3 21 4 31 5 43 6 10 7 88 8 24 9 86 10 46
1 17 2 4 3 36 4 16 5 98 6 30 7 31 8 72 9 71 10 71
1 95 2 12 3 75 4 70 5 56 6 93 7 12 8 92 9 94 10 3
1 9 2 6 3 55 4 65 5 2 6 91 7 97 8 4 9 83 10 87
1 84 2 32 3 3 4 17 5 55 6 42 7 67 8 16 9 85 10 4
1 55 2 16 3 91 4 62 5 63 6 89 7 30 8 8 9 23 10 8
1 83 2 37 3 65 4 18 5 1 6 29 7 47 8 48 9 8 10 31
1 13 2 59 3 89 4 9 5 36 6 69 7 41 8 63 9 31 10 5
1 35 2 46 3 93 4 36 5 56 6 16 7 43 8 94 9 33 10 13
1 35 2 16 3 45 4 25 5 42 6 31 7 42 8 47 9 75 10 9
1 44 2 74 3 56 4 37 5 47 6 50 7 70 8 74 9 50 10 4
1 36 2 81 3 72 4 55 5 38 6 64 7 6 8 21 9 92 10 52
1 96 2 46 3 28 4 13 5 52 6 46 7 73 8 31 9 31 10 99
1 33 2 23 3 69 4 80 5 71 6 40 7 97 8 90 9 11 10 24
1 91 2 93 3 97 4 92 5 60 6 30 7 40 8 36 9 16 10 27
1 4 2 74 3 15 4 36 5 51 6 87 7 94 8 51 9 7 10 25
1 75 2 88 3 45 4 93 5 12 6 44 7 89 8 19 9 93 10 71
1 8 2 15 3 1 4 35 5 60 6 45 7 78 8 44 9 33 10 78
1 6 2 80 3 40 4 12 5 38 6 42 7 98 8 38 9 12 10 96
1 14 2 32 3 37 4 39 5 33 6 43 7 71 8 33 9 99 10 24
1 34 2 17 3 39 4 92 5 77 6 33 7 85 8 83 9 86 10 51
1 69 2 14 3 24 4 42 5 16 6 11 7 75 8 73 9 62 10 89
1 79 2 40 3 32 4 65 5 77 6 62 7 84 8 6 9 13 10 20
1 73 2 39 3 1 4 98 5 19 6 24 7 44 8 88 9 17 10 90
1 13 2 29 3 70 4 70 5 92 6 71 7 93 8 90 9 11 10 88
1 8 2 17 3 36 4 78 5 50 6 21 7 17 8 22 9 92 10 13
1 64 2 90 3 3 4 13 5 28 6 91 7 22 8 72 9 10 10 15
1 82 2 14 3 25 4 66 5 54 6 83 7 5 8 61 9 77 10 85
1 13 2 33 3 29 4 7 5 20 6 50 7 22 8 26 9 37 10 14
1 54 2 65 3 35 4 28 5 78 6 73 7 20 8 61 9 57 10 97
1 29 2 88 3 84 4 71 5 9 6 55 7 28 8 12 9 17 10 98
1 93 2 80 3 99 4 90 5 33 6 81 7 31 8 62 9 39 10 9
1 79 2 47 3 36 4 18 5 31 6 72 7 65 8 35 9 73 10 41
1 47 2 66 3 33 4 12 5 57 6 28 7 73 8 87 9 39 10 67
1 81 2 93 3 17 4 25 5 63 6 32 7 24 8 89 9 27 10 93
1 69 2 76 3 86 4 88 5 67 6 39 7 71 8 76 9 67 10 95
1 6 2 90 3 87 4 49 5 25 6 37 7 1 8 68 9 32 10 67
1 45 2 65 3 48 4 12 5 86 6 37 7 6 8 94 9 58 10 38
1 49 2 51 3 9 4 46 5 98 6 40 7 72 8 26 9 15 10 98
1 37 2 46 3 74 4 61 5 16 6 98 7 26 8 61 9 31 10 4
