200 10
1 88 2 93 3 78 4 54 5 48 6 89 7 7 8 46 9 22 10 64
1 33 2 76 3 49 4 60 5 98 6 69 7 66 8 25 9 93 10 38
1 1 2 94 3 40 4 69 5 22 6 43 7 69 8 69 9 27 10 68
1 23 2 50 3 97 4 37 5 27 6 51 7 71 8 83 9 30 10 73
1 10 2 50 3 69 4 29 5 55 6 5 7 38 8 99 9 37 10 29
1 45 2 4 3 82 4 83 5 21 6 31 7 27 8 43 9 7 10 64
1 39 2 96 3 16 4 92 5 62 6 75 7 18 8 21 9 62 10 4
1 50 2 1 3 96 4 83 5 53 6 65 7 4 8 48 9 42 10 62
1 92 2 22 3 82 4 87 5 21 6 79 7 5 8 19 9 2 10 95
1 18 2 4 3 5 4 79 5 7 6 95 7 82 8 33 9 23 10 7
1 45 2 43 3 49 4 35 5 43 6 84 7 41 8 50 9 62 10 5
1 8 2 43 3 34 4 25 5 31 6 82 7 66 8 48 9 82 10 40
1 59 2 45 3 98 4 56 5 37 6 36 7 85 8 94 9 10 10 45
1 50 2 23 3 95 4 71 5 12 6 21 7 24 8 85 9 26 10 29
1 61 2 55 3 15 4 81 5 23 6 70 7 31 8 52 9 62 10 31
1 70 2 30 3 72 4 73 5 13 6 12 7 69 8 12 9 20 10 73
1 73 2 38 3 84 4 39 5 10 6 69 7 98 8 39 9 66 10 67
1 82 2 29 3 82 4 42 5 83 6 21 7 92 8 34 9 49 10 59
1 63 2 3 3 20 4 11 5 15 6 90 7 61 8 80 9 90 10 81
1 19 2 24 3 36 4 88 5 70 6 76 7 16 8 97 9 59 10 12
1 84 2 24 3 99 4 98 5 24 6 57 7 71 8 38 9 14 10 41
1 45 2 28 3 11 4 81 5 7 6 68 7 24 8 88 9 28 10 7
1 29 2 31 3 38 4 56 5 26 6 17 7 25 8 24 9 53 10 40
1 97 2 89 3 87 4 12 5 97 6 22 7 24 8 7 9 13 10 61
1 36 2 58 3 74 4 53 5 31 6 31 7 4 8 83 9 48 10 78
1 76 2 34 3 28 4 26 5 12 6 60 7 51 8 69 9 88 10 82
1 86 2 68 3 51 4 6 5 79 6 23 7 67 8 71 9 6 10 38
1 17 2 36 3 14 4 49 5 80 6 54 7 63 8 64 9 47 10 31
1 88 2 45 3 82 4 86 5 7 6 84 7 62 8 58 9 89 10 97
1 80 2 54 3 54 4 93 5 23 6 77 7 97 8 55 9 2 10 31
1 52 2 1 3 76 4 89 5 69 6 98 7 68 8 51 9 54 10 33
1 73 2 46 3 94 4 66 5 60 6 37 7 40 8 82 9 29 10 37
1 80 2 27 3 71 4 98 5 47 6 41 7 7 8 79 9 68 10 45
1 59 2 80 3 63 4 10 5 78 6 8 7 31 8 35 9 1 10 64
1 1 2 18 3 5 4 66 5 86 6 18 7 34 8 55 9 18 10 74
1 98 2 90 3 1 4 80 5 34 6 89 7 22 8 2 9 88 10 66
1 91 2 14 3 86 4 6 5 95 6 61 7 59 8 48 9 36 10 5
1 75 2 21 3 55 4 44 5 67 6 87 7 82 8 62 9 7 10 71
1 4 2 92 3 38 4 79 5 15 6 56 7 22 8 38 9 85 10 42
1 72 2 75 3 90 4 62 5 19 6 49 7 18 8 21 9 41 10 21
1 41 2 8 3 16 4 10 5 99 6 83 7 84 8 96 9 8 10 7
1 47 2 62 3 17 4 26 5 84 6 36 7 49 8 42 9 78 10 41
1 61 2 35 3 45 4 65 5 38 6 37 7 49 8 35 9 28 10 99
1 94 2 44 3 9 4 18 5 33 6 32 7 3 8 96 9 50 10 66
1 50 2 76 3 46 4 42 5 91 6 72 7 1 8 46 9 5 10 89
1 39 2 46 3 21 4 9 5 20 6 40 7 88 8 94 9 93 10 33
1 95 2 49 3 57 4 30 5 66 6 45 7 30 8 63 9 68 10 36
1 90 2 81 3 10 4 53 5 82 6 54 7 94 8 25 9 61 10 13
1 27 2 85 3 58 4 14 5 27 6 68 7 49 8 96 9 29 10 28
1 20 2 67 3 12 4 9 5 12 6 53 7 92 8 50 9 48 10 12
1 39 2 29 3 21 4 35 5 70 6 7 7 33 8 15 9 43 10 84
1 43 2 11 3 70 4 71 5 4 6 48 7 58 8 78 9 71 10 37
1 79 2 25 3 28 4 83 5 26 6 6 7 39 8 30 9 15 10 9
1 23 2 30 3 53 4 63 5 2 6 37 7 39 8 45 9 54 10 52
1 40 2 18 3 64 4 98 5 14 6 31 7 12 8 83 9 58 10 28
1 25 2 78 3 25 4 90 5 99 6 26 7 70 8 31 9 47 10 63
1 53 2 4 3 64 4 19 5 10 6 69 7 74 8 57 9 37 10 55
1 21 2 83 3 22 4 72 5 66 6 37 7 81 8 27 9 57 10 22
1 25 2 87 3 21 4 13 5 74 6 26 7 41 8 84 9 9 10 8
1 19 2 64 3 9 4 75 5 30 6 3 7 90 8 4 9 71 10 91
1 11 2 99 3 9 4 98 5 77 6 31 7 62 8 3 9 14 10 90
1 5 2 79 3 42 4 8 5 36 6 78 7 80 8 28 9 59 10 91
1 35 2 11 3 32 4 98 5 49 6 24 7 93 8 38 9 2 10 54
1 63 2 73 3 49 4 25 5 93 6 10 7 59 8 43 9 2 10 77
1 71 2 23 3 73 4 86 5 82 6 48 7 41 8 1 9 75 10 95
1 69 2 35 3 91 4 83 5 11 6 82 7 18 8 90 9 41 10 3
1 12 2 9 3 61 4 58 5 20 6 73 7 50 8 74 9 17 10 35
1 11 2 90 3 96 4 93 5 32 6 10 7 73 8 19 9 59 10 11
1 42 2 8 3 57 4 98 5 6 6 17 7 91 8 98 9 14 10 17
1 4 2 19 3 46 4 40 5 86 6 77 7 5 8 48 9 82 10 3
1 61 2 6 3 34 4 13 5 78 6 76 7 33 8 98 9 87 10 45
1 66 2 21 3 34 4 77 5 59 6 54 7 90 8 41 9 92 10 48
1 57 2 78 3 28 4 59 5 96 6 42 7 63 8 38 9 72 10 52
1 9 2 8 3 16 4 56 5 75 6 56 7 88 8 32 9 62 10 82
1 82 2 85 3 38 4 37 5 29 6 26 7 37 8 57 9 90 10 65
1 36 2 1 3 89 4 43 5 67 6 50 7 71 8 87 9 23 10 69
1 83 2 84 3 32 4 27 5 10 6 83 7 39 8 59 9 17 10 17
1 42 2 63 3 7 4 50 5 33 6 7 7 52 8 16 9 85 10 62
1 72 2 5 3 53 4 33 5 81 6 38 7 48 8 70 9 62 10 22
1 94 2 94 3 33 4 85 5 41 6 93 7 12 8 2 9 40 10 90
1 16 2 26 3 28 4 66 5 62 6 24 7 12 8 41 9 26 10 74
1 84 2 24 3 27 4 51 5 98 6 87 7 12 8 1 9 73 10 99
1 81 2 44 3 10 4 75 5 41 6 32 7 71 8 46 9 18 10 84
1 43 2 93 3 63 4 17 5 52 6 23 7 83 8 68 9 99 10 33
1 65 2 82 3 10 4 90 5 82 6 82 7 41 8 62 9 45 10 81
1 67 2 17 3 50 4 71 5 78 6 93 7 4 8 67 9 21 10 58
1 49 2 10 3 51 4 66 5 4 6 40 7 32 8 2 9 2 10 94
1 2 2 47 3 9 4 13 5 19 6 22 7 89 8 41 9 39 10 96
1 87 2 81 3 60 4 33 5 30 6 86 7 85 8 91 9 25 10 31
1 56 2 22 3 75 4 28 5 44 6 6 7 65 8 2 9 14 10 5
1 91 2 54 3 37 4 26 5 4 6 22 7 66 8 24 9 52 10 46
1 60 2 69 3 87 4 27 5 36 6 39 7 71 8 18 9 21 10 68
1 56 2 72 3 98 4 96 5 23 6 9 7 32 8 4 9 56 10 14
1 14 2 22 3 79 4 10 5 41 6 96 7 38 8 6 9 55 10 89
1 50 2 96 3 44 4 8 5 7 6 82 7 4 8 25 9 7 10 37
1 8 2 8 3 17 4 53 5 20 6 37 7 69 8 77 9 31 10 79
1 19 2 72 3 80 4 37 5 96 6 19 7 1 8 96 9 89 10 46
1 76 2 5 3 66 4 25 5 15 6 41 7 23 8 29 9 66 10 16
1 4 2 27 3 3 4 56 5 75 6 48 7 49 8 73 9 2 10 26
1 82 2 19 3 62 4 93 5 34 6 71 7 45 8 37 9 73 10 36
1 75 2 12 3 94 4 99 5 63 6 12 7 55 8 99 9 30 10 24
1 58 2 34 3 40 4 22 5 74 6 18 7 37 8 46 9 78 10 32
1 55 2 32 3 8 4 52 5 45 6 60 7 83 8 89 9 92 10 31
1 53 2 96 3 47 4 73 5 94 6 5 7 83 8 40 9 78 10 2
1 14 2 54 3 62 4 11 5 2 6 26 7 66 8 48 9 39 10 39
1 4 2 19 3 15 4 46 5 85 6 95 7 75 8 36 9 81 10 6
1 7 2 92 3 30 4 59 5 57 6 33 7 76 8 67 9 13 10 25
1 89 2 63 3 83 4 25 5 50 6 30 7 59 8 23 9 19 10 92
1 65 2 94 3 8 4 9 5 67 6 85 7 89 8 22 9 39 10 21
1 39 2 56 3 41 4 80 5 27 6 32 7 47 8 51 9 58 10 1
1 45 2 2 3 68 4 84 5 91 6 46 7 34 8 92 9 3 10 91
1 66 2 62 3 85 4 9 5 64 6 45 7 63 8 64 9 25 10 62
1 76 2 78 3 6 4 92 5 77 6 87 7 65 8 6 9 95 10 53
1 25 2 71 3 39 4 3 5 17 6 77 7 38 8 22 9 84 10 65
1 78 2 26 3 5 4 88 5 83 6 15 7 1 8 27 9 62 10 94
1 39 2 46 3 62 4 14 5 26 6 45 7 1 8 26 9 76 10 33
1 39 2 92 3 36 4 68 5 90 6 75 7 4 8 2 9 32 10 29
1 39 2 51 3 40 4 20 5 22 6 21 7 63 8 46 9 92 10 72
1 54 2 51 3 89 4 13 5 90 6 62 7 13 8 86 9 76 10 2
1 8 2 80 3 70 4 82 5 13 6 42 7 91 8 87 9 31 10 12
1 54 2 62 3 18 4 82 5 86 6 48 7 99 8 54 9 33 10 55
1 47 2 2 3 9 4 39 5 20 6 57 7 84 8 27 9 99 10 50
1 95 2 79 3 2 4 16 5 17 6 76 7 47 8 12 9 8 10 15
1 27 2 96 3 76 4 48 5 42 6 56 7 15 8 42 9 16 10 12
1 67 2 16 3 60 4 83 5 75 6 65 7 52 8 36 9 87 10 6
1 35 2 15 3 21 4 77 5 26 6 51 7 2 8 42 9 45 10 2
1 94 2 1 3 30 4 97 5 55 6 98 7 5 8 2 9 67 10 94
1 25 2 11 3 3 4 83 5 76 6 27 7 13 8 49 9 28 10 28
1 58 2 24 3 12 4 32 5 19 6 45 7 42 8 50 9 31 10 27
1 75 2 81 3 42 4 54 5 52 6 70 7 1 8 87 9 54 10 63
1 59 2 19 3 71 4 74 5 95 6 31 7 2 8 76 9 26 10 98
1 22 2 30 3 57 4 91 5 6 6 63 7 91 8 19 9 28 10 39
1 54 2 51 3 79 4 27 5 31 6 21 7 76 8 90 9 87 10 75
1 39 2 97 3 33 4 8 5 42 6 38 7 84 8 23 9 78 10 83
1 3 2 57 3 32 4 69 5 67 6 9 7 38 8 78 9 80 10 6
1 91 2 94 3 43 4 98 5 78 6 48 7 79 8 75 9 15 10 13
1 33 2 25 3 5 4 89 5 67 6 33 7 11 8 7 9 65 10 89
1 91 2 63 3 28 4 95 5 16 6 21 7 25 8 4 9 2 10 64
1 44 2 53 3 4 4 90 5 53 6 93 7 50 8 68 9 92 10 93
1 47 2 37 3 38 4 92 5 20 6 79 7 9 8 47 9 71 10 39
1 32 2 46 3 16 4 31 5 49 6 45 7 80 8 53 9 59 10 7
1 57 2 80 3 36 4 68 5 95 6 28 7 68 8 26 9 57 10 28
1 25 2 96 3 78 4 90 5 75 6 45 7 30 8 39 9 52 10 66
1 83 2 33 3 93 4 93 5 40 6 10 7 2 8 53 9 11 10 29
1 46 2 79 3 3 4 2 5 65 6 74 7 52 8 24 9 99 10 66
1 15 2 68 3 92 4 10 5 38 6 21 7 79 8 78 9 93 10 81
1 1 2 26 3 97 4 9 5 98 6 9 7 27 8 28 9 11 10 49
1 92 2 55 3 54 4 79 5 50 6 33 7 27 8 22 9 46 10 41
1 59 2 53 3 47 4 65 5 44 6 77 7 14 8 93 9 64 10 67
1 39 2 55 3 57 4 15 5 32 6 70 7 71 8 31 9 95 10 94
1 39 2 79 3 31 4 45 5 73 6 28 7 46 8 40 9 51 10 14
1 38 2 88 3 93 4 1 5 24 6 44 7 24 8 29 9 95 10 90
1 22 2 5 3 71 4 69 5 40 6 22 7 48 8 4 9 44 10 97
1 36 2 17 3 17 4 81 5 12 6 34 7 71 8 27 9 88 10 17
1 92 2 22 3 13 4 10 5 64 6 61 7 25 8 17 9 22 10 86
1 10 2 43 3 58 4 72 5 52 6 71 7 33 8 26 9 90 10 56
1 29 2 50 3 81 4 61 5 43 6 2 7 81 8 55 9 50 10 53
1 51 2 31 3 12 4 21 5 55 6 56 7 34 8 35 9 50 10 1
1 50 2 50 3 52 4 45 5 25 6 26 7 83 8 72 9 44 10 95
1 70 2 11 3 85 4 78 5 24 6 83 7 69 8 42 9 5 10 82
1 86 2 82 3 57 4 24 5 65 6 19 7 89 8 35 9 47 10 22
1 27 2 67 3 24 4 67 5 15 6 69 7 86 8 77 9 9 10 78
1 45 2 84 3 29 4 74 5 75 6 48 7 50 8 1 9 50 10 63
1 87 2 8 3 42 4 84 5 35 6 63 7 8 8 91 9 55 10 36
1 95 2 4 3 9 4 56 5 38 6 62 7 91 8 42 9 11 10 10
1 7 2 32 3 21 4 97 5 83 6 74 7 38 8 47 9 58 10 97
1 38 2 26 3 38 4 51 5 16 6 32 7 94 8 6 9 58 10 93
1 5 2 11 3 11 4 39 5 30 6 91 7 6 8 84 9 34 10 96
1 23 2 17 3 83 4 43 5 2 6 50 7 12 8 1 9 13 10 73
1 90 2 61 3 60 4 55 5 68 6 48 7 73 8 78 9 53 10 23
1 48 2 76 3 25 4 97 5 84 6 15 7 51 8 6 9 60 10 61
1 91 2 14 3 72 4 73 5 2 6 55 7 44 8 37 9 57 10 45
1 94 2 69 3 69 4 2 5 83 6 26 7 33 8 65 9 75 10 59
1 23 2 41 3 79 4 34 5 48 6 73 7 68 8 61 9 82 10 55
1 16 2 92 3 29 4 73 5 13 6 95 7 1 8 52 9 55 10 66
1 67 2 45 3 24 4 6 5 61 6 25 7 7 8 12 9 20 10 24
1 82 2 39 3 34 4 33 5 82 6 30 7 36 8 4 9 82 10 62
1 69 2 25 3 95 4 51 5 99 6 91 7 63 8 25 9 73 10 35
1 27 2 62 3 29 4 98 5 3 6 12 7 12 8 98 9 33 10 50
1 75 2 17 3 79 4 40 5 44 6 40 7 41 8 55 9 33 10 80
1 47 2 73 3 94 4 48 5 78 6 95 7 53 8 12 9 31 10 67
1 9 2 15 3 36 4 48 5 41 6 35 7 19 8 47 9 54 10 30
1 81 2 42 3 75 4 71 5 84 6 32 7 80 8 21 9 72 10 13
1 68 2 6 3 27 4 54 5 48 6 51 7 7 8 26 9 37 10 20
1 17 2 58 3 73 4 51 5 88 6 34 7 19 8 96 9 19 10 55
1 61 2 59 3 1 4 8 5 31 6 49 7 17 8 30 9 5 10 14
1 37 2 82 3 23 4 54 5 59 6 93 7 43 8 21 9 32 10 39
1 20 2 19 3 33 4 10 5 75 6 98 7 27 8 21 9 87 10 44
1 68 2 66 3 79 4 88 5 20 6 91 7 13 8 16 9 6 10 46
1 33 2 74 3 96 4 3 5 71 6 81 7 74 8 28 9 27 10 88
1 36 2 86 3 6 4 40 5 22 6 83 7 90 8 10 9 7 10 44
1 7 2 66 3 46 4 3 5 99 6 56 7 62 8 48 9 93 10 70
1 25 2 21 3 53 4 47 5 64 6 54 7 33 8 75 9 28 10 96
1 67 2 27 3 25 4 8 5 31 6 59 7 17 8 57 9 96 10 42
1 42 2 29 3 69 4 39 5 82 6 76 7 12 8 58 9 72 10 97
1 88 2 23 3 22 4 60 5 29 6 85 7 90 8 1 9 73 10 8
1 56 2 95 3 98 4 55 5 24 6 84 7 49 8 99 9 75 10 68
1 56 2 54 3 40 4 1 5 99 6 69 7 61 8 26 9 3 10 55
1 7 2 97 3 25 4 60 5 83 6 63 7 44 8 59 9 93 10 9
1 86 2 81 3 57 4 49 5 27 6 29 7 20 8 13 9 91 10 72
