200 10
1 27 2 36 3 70 4 14 5 97 6 81 7 3 8 30 9 73 10 81
1 34 2 93 3 74 4 57 5 73 6 41 7 81 8 76 9 81 10 57
1 48 2 92 3 80 4 36 5 5 6 99 7 61 8 80 9 53 10 56
1 92 2 54 3 57 4 53 5 85 6 21 7 65 8 50 9 76 10 41
1 61 2 66 3 88 4 30 5 62 6 40 7 46 8 35 9 25 10 46
1 45 2 44 3 83 4 59 5 75 6 20 7 88 8 84 9 38 10 71
1 47 2 33 3 33 4 84 5 48 6 59 7 67 8 73 9 8 10 36
1 55 2 41 3 3 4 78 5 79 6 79 7 80 8 67 9 89 10 33
1 90 2 18 3 6 4 82 5 38 6 6 7 24 8 99 9 2 10 67
1 73 2 21 3 50 4 31 5 33 6 29 7 2 8 45 9 16 10 14
1 95 2 79 3 69 4 67 5 92 6 77 7 65 8 93 9 88 10 98
1 35 2 89 3 94 4 30 5 17 6 91 7 83 8 46 9 49 10 92
1 48 2 79 3 40 4 36 5 11 6 15 7 44 8 41 9 28 10 30
1 79 2 59 3 42 4 31 5 36 6 21 7 75 8 93 9 56 10 21
1 19 2 96 3 91 4 48 5 40 6 51 7 8 8 66 9 90 10 63
1 4 2 63 3 61 4 8 5 78 6 82 7 9 8 47 9 41 10 91
1 33 2 61 3 56 4 44 5 16 6 3 7 87 8 92 9 60 10 91
1 82 2 88 3 65 4 28 5 95 6 88 7 35 8 93 9 29 10 60
1 43 2 22 3 10 4 10 5 60 6 8 7 1 8 10 9 67 10 43
1 21 2 69 3 57 4 65 5 50 6 83 7 33 8 14 9 32 10 68
1 37 2 58 3 7 4 22 5 31 6 18 7 48 8 29 9 49 10 39
1 77 2 2 3 24 4 79 5 9 6 77 7 28 8 39 9 76 10 9
1 10 2 77 3 79 4 79 5 44 6 34 7 56 8 91 9 93 10 89
1 49 2 26 3 53 4 26 5 37 6 43 7 96 8 37 9 7 10 94
1 36 2 80 3 7 4 40 5 49 6 57 7 54 8 78 9 11 10 41
1 70 2 25 3 15 4 48 5 25 6 87 7 18 8 81 9 35 10 81
1 42 2 18 3 20 4 63 5 80 6 37 7 89 8 18 9 72 10 84
1 95 2 80 3 43 4 9 5 80 6 74 7 16 8 32 9 93 10 85
1 96 2 57 3 19 4 2 5 28 6 35 7 60 8 12 9 77 10 42
1 21 2 70 3 64 4 87 5 15 6 38 7 6 8 90 9 32 10 17
1 32 2 53 3 86 4 29 5 60 6 23 7 96 8 34 9 33 10 41
1 64 2 56 3 34 4 43 5 83 6 54 7 24 8 65 9 22 10 98
1 77 2 55 3 54 4 17 5 46 6 75 7 80 8 67 9 63 10 87
1 7 2 87 3 5 4 63 5 2 6 87 7 90 8 83 9 5 10 64
1 16 2 32 3 14 4 68 5 41 6 8 7 59 8 52 9 68 10 20
1 51 2 99 3 6 4 72 5 69 6 80 7 25 8 7 9 19 10 87
1 83 2 72 3 78 4 74 5 63 6 21 7 81 8 93 9 85 10 5
1 46 2 71 3 98 4 49 5 99 6 21 7 78 8 97 9 68 10 48
1 68 2 16 3 37 4 80 5 56 6 10 7 80 8 54 9 73 10 84
1 80 2 40 3 93 4 27 5 96 6 11 7 56 8 6 9 57 10 55
1 15 2 30 3 65 4 42 5 12 6 72 7 87 8 2 9 12 10 32
1 94 2 38 3 36 4 49 5 3 6 72 7 83 8 69 9 33 10 89
1 62 2 12 3 17 4 39 5 93 6 25 7 7 8 58 9 10 10 53
1 41 2 55 3 87 4 22 5 92 6 86 7 72 8 77 9 42 10 99
1 96 2 42 3 18 4 6 5 95 6 64 7 11 8 61 9 47 10 13
1 31 2 23 3 72 4 51 5 58 6 46 7 19 8 8 9 46 10 3
1 62 2 48 3 93 4 68 5 52 6 1 7 90 8 16 9 58 10 36
1 60 2 63 3 26 4 89 5 56 6 17 7 36 8 86 9 65 10 66
1 84 2 58 3 27 4 13 5 43 6 16 7 39 8 48 9 29 10 75
1 25 2 7 3 79 4 41 5 32 6 70 7 67 8 87 9 31 10 15
1 86 2 44 3 17 4 31 5 55 6 90 7 3 8 19 9 78 10 81
1 23 2 39 3 82 4 28 5 11 6 43 7 33 8 59 9 8 10 37
1 48 2 79 3 13 4 29 5 6 6 21 7 87 8 13 9 42 10 63
1 72 2 8 3 6 4 22 5 49 6 51 7 69 8 95 9 92 10 44
1 31 2 42 3 63 4 55 5 99 6 40 7 67 8 4 9 51 10 63
1 18 2 73 3 45 4 4 5 30 6 71 7 12 8 85 9 20 10 41
1 22 2 37 3 53 4 32 5 90 6 25 7 19 8 9 9 22 10 51
1 45 2 43 3 44 4 25 5 4 6 33 7 11 8 73 9 99 10 1
1 75 2 98 3 50 4 24 5 61 6 91 7 13 8 57 9 45 10 99
1 83 2 59 3 56 4 83 5 52 6 24 7 64 8 99 9 27 10 95
1 76 2 35 3 82 4 4 5 75 6 68 7 80 8 32 9 76 10 11
1 83 2 66 3 2 4 6 5 14 6 53 7 78 8 18 9 95 10 2
1 84 2 17 3 49 4 19 5 20 6 22 7 79 8 9 9 56 10 64
1 29 2 8 3 59 4 65 5 57 6 34 7 1 8 49 9 12 10 43
1 60 2 31 3 48 4 3 5 83 6 20 7 93 8 44 9 99 10 96
1 1 2 9 3 4 4 79 5 56 6 38 7 1 8 40 9 88 10 54
1 71 2 15 3 59 4 9 5 57 6 58 7 23 8 21 9 5 10 41
1 9 2 31 3 81 4 25 5 87 6 91 7 29 8 30 9 50 10 63
1 55 2 17 3 3 4 24 5 81 6 76 7 28 8 2 9 58 10 77
1 24 2 16 3 49 4 77 5 7 6 4 7 17 8 5 9 11 10 82
1 31 2 9 3 55 4 36 5 95 6 52 7 79 8 73 9 51 10 57
1 40 2 62 3 72 4 86 5 46 6 98 7 70 8 59 9 8 10 52
1 28 2 15 3 40 4 44 5 8 6 31 7 81 8 54 9 59 10 76
1 62 2 73 3 16 4 37 5 39 6 89 7 90 8 39 9 90 10 12
1 58 2 69 3 20 4 81 5 46 6 86 7 60 8 51 9 99 10 7
1 4 2 10 3 79 4 89 5 80 6 63 7 29 8 80 9 54 10 99
1 45 2 59 3 69 4 10 5 67 6 45 7 49 8 92 9 64 10 76
1 53 2 4 3 43 4 29 5 73 6 98 7 76 8 31 9 66 10 11
1 10 2 51 3 27 4 84 5 79 6 78 7 40 8 51 9 10 10 39
1 54 2 31 3 67 4 65 5 63 6 91 7 44 8 42 9 40 10 77
1 32 2 4 3 15 4 2 5 87 6 35 7 7 8 67 9 98 10 75
1 90 2 65 3 25 4 30 5 75 6 4 7 57 8 38 9 55 10 28
1 15 2 88 3 38 4 71 5 21 6 87 7 7 8 28 9 21 10 79
1 1 2 76 3 35 4 57 5 75 6 65 7 9 8 53 9 11 10 75
1 34 2 23 3 44 4 95 5 81 6 31 7 50 8 77 9 43 10 13
1 39 2 12 3 72 4 35 5 65 6 79 7 99 8 51 9 52 10 5
1 80 2 52 3 73 4 15 5 97 6 35 7 53 8 72 9 93 10 36
1 88 2 93 3 64 4 27 5 60 6 92 7 86 8 6 9 26 10 98
1 10 2 46 3 47 4 61 5 39 6 45 7 99 8 50 9 36 10 70
1 4 2 72 3 56 4 67 5 42 6 83 7 12 8 53 9 70 10 53
1 84 2 19 3 43 4 64 5 8 6 75 7 75 8 94 9 39 10 57
1 89 2 16 3 9 4 90 5 34 6 69 7 58 8 35 9 60 10 18
1 72 2 64 3 96 4 92 5 12 6 96 7 85 8 30 9 36 10 21
1 1 2 41 3 59 4 32 5 75 6 45 7 38 8 91 9 93 10 43
1 91 2 73 3 79 4 56 5 76 6 9 7 10 8 36 9 43 10 60
1 67 2 87 3 1 4 7 5 85 6 32 7 52 8 73 9 99 10 38
1 97 2 32 3 72 4 89 5 54 6 10 7 74 8 61 9 61 10 45
1 80 2 99 3 47 4 89 5 8 6 23 7 5 8 27 9 46 10 44
1 41 2 73 3 84 4 20 5 47 6 49 7 10 8 78 9 75 10 66
1 17 2 20 3 86 4 93 5 93 6 88 7 90 8 79 9 78 10 87
1 60 2 3 3 84 4 97 5 75 6 73 7 80 8 31 9 45 10 12
1 22 2 70 3 81 4 88 5 22 6 91 7 33 8 5 9 21 10 57
1 16 2 28 3 84 4 38 5 97 6 98 7 82 8 13 9 3 10 97
1 64 2 25 3 22 4 21 5 58 6 49 7 12 8 77 9 51 10 73
1 27 2 34 3 77 4 29 5 9 6 16 7 92 8 49 9 57 10 57
1 74 2 17 3 51 4 38 5 81 6 94 7 32 8 35 9 32 10 90
1 13 2 77 3 79 4 19 5 75 6 82 7 16 8 13 9 25 10 64
1 88 2 14 3 23 4 15 5 79 6 66 7 48 8 87 9 77 10 72
1 77 2 76 3 50 4 38 5 67 6 53 7 41 8 8 9 57 10 41
1 36 2 5 3 35 4 27 5 5 6 67 7 1 8 3 9 55 10 21
1 7 2 63 3 56 4 12 5 63 6 61 7 56 8 35 9 92 10 88
1 91 2 86 3 65 4 87 5 81 6 82 7 82 8 84 9 7 10 84
1 16 2 43 3 14 4 85 5 83 6 32 7 28 8 39 9 1 10 82
1 89 2 62 3 21 4 24 5 60 6 92 7 64 8 80 9 35 10 42
1 42 2 76 3 93 4 95 5 34 6 85 7 12 8 76 9 69 10 71
1 94 2 86 3 34 4 30 5 41 6 51 7 16 8 95 9 23 10 15
1 35 2 44 3 61 4 94 5 94 6 72 7 5 8 56 9 88 10 76
1 50 2 86 3 45 4 97 5 91 6 46 7 86 8 3 9 69 10 14
1 14 2 14 3 64 4 26 5 19 6 78 7 58 8 59 9 19 10 59
1 39 2 62 3 52 4 15 5 90 6 56 7 79 8 2 9 39 10 49
1 5 2 16 3 23 4 42 5 81 6 88 7 60 8 7 9 16 10 74
1 77 2 89 3 77 4 13 5 58 6 4 7 54 8 24 9 66 10 65
1 85 2 5 3 25 4 48 5 29 6 43 7 94 8 89 9 56 10 27
1 93 2 1 3 42 4 40 5 7 6 50 7 84 8 14 9 24 10 72
1 42 2 64 3 57 4 2 5 84 6 99 7 58 8 89 9 70 10 10
1 15 2 57 3 53 4 95 5 94 6 54 7 9 8 21 9 83 10 23
1 28 2 85 3 46 4 67 5 48 6 2 7 76 8 55 9 47 10 93
1 88 2 45 3 18 4 99 5 20 6 16 7 46 8 31 9 74 10 78
1 84 2 72 3 39 4 29 5 15 6 59 7 89 8 71 9 11 10 40
1 62 2 18 3 11 4 46 5 17 6 87 7 12 8 48 9 96 10 59
1 55 2 66 3 36 4 66 5 57 6 60 7 71 8 35 9 61 10 18
1 69 2 81 3 87 4 78 5 72 6 35 7 90 8 19 9 79 10 47
1 78 2 99 3 59 4 44 5 50 6 61 7 86 8 62 9 9 10 85
1 91 2 66 3 33 4 63 5 84 6 19 7 75 8 5 9 70 10 72
1 32 2 46 3 57 4 41 5 81 6 45 7 68 8 81 9 60 10 43
1 96 2 50 3 88 4 32 5 42 6 49 7 73 8 82 9 6 10 97
1 50 2 83 3 21 4 79 5 97 6 9 7 68 8 5 9 43 10 23
1 29 2 69 3 6 4 9 5 21 6 72 7 96 8 25 9 31 10 76
1 82 2 47 3 50 4 11 5 33 6 6 7 54 8 73 9 16 10 11
1 39 2 21 3 63 4 67 5 30 6 36 7 51 8 13 9 27 10 12
1 70 2 21 3 47 4 18 5 17 6 44 7 57 8 39 9 48 10 86
1 53 2 73 3 93 4 59 5 41 6 81 7 39 8 11 9 49 10 37
1 70 2 79 3 84 4 1 5 1 6 78 7 13 8 8 9 39 10 17
1 83 2 38 3 10 4 73 5 41 6 16 7 43 8 32 9 28 10 87
1 41 2 42 3 45 4 48 5 92 6 27 7 76 8 27 9 8 10 36
1 33 2 16 3 61 4 24 5 36 6 66 7 10 8 47 9 6 10 74
1 79 2 39 3 84 4 64 5 67 6 41 7 6 8 24 9 17 10 53
1 47 2 21 3 91 4 98 5 80 6 62 7 56 8 14 9 39 10 77
1 16 2 69 3 5 4 6 5 66 6 82 7 84 8 6 9 19 10 67
1 65 2 65 3 46 4 8 5 28 6 40 7 35 8 22 9 86 10 75
1 18 2 51 3 10 4 58 5 85 6 21 7 96 8 14 9 99 10 66
1 7 2 40 3 55 4 37 5 35 6 37 7 85 8 66 9 66 10 7
1 64 2 83 3 60 4 91 5 23 6 12 7 92 8 36 9 98 10 66
1 15 2 12 3 57 4 63 5 15 6 41 7 49 8 42 9 7 10 48
1 69 2 75 3 55 4 50 5 94 6 59 7 67 8 20 9 29 10 74
1 51 2 84 3 31 4 98 5 16 6 53 7 66 8 61 9 15 10 31
1 51 2 71 3 51 4 58 5 39 6 84 7 90 8 91 9 22 10 63
1 91 2 22 3 6 4 44 5 19 6 33 7 68 8 4 9 8 10 49
1 67 2 75 3 22 4 21 5 9 6 41 7 37 8 82 9 52 10 4
1 28 2 61 3 70 4 98 5 36 6 54 7 91 8 14 9 87 10 96
1 11 2 34 3 11 4 85 5 82 6 56 7 59 8 76 9 46 10 27
1 91 2 46 3 22 4 61 5 51 6 54 7 82 8 67 9 24 10 33
1 49 2 95 3 7 4 44 5 7 6 8 7 75 8 46 9 38 10 93
1 68 2 12 3 32 4 86 5 78 6 27 7 77 8 72 9 11 10 43
1 80 2 23 3 26 4 75 5 64 6 76 7 60 8 31 9 11 10 21
1 10 2 26 3 97 4 51 5 47 6 79 7 99 8 47 9 70 10 45
1 32 2 1 3 5 4 89 5 92 6 63 7 93 8 96 9 13 10 59
1 34 2 68 3 78 4 85 5 41 6 81 7 36 8 21 9 31 10 46
1 41 2 34 3 9 4 24 5 41 6 88 7 41 8 55 9 27 10 66
1 37 2 4 3 39 4 46 5 8 6 25 7 52 8 41 9 83 10 56
1 74 2 36 3 22 4 4 5 34 6 84 7 54 8 43 9 89 10 29
1 99 2 48 3 26 4 16 5 14 6 45 7 68 8 87 9 40 10 55
1 8 2 51 3 90 4 86 5 75 6 10 7 41 8 40 9 34 10 82
1 34 2 44 3 20 4 34 5 1 6 21 7 44 8 2 9 74 10 36
1 56 2 16 3 93 4 85 5 33 6 41 7 46 8 78 9 37 10 21
1 92 2 9 3 88 4 8 5 23 6 82 7 63 8 91 9 69 10 2
1 45 2 77 3 15 4 2 5 98 6 13 7 69 8 83 9 98 10 2
1 41 2 33 3 63 4 10 5 34 6 20 7 4 8 55 9 38 10 42
1 46 2 90 3 14 4 80 5 96 6 55 7 5 8 56 9 80 10 65
1 37 2 72 3 93 4 27 5 18 6 67 7 6 8 64 9 79 10 4
1 67 2 81 3 59 4 68 5 16 6 95 7 57 8 84 9 44 10 80
1 73 2 54 3 58 4 41 5 24 6 95 7 74 8 38 9 25 10 15
1 40 2 19 3 70 4 20 5 61 6 25 7 31 8 63 9 98 10 72
1 91 2 50 3 34 4 97 5 44 6 1 7 44 8 73 9 78 10 32
1 39 2 77 3 21 4 20 5 31 6 92 7 67 8 80 9 26 10 68
1 56 2 11 3 34 4 90 5 84 6 80 7 50 8 82 9 40 10 23
1 19 2 34 3 78 4 11 5 48 6 98 7 86 8 95 9 69 10 65
1 49 2 24 3 70 4 74 5 48 6 34 7 88 8 52 9 97 10 16
1 6 2 15 3 64 4 47 5 49 6 40 7 90 8 93 9 51 10 18
1 16 2 59 3 56 4 61 5 72 6 22 7 35 8 9 9 33 10 40
1 3 2 13 3 84 4 97 5 89 6 52 7 98 8 42 9 63 10 14
1 74 2 97 3 3 4 94 5 76 6 8 7 46 8 3 9 14 10 78
1 26 2 85 3 46 4 63 5 72 6 32 7 77 8 54 9 45 10 77
1 74 2 84 3 65 4 17 5 3 6 71 7 74 8 84 9 38 10 71
1 49 2 7 3 35 4 88 5 35 6 62 7 13 8 40 9 73 10 24
1 71 2 70 3 22 4 11 5 97 6 71 7 36 8 38 9 51 10 21
1 90 2 87 3 87 4 82 5 14 6 99 7 99 8 22 9 46 10 78
1 82 2 52 3 4 4 98 5 44 6 18 7 61 8 80 9 98 10 52
1 67 2 58 3 92 4 76 5 99 6 10 7 78 8 36 9 19 10 44
1 50 2 54 3 24 4 27 5 16 6 61 7 72 8 34 9 25 10 51
