200 10
1 91 2 23 3 99 4 12 5 22 6 38 7 26 8 67 9 57 10 2
1 73 2 71 3 54 4 75 5 65 6 28 7 85 8 43 9 40 10 66
1 35 2 84 3 47 4 37 5 65 6 11 7 81 8 32 9 23 10 77
1 17 2 46 3 41 4 85 5 74 6 82 7 87 8 62 9 49 10 93
1 99 2 84 3 45 4 98 5 50 6 77 7 25 8 10 9 69 10 53
1 39 2 62 3 75 4 81 5 24 6 99 7 78 8 6 9 70 10 75
1 22 2 18 3 87 4 37 5 17 6 20 7 84 8 7 9 84 10 79
1 29 2 22 3 29 4 44 5 74 6 2 7 23 8 83 9 79 10 91
1 17 2 80 3 39 4 64 5 30 6 73 7 7 8 53 9 98 10 88
1 92 2 31 3 46 4 92 5 14 6 51 7 77 8 65 9 8 10 32
1 53 2 52 3 87 4 88 5 44 6 20 7 89 8 69 9 73 10 49
1 93 2 7 3 62 4 4 5 54 6 55 7 46 8 37 9 47 10 43
1 20 2 61 3 32 4 85 5 93 6 23 7 73 8 12 9 76 10 38
1 13 2 85 3 79 4 22 5 81 6 75 7 7 8 27 9 87 10 96
1 45 2 94 3 12 4 39 5 59 6 19 7 12 8 85 9 99 10 81
1 5 2 17 3 17 4 30 5 36 6 73 7 87 8 44 9 37 10 12
1 97 2 47 3 7 4 91 5 24 6 76 7 76 8 65 9 97 10 32
1 99 2 83 3 70 4 17 5 88 6 42 7 63 8 54 9 10 10 3
1 5 2 75 3 92 4 13 5 27 6 13 7 35 8 63 9 4 10 46
1 60 2 44 3 88 4 64 5 13 6 82 7 67 8 33 9 64 10 19
1 3 2 29 3 65 4 40 5 51 6 79 7 20 8 13 9 12 10 19
1 84 2 15 3 56 4 80 5 69 6 48 7 75 8 7 9 5 10 91
1 25 2 9 3 13 4 18 5 59 6 56 7 57 8 21 9 25 10 78
1 73 2 89 3 3 4 26 5 81 6 24 7 86 8 8 9 66 10 25
1 49 2 87 3 31 4 15 5 99 6 1 7 52 8 46 9 27 10 17
1 8 2 84 3 94 4 36 5 21 6 61 7 8 8 9 9 78 10 19
1 36 2 68 3 61 4 68 5 11 6 90 7 5 8 97 9 35 10 3
1 76 2 9 3 49 4 85 5 10 6 19 7 84 8 71 9 8 10 67
1 23 2 11 3 74 4 32 5 37 6 52 7 69 8 68 9 34 10 9
1 5 2 69 3 41 4 8 5 50 6 18 7 97 8 49 9 57 10 63
1 1 2 73 3 39 4 41 5 87 6 98 7 48 8 39 9 74 10 87
1 88 2 4 3 98 4 19 5 94 6 25 7 46 8 27 9 70 10 85
1 42 2 18 3 92 4 62 5 22 6 38 7 82 8 48 9 23 10 98
1 25 2 73 3 34 4 94 5 10 6 73 7 47 8 95 9 18 10 69
1 29 2 11 3 42 4 98 5 82 6 98 7 86 8 96 9 90 10 24
1 6 2 18 3 43 4 25 5 20 6 34 7 34 8 58 9 47 10 76
1 79 2 66 3 12 4 26 5 95 6 27 7 74 8 4 9 82 10 36
1 38 2 9 3 76 4 69 5 18 6 38 7 72 8 46 9 57 10 45
1 95 2 26 3 70 4 37 5 42 6 31 7 42 8 88 9 22 10 21
1 83 2 31 3 72 4 17 5 50 6 37 7 33 8 90 9 85 10 88
1 26 2 31 3 7 4 88 5 75 6 15 7 37 8 10 9 13 10 57
1 68 2 91 3 32 4 28 5 98 6 4 7 77 8 28 9 24 10 54
1 13 2 91 3 69 4 55 5 13 6 98 7 13 8 74 9 46 10 99
1 50 2 50 3 26 4 22 5 5 6 79 7 33 8 41 9 78 10 15
1 78 2 40 3 23 4 68 5 55 6 64 7 11 8 42 9 86 10 16
1 96 2 67 3 97 4 34 5 48 6 55 7 59 8 14 9 86 10 54
1 19 2 60 3 55 4 1 5 28 6 59 7 70 8 51 9 67 10 55
1 20 2 56 3 4 4 30 5 33 6 67 7 52 8 24 9 66 10 18
1 92 2 5 3 58 4 65 5 67 6 80 7 27 8 82 9 49 10 8
1 53 2 18 3 31 4 2 5 17 6 74 7 4 8 53 9 48 10 18
1 52 2 41 3 23 4 87 5 6 6 44 7 47 8 54 9 84 10 31
1 33 2 44 3 25 4 2 5 56 6 72 7 41 8 9 9 87 10 79
1 63 2 40 3 87 4 23 5 3 6 35 7 92 8 55 9 6 10 80
1 27 2 77 3 99 4 63 5 92 6 89 7 16 8 24 9 23 10 52
1 62 2 72 3 36 4 2 5 71 6 62 7 9 8 40 9 93 10 3
1 13 2 34 3 54 4 29 5 71 6 67 7 59 8 77 9 64 10 19
1 63 2 15 3 36 4 53 5 8 6 39 7 38 8 8 9 48 10 56
1 96 2 68 3 47 4 95 5 43 6 54 7 58 8 79 9 3 10 36
1 9 2 78 3 28 4 34 5 12 6 72 7 22 8 54 9 54 10 16
1 18 2 76 3 94 4 56 5 31 6 97 7 18 8 72 9 12 10 83
1 16 2 35 3 98 4 8 5 63 6 68 7 18 8 80 9 68 10 46
1 21 2 4 3 95 4 60 5 2 6 56 7 50 8 55 9 31 10 69
1 73 2 35 3 10 4 75 5 49 6 33 7 41 8 65 9 83 10 71
1 37 2 95 3 46 4 34 5 59 6 50 7 65 8 17 9 93 10 91
1 10 2 97 3 42 4 95 5 3 6 86 7 17 8 85 9 4 10 54
1 12 2 10 3 61 4 33 5 70 6 97 7 55 8 78 9 7 10 72
1 90 2 38 3 37 4 30 5 24 6 17 7 76 8 35 9 36 10 26
1 75 2 69 3 67 4 80 5 47 6 40 7 82 8 87 9 86 10 29
1 77 2 10 3 43 4 97 5 37 6 25 7 23 8 28 9 40 10 69
1 31 2 63 3 1 4 92 5 78 6 91 7 36 8 30 9 96 10 18
1 42 2 88 3 28 4 99 5 20 6 31 7 49 8 39 9 9 10 11
1 70 2 13 3 93 4 60 5 12 6 7 7 69 8 19 9 62 10 44
1 25 2 96 3 22 4 61 5 54 6 95 7 72 8 67 9 66 10 44
1 6 2 30 3 42 4 21 5 22 6 65 7 75 8 71 9 92 10 90
1 4 2 94 3 86 4 75 5 61 6 5 7 89 8 27 9 65 10 4
1 98 2 89 3 17 4 20 5 89 6 12 7 96 8 98 9 48 10 37
1 58 2 72 3 73 4 34 5 2 6 27 7 4 8 45 9 1 10 30
1 99 2 75 3 87 4 31 5 81 6 61 7 6 8 22 9 27 10 26
1 28 2 41 3 49 4 32 5 60 6 22 7 79 8 96 9 88 10 61
1 46 2 84 3 80 4 98 5 99 6 97 7 60 8 89 9 5 10 70
1 53 2 53 3 66 4 74 5 76 6 6 7 76 8 95 9 11 10 15
1 54 2 47 3 94 4 55 5 63 6 56 7 74 8 93 9 34 10 8
1 62 2 52 3 11 4 50 5 27 6 73 7 87 8 7 9 31 10 63
1 83 2 79 3 19 4 6 5 36 6 31 7 28 8 19 9 80 10 5
1 77 2 5 3 25 4 13 5 87 6 8 7 92 8 89 9 21 10 56
1 49 2 75 3 59 4 70 5 68 6 36 7 9 8 9 9 25 10 2
1 73 2 73 3 32 4 60 5 25 6 12 7 15 8 75 9 56 10 35
1 78 2 15 3 35 4 22 5 10 6 34 7 28 8 49 9 26 10 29
1 66 2 19 3 33 4 9 5 92 6 98 7 35 8 73 9 91 10 69
1 35 2 92 3 79 4 74 5 90 6 90 7 58 8 99 9 27 10 90
1 49 2 19 3 57 4 4 5 7 6 5 7 36 8 89 9 87 10 75
1 38 2 19 3 83 4 64 5 98 6 85 7 84 8 89 9 38 10 52
1 75 2 50 3 77 4 41 5 19 6 91 7 14 8 12 9 82 10 33
1 58 2 8 3 97 4 99 5 27 6 1 7 1 8 15 9 50 10 25
1 85 2 40 3 26 4 93 5 17 6 39 7 72 8 74 9 9 10 66
1 79 2 77 3 10 4 7 5 62 6 30 7 99 8 40 9 44 10 86
1 86 2 97 3 60 4 91 5 87 6 6 7 16 8 6 9 46 10 36
1 87 2 66 3 43 4 15 5 33 6 85 7 55 8 73 9 53 10 35
1 46 2 81 3 57 4 18 5 43 6 84 7 95 8 41 9 81 10 31
1 46 2 39 3 64 4 36 5 37 6 94 7 15 8 7 9 93 10 61
1 43 2 78 3 80 4 43 5 75 6 90 7 69 8 39 9 76 10 26
1 71 2 88 3 46 4 42 5 97 6 25 7 37 8 54 9 46 10 46
1 81 2 34 3 90 4 81 5 38 6 27 7 88 8 42 9 76 10 60
1 7 2 38 3 97 4 48 5 28 6 6 7 93 8 8 9 55 10 51
1 65 2 93 3 52 4 36 5 10 6 8 7 50 8 93 9 79 10 54
1 83 2 85 3 33 4 76 5 73 6 54 7 89 8 92 9 58 10 47
1 71 2 99 3 86 4 67 5 34 6 83 7 93 8 20 9 93 10 31
1 22 2 39 3 90 4 99 5 66 6 61 7 86 8 72 9 22 10 2
1 98 2 13 3 34 4 37 5 20 6 18 7 45 8 49 9 58 10 93
1 29 2 98 3 85 4 15 5 28 6 41 7 97 8 53 9 25 10 72
1 69 2 34 3 89 4 15 5 28 6 2 7 54 8 1 9 28 10 94
1 2 2 11 3 78 4 19 5 6 6 48 7 34 8 61 9 3 10 26
1 45 2 83 3 41 4 93 5 33 6 40 7 93 8 76 9 43 10 15
1 41 2 79 3 58 4 41 5 54 6 98 7 89 8 95 9 74 10 82
1 82 2 71 3 2 4 62 5 86 6 79 7 26 8 79 9 51 10 52
1 27 2 8 3 5 4 18 5 10 6 17 7 60 8 50 9 94 10 96
1 20 2 82 3 45 4 72 5 96 6 30 7 29 8 22 9 88 10 26
1 12 2 80 3 14 4 13 5 77 6 7 7 27 8 64 9 71 10 92
1 46 2 92 3 22 4 8 5 6 6 69 7 55 8 13 9 11 10 84
1 61 2 34 3 48 4 44 5 15 6 35 7 40 8 97 9 10 10 50
1 43 2 7 3 16 4 2 5 19 6 96 7 38 8 90 9 72 10 80
1 21 2 77 3 55 4 94 5 67 6 73 7 20 8 25 9 1 10 43
1 78 2 61 3 9 4 22 5 43 6 23 7 10 8 22 9 3 10 82
1 80 2 47 3 59 4 96 5 28 6 50 7 8 8 43 9 94 10 78
1 87 2 52 3 6 4 44 5 37 6 11 7 6 8 32 9 70 10 16
1 63 2 39 3 18 4 4 5 32 6 21 7 75 8 3 9 77 10 2
1 53 2 17 3 93 4 57 5 78 6 27 7 3 8 67 9 26 10 67
1 64 2 70 3 47 4 34 5 58 6 56 7 74 8 93 9 84 10 75
1 89 2 64 3 46 4 12 5 52 6 97 7 29 8 49 9 25 10 5
1 30 2 8 3 10 4 66 5 61 6 80 7 52 8 16 9 80 10 88
1 80 2 50 3 24 4 83 5 10 6 59 7 51 8 75 9 66 10 6
1 26 2 86 3 50 4 6 5 87 6 18 7 65 8 48 9 46 10 54
1 70 2 9 3 79 4 81 5 71 6 91 7 80 8 88 9 44 10 33
1 66 2 6 3 77 4 13 5 79 6 99 7 22 8 60 9 30 10 95
1 40 2 55 3 17 4 51 5 24 6 85 7 94 8 4 9 21 10 84
1 91 2 7 3 36 4 41 5 62 6 54 7 65 8 63 9 89 10 81
1 90 2 35 3 91 4 69 5 29 6 76 7 40 8 60 9 28 10 4
1 22 2 91 3 70 4 66 5 41 6 23 7 13 8 58 9 54 10 66
1 6 2 3 3 60 4 71 5 54 6 39 7 69 8 8 9 85 10 72
1 63 2 56 3 1 4 38 5 88 6 94 7 55 8 87 9 82 10 31
1 5 2 37 3 23 4 27 5 78 6 86 7 81 8 49 9 88 10 91
1 16 2 25 3 55 4 34 5 93 6 22 7 78 8 43 9 98 10 62
1 3 2 15 3 8 4 2 5 11 6 75 7 65 8 37 9 76 10 8
1 76 2 67 3 95 4 12 5 93 6 73 7 31 8 68 9 46 10 77
1 70 2 60 3 27 4 58 5 25 6 72 7 72 8 11 9 43 10 80
1 74 2 59 3 11 4 76 5 64 6 89 7 12 8 64 9 89 10 87
1 73 2 14 3 38 4 94 5 26 6 20 7 9 8 38 9 77 10 24
1 49 2 95 3 15 4 8 5 22 6 43 7 95 8 87 9 75 10 91
1 77 2 30 3 49 4 4 5 48 6 82 7 18 8 34 9 37 10 27
1 52 2 56 3 29 4 99 5 82 6 35 7 50 8 79 9 83 10 67
1 53 2 16 3 45 4 61 5 62 6 88 7 84 8 3 9 44 10 70
1 26 2 94 3 12 4 54 5 79 6 18 7 55 8 20 9 53 10 25
1 86 2 50 3 79 4 94 5 11 6 26 7 9 8 17 9 99 10 91
1 53 2 49 3 71 4 33 5 31 6 34 7 92 8 92 9 18 10 73
1 33 2 98 3 52 4 19 5 63 6 33 7 59 8 37 9 71 10 93
1 14 2 35 3 6 4 72 5 37 6 34 7 64 8 81 9 77 10 66
1 41 2 78 3 70 4 48 5 8 6 56 7 90 8 36 9 24 10 81
1 85 2 77 3 46 4 89 5 39 6 49 7 40 8 31 9 13 10 30
1 71 2 27 3 68 4 99 5 35 6 38 7 52 8 18 9 92 10 14
1 66 2 18 3 9 4 87 5 60 6 47 7 23 8 10 9 33 10 32
1 26 2 50 3 93 4 73 5 76 6 46 7 81 8 9 9 53 10 30
1 30 2 66 3 75 4 32 5 60 6 47 7 26 8 23 9 79 10 36
1 99 2 99 3 53 4 11 5 90 6 14 7 81 8 60 9 86 10 5
1 44 2 84 3 95 4 15 5 75 6 72 7 78 8 74 9 51 10 87
1 50 2 48 3 70 4 62 5 84 6 81 7 52 8 7 9 35 10 93
1 71 2 74 3 81 4 94 5 44 6 33 7 94 8 62 9 57 10 89
1 67 2 5 3 15 4 72 5 79 6 56 7 87 8 14 9 46 10 68
1 90 2 84 3 23 4 10 5 64 6 45 7 54 8 57 9 34 10 28
1 51 2 35 3 82 4 21 5 34 6 46 7 21 8 86 9 15 10 16
1 93 2 21 3 55 4 1 5 52 6 5 7 23 8 54 9 31 10 56
1 11 2 87 3 46 4 70 5 25 6 63 7 87 8 12 9 23 10 40
1 22 2 31 3 79 4 4 5 47 6 73 7 54 8 44 9 45 10 48
1 39 2 76 3 67 4 26 5 75 6 70 7 89 8 49 9 50 10 63
1 73 2 52 3 49 4 81 5 7 6 83 7 70 8 77 9 39 10 61
1 58 2 48 3 34 4 58 5 48 6 29 7 38 8 8 9 88 10 29
1 74 2 70 3 7 4 64 5 26 6 58 7 85 8 65 9 44 10 84
1 56 2 54 3 25 4 93 5 37 6 61 7 16 8 75 9 49 10 82
1 50 2 86 3 5 4 63 5 24 6 32 7 98 8 1 9 95 10 14
1 26 2 25 3 8 4 96 5 23 6 75 7 95 8 9 9 21 10 70
1 16 2 7 3 96 4 54 5 50 6 19 7 62 8 56 9 95 10 56
1 20 2 68 3 70 4 50 5 40 6 87 7 59 8 16 9 52 10 60
1 35 2 18 3 1 4 52 5 74 6 95 7 94 8 64 9 31 10 64
1 91 2 37 3 33 4 90 5 58 6 74 7 68 8 87 9 18 10 31
1 72 2 19 3 67 4 69 5 80 6 63 7 20 8 22 9 6 10 86
1 66 2 99 3 59 4 21 5 37 6 26 7 73 8 69 9 28 10 29
1 41 2 26 3 76 4 77 5 48 6 17 7 71 8 5 9 28 10 24
1 47 2 74 3 94 4 99 5 98 6 52 7 12 8 33 9 18 10 77
1 85 2 6 3 45 4 8 5 18 6 19 7 71 8 99 9 26 10 89
1 20 2 67 3 8 4 44 5 7 6 23 7 35 8 32 9 88 10 35
1 90 2 16 3 40 4 51 5 83 6 2 7 8 8 31 9 75 10 37
1 27 2 39 3 38 4 95 5 29 6 49 7 52 8 6 9 26 10 89
1 75 2 30 3 98 4 53 5 66 6 95 7 72 8 89 9 41 10 42
1 95 2 22 3 79 4 93 5 72 6 77 7 46 8 58 9 2 10 71
1 71 2 42 3 5 4 43 5 75 6 54 7 63 8 80 9 97 10 70
1 22 2 85 3 93 4 39 5 18 6 95 7 52 8 26 9 5 10 28
1 46 2 15 3 5 4 83 5 96 6 25 7 64 8 71 9 2 10 40
1 39 2 4 3 47 4 75 5 48 6 39 7 34 8 76 9 38 10 55
1 26 2 4 3 90 4 93 5 60 6 31 7 73 8 79 9 46 10 10
1 14 2 8 3 33 4 58 5 39 6 94 7 74 8 92 9 16 10 68
1 13 2 72 3 27 4 22 5 65 6 28 7 82 8 6 9 58 10 60
