200 20
1 39 2 3 3 69 4 34 5 88 6 15 7 10 8 19 9 69 10 68 11 57 12 52 13 97 14 57 15 48 16 3 17 9 18 36 19 37 20 3
1 12 2 90 3 35 4 17 5 77 6 12 7 16 8 68 9 43 10 58 11 6 12 91 13 99 14 92 15 77 16 4 17 57 18 80 19 13 20 70
1 2 2 13 3 8 4 34 5 7 6 46 7 9 8 91 9 23 10 51 11 31 12 65 13 81 14 70 15 17 16 35 17 64 18 14 19 56 20 22
1 57 2 5 3 68 4 66 5 79 6 23 7 47 8 70 9 23 10 49 11 72 12 7 13 11 14 59 15 65 16 50 17 19 18 14 19 68 20 32
1 62 2 93 3 99 4 24 5 86 6 86 7 51 8 60 9 57 10 87 11 84 12 25 13 84 14 16 15 86 16 4 17 10 18 90 19 23 20 34
1 49 2 89 3 57 4 9 5 27 6 89 7 60 8 27 9 29 10 12 11 51 12 20 13 91 14 31 15 50 16 5 17 77 18 65 19 65 20 3
1 99 2 92 3 58 4 17 5 60 6 5 7 90 8 43 9 59 10 13 11 70 12 28 13 64 14 50 15 11 16 11 17 38 18 23 19 97 20 65
1 26 2 26 3 17 4 43 5 5 6 87 7 59 8 40 9 65 10 90 11 60 12 37 13 26 14 83 15 47 16 81 17 92 18 95 19 8 20 24
1 90 2 2 3 62 4 45 5 28 6 2 7 90 8 9 9 31 10 65 11 65 12 31 13 6 14 3 15 38 16 98 17 17 18 37 19 6 20 21
1 84 2 53 3 67 4 28 5 10 6 50 7 91 8 34 9 68 10 52 11 30 12 14 13 37 14 31 15 86 16 9 17 31 18 90 19 53 20 64
1 69 2 57 3 41 4 24 5 33 6 29 7 3 8 6 9 35 10 10 11 55 12 75 13 20 14 44 15 18 16 18 17 40 18 32 19 29 20 54
1 64 2 96 3 21 4 33 5 97 6 48 7 48 8 6 9 36 10 10 11 46 12 92 13 14 14 97 15 87 16 15 17 12 18 8 19 37 20 61
1 51 2 66 3 53 4 33 5 16 6 96 7 6 8 6 9 15 10 52 11 83 12 87 13 35 14 67 15 67 16 53 17 32 18 23 19 8 20 86
1 91 2 92 3 98 4 49 5 28 6 2 7 77 8 42 9 68 10 35 11 96 12 94 13 25 14 84 15 24 16 55 17 14 18 7 19 76 20 17
1 38 2 50 3 2 4 12 5 41 6 11 7 63 8 27 9 63 10 27 11 70 12 33 13 73 14 21 15 52 16 14 17 16 18 72 19 64 20 55
1 88 2 51 3 23 4 53 5 40 6 53 7 45 8 45 9 9 10 74 11 5 12 71 13 72 14 63 15 88 16 77 17 7 18 88 19 39 20 30
1 70 2 95 3 79 4 70 5 92 6 12 7 21 8 34 9 11 10 92 11 50 12 3 13 33 14 39 15 49 16 25 17 16 18 48 19 56 20 52
1 78 2 93 3 74 4 68 5 41 6 5 7 14 8 92 9 46 10 18 11 95 12 90 13 10 14 88 15 7 16 57 17 95 18 67 19 84 20 55
1 70 2 26 3 58 4 81 5 45 6 19 7 95 8 19 9 98 10 74 11 31 12 70 13 17 14 6 15 28 16 84 17 45 18 96 19 9 20 63
1 80 2 27 3 31 4 38 5 68 6 91 7 89 8 15 9 10 10 61 11 30 12 15 13 91 14 78 15 52 16 70 17 21 18 57 19 28 20 14
1 77 2 72 3 43 4 37 5 92 6 83 7 25 8 61 9 45 10 64 11 12 12 58 13 19 14 48 15 18 16 41 17 48 18 69 19 42 20 34
1 11 2 68 3 88 4 76 5 97 6 35 7 15 8 75 9 83 10 86 11 76 12 70 13 28 14 81 15 82 16 25 17 64 18 10 19 54 20 25
1 44 2 40 3 8 4 62 5 35 6 16 7 8 8 90 9 39 10 53 11 60 12 48 13 71 14 12 15 5 16 89 17 62 18 70 19 72 20 75
1 97 2 2 3 44 4 80 5 40 6 10 7 96 8 11 9 58 10 77 11 6 12 30 13 96 14 59 15 82 16 78 17 13 18 13 19 85 20 88
1 14 2 45 3 76 4 9 5 6 6 47 7 16 8 92 9 4 10 74 11 7 12 91 13 52 14 81 15 86 16 36 17 22 18 72 19 95 20 87
1 30 2 86 3 10 4 10 5 44 6 95 7 68 8 97 9 79 10 80 11 21 12 55 13 71 14 12 15 86 16 81 17 94 18 47 19 78 20 54
1 74 2 2 3 28 4 42 5 90 6 79 7 78 8 83 9 56 10 8 11 43 12 38 13 95 14 87 15 79 16 16 17 39 18 61 19 19 20 75
1 92 2 89 3 17 4 66 5 34 6 87 7 25 8 20 9 58 10 57 11 85 12 69 13 13 14 13 15 63 16 62 17 38 18 62 19 75 20 79
1 65 2 8 3 39 4 40 5 13 6 85 7 90 8 82 9 62 10 93 11 29 12 40 13 96 14 6 15 82 16 85 17 34 18 18 19 62 20 56
1 32 2 39 3 14 4 63 5 40 6 5 7 10 8 49 9 98 10 96 11 39 12 65 13 52 14 33 15 4 16 47 17 72 18 70 19 17 20 72
1 17 2 81 3 27 4 4 5 73 6 31 7 15 8 19 9 94 10 65 11 83 12 36 13 53 14 16 15 81 16 24 17 54 18 74 19 44 20 66
1 20 2 18 3 6 4 12 5 91 6 20 7 42 8 70 9 48 10 24 11 83 12 70 13 23 14 57 15 39 16 83 17 46 18 60 19 67 20 61
1 57 2 94 3 35 4 23 5 93 6 68 7 8 8 17 9 54 10 96 11 54 12 97 13 70 14 84 15 31 16 93 17 25 18 69 19 20 20 38
1 36 2 40 3 67 4 28 5 91 6 2 7 69 8 55 9 47 10 46 11 24 12 91 13 51 14 27 15 8 16 98 17 25 18 33 19 81 20 75
1 61 2 22 3 61 4 35 5 19 6 26 7 45 8 11 9 63 10 89 11 55 12 68 13 30 14 89 15 8 16 90 17 46 18 55 19 78 20 32
1 25 2 91 3 69 4 96 5 29 6 2 7 25 8 61 9 3 10 83 11 38 12 38 13 94 14 36 15 3 16 23 17 93 18 93 19 75 20 77
1 35 2 84 3 24 4 7 5 40 6 4 7 18 8 25 9 5 10 56 11 96 12 93 13 10 14 33 15 82 16 91 17 14 18 46 19 38 20 73
1 16 2 52 3 99 4 63 5 45 6 68 7 2 8 72 9 22 10 52 11 1 12 72 13 95 14 26 15 30 16 93 17 51 18 2 19 75 20 39
1 99 2 20 3 68 4 40 5 77 6 57 7 57 8 13 9 43 10 45 11 74 12 98 13 80 14 46 15 7 16 40 17 5 18 79 19 40 20 48
1 38 2 4 3 48 4 33 5 94 6 32 7 89 8 85 9 84 10 86 11 84 12 78 13 77 14 15 15 71 16 67 17 70 18 67 19 80 20 58
1 25 2 3 3 11 4 17 5 56 6 29 7 73 8 30 9 95 10 54 11 67 12 28 13 84 14 79 15 43 16 6 17 87 18 3 19 80 20 3
1 39 2 2 3 84 4 33 5 68 6 49 7 43 8 12 9 64 10 71 11 72 12 95 13 68 14 37 15 6 16 16 17 68 18 67 19 74 20 14
1 81 2 7 3 4 4 25 5 34 6 44 7 47 8 67 9 7 10 75 11 84 12 16 13 92 14 12 15 26 16 56 17 44 18 98 19 31 20 22
1 19 2 29 3 12 4 47 5 16 6 91 7 80 8 24 9 40 10 19 11 1 12 43 13 62 14 44 15 1 16 31 17 97 18 43 19 71 20 80
1 83 2 12 3 47 4 33 5 84 6 81 7 62 8 4 9 60 10 54 11 81 12 43 13 39 14 63 15 5 16 51 17 91 18 22 19 49 20 69
1 13 2 10 3 94 4 22 5 47 6 49 7 68 8 87 9 43 10 12 11 16 12 60 13 87 14 65 15 36 16 73 17 25 18 13 19 29 20 94
1 89 2 2 3 25 4 71 5 17 6 30 7 74 8 22 9 49 10 53 11 6 12 44 13 68 14 52 15 95 16 85 17 22 18 6 19 42 20 68
1 1 2 48 3 22 4 62 5 62 6 42 7 44 8 22 9 14 10 40 11 40 12 32 13 31 14 33 15 22 16 75 17 67 18 94 19 37 20 81
1 89 2 62 3 67 4 5 5 42 6 47 7 27 8 65 9 70 10 12 11 94 12 56 13 79 14 82 15 72 16 98 17 1 18 72 19 80 20 39
1 68 2 93 3 16 4 43 5 16 6 81 7 2 8 73 9 55 10 81 11 72 12 88 13 20 14 44 15 14 16 79 17 99 18 43 19 57 20 22
1 4 2 20 3 62 4 71 5 69 6 87 7 96 8 25 9 98 10 41 11 99 12 1 13 94 14 91 15 36 16 71 17 28 18 50 19 11 20 14
1 76 2 20 3 78 4 70 5 43 6 59 7 88 8 68 9 48 10 48 11 39 12 36 13 2 14 51 15 91 16 4 17 32 18 62 19 46 20 55
1 73 2 97 3 71 4 50 5 54 6 73 7 44 8 95 9 53 10 18 11 44 12 54 13 7 14 54 15 61 16 18 17 45 18 64 19 81 20 57
1 13 2 45 3 60 4 12 5 89 6 20 7 47 8 81 9 11 10 56 11 30 12 51 13 18 14 91 15 48 16 94 17 32 18 67 19 95 20 75
1 82 2 41 3 7 4 39 5 25 6 49 7 39 8 53 9 66 10 96 11 36 12 41 13 8 14 92 15 92 16 82 17 78 18 19 19 12 20 54
1 15 2 80 3 61 4 37 5 72 6 73 7 55 8 19 9 80 10 48 11 10 12 17 13 67 14 21 15 9 16 79 17 89 18 20 19 94 20 47
1 90 2 44 3 49 4 28 5 46 6 82 7 96 8 91 9 28 10 93 11 30 12 64 13 41 14 53 15 86 16 6 17 68 18 25 19 8 20 62
1 17 2 49 3 92 4 20 5 77 6 24 7 53 8 71 9 88 10 88 11 24 12 75 13 31 14 34 15 87 16 88 17 62 18 59 19 39 20 4
1 74 2 90 3 29 4 99 5 74 6 4 7 86 8 22 9 10 10 96 11 56 12 28 13 90 14 71 15 12 16 1 17 6 18 41 19 30 20 21
1 64 2 92 3 1 4 85 5 94 6 24 7 83 8 4 9 57 10 8 11 17 12 83 13 47 14 57 15 93 16 54 17 79 18 5 19 30 20 90
1 58 2 55 3 34 4 66 5 67 6 70 7 16 8 25 9 34 10 1 11 18 12 2 13 86 14 34 15 82 16 55 17 59 18 21 19 31 20 53
1 25 2 69 3 71 4 85 5 80 6 39 7 71 8 66 9 74 10 57 11 54 12 2 13 27 14 55 15 7 16 94 17 85 18 3 19 46 20 7
1 26 2 95 3 21 4 4 5 98 6 9 7 52 8 48 9 59 10 17 11 53 12 26 13 89 14 34 15 29 16 32 17 28 18 46 19 49 20 55
1 8 2 34 3 40 4 48 5 68 6 59 7 87 8 1 9 87 10 91 11 99 12 95 13 21 14 62 15 87 16 84 17 96 18 47 19 60 20 82
1 60 2 53 3 98 4 48 5 30 6 39 7 52 8 22 9 63 10 19 11 49 12 50 13 20 14 85 15 31 16 99 17 61 18 96 19 82 20 75
1 80 2 35 3 39 4 85 5 45 6 13 7 81 8 78 9 25 10 81 11 21 12 87 13 40 14 30 15 11 16 76 17 79 18 75 19 77 20 17
1 51 2 29 3 11 4 73 5 50 6 86 7 56 8 93 9 79 10 57 11 85 12 17 13 88 14 89 15 39 16 41 17 8 18 21 19 33 20 36
1 75 2 2 3 65 4 57 5 22 6 41 7 89 8 62 9 43 10 30 11 56 12 8 13 1 14 51 15 73 16 4 17 58 18 24 19 69 20 39
1 33 2 16 3 75 4 19 5 1 6 30 7 44 8 8 9 45 10 19 11 53 12 38 13 39 14 68 15 83 16 94 17 34 18 1 19 23 20 32
1 70 2 35 3 78 4 89 5 88 6 92 7 50 8 64 9 61 10 35 11 81 12 69 13 80 14 38 15 44 16 49 17 85 18 26 19 15 20 97
1 11 2 64 3 32 4 10 5 37 6 86 7 35 8 41 9 7 10 56 11 10 12 15 13 25 14 15 15 54 16 3 17 43 18 10 19 27 20 10
1 39 2 2 3 24 4 50 5 64 6 44 7 34 8 97 9 93 10 81 11 15 12 42 13 34 14 87 15 53 16 82 17 64 18 96 19 60 20 20
1 78 2 12 3 15 4 63 5 81 6 98 7 97 8 2 9 2 10 44 11 64 12 94 13 23 14 88 15 52 16 23 17 26 18 9 19 63 20 24
1 8 2 32 3 97 4 17 5 76 6 45 7 28 8 89 9 75 10 71 11 46 12 40 13 66 14 87 15 91 16 50 17 54 18 60 19 10 20 79
1 43 2 34 3 77 4 92 5 3 6 98 7 40 8 19 9 68 10 85 11 2 12 51 13 35 14 91 15 68 16 3 17 26 18 49 19 37 20 25
1 50 2 83 3 82 4 78 5 44 6 23 7 66 8 24 9 56 10 92 11 30 12 31 13 88 14 85 15 50 16 34 17 91 18 55 19 7 20 49
1 38 2 73 3 47 4 95 5 48 6 54 7 94 8 21 9 41 10 30 11 42 12 44 13 28 14 82 15 4 16 64 17 38 18 9 19 37 20 87
1 37 2 26 3 80 4 83 5 50 6 50 7 50 8 42 9 88 10 55 11 22 12 1 13 88 14 69 15 50 16 79 17 59 18 18 19 98 20 21
1 35 2 94 3 57 4 71 5 76 6 97 7 7 8 87 9 89 10 53 11 19 12 69 13 66 14 61 15 18 16 86 17 51 18 90 19 80 20 22
1 6 2 52 3 16 4 84 5 12 6 74 7 69 8 22 9 12 10 80 11 45 12 51 13 96 14 80 15 87 16 92 17 20 18 95 19 16 20 64
1 50 2 62 3 28 4 4 5 11 6 13 7 46 8 23 9 41 10 74 11 15 12 67 13 39 14 4 15 13 16 43 17 84 18 41 19 33 20 41
1 82 2 99 3 63 4 29 5 86 6 28 7 80 8 7 9 1 10 5 11 64 12 17 13 81 14 48 15 9 16 77 17 92 18 15 19 49 20 41
1 17 2 32 3 25 4 89 5 9 6 29 7 38 8 2 9 91 10 57 11 24 12 2 13 51 14 49 15 39 16 62 17 85 18 70 19 86 20 18
1 90 2 36 3 51 4 20 5 23 6 17 7 23 8 47 9 66 10 3 11 59 12 30 13 85 14 16 15 81 16 95 17 81 18 14 19 96 20 23
1 44 2 8 3 15 4 48 5 95 6 62 7 90 8 41 9 70 10 56 11 50 12 29 13 39 14 72 15 94 16 70 17 40 18 33 19 16 20 79
1 56 2 43 3 63 4 60 5 3 6 89 7 52 8 42 9 24 10 53 11 77 12 12 13 71 14 14 15 62 16 75 17 97 18 3 19 54 20 41
1 71 2 11 3 12 4 54 5 21 6 14 7 82 8 35 9 21 10 38 11 52 12 82 13 40 14 47 15 91 16 60 17 61 18 21 19 67 20 29
1 46 2 74 3 11 4 72 5 56 6 81 7 80 8 87 9 44 10 41 11 59 12 41 13 64 14 30 15 51 16 16 17 64 18 72 19 68 20 31
1 93 2 86 3 91 4 34 5 6 6 27 7 62 8 35 9 57 10 67 11 96 12 69 13 8 14 92 15 1 16 37 17 69 18 57 19 59 20 85
1 86 2 98 3 96 4 55 5 9 6 2 7 71 8 85 9 2 10 96 11 7 12 78 13 55 14 7 15 50 16 5 17 60 18 61 19 68 20 87
1 72 2 81 3 8 4 73 5 93 6 38 7 85 8 94 9 88 10 69 11 90 12 26 13 23 14 44 15 97 16 67 17 53 18 75 19 69 20 44
1 13 2 47 3 98 4 41 5 46 6 25 7 56 8 50 9 35 10 59 11 78 12 44 13 57 14 21 15 59 16 60 17 52 18 62 19 14 20 58
1 24 2 8 3 22 4 72 5 37 6 90 7 96 8 26 9 23 10 91 11 41 12 80 13 74 14 15 15 89 16 24 17 36 18 86 19 98 20 51
1 32 2 92 3 51 4 98 5 88 6 1 7 13 8 50 9 80 10 56 11 50 12 58 13 75 14 4 15 73 16 90 17 2 18 73 19 75 20 67
1 99 2 93 3 9 4 27 5 61 6 64 7 43 8 32 9 56 10 61 11 55 12 99 13 77 14 66 15 25 16 28 17 87 18 25 19 18 20 61
1 18 2 39 3 96 4 18 5 16 6 48 7 22 8 53 9 71 10 24 11 17 12 47 13 44 14 62 15 4 16 85 17 74 18 59 19 41 20 13
1 82 2 26 3 39 4 28 5 59 6 49 7 87 8 32 9 65 10 24 11 48 12 72 13 15 14 5 15 68 16 36 17 7 18 52 19 45 20 87
1 42 2 68 3 9 4 53 5 59 6 65 7 81 8 12 9 39 10 62 11 90 12 34 13 66 14 10 15 95 16 51 17 15 18 4 19 66 20 24
1 53 2 87 3 26 4 64 5 13 6 16 7 23 8 61 9 78 10 58 11 13 12 99 13 87 14 70 15 84 16 3 17 48 18 78 19 79 20 20
1 51 2 83 3 51 4 1 5 2 6 73 7 82 8 34 9 26 10 49 11 39 12 24 13 39 14 69 15 1 16 1 17 79 18 27 19 20 20 22
1 17 2 37 3 22 4 71 5 79 6 37 7 69 8 53 9 59 10 64 11 11 12 67 13 27 14 64 15 59 16 31 17 43 18 42 19 56 20 88
1 71 2 86 3 6 4 54 5 92 6 75 7 83 8 2 9 60 10 62 11 83 12 73 13 55 14 3 15 71 16 34 17 40 18 13 19 62 20 56
1 28 2 53 3 71 4 5 5 73 6 95 7 23 8 49 9 17 10 81 11 88 12 62 13 35 14 78 15 90 16 36 17 46 18 98 19 75 20 36
1 74 2 86 3 67 4 87 5 68 6 1 7 87 8 87 9 7 10 34 11 1 12 91 13 7 14 6 15 46 16 3 17 45 18 55 19 92 20 67
1 13 2 30 3 27 4 19 5 51 6 86 7 20 8 95 9 79 10 48 11 83 12 91 13 78 14 41 15 61 16 90 17 57 18 4 19 21 20 68
1 87 2 62 3 69 4 79 5 69 6 35 7 25 8 68 9 14 10 9 11 74 12 61 13 58 14 81 15 52 16 93 17 44 18 57 19 89 20 81
1 69 2 98 3 78 4 70 5 3 6 70 7 62 8 81 9 61 10 65 11 65 12 33 13 62 14 19 15 57 16 82 17 78 18 94 19 65 20 14
1 9 2 29 3 70 4 90 5 86 6 12 7 40 8 12 9 64 10 32 11 18 12 11 13 40 14 14 15 22 16 49 17 95 18 82 19 7 20 19
1 95 2 39 3 71 4 34 5 89 6 63 7 85 8 60 9 91 10 49 11 46 12 10 13 19 14 50 15 65 16 41 17 58 18 62 19 45 20 67
1 64 2 6 3 77 4 94 5 24 6 38 7 73 8 59 9 61 10 14 11 59 12 83 13 3 14 46 15 16 16 56 17 40 18 7 19 79 20 55
1 30 2 26 3 2 4 29 5 98 6 67 7 92 8 51 9 53 10 82 11 86 12 47 13 36 14 23 15 34 16 66 17 43 18 71 19 31 20 36
1 41 2 6 3 28 4 43 5 18 6 64 7 28 8 13 9 7 10 13 11 93 12 93 13 56 14 72 15 71 16 28 17 95 18 96 19 55 20 58
1 66 2 3 3 77 4 80 5 2 6 82 7 86 8 16 9 29 10 24 11 89 12 96 13 99 14 15 15 49 16 78 17 48 18 64 19 3 20 63
1 14 2 95 3 88 4 9 5 61 6 24 7 38 8 50 9 47 10 42 11 30 12 97 13 49 14 79 15 19 16 80 17 30 18 24 19 58 20 43
1 6 2 95 3 43 4 99 5 22 6 99 7 11 8 99 9 60 10 42 11 33 12 68 13 78 14 26 15 77 16 1 17 13 18 67 19 87 20 31
1 49 2 90 3 6 4 76 5 94 6 76 7 79 8 66 9 51 10 14 11 89 12 87 13 1 14 65 15 53 16 19 17 21 18 98 19 90 20 45
1 77 2 54 3 86 4 2 5 3 6 88 7 39 8 56 9 24 10 91 11 86 12 80 13 58 14 54 15 57 16 42 17 32 18 5 19 43 20 80
1 86 2 47 3 95 4 86 5 40 6 31 7 61 8 12 9 64 10 17 11 52 12 56 13 35 14 60 15 75 16 10 17 50 18 66 19 53 20 58
1 12 2 66 3 81 4 51 5 75 6 71 7 46 8 88 9 58 10 73 11 27 12 26 13 38 14 48 15 8 16 14 17 58 18 89 19 44 20 16
1 20 2 69 3 67 4 80 5 81 6 82 7 27 8 5 9 44 10 38 11 53 12 16 13 48 14 16 15 31 16 79 17 75 18 14 19 67 20 70
1 28 2 82 3 88 4 33 5 69 6 28 7 92 8 66 9 92 10 30 11 67 12 53 13 93 14 45 15 7 16 70 17 58 18 58 19 17 20 41
1 56 2 34 3 62 4 81 5 44 6 95 7 50 8 88 9 19 10 50 11 25 12 88 13 1 14 6 15 45 16 29 17 2 18 54 19 71 20 81
1 22 2 57 3 16 4 88 5 5 6 52 7 23 8 21 9 21 10 58 11 96 12 37 13 46 14 78 15 87 16 91 17 9 18 96 19 93 20 98
1 31 2 78 3 20 4 75 5 18 6 34 7 48 8 49 9 69 10 88 11 30 12 34 13 22 14 81 15 50 16 40 17 73 18 91 19 7 20 1
1 71 2 72 3 8 4 68 5 49 6 7 7 47 8 90 9 59 10 39 11 49 12 28 13 22 14 10 15 96 16 2 17 88 18 90 19 69 20 44
1 74 2 16 3 90 4 7 5 14 6 47 7 48 8 36 9 62 10 1 11 63 12 86 13 49 14 48 15 3 16 51 17 80 18 86 19 97 20 4
1 58 2 79 3 28 4 19 5 93 6 88 7 44 8 74 9 18 10 95 11 2 12 22 13 7 14 82 15 52 16 17 17 59 18 42 19 51 20 79
1 93 2 65 3 27 4 25 5 60 6 72 7 29 8 55 9 58 10 22 11 58 12 61 13 89 14 67 15 14 16 10 17 40 18 11 19 99 20 7
1 20 2 78 3 6 4 71 5 48 6 39 7 58 8 7 9 17 10 63 11 73 12 43 13 14 14 66 15 59 16 75 17 96 18 28 19 12 20 99
1 63 2 19 3 26 4 8 5 72 6 55 7 67 8 1 9 23 10 35 11 6 12 89 13 93 14 88 15 86 16 37 17 53 18 45 19 32 20 69
1 15 2 67 3 57 4 64 5 23 6 9 7 1 8 2 9 43 10 73 11 94 12 96 13 78 14 14 15 32 16 23 17 83 18 29 19 75 20 55
1 91 2 44 3 46 4 59 5 11 6 20 7 68 8 3 9 17 10 55 11 59 12 18 13 31 14 84 15 61 16 55 17 46 18 77 19 59 20 98
1 23 2 18 3 17 4 70 5 73 6 38 7 13 8 77 9 74 10 79 11 51 12 48 13 16 14 93 15 29 16 28 17 6 18 82 19 40 20 9
1 88 2 51 3 48 4 1 5 4 6 77 7 48 8 6 9 1 10 32 11 79 12 40 13 14 14 20 15 86 16 40 17 25 18 94 19 73 20 44
1 98 2 94 3 61 4 65 5 44 6 75 7 4 8 17 9 1 10 12 11 78 12 51 13 55 14 53 15 96 16 92 17 82 18 20 19 22 20 13
1 40 2 43 3 23 4 30 5 16 6 76 7 30 8 59 9 64 10 72 11 61 12 13 13 81 14 25 15 90 16 67 17 21 18 70 19 96 20 99
1 64 2 68 3 61 4 36 5 57 6 86 7 10 8 57 9 88 10 59 11 73 12 43 13 25 14 37 15 70 16 97 17 29 18 33 19 99 20 34
1 96 2 65 3 90 4 52 5 95 6 3 7 64 8 21 9 16 10 70 11 67 12 13 13 96 14 57 15 7 16 30 17 96 18 98 19 72 20 31
1 11 2 36 3 10 4 20 5 26 6 67 7 13 8 60 9 50 10 28 11 32 12 49 13 54 14 46 15 15 16 49 17 94 18 63 19 96 20 43
1 73 2 19 3 19 4 81 5 82 6 69 7 13 8 85 9 32 10 34 11 57 12 69 13 63 14 49 15 56 16 37 17 54 18 60 19 97 20 44
1 52 2 82 3 17 4 66 5 62 6 57 7 58 8 91 9 42 10 69 11 48 12 46 13 18 14 94 15 83 16 48 17 81 18 57 19 93 20 67
1 19 2 65 3 49 4 45 5 22 6 92 7 41 8 38 9 26 10 2 11 90 12 79 13 17 14 61 15 81 16 67 17 18 18 1 19 36 20 31
1 85 2 92 3 6 4 78 5 83 6 39 7 74 8 77 9 85 10 88 11 25 12 33 13 36 14 32 15 82 16 98 17 3 18 46 19 68 20 11
1 30 2 75 3 42 4 93 5 36 6 97 7 1 8 63 9 86 10 54 11 33 12 71 13 1 14 18 15 75 16 55 17 62 18 21 19 71 20 80
1 5 2 48 3 87 4 22 5 5 6 71 7 69 8 75 9 72 10 36 11 54 12 24 13 55 14 5 15 40 16 56 17 8 18 19 19 7 20 12
1 44 2 66 3 39 4 41 5 60 6 11 7 31 8 65 9 16 10 67 11 19 12 69 13 56 14 96 15 78 16 36 17 56 18 12 19 37 20 1
1 50 2 43 3 58 4 13 5 55 6 87 7 20 8 84 9 28 10 59 11 65 12 56 13 2 14 36 15 41 16 7 17 23 18 25 19 81 20 6
1 67 2 5 3 89 4 71 5 86 6 48 7 50 8 54 9 21 10 83 11 27 12 38 13 79 14 71 15 53 16 2 17 9 18 49 19 79 20 39
1 28 2 39 3 70 4 72 5 70 6 38 7 48 8 57 9 11 10 38 11 37 12 56 13 64 14 64 15 68 16 27 17 36 18 94 19 65 20 89
1 23 2 93 3 14 4 57 5 93 6 60 7 82 8 16 9 69 10 57 11 8 12 52 13 98 14 67 15 19 16 56 17 38 18 75 19 69 20 14
1 5 2 44 3 2 4 98 5 27 6 10 7 25 8 27 9 41 10 59 11 89 12 36 13 62 14 29 15 17 16 37 17 35 18 47 19 37 20 52
1 3 2 87 3 4 4 50 5 96 6 74 7 68 8 30 9 69 10 17 11 34 12 95 13 3 14 24 15 51 16 55 17 60 18 61 19 15 20 38
1 83 2 62 3 84 4 44 5 80 6 48 7 45 8 54 9 71 10 10 11 96 12 23 13 8 14 56 15 35 16 72 17 53 18 13 19 72 20 38
1 1 2 69 3 85 4 2 5 28 6 18 7 10 8 70 9 67 10 95 11 72 12 64 13 19 14 60 15 31 16 29 17 43 18 17 19 78 20 28
1 47 2 78 3 77 4 92 5 42 6 86 7 6 8 19 9 28 10 18 11 4 12 24 13 57 14 82 15 7 16 4 17 94 18 9 19 57 20 82
1 98 2 54 3 2 4 71 5 94 6 69 7 51 8 80 9 79 10 85 11 56 12 79 13 46 14 71 15 85 16 52 17 42 18 66 19 82 20 91
1 48 2 70 3 21 4 82 5 12 6 94 7 17 8 45 9 68 10 60 11 93 12 30 13 5 14 31 15 30 16 71 17 29 18 82 19 20 20 13
1 94 2 47 3 57 4 95 5 8 6 46 7 80 8 32 9 7 10 34 11 33 12 33 13 18 14 29 15 19 16 74 17 58 18 52 19 10 20 70
1 78 2 59 3 32 4 20 5 12 6 98 7 18 8 12 9 57 10 73 11 91 12 46 13 64 14 92 15 45 16 86 17 84 18 15 19 99 20 8
1 87 2 61 3 42 4 25 5 35 6 64 7 74 8 40 9 89 10 4 11 43 12 12 13 28 14 68 15 46 16 23 17 3 18 70 19 81 20 14
1 53 2 43 3 43 4 56 5 48 6 83 7 34 8 93 9 95 10 48 11 63 12 93 13 91 14 94 15 32 16 81 17 69 18 29 19 44 20 2
1 66 2 25 3 60 4 69 5 44 6 34 7 68 8 77 9 31 10 10 11 57 12 21 13 56 14 36 15 26 16 11 17 6 18 86 19 2 20 89
1 28 2 62 3 63 4 52 5 12 6 13 7 43 8 99 9 11 10 70 11 82 12 14 13 39 14 83 15 4 16 86 17 93 18 87 19 82 20 78
1 32 2 82 3 24 4 88 5 45 6 48 7 67 8 14 9 34 10 76 11 1 12 51 13 15 14 67 15 57 16 3 17 37 18 15 19 50 20 75
1 80 2 3 3 9 4 28 5 44 6 2 7 71 8 89 9 24 10 73 11 28 12 98 13 17 14 27 15 90 16 4 17 13 18 83 19 43 20 63
1 68 2 74 3 12 4 69 5 38 6 74 7 98 8 86 9 72 10 76 11 53 12 94 13 45 14 30 15 39 16 60 17 69 18 12 19 83 20 21
1 25 2 50 3 47 4 43 5 58 6 11 7 63 8 74 9 6 10 23 11 94 12 93 13 26 14 49 15 30 16 50 17 47 18 89 19 43 20 32
1 45 2 47 3 68 4 13 5 86 6 97 7 2 8 16 9 27 10 38 11 53 12 37 13 94 14 78 15 84 16 49 17 25 18 59 19 36 20 33
1 15 2 36 3 47 4 83 5 24 6 71 7 7 8 6 9 55 10 43 11 82 12 40 13 78 14 64 15 96 16 27 17 99 18 11 19 91 20 78
1 97 2 23 3 48 4 20 5 99 6 39 7 53 8 3 9 65 10 81 11 47 12 25 13 36 14 44 15 29 16 85 17 26 18 4 19 9 20 59
1 55 2 65 3 38 4 76 5 45 6 99 7 84 8 67 9 40 10 93 11 70 12 45 13 75 14 91 15 21 16 72 17 15 18 73 19 43 20 62
1 40 2 43 3 96 4 39 5 23 6 79 7 66 8 19 9 41 10 71 11 60 12 72 13 62 14 17 15 25 16 59 17 95 18 47 19 10 20 94
1 39 2 53 3 50 4 99 5 63 6 59 7 30 8 67 9 18 10 12 11 9 12 41 13 67 14 52 15 39 16 90 17 25 18 13 19 81 20 3
1 8 2 66 3 67 4 51 5 54 6 85 7 10 8 95 9 59 10 64 11 90 12 28 13 48 14 57 15 85 16 78 17 18 18 59 19 11 20 67
1 36 2 24 3 59 4 24 5 39 6 1 7 80 8 58 9 76 10 59 11 90 12 92 13 3 14 51 15 1 16 55 17 50 18 15 19 31 20 99
1 8 2 44 3 91 4 83 5 75 6 66 7 98 8 77 9 8 10 6 11 26 12 47 13 55 14 39 15 91 16 78 17 49 18 23 19 92 20 68
1 88 2 9 3 38 4 60 5 2 6 8 7 86 8 62 9 41 10 66 11 94 12 54 13 9 14 75 15 43 16 9 17 10 18 79 19 10 20 97
1 39 2 30 3 74 4 52 5 90 6 12 7 61 8 34 9 88 10 27 11 68 12 14 13 88 14 74 15 71 16 14 17 16 18 46 19 47 20 54
1 91 2 89 3 59 4 39 5 52 6 91 7 21 8 90 9 58 10 74 11 30 12 63 13 19 14 18 15 88 16 22 17 43 18 60 19 20 20 32
1 67 2 1 3 42 4 95 5 84 6 37 7 30 8 12 9 87 10 13 11 60 12 92 13 52 14 51 15 91 16 76 17 32 18 81 19 57 20 71
1 81 2 44 3 46 4 3 5 93 6 14 7 86 8 23 9 59 10 47 11 76 12 45 13 64 14 10 15 4 16 29 17 69 18 46 19 68 20 89
1 48 2 68 3 13 4 36 5 85 6 35 7 25 8 21 9 44 10 40 11 20 12 83 13 76 14 26 15 50 16 98 17 6 18 83 19 51 20 46
1 99 2 65 3 46 4 24 5 47 6 24 7 32 8 66 9 48 10 83 11 3 12 74 13 97 14 39 15 80 16 27 17 70 18 65 19 1 20 26
1 46 2 8 3 74 4 47 5 19 6 85 7 62 8 33 9 96 10 33 11 5 12 23 13 43 14 63 15 10 16 47 17 73 18 1 19 19 20 92
1 31 2 29 3 68 4 31 5 92 6 48 7 87 8 8 9 90 10 57 11 40 12 25 13 49 14 26 15 35 16 90 17 99 18 30 19 5 20 52
1 12 2 11 3 72 4 32 5 81 6 21 7 81 8 64 9 45 10 4 11 10 12 90 13 11 14 88 15 52 16 96 17 92 18 44 19 54 20 28
1 85 2 51 3 21 4 4 5 42 6 43 7 55 8 89 9 4 10 1 11 97 12 65 13 38 14 87 15 58 16 47 17 53 18 51 19 40 20 80
1 20 2 24 3 77 4 37 5 13 6 29 7 28 8 18 9 22 10 75 11 24 12 79 13 99 14 35 15 45 16 95 17 46 18 15 19 7 20 24
1 45 2 20 3 35 4 61 5 97 6 69 7 78 8 13 9 53 10 16 11 94 12 59 13 64 14 72 15 13 16 47 17 22 18 9 19 68 20 4
1 67 2 92 3 49 4 23 5 37 6 16 7 39 8 47 9 94 10 71 11 36 12 72 13 67 14 78 15 13 16 68 17 36 18 69 19 28 20 69
1 47 2 51 3 44 4 27 5 76 6 4 7 76 8 49 9 5 10 25 11 23 12 67 13 55 14 40 15 58 16 26 17 36 18 83 19 65 20 91
1 77 2 62 3 6 4 57 5 87 6 4 7 11 8 60 9 23 10 87 11 50 12 18 13 23 14 24 15 82 16 16 17 96 18 37 19 29 20 19
1 26 2 56 3 33 4 53 5 6 6 95 7 63 8 84 9 13 10 6 11 19 12 16 13 80 14 37 15 20 16 62 17 81 18 52 19 14 20 67
1 19 2 86 3 1 4 53 5 21 6 33 7 68 8 28 9 25 10 69 11 71 12 60 13 69 14 99 15 53 16 77 17 27 18 29 19 83 20 22
1 10 2 42 3 64 4 80 5 73 6 91 7 38 8 60 9 53 10 38 11 19 12 14 13 35 14 10 15 44 16 97 17 17 18 50 19 22 20 19
1 70 2 88 3 31 4 7 5 81 6 58 7 2 8 89 9 1 10 80 11 52 12 15 13 25 14 11 15 97 16 90 17 62 18 69 19 34 20 66
1 54 2 84 3 62 4 71 5 70 6 60 7 54 8 52 9 71 10 9 11 99 12 41 13 30 14 23 15 60 16 1 17 67 18 55 19 64 20 21
1 16 2 94 3 11 4 90 5 48 6 85 7 34 8 7 9 79 10 95 11 50 12 78 13 39 14 79 15 69 16 27 17 42 18 15 19 51 20 44
1 71 2 32 3 66 4 49 5 8 6 7 7 44 8 1 9 15 10 6 11 51 12 91 13 33 14 77 15 69 16 28 17 8 18 8 19 48 20 7
1 55 2 51 3 89 4 61 5 82 6 39 7 89 8 47 9 24 10 79 11 86 12 60 13 67 14 10 15 61 16 60 17 68 18 72 19 9 20 47
