200 10
1 7 2 3 3 45 4 44 5 54 6 36 7 79 8 40 9 10 10 51
1 39 2 45 3 96 4 30 5 89 6 70 7 96 8 32 9 55 10 98
1 15 2 79 3 92 4 9 5 49 6 11 7 57 8 44 9 55 10 91
1 23 2 13 3 23 4 80 5 69 6 74 7 4 8 40 9 19 10 93
1 86 2 45 3 2 4 65 5 79 6 17 7 28 8 90 9 5 10 67
1 71 2 28 3 47 4 56 5 19 6 92 7 57 8 52 9 77 10 4
1 45 2 94 3 81 4 61 5 56 6 97 7 44 8 86 9 61 10 64
1 64 2 95 3 63 4 27 5 9 6 49 7 31 8 14 9 67 10 72
1 49 2 74 3 46 4 84 5 6 6 48 7 19 8 56 9 65 10 18
1 91 2 57 3 31 4 19 5 85 6 37 7 92 8 28 9 83 10 61
1 51 2 97 3 14 4 36 5 30 6 11 7 2 8 20 9 65 10 67
1 7 2 56 3 67 4 96 5 46 6 27 7 42 8 48 9 30 10 89
1 5 2 53 3 70 4 44 5 94 6 97 7 26 8 87 9 79 10 11
1 44 2 11 3 46 4 86 5 35 6 44 7 9 8 25 9 48 10 86
1 85 2 90 3 58 4 72 5 90 6 81 7 18 8 2 9 10 10 93
1 15 2 2 3 78 4 41 5 40 6 99 7 78 8 78 9 74 10 41
1 64 2 60 3 32 4 30 5 66 6 30 7 58 8 54 9 78 10 65
1 69 2 13 3 86 4 43 5 6 6 61 7 17 8 57 9 45 10 94
1 50 2 18 3 67 4 20 5 42 6 45 7 67 8 21 9 64 10 79
1 92 2 66 3 9 4 80 5 67 6 59 7 68 8 72 9 51 10 10
1 88 2 75 3 17 4 86 5 77 6 83 7 27 8 65 9 58 10 15
1 28 2 23 3 50 4 73 5 36 6 2 7 46 8 49 9 51 10 44
1 97 2 26 3 58 4 88 5 40 6 31 7 88 8 36 9 53 10 59
1 17 2 86 3 72 4 88 5 61 6 47 7 80 8 65 9 47 10 18
1 98 2 12 3 51 4 81 5 70 6 3 7 45 8 87 9 89 10 15
1 13 2 90 3 40 4 85 5 19 6 99 7 52 8 44 9 94 10 34
1 35 2 53 3 86 4 32 5 3 6 20 7 64 8 14 9 24 10 80
1 57 2 75 3 59 4 5 5 26 6 21 7 25 8 97 9 24 10 84
1 48 2 3 3 1 4 84 5 78 6 21 7 25 8 54 9 30 10 45
1 52 2 54 3 19 4 17 5 57 6 1 7 17 8 60 9 95 10 87
1 36 2 30 3 14 4 41 5 3 6 44 7 88 8 22 9 37 10 29
1 70 2 81 3 58 4 17 5 93 6 81 7 34 8 49 9 33 10 72
1 84 2 2 3 1 4 11 5 56 6 91 7 29 8 46 9 68 10 7
1 75 2 18 3 98 4 32 5 42 6 89 7 91 8 16 9 83 10 47
1 30 2 1 3 18 4 64 5 16 6 58 7 5 8 42 9 1 10 22
1 60 2 48 3 31 4 60 5 82 6 87 7 84 8 3 9 34 10 75
1 40 2 71 3 26 4 86 5 65 6 33 7 94 8 30 9 41 10 64
1 22 2 91 3 71 4 41 5 54 6 56 7 11 8 47 9 7 10 5
1 8 2 32 3 79 4 11 5 32 6 26 7 3 8 26 9 36 10 15
1 5 2 71 3 28 4 91 5 69 6 41 7 11 8 71 9 70 10 66
1 69 2 74 3 88 4 93 5 19 6 26 7 92 8 76 9 16 10 16
1 55 2 10 3 71 4 20 5 46 6 43 7 9 8 57 9 85 10 5
1 41 2 85 3 61 4 33 5 25 6 82 7 91 8 22 9 49 10 89
1 33 2 37 3 37 4 20 5 60 6 82 7 70 8 18 9 17 10 12
1 44 2 91 3 58 4 3 5 79 6 24 7 16 8 42 9 77 10 20
1 31 2 42 3 34 4 87 5 69 6 81 7 37 8 2 9 90 10 96
1 68 2 98 3 3 4 12 5 7 6 20 7 86 8 21 9 34 10 4
1 95 2 44 3 22 4 31 5 71 6 23 7 52 8 92 9 21 10 96
1 22 2 88 3 87 4 24 5 17 6 82 7 1 8 65 9 22 10 77
1 38 2 20 3 77 4 64 5 49 6 46 7 74 8 96 9 56 10 94
1 81 2 79 3 49 4 94 5 3 6 59 7 66 8 85 9 69 10 7
1 22 2 68 3 89 4 50 5 28 6 56 7 55 8 69 9 90 10 29
1 33 2 54 3 19 4 72 5 86 6 29 7 42 8 56 9 76 10 24
1 79 2 77 3 56 4 35 5 22 6 91 7 95 8 41 9 41 10 23
1 10 2 78 3 50 4 97 5 90 6 95 7 74 8 1 9 28 10 21
1 69 2 20 3 89 4 46 5 92 6 79 7 33 8 26 9 92 10 66
1 39 2 16 3 93 4 84 5 16 6 59 7 33 8 18 9 11 10 17
1 7 2 68 3 15 4 51 5 78 6 52 7 30 8 75 9 11 10 79
1 75 2 66 3 98 4 88 5 8 6 45 7 74 8 15 9 99 10 55
1 90 2 84 3 56 4 50 5 19 6 81 7 18 8 41 9 1 10 46
1 22 2 83 3 19 4 8 5 62 6 40 7 71 8 48 9 49 10 40
1 83 2 57 3 68 4 50 5 99 6 89 7 90 8 40 9 1 10 26
1 72 2 35 3 35 4 23 5 40 6 83 7 85 8 83 9 53 10 97
1 99 2 20 3 41 4 58 5 42 6 62 7 99 8 76 9 95 10 25
1 2 2 48 3 16 4 87 5 33 6 24 7 22 8 5 9 41 10 42
1 69 2 62 3 59 4 47 5 88 6 92 7 3 8 53 9 45 10 5
1 87 2 2 3 98 4 98 5 20 6 69 7 70 8 77 9 51 10 50
1 65 2 27 3 79 4 75 5 14 6 92 7 98 8 50 9 85 10 9
1 52 2 40 3 2 4 27 5 13 6 22 7 70 8 93 9 62 10 62
1 45 2 88 3 53 4 82 5 24 6 88 7 22 8 28 9 93 10 30
1 61 2 34 3 68 4 43 5 87 6 2 7 45 8 68 9 11 10 14
1 25 2 81 3 11 4 91 5 37 6 20 7 4 8 57 9 50 10 55
1 34 2 14 3 64 4 90 5 74 6 80 7 29 8 13 9 67 10 61
1 22 2 9 3 32 4 68 5 60 6 49 7 48 8 7 9 76 10 13
1 87 2 2 3 20 4 98 5 2 6 22 7 68 8 33 9 6 10 63
1 40 2 18 3 87 4 80 5 16 6 34 7 61 8 13 9 83 10 85
1 76 2 75 3 54 4 9 5 21 6 96 7 88 8 21 9 17 10 53
1 4 2 72 3 23 4 11 5 39 6 64 7 20 8 54 9 12 10 35
1 1 2 24 3 14 4 5 5 74 6 90 7 40 8 52 9 66 10 53
1 92 2 42 3 23 4 47 5 14 6 12 7 12 8 70 9 56 10 39
1 26 2 5 3 53 4 1 5 56 6 85 7 21 8 8 9 47 10 66
1 12 2 4 3 50 4 44 5 16 6 37 7 73 8 46 9 8 10 88
1 42 2 61 3 13 4 27 5 91 6 83 7 87 8 47 9 26 10 98
1 60 2 84 3 57 4 20 5 36 6 51 7 68 8 35 9 31 10 82
1 93 2 79 3 68 4 94 5 26 6 96 7 99 8 86 9 69 10 58
1 82 2 37 3 15 4 49 5 18 6 28 7 68 8 14 9 90 10 15
1 76 2 33 3 31 4 88 5 3 6 2 7 14 8 40 9 25 10 56
1 98 2 67 3 1 4 59 5 89 6 10 7 56 8 68 9 46 10 77
1 29 2 32 3 51 4 68 5 8 6 83 7 31 8 68 9 65 10 50
1 86 2 60 3 69 4 18 5 23 6 76 7 75 8 53 9 72 10 7
1 5 2 32 3 81 4 59 5 28 6 88 7 56 8 20 9 13 10 93
1 24 2 36 3 58 4 49 5 44 6 27 7 42 8 71 9 51 10 89
1 28 2 89 3 11 4 94 5 92 6 93 7 39 8 59 9 84 10 81
1 30 2 69 3 19 4 49 5 44 6 19 7 51 8 11 9 16 10 7
1 31 2 88 3 17 4 29 5 16 6 2 7 52 8 21 9 38 10 49
1 53 2 9 3 41 4 55 5 25 6 13 7 4 8 74 9 52 10 90
1 5 2 40 3 51 4 29 5 17 6 8 7 91 8 85 9 77 10 20
1 93 2 65 3 83 4 35 5 23 6 4 7 27 8 19 9 71 10 15
1 91 2 73 3 36 4 16 5 70 6 62 7 65 8 77 9 83 10 25
1 98 2 63 3 47 4 11 5 38 6 29 7 31 8 63 9 35 10 97
1 60 2 37 3 28 4 70 5 4 6 71 7 65 8 83 9 67 10 93
1 43 2 9 3 75 4 22 5 6 6 49 7 71 8 82 9 72 10 4
1 69 2 18 3 49 4 77 5 74 6 64 7 24 8 24 9 22 10 68
1 53 2 45 3 98 4 69 5 77 6 4 7 61 8 71 9 49 10 26
1 57 2 46 3 52 4 80 5 65 6 43 7 95 8 69 9 51 10 24
1 19 2 55 3 69 4 94 5 98 6 54 7 36 8 57 9 88 10 94
1 44 2 13 3 70 4 8 5 16 6 44 7 67 8 45 9 12 10 75
1 95 2 37 3 10 4 28 5 94 6 36 7 38 8 84 9 90 10 58
1 50 2 80 3 1 4 98 5 39 6 26 7 56 8 2 9 4 10 79
1 93 2 86 3 71 4 28 5 90 6 90 7 57 8 39 9 54 10 93
1 57 2 96 3 20 4 27 5 52 6 17 7 28 8 6 9 10 10 79
1 81 2 38 3 67 4 88 5 90 6 56 7 71 8 97 9 92 10 30
1 74 2 66 3 3 4 89 5 74 6 15 7 51 8 62 9 77 10 88
1 14 2 38 3 62 4 73 5 23 6 26 7 70 8 4 9 8 10 9
1 54 2 84 3 5 4 53 5 50 6 84 7 92 8 23 9 78 10 78
1 62 2 55 3 24 4 22 5 46 6 27 7 35 8 94 9 93 10 53
1 87 2 46 3 85 4 26 5 87 6 26 7 24 8 6 9 99 10 85
1 51 2 36 3 40 4 96 5 73 6 31 7 16 8 31 9 34 10 50
1 14 2 21 3 77 4 26 5 1 6 13 7 65 8 30 9 18 10 5
1 27 2 88 3 42 4 3 5 82 6 8 7 67 8 16 9 73 10 74
1 68 2 42 3 14 4 51 5 1 6 60 7 44 8 49 9 89 10 52
1 53 2 35 3 80 4 18 5 46 6 60 7 41 8 36 9 78 10 81
1 12 2 79 3 25 4 28 5 40 6 99 7 70 8 21 9 83 10 1
1 59 2 41 3 91 4 62 5 97 6 47 7 1 8 58 9 5 10 82
1 24 2 94 3 66 4 68 5 76 6 35 7 49 8 38 9 95 10 82
1 56 2 41 3 73 4 43 5 71 6 73 7 1 8 71 9 73 10 55
1 59 2 71 3 18 4 1 5 83 6 40 7 60 8 73 9 23 10 35
1 20 2 84 3 44 4 23 5 38 6 44 7 40 8 15 9 52 10 94
1 42 2 32 3 71 4 5 5 37 6 7 7 69 8 44 9 69 10 24
1 32 2 53 3 61 4 83 5 27 6 91 7 31 8 46 9 17 10 24
1 23 2 36 3 12 4 21 5 60 6 67 7 62 8 40 9 99 10 54
1 78 2 11 3 81 4 59 5 82 6 99 7 97 8 77 9 64 10 78
1 75 2 45 3 37 4 74 5 12 6 11 7 13 8 15 9 70 10 51
1 18 2 92 3 86 4 25 5 52 6 53 7 81 8 67 9 32 10 62
1 53 2 11 3 11 4 61 5 35 6 3 7 21 8 5 9 6 10 87
1 95 2 84 3 39 4 48 5 49 6 99 7 27 8 81 9 42 10 90
1 54 2 49 3 75 4 36 5 53 6 92 7 13 8 11 9 87 10 97
1 50 2 37 3 24 4 22 5 53 6 19 7 47 8 64 9 59 10 55
1 58 2 18 3 83 4 11 5 90 6 40 7 73 8 11 9 71 10 88
1 66 2 75 3 73 4 27 5 12 6 30 7 56 8 34 9 7 10 84
1 2 2 62 3 62 4 58 5 14 6 32 7 27 8 52 9 90 10 34
1 90 2 81 3 70 4 37 5 89 6 91 7 75 8 82 9 40 10 32
1 57 2 89 3 36 4 24 5 61 6 19 7 15 8 52 9 58 10 18
1 28 2 79 3 6 4 99 5 92 6 92 7 47 8 35 9 35 10 79
1 66 2 68 3 7 4 37 5 17 6 33 7 53 8 53 9 94 10 86
1 56 2 22 3 12 4 32 5 75 6 94 7 79 8 73 9 6 10 15
1 97 2 35 3 7 4 40 5 59 6 28 7 81 8 15 9 80 10 58
1 12 2 78 3 55 4 10 5 96 6 29 7 13 8 58 9 40 10 11
1 90 2 78 3 4 4 91 5 30 6 9 7 73 8 17 9 22 10 91
1 12 2 49 3 97 4 20 5 39 6 43 7 44 8 56 9 54 10 76
1 72 2 93 3 16 4 24 5 96 6 92 7 90 8 27 9 17 10 85
1 9 2 56 3 61 4 76 5 35 6 79 7 71 8 87 9 24 10 6
1 9 2 88 3 70 4 9 5 33 6 24 7 68 8 49 9 51 10 45
1 31 2 75 3 11 4 45 5 52 6 59 7 32 8 69 9 25 10 7
1 30 2 19 3 14 4 89 5 71 6 75 7 2 8 31 9 39 10 81
1 25 2 87 3 10 4 74 5 24 6 75 7 19 8 60 9 21 10 77
1 35 2 76 3 75 4 25 5 78 6 47 7 70 8 33 9 53 10 24
1 94 2 7 3 92 4 29 5 78 6 92 7 15 8 68 9 74 10 33
1 63 2 2 3 57 4 88 5 42 6 68 7 77 8 79 9 95 10 79
1 9 2 11 3 83 4 11 5 67 6 62 7 55 8 92 9 30 10 40
1 34 2 49 3 84 4 38 5 88 6 55 7 2 8 10 9 44 10 75
1 37 2 63 3 47 4 1 5 88 6 97 7 96 8 60 9 14 10 98
1 72 2 33 3 84 4 29 5 22 6 91 7 13 8 34 9 34 10 81
1 63 2 20 3 45 4 50 5 32 6 66 7 49 8 4 9 20 10 17
1 62 2 74 3 34 4 81 5 55 6 87 7 80 8 29 9 35 10 73
1 62 2 9 3 88 4 17 5 90 6 44 7 98 8 84 9 66 10 2
1 39 2 41 3 6 4 48 5 86 6 65 7 43 8 73 9 34 10 70
1 8 2 95 3 9 4 90 5 79 6 14 7 75 8 94 9 43 10 7
1 66 2 63 3 12 4 55 5 18 6 91 7 32 8 21 9 2 10 99
1 46 2 56 3 44 4 39 5 43 6 47 7 38 8 53 9 34 10 72
1 16 2 42 3 81 4 31 5 81 6 68 7 11 8 41 9 83 10 60
1 46 2 32 3 74 4 94 5 58 6 14 7 37 8 77 9 9 10 70
1 26 2 67 3 18 4 24 5 57 6 27 7 37 8 86 9 31 10 46
1 59 2 2 3 98 4 65 5 9 6 32 7 87 8 51 9 23 10 39
1 86 2 3 3 61 4 42 5 60 6 98 7 7 8 7 9 70 10 13
1 44 2 76 3 58 4 16 5 28 6 6 7 47 8 15 9 94 10 22
1 7 2 33 3 33 4 52 5 4 6 28 7 16 8 51 9 25 10 64
1 82 2 48 3 81 4 76 5 83 6 1 7 24 8 91 9 86 10 38
1 90 2 73 3 95 4 4 5 81 6 58 7 5 8 36 9 48 10 42
1 43 2 40 3 58 4 89 5 89 6 84 7 95 8 16 9 66 10 20
1 48 2 12 3 62 4 95 5 91 6 52 7 70 8 89 9 18 10 18
1 83 2 4 3 72 4 62 5 77 6 89 7 90 8 63 9 70 10 77
1 76 2 36 3 30 4 95 5 20 6 79 7 67 8 61 9 96 10 81
1 3 2 71 3 83 4 88 5 21 6 92 7 55 8 82 9 50 10 49
1 3 2 53 3 70 4 39 5 63 6 74 7 7 8 85 9 76 10 44
1 9 2 10 3 51 4 30 5 37 6 67 7 78 8 58 9 58 10 36
1 97 2 30 3 73 4 50 5 29 6 44 7 25 8 51 9 69 10 96
1 37 2 41 3 2 4 46 5 79 6 16 7 87 8 76 9 11 10 1
1 27 2 87 3 99 4 60 5 30 6 68 7 32 8 85 9 45 10 7
1 97 2 38 3 55 4 29 5 93 6 5 7 12 8 46 9 61 10 65
1 35 2 72 3 10 4 3 5 78 6 19 7 85 8 45 9 43 10 87
1 15 2 78 3 75 4 14 5 87 6 40 7 84 8 65 9 4 10 68
1 32 2 75 3 25 4 49 5 7 6 5 7 75 8 58 9 40 10 15
1 82 2 40 3 32 4 63 5 39 6 53 7 85 8 47 9 28 10 15
1 42 2 97 3 70 4 53 5 59 6 88 7 58 8 53 9 46 10 78
1 60 2 70 3 33 4 74 5 39 6 25 7 34 8 59 9 82 10 89
1 94 2 83 3 51 4 56 5 82 6 52 7 30 8 63 9 47 10 29
1 99 2 8 3 64 4 17 5 45 6 37 7 9 8 6 9 90 10 69
1 80 2 61 3 22 4 5 5 86 6 25 7 57 8 19 9 24 10 94
1 93 2 16 3 99 4 30 5 49 6 7 7 19 8 15 9 28 10 84
