200 20
1 11 2 59 3 88 4 53 5 79 6 18 7 19 8 26 9 57 10 7 11 90 12 65 13 7 14 38 15 54 16 32 17 20 18 88 19 16 20 97
1 38 2 47 3 37 4 54 5 27 6 34 7 28 8 55 9 81 10 71 11 2 12 26 13 99 14 59 15 46 16 92 17 16 18 98 19 40 20 91
1 53 2 75 3 11 4 95 5 59 6 57 7 68 8 62 9 94 10 84 11 9 12 78 13 69 14 64 15 16 16 87 17 29 18 95 19 54 20 74
1 33 2 17 3 78 4 71 5 22 6 48 7 26 8 17 9 25 10 55 11 74 12 10 13 60 14 46 15 53 16 25 17 70 18 41 19 51 20 59
1 99 2 96 3 1 4 20 5 46 6 54 7 88 8 82 9 11 10 45 11 45 12 79 13 79 14 43 15 41 16 61 17 60 18 17 19 87 20 55
1 28 2 50 3 8 4 81 5 65 6 75 7 70 8 10 9 16 10 68 11 18 12 25 13 3 14 39 15 55 16 38 17 27 18 46 19 91 20 61
1 15 2 97 3 40 4 83 5 97 6 72 7 28 8 95 9 42 10 12 11 6 12 39 13 53 14 74 15 89 16 36 17 13 18 61 19 83 20 19
1 9 2 95 3 79 4 30 5 88 6 45 7 90 8 81 9 45 10 66 11 73 12 96 13 4 14 76 15 43 16 52 17 54 18 49 19 92 20 5
1 18 2 57 3 39 4 81 5 6 6 11 7 54 8 73 9 34 10 91 11 86 12 65 13 41 14 96 15 1 16 9 17 59 18 96 19 96 20 76
1 3 2 67 3 21 4 88 5 92 6 64 7 18 8 54 9 65 10 29 11 10 12 91 13 34 14 65 15 58 16 84 17 10 18 14 19 56 20 84
1 76 2 56 3 32 4 41 5 21 6 73 7 41 8 93 9 11 10 31 11 49 12 71 13 91 14 5 15 74 16 31 17 6 18 76 19 66 20 15
1 26 2 52 3 1 4 52 5 57 6 55 7 62 8 18 9 3 10 80 11 91 12 31 13 53 14 48 15 58 16 36 17 14 18 20 19 69 20 88
1 26 2 29 3 71 4 88 5 30 6 47 7 90 8 87 9 83 10 52 11 28 12 72 13 14 14 29 15 5 16 41 17 43 18 85 19 49 20 16
1 75 2 80 3 38 4 79 5 89 6 10 7 61 8 17 9 77 10 76 11 45 12 17 13 52 14 44 15 38 16 56 17 22 18 98 19 75 20 51
1 27 2 89 3 71 4 33 5 92 6 84 7 10 8 34 9 46 10 91 11 34 12 46 13 47 14 10 15 54 16 82 17 36 18 47 19 45 20 46
1 1 2 39 3 4 4 3 5 53 6 28 7 44 8 93 9 13 10 95 11 80 12 73 13 15 14 92 15 51 16 21 17 57 18 85 19 53 20 8
1 20 2 66 3 13 4 34 5 41 6 58 7 88 8 33 9 83 10 60 11 57 12 61 13 11 14 25 15 65 16 1 17 35 18 2 19 59 20 87
1 87 2 54 3 53 4 55 5 2 6 39 7 53 8 39 9 11 10 75 11 1 12 52 13 41 14 19 15 78 16 39 17 94 18 73 19 71 20 45
1 24 2 18 3 11 4 86 5 67 6 53 7 58 8 68 9 57 10 33 11 53 12 80 13 72 14 32 15 89 16 33 17 57 18 38 19 44 20 35
1 80 2 88 3 75 4 92 5 5 6 71 7 79 8 59 9 73 10 8 11 5 12 6 13 37 14 54 15 76 16 7 17 30 18 78 19 27 20 31
1 47 2 54 3 77 4 78 5 87 6 28 7 74 8 91 9 55 10 35 11 28 12 47 13 83 14 87 15 51 16 12 17 49 18 89 19 1 20 49
1 93 2 13 3 73 4 20 5 26 6 67 7 18 8 32 9 22 10 18 11 64 12 13 13 19 14 73 15 96 16 15 17 18 18 66 19 15 20 39
1 76 2 20 3 90 4 87 5 67 6 76 7 77 8 5 9 90 10 48 11 48 12 93 13 40 14 74 15 10 16 49 17 77 18 22 19 80 20 81
1 33 2 16 3 90 4 3 5 56 6 66 7 38 8 81 9 89 10 18 11 4 12 85 13 65 14 7 15 24 16 29 17 46 18 1 19 22 20 5
1 35 2 55 3 89 4 56 5 35 6 25 7 80 8 33 9 68 10 21 11 8 12 12 13 93 14 71 15 95 16 94 17 76 18 22 19 94 20 5
1 63 2 61 3 44 4 49 5 70 6 33 7 89 8 16 9 6 10 94 11 20 12 35 13 22 14 81 15 20 16 10 17 15 18 84 19 24 20 64
1 76 2 26 3 97 4 62 5 7 6 34 7 47 8 91 9 32 10 32 11 68 12 10 13 94 14 60 15 16 16 20 17 11 18 34 19 63 20 37
1 58 2 55 3 81 4 71 5 1 6 86 7 62 8 35 9 45 10 49 11 33 12 98 13 12 14 7 15 54 16 47 17 89 18 59 19 7 20 34
1 88 2 91 3 71 4 96 5 21 6 27 7 43 8 31 9 62 10 22 11 82 12 13 13 93 14 85 15 36 16 49 17 39 18 57 19 82 20 99
1 69 2 81 3 7 4 3 5 66 6 20 7 83 8 53 9 9 10 31 11 27 12 69 13 75 14 22 15 97 16 70 17 58 18 29 19 14 20 41
1 11 2 26 3 12 4 27 5 12 6 35 7 71 8 10 9 97 10 25 11 97 12 91 13 93 14 5 15 18 16 97 17 64 18 62 19 60 20 50
1 48 2 24 3 39 4 7 5 4 6 27 7 80 8 68 9 36 10 88 11 49 12 88 13 44 14 86 15 33 16 51 17 69 18 33 19 38 20 98
1 8 2 73 3 95 4 11 5 73 6 34 7 68 8 48 9 92 10 76 11 60 12 12 13 64 14 50 15 64 16 87 17 97 18 14 19 2 20 26
1 4 2 79 3 87 4 51 5 32 6 69 7 41 8 35 9 19 10 23 11 16 12 15 13 62 14 6 15 77 16 54 17 66 18 24 19 10 20 76
1 16 2 31 3 61 4 78 5 27 6 28 7 57 8 4 9 71 10 45 11 37 12 84 13 87 14 94 15 78 16 61 17 58 18 60 19 85 20 15
1 17 2 71 3 24 4 99 5 69 6 49 7 8 8 61 9 59 10 57 11 25 12 39 13 35 14 91 15 80 16 78 17 96 18 46 19 99 20 57
1 76 2 87 3 10 4 27 5 48 6 62 7 9 8 52 9 45 10 41 11 93 12 56 13 88 14 6 15 17 16 4 17 78 18 92 19 40 20 40
1 29 2 83 3 64 4 46 5 81 6 73 7 1 8 38 9 62 10 37 11 13 12 95 13 29 14 16 15 42 16 77 17 50 18 72 19 98 20 77
1 70 2 72 3 37 4 49 5 26 6 7 7 29 8 54 9 86 10 17 11 68 12 89 13 52 14 37 15 61 16 80 17 43 18 86 19 20 20 97
1 25 2 97 3 83 4 2 5 69 6 31 7 80 8 92 9 47 10 19 11 39 12 10 13 88 14 85 15 76 16 29 17 44 18 98 19 26 20 68
1 57 2 13 3 7 4 39 5 24 6 61 7 98 8 31 9 49 10 34 11 4 12 37 13 68 14 99 15 47 16 67 17 48 18 89 19 23 20 60
1 51 2 86 3 19 4 80 5 62 6 79 7 47 8 87 9 32 10 53 11 24 12 89 13 58 14 20 15 72 16 83 17 67 18 2 19 37 20 3
1 36 2 13 3 18 4 36 5 35 6 56 7 48 8 57 9 51 10 12 11 88 12 28 13 17 14 53 15 67 16 52 17 14 18 89 19 66 20 96
1 44 2 90 3 17 4 25 5 74 6 76 7 74 8 92 9 23 10 11 11 95 12 2 13 75 14 2 15 6 16 55 17 78 18 82 19 46 20 28
1 68 2 78 3 54 4 70 5 78 6 2 7 75 8 1 9 94 10 93 11 38 12 24 13 14 14 49 15 93 16 23 17 22 18 46 19 25 20 4
1 2 2 56 3 80 4 12 5 7 6 51 7 76 8 69 9 91 10 50 11 30 12 43 13 4 14 39 15 66 16 11 17 41 18 65 19 93 20 28
1 43 2 34 3 58 4 23 5 11 6 79 7 20 8 46 9 87 10 7 11 39 12 28 13 2 14 96 15 40 16 77 17 92 18 61 19 88 20 81
1 97 2 34 3 92 4 87 5 45 6 45 7 18 8 22 9 36 10 96 11 18 12 68 13 52 14 54 15 91 16 75 17 63 18 82 19 32 20 43
1 89 2 18 3 56 4 66 5 9 6 74 7 78 8 55 9 80 10 74 11 36 12 65 13 51 14 50 15 21 16 94 17 3 18 51 19 91 20 76
1 39 2 64 3 67 4 31 5 15 6 51 7 91 8 83 9 72 10 1 11 49 12 4 13 36 14 98 15 91 16 89 17 34 18 96 19 6 20 67
1 30 2 17 3 25 4 58 5 55 6 90 7 85 8 20 9 33 10 52 11 6 12 34 13 59 14 8 15 31 16 54 17 4 18 54 19 40 20 59
1 14 2 85 3 60 4 63 5 6 6 74 7 72 8 53 9 38 10 27 11 1 12 36 13 98 14 72 15 16 16 22 17 5 18 31 19 93 20 6
1 76 2 29 3 50 4 31 5 53 6 87 7 78 8 79 9 98 10 27 11 94 12 45 13 22 14 8 15 34 16 66 17 21 18 59 19 70 20 93
1 1 2 32 3 92 4 60 5 42 6 14 7 52 8 11 9 59 10 11 11 15 12 19 13 36 14 52 15 57 16 88 17 57 18 93 19 86 20 50
1 62 2 99 3 66 4 60 5 62 6 28 7 48 8 27 9 2 10 27 11 4 12 19 13 84 14 33 15 84 16 15 17 54 18 36 19 27 20 51
1 27 2 67 3 87 4 72 5 80 6 14 7 66 8 91 9 91 10 38 11 88 12 62 13 55 14 47 15 63 16 33 17 98 18 46 19 92 20 3
1 14 2 84 3 88 4 59 5 48 6 36 7 44 8 65 9 37 10 29 11 96 12 2 13 77 14 20 15 39 16 22 17 16 18 43 19 66 20 76
1 92 2 37 3 73 4 70 5 10 6 17 7 14 8 2 9 62 10 70 11 73 12 81 13 40 14 9 15 20 16 82 17 51 18 13 19 76 20 97
1 31 2 11 3 78 4 92 5 97 6 9 7 74 8 24 9 87 10 80 11 17 12 10 13 51 14 56 15 7 16 52 17 26 18 74 19 79 20 83
1 90 2 91 3 64 4 15 5 49 6 39 7 22 8 88 9 88 10 15 11 54 12 46 13 28 14 24 15 72 16 68 17 98 18 30 19 19 20 90
1 73 2 97 3 17 4 28 5 33 6 4 7 36 8 65 9 48 10 21 11 9 12 74 13 45 14 42 15 80 16 1 17 86 18 91 19 2 20 41
1 42 2 82 3 14 4 13 5 12 6 36 7 83 8 29 9 35 10 29 11 86 12 17 13 90 14 88 15 58 16 48 17 81 18 76 19 19 20 62
1 68 2 82 3 7 4 65 5 12 6 19 7 21 8 74 9 45 10 6 11 35 12 27 13 20 14 45 15 23 16 4 17 35 18 69 19 49 20 33
1 29 2 49 3 67 4 26 5 57 6 30 7 94 8 57 9 5 10 26 11 19 12 3 13 73 14 13 15 6 16 36 17 25 18 23 19 83 20 73
1 10 2 76 3 70 4 38 5 68 6 30 7 87 8 30 9 31 10 63 11 60 12 16 13 8 14 41 15 64 16 19 17 48 18 19 19 67 20 72
1 48 2 77 3 88 4 88 5 48 6 66 7 19 8 45 9 78 10 8 11 57 12 62 13 19 14 15 15 49 16 62 17 17 18 89 19 55 20 63
1 4 2 30 3 17 4 91 5 46 6 86 7 64 8 91 9 32 10 35 11 31 12 68 13 70 14 49 15 68 16 99 17 77 18 86 19 70 20 43
1 46 2 54 3 31 4 53 5 84 6 46 7 38 8 56 9 56 10 65 11 15 12 75 13 84 14 14 15 98 16 99 17 33 18 49 19 49 20 3
1 63 2 57 3 44 4 17 5 73 6 13 7 68 8 7 9 83 10 59 11 74 12 71 13 59 14 25 15 3 16 17 17 11 18 68 19 12 20 32
1 68 2 46 3 29 4 64 5 28 6 50 7 83 8 86 9 36 10 15 11 55 12 86 13 94 14 24 15 33 16 24 17 24 18 26 19 54 20 41
1 66 2 33 3 71 4 10 5 76 6 25 7 83 8 70 9 87 10 25 11 44 12 25 13 8 14 26 15 99 16 91 17 14 18 87 19 31 20 53
1 78 2 28 3 43 4 91 5 33 6 66 7 81 8 63 9 21 10 47 11 98 12 8 13 88 14 53 15 51 16 3 17 54 18 64 19 24 20 85
1 52 2 43 3 40 4 20 5 32 6 40 7 12 8 83 9 81 10 8 11 21 12 51 13 95 14 9 15 13 16 98 17 41 18 32 19 75 20 69
1 3 2 95 3 32 4 70 5 76 6 52 7 10 8 55 9 12 10 43 11 55 12 85 13 56 14 85 15 95 16 27 17 21 18 38 19 29 20 19
1 49 2 53 3 18 4 60 5 57 6 36 7 56 8 16 9 85 10 21 11 87 12 48 13 14 14 36 15 14 16 25 17 24 18 86 19 74 20 63
1 85 2 58 3 45 4 92 5 60 6 4 7 4 8 75 9 15 10 50 11 73 12 86 13 52 14 78 15 96 16 49 17 61 18 21 19 24 20 21
1 77 2 90 3 36 4 47 5 6 6 41 7 15 8 67 9 65 10 78 11 57 12 20 13 96 14 96 15 73 16 99 17 97 18 47 19 69 20 57
1 40 2 37 3 44 4 6 5 20 6 74 7 23 8 7 9 9 10 78 11 48 12 10 13 21 14 89 15 25 16 75 17 35 18 37 19 65 20 88
1 84 2 74 3 70 4 20 5 80 6 16 7 74 8 70 9 46 10 36 11 79 12 24 13 29 14 39 15 93 16 49 17 1 18 88 19 25 20 86
1 78 2 51 3 79 4 15 5 93 6 26 7 48 8 53 9 28 10 43 11 80 12 84 13 88 14 83 15 91 16 7 17 2 18 38 19 22 20 49
1 40 2 12 3 72 4 58 5 55 6 74 7 39 8 86 9 98 10 2 11 54 12 46 13 82 14 82 15 51 16 11 17 54 18 66 19 67 20 87
1 21 2 11 3 65 4 22 5 35 6 28 7 45 8 24 9 74 10 12 11 72 12 30 13 81 14 24 15 75 16 49 17 17 18 15 19 47 20 59
1 61 2 72 3 35 4 43 5 70 6 8 7 84 8 8 9 97 10 10 11 97 12 73 13 86 14 23 15 54 16 68 17 36 18 73 19 44 20 73
1 62 2 34 3 98 4 34 5 76 6 36 7 35 8 69 9 11 10 20 11 43 12 99 13 66 14 50 15 45 16 60 17 2 18 11 19 68 20 56
1 46 2 40 3 34 4 4 5 65 6 94 7 85 8 68 9 77 10 39 11 58 12 78 13 6 14 91 15 43 16 62 17 90 18 90 19 57 20 53
1 63 2 30 3 4 4 94 5 33 6 33 7 46 8 79 9 17 10 50 11 68 12 45 13 89 14 80 15 33 16 63 17 26 18 82 19 51 20 92
1 61 2 27 3 46 4 66 5 85 6 69 7 39 8 98 9 67 10 82 11 84 12 80 13 35 14 59 15 2 16 50 17 62 18 8 19 58 20 8
1 1 2 98 3 33 4 83 5 50 6 12 7 56 8 26 9 91 10 51 11 36 12 95 13 36 14 75 15 64 16 54 17 1 18 31 19 31 20 11
1 78 2 38 3 31 4 48 5 54 6 21 7 74 8 30 9 56 10 42 11 11 12 13 13 34 14 72 15 61 16 63 17 31 18 55 19 88 20 87
1 58 2 1 3 42 4 32 5 2 6 19 7 66 8 67 9 75 10 5 11 98 12 9 13 91 14 22 15 44 16 13 17 57 18 42 19 5 20 80
1 81 2 59 3 68 4 80 5 69 6 28 7 5 8 97 9 25 10 17 11 54 12 68 13 30 14 28 15 13 16 52 17 62 18 7 19 68 20 69
1 22 2 88 3 27 4 72 5 51 6 79 7 33 8 56 9 35 10 74 11 44 12 11 13 58 14 69 15 86 16 2 17 2 18 3 19 70 20 34
1 16 2 22 3 91 4 24 5 50 6 76 7 39 8 79 9 28 10 54 11 34 12 68 13 94 14 13 15 41 16 68 17 44 18 40 19 46 20 60
1 93 2 32 3 83 4 2 5 88 6 71 7 56 8 63 9 25 10 30 11 29 12 47 13 40 14 30 15 66 16 54 17 40 18 63 19 5 20 47
1 88 2 36 3 15 4 20 5 84 6 82 7 44 8 50 9 30 10 84 11 71 12 5 13 35 14 67 15 18 16 27 17 85 18 8 19 63 20 6
1 67 2 80 3 95 4 20 5 22 6 12 7 64 8 30 9 80 10 73 11 12 12 87 13 81 14 39 15 79 16 35 17 93 18 17 19 90 20 50
1 86 2 68 3 53 4 27 5 91 6 67 7 98 8 35 9 64 10 5 11 47 12 13 13 91 14 54 15 82 16 44 17 86 18 38 19 26 20 96
1 52 2 1 3 40 4 58 5 64 6 10 7 89 8 30 9 18 10 74 11 13 12 20 13 44 14 73 15 21 16 34 17 99 18 56 19 77 20 7
1 40 2 84 3 42 4 42 5 14 6 71 7 29 8 32 9 22 10 6 11 58 12 40 13 24 14 22 15 17 16 40 17 80 18 2 19 1 20 62
1 21 2 32 3 77 4 42 5 9 6 93 7 3 8 34 9 39 10 34 11 46 12 30 13 70 14 47 15 93 16 78 17 97 18 47 19 52 20 44
1 45 2 19 3 74 4 88 5 78 6 38 7 11 8 43 9 84 10 25 11 9 12 91 13 88 14 3 15 78 16 8 17 58 18 47 19 51 20 4
1 29 2 25 3 34 4 62 5 98 6 63 7 97 8 58 9 93 10 61 11 71 12 83 13 52 14 40 15 99 16 53 17 13 18 66 19 13 20 77
1 28 2 98 3 56 4 96 5 94 6 4 7 68 8 65 9 22 10 23 11 28 12 94 13 66 14 2 15 56 16 31 17 62 18 28 19 6 20 10
1 76 2 55 3 53 4 96 5 2 6 88 7 79 8 44 9 83 10 79 11 83 12 34 13 21 14 64 15 37 16 47 17 5 18 52 19 76 20 69
1 37 2 39 3 39 4 2 5 47 6 30 7 38 8 76 9 59 10 81 11 15 12 17 13 87 14 83 15 70 16 2 17 64 18 91 19 48 20 4
1 85 2 12 3 5 4 54 5 66 6 36 7 99 8 49 9 74 10 1 11 81 12 68 13 16 14 80 15 29 16 54 17 9 18 18 19 68 20 88
1 57 2 47 3 77 4 42 5 98 6 42 7 78 8 61 9 81 10 86 11 17 12 58 13 38 14 30 15 32 16 51 17 53 18 32 19 38 20 84
1 19 2 86 3 88 4 63 5 69 6 43 7 19 8 89 9 70 10 48 11 55 12 46 13 95 14 51 15 98 16 7 17 16 18 51 19 68 20 16
1 60 2 53 3 37 4 36 5 94 6 70 7 64 8 35 9 48 10 68 11 74 12 1 13 35 14 67 15 74 16 76 17 94 18 6 19 95 20 36
1 13 2 66 3 74 4 52 5 75 6 2 7 59 8 7 9 90 10 15 11 96 12 29 13 1 14 23 15 89 16 36 17 26 18 25 19 82 20 26
1 8 2 48 3 72 4 23 5 41 6 13 7 9 8 5 9 76 10 54 11 32 12 40 13 74 14 34 15 78 16 58 17 34 18 23 19 15 20 22
1 87 2 26 3 98 4 40 5 79 6 5 7 12 8 90 9 65 10 17 11 31 12 82 13 90 14 91 15 33 16 30 17 69 18 36 19 87 20 78
1 25 2 70 3 98 4 97 5 24 6 89 7 15 8 22 9 56 10 77 11 49 12 48 13 26 14 71 15 22 16 36 17 61 18 4 19 39 20 55
1 62 2 94 3 47 4 66 5 50 6 94 7 10 8 8 9 18 10 54 11 83 12 69 13 99 14 77 15 89 16 14 17 79 18 36 19 12 20 81
1 37 2 6 3 18 4 32 5 83 6 55 7 30 8 53 9 39 10 68 11 42 12 39 13 44 14 44 15 5 16 37 17 36 18 79 19 85 20 34
1 42 2 32 3 94 4 53 5 10 6 11 7 54 8 2 9 58 10 49 11 64 12 68 13 47 14 99 15 20 16 98 17 46 18 91 19 57 20 76
1 64 2 8 3 32 4 42 5 54 6 52 7 88 8 76 9 60 10 24 11 55 12 62 13 59 14 81 15 19 16 47 17 74 18 78 19 4 20 15
1 24 2 51 3 84 4 10 5 63 6 13 7 98 8 74 9 78 10 85 11 44 12 2 13 67 14 3 15 13 16 48 17 25 18 39 19 1 20 10
1 51 2 22 3 79 4 88 5 80 6 48 7 37 8 66 9 29 10 35 11 15 12 17 13 48 14 16 15 47 16 75 17 75 18 75 19 82 20 63
1 96 2 36 3 86 4 98 5 13 6 22 7 58 8 45 9 39 10 34 11 92 12 32 13 8 14 97 15 50 16 38 17 15 18 75 19 44 20 76
1 53 2 48 3 74 4 21 5 97 6 28 7 98 8 2 9 95 10 47 11 63 12 33 13 58 14 17 15 58 16 23 17 92 18 14 19 35 20 40
1 86 2 1 3 67 4 60 5 16 6 23 7 93 8 3 9 56 10 22 11 50 12 29 13 78 14 59 15 94 16 71 17 56 18 30 19 87 20 7
1 68 2 62 3 83 4 36 5 15 6 13 7 94 8 31 9 61 10 12 11 78 12 86 13 32 14 24 15 92 16 60 17 26 18 62 19 88 20 96
1 44 2 6 3 26 4 29 5 33 6 98 7 37 8 91 9 88 10 23 11 40 12 84 13 65 14 11 15 3 16 30 17 12 18 72 19 41 20 43
1 59 2 95 3 2 4 55 5 11 6 56 7 25 8 98 9 29 10 59 11 82 12 48 13 55 14 13 15 13 16 51 17 71 18 57 19 15 20 37
1 43 2 82 3 22 4 28 5 89 6 56 7 47 8 39 9 93 10 60 11 23 12 85 13 49 14 14 15 22 16 6 17 19 18 90 19 44 20 66
1 40 2 52 3 48 4 48 5 32 6 4 7 72 8 45 9 57 10 91 11 35 12 83 13 10 14 33 15 20 16 86 17 36 18 20 19 28 20 61
1 51 2 74 3 14 4 44 5 56 6 22 7 80 8 45 9 75 10 11 11 42 12 40 13 50 14 96 15 70 16 56 17 73 18 54 19 8 20 35
1 51 2 99 3 46 4 65 5 65 6 25 7 49 8 12 9 55 10 46 11 94 12 80 13 99 14 26 15 98 16 62 17 64 18 16 19 81 20 25
1 68 2 5 3 95 4 68 5 92 6 11 7 83 8 82 9 57 10 82 11 62 12 9 13 45 14 90 15 68 16 42 17 29 18 8 19 49 20 34
1 51 2 74 3 32 4 88 5 94 6 95 7 75 8 37 9 82 10 82 11 46 12 92 13 57 14 97 15 48 16 93 17 21 18 1 19 65 20 4
1 75 2 71 3 98 4 88 5 25 6 75 7 43 8 42 9 78 10 70 11 80 12 83 13 11 14 25 15 73 16 73 17 22 18 82 19 97 20 92
1 96 2 81 3 35 4 76 5 64 6 1 7 65 8 93 9 13 10 42 11 65 12 61 13 14 14 26 15 82 16 48 17 15 18 18 19 44 20 58
1 9 2 71 3 29 4 30 5 23 6 62 7 16 8 72 9 63 10 26 11 65 12 49 13 36 14 47 15 47 16 58 17 50 18 32 19 80 20 11
1 98 2 60 3 96 4 96 5 11 6 21 7 21 8 62 9 26 10 98 11 1 12 47 13 4 14 33 15 79 16 64 17 52 18 18 19 60 20 28
1 55 2 53 3 89 4 85 5 3 6 40 7 36 8 73 9 87 10 45 11 69 12 45 13 7 14 90 15 59 16 24 17 18 18 66 19 35 20 22
1 16 2 13 3 34 4 65 5 23 6 95 7 82 8 64 9 55 10 38 11 1 12 64 13 65 14 78 15 39 16 5 17 58 18 78 19 38 20 95
1 95 2 68 3 10 4 66 5 43 6 63 7 11 8 31 9 27 10 66 11 21 12 65 13 50 14 32 15 33 16 79 17 58 18 26 19 45 20 25
1 24 2 62 3 90 4 79 5 9 6 43 7 50 8 55 9 83 10 81 11 62 12 9 13 20 14 64 15 59 16 45 17 26 18 10 19 39 20 64
1 68 2 63 3 47 4 7 5 69 6 28 7 49 8 97 9 80 10 7 11 90 12 5 13 33 14 92 15 81 16 99 17 53 18 2 19 35 20 43
1 23 2 12 3 96 4 74 5 3 6 36 7 88 8 44 9 83 10 30 11 98 12 65 13 16 14 23 15 82 16 42 17 28 18 7 19 12 20 47
1 75 2 2 3 36 4 73 5 27 6 48 7 58 8 69 9 24 10 4 11 51 12 84 13 29 14 54 15 50 16 84 17 2 18 46 19 97 20 45
1 35 2 68 3 68 4 79 5 51 6 66 7 76 8 4 9 95 10 44 11 66 12 92 13 71 14 21 15 85 16 66 17 32 18 46 19 98 20 80
1 70 2 79 3 51 4 59 5 7 6 5 7 25 8 22 9 28 10 16 11 13 12 61 13 87 14 86 15 84 16 1 17 56 18 18 19 70 20 82
1 80 2 83 3 43 4 11 5 94 6 17 7 75 8 87 9 71 10 20 11 89 12 8 13 84 14 73 15 52 16 8 17 96 18 36 19 27 20 60
1 66 2 32 3 70 4 2 5 83 6 75 7 66 8 47 9 71 10 34 11 13 12 73 13 6 14 35 15 95 16 66 17 33 18 27 19 35 20 20
1 63 2 60 3 76 4 8 5 39 6 65 7 18 8 86 9 75 10 62 11 12 12 18 13 32 14 57 15 4 16 57 17 83 18 45 19 98 20 33
1 41 2 19 3 76 4 33 5 99 6 64 7 12 8 11 9 8 10 63 11 52 12 8 13 3 14 22 15 13 16 7 17 80 18 89 19 79 20 6
1 47 2 36 3 11 4 40 5 18 6 70 7 43 8 12 9 41 10 96 11 30 12 84 13 28 14 71 15 42 16 33 17 83 18 95 19 98 20 19
1 58 2 42 3 25 4 71 5 81 6 95 7 85 8 93 9 43 10 37 11 3 12 8 13 37 14 18 15 78 16 86 17 39 18 68 19 65 20 91
1 22 2 7 3 7 4 83 5 15 6 48 7 45 8 20 9 13 10 91 11 83 12 48 13 36 14 13 15 69 16 23 17 40 18 51 19 69 20 16
1 18 2 34 3 72 4 68 5 31 6 43 7 91 8 93 9 46 10 19 11 42 12 64 13 82 14 16 15 73 16 48 17 81 18 41 19 82 20 7
1 41 2 87 3 60 4 50 5 81 6 27 7 58 8 97 9 73 10 4 11 18 12 20 13 93 14 46 15 28 16 94 17 95 18 31 19 59 20 23
1 8 2 22 3 93 4 95 5 53 6 63 7 25 8 79 9 8 10 43 11 39 12 34 13 14 14 47 15 76 16 43 17 75 18 66 19 81 20 92
1 44 2 88 3 13 4 80 5 66 6 55 7 19 8 97 9 54 10 95 11 98 12 6 13 45 14 5 15 84 16 51 17 72 18 36 19 58 20 99
1 27 2 53 3 71 4 46 5 36 6 36 7 46 8 59 9 85 10 35 11 47 12 23 13 25 14 34 15 27 16 34 17 49 18 27 19 47 20 7
1 9 2 99 3 46 4 9 5 14 6 66 7 57 8 16 9 84 10 88 11 72 12 80 13 55 14 43 15 52 16 63 17 76 18 96 19 94 20 34
1 16 2 89 3 9 4 11 5 46 6 32 7 58 8 27 9 77 10 58 11 14 12 25 13 34 14 75 15 72 16 56 17 39 18 91 19 57 20 7
1 28 2 29 3 87 4 40 5 8 6 1 7 72 8 52 9 19 10 40 11 69 12 77 13 37 14 14 15 11 16 86 17 96 18 39 19 34 20 2
1 95 2 58 3 13 4 33 5 78 6 75 7 61 8 58 9 17 10 92 11 87 12 31 13 28 14 87 15 55 16 97 17 9 18 39 19 14 20 94
1 13 2 29 3 22 4 73 5 28 6 19 7 64 8 15 9 51 10 37 11 14 12 78 13 55 14 38 15 75 16 1 17 68 18 16 19 50 20 28
1 29 2 69 3 10 4 1 5 4 6 69 7 90 8 17 9 11 10 57 11 48 12 11 13 49 14 30 15 98 16 40 17 80 18 84 19 99 20 17
1 67 2 63 3 21 4 4 5 73 6 96 7 42 8 24 9 14 10 54 11 39 12 98 13 42 14 55 15 50 16 26 17 60 18 26 19 89 20 69
1 55 2 47 3 57 4 15 5 86 6 13 7 66 8 84 9 71 10 58 11 60 12 23 13 38 14 33 15 88 16 10 17 96 18 69 19 2 20 23
1 19 2 16 3 84 4 13 5 5 6 72 7 24 8 72 9 19 10 3 11 50 12 4 13 31 14 5 15 35 16 95 17 71 18 38 19 66 20 35
1 76 2 46 3 83 4 85 5 35 6 58 7 42 8 53 9 99 10 17 11 56 12 41 13 12 14 51 15 82 16 62 17 61 18 62 19 54 20 17
1 37 2 45 3 48 4 24 5 81 6 28 7 55 8 12 9 25 10 20 11 44 12 89 13 68 14 28 15 55 16 35 17 60 18 33 19 75 20 16
1 21 2 75 3 80 4 58 5 26 6 76 7 7 8 71 9 94 10 81 11 81 12 42 13 14 14 57 15 59 16 28 17 33 18 2 19 93 20 78
1 2 2 33 3 83 4 55 5 29 6 5 7 28 8 46 9 57 10 24 11 35 12 18 13 46 14 93 15 88 16 95 17 82 18 68 19 94 20 53
1 45 2 95 3 70 4 80 5 79 6 28 7 11 8 54 9 43 10 8 11 53 12 70 13 96 14 50 15 47 16 90 17 38 18 85 19 60 20 56
1 26 2 12 3 17 4 81 5 12 6 7 7 61 8 41 9 88 10 41 11 19 12 41 13 50 14 29 15 8 16 12 17 57 18 90 19 91 20 45
1 24 2 16 3 25 4 38 5 36 6 60 7 35 8 55 9 35 10 45 11 39 12 96 13 50 14 3 15 13 16 88 17 4 18 99 19 68 20 23
1 62 2 27 3 42 4 37 5 78 6 21 7 73 8 97 9 21 10 76 11 16 12 53 13 95 14 99 15 20 16 47 17 76 18 2 19 62 20 90
1 83 2 51 3 23 4 49 5 32 6 56 7 12 8 40 9 63 10 75 11 17 12 90 13 2 14 66 15 98 16 81 17 63 18 52 19 72 20 21
1 42 2 61 3 89 4 12 5 93 6 62 7 54 8 88 9 25 10 98 11 48 12 91 13 50 14 32 15 86 16 25 17 86 18 12 19 1 20 29
1 36 2 22 3 9 4 79 5 39 6 70 7 54 8 56 9 7 10 97 11 59 12 87 13 18 14 16 15 80 16 23 17 15 18 78 19 60 20 37
1 78 2 63 3 39 4 69 5 29 6 24 7 28 8 16 9 31 10 9 11 68 12 25 13 86 14 12 15 52 16 58 17 19 18 8 19 15 20 31
1 19 2 8 3 77 4 17 5 40 6 48 7 97 8 63 9 40 10 26 11 13 12 41 13 68 14 9 15 55 16 93 17 75 18 20 19 94 20 3
1 62 2 66 3 84 4 81 5 52 6 29 7 68 8 64 9 65 10 58 11 68 12 72 13 34 14 85 15 44 16 53 17 11 18 10 19 20 20 25
1 31 2 81 3 80 4 73 5 38 6 58 7 87 8 55 9 17 10 37 11 74 12 76 13 88 14 1 15 26 16 77 17 66 18 85 19 23 20 79
1 54 2 46 3 1 4 82 5 80 6 54 7 11 8 8 9 78 10 20 11 31 12 84 13 71 14 25 15 11 16 54 17 80 18 54 19 67 20 52
1 72 2 66 3 81 4 15 5 67 6 72 7 66 8 85 9 84 10 37 11 84 12 45 13 20 14 14 15 80 16 1 17 61 18 60 19 21 20 91
1 66 2 84 3 47 4 99 5 20 6 86 7 98 8 90 9 68 10 17 11 35 12 36 13 34 14 17 15 19 16 79 17 77 18 28 19 32 20 50
1 94 2 20 3 72 4 78 5 45 6 24 7 81 8 35 9 36 10 43 11 82 12 29 13 1 14 6 15 52 16 70 17 87 18 44 19 46 20 72
1 7 2 48 3 13 4 2 5 6 6 96 7 24 8 27 9 68 10 76 11 22 12 40 13 44 14 78 15 70 16 91 17 69 18 5 19 32 20 43
1 62 2 90 3 22 4 83 5 58 6 92 7 24 8 44 9 37 10 15 11 52 12 76 13 56 14 87 15 43 16 48 17 28 18 96 19 73 20 78
1 55 2 14 3 69 4 53 5 90 6 91 7 23 8 17 9 42 10 1 11 77 12 86 13 25 14 13 15 16 16 42 17 19 18 40 19 98 20 13
1 40 2 3 3 88 4 71 5 26 6 57 7 25 8 46 9 87 10 32 11 8 12 56 13 49 14 22 15 59 16 16 17 79 18 38 19 42 20 95
1 70 2 65 3 30 4 61 5 16 6 94 7 95 8 67 9 79 10 49 11 62 12 50 13 7 14 32 15 56 16 82 17 92 18 78 19 20 20 17
1 54 2 63 3 64 4 93 5 29 6 77 7 37 8 28 9 92 10 97 11 55 12 70 13 78 14 20 15 18 16 27 17 49 18 26 19 68 20 71
1 26 2 54 3 50 4 66 5 23 6 90 7 38 8 4 9 19 10 53 11 32 12 92 13 43 14 56 15 92 16 60 17 23 18 52 19 52 20 10
1 84 2 18 3 41 4 2 5 31 6 31 7 83 8 23 9 50 10 75 11 72 12 39 13 93 14 92 15 25 16 60 17 34 18 91 19 15 20 56
1 12 2 81 3 47 4 70 5 51 6 42 7 86 8 1 9 71 10 30 11 65 12 49 13 92 14 11 15 48 16 25 17 26 18 40 19 29 20 86
1 7 2 85 3 31 4 21 5 55 6 5 7 95 8 86 9 89 10 27 11 17 12 85 13 60 14 89 15 96 16 87 17 23 18 8 19 53 20 40
1 93 2 84 3 57 4 5 5 58 6 55 7 79 8 44 9 31 10 17 11 83 12 38 13 79 14 66 15 35 16 60 17 11 18 9 19 31 20 43
1 41 2 64 3 39 4 70 5 77 6 52 7 38 8 22 9 97 10 34 11 31 12 67 13 43 14 34 15 15 16 33 17 19 18 69 19 14 20 13
1 39 2 8 3 84 4 53 5 74 6 78 7 16 8 83 9 14 10 52 11 41 12 20 13 84 14 80 15 1 16 49 17 73 18 55 19 28 20 98
1 98 2 59 3 2 4 26 5 22 6 69 7 7 8 26 9 98 10 56 11 40 12 63 13 11 14 70 15 68 16 69 17 87 18 56 19 8 20 52
1 65 2 79 3 22 4 28 5 3 6 56 7 31 8 44 9 58 10 73 11 79 12 13 13 35 14 5 15 67 16 40 17 85 18 85 19 82 20 5
1 70 2 72 3 5 4 24 5 47 6 53 7 47 8 84 9 11 10 1 11 56 12 19 13 71 14 82 15 89 16 41 17 59 18 46 19 6 20 36
