500 20
1 12 2 38 3 75 4 53 5 45 6 39 7 8 8 4 9 84 10 69 11 78 12 7 13 34 14 71 15 36 16 72 17 25 18 26 19 65 20 62
1 42 2 79 3 20 4 55 5 60 6 85 7 4 8 8 9 34 10 99 11 6 12 79 13 79 14 98 15 32 16 56 17 43 18 14 19 56 20 27
1 4 2 22 3 11 4 77 5 68 6 48 7 68 8 58 9 67 10 87 11 17 12 70 13 78 14 25 15 88 16 12 17 54 18 87 19 75 20 86
1 18 2 36 3 84 4 39 5 72 6 89 7 3 8 28 9 75 10 93 11 53 12 89 13 1 14 91 15 38 16 15 17 43 18 43 19 66 20 98
1 64 2 97 3 84 4 28 5 50 6 29 7 92 8 92 9 88 10 77 11 71 12 40 13 65 14 67 15 48 16 14 17 69 18 78 19 98 20 75
1 43 2 28 3 91 4 24 5 60 6 37 7 89 8 70 9 59 10 43 11 79 12 39 13 91 14 82 15 99 16 88 17 87 18 18 19 39 20 52
1 53 2 61 3 74 4 77 5 15 6 48 7 57 8 15 9 41 10 88 11 89 12 56 13 29 14 26 15 23 16 19 17 83 18 48 19 12 20 62
1 39 2 36 3 24 4 38 5 74 6 58 7 5 8 28 9 51 10 95 11 57 12 67 13 69 14 2 15 11 16 64 17 3 18 48 19 20 20 76
1 38 2 37 3 10 4 77 5 97 6 45 7 16 8 15 9 70 10 38 11 79 12 80 13 16 14 75 15 32 16 25 17 73 18 9 19 73 20 48
1 9 2 28 3 21 4 57 5 21 6 18 7 31 8 15 9 45 10 96 11 47 12 36 13 42 14 67 15 59 16 14 17 48 18 26 19 54 20 44
1 95 2 48 3 63 4 10 5 99 6 20 7 81 8 56 9 49 10 73 11 16 12 24 13 98 14 44 15 55 16 9 17 84 18 24 19 88 20 44
1 23 2 64 3 84 4 3 5 71 6 50 7 20 8 54 9 39 10 20 11 80 12 1 13 20 14 95 15 75 16 33 17 42 18 85 19 37 20 64
1 98 2 41 3 96 4 81 5 22 6 15 7 40 8 64 9 19 10 49 11 41 12 17 13 75 14 97 15 6 16 37 17 6 18 63 19 76 20 41
1 2 2 65 3 31 4 88 5 53 6 36 7 25 8 93 9 89 10 43 11 59 12 57 13 96 14 44 15 64 16 64 17 18 18 39 19 2 20 18
1 23 2 64 3 19 4 88 5 28 6 21 7 30 8 41 9 83 10 85 11 35 12 90 13 41 14 78 15 92 16 43 17 4 18 2 19 66 20 83
1 14 2 45 3 43 4 66 5 23 6 21 7 10 8 31 9 26 10 16 11 39 12 44 13 56 14 23 15 86 16 7 17 68 18 66 19 70 20 88
1 94 2 18 3 62 4 19 5 87 6 26 7 23 8 85 9 95 10 4 11 22 12 34 13 21 14 93 15 47 16 44 17 40 18 49 19 23 20 15
1 52 2 90 3 9 4 22 5 80 6 4 7 95 8 32 9 28 10 19 11 83 12 30 13 59 14 27 15 11 16 30 17 14 18 49 19 12 20 85
1 51 2 58 3 95 4 13 5 54 6 86 7 24 8 28 9 15 10 43 11 39 12 54 13 18 14 45 15 83 16 58 17 36 18 32 19 85 20 13
1 89 2 55 3 14 4 81 5 50 6 19 7 54 8 28 9 45 10 67 11 86 12 42 13 25 14 73 15 13 16 44 17 73 18 27 19 33 20 74
1 39 2 64 3 98 4 45 5 49 6 62 7 46 8 94 9 39 10 41 11 57 12 55 13 43 14 57 15 92 16 50 17 75 18 51 19 11 20 44
1 35 2 95 3 93 4 32 5 38 6 8 7 36 8 17 9 72 10 81 11 20 12 39 13 82 14 32 15 50 16 97 17 96 18 95 19 80 20 76
1 52 2 84 3 49 4 26 5 43 6 99 7 92 8 81 9 19 10 25 11 81 12 84 13 50 14 38 15 48 16 94 17 58 18 67 19 83 20 40
1 5 2 41 3 10 4 84 5 43 6 51 7 41 8 57 9 68 10 53 11 99 12 31 13 92 14 35 15 90 16 47 17 32 18 66 19 39 20 38
1 72 2 42 3 51 4 6 5 50 6 87 7 1 8 87 9 80 10 11 11 23 12 71 13 50 14 82 15 30 16 19 17 14 18 44 19 51 20 52
1 98 2 71 3 84 4 46 5 35 6 78 7 42 8 13 9 41 10 66 11 56 12 7 13 46 14 63 15 27 16 75 17 53 18 25 19 35 20 8
1 24 2 85 3 69 4 51 5 87 6 38 7 28 8 2 9 90 10 23 11 38 12 98 13 16 14 34 15 52 16 10 17 95 18 12 19 45 20 17
1 62 2 47 3 39 4 59 5 13 6 7 7 62 8 53 9 97 10 34 11 59 12 47 13 78 14 48 15 42 16 8 17 91 18 60 19 55 20 51
1 26 2 84 3 57 4 2 5 74 6 35 7 53 8 23 9 27 10 55 11 57 12 68 13 32 14 13 15 63 16 18 17 51 18 63 19 48 20 35
1 49 2 72 3 11 4 73 5 79 6 33 7 91 8 19 9 91 10 82 11 21 12 40 13 97 14 85 15 75 16 92 17 41 18 31 19 90 20 53
1 60 2 68 3 84 4 13 5 91 6 25 7 62 8 56 9 83 10 54 11 89 12 16 13 94 14 53 15 42 16 80 17 64 18 44 19 43 20 35
1 34 2 82 3 69 4 52 5 59 6 10 7 18 8 98 9 6 10 39 11 33 12 65 13 80 14 30 15 42 16 83 17 46 18 78 19 81 20 96
1 79 2 35 3 73 4 26 5 36 6 77 7 39 8 49 9 26 10 90 11 76 12 54 13 57 14 91 15 89 16 30 17 97 18 88 19 73 20 98
1 78 2 53 3 42 4 36 5 6 6 43 7 86 8 71 9 44 10 93 11 55 12 11 13 80 14 73 15 49 16 38 17 33 18 99 19 89 20 48
1 88 2 13 3 42 4 82 5 72 6 9 7 34 8 93 9 49 10 21 11 43 12 38 13 66 14 15 15 96 16 51 17 44 18 15 19 63 20 14
1 16 2 40 3 26 4 75 5 23 6 40 7 46 8 7 9 90 10 46 11 3 12 19 13 56 14 1 15 14 16 42 17 77 18 57 19 29 20 45
1 93 2 78 3 69 4 7 5 35 6 71 7 33 8 55 9 14 10 55 11 62 12 31 13 92 14 78 15 36 16 1 17 63 18 1 19 41 20 98
1 77 2 27 3 65 4 67 5 11 6 33 7 68 8 4 9 66 10 14 11 97 12 29 13 63 14 74 15 28 16 11 17 75 18 44 19 51 20 14
1 49 2 41 3 45 4 64 5 23 6 68 7 63 8 41 9 26 10 7 11 42 12 3 13 88 14 20 15 57 16 26 17 67 18 11 19 75 20 55
1 78 2 52 3 19 4 21 5 4 6 37 7 40 8 79 9 20 10 42 11 34 12 87 13 78 14 24 15 3 16 76 17 18 18 71 19 63 20 36
1 72 2 2 3 7 4 82 5 35 6 83 7 7 8 20 9 4 10 66 11 41 12 26 13 10 14 54 15 52 16 1 17 14 18 97 19 78 20 19
1 81 2 22 3 18 4 71 5 54 6 80 7 2 8 71 9 33 10 41 11 48 12 72 13 95 14 12 15 17 16 71 17 79 18 24 19 11 20 66
1 82 2 34 3 31 4 50 5 54 6 79 7 97 8 37 9 96 10 26 11 39 12 71 13 23 14 34 15 34 16 39 17 55 18 49 19 86 20 55
1 61 2 91 3 41 4 39 5 48 6 62 7 32 8 51 9 52 10 71 11 32 12 85 13 70 14 2 15 82 16 32 17 26 18 28 19 29 20 31
1 49 2 88 3 76 4 35 5 90 6 87 7 9 8 95 9 94 10 96 11 78 12 64 13 54 14 2 15 55 16 77 17 35 18 83 19 23 20 28
1 80 2 50 3 51 4 17 5 42 6 54 7 55 8 85 9 2 10 70 11 65 12 74 13 58 14 88 15 30 16 83 17 71 18 76 19 15 20 79
1 96 2 26 3 17 4 21 5 86 6 40 7 27 8 37 9 28 10 93 11 1 12 48 13 19 14 90 15 62 16 83 17 21 18 96 19 56 20 6
1 46 2 10 3 21 4 55 5 78 6 86 7 68 8 36 9 87 10 60 11 84 12 92 13 74 14 54 15 6 16 44 17 80 18 12 19 57 20 85
1 11 2 13 3 31 4 58 5 93 6 73 7 76 8 78 9 91 10 10 11 4 12 29 13 52 14 99 15 69 16 91 17 2 18 54 19 43 20 90
1 90 2 94 3 1 4 92 5 77 6 86 7 35 8 10 9 74 10 4 11 86 12 72 13 26 14 36 15 90 16 48 17 67 18 7 19 62 20 1
1 91 2 82 3 55 4 71 5 58 6 32 7 39 8 59 9 2 10 88 11 11 12 79 13 14 14 58 15 57 16 3 17 80 18 74 19 73 20 35
1 13 2 49 3 80 4 86 5 60 6 50 7 21 8 91 9 79 10 65 11 26 12 23 13 56 14 96 15 35 16 16 17 28 18 21 19 4 20 89
1 89 2 75 3 95 4 86 5 39 6 44 7 68 8 16 9 39 10 71 11 57 12 33 13 55 14 74 15 21 16 94 17 26 18 15 19 98 20 18
1 62 2 44 3 12 4 59 5 49 6 37 7 86 8 91 9 23 10 53 11 27 12 69 13 94 14 15 15 6 16 55 17 94 18 89 19 63 20 87
1 74 2 42 3 6 4 45 5 41 6 55 7 88 8 94 9 54 10 76 11 30 12 44 13 90 14 50 15 47 16 8 17 8 18 88 19 42 20 88
1 64 2 67 3 93 4 67 5 33 6 38 7 63 8 42 9 83 10 3 11 41 12 59 13 9 14 79 15 4 16 85 17 88 18 56 19 4 20 17
1 27 2 82 3 96 4 61 5 56 6 65 7 37 8 47 9 75 10 98 11 29 12 86 13 34 14 99 15 4 16 78 17 81 18 74 19 52 20 3
1 66 2 81 3 55 4 78 5 80 6 88 7 32 8 39 9 11 10 38 11 93 12 52 13 28 14 15 15 59 16 33 17 6 18 35 19 27 20 24
1 25 2 56 3 86 4 34 5 84 6 78 7 81 8 91 9 38 10 94 11 28 12 55 13 14 14 51 15 52 16 66 17 11 18 52 19 73 20 78
1 79 2 81 3 47 4 83 5 62 6 48 7 34 8 83 9 9 10 14 11 52 12 10 13 60 14 75 15 44 16 14 17 52 18 65 19 80 20 2
1 90 2 88 3 93 4 81 5 16 6 89 7 87 8 36 9 63 10 57 11 5 12 2 13 58 14 28 15 9 16 69 17 54 18 64 19 62 20 17
1 1 2 82 3 44 4 19 5 1 6 60 7 82 8 10 9 4 10 83 11 82 12 29 13 76 14 18 15 44 16 65 17 16 18 70 19 46 20 65
1 2 2 42 3 53 4 88 5 56 6 66 7 79 8 56 9 15 10 25 11 61 12 8 13 38 14 24 15 26 16 17 17 20 18 95 19 20 20 46
1 94 2 2 3 14 4 52 5 90 6 62 7 80 8 52 9 55 10 83 11 51 12 83 13 20 14 72 15 64 16 2 17 21 18 34 19 96 20 24
1 8 2 49 3 86 4 13 5 70 6 37 7 23 8 52 9 26 10 72 11 29 12 38 13 38 14 73 15 37 16 93 17 37 18 53 19 51 20 76
1 33 2 87 3 47 4 65 5 71 6 90 7 25 8 25 9 91 10 15 11 49 12 47 13 57 14 86 15 35 16 20 17 63 18 18 19 92 20 62
1 70 2 2 3 24 4 23 5 8 6 97 7 25 8 66 9 71 10 90 11 31 12 92 13 45 14 27 15 73 16 82 17 95 18 38 19 82 20 5
1 17 2 32 3 19 4 52 5 39 6 77 7 52 8 74 9 76 10 1 11 51 12 74 13 37 14 23 15 23 16 15 17 44 18 96 19 56 20 19
1 67 2 32 3 22 4 23 5 95 6 68 7 89 8 3 9 76 10 40 11 6 12 79 13 43 14 19 15 98 16 77 17 76 18 57 19 1 20 27
1 19 2 81 3 3 4 90 5 16 6 20 7 36 8 93 9 80 10 12 11 98 12 26 13 41 14 55 15 23 16 64 17 64 18 93 19 25 20 71
1 48 2 98 3 48 4 4 5 29 6 83 7 56 8 43 9 89 10 28 11 26 12 65 13 86 14 54 15 97 16 69 17 70 18 20 19 60 20 55
1 4 2 48 3 78 4 9 5 39 6 72 7 69 8 27 9 74 10 64 11 17 12 51 13 61 14 78 15 9 16 23 17 19 18 34 19 43 20 26
1 15 2 32 3 46 4 65 5 8 6 44 7 70 8 4 9 62 10 26 11 26 12 41 13 85 14 17 15 90 16 75 17 18 18 22 19 32 20 26
1 39 2 12 3 39 4 97 5 14 6 39 7 30 8 33 9 84 10 23 11 60 12 64 13 1 14 30 15 9 16 93 17 40 18 31 19 55 20 94
1 21 2 32 3 46 4 55 5 15 6 30 7 85 8 96 9 59 10 89 11 81 12 90 13 20 14 43 15 95 16 59 17 77 18 83 19 71 20 33
1 13 2 48 3 48 4 83 5 79 6 96 7 28 8 23 9 5 10 48 11 18 12 37 13 20 14 41 15 49 16 50 17 86 18 22 19 81 20 39
1 27 2 58 3 38 4 26 5 6 6 52 7 34 8 67 9 53 10 7 11 31 12 64 13 24 14 40 15 61 16 6 17 43 18 41 19 47 20 11
1 74 2 79 3 94 4 70 5 73 6 28 7 70 8 24 9 32 10 87 11 58 12 88 13 65 14 78 15 10 16 35 17 30 18 59 19 79 20 65
1 10 2 93 3 20 4 31 5 41 6 92 7 32 8 84 9 79 10 3 11 76 12 37 13 89 14 5 15 86 16 26 17 42 18 97 19 40 20 20
1 79 2 88 3 3 4 82 5 2 6 49 7 96 8 36 9 34 10 92 11 8 12 36 13 17 14 25 15 25 16 99 17 84 18 93 19 9 20 24
1 67 2 99 3 82 4 41 5 11 6 28 7 64 8 45 9 66 10 57 11 86 12 34 13 54 14 78 15 35 16 91 17 65 18 60 19 44 20 10
1 40 2 87 3 62 4 65 5 18 6 28 7 10 8 21 9 2 10 37 11 38 12 69 13 80 14 96 15 37 16 2 17 31 18 36 19 71 20 70
1 18 2 65 3 54 4 68 5 6 6 14 7 39 8 38 9 93 10 99 11 17 12 12 13 21 14 17 15 92 16 81 17 97 18 11 19 61 20 50
1 47 2 94 3 96 4 87 5 85 6 14 7 67 8 55 9 96 10 10 11 54 12 63 13 65 14 6 15 95 16 38 17 17 18 56 19 47 20 45
1 72 2 44 3 85 4 55 5 69 6 75 7 3 8 91 9 5 10 84 11 12 12 73 13 10 14 62 15 39 16 25 17 76 18 82 19 44 20 95
1 78 2 94 3 60 4 82 5 34 6 21 7 90 8 72 9 35 10 86 11 65 12 74 13 51 14 81 15 25 16 82 17 39 18 72 19 50 20 11
1 92 2 37 3 14 4 31 5 32 6 94 7 16 8 15 9 54 10 79 11 54 12 7 13 45 14 87 15 64 16 38 17 8 18 90 19 76 20 10
1 16 2 67 3 46 4 8 5 71 6 77 7 91 8 28 9 84 10 8 11 39 12 97 13 64 14 69 15 69 16 25 17 16 18 94 19 92 20 1
1 89 2 88 3 36 4 54 5 17 6 88 7 57 8 17 9 64 10 17 11 10 12 80 13 32 14 15 15 18 16 61 17 39 18 59 19 91 20 27
1 5 2 18 3 4 4 23 5 8 6 9 7 58 8 19 9 57 10 51 11 8 12 47 13 72 14 71 15 74 16 39 17 16 18 83 19 88 20 75
1 15 2 98 3 92 4 4 5 13 6 99 7 88 8 4 9 77 10 17 11 78 12 25 13 86 14 18 15 62 16 31 17 19 18 31 19 48 20 7
1 80 2 72 3 93 4 79 5 4 6 23 7 22 8 4 9 11 10 21 11 80 12 82 13 70 14 74 15 55 16 3 17 40 18 61 19 26 20 56
1 77 2 67 3 75 4 81 5 43 6 90 7 14 8 42 9 67 10 56 11 23 12 16 13 42 14 42 15 26 16 35 17 24 18 38 19 3 20 95
1 25 2 80 3 7 4 2 5 68 6 84 7 5 8 88 9 9 10 72 11 40 12 82 13 21 14 69 15 66 16 59 17 42 18 90 19 58 20 19
1 62 2 36 3 52 4 78 5 58 6 90 7 86 8 27 9 64 10 21 11 7 12 22 13 88 14 26 15 58 16 55 17 39 18 46 19 63 20 48
1 62 2 82 3 28 4 94 5 53 6 12 7 72 8 96 9 34 10 35 11 41 12 48 13 84 14 55 15 92 16 35 17 92 18 92 19 33 20 19
1 3 2 72 3 56 4 9 5 53 6 90 7 99 8 51 9 51 10 78 11 61 12 27 13 64 14 42 15 96 16 57 17 90 18 75 19 64 20 8
1 61 2 61 3 56 4 20 5 32 6 44 7 3 8 48 9 80 10 23 11 45 12 79 13 30 14 72 15 8 16 6 17 53 18 8 19 71 20 43
1 8 2 96 3 50 4 38 5 52 6 44 7 72 8 64 9 97 10 60 11 27 12 55 13 18 14 60 15 38 16 97 17 92 18 71 19 42 20 61
1 64 2 35 3 30 4 71 5 34 6 25 7 90 8 37 9 10 10 7 11 80 12 18 13 26 14 95 15 74 16 79 17 62 18 62 19 42 20 8
1 85 2 81 3 38 4 68 5 81 6 68 7 20 8 46 9 80 10 77 11 11 12 13 13 15 14 49 15 56 16 84 17 21 18 5 19 81 20 58
1 64 2 57 3 3 4 39 5 37 6 54 7 95 8 43 9 69 10 6 11 71 12 26 13 43 14 48 15 96 16 34 17 91 18 40 19 62 20 29
1 57 2 33 3 97 4 18 5 27 6 36 7 92 8 70 9 13 10 85 11 62 12 95 13 5 14 28 15 92 16 34 17 46 18 69 19 41 20 12
1 71 2 3 3 14 4 61 5 31 6 3 7 52 8 51 9 98 10 72 11 39 12 21 13 49 14 43 15 90 16 29 17 47 18 12 19 58 20 32
1 82 2 9 3 57 4 61 5 22 6 34 7 99 8 53 9 84 10 77 11 46 12 74 13 82 14 67 15 84 16 84 17 56 18 25 19 1 20 13
1 23 2 88 3 8 4 20 5 40 6 61 7 67 8 92 9 37 10 21 11 18 12 10 13 46 14 74 15 30 16 7 17 44 18 30 19 83 20 80
1 67 2 19 3 38 4 76 5 45 6 88 7 95 8 75 9 73 10 49 11 59 12 71 13 78 14 15 15 40 16 73 17 45 18 46 19 46 20 38
1 9 2 63 3 2 4 53 5 44 6 80 7 87 8 85 9 20 10 5 11 71 12 47 13 65 14 55 15 92 16 22 17 50 18 76 19 18 20 97
1 36 2 53 3 60 4 71 5 83 6 13 7 53 8 1 9 56 10 67 11 61 12 48 13 15 14 85 15 64 16 81 17 47 18 14 19 71 20 90
1 68 2 49 3 29 4 72 5 67 6 33 7 81 8 61 9 33 10 50 11 68 12 93 13 74 14 48 15 88 16 74 17 92 18 76 19 25 20 60
1 31 2 91 3 57 4 39 5 79 6 79 7 72 8 91 9 13 10 23 11 64 12 70 13 41 14 35 15 34 16 44 17 47 18 83 19 58 20 80
1 25 2 57 3 56 4 30 5 93 6 96 7 61 8 3 9 99 10 27 11 26 12 8 13 17 14 97 15 27 16 58 17 55 18 35 19 87 20 36
1 11 2 16 3 92 4 8 5 56 6 93 7 21 8 40 9 19 10 5 11 22 12 21 13 20 14 71 15 61 16 96 17 30 18 47 19 74 20 21
1 22 2 48 3 48 4 94 5 46 6 76 7 11 8 53 9 58 10 71 11 77 12 64 13 53 14 80 15 8 16 23 17 15 18 43 19 86 20 14
1 44 2 35 3 87 4 12 5 18 6 39 7 43 8 81 9 73 10 94 11 86 12 3 13 21 14 78 15 84 16 75 17 68 18 77 19 8 20 16
1 75 2 36 3 63 4 16 5 52 6 47 7 58 8 88 9 71 10 28 11 97 12 53 13 55 14 77 15 95 16 66 17 44 18 48 19 27 20 76
1 76 2 27 3 6 4 23 5 96 6 34 7 26 8 33 9 77 10 55 11 28 12 9 13 55 14 82 15 8 16 40 17 30 18 31 19 52 20 45
1 97 2 59 3 65 4 4 5 1 6 72 7 28 8 92 9 66 10 71 11 55 12 70 13 33 14 49 15 28 16 51 17 43 18 42 19 26 20 53
1 51 2 1 3 49 4 3 5 12 6 12 7 90 8 88 9 76 10 80 11 97 12 12 13 31 14 50 15 91 16 87 17 16 18 1 19 43 20 19
1 51 2 2 3 21 4 3 5 49 6 58 7 46 8 41 9 27 10 95 11 48 12 18 13 95 14 93 15 38 16 97 17 14 18 61 19 93 20 77
1 51 2 53 3 37 4 13 5 55 6 32 7 69 8 5 9 43 10 11 11 43 12 55 13 93 14 93 15 79 16 79 17 47 18 31 19 62 20 82
1 44 2 14 3 22 4 89 5 45 6 28 7 43 8 8 9 77 10 61 11 14 12 90 13 52 14 58 15 19 16 22 17 95 18 6 19 98 20 76
1 22 2 12 3 73 4 12 5 11 6 33 7 7 8 35 9 27 10 87 11 37 12 10 13 67 14 82 15 52 16 7 17 5 18 6 19 39 20 93
1 58 2 88 3 28 4 25 5 48 6 39 7 86 8 52 9 3 10 39 11 28 12 18 13 22 14 40 15 5 16 25 17 58 18 97 19 39 20 59
1 16 2 65 3 39 4 73 5 91 6 60 7 51 8 65 9 27 10 98 11 35 12 37 13 25 14 98 15 31 16 79 17 23 18 27 19 89 20 51
1 19 2 95 3 87 4 76 5 93 6 47 7 74 8 92 9 90 10 30 11 33 12 89 13 94 14 62 15 66 16 41 17 5 18 74 19 32 20 24
1 34 2 21 3 51 4 12 5 34 6 24 7 19 8 37 9 39 10 44 11 22 12 59 13 8 14 70 15 85 16 85 17 95 18 2 19 21 20 51
1 61 2 21 3 18 4 11 5 25 6 77 7 93 8 40 9 66 10 21 11 90 12 55 13 92 14 94 15 81 16 48 17 6 18 20 19 90 20 63
1 49 2 35 3 42 4 35 5 26 6 47 7 75 8 58 9 79 10 83 11 23 12 36 13 81 14 86 15 18 16 55 17 53 18 89 19 6 20 56
1 86 2 53 3 67 4 76 5 52 6 79 7 46 8 28 9 33 10 92 11 92 12 78 13 95 14 13 15 36 16 10 17 29 18 19 19 76 20 7
1 6 2 7 3 74 4 35 5 48 6 87 7 72 8 60 9 77 10 38 11 92 12 11 13 33 14 19 15 90 16 22 17 78 18 20 19 82 20 5
1 21 2 53 3 51 4 30 5 44 6 48 7 95 8 33 9 2 10 24 11 68 12 23 13 81 14 17 15 74 16 92 17 74 18 70 19 55 20 63
1 23 2 37 3 23 4 56 5 88 6 5 7 57 8 91 9 68 10 29 11 68 12 74 13 83 14 46 15 20 16 33 17 19 18 81 19 13 20 42
1 64 2 36 3 35 4 69 5 67 6 20 7 65 8 53 9 55 10 38 11 8 12 3 13 13 14 36 15 14 16 91 17 27 18 1 19 54 20 9
1 15 2 90 3 50 4 1 5 68 6 42 7 67 8 76 9 24 10 47 11 41 12 9 13 40 14 53 15 23 16 79 17 64 18 83 19 24 20 43
1 8 2 93 3 68 4 46 5 16 6 65 7 46 8 13 9 14 10 87 11 79 12 60 13 17 14 89 15 15 16 55 17 54 18 54 19 25 20 16
1 68 2 72 3 73 4 61 5 74 6 99 7 12 8 99 9 7 10 17 11 9 12 31 13 52 14 78 15 16 16 96 17 64 18 28 19 46 20 13
1 8 2 98 3 20 4 31 5 15 6 77 7 9 8 26 9 41 10 70 11 59 12 73 13 55 14 90 15 79 16 66 17 92 18 58 19 28 20 26
1 53 2 94 3 29 4 77 5 40 6 94 7 20 8 63 9 34 10 25 11 3 12 17 13 44 14 71 15 19 16 26 17 25 18 12 19 22 20 70
1 6 2 82 3 78 4 14 5 67 6 64 7 30 8 64 9 11 10 72 11 96 12 76 13 27 14 12 15 85 16 44 17 10 18 80 19 50 20 92
1 81 2 81 3 72 4 41 5 57 6 29 7 13 8 7 9 36 10 12 11 49 12 61 13 38 14 86 15 35 16 29 17 89 18 40 19 1 20 12
1 36 2 72 3 70 4 71 5 8 6 43 7 71 8 32 9 26 10 24 11 26 12 52 13 5 14 7 15 64 16 1 17 36 18 74 19 71 20 37
1 97 2 92 3 28 4 18 5 57 6 59 7 44 8 21 9 6 10 12 11 39 12 92 13 56 14 57 15 5 16 48 17 4 18 97 19 25 20 74
1 78 2 26 3 76 4 22 5 11 6 40 7 2 8 81 9 8 10 60 11 70 12 62 13 56 14 78 15 84 16 62 17 84 18 7 19 85 20 97
1 11 2 45 3 47 4 87 5 13 6 98 7 82 8 13 9 55 10 65 11 65 12 17 13 96 14 9 15 1 16 68 17 19 18 58 19 17 20 90
1 13 2 77 3 89 4 17 5 46 6 83 7 63 8 40 9 18 10 67 11 56 12 98 13 31 14 16 15 10 16 9 17 32 18 14 19 53 20 5
1 91 2 92 3 17 4 5 5 74 6 85 7 70 8 86 9 7 10 99 11 40 12 89 13 80 14 46 15 44 16 89 17 20 18 25 19 40 20 86
1 63 2 36 3 54 4 31 5 21 6 4 7 6 8 45 9 28 10 86 11 71 12 72 13 15 14 31 15 33 16 35 17 47 18 46 19 57 20 69
1 84 2 13 3 98 4 86 5 6 6 29 7 19 8 72 9 79 10 9 11 46 12 99 13 54 14 52 15 13 16 28 17 79 18 58 19 18 20 61
1 14 2 33 3 59 4 40 5 25 6 98 7 90 8 14 9 48 10 43 11 23 12 93 13 32 14 91 15 79 16 76 17 38 18 69 19 43 20 40
1 79 2 5 3 50 4 5 5 52 6 48 7 72 8 14 9 99 10 87 11 21 12 30 13 90 14 14 15 80 16 49 17 8 18 77 19 66 20 2
1 2 2 6 3 37 4 27 5 79 6 43 7 82 8 78 9 93 10 13 11 55 12 67 13 52 14 67 15 11 16 43 17 79 18 79 19 68 20 42
1 84 2 61 3 43 4 26 5 75 6 6 7 97 8 48 9 2 10 90 11 97 12 46 13 60 14 26 15 26 16 35 17 1 18 11 19 58 20 80
1 34 2 76 3 86 4 22 5 74 6 77 7 66 8 52 9 25 10 59 11 97 12 86 13 91 14 95 15 54 16 32 17 78 18 28 19 22 20 1
1 20 2 95 3 20 4 75 5 25 6 51 7 63 8 19 9 90 10 47 11 8 12 7 13 43 14 96 15 6 16 79 17 78 18 14 19 23 20 57
1 38 2 71 3 42 4 93 5 36 6 76 7 67 8 93 9 91 10 71 11 45 12 93 13 11 14 65 15 26 16 64 17 9 18 1 19 19 20 60
1 89 2 39 3 85 4 4 5 54 6 27 7 28 8 87 9 47 10 83 11 3 12 57 13 31 14 49 15 67 16 36 17 75 18 61 19 36 20 67
1 72 2 41 3 72 4 6 5 1 6 43 7 36 8 73 9 32 10 68 11 43 12 85 13 36 14 77 15 90 16 36 17 7 18 14 19 80 20 36
1 24 2 47 3 2 4 61 5 76 6 27 7 76 8 39 9 65 10 54 11 60 12 15 13 30 14 95 15 14 16 50 17 7 18 14 19 99 20 90
1 68 2 46 3 18 4 43 5 55 6 12 7 3 8 26 9 26 10 18 11 41 12 83 13 52 14 38 15 4 16 99 17 69 18 81 19 7 20 36
1 68 2 77 3 47 4 22 5 63 6 21 7 55 8 51 9 50 10 65 11 61 12 91 13 89 14 17 15 2 16 23 17 93 18 35 19 75 20 72
1 41 2 40 3 38 4 17 5 4 6 39 7 8 8 70 9 51 10 66 11 91 12 76 13 78 14 21 15 48 16 65 17 64 18 85 19 63 20 95
1 49 2 50 3 2 4 90 5 64 6 26 7 21 8 53 9 21 10 50 11 34 12 14 13 56 14 60 15 36 16 45 17 3 18 7 19 82 20 42
1 18 2 24 3 74 4 83 5 65 6 97 7 97 8 73 9 62 10 34 11 57 12 61 13 52 14 7 15 30 16 77 17 72 18 85 19 8 20 62
1 76 2 51 3 54 4 48 5 23 6 78 7 38 8 38 9 56 10 95 11 55 12 36 13 40 14 98 15 94 16 78 17 79 18 61 19 96 20 42
1 90 2 26 3 92 4 66 5 85 6 92 7 42 8 31 9 28 10 73 11 87 12 91 13 60 14 44 15 45 16 51 17 78 18 62 19 5 20 84
1 87 2 15 3 12 4 51 5 25 6 42 7 86 8 67 9 21 10 26 11 93 12 60 13 96 14 81 15 60 16 76 17 72 18 72 19 9 20 78
1 80 2 44 3 57 4 28 5 7 6 12 7 2 8 12 9 50 10 48 11 64 12 38 13 87 14 17 15 1 16 22 17 93 18 51 19 58 20 21
1 2 2 48 3 9 4 30 5 33 6 69 7 59 8 12 9 94 10 15 11 21 12 44 13 76 14 34 15 77 16 99 17 35 18 32 19 99 20 78
1 62 2 59 3 82 4 3 5 3 6 63 7 94 8 4 9 7 10 46 11 72 12 27 13 1 14 72 15 34 16 30 17 30 18 82 19 3 20 69
1 66 2 13 3 20 4 94 5 8 6 20 7 27 8 52 9 14 10 60 11 78 12 44 13 1 14 28 15 13 16 69 17 62 18 47 19 86 20 71
1 42 2 53 3 33 4 59 5 11 6 86 7 34 8 51 9 85 10 90 11 51 12 66 13 9 14 34 15 84 16 42 17 39 18 71 19 64 20 78
1 46 2 37 3 43 4 80 5 44 6 24 7 12 8 40 9 11 10 86 11 59 12 48 13 15 14 89 15 99 16 55 17 9 18 20 19 26 20 97
1 20 2 10 3 63 4 57 5 58 6 84 7 6 8 58 9 5 10 81 11 5 12 97 13 25 14 77 15 3 16 97 17 40 18 91 19 92 20 55
1 24 2 46 3 85 4 61 5 54 6 6 7 53 8 86 9 51 10 93 11 75 12 23 13 16 14 2 15 10 16 38 17 43 18 14 19 26 20 27
1 65 2 16 3 42 4 78 5 22 6 92 7 34 8 33 9 28 10 48 11 78 12 24 13 28 14 31 15 43 16 84 17 97 18 28 19 86 20 87
1 82 2 15 3 36 4 77 5 9 6 50 7 58 8 5 9 24 10 92 11 36 12 5 13 76 14 62 15 18 16 9 17 80 18 22 19 64 20 1
1 53 2 60 3 4 4 41 5 67 6 42 7 52 8 38 9 5 10 49 11 87 12 8 13 6 14 9 15 69 16 55 17 13 18 5 19 38 20 47
1 67 2 57 3 1 4 14 5 81 6 51 7 5 8 48 9 72 10 1 11 1 12 92 13 68 14 83 15 55 16 25 17 11 18 61 19 87 20 6
1 3 2 78 3 21 4 35 5 91 6 64 7 54 8 62 9 17 10 11 11 96 12 97 13 75 14 58 15 17 16 94 17 36 18 37 19 43 20 81
1 81 2 75 3 37 4 25 5 56 6 23 7 69 8 27 9 9 10 17 11 33 12 27 13 31 14 88 15 36 16 64 17 95 18 71 19 45 20 15
1 4 2 42 3 91 4 20 5 33 6 42 7 9 8 19 9 55 10 37 11 2 12 65 13 88 14 16 15 8 16 7 17 11 18 68 19 70 20 92
1 94 2 75 3 53 4 11 5 25 6 4 7 83 8 34 9 46 10 78 11 92 12 93 13 71 14 41 15 20 16 12 17 73 18 41 19 64 20 81
1 89 2 39 3 66 4 23 5 60 6 74 7 23 8 68 9 27 10 99 11 5 12 65 13 77 14 1 15 53 16 27 17 89 18 79 19 2 20 93
1 38 2 10 3 99 4 83 5 49 6 78 7 22 8 13 9 30 10 74 11 3 12 92 13 73 14 91 15 18 16 13 17 2 18 45 19 14 20 1
1 85 2 10 3 24 4 24 5 11 6 25 7 15 8 4 9 14 10 81 11 28 12 97 13 64 14 27 15 99 16 92 17 56 18 21 19 11 20 33
1 49 2 51 3 2 4 74 5 82 6 8 7 72 8 2 9 54 10 20 11 64 12 36 13 96 14 4 15 94 16 33 17 22 18 64 19 28 20 87
1 33 2 40 3 64 4 73 5 87 6 99 7 14 8 71 9 3 10 34 11 81 12 32 13 4 14 85 15 68 16 14 17 84 18 1 19 48 20 90
1 1 2 76 3 15 4 50 5 78 6 16 7 24 8 9 9 23 10 37 11 78 12 64 13 31 14 7 15 6 16 44 17 22 18 46 19 27 20 68
1 93 2 29 3 4 4 30 5 29 6 57 7 98 8 75 9 76 10 37 11 5 12 8 13 93 14 41 15 58 16 51 17 74 18 54 19 92 20 43
1 84 2 95 3 86 4 27 5 31 6 37 7 66 8 28 9 3 10 68 11 96 12 63 13 46 14 28 15 61 16 17 17 52 18 78 19 12 20 46
1 13 2 48 3 73 4 98 5 96 6 97 7 69 8 82 9 37 10 45 11 67 12 21 13 64 14 59 15 2 16 51 17 62 18 98 19 33 20 39
1 5 2 38 3 10 4 36 5 15 6 11 7 58 8 34 9 19 10 40 11 27 12 30 13 2 14 55 15 3 16 2 17 71 18 65 19 34 20 85
1 46 2 83 3 46 4 73 5 18 6 61 7 1 8 93 9 68 10 56 11 55 12 5 13 99 14 47 15 31 16 89 17 98 18 29 19 47 20 53
1 25 2 58 3 64 4 11 5 46 6 68 7 27 8 34 9 96 10 82 11 44 12 43 13 99 14 60 15 46 16 20 17 46 18 70 19 20 20 93
1 64 2 97 3 13 4 80 5 6 6 87 7 35 8 41 9 73 10 21 11 7 12 36 13 94 14 87 15 70 16 76 17 22 18 40 19 82 20 70
1 35 2 95 3 10 4 49 5 24 6 59 7 35 8 63 9 18 10 85 11 42 12 49 13 24 14 54 15 87 16 30 17 79 18 96 19 85 20 73
1 56 2 65 3 74 4 98 5 28 6 42 7 79 8 55 9 27 10 22 11 51 12 64 13 54 14 23 15 52 16 77 17 67 18 32 19 27 20 43
1 22 2 61 3 98 4 48 5 34 6 67 7 42 8 7 9 98 10 91 11 94 12 5 13 94 14 27 15 7 16 74 17 63 18 31 19 90 20 13
1 54 2 31 3 64 4 9 5 48 6 97 7 50 8 38 9 94 10 82 11 60 12 35 13 58 14 15 15 83 16 11 17 69 18 22 19 57 20 39
1 6 2 49 3 81 4 31 5 63 6 52 7 19 8 50 9 93 10 79 11 99 12 83 13 23 14 56 15 11 16 90 17 48 18 39 19 97 20 36
1 29 2 55 3 55 4 99 5 26 6 97 7 66 8 10 9 32 10 77 11 53 12 70 13 4 14 64 15 63 16 36 17 9 18 92 19 22 20 14
1 30 2 56 3 91 4 1 5 5 6 99 7 81 8 62 9 17 10 62 11 1 12 76 13 31 14 95 15 56 16 61 17 90 18 76 19 23 20 69
1 23 2 56 3 61 4 52 5 87 6 60 7 70 8 34 9 92 10 3 11 83 12 85 13 3 14 56 15 63 16 68 17 3 18 61 19 80 20 95
1 50 2 60 3 12 4 73 5 64 6 23 7 52 8 45 9 59 10 46 11 51 12 10 13 40 14 6 15 32 16 35 17 68 18 27 19 1 20 66
1 13 2 63 3 3 4 27 5 87 6 8 7 2 8 41 9 27 10 47 11 22 12 90 13 17 14 99 15 96 16 99 17 40 18 20 19 73 20 4
1 89 2 75 3 67 4 57 5 1 6 70 7 59 8 87 9 30 10 17 11 42 12 73 13 52 14 44 15 61 16 99 17 28 18 12 19 71 20 7
1 71 2 82 3 29 4 11 5 14 6 88 7 45 8 51 9 46 10 5 11 78 12 57 13 55 14 69 15 61 16 25 17 95 18 93 19 99 20 48
1 61 2 33 3 36 4 44 5 38 6 34 7 88 8 43 9 46 10 74 11 64 12 54 13 97 14 9 15 62 16 42 17 3 18 22 19 14 20 62
1 40 2 3 3 37 4 48 5 53 6 96 7 39 8 66 9 98 10 63 11 67 12 7 13 24 14 33 15 96 16 13 17 97 18 64 19 17 20 10
1 31 2 24 3 15 4 46 5 72 6 2 7 51 8 86 9 76 10 82 11 64 12 64 13 71 14 81 15 29 16 75 17 32 18 22 19 49 20 34
1 91 2 99 3 20 4 83 5 72 6 18 7 9 8 35 9 78 10 83 11 55 12 81 13 45 14 80 15 7 16 96 17 14 18 6 19 11 20 22
1 65 2 36 3 83 4 18 5 3 6 51 7 42 8 33 9 72 10 13 11 68 12 30 13 86 14 46 15 37 16 91 17 86 18 22 19 28 20 32
1 2 2 3 3 74 4 24 5 56 6 50 7 90 8 70 9 78 10 44 11 31 12 65 13 98 14 14 15 89 16 63 17 22 18 88 19 84 20 98
1 96 2 43 3 9 4 79 5 58 6 72 7 36 8 40 9 27 10 30 11 35 12 61 13 13 14 90 15 23 16 97 17 26 18 29 19 73 20 76
1 5 2 3 3 88 4 63 5 13 6 91 7 80 8 87 9 43 10 31 11 97 12 11 13 64 14 14 15 8 16 52 17 28 18 94 19 62 20 7
1 15 2 16 3 88 4 7 5 72 6 21 7 90 8 87 9 81 10 75 11 76 12 29 13 80 14 97 15 21 16 84 17 62 18 84 19 63 20 93
1 28 2 26 3 91 4 12 5 51 6 47 7 43 8 52 9 16 10 39 11 84 12 29 13 64 14 83 15 14 16 78 17 14 18 21 19 88 20 2
1 18 2 71 3 21 4 60 5 48 6 16 7 4 8 99 9 32 10 38 11 46 12 29 13 4 14 26 15 26 16 15 17 59 18 47 19 22 20 38
1 4 2 21 3 35 4 25 5 1 6 93 7 27 8 81 9 63 10 9 11 57 12 6 13 63 14 38 15 6 16 25 17 72 18 62 19 88 20 83
1 67 2 80 3 58 4 87 5 55 6 68 7 10 8 38 9 54 10 61 11 37 12 80 13 12 14 8 15 31 16 40 17 5 18 59 19 88 20 12
1 77 2 96 3 91 4 75 5 85 6 4 7 9 8 30 9 57 10 56 11 55 12 74 13 72 14 90 15 50 16 53 17 8 18 15 19 14 20 96
1 40 2 56 3 75 4 25 5 17 6 90 7 90 8 13 9 51 10 90 11 8 12 42 13 16 14 30 15 45 16 35 17 52 18 95 19 4 20 35
1 77 2 70 3 62 4 96 5 87 6 18 7 97 8 72 9 16 10 55 11 61 12 39 13 70 14 94 15 47 16 73 17 34 18 99 19 78 20 79
1 78 2 10 3 23 4 96 5 53 6 91 7 21 8 2 9 34 10 42 11 9 12 48 13 43 14 16 15 67 16 74 17 56 18 83 19 89 20 85
1 3 2 83 3 56 4 34 5 66 6 81 7 34 8 73 9 20 10 88 11 6 12 43 13 42 14 40 15 23 16 39 17 12 18 40 19 25 20 11
1 56 2 46 3 52 4 74 5 41 6 29 7 63 8 15 9 47 10 73 11 60 12 76 13 45 14 7 15 41 16 8 17 72 18 52 19 36 20 11
1 79 2 1 3 8 4 79 5 48 6 57 7 63 8 44 9 14 10 53 11 12 12 1 13 53 14 69 15 97 16 90 17 47 18 42 19 97 20 39
1 93 2 27 3 44 4 76 5 2 6 28 7 43 8 39 9 65 10 9 11 97 12 56 13 48 14 31 15 83 16 34 17 25 18 56 19 15 20 72
1 55 2 29 3 73 4 29 5 69 6 14 7 55 8 38 9 85 10 41 11 25 12 3 13 86 14 83 15 72 16 76 17 54 18 44 19 81 20 93
1 89 2 72 3 97 4 28 5 12 6 12 7 31 8 6 9 94 10 93 11 40 12 67 13 6 14 30 15 48 16 87 17 15 18 90 19 72 20 56
1 59 2 11 3 34 4 37 5 45 6 69 7 2 8 85 9 97 10 19 11 77 12 57 13 85 14 25 15 27 16 14 17 36 18 17 19 22 20 28
1 47 2 13 3 33 4 54 5 40 6 76 7 42 8 74 9 83 10 82 11 63 12 72 13 21 14 47 15 5 16 19 17 10 18 82 19 61 20 47
1 33 2 5 3 83 4 60 5 66 6 69 7 25 8 62 9 60 10 1 11 41 12 17 13 77 14 97 15 45 16 7 17 29 18 10 19 89 20 71
1 59 2 21 3 3 4 60 5 30 6 83 7 84 8 6 9 65 10 48 11 22 12 79 13 44 14 96 15 45 16 20 17 19 18 54 19 14 20 91
1 12 2 80 3 65 4 75 5 3 6 90 7 68 8 86 9 35 10 54 11 83 12 57 13 33 14 16 15 75 16 86 17 44 18 22 19 67 20 19
1 74 2 74 3 69 4 69 5 14 6 77 7 83 8 64 9 9 10 31 11 64 12 85 13 71 14 42 15 78 16 15 17 1 18 4 19 77 20 42
1 95 2 92 3 18 4 47 5 32 6 66 7 93 8 76 9 89 10 3 11 63 12 34 13 13 14 43 15 70 16 9 17 88 18 37 19 79 20 51
1 46 2 17 3 64 4 35 5 62 6 32 7 45 8 82 9 91 10 61 11 89 12 1 13 61 14 20 15 61 16 91 17 58 18 4 19 16 20 43
1 79 2 41 3 31 4 61 5 78 6 90 7 40 8 73 9 48 10 55 11 1 12 26 13 71 14 16 15 64 16 43 17 68 18 44 19 36 20 36
1 18 2 38 3 6 4 13 5 73 6 85 7 2 8 62 9 20 10 60 11 58 12 97 13 42 14 13 15 71 16 31 17 94 18 31 19 47 20 35
1 84 2 74 3 93 4 53 5 60 6 32 7 50 8 23 9 44 10 2 11 14 12 46 13 28 14 5 15 12 16 34 17 29 18 10 19 31 20 34
1 26 2 20 3 25 4 98 5 50 6 8 7 54 8 55 9 17 10 2 11 42 12 23 13 70 14 34 15 93 16 38 17 30 18 29 19 39 20 77
1 98 2 96 3 79 4 55 5 65 6 68 7 13 8 13 9 47 10 33 11 17 12 26 13 64 14 11 15 22 16 45 17 69 18 28 19 27 20 86
1 87 2 13 3 23 4 55 5 39 6 58 7 93 8 17 9 53 10 75 11 7 12 86 13 41 14 93 15 77 16 1 17 73 18 69 19 30 20 36
1 27 2 19 3 25 4 31 5 39 6 58 7 1 8 4 9 11 10 86 11 19 12 68 13 1 14 20 15 55 16 19 17 17 18 57 19 48 20 52
1 12 2 28 3 95 4 24 5 88 6 9 7 79 8 40 9 94 10 37 11 85 12 65 13 41 14 91 15 74 16 40 17 25 18 64 19 74 20 58
1 95 2 10 3 93 4 24 5 40 6 19 7 70 8 69 9 58 10 46 11 32 12 76 13 56 14 89 15 98 16 84 17 52 18 77 19 95 20 80
1 76 2 65 3 41 4 84 5 40 6 15 7 26 8 97 9 46 10 35 11 79 12 80 13 7 14 75 15 19 16 17 17 70 18 61 19 76 20 38
1 71 2 67 3 52 4 2 5 53 6 71 7 32 8 30 9 54 10 75 11 74 12 37 13 42 14 70 15 84 16 49 17 62 18 85 19 80 20 21
1 26 2 77 3 51 4 57 5 18 6 84 7 56 8 38 9 53 10 70 11 55 12 55 13 16 14 3 15 28 16 57 17 10 18 3 19 32 20 70
1 52 2 65 3 32 4 79 5 53 6 19 7 40 8 12 9 8 10 18 11 34 12 7 13 87 14 48 15 65 16 93 17 28 18 84 19 68 20 28
1 69 2 70 3 25 4 1 5 75 6 49 7 45 8 40 9 18 10 80 11 17 12 64 13 13 14 7 15 47 16 17 17 54 18 60 19 23 20 61
1 20 2 67 3 11 4 44 5 53 6 29 7 62 8 87 9 40 10 65 11 48 12 95 13 15 14 11 15 1 16 75 17 31 18 93 19 9 20 71
1 74 2 37 3 94 4 82 5 86 6 38 7 49 8 11 9 24 10 47 11 61 12 46 13 98 14 45 15 93 16 62 17 29 18 47 19 41 20 6
1 28 2 31 3 72 4 4 5 59 6 19 7 34 8 82 9 6 10 64 11 2 12 71 13 69 14 27 15 96 16 4 17 43 18 66 19 21 20 9
1 87 2 64 3 68 4 61 5 13 6 47 7 25 8 8 9 27 10 11 11 41 12 78 13 88 14 90 15 56 16 79 17 43 18 48 19 7 20 62
1 27 2 91 3 64 4 79 5 2 6 24 7 33 8 41 9 47 10 74 11 84 12 14 13 28 14 64 15 93 16 13 17 95 18 8 19 14 20 93
1 81 2 5 3 90 4 29 5 32 6 28 7 42 8 55 9 44 10 71 11 68 12 83 13 47 14 44 15 18 16 30 17 84 18 46 19 90 20 21
1 47 2 77 3 98 4 72 5 43 6 65 7 67 8 25 9 73 10 88 11 47 12 26 13 6 14 17 15 60 16 75 17 66 18 34 19 64 20 57
1 1 2 97 3 25 4 50 5 84 6 75 7 29 8 27 9 60 10 80 11 16 12 56 13 3 14 90 15 78 16 63 17 6 18 67 19 76 20 32
1 2 2 75 3 25 4 3 5 20 6 39 7 26 8 30 9 58 10 51 11 71 12 6 13 88 14 53 15 80 16 28 17 22 18 63 19 66 20 50
1 57 2 87 3 62 4 35 5 76 6 61 7 73 8 21 9 81 10 4 11 79 12 1 13 89 14 40 15 37 16 95 17 61 18 80 19 32 20 37
1 23 2 17 3 85 4 59 5 6 6 18 7 1 8 73 9 71 10 22 11 68 12 77 13 31 14 97 15 23 16 17 17 27 18 81 19 22 20 33
1 40 2 42 3 92 4 45 5 1 6 51 7 37 8 53 9 80 10 52 11 24 12 84 13 79 14 12 15 42 16 83 17 96 18 67 19 35 20 93
1 13 2 56 3 2 4 96 5 78 6 76 7 21 8 7 9 78 10 72 11 85 12 26 13 73 14 24 15 61 16 48 17 80 18 35 19 55 20 9
1 39 2 55 3 18 4 50 5 49 6 7 7 94 8 74 9 51 10 6 11 90 12 55 13 87 14 95 15 82 16 22 17 77 18 1 19 27 20 62
1 94 2 21 3 9 4 12 5 74 6 98 7 7 8 39 9 17 10 44 11 5 12 4 13 50 14 5 15 61 16 68 17 79 18 77 19 69 20 82
1 9 2 1 3 2 4 5 5 71 6 50 7 58 8 35 9 52 10 20 11 1 12 21 13 53 14 69 15 22 16 7 17 42 18 87 19 51 20 63
1 67 2 13 3 43 4 20 5 81 6 73 7 91 8 22 9 91 10 83 11 30 12 78 13 84 14 93 15 56 16 93 17 16 18 64 19 45 20 78
1 85 2 94 3 39 4 20 5 7 6 54 7 47 8 30 9 23 10 52 11 29 12 89 13 68 14 90 15 25 16 66 17 62 18 25 19 98 20 51
1 89 2 3 3 49 4 28 5 66 6 96 7 55 8 51 9 38 10 34 11 85 12 96 13 81 14 80 15 19 16 84 17 5 18 91 19 45 20 90
1 96 2 11 3 48 4 5 5 68 6 5 7 35 8 23 9 88 10 95 11 47 12 6 13 92 14 8 15 69 16 61 17 85 18 34 19 11 20 64
1 93 2 46 3 11 4 26 5 83 6 68 7 17 8 85 9 94 10 60 11 68 12 51 13 35 14 89 15 64 16 32 17 89 18 7 19 78 20 10
1 62 2 96 3 12 4 50 5 66 6 96 7 5 8 93 9 41 10 76 11 43 12 21 13 65 14 36 15 1 16 39 17 69 18 18 19 19 20 40
1 49 2 25 3 82 4 2 5 60 6 56 7 32 8 88 9 45 10 97 11 45 12 11 13 53 14 35 15 87 16 13 17 24 18 88 19 25 20 96
1 84 2 54 3 11 4 52 5 48 6 93 7 64 8 77 9 93 10 71 11 79 12 85 13 22 14 65 15 37 16 12 17 44 18 94 19 40 20 8
1 13 2 62 3 46 4 18 5 55 6 24 7 59 8 63 9 63 10 41 11 29 12 27 13 49 14 49 15 88 16 11 17 53 18 5 19 24 20 74
1 80 2 69 3 20 4 32 5 65 6 96 7 39 8 62 9 56 10 6 11 53 12 34 13 81 14 98 15 94 16 64 17 13 18 17 19 4 20 23
1 92 2 71 3 12 4 14 5 50 6 22 7 40 8 38 9 67 10 58 11 91 12 47 13 40 14 3 15 40 16 71 17 90 18 95 19 28 20 61
1 54 2 24 3 64 4 47 5 23 6 99 7 39 8 12 9 10 10 64 11 78 12 26 13 47 14 15 15 19 16 33 17 47 18 41 19 12 20 76
1 77 2 36 3 28 4 68 5 62 6 26 7 41 8 97 9 5 10 78 11 89 12 89 13 58 14 47 15 72 16 50 17 91 18 78 19 4 20 13
1 44 2 32 3 60 4 45 5 47 6 20 7 21 8 37 9 96 10 54 11 39 12 16 13 26 14 82 15 99 16 63 17 47 18 88 19 13 20 38
1 47 2 79 3 5 4 6 5 11 6 8 7 66 8 50 9 10 10 5 11 70 12 78 13 92 14 50 15 43 16 45 17 15 18 38 19 9 20 21
1 51 2 26 3 57 4 77 5 91 6 2 7 71 8 74 9 68 10 25 11 83 12 67 13 40 14 27 15 84 16 98 17 51 18 72 19 20 20 8
1 24 2 79 3 2 4 85 5 23 6 59 7 78 8 22 9 33 10 2 11 40 12 73 13 48 14 21 15 86 16 44 17 20 18 86 19 23 20 76
1 22 2 39 3 93 4 17 5 54 6 43 7 14 8 82 9 68 10 62 11 6 12 13 13 81 14 77 15 81 16 35 17 99 18 89 19 67 20 78
1 20 2 54 3 37 4 94 5 32 6 63 7 61 8 99 9 76 10 90 11 91 12 48 13 17 14 59 15 79 16 83 17 29 18 69 19 17 20 1
1 42 2 56 3 82 4 66 5 15 6 79 7 60 8 92 9 7 10 87 11 83 12 65 13 79 14 40 15 38 16 12 17 29 18 2 19 76 20 27
1 66 2 50 3 85 4 48 5 27 6 33 7 33 8 17 9 29 10 37 11 97 12 26 13 78 14 74 15 81 16 2 17 84 18 44 19 42 20 60
1 88 2 94 3 21 4 74 5 21 6 47 7 85 8 82 9 69 10 51 11 45 12 60 13 30 14 47 15 94 16 21 17 18 18 33 19 5 20 35
1 92 2 11 3 7 4 80 5 87 6 2 7 76 8 58 9 31 10 27 11 11 12 25 13 26 14 86 15 39 16 17 17 73 18 11 19 75 20 4
1 80 2 21 3 95 4 67 5 87 6 19 7 7 8 12 9 72 10 13 11 22 12 45 13 71 14 71 15 55 16 18 17 29 18 27 19 96 20 57
1 55 2 34 3 90 4 96 5 14 6 72 7 84 8 22 9 43 10 33 11 32 12 8 13 18 14 5 15 13 16 76 17 30 18 24 19 68 20 52
1 54 2 93 3 82 4 66 5 44 6 83 7 16 8 89 9 75 10 51 11 35 12 99 13 47 14 61 15 10 16 30 17 54 18 79 19 18 20 94
1 47 2 84 3 10 4 13 5 55 6 34 7 77 8 21 9 2 10 21 11 20 12 80 13 45 14 20 15 29 16 96 17 48 18 96 19 53 20 34
1 98 2 87 3 56 4 2 5 30 6 35 7 23 8 71 9 96 10 28 11 69 12 46 13 18 14 16 15 80 16 19 17 50 18 91 19 67 20 30
1 99 2 31 3 2 4 83 5 25 6 75 7 72 8 65 9 69 10 14 11 93 12 79 13 35 14 23 15 14 16 76 17 62 18 71 19 64 20 62
1 93 2 35 3 91 4 41 5 39 6 91 7 39 8 37 9 29 10 80 11 63 12 51 13 23 14 6 15 82 16 34 17 41 18 85 19 72 20 59
1 77 2 53 3 54 4 82 5 73 6 16 7 95 8 3 9 67 10 33 11 91 12 4 13 9 14 18 15 60 16 78 17 28 18 80 19 53 20 94
1 58 2 4 3 55 4 21 5 54 6 45 7 75 8 48 9 84 10 40 11 80 12 91 13 87 14 41 15 60 16 60 17 94 18 91 19 72 20 80
1 86 2 71 3 35 4 47 5 1 6 6 7 18 8 63 9 18 10 32 11 90 12 13 13 34 14 80 15 45 16 76 17 72 18 88 19 26 20 52
1 70 2 32 3 74 4 96 5 93 6 41 7 44 8 63 9 90 10 79 11 17 12 82 13 3 14 76 15 2 16 54 17 47 18 91 19 83 20 76
1 65 2 87 3 31 4 78 5 88 6 12 7 56 8 2 9 54 10 23 11 2 12 29 13 95 14 8 15 80 16 47 17 61 18 37 19 27 20 47
1 2 2 89 3 74 4 53 5 48 6 61 7 88 8 78 9 29 10 12 11 75 12 49 13 48 14 70 15 76 16 62 17 66 18 70 19 29 20 89
1 48 2 53 3 6 4 46 5 16 6 23 7 45 8 99 9 61 10 24 11 9 12 87 13 5 14 74 15 61 16 59 17 50 18 89 19 82 20 62
1 6 2 14 3 85 4 60 5 1 6 7 7 55 8 86 9 73 10 8 11 32 12 46 13 88 14 54 15 36 16 91 17 72 18 32 19 53 20 21
1 66 2 11 3 28 4 19 5 78 6 52 7 46 8 44 9 33 10 70 11 82 12 94 13 39 14 72 15 19 16 75 17 54 18 49 19 55 20 15
1 72 2 68 3 2 4 5 5 74 6 16 7 10 8 58 9 54 10 15 11 46 12 81 13 52 14 7 15 65 16 68 17 24 18 3 19 37 20 60
1 89 2 65 3 63 4 16 5 39 6 86 7 29 8 75 9 10 10 77 11 35 12 42 13 62 14 41 15 59 16 70 17 9 18 49 19 83 20 22
1 13 2 64 3 11 4 9 5 4 6 74 7 61 8 9 9 68 10 96 11 64 12 3 13 1 14 71 15 33 16 99 17 10 18 66 19 6 20 19
1 55 2 95 3 6 4 30 5 83 6 79 7 79 8 47 9 83 10 49 11 39 12 5 13 60 14 43 15 91 16 44 17 87 18 22 19 68 20 92
1 64 2 57 3 72 4 9 5 67 6 35 7 31 8 64 9 9 10 44 11 47 12 47 13 69 14 44 15 53 16 64 17 44 18 34 19 25 20 48
1 25 2 12 3 20 4 46 5 76 6 27 7 75 8 47 9 78 10 47 11 99 12 4 13 77 14 70 15 10 16 23 17 94 18 82 19 35 20 38
1 34 2 56 3 25 4 56 5 70 6 79 7 46 8 12 9 31 10 12 11 34 12 57 13 80 14 39 15 47 16 86 17 90 18 66 19 13 20 81
1 94 2 1 3 78 4 35 5 21 6 70 7 30 8 57 9 56 10 40 11 71 12 11 13 83 14 62 15 90 16 23 17 90 18 90 19 51 20 42
1 27 2 72 3 11 4 95 5 1 6 17 7 32 8 31 9 74 10 83 11 82 12 89 13 48 14 42 15 66 16 93 17 33 18 30 19 78 20 4
1 2 2 66 3 71 4 11 5 93 6 41 7 87 8 76 9 95 10 55 11 19 12 40 13 94 14 91 15 87 16 34 17 68 18 54 19 1 20 64
1 79 2 59 3 36 4 43 5 90 6 88 7 33 8 85 9 75 10 84 11 37 12 92 13 51 14 34 15 10 16 7 17 17 18 46 19 40 20 4
1 88 2 77 3 51 4 48 5 51 6 42 7 22 8 18 9 19 10 87 11 6 12 30 13 44 14 9 15 10 16 97 17 15 18 19 19 40 20 4
1 68 2 47 3 76 4 39 5 76 6 38 7 45 8 68 9 8 10 46 11 97 12 87 13 57 14 89 15 69 16 91 17 40 18 15 19 96 20 58
1 97 2 95 3 58 4 28 5 25 6 63 7 52 8 94 9 7 10 67 11 61 12 7 13 69 14 34 15 1 16 94 17 65 18 70 19 88 20 3
1 92 2 11 3 85 4 53 5 82 6 4 7 44 8 93 9 67 10 80 11 16 12 18 13 57 14 10 15 92 16 20 17 56 18 76 19 89 20 73
1 15 2 48 3 93 4 20 5 11 6 80 7 79 8 55 9 16 10 44 11 89 12 16 13 2 14 16 15 20 16 33 17 26 18 91 19 91 20 45
1 1 2 27 3 4 4 82 5 39 6 75 7 55 8 58 9 39 10 4 11 51 12 43 13 79 14 5 15 31 16 93 17 88 18 5 19 23 20 36
1 28 2 71 3 24 4 72 5 20 6 28 7 52 8 33 9 62 10 10 11 84 12 27 13 32 14 66 15 4 16 57 17 13 18 41 19 38 20 85
1 82 2 19 3 65 4 43 5 79 6 20 7 86 8 33 9 54 10 2 11 95 12 20 13 14 14 70 15 95 16 80 17 33 18 53 19 93 20 82
1 13 2 97 3 4 4 5 5 23 6 92 7 76 8 45 9 52 10 52 11 72 12 5 13 11 14 73 15 71 16 17 17 33 18 90 19 21 20 14
1 86 2 9 3 15 4 13 5 36 6 70 7 80 8 97 9 31 10 52 11 33 12 91 13 19 14 68 15 38 16 93 17 58 18 81 19 47 20 95
1 31 2 49 3 94 4 92 5 61 6 8 7 90 8 90 9 7 10 9 11 21 12 23 13 46 14 21 15 63 16 63 17 26 18 98 19 83 20 28
1 87 2 95 3 90 4 67 5 78 6 84 7 42 8 14 9 33 10 7 11 4 12 8 13 31 14 54 15 53 16 61 17 91 18 1 19 14 20 12
1 65 2 89 3 60 4 39 5 74 6 28 7 80 8 35 9 93 10 30 11 51 12 41 13 62 14 7 15 3 16 47 17 20 18 60 19 7 20 85
1 61 2 12 3 24 4 19 5 93 6 93 7 65 8 68 9 77 10 42 11 97 12 10 13 51 14 77 15 46 16 56 17 24 18 82 19 40 20 16
1 60 2 27 3 38 4 51 5 30 6 67 7 27 8 58 9 55 10 22 11 61 12 65 13 10 14 73 15 19 16 63 17 37 18 72 19 59 20 31
1 27 2 35 3 36 4 7 5 52 6 95 7 82 8 60 9 74 10 28 11 45 12 76 13 37 14 65 15 70 16 55 17 12 18 31 19 14 20 22
1 52 2 53 3 69 4 29 5 35 6 48 7 62 8 93 9 77 10 58 11 68 12 18 13 18 14 96 15 5 16 87 17 15 18 97 19 86 20 96
1 77 2 97 3 17 4 99 5 69 6 46 7 54 8 96 9 69 10 32 11 70 12 23 13 36 14 11 15 36 16 12 17 44 18 27 19 33 20 21
1 42 2 9 3 53 4 16 5 66 6 71 7 26 8 93 9 10 10 74 11 28 12 64 13 17 14 79 15 53 16 9 17 36 18 39 19 34 20 94
1 81 2 25 3 70 4 84 5 4 6 62 7 57 8 51 9 4 10 25 11 62 12 48 13 97 14 15 15 27 16 88 17 99 18 95 19 11 20 48
1 73 2 45 3 97 4 66 5 4 6 70 7 58 8 22 9 77 10 77 11 34 12 26 13 87 14 42 15 25 16 82 17 40 18 81 19 65 20 1
1 55 2 93 3 22 4 59 5 61 6 5 7 10 8 97 9 94 10 87 11 18 12 13 13 82 14 12 15 88 16 62 17 98 18 89 19 85 20 61
1 38 2 59 3 41 4 58 5 46 6 94 7 14 8 57 9 99 10 25 11 64 12 84 13 79 14 9 15 25 16 70 17 57 18 69 19 91 20 44
1 41 2 25 3 52 4 34 5 27 6 24 7 86 8 12 9 78 10 86 11 22 12 93 13 3 14 43 15 69 16 63 17 67 18 98 19 3 20 26
1 51 2 3 3 48 4 78 5 19 6 3 7 87 8 47 9 5 10 76 11 6 12 71 13 35 14 61 15 99 16 28 17 59 18 6 19 38 20 50
1 52 2 48 3 97 4 68 5 30 6 8 7 46 8 12 9 37 10 97 11 29 12 82 13 29 14 98 15 71 16 11 17 61 18 18 19 60 20 84
1 72 2 40 3 54 4 32 5 53 6 28 7 2 8 3 9 88 10 52 11 65 12 97 13 14 14 61 15 3 16 57 17 71 18 11 19 11 20 34
1 7 2 75 3 14 4 93 5 33 6 83 7 5 8 10 9 21 10 8 11 6 12 34 13 27 14 96 15 18 16 92 17 1 18 85 19 83 20 16
1 73 2 5 3 6 4 76 5 24 6 43 7 6 8 9 9 33 10 10 11 82 12 46 13 58 14 84 15 57 16 54 17 21 18 66 19 70 20 50
1 73 2 75 3 46 4 60 5 81 6 86 7 50 8 4 9 70 10 49 11 49 12 47 13 24 14 76 15 78 16 99 17 85 18 50 19 55 20 45
1 84 2 74 3 58 4 41 5 78 6 62 7 50 8 43 9 52 10 84 11 41 12 16 13 85 14 23 15 19 16 11 17 80 18 22 19 69 20 5
1 33 2 19 3 15 4 60 5 45 6 72 7 55 8 15 9 26 10 1 11 41 12 53 13 58 14 84 15 26 16 57 17 17 18 71 19 41 20 34
1 90 2 20 3 86 4 85 5 57 6 90 7 44 8 74 9 70 10 16 11 95 12 64 13 86 14 64 15 50 16 80 17 91 18 24 19 93 20 43
1 67 2 7 3 83 4 99 5 13 6 30 7 8 8 43 9 34 10 93 11 78 12 65 13 48 14 6 15 66 16 39 17 46 18 76 19 92 20 6
1 2 2 37 3 81 4 81 5 4 6 55 7 24 8 91 9 94 10 93 11 61 12 4 13 69 14 45 15 68 16 68 17 16 18 44 19 35 20 38
1 5 2 42 3 57 4 77 5 59 6 50 7 78 8 63 9 90 10 59 11 32 12 96 13 83 14 41 15 7 16 61 17 49 18 27 19 17 20 20
1 76 2 28 3 81 4 19 5 33 6 68 7 29 8 48 9 33 10 81 11 27 12 19 13 9 14 75 15 43 16 73 17 94 18 97 19 11 20 75
1 17 2 15 3 77 4 91 5 6 6 43 7 34 8 96 9 45 10 18 11 54 12 49 13 17 14 81 15 33 16 71 17 84 18 35 19 72 20 39
1 6 2 12 3 97 4 4 5 39 6 49 7 52 8 68 9 45 10 13 11 91 12 32 13 47 14 15 15 54 16 57 17 75 18 58 19 34 20 10
1 44 2 29 3 41 4 68 5 38 6 67 7 6 8 39 9 47 10 88 11 80 12 1 13 23 14 83 15 71 16 74 17 68 18 80 19 84 20 93
1 41 2 16 3 58 4 12 5 78 6 78 7 62 8 67 9 97 10 58 11 63 12 63 13 39 14 62 15 80 16 66 17 38 18 29 19 66 20 37
1 35 2 14 3 37 4 19 5 39 6 11 7 74 8 3 9 66 10 2 11 1 12 6 13 54 14 94 15 82 16 62 17 91 18 94 19 58 20 82
1 64 2 77 3 63 4 27 5 54 6 3 7 66 8 66 9 8 10 14 11 18 12 1 13 28 14 8 15 66 16 89 17 9 18 95 19 47 20 40
1 95 2 92 3 23 4 73 5 18 6 34 7 80 8 43 9 67 10 48 11 46 12 19 13 50 14 60 15 49 16 59 17 51 18 15 19 64 20 30
1 5 2 5 3 16 4 18 5 22 6 36 7 95 8 26 9 92 10 21 11 50 12 52 13 98 14 11 15 18 16 33 17 41 18 81 19 90 20 67
1 76 2 74 3 9 4 98 5 17 6 33 7 3 8 2 9 62 10 76 11 82 12 75 13 79 14 76 15 86 16 51 17 50 18 75 19 52 20 53
1 86 2 23 3 85 4 17 5 14 6 46 7 34 8 75 9 45 10 70 11 31 12 34 13 67 14 55 15 52 16 55 17 8 18 63 19 95 20 48
1 14 2 21 3 81 4 47 5 18 6 26 7 63 8 76 9 19 10 47 11 24 12 92 13 10 14 5 15 18 16 81 17 29 18 70 19 38 20 56
1 12 2 37 3 10 4 13 5 94 6 14 7 67 8 67 9 23 10 97 11 58 12 8 13 38 14 27 15 58 16 14 17 4 18 69 19 46 20 38
1 34 2 14 3 22 4 93 5 78 6 70 7 49 8 1 9 30 10 81 11 67 12 91 13 83 14 46 15 82 16 6 17 52 18 25 19 33 20 24
1 44 2 46 3 55 4 43 5 99 6 50 7 86 8 23 9 38 10 52 11 24 12 28 13 73 14 11 15 47 16 90 17 64 18 18 19 25 20 6
1 94 2 5 3 73 4 50 5 85 6 81 7 3 8 36 9 34 10 19 11 67 12 89 13 65 14 65 15 72 16 12 17 45 18 39 19 4 20 89
1 83 2 50 3 90 4 19 5 26 6 8 7 54 8 73 9 69 10 23 11 9 12 93 13 47 14 87 15 5 16 52 17 48 18 93 19 72 20 82
1 71 2 52 3 93 4 27 5 35 6 81 7 74 8 74 9 95 10 92 11 77 12 52 13 20 14 44 15 9 16 36 17 8 18 18 19 68 20 1
1 63 2 52 3 5 4 3 5 22 6 69 7 48 8 19 9 84 10 22 11 30 12 65 13 31 14 9 15 73 16 87 17 7 18 97 19 12 20 90
1 4 2 42 3 22 4 52 5 88 6 60 7 89 8 96 9 64 10 88 11 74 12 35 13 34 14 15 15 99 16 90 17 42 18 88 19 22 20 67
1 88 2 4 3 61 4 87 5 42 6 60 7 92 8 94 9 66 10 94 11 93 12 44 13 35 14 68 15 75 16 89 17 41 18 62 19 76 20 5
1 23 2 52 3 33 4 77 5 27 6 90 7 50 8 29 9 26 10 24 11 75 12 36 13 72 14 48 15 82 16 32 17 50 18 44 19 41 20 91
1 99 2 13 3 8 4 86 5 11 6 43 7 46 8 14 9 94 10 90 11 27 12 8 13 15 14 87 15 74 16 13 17 1 18 38 19 46 20 51
1 93 2 22 3 19 4 17 5 13 6 98 7 90 8 89 9 68 10 90 11 2 12 39 13 32 14 21 15 50 16 65 17 56 18 43 19 25 20 85
1 75 2 94 3 41 4 27 5 52 6 10 7 91 8 54 9 9 10 36 11 29 12 28 13 53 14 76 15 87 16 37 17 63 18 11 19 14 20 74
1 58 2 48 3 53 4 43 5 5 6 36 7 65 8 90 9 78 10 16 11 38 12 99 13 21 14 1 15 13 16 1 17 71 18 58 19 37 20 8
1 36 2 58 3 30 4 69 5 18 6 67 7 74 8 84 9 93 10 13 11 68 12 37 13 51 14 26 15 83 16 88 17 12 18 66 19 27 20 35
1 10 2 49 3 31 4 62 5 91 6 11 7 12 8 27 9 87 10 25 11 15 12 16 13 58 14 36 15 13 16 94 17 13 18 71 19 57 20 34
1 15 2 61 3 39 4 86 5 81 6 11 7 5 8 41 9 3 10 46 11 67 12 49 13 6 14 79 15 16 16 41 17 78 18 20 19 54 20 79
1 4 2 89 3 21 4 72 5 68 6 98 7 89 8 4 9 12 10 43 11 84 12 52 13 80 14 23 15 6 16 33 17 6 18 32 19 16 20 54
1 8 2 63 3 86 4 38 5 71 6 49 7 87 8 72 9 98 10 32 11 39 12 56 13 89 14 96 15 44 16 83 17 64 18 34 19 95 20 56
1 71 2 45 3 13 4 16 5 37 6 26 7 26 8 41 9 34 10 56 11 29 12 45 13 75 14 74 15 16 16 53 17 81 18 94 19 62 20 66
1 26 2 63 3 76 4 1 5 34 6 27 7 52 8 27 9 60 10 4 11 26 12 61 13 13 14 87 15 71 16 8 17 6 18 55 19 27 20 81
1 74 2 85 3 50 4 6 5 95 6 27 7 15 8 72 9 75 10 79 11 6 12 57 13 6 14 27 15 6 16 17 17 41 18 72 19 36 20 70
1 34 2 94 3 14 4 97 5 63 6 68 7 90 8 38 9 35 10 10 11 31 12 19 13 53 14 27 15 41 16 8 17 26 18 57 19 39 20 33
1 97 2 97 3 32 4 8 5 79 6 84 7 41 8 76 9 39 10 56 11 70 12 98 13 8 14 31 15 69 16 37 17 65 18 57 19 35 20 5
1 77 2 93 3 84 4 10 5 74 6 27 7 14 8 91 9 82 10 3 11 53 12 48 13 84 14 28 15 75 16 66 17 64 18 40 19 93 20 24
1 74 2 93 3 76 4 8 5 56 6 24 7 20 8 89 9 88 10 61 11 83 12 84 13 40 14 64 15 17 16 18 17 37 18 86 19 40 20 12
1 6 2 8 3 61 4 15 5 75 6 3 7 45 8 13 9 99 10 39 11 73 12 21 13 84 14 20 15 83 16 87 17 95 18 46 19 2 20 65
1 56 2 41 3 67 4 46 5 38 6 59 7 9 8 23 9 21 10 4 11 14 12 45 13 66 14 92 15 81 16 54 17 26 18 72 19 63 20 59
1 69 2 70 3 4 4 69 5 53 6 30 7 83 8 56 9 87 10 73 11 2 12 18 13 70 14 4 15 96 16 52 17 87 18 83 19 17 20 64
1 42 2 38 3 39 4 21 5 70 6 62 7 60 8 46 9 1 10 73 11 32 12 16 13 29 14 42 15 97 16 14 17 53 18 48 19 87 20 23
1 78 2 25 3 44 4 22 5 59 6 59 7 92 8 45 9 40 10 12 11 55 12 30 13 64 14 2 15 89 16 41 17 89 18 49 19 81 20 83
1 33 2 22 3 42 4 38 5 61 6 61 7 94 8 74 9 25 10 82 11 13 12 15 13 45 14 92 15 39 16 99 17 5 18 49 19 81 20 57
1 2 2 62 3 14 4 89 5 63 6 80 7 98 8 63 9 91 10 24 11 99 12 25 13 42 14 54 15 42 16 39 17 50 18 97 19 64 20 49
1 46 2 93 3 12 4 66 5 87 6 74 7 26 8 74 9 5 10 76 11 94 12 9 13 91 14 17 15 31 16 99 17 22 18 24 19 73 20 22
1 52 2 78 3 2 4 75 5 20 6 90 7 67 8 81 9 77 10 33 11 35 12 43 13 87 14 26 15 60 16 94 17 9 18 95 19 26 20 13
1 49 2 4 3 13 4 23 5 72 6 85 7 86 8 84 9 52 10 45 11 40 12 43 13 64 14 74 15 94 16 91 17 78 18 60 19 58 20 6
1 41 2 76 3 36 4 64 5 19 6 63 7 51 8 39 9 3 10 70 11 80 12 26 13 35 14 90 15 47 16 76 17 50 18 48 19 30 20 58
1 26 2 22 3 50 4 25 5 95 6 93 7 6 8 81 9 59 10 22 11 89 12 55 13 25 14 37 15 53 16 43 17 12 18 7 19 95 20 87
1 85 2 65 3 41 4 94 5 22 6 31 7 40 8 5 9 2 10 45 11 31 12 28 13 6 14 65 15 5 16 32 17 79 18 58 19 52 20 4
1 22 2 98 3 30 4 98 5 21 6 47 7 27 8 9 9 4 10 72 11 67 12 6 13 19 14 75 15 98 16 73 17 76 18 72 19 36 20 54
1 35 2 86 3 4 4 15 5 29 6 43 7 51 8 24 9 9 10 43 11 70 12 83 13 31 14 20 15 14 16 68 17 92 18 92 19 91 20 31
1 40 2 48 3 16 4 23 5 74 6 86 7 76 8 13 9 89 10 45 11 14 12 29 13 85 14 73 15 72 16 80 17 32 18 12 19 55 20 23
1 4 2 15 3 72 4 39 5 75 6 64 7 56 8 10 9 13 10 47 11 91 12 21 13 19 14 35 15 24 16 35 17 17 18 78 19 7 20 79
1 94 2 34 3 58 4 71 5 36 6 96 7 76 8 99 9 70 10 3 11 87 12 37 13 93 14 21 15 40 16 93 17 87 18 56 19 58 20 39
1 21 2 43 3 44 4 81 5 44 6 3 7 56 8 84 9 12 10 72 11 76 12 94 13 19 14 66 15 45 16 45 17 85 18 97 19 36 20 38
1 37 2 39 3 33 4 76 5 22 6 56 7 27 8 81 9 1 10 78 11 85 12 21 13 83 14 98 15 1 16 88 17 29 18 92 19 12 20 75
1 45 2 82 3 48 4 63 5 56 6 87 7 4 8 81 9 28 10 6 11 43 12 69 13 19 14 66 15 49 16 33 17 63 18 17 19 94 20 8
1 21 2 57 3 52 4 27 5 71 6 64 7 34 8 55 9 46 10 72 11 47 12 82 13 51 14 5 15 45 16 76 17 98 18 63 19 68 20 26
1 87 2 92 3 48 4 56 5 71 6 38 7 90 8 28 9 42 10 48 11 28 12 44 13 2 14 50 15 77 16 22 17 1 18 27 19 45 20 7
1 72 2 96 3 30 4 11 5 47 6 83 7 5 8 40 9 96 10 95 11 99 12 71 13 78 14 2 15 12 16 28 17 92 18 69 19 97 20 77
1 42 2 95 3 78 4 99 5 85 6 18 7 72 8 20 9 47 10 47 11 4 12 73 13 92 14 61 15 5 16 51 17 57 18 58 19 28 20 23
1 63 2 14 3 92 4 30 5 41 6 65 7 98 8 9 9 18 10 52 11 41 12 14 13 6 14 17 15 39 16 53 17 16 18 11 19 91 20 51
1 31 2 18 3 5 4 12 5 30 6 65 7 58 8 51 9 37 10 22 11 58 12 52 13 58 14 80 15 19 16 67 17 68 18 61 19 21 20 20
1 34 2 28 3 11 4 50 5 43 6 43 7 68 8 71 9 12 10 32 11 92 12 85 13 91 14 73 15 33 16 93 17 47 18 43 19 29 20 48
1 69 2 36 3 77 4 3 5 17 6 33 7 35 8 33 9 14 10 55 11 20 12 83 13 73 14 53 15 82 16 59 17 98 18 66 19 65 20 41
1 1 2 17 3 32 4 11 5 29 6 89 7 10 8 41 9 61 10 87 11 41 12 27 13 95 14 81 15 18 16 84 17 61 18 93 19 54 20 33
1 42 2 80 3 87 4 28 5 28 6 34 7 5 8 16 9 76 10 1 11 23 12 48 13 58 14 48 15 75 16 84 17 82 18 31 19 43 20 20
1 71 2 38 3 60 4 80 5 1 6 37 7 94 8 4 9 58 10 80 11 94 12 42 13 76 14 90 15 71 16 37 17 18 18 36 19 67 20 6
1 34 2 64 3 14 4 20 5 48 6 48 7 67 8 99 9 19 10 47 11 7 12 94 13 66 14 15 15 20 16 41 17 61 18 90 19 68 20 62
1 64 2 4 3 51 4 81 5 89 6 1 7 64 8 53 9 64 10 60 11 28 12 54 13 92 14 13 15 79 16 44 17 33 18 26 19 33 20 26
1 22 2 56 3 72 4 96 5 64 6 84 7 14 8 16 9 31 10 96 11 23 12 3 13 35 14 76 15 54 16 83 17 45 18 10 19 89 20 7
1 98 2 10 3 82 4 39 5 39 6 25 7 15 8 42 9 24 10 70 11 85 12 18 13 31 14 32 15 83 16 42 17 81 18 19 19 21 20 76
1 99 2 56 3 60 4 91 5 42 6 99 7 54 8 7 9 15 10 30 11 4 12 7 13 18 14 46 15 58 16 47 17 64 18 62 19 70 20 89
1 3 2 33 3 23 4 33 5 13 6 52 7 59 8 62 9 30 10 16 11 41 12 15 13 51 14 44 15 3 16 75 17 86 18 15 19 14 20 2
1 6 2 90 3 50 4 43 5 25 6 34 7 56 8 66 9 62 10 89 11 26 12 75 13 45 14 42 15 43 16 17 17 93 18 97 19 33 20 86
1 73 2 21 3 74 4 32 5 25 6 32 7 66 8 15 9 33 10 34 11 88 12 43 13 68 14 80 15 73 16 30 17 46 18 10 19 78 20 22
1 11 2 38 3 79 4 87 5 45 6 14 7 40 8 76 9 31 10 51 11 61 12 15 13 95 14 1 15 9 16 72 17 94 18 58 19 17 20 34
1 24 2 5 3 91 4 71 5 2 6 88 7 13 8 26 9 42 10 19 11 21 12 59 13 77 14 56 15 77 16 65 17 36 18 74 19 84 20 4
1 1 2 13 3 28 4 74 5 33 6 10 7 4 8 51 9 44 10 77 11 54 12 66 13 58 14 3 15 53 16 68 17 1 18 58 19 83 20 15
1 85 2 44 3 76 4 74 5 14 6 10 7 59 8 35 9 11 10 60 11 17 12 31 13 44 14 69 15 62 16 77 17 83 18 93 19 73 20 32
1 88 2 69 3 6 4 8 5 17 6 8 7 10 8 32 9 24 10 97 11 50 12 9 13 64 14 7 15 84 16 50 17 3 18 11 19 21 20 35
1 93 2 70 3 74 4 29 5 47 6 79 7 15 8 63 9 58 10 86 11 96 12 35 13 72 14 17 15 61 16 85 17 32 18 28 19 3 20 37
1 63 2 28 3 90 4 86 5 80 6 47 7 5 8 88 9 6 10 52 11 57 12 49 13 85 14 23 15 87 16 5 17 51 18 9 19 14 20 40
1 15 2 13 3 42 4 88 5 65 6 33 7 14 8 64 9 97 10 15 11 64 12 16 13 91 14 63 15 79 16 14 17 69 18 93 19 10 20 41
1 47 2 15 3 3 4 58 5 18 6 94 7 16 8 96 9 7 10 7 11 5 12 73 13 50 14 84 15 19 16 48 17 61 18 63 19 29 20 13
1 76 2 83 3 47 4 33 5 2 6 53 7 90 8 72 9 39 10 75 11 80 12 62 13 85 14 32 15 34 16 60 17 62 18 12 19 61 20 99
1 3 2 48 3 9 4 29 5 81 6 26 7 66 8 83 9 71 10 75 11 21 12 36 13 89 14 27 15 11 16 79 17 8 18 99 19 6 20 33
1 99 2 2 3 46 4 98 5 2 6 21 7 93 8 62 9 63 10 14 11 35 12 85 13 34 14 94 15 61 16 18 17 36 18 30 19 67 20 59
1 35 2 59 3 22 4 87 5 7 6 21 7 75 8 25 9 24 10 89 11 74 12 67 13 1 14 60 15 21 16 80 17 39 18 13 19 75 20 62
1 98 2 44 3 27 4 89 5 83 6 34 7 51 8 13 9 34 10 73 11 74 12 35 13 28 14 1 15 53 16 16 17 34 18 28 19 16 20 43
1 61 2 54 3 72 4 37 5 62 6 77 7 4 8 83 9 50 10 60 11 64 12 35 13 87 14 8 15 69 16 64 17 64 18 73 19 22 20 9
1 36 2 76 3 29 4 3 5 70 6 90 7 2 8 70 9 89 10 29 11 76 12 47 13 44 14 34 15 41 16 42 17 71 18 43 19 28 20 65
1 16 2 50 3 8 4 66 5 4 6 99 7 48 8 62 9 87 10 52 11 49 12 28 13 61 14 67 15 98 16 40 17 83 18 77 19 66 20 66
1 60 2 68 3 41 4 89 5 65 6 43 7 49 8 36 9 16 10 2 11 82 12 69 13 41 14 50 15 61 16 1 17 41 18 7 19 10 20 30
1 41 2 47 3 50 4 66 5 20 6 40 7 40 8 84 9 18 10 74 11 72 12 56 13 67 14 50 15 81 16 5 17 37 18 60 19 10 20 66
1 46 2 84 3 66 4 83 5 25 6 45 7 6 8 38 9 14 10 26 11 79 12 65 13 16 14 60 15 45 16 36 17 82 18 14 19 95 20 41
1 45 2 78 3 91 4 75 5 11 6 35 7 93 8 51 9 76 10 69 11 6 12 9 13 96 14 29 15 19 16 73 17 2 18 50 19 7 20 63
1 53 2 33 3 86 4 76 5 11 6 14 7 10 8 93 9 91 10 83 11 79 12 46 13 25 14 2 15 51 16 60 17 66 18 82 19 19 20 1
1 6 2 64 3 69 4 84 5 99 6 88 7 3 8 61 9 16 10 38 11 72 12 37 13 24 14 49 15 48 16 91 17 59 18 5 19 60 20 9
1 65 2 13 3 84 4 62 5 85 6 62 7 45 8 12 9 68 10 87 11 53 12 48 13 41 14 25 15 63 16 7 17 79 18 61 19 48 20 53
1 63 2 38 3 71 4 62 5 93 6 34 7 64 8 19 9 28 10 5 11 5 12 77 13 72 14 99 15 59 16 27 17 97 18 38 19 83 20 43
1 57 2 83 3 5 4 13 5 3 6 61 7 5 8 37 9 46 10 84 11 67 12 16 13 76 14 37 15 34 16 22 17 18 18 61 19 72 20 77
1 3 2 94 3 22 4 82 5 61 6 25 7 64 8 71 9 76 10 37 11 39 12 48 13 90 14 68 15 47 16 15 17 5 18 23 19 13 20 98
1 10 2 58 3 38 4 41 5 1 6 30 7 77 8 31 9 76 10 30 11 14 12 49 13 36 14 50 15 15 16 90 17 51 18 77 19 71 20 10
1 25 2 96 3 41 4 70 5 35 6 62 7 19 8 73 9 63 10 88 11 10 12 91 13 67 14 42 15 64 16 81 17 59 18 24 19 27 20 40
1 16 2 55 3 91 4 58 5 35 6 3 7 72 8 75 9 86 10 75 11 19 12 8 13 20 14 56 15 49 16 88 17 79 18 1 19 30 20 49
1 99 2 60 3 63 4 39 5 86 6 33 7 9 8 81 9 32 10 13 11 82 12 94 13 99 14 84 15 27 16 19 17 24 18 82 19 50 20 31
1 27 2 29 3 48 4 93 5 17 6 39 7 48 8 41 9 29 10 66 11 86 12 73 13 72 14 48 15 98 16 21 17 30 18 4 19 78 20 41
1 2 2 24 3 83 4 13 5 37 6 50 7 99 8 56 9 60 10 2 11 18 12 48 13 68 14 66 15 52 16 58 17 13 18 61 19 24 20 54
1 3 2 86 3 79 4 4 5 28 6 11 7 86 8 30 9 98 10 13 11 91 12 40 13 64 14 93 15 19 16 26 17 75 18 1 19 52 20 5
1 79 2 43 3 41 4 28 5 57 6 10 7 94 8 97 9 62 10 57 11 2 12 4 13 33 14 81 15 43 16 79 17 67 18 93 19 40 20 9
1 54 2 74 3 3 4 35 5 42 6 15 7 87 8 18 9 67 10 20 11 58 12 78 13 41 14 82 15 57 16 26 17 38 18 43 19 24 20 11
1 67 2 24 3 21 4 13 5 15 6 57 7 8 8 7 9 97 10 38 11 59 12 27 13 82 14 55 15 82 16 94 17 49 18 93 19 49 20 59
1 33 2 2 3 92 4 3 5 12 6 9 7 77 8 21 9 86 10 26 11 21 12 16 13 53 14 95 15 20 16 97 17 83 18 69 19 17 20 55
1 38 2 70 3 7 4 94 5 35 6 67 7 18 8 74 9 1 10 73 11 16 12 87 13 19 14 98 15 50 16 54 17 69 18 81 19 13 20 41
1 59 2 89 3 22 4 50 5 70 6 57 7 13 8 50 9 23 10 88 11 94 12 88 13 13 14 81 15 70 16 67 17 33 18 36 19 84 20 30
1 62 2 52 3 82 4 58 5 83 6 50 7 60 8 80 9 26 10 80 11 3 12 99 13 83 14 69 15 20 16 85 17 69 18 90 19 37 20 65
1 63 2 88 3 9 4 66 5 19 6 34 7 81 8 34 9 3 10 13 11 13 12 3 13 78 14 46 15 53 16 78 17 76 18 39 19 62 20 63
1 11 2 62 3 15 4 58 5 44 6 10 7 17 8 36 9 86 10 85 11 56 12 37 13 28 14 78 15 38 16 6 17 53 18 19 19 11 20 11
1 55 2 97 3 42 4 76 5 28 6 30 7 30 8 89 9 55 10 2 11 22 12 28 13 95 14 60 15 93 16 74 17 52 18 52 19 84 20 95
1 77 2 57 3 4 4 29 5 72 6 59 7 3 8 46 9 93 10 1 11 58 12 82 13 47 14 18 15 57 16 96 17 57 18 86 19 50 20 14
1 55 2 61 3 64 4 91 5 4 6 29 7 27 8 10 9 61 10 94 11 31 12 10 13 11 14 46 15 71 16 79 17 36 18 41 19 89 20 44
1 6 2 55 3 45 4 64 5 86 6 88 7 98 8 99 9 22 10 53 11 73 12 88 13 24 14 48 15 50 16 35 17 79 18 65 19 51 20 40
1 53 2 39 3 60 4 3 5 42 6 10 7 87 8 26 9 18 10 84 11 13 12 72 13 15 14 93 15 41 16 90 17 62 18 33 19 78 20 65
1 6 2 88 3 12 4 10 5 5 6 56 7 82 8 97 9 3 10 29 11 29 12 35 13 64 14 20 15 27 16 95 17 16 18 84 19 52 20 48
1 29 2 2 3 51 4 17 5 45 6 92 7 51 8 97 9 59 10 67 11 81 12 23 13 86 14 94 15 68 16 45 17 43 18 29 19 87 20 62
1 28 2 22 3 8 4 59 5 44 6 41 7 73 8 35 9 10 10 93 11 12 12 15 13 86 14 71 15 4 16 12 17 95 18 20 19 16 20 11
1 28 2 60 3 66 4 31 5 36 6 91 7 44 8 91 9 4 10 47 11 96 12 83 13 97 14 31 15 72 16 19 17 46 18 5 19 41 20 82
1 16 2 73 3 3 4 79 5 36 6 13 7 53 8 6 9 70 10 14 11 7 12 81 13 27 14 50 15 58 16 72 17 97 18 19 19 26 20 90
1 72 2 28 3 92 4 92 5 1 6 41 7 96 8 76 9 59 10 6 11 2 12 86 13 10 14 97 15 49 16 13 17 83 18 55 19 81 20 80
1 12 2 71 3 44 4 96 5 36 6 96 7 32 8 55 9 50 10 4 11 85 12 82 13 42 14 81 15 15 16 36 17 98 18 90 19 3 20 1
1 25 2 84 3 49 4 15 5 18 6 85 7 5 8 76 9 53 10 88 11 42 12 64 13 58 14 90 15 22 16 53 17 28 18 31 19 85 20 89
1 57 2 12 3 76 4 92 5 1 6 1 7 10 8 65 9 12 10 7 11 82 12 81 13 40 14 81 15 2 16 66 17 80 18 86 19 72 20 6
1 15 2 2 3 79 4 70 5 71 6 81 7 75 8 84 9 26 10 20 11 99 12 97 13 48 14 64 15 32 16 94 17 91 18 35 19 97 20 87
1 56 2 92 3 90 4 36 5 20 6 67 7 97 8 90 9 94 10 82 11 66 12 73 13 14 14 2 15 62 16 13 17 42 18 61 19 2 20 47
1 70 2 30 3 89 4 58 5 15 6 3 7 82 8 57 9 61 10 34 11 69 12 36 13 44 14 25 15 73 16 17 17 4 18 58 19 64 20 70
1 65 2 67 3 10 4 43 5 73 6 31 7 88 8 39 9 67 10 23 11 18 12 39 13 89 14 98 15 45 16 63 17 17 18 58 19 6 20 42
1 11 2 79 3 76 4 84 5 42 6 78 7 38 8 6 9 14 10 21 11 38 12 16 13 26 14 20 15 51 16 87 17 55 18 37 19 7 20 82
1 92 2 40 3 48 4 76 5 53 6 79 7 22 8 7 9 32 10 11 11 67 12 35 13 97 14 2 15 43 16 46 17 82 18 33 19 24 20 9
1 88 2 61 3 73 4 66 5 6 6 1 7 93 8 23 9 48 10 15 11 82 12 90 13 51 14 48 15 59 16 93 17 9 18 44 19 65 20 15
1 94 2 90 3 73 4 65 5 26 6 83 7 48 8 99 9 16 10 50 11 87 12 46 13 4 14 69 15 39 16 96 17 31 18 9 19 51 20 3
1 36 2 14 3 32 4 76 5 70 6 63 7 15 8 73 9 13 10 59 11 29 12 39 13 72 14 53 15 57 16 29 17 50 18 23 19 33 20 32
1 30 2 5 3 79 4 61 5 98 6 31 7 74 8 6 9 7 10 32 11 56 12 4 13 92 14 38 15 99 16 21 17 37 18 74 19 44 20 62
