500 20
1 38 2 14 3 60 4 83 5 89 6 7 7 95 8 78 9 80 10 35 11 93 12 96 13 29 14 78 15 1 16 78 17 4 18 95 19 33 20 31
1 76 2 95 3 37 4 63 5 74 6 74 7 47 8 5 9 68 10 65 11 49 12 97 13 76 14 89 15 4 16 57 17 7 18 64 19 3 20 66
1 35 2 57 3 82 4 98 5 74 6 10 7 55 8 43 9 69 10 94 11 16 12 8 13 89 14 7 15 63 16 31 17 96 18 86 19 65 20 86
1 96 2 22 3 98 4 38 5 69 6 30 7 86 8 81 9 86 10 30 11 8 12 15 13 74 14 97 15 47 16 47 17 43 18 79 19 66 20 80
1 89 2 61 3 12 4 59 5 2 6 8 7 31 8 57 9 87 10 80 11 87 12 1 13 13 14 23 15 59 16 95 17 93 18 12 19 27 20 49
1 71 2 82 3 35 4 99 5 71 6 77 7 27 8 97 9 95 10 93 11 81 12 45 13 39 14 41 15 67 16 59 17 60 18 8 19 31 20 39
1 3 2 97 3 5 4 61 5 58 6 65 7 7 8 24 9 5 10 2 11 73 12 40 13 87 14 97 15 76 16 28 17 64 18 99 19 27 20 88
1 80 2 90 3 28 4 2 5 29 6 89 7 31 8 85 9 33 10 85 11 96 12 5 13 9 14 93 15 46 16 50 17 80 18 17 19 58 20 33
1 66 2 65 3 39 4 2 5 82 6 17 7 71 8 52 9 58 10 28 11 12 12 49 13 85 14 60 15 96 16 79 17 6 18 88 19 91 20 25
1 40 2 77 3 92 4 36 5 3 6 68 7 62 8 28 9 1 10 22 11 5 12 29 13 39 14 74 15 52 16 14 17 85 18 36 19 33 20 57
1 50 2 57 3 75 4 74 5 34 6 66 7 30 8 33 9 79 10 42 11 60 12 19 13 36 14 55 15 58 16 93 17 90 18 60 19 89 20 26
1 10 2 77 3 37 4 55 5 62 6 46 7 17 8 51 9 73 10 38 11 76 12 81 13 6 14 14 15 17 16 82 17 93 18 87 19 63 20 22
1 33 2 51 3 65 4 26 5 74 6 80 7 52 8 27 9 46 10 82 11 81 12 6 13 16 14 24 15 34 16 22 17 3 18 25 19 34 20 62
1 64 2 80 3 48 4 69 5 15 6 90 7 88 8 79 9 80 10 14 11 88 12 44 13 56 14 57 15 84 16 17 17 41 18 21 19 85 20 51
1 36 2 63 3 20 4 51 5 9 6 82 7 41 8 65 9 95 10 91 11 47 12 53 13 62 14 65 15 66 16 27 17 45 18 81 19 98 20 22
1 70 2 77 3 25 4 6 5 63 6 24 7 51 8 40 9 41 10 43 11 80 12 36 13 76 14 19 15 17 16 42 17 9 18 91 19 78 20 90
1 19 2 24 3 55 4 98 5 36 6 87 7 14 8 95 9 49 10 51 11 78 12 22 13 93 14 3 15 76 16 57 17 5 18 54 19 31 20 25
1 3 2 29 3 61 4 31 5 27 6 38 7 13 8 45 9 99 10 17 11 2 12 99 13 86 14 28 15 21 16 78 17 79 18 93 19 30 20 50
1 84 2 48 3 37 4 48 5 71 6 72 7 3 8 92 9 57 10 43 11 60 12 26 13 52 14 50 15 33 16 77 17 7 18 64 19 10 20 89
1 64 2 25 3 67 4 43 5 27 6 73 7 92 8 59 9 16 10 78 11 24 12 25 13 85 14 85 15 93 16 66 17 16 18 84 19 21 20 72
1 2 2 57 3 8 4 52 5 34 6 88 7 76 8 93 9 69 10 48 11 5 12 80 13 6 14 71 15 16 16 55 17 26 18 46 19 57 20 18
1 7 2 85 3 87 4 38 5 75 6 70 7 98 8 1 9 47 10 47 11 36 12 16 13 48 14 60 15 92 16 58 17 15 18 82 19 75 20 82
1 20 2 43 3 78 4 58 5 65 6 63 7 13 8 20 9 26 10 45 11 44 12 13 13 28 14 29 15 67 16 95 17 7 18 2 19 78 20 72
1 62 2 25 3 21 4 72 5 3 6 93 7 70 8 24 9 1 10 57 11 46 12 46 13 52 14 71 15 58 16 41 17 34 18 79 19 17 20 73
1 25 2 27 3 42 4 89 5 19 6 78 7 86 8 63 9 92 10 25 11 11 12 44 13 14 14 65 15 23 16 47 17 59 18 30 19 74 20 86
1 89 2 44 3 88 4 63 5 44 6 26 7 23 8 47 9 45 10 61 11 40 12 58 13 12 14 14 15 70 16 98 17 99 18 66 19 92 20 65
1 88 2 78 3 15 4 73 5 73 6 38 7 15 8 21 9 57 10 53 11 95 12 59 13 51 14 87 15 34 16 91 17 77 18 31 19 80 20 53
1 71 2 63 3 81 4 20 5 50 6 23 7 26 8 20 9 45 10 52 11 46 12 26 13 13 14 13 15 4 16 11 17 50 18 47 19 38 20 86
1 29 2 97 3 84 4 69 5 83 6 94 7 72 8 32 9 17 10 2 11 95 12 88 13 43 14 87 15 33 16 33 17 16 18 76 19 61 20 87
1 47 2 56 3 85 4 23 5 5 6 54 7 91 8 10 9 3 10 71 11 84 12 47 13 50 14 18 15 56 16 66 17 69 18 14 19 46 20 14
1 89 2 99 3 27 4 92 5 12 6 93 7 33 8 48 9 57 10 75 11 94 12 10 13 25 14 67 15 19 16 4 17 9 18 1 19 92 20 94
1 36 2 62 3 60 4 85 5 18 6 57 7 65 8 95 9 84 10 94 11 89 12 64 13 30 14 25 15 55 16 64 17 65 18 83 19 86 20 62
1 69 2 83 3 71 4 72 5 30 6 30 7 31 8 33 9 47 10 38 11 17 12 94 13 85 14 67 15 34 16 16 17 97 18 80 19 5 20 2
1 62 2 79 3 4 4 76 5 59 6 20 7 88 8 91 9 53 10 48 11 98 12 48 13 23 14 25 15 56 16 98 17 96 18 9 19 14 20 75
1 30 2 90 3 68 4 68 5 73 6 63 7 88 8 92 9 92 10 99 11 9 12 25 13 13 14 33 15 8 16 23 17 37 18 16 19 64 20 93
1 4 2 94 3 8 4 7 5 73 6 35 7 59 8 90 9 43 10 80 11 88 12 90 13 38 14 83 15 88 16 70 17 78 18 30 19 9 20 12
1 98 2 83 3 4 4 78 5 44 6 68 7 19 8 97 9 64 10 15 11 16 12 45 13 71 14 71 15 48 16 94 17 24 18 54 19 59 20 25
1 14 2 75 3 1 4 20 5 62 6 58 7 9 8 87 9 14 10 77 11 97 12 63 13 22 14 65 15 96 16 53 17 32 18 53 19 70 20 88
1 2 2 82 3 96 4 36 5 62 6 96 7 71 8 8 9 24 10 97 11 26 12 55 13 22 14 54 15 23 16 87 17 22 18 40 19 17 20 32
1 67 2 62 3 42 4 17 5 59 6 29 7 41 8 11 9 15 10 58 11 71 12 67 13 34 14 16 15 51 16 52 17 43 18 37 19 70 20 84
1 41 2 40 3 99 4 88 5 39 6 23 7 47 8 18 9 87 10 17 11 21 12 45 13 92 14 23 15 77 16 82 17 76 18 79 19 29 20 72
1 52 2 34 3 20 4 96 5 60 6 65 7 85 8 53 9 38 10 71 11 78 12 81 13 27 14 7 15 22 16 47 17 52 18 5 19 86 20 63
1 89 2 4 3 69 4 51 5 50 6 20 7 73 8 27 9 54 10 71 11 33 12 22 13 9 14 39 15 16 16 82 17 87 18 2 19 27 20 87
1 41 2 79 3 71 4 31 5 37 6 78 7 52 8 81 9 84 10 49 11 17 12 16 13 59 14 12 15 57 16 44 17 38 18 55 19 1 20 96
1 39 2 66 3 86 4 53 5 26 6 37 7 29 8 93 9 75 10 99 11 6 12 72 13 95 14 82 15 17 16 3 17 59 18 25 19 75 20 95
1 21 2 80 3 51 4 34 5 28 6 10 7 63 8 59 9 55 10 52 11 77 12 73 13 58 14 56 15 88 16 24 17 64 18 22 19 22 20 47
1 8 2 71 3 23 4 58 5 68 6 22 7 68 8 95 9 2 10 94 11 30 12 10 13 56 14 87 15 77 16 49 17 21 18 30 19 48 20 17
1 32 2 19 3 38 4 95 5 39 6 49 7 14 8 94 9 40 10 67 11 83 12 67 13 4 14 20 15 85 16 15 17 23 18 2 19 56 20 49
1 23 2 34 3 65 4 82 5 42 6 14 7 36 8 86 9 53 10 26 11 85 12 48 13 41 14 29 15 11 16 76 17 23 18 3 19 62 20 65
1 84 2 54 3 62 4 34 5 84 6 35 7 73 8 12 9 26 10 56 11 12 12 77 13 51 14 2 15 46 16 27 17 87 18 56 19 41 20 47
1 98 2 19 3 1 4 13 5 53 6 23 7 36 8 85 9 59 10 19 11 24 12 93 13 19 14 2 15 48 16 14 17 29 18 47 19 60 20 94
1 56 2 99 3 32 4 4 5 77 6 58 7 5 8 38 9 67 10 94 11 73 12 28 13 10 14 37 15 41 16 73 17 28 18 66 19 30 20 38
1 34 2 77 3 64 4 36 5 95 6 71 7 30 8 44 9 35 10 75 11 98 12 58 13 9 14 47 15 51 16 10 17 28 18 16 19 31 20 86
1 3 2 22 3 81 4 84 5 13 6 49 7 36 8 66 9 7 10 82 11 46 12 7 13 90 14 15 15 71 16 60 17 2 18 25 19 96 20 97
1 80 2 91 3 81 4 54 5 57 6 36 7 19 8 99 9 19 10 49 11 38 12 85 13 63 14 15 15 25 16 6 17 4 18 80 19 47 20 58
1 16 2 34 3 2 4 84 5 1 6 30 7 84 8 42 9 7 10 13 11 68 12 39 13 18 14 44 15 60 16 98 17 50 18 97 19 29 20 3
1 74 2 14 3 31 4 40 5 74 6 9 7 27 8 91 9 14 10 78 11 94 12 49 13 45 14 49 15 14 16 93 17 71 18 5 19 54 20 84
1 59 2 77 3 91 4 55 5 74 6 15 7 1 8 21 9 36 10 54 11 37 12 4 13 20 14 22 15 98 16 11 17 75 18 53 19 3 20 97
1 71 2 92 3 78 4 87 5 84 6 62 7 69 8 96 9 48 10 38 11 83 12 26 13 97 14 18 15 60 16 70 17 74 18 99 19 39 20 63
1 17 2 73 3 9 4 83 5 27 6 52 7 93 8 87 9 31 10 82 11 20 12 69 13 3 14 50 15 79 16 71 17 57 18 41 19 75 20 64
1 70 2 26 3 9 4 49 5 49 6 22 7 37 8 28 9 15 10 38 11 77 12 15 13 95 14 36 15 13 16 46 17 64 18 63 19 56 20 11
1 9 2 7 3 91 4 26 5 2 6 20 7 85 8 8 9 23 10 31 11 17 12 30 13 96 14 70 15 90 16 58 17 28 18 32 19 54 20 21
1 73 2 23 3 86 4 11 5 92 6 52 7 45 8 1 9 93 10 21 11 5 12 53 13 30 14 74 15 40 16 98 17 82 18 69 19 61 20 99
1 43 2 49 3 59 4 21 5 46 6 28 7 23 8 26 9 53 10 19 11 95 12 24 13 76 14 29 15 4 16 98 17 59 18 57 19 67 20 73
1 33 2 33 3 6 4 98 5 15 6 33 7 78 8 23 9 38 10 25 11 28 12 31 13 89 14 54 15 70 16 36 17 89 18 51 19 16 20 18
1 46 2 62 3 1 4 4 5 59 6 24 7 28 8 49 9 92 10 90 11 71 12 69 13 96 14 75 15 96 16 12 17 81 18 67 19 50 20 3
1 91 2 8 3 89 4 94 5 71 6 63 7 50 8 32 9 30 10 55 11 21 12 62 13 56 14 11 15 36 16 30 17 82 18 95 19 4 20 73
1 22 2 70 3 83 4 89 5 75 6 36 7 22 8 92 9 13 10 15 11 20 12 57 13 24 14 85 15 2 16 70 17 73 18 34 19 92 20 19
1 84 2 85 3 33 4 28 5 98 6 36 7 57 8 36 9 83 10 74 11 39 12 34 13 80 14 22 15 77 16 21 17 20 18 9 19 53 20 57
1 48 2 15 3 98 4 85 5 41 6 97 7 92 8 44 9 11 10 82 11 50 12 7 13 7 14 53 15 96 16 73 17 53 18 88 19 17 20 17
1 25 2 31 3 34 4 23 5 88 6 35 7 56 8 16 9 10 10 44 11 9 12 84 13 77 14 49 15 83 16 78 17 14 18 25 19 77 20 32
1 69 2 65 3 2 4 32 5 93 6 17 7 6 8 19 9 18 10 93 11 36 12 62 13 44 14 33 15 8 16 44 17 34 18 23 19 2 20 56
1 65 2 2 3 1 4 25 5 59 6 93 7 93 8 13 9 71 10 4 11 55 12 82 13 69 14 89 15 26 16 4 17 59 18 80 19 64 20 39
1 25 2 36 3 17 4 33 5 87 6 41 7 46 8 31 9 5 10 80 11 98 12 29 13 88 14 96 15 56 16 11 17 20 18 14 19 36 20 95
1 57 2 35 3 64 4 25 5 52 6 46 7 82 8 67 9 62 10 76 11 71 12 44 13 52 14 31 15 38 16 65 17 95 18 86 19 27 20 55
1 31 2 23 3 50 4 37 5 28 6 5 7 70 8 41 9 72 10 73 11 54 12 81 13 91 14 14 15 77 16 20 17 31 18 58 19 66 20 56
1 59 2 84 3 74 4 82 5 96 6 29 7 54 8 73 9 37 10 73 11 82 12 91 13 69 14 75 15 19 16 37 17 20 18 36 19 31 20 99
1 44 2 47 3 10 4 94 5 48 6 66 7 72 8 15 9 1 10 49 11 35 12 1 13 89 14 82 15 73 16 57 17 92 18 29 19 96 20 93
1 40 2 49 3 44 4 77 5 28 6 23 7 52 8 28 9 82 10 19 11 44 12 86 13 32 14 11 15 93 16 72 17 14 18 54 19 80 20 89
1 68 2 98 3 88 4 7 5 19 6 91 7 4 8 1 9 56 10 61 11 71 12 39 13 87 14 49 15 21 16 55 17 16 18 8 19 91 20 50
1 44 2 1 3 45 4 4 5 35 6 81 7 64 8 34 9 10 10 22 11 9 12 35 13 17 14 56 15 99 16 54 17 71 18 37 19 77 20 16
1 13 2 65 3 87 4 99 5 88 6 70 7 48 8 99 9 45 10 50 11 32 12 77 13 27 14 83 15 6 16 19 17 8 18 33 19 18 20 85
1 5 2 55 3 8 4 85 5 12 6 98 7 36 8 26 9 77 10 31 11 72 12 53 13 6 14 67 15 76 16 53 17 10 18 88 19 48 20 52
1 6 2 6 3 91 4 34 5 91 6 32 7 35 8 9 9 99 10 14 11 20 12 59 13 83 14 65 15 88 16 82 17 17 18 82 19 17 20 80
1 95 2 58 3 68 4 21 5 11 6 39 7 59 8 33 9 8 10 7 11 68 12 42 13 85 14 9 15 60 16 69 17 34 18 23 19 2 20 99
1 72 2 19 3 86 4 64 5 53 6 24 7 33 8 85 9 94 10 8 11 36 12 50 13 88 14 82 15 22 16 11 17 98 18 5 19 39 20 63
1 62 2 10 3 63 4 1 5 12 6 3 7 12 8 61 9 88 10 27 11 64 12 15 13 7 14 44 15 74 16 68 17 24 18 42 19 45 20 53
1 10 2 24 3 35 4 87 5 85 6 99 7 32 8 96 9 23 10 66 11 62 12 94 13 41 14 57 15 56 16 55 17 41 18 41 19 49 20 55
1 21 2 93 3 44 4 22 5 77 6 7 7 55 8 20 9 74 10 22 11 86 12 48 13 28 14 17 15 58 16 40 17 31 18 8 19 36 20 87
1 52 2 22 3 79 4 21 5 75 6 20 7 4 8 11 9 98 10 93 11 55 12 3 13 62 14 84 15 63 16 30 17 73 18 55 19 45 20 20
1 24 2 49 3 81 4 61 5 79 6 6 7 61 8 30 9 47 10 45 11 62 12 33 13 55 14 92 15 21 16 59 17 4 18 99 19 47 20 7
1 78 2 18 3 62 4 90 5 88 6 39 7 94 8 12 9 69 10 49 11 52 12 56 13 32 14 29 15 88 16 20 17 41 18 50 19 21 20 15
1 95 2 88 3 6 4 27 5 49 6 99 7 47 8 51 9 69 10 44 11 3 12 29 13 33 14 98 15 78 16 93 17 71 18 42 19 42 20 5
1 67 2 40 3 75 4 50 5 91 6 68 7 51 8 47 9 31 10 55 11 17 12 7 13 93 14 51 15 25 16 31 17 7 18 78 19 63 20 14
1 76 2 11 3 91 4 24 5 77 6 17 7 35 8 18 9 66 10 10 11 9 12 10 13 15 14 73 15 20 16 89 17 51 18 61 19 62 20 47
1 88 2 28 3 48 4 93 5 83 6 18 7 54 8 27 9 21 10 84 11 57 12 83 13 82 14 40 15 26 16 22 17 64 18 42 19 81 20 31
1 22 2 15 3 42 4 99 5 72 6 82 7 45 8 54 9 5 10 23 11 41 12 10 13 96 14 36 15 19 16 51 17 35 18 26 19 73 20 82
1 67 2 45 3 83 4 66 5 5 6 70 7 26 8 58 9 74 10 44 11 4 12 98 13 3 14 69 15 72 16 49 17 35 18 90 19 98 20 14
1 1 2 13 3 99 4 85 5 56 6 13 7 42 8 4 9 94 10 18 11 71 12 13 13 66 14 36 15 37 16 79 17 81 18 26 19 56 20 30
1 88 2 83 3 83 4 58 5 6 6 47 7 58 8 57 9 73 10 70 11 1 12 92 13 14 14 8 15 40 16 78 17 22 18 89 19 85 20 34
1 6 2 99 3 98 4 80 5 42 6 69 7 42 8 56 9 27 10 4 11 96 12 44 13 82 14 65 15 49 16 95 17 11 18 70 19 37 20 6
1 84 2 68 3 12 4 18 5 26 6 11 7 12 8 40 9 95 10 52 11 25 12 27 13 70 14 41 15 25 16 77 17 13 18 46 19 13 20 8
1 63 2 39 3 50 4 74 5 19 6 56 7 66 8 34 9 38 10 56 11 80 12 71 13 18 14 58 15 87 16 67 17 81 18 37 19 17 20 23
1 15 2 42 3 94 4 70 5 46 6 41 7 91 8 87 9 98 10 68 11 33 12 37 13 23 14 85 15 77 16 46 17 68 18 65 19 83 20 32
1 42 2 99 3 57 4 4 5 63 6 29 7 21 8 47 9 18 10 16 11 83 12 66 13 40 14 8 15 7 16 57 17 86 18 66 19 19 20 94
1 66 2 40 3 85 4 74 5 57 6 8 7 51 8 69 9 58 10 95 11 23 12 98 13 24 14 46 15 95 16 69 17 85 18 26 19 32 20 19
1 30 2 50 3 97 4 87 5 3 6 70 7 82 8 6 9 29 10 4 11 22 12 44 13 66 14 66 15 35 16 91 17 82 18 52 19 71 20 60
1 92 2 76 3 91 4 62 5 30 6 71 7 47 8 69 9 20 10 91 11 12 12 68 13 65 14 94 15 80 16 3 17 82 18 91 19 7 20 55
1 70 2 98 3 71 4 24 5 58 6 42 7 33 8 41 9 47 10 97 11 96 12 8 13 1 14 37 15 79 16 60 17 63 18 12 19 90 20 34
1 55 2 76 3 34 4 40 5 84 6 31 7 51 8 73 9 61 10 50 11 67 12 47 13 75 14 38 15 41 16 53 17 46 18 49 19 41 20 64
1 13 2 6 3 89 4 6 5 7 6 20 7 74 8 86 9 81 10 8 11 76 12 51 13 32 14 93 15 8 16 66 17 77 18 44 19 58 20 86
1 11 2 5 3 72 4 25 5 64 6 20 7 74 8 18 9 39 10 26 11 46 12 68 13 42 14 33 15 16 16 39 17 8 18 1 19 58 20 42
1 63 2 76 3 40 4 58 5 11 6 1 7 4 8 33 9 84 10 19 11 94 12 25 13 91 14 46 15 63 16 76 17 47 18 68 19 44 20 91
1 78 2 14 3 59 4 29 5 95 6 13 7 52 8 7 9 89 10 57 11 61 12 34 13 11 14 80 15 71 16 87 17 68 18 73 19 4 20 43
1 44 2 38 3 84 4 61 5 29 6 50 7 47 8 91 9 3 10 14 11 1 12 8 13 32 14 79 15 34 16 56 17 52 18 12 19 80 20 56
1 49 2 28 3 45 4 12 5 19 6 69 7 15 8 83 9 21 10 74 11 65 12 30 13 25 14 58 15 87 16 97 17 75 18 85 19 68 20 92
1 46 2 95 3 11 4 10 5 68 6 69 7 52 8 55 9 64 10 39 11 21 12 36 13 13 14 90 15 11 16 16 17 16 18 22 19 58 20 10
1 28 2 48 3 14 4 65 5 43 6 33 7 69 8 58 9 50 10 28 11 73 12 50 13 98 14 82 15 58 16 75 17 8 18 5 19 28 20 90
1 70 2 29 3 39 4 95 5 52 6 28 7 35 8 18 9 61 10 73 11 54 12 51 13 12 14 19 15 89 16 80 17 44 18 51 19 81 20 63
1 60 2 78 3 7 4 89 5 14 6 12 7 8 8 67 9 82 10 66 11 87 12 7 13 3 14 67 15 76 16 37 17 46 18 92 19 71 20 38
1 6 2 91 3 63 4 38 5 30 6 91 7 92 8 37 9 5 10 32 11 16 12 45 13 81 14 8 15 77 16 31 17 43 18 10 19 85 20 34
1 70 2 5 3 17 4 46 5 71 6 42 7 18 8 36 9 17 10 71 11 23 12 29 13 67 14 64 15 94 16 77 17 89 18 58 19 10 20 60
1 7 2 96 3 79 4 36 5 72 6 84 7 15 8 75 9 76 10 46 11 63 12 72 13 41 14 74 15 61 16 23 17 3 18 11 19 70 20 91
1 73 2 66 3 38 4 18 5 80 6 5 7 19 8 96 9 95 10 49 11 47 12 62 13 79 14 5 15 20 16 45 17 97 18 29 19 97 20 55
1 41 2 39 3 62 4 54 5 37 6 99 7 83 8 33 9 57 10 68 11 90 12 59 13 58 14 20 15 77 16 95 17 86 18 77 19 45 20 68
1 96 2 86 3 29 4 31 5 47 6 7 7 37 8 1 9 95 10 92 11 63 12 62 13 1 14 40 15 76 16 59 17 56 18 78 19 89 20 34
1 98 2 96 3 27 4 61 5 66 6 65 7 44 8 15 9 86 10 54 11 37 12 48 13 94 14 17 15 68 16 82 17 22 18 33 19 41 20 40
1 8 2 15 3 32 4 72 5 7 6 85 7 29 8 99 9 75 10 8 11 55 12 80 13 46 14 19 15 19 16 81 17 61 18 47 19 98 20 31
1 87 2 15 3 32 4 2 5 95 6 44 7 23 8 58 9 23 10 81 11 71 12 9 13 74 14 7 15 78 16 74 17 75 18 10 19 62 20 95
1 43 2 55 3 3 4 4 5 17 6 99 7 16 8 24 9 5 10 75 11 53 12 88 13 33 14 25 15 59 16 87 17 18 18 54 19 90 20 56
1 21 2 38 3 15 4 45 5 59 6 6 7 22 8 75 9 42 10 67 11 28 12 75 13 28 14 47 15 22 16 24 17 40 18 80 19 24 20 54
1 27 2 39 3 28 4 32 5 28 6 81 7 17 8 21 9 71 10 55 11 61 12 93 13 25 14 68 15 99 16 98 17 26 18 54 19 49 20 39
1 69 2 82 3 88 4 99 5 55 6 40 7 96 8 11 9 96 10 20 11 83 12 38 13 63 14 75 15 81 16 48 17 39 18 83 19 15 20 84
1 19 2 76 3 68 4 95 5 32 6 81 7 22 8 5 9 26 10 5 11 40 12 71 13 88 14 30 15 75 16 3 17 5 18 55 19 70 20 10
1 83 2 50 3 58 4 5 5 51 6 92 7 29 8 41 9 41 10 76 11 5 12 75 13 31 14 12 15 50 16 86 17 81 18 39 19 8 20 17
1 8 2 90 3 21 4 85 5 48 6 71 7 46 8 61 9 29 10 1 11 97 12 42 13 32 14 96 15 50 16 2 17 71 18 45 19 76 20 37
1 73 2 67 3 62 4 42 5 63 6 69 7 59 8 27 9 54 10 91 11 47 12 16 13 2 14 77 15 62 16 16 17 6 18 7 19 32 20 44
1 54 2 42 3 19 4 53 5 79 6 62 7 97 8 24 9 69 10 55 11 89 12 71 13 34 14 23 15 50 16 57 17 12 18 39 19 2 20 75
1 48 2 23 3 28 4 7 5 49 6 99 7 76 8 92 9 33 10 96 11 26 12 23 13 5 14 59 15 61 16 7 17 41 18 69 19 73 20 96
1 29 2 54 3 59 4 45 5 5 6 39 7 13 8 66 9 84 10 89 11 44 12 40 13 2 14 82 15 93 16 80 17 63 18 31 19 8 20 51
1 12 2 26 3 59 4 17 5 34 6 55 7 84 8 19 9 49 10 54 11 22 12 74 13 55 14 52 15 48 16 10 17 28 18 85 19 33 20 96
1 9 2 76 3 67 4 53 5 67 6 41 7 70 8 71 9 15 10 28 11 3 12 23 13 44 14 48 15 93 16 61 17 82 18 65 19 72 20 36
1 7 2 38 3 41 4 50 5 12 6 22 7 20 8 95 9 18 10 34 11 72 12 52 13 39 14 46 15 25 16 72 17 19 18 49 19 26 20 16
1 76 2 36 3 81 4 22 5 55 6 31 7 99 8 76 9 46 10 94 11 81 12 3 13 91 14 71 15 62 16 36 17 15 18 11 19 64 20 40
1 46 2 53 3 29 4 19 5 17 6 30 7 67 8 51 9 82 10 51 11 46 12 37 13 30 14 4 15 67 16 77 17 52 18 63 19 66 20 78
1 32 2 60 3 44 4 71 5 23 6 74 7 99 8 71 9 13 10 89 11 84 12 13 13 86 14 61 15 77 16 12 17 54 18 57 19 49 20 30
1 37 2 99 3 94 4 25 5 40 6 34 7 18 8 26 9 86 10 8 11 24 12 12 13 65 14 70 15 92 16 23 17 7 18 42 19 82 20 69
1 63 2 14 3 89 4 53 5 34 6 70 7 6 8 64 9 37 10 93 11 53 12 71 13 28 14 98 15 91 16 47 17 24 18 81 19 74 20 82
1 20 2 24 3 5 4 84 5 56 6 47 7 33 8 84 9 72 10 90 11 9 12 71 13 77 14 21 15 16 16 44 17 55 18 16 19 59 20 13
1 33 2 6 3 51 4 64 5 19 6 60 7 4 8 34 9 22 10 24 11 28 12 96 13 82 14 44 15 16 16 85 17 39 18 27 19 1 20 79
1 10 2 97 3 68 4 46 5 72 6 25 7 39 8 13 9 5 10 22 11 64 12 29 13 89 14 10 15 59 16 47 17 68 18 20 19 70 20 56
1 72 2 71 3 19 4 99 5 44 6 43 7 40 8 85 9 13 10 10 11 78 12 40 13 29 14 81 15 51 16 95 17 25 18 73 19 69 20 2
1 24 2 8 3 98 4 77 5 61 6 17 7 20 8 92 9 8 10 43 11 85 12 12 13 66 14 57 15 32 16 43 17 46 18 98 19 78 20 19
1 69 2 91 3 41 4 27 5 18 6 57 7 8 8 30 9 66 10 3 11 60 12 40 13 88 14 72 15 8 16 71 17 55 18 56 19 71 20 63
1 32 2 5 3 30 4 54 5 31 6 30 7 78 8 70 9 45 10 48 11 87 12 13 13 70 14 38 15 53 16 64 17 81 18 77 19 13 20 98
1 89 2 66 3 22 4 95 5 72 6 2 7 77 8 19 9 91 10 33 11 97 12 27 13 8 14 50 15 10 16 53 17 99 18 35 19 60 20 10
1 65 2 12 3 64 4 43 5 94 6 68 7 22 8 47 9 11 10 25 11 35 12 11 13 86 14 73 15 88 16 1 17 31 18 2 19 82 20 58
1 95 2 47 3 61 4 45 5 88 6 2 7 50 8 82 9 64 10 19 11 14 12 53 13 64 14 99 15 26 16 97 17 23 18 28 19 27 20 81
1 61 2 53 3 32 4 56 5 39 6 88 7 78 8 76 9 61 10 19 11 67 12 58 13 81 14 41 15 21 16 38 17 47 18 72 19 62 20 40
1 78 2 38 3 53 4 61 5 30 6 11 7 63 8 83 9 32 10 68 11 11 12 37 13 45 14 30 15 36 16 93 17 45 18 50 19 1 20 61
1 66 2 52 3 57 4 50 5 48 6 75 7 9 8 73 9 62 10 44 11 60 12 72 13 54 14 49 15 74 16 85 17 14 18 80 19 85 20 19
1 67 2 30 3 93 4 94 5 17 6 66 7 78 8 18 9 95 10 41 11 19 12 23 13 72 14 55 15 74 16 96 17 32 18 59 19 74 20 23
1 62 2 51 3 6 4 54 5 13 6 60 7 69 8 21 9 95 10 56 11 75 12 71 13 20 14 68 15 28 16 23 17 99 18 62 19 23 20 13
1 71 2 80 3 25 4 26 5 16 6 70 7 33 8 36 9 50 10 19 11 62 12 28 13 74 14 94 15 62 16 21 17 21 18 95 19 37 20 78
1 93 2 41 3 48 4 71 5 63 6 22 7 87 8 19 9 94 10 77 11 91 12 73 13 42 14 62 15 96 16 45 17 86 18 63 19 35 20 43
1 86 2 24 3 58 4 35 5 62 6 4 7 75 8 53 9 38 10 55 11 85 12 66 13 10 14 90 15 14 16 52 17 42 18 48 19 13 20 31
1 27 2 12 3 17 4 6 5 89 6 86 7 70 8 34 9 84 10 72 11 92 12 66 13 10 14 51 15 79 16 19 17 38 18 28 19 96 20 81
1 43 2 82 3 55 4 6 5 15 6 89 7 93 8 82 9 71 10 3 11 74 12 49 13 83 14 8 15 35 16 21 17 33 18 59 19 51 20 49
1 13 2 64 3 26 4 78 5 99 6 57 7 15 8 9 9 76 10 15 11 24 12 44 13 49 14 92 15 98 16 74 17 83 18 82 19 95 20 4
1 80 2 2 3 80 4 36 5 54 6 79 7 27 8 94 9 25 10 41 11 26 12 10 13 73 14 86 15 47 16 57 17 30 18 50 19 81 20 53
1 4 2 86 3 43 4 95 5 72 6 57 7 56 8 10 9 72 10 97 11 99 12 41 13 54 14 87 15 5 16 6 17 30 18 96 19 91 20 17
1 74 2 10 3 23 4 19 5 27 6 55 7 44 8 13 9 85 10 55 11 97 12 93 13 75 14 1 15 58 16 54 17 26 18 35 19 41 20 85
1 42 2 33 3 90 4 88 5 86 6 30 7 1 8 3 9 74 10 79 11 7 12 87 13 14 14 45 15 66 16 66 17 84 18 31 19 84 20 21
1 48 2 45 3 49 4 15 5 78 6 51 7 56 8 27 9 44 10 80 11 57 12 84 13 19 14 53 15 39 16 99 17 83 18 8 19 12 20 15
1 68 2 78 3 24 4 22 5 26 6 34 7 4 8 21 9 81 10 71 11 35 12 59 13 45 14 55 15 44 16 64 17 93 18 92 19 80 20 69
1 62 2 58 3 32 4 33 5 64 6 13 7 14 8 45 9 95 10 74 11 43 12 55 13 1 14 31 15 81 16 93 17 71 18 56 19 90 20 53
1 96 2 73 3 35 4 21 5 96 6 91 7 77 8 32 9 47 10 97 11 77 12 68 13 6 14 12 15 33 16 77 17 41 18 16 19 59 20 38
1 68 2 55 3 41 4 59 5 6 6 83 7 51 8 78 9 5 10 31 11 30 12 84 13 95 14 29 15 16 16 27 17 86 18 67 19 36 20 84
1 93 2 76 3 45 4 28 5 7 6 1 7 64 8 97 9 33 10 54 11 47 12 28 13 42 14 96 15 89 16 15 17 78 18 27 19 83 20 84
1 46 2 33 3 26 4 1 5 40 6 67 7 82 8 85 9 79 10 78 11 72 12 93 13 63 14 16 15 28 16 11 17 53 18 72 19 56 20 56
1 76 2 40 3 61 4 91 5 35 6 3 7 61 8 42 9 90 10 98 11 9 12 48 13 45 14 44 15 89 16 13 17 20 18 66 19 91 20 73
1 21 2 86 3 63 4 55 5 15 6 58 7 34 8 4 9 18 10 58 11 74 12 13 13 66 14 23 15 18 16 59 17 27 18 22 19 18 20 35
1 99 2 89 3 59 4 84 5 35 6 37 7 32 8 12 9 13 10 43 11 54 12 3 13 88 14 73 15 51 16 55 17 46 18 87 19 4 20 50
1 42 2 44 3 76 4 38 5 54 6 48 7 94 8 87 9 68 10 3 11 40 12 22 13 75 14 93 15 28 16 69 17 83 18 66 19 97 20 10
1 15 2 83 3 48 4 88 5 97 6 10 7 55 8 56 9 25 10 37 11 91 12 72 13 82 14 64 15 93 16 68 17 31 18 8 19 91 20 10
1 56 2 78 3 27 4 35 5 68 6 64 7 66 8 8 9 38 10 68 11 93 12 41 13 24 14 2 15 32 16 89 17 85 18 37 19 96 20 12
1 96 2 12 3 34 4 92 5 25 6 41 7 30 8 18 9 12 10 46 11 78 12 63 13 59 14 16 15 99 16 87 17 83 18 49 19 74 20 74
1 40 2 64 3 19 4 62 5 9 6 33 7 20 8 32 9 15 10 80 11 81 12 91 13 86 14 89 15 91 16 45 17 20 18 4 19 21 20 11
1 28 2 80 3 34 4 76 5 96 6 67 7 21 8 53 9 25 10 46 11 51 12 48 13 12 14 77 15 2 16 5 17 31 18 75 19 23 20 49
1 61 2 94 3 13 4 84 5 45 6 91 7 44 8 1 9 12 10 43 11 47 12 57 13 46 14 22 15 51 16 53 17 44 18 87 19 17 20 86
1 37 2 49 3 13 4 53 5 54 6 44 7 60 8 74 9 40 10 75 11 71 12 68 13 23 14 46 15 64 16 88 17 81 18 66 19 84 20 62
1 32 2 43 3 50 4 55 5 6 6 92 7 92 8 58 9 69 10 59 11 99 12 37 13 19 14 66 15 38 16 80 17 6 18 32 19 22 20 80
1 86 2 20 3 11 4 25 5 10 6 33 7 26 8 72 9 70 10 95 11 83 12 36 13 82 14 9 15 23 16 8 17 10 18 29 19 72 20 57
1 41 2 58 3 3 4 27 5 63 6 60 7 23 8 97 9 51 10 55 11 31 12 21 13 55 14 56 15 4 16 83 17 95 18 6 19 31 20 25
1 58 2 8 3 67 4 41 5 75 6 93 7 79 8 67 9 92 10 85 11 82 12 69 13 50 14 72 15 41 16 66 17 15 18 88 19 2 20 45
1 20 2 4 3 28 4 82 5 99 6 18 7 60 8 22 9 9 10 45 11 58 12 61 13 97 14 13 15 12 16 95 17 94 18 86 19 16 20 86
1 59 2 82 3 47 4 24 5 67 6 41 7 95 8 89 9 48 10 4 11 56 12 16 13 36 14 21 15 41 16 75 17 35 18 9 19 15 20 3
1 66 2 4 3 17 4 10 5 22 6 83 7 55 8 21 9 40 10 71 11 74 12 53 13 7 14 32 15 32 16 80 17 56 18 71 19 76 20 58
1 73 2 81 3 66 4 17 5 64 6 94 7 14 8 11 9 99 10 28 11 19 12 47 13 34 14 33 15 51 16 26 17 47 18 12 19 29 20 61
1 54 2 80 3 41 4 15 5 1 6 48 7 90 8 62 9 64 10 77 11 48 12 24 13 95 14 18 15 91 16 30 17 95 18 9 19 49 20 48
1 54 2 10 3 27 4 88 5 10 6 5 7 41 8 29 9 80 10 6 11 1 12 31 13 66 14 94 15 7 16 69 17 5 18 40 19 41 20 14
1 43 2 50 3 61 4 67 5 48 6 48 7 22 8 85 9 32 10 11 11 31 12 7 13 41 14 83 15 62 16 32 17 66 18 41 19 80 20 57
1 84 2 43 3 37 4 3 5 5 6 2 7 89 8 74 9 77 10 88 11 99 12 21 13 42 14 99 15 48 16 48 17 50 18 44 19 46 20 96
1 58 2 95 3 96 4 95 5 86 6 43 7 28 8 42 9 44 10 91 11 1 12 5 13 58 14 53 15 68 16 9 17 12 18 5 19 15 20 71
1 74 2 61 3 7 4 30 5 60 6 94 7 67 8 63 9 43 10 29 11 30 12 79 13 69 14 90 15 37 16 49 17 77 18 32 19 80 20 74
1 73 2 57 3 45 4 69 5 45 6 82 7 37 8 25 9 32 10 49 11 70 12 5 13 17 14 34 15 90 16 30 17 61 18 90 19 63 20 82
1 66 2 76 3 74 4 37 5 84 6 4 7 50 8 47 9 21 10 45 11 12 12 65 13 92 14 98 15 37 16 9 17 98 18 5 19 23 20 61
1 13 2 50 3 4 4 54 5 41 6 69 7 42 8 1 9 58 10 74 11 81 12 28 13 70 14 42 15 42 16 34 17 5 18 60 19 75 20 99
1 79 2 29 3 20 4 38 5 59 6 3 7 88 8 86 9 80 10 31 11 27 12 2 13 5 14 53 15 76 16 34 17 5 18 6 19 45 20 98
1 99 2 22 3 32 4 47 5 22 6 43 7 22 8 54 9 9 10 96 11 52 12 29 13 91 14 9 15 59 16 10 17 52 18 97 19 2 20 62
1 10 2 62 3 43 4 31 5 48 6 61 7 92 8 9 9 79 10 88 11 73 12 90 13 10 14 49 15 47 16 6 17 81 18 27 19 90 20 53
1 32 2 37 3 37 4 66 5 72 6 26 7 63 8 78 9 15 10 62 11 93 12 76 13 37 14 92 15 2 16 79 17 21 18 80 19 12 20 69
1 39 2 89 3 65 4 26 5 67 6 62 7 78 8 53 9 38 10 29 11 29 12 29 13 72 14 21 15 69 16 71 17 32 18 3 19 2 20 20
1 8 2 47 3 71 4 38 5 29 6 77 7 21 8 18 9 50 10 73 11 33 12 59 13 93 14 40 15 68 16 55 17 96 18 41 19 51 20 75
1 5 2 22 3 41 4 88 5 16 6 81 7 1 8 35 9 33 10 4 11 61 12 37 13 73 14 41 15 96 16 70 17 84 18 93 19 82 20 32
1 73 2 57 3 2 4 17 5 80 6 42 7 40 8 96 9 82 10 47 11 8 12 26 13 62 14 2 15 51 16 80 17 61 18 69 19 27 20 14
1 55 2 12 3 85 4 27 5 67 6 10 7 70 8 11 9 87 10 46 11 48 12 32 13 70 14 88 15 1 16 54 17 38 18 91 19 47 20 55
1 33 2 66 3 79 4 16 5 76 6 94 7 28 8 74 9 48 10 89 11 16 12 87 13 83 14 57 15 60 16 20 17 24 18 65 19 17 20 15
1 64 2 75 3 96 4 73 5 92 6 40 7 44 8 61 9 69 10 64 11 13 12 14 13 42 14 55 15 73 16 95 17 31 18 66 19 40 20 4
1 55 2 65 3 16 4 5 5 96 6 85 7 85 8 31 9 54 10 9 11 12 12 99 13 94 14 22 15 45 16 83 17 59 18 19 19 42 20 26
1 42 2 9 3 63 4 90 5 58 6 79 7 59 8 11 9 86 10 85 11 17 12 73 13 30 14 15 15 53 16 43 17 97 18 85 19 45 20 11
1 68 2 6 3 28 4 36 5 56 6 59 7 64 8 3 9 37 10 65 11 20 12 39 13 71 14 48 15 64 16 57 17 6 18 99 19 91 20 48
1 36 2 71 3 49 4 90 5 21 6 33 7 6 8 76 9 86 10 14 11 40 12 73 13 8 14 32 15 31 16 28 17 19 18 54 19 63 20 40
1 25 2 67 3 61 4 3 5 84 6 35 7 51 8 95 9 72 10 11 11 93 12 54 13 94 14 29 15 64 16 90 17 71 18 67 19 70 20 48
1 81 2 81 3 86 4 54 5 25 6 32 7 71 8 14 9 9 10 52 11 24 12 10 13 21 14 22 15 32 16 46 17 63 18 22 19 67 20 4
1 9 2 63 3 63 4 26 5 67 6 29 7 32 8 63 9 18 10 21 11 33 12 49 13 22 14 94 15 16 16 54 17 20 18 72 19 60 20 41
1 28 2 38 3 79 4 69 5 33 6 57 7 76 8 90 9 59 10 56 11 81 12 8 13 5 14 76 15 45 16 41 17 89 18 18 19 84 20 85
1 73 2 59 3 63 4 29 5 34 6 12 7 20 8 54 9 53 10 61 11 41 12 29 13 33 14 75 15 48 16 50 17 33 18 99 19 86 20 68
1 71 2 28 3 97 4 31 5 37 6 72 7 8 8 8 9 99 10 86 11 65 12 43 13 76 14 81 15 60 16 23 17 35 18 36 19 76 20 16
1 32 2 87 3 36 4 8 5 20 6 75 7 51 8 6 9 14 10 8 11 14 12 6 13 31 14 24 15 61 16 21 17 87 18 51 19 31 20 35
1 88 2 16 3 44 4 92 5 31 6 65 7 16 8 72 9 50 10 36 11 74 12 8 13 81 14 93 15 86 16 27 17 94 18 7 19 99 20 57
1 30 2 16 3 96 4 69 5 67 6 86 7 30 8 56 9 79 10 23 11 38 12 11 13 38 14 22 15 83 16 73 17 29 18 7 19 89 20 96
1 83 2 22 3 67 4 76 5 35 6 62 7 76 8 62 9 94 10 10 11 59 12 63 13 43 14 18 15 19 16 89 17 83 18 38 19 92 20 68
1 60 2 34 3 70 4 65 5 39 6 83 7 99 8 33 9 13 10 64 11 55 12 86 13 74 14 95 15 67 16 31 17 63 18 82 19 52 20 1
1 67 2 92 3 11 4 51 5 83 6 32 7 90 8 36 9 62 10 84 11 37 12 36 13 11 14 46 15 27 16 45 17 65 18 47 19 1 20 46
1 12 2 4 3 38 4 59 5 36 6 71 7 22 8 58 9 68 10 80 11 95 12 87 13 55 14 38 15 98 16 79 17 92 18 64 19 69 20 88
1 73 2 79 3 78 4 85 5 28 6 56 7 18 8 19 9 25 10 5 11 16 12 16 13 79 14 59 15 7 16 78 17 6 18 70 19 87 20 36
1 31 2 1 3 46 4 40 5 63 6 32 7 87 8 59 9 82 10 82 11 60 12 89 13 85 14 51 15 5 16 99 17 98 18 76 19 93 20 96
1 85 2 61 3 2 4 90 5 65 6 72 7 84 8 15 9 65 10 74 11 58 12 84 13 17 14 85 15 55 16 83 17 21 18 37 19 32 20 80
1 68 2 25 3 47 4 86 5 98 6 93 7 74 8 97 9 92 10 18 11 50 12 34 13 32 14 99 15 76 16 7 17 70 18 38 19 31 20 11
1 71 2 99 3 19 4 41 5 66 6 85 7 86 8 64 9 9 10 52 11 31 12 18 13 1 14 11 15 76 16 2 17 52 18 32 19 40 20 44
1 35 2 78 3 54 4 65 5 54 6 21 7 8 8 79 9 84 10 23 11 93 12 62 13 72 14 20 15 5 16 15 17 14 18 85 19 59 20 79
1 70 2 67 3 14 4 82 5 91 6 28 7 81 8 2 9 24 10 74 11 49 12 60 13 73 14 98 15 80 16 13 17 54 18 94 19 63 20 95
1 1 2 67 3 37 4 81 5 17 6 37 7 15 8 14 9 25 10 45 11 75 12 53 13 59 14 9 15 44 16 45 17 16 18 10 19 98 20 81
1 35 2 38 3 44 4 47 5 2 6 53 7 83 8 69 9 49 10 76 11 60 12 45 13 81 14 5 15 32 16 67 17 68 18 81 19 48 20 47
1 72 2 6 3 9 4 6 5 26 6 37 7 35 8 33 9 80 10 16 11 73 12 86 13 71 14 1 15 56 16 68 17 74 18 68 19 92 20 42
1 59 2 21 3 49 4 8 5 51 6 53 7 91 8 67 9 2 10 58 11 76 12 41 13 77 14 48 15 82 16 58 17 27 18 30 19 68 20 80
1 66 2 98 3 59 4 57 5 93 6 12 7 67 8 17 9 69 10 83 11 1 12 20 13 84 14 1 15 99 16 7 17 26 18 60 19 57 20 10
1 14 2 25 3 85 4 15 5 78 6 71 7 69 8 32 9 84 10 1 11 27 12 50 13 78 14 61 15 73 16 82 17 26 18 27 19 46 20 70
1 19 2 94 3 76 4 89 5 1 6 94 7 23 8 17 9 96 10 37 11 54 12 24 13 58 14 82 15 33 16 69 17 36 18 93 19 42 20 81
1 98 2 44 3 53 4 23 5 18 6 5 7 75 8 69 9 93 10 7 11 13 12 75 13 13 14 51 15 18 16 43 17 82 18 45 19 9 20 62
1 48 2 99 3 52 4 39 5 5 6 36 7 88 8 45 9 6 10 89 11 10 12 25 13 95 14 28 15 49 16 1 17 28 18 15 19 74 20 46
1 79 2 87 3 33 4 82 5 35 6 52 7 10 8 66 9 92 10 43 11 50 12 19 13 79 14 97 15 35 16 87 17 45 18 76 19 56 20 87
1 9 2 25 3 21 4 29 5 55 6 94 7 17 8 68 9 72 10 68 11 25 12 72 13 14 14 63 15 23 16 21 17 77 18 93 19 70 20 22
1 44 2 44 3 11 4 40 5 51 6 72 7 77 8 66 9 17 10 98 11 11 12 52 13 15 14 48 15 70 16 85 17 43 18 60 19 16 20 13
1 62 2 23 3 37 4 18 5 86 6 30 7 21 8 42 9 48 10 65 11 8 12 37 13 45 14 4 15 1 16 4 17 79 18 59 19 41 20 20
1 43 2 48 3 7 4 18 5 25 6 15 7 70 8 74 9 9 10 38 11 24 12 96 13 30 14 70 15 56 16 53 17 37 18 5 19 88 20 21
1 14 2 29 3 45 4 24 5 30 6 66 7 55 8 56 9 6 10 99 11 2 12 47 13 3 14 37 15 77 16 73 17 21 18 56 19 13 20 16
1 34 2 40 3 49 4 99 5 29 6 17 7 79 8 10 9 22 10 74 11 50 12 42 13 81 14 51 15 96 16 86 17 57 18 78 19 74 20 87
1 11 2 90 3 45 4 23 5 57 6 34 7 12 8 75 9 20 10 65 11 85 12 4 13 70 14 32 15 52 16 28 17 16 18 53 19 31 20 69
1 83 2 71 3 26 4 52 5 33 6 54 7 33 8 23 9 81 10 66 11 50 12 1 13 77 14 87 15 42 16 67 17 67 18 83 19 10 20 56
1 23 2 43 3 69 4 27 5 7 6 73 7 43 8 32 9 66 10 80 11 25 12 96 13 29 14 67 15 91 16 84 17 9 18 24 19 97 20 57
1 45 2 41 3 48 4 91 5 99 6 30 7 15 8 2 9 86 10 71 11 48 12 6 13 91 14 36 15 73 16 26 17 12 18 7 19 90 20 21
1 45 2 41 3 27 4 42 5 60 6 61 7 87 8 54 9 35 10 47 11 63 12 46 13 73 14 68 15 73 16 9 17 42 18 52 19 89 20 81
1 77 2 52 3 74 4 49 5 42 6 36 7 35 8 45 9 27 10 12 11 8 12 61 13 31 14 91 15 6 16 65 17 67 18 71 19 12 20 44
1 56 2 10 3 28 4 67 5 71 6 46 7 20 8 82 9 48 10 98 11 7 12 76 13 5 14 91 15 73 16 84 17 69 18 87 19 40 20 32
1 73 2 36 3 89 4 12 5 4 6 45 7 93 8 21 9 29 10 17 11 84 12 63 13 62 14 40 15 52 16 1 17 46 18 33 19 61 20 64
1 38 2 41 3 15 4 6 5 80 6 4 7 7 8 67 9 96 10 43 11 33 12 69 13 82 14 88 15 79 16 16 17 58 18 86 19 41 20 50
1 28 2 1 3 56 4 90 5 79 6 55 7 99 8 68 9 77 10 3 11 61 12 80 13 10 14 43 15 28 16 55 17 51 18 67 19 13 20 81
1 39 2 39 3 80 4 99 5 16 6 5 7 89 8 11 9 22 10 64 11 80 12 47 13 22 14 96 15 78 16 82 17 42 18 58 19 40 20 21
1 76 2 44 3 21 4 66 5 35 6 47 7 21 8 56 9 44 10 71 11 33 12 50 13 64 14 19 15 27 16 71 17 74 18 61 19 66 20 26
1 57 2 22 3 26 4 75 5 69 6 59 7 60 8 85 9 34 10 11 11 95 12 36 13 66 14 77 15 32 16 78 17 30 18 6 19 20 20 32
1 34 2 11 3 73 4 24 5 82 6 27 7 51 8 57 9 3 10 14 11 97 12 28 13 1 14 48 15 99 16 13 17 79 18 78 19 44 20 93
1 15 2 15 3 20 4 70 5 7 6 74 7 60 8 39 9 77 10 51 11 46 12 10 13 32 14 67 15 37 16 39 17 58 18 30 19 97 20 93
1 39 2 69 3 67 4 81 5 25 6 50 7 36 8 42 9 32 10 31 11 31 12 91 13 91 14 38 15 32 16 13 17 99 18 6 19 56 20 38
1 56 2 74 3 83 4 51 5 39 6 65 7 33 8 63 9 60 10 94 11 16 12 85 13 48 14 65 15 73 16 6 17 25 18 30 19 96 20 89
1 94 2 83 3 1 4 2 5 70 6 18 7 32 8 33 9 35 10 55 11 81 12 57 13 65 14 21 15 9 16 81 17 54 18 23 19 23 20 10
1 49 2 35 3 8 4 72 5 38 6 12 7 41 8 42 9 81 10 57 11 26 12 36 13 13 14 12 15 55 16 63 17 41 18 60 19 60 20 22
1 73 2 6 3 71 4 49 5 13 6 17 7 68 8 37 9 6 10 22 11 58 12 90 13 9 14 21 15 51 16 13 17 90 18 31 19 94 20 86
1 79 2 54 3 89 4 36 5 97 6 37 7 75 8 31 9 84 10 32 11 19 12 8 13 5 14 82 15 95 16 27 17 19 18 41 19 44 20 15
1 79 2 55 3 81 4 37 5 6 6 39 7 39 8 32 9 4 10 49 11 29 12 47 13 8 14 90 15 94 16 32 17 15 18 15 19 26 20 40
1 48 2 71 3 54 4 31 5 65 6 38 7 94 8 26 9 36 10 36 11 81 12 59 13 6 14 49 15 58 16 29 17 95 18 21 19 24 20 63
1 95 2 76 3 27 4 73 5 18 6 46 7 86 8 96 9 61 10 73 11 57 12 59 13 90 14 37 15 99 16 26 17 85 18 73 19 41 20 22
1 99 2 95 3 50 4 21 5 28 6 11 7 88 8 33 9 34 10 84 11 53 12 11 13 20 14 19 15 38 16 58 17 3 18 61 19 77 20 68
1 14 2 91 3 88 4 39 5 67 6 94 7 45 8 35 9 39 10 24 11 71 12 70 13 14 14 41 15 52 16 60 17 39 18 69 19 75 20 55
1 34 2 98 3 95 4 30 5 75 6 26 7 48 8 71 9 31 10 87 11 62 12 28 13 94 14 65 15 58 16 41 17 60 18 32 19 43 20 9
1 26 2 52 3 48 4 45 5 99 6 48 7 70 8 40 9 94 10 27 11 36 12 2 13 54 14 61 15 77 16 83 17 84 18 49 19 98 20 92
1 89 2 49 3 87 4 70 5 63 6 7 7 36 8 65 9 2 10 54 11 52 12 5 13 30 14 41 15 16 16 31 17 2 18 92 19 97 20 6
1 26 2 23 3 16 4 2 5 49 6 54 7 62 8 17 9 10 10 66 11 4 12 85 13 79 14 22 15 3 16 53 17 43 18 66 19 95 20 71
1 42 2 33 3 23 4 53 5 94 6 17 7 15 8 1 9 40 10 1 11 87 12 64 13 87 14 27 15 79 16 84 17 23 18 94 19 89 20 62
1 62 2 82 3 25 4 55 5 82 6 57 7 38 8 41 9 39 10 49 11 85 12 36 13 20 14 55 15 48 16 57 17 9 18 90 19 69 20 59
1 76 2 7 3 27 4 61 5 32 6 37 7 57 8 65 9 91 10 55 11 37 12 43 13 62 14 97 15 58 16 48 17 4 18 41 19 69 20 46
1 46 2 64 3 23 4 28 5 6 6 36 7 69 8 34 9 48 10 76 11 40 12 59 13 70 14 94 15 15 16 70 17 87 18 48 19 43 20 73
1 73 2 48 3 5 4 39 5 99 6 11 7 78 8 99 9 14 10 72 11 74 12 85 13 64 14 80 15 19 16 76 17 68 18 21 19 60 20 4
1 24 2 26 3 45 4 75 5 14 6 5 7 36 8 59 9 15 10 30 11 14 12 24 13 69 14 91 15 66 16 74 17 25 18 76 19 31 20 63
1 87 2 9 3 21 4 66 5 77 6 69 7 30 8 95 9 45 10 30 11 5 12 52 13 27 14 52 15 89 16 80 17 3 18 34 19 70 20 7
1 39 2 99 3 74 4 10 5 9 6 10 7 86 8 56 9 22 10 18 11 3 12 59 13 20 14 58 15 14 16 27 17 27 18 97 19 13 20 45
1 57 2 21 3 66 4 75 5 33 6 66 7 55 8 31 9 42 10 19 11 77 12 48 13 90 14 12 15 2 16 50 17 43 18 81 19 40 20 5
1 9 2 2 3 77 4 81 5 37 6 33 7 64 8 60 9 99 10 29 11 1 12 70 13 95 14 51 15 70 16 45 17 76 18 2 19 26 20 78
1 71 2 37 3 27 4 7 5 92 6 78 7 43 8 87 9 2 10 94 11 21 12 74 13 18 14 35 15 1 16 20 17 87 18 58 19 13 20 51
1 90 2 76 3 91 4 2 5 8 6 97 7 84 8 50 9 19 10 85 11 89 12 90 13 37 14 3 15 46 16 11 17 33 18 3 19 29 20 8
1 28 2 79 3 66 4 55 5 61 6 72 7 91 8 77 9 14 10 99 11 92 12 95 13 26 14 67 15 56 16 56 17 93 18 6 19 29 20 55
1 23 2 48 3 37 4 59 5 32 6 58 7 64 8 29 9 30 10 74 11 9 12 9 13 87 14 14 15 46 16 90 17 31 18 67 19 80 20 73
1 91 2 85 3 86 4 94 5 48 6 72 7 40 8 25 9 5 10 7 11 55 12 12 13 36 14 96 15 41 16 43 17 26 18 99 19 42 20 84
1 77 2 97 3 11 4 5 5 24 6 70 7 97 8 12 9 21 10 11 11 83 12 82 13 37 14 69 15 92 16 87 17 24 18 21 19 36 20 90
1 96 2 12 3 28 4 72 5 9 6 27 7 55 8 75 9 69 10 38 11 48 12 26 13 7 14 53 15 35 16 63 17 10 18 39 19 65 20 23
1 33 2 44 3 70 4 6 5 57 6 94 7 3 8 80 9 36 10 19 11 90 12 22 13 85 14 69 15 28 16 43 17 55 18 5 19 82 20 56
1 81 2 84 3 18 4 92 5 62 6 91 7 76 8 71 9 14 10 64 11 5 12 77 13 16 14 91 15 64 16 43 17 20 18 92 19 93 20 46
1 63 2 93 3 76 4 88 5 29 6 96 7 28 8 6 9 72 10 54 11 50 12 46 13 15 14 51 15 12 16 76 17 9 18 65 19 69 20 26
1 60 2 75 3 34 4 48 5 68 6 57 7 88 8 20 9 10 10 59 11 26 12 59 13 32 14 85 15 13 16 95 17 20 18 96 19 51 20 60
1 70 2 70 3 46 4 4 5 69 6 58 7 30 8 28 9 22 10 95 11 63 12 96 13 7 14 18 15 87 16 90 17 41 18 96 19 11 20 11
1 46 2 26 3 22 4 44 5 10 6 42 7 44 8 58 9 13 10 4 11 76 12 92 13 66 14 93 15 40 16 44 17 98 18 31 19 73 20 4
1 53 2 2 3 50 4 29 5 63 6 7 7 34 8 74 9 19 10 33 11 28 12 43 13 41 14 42 15 43 16 9 17 35 18 34 19 54 20 1
1 89 2 67 3 69 4 72 5 86 6 7 7 96 8 69 9 64 10 31 11 88 12 11 13 25 14 99 15 41 16 65 17 75 18 64 19 11 20 89
1 16 2 71 3 50 4 20 5 3 6 79 7 36 8 55 9 93 10 25 11 13 12 17 13 70 14 66 15 55 16 50 17 63 18 51 19 22 20 49
1 66 2 15 3 57 4 23 5 15 6 98 7 84 8 29 9 79 10 79 11 12 12 39 13 33 14 54 15 89 16 37 17 12 18 16 19 12 20 15
1 77 2 43 3 87 4 16 5 61 6 41 7 5 8 78 9 72 10 89 11 44 12 87 13 41 14 65 15 29 16 82 17 40 18 2 19 53 20 42
1 54 2 13 3 71 4 72 5 41 6 64 7 73 8 72 9 27 10 91 11 38 12 80 13 27 14 39 15 64 16 7 17 85 18 1 19 43 20 91
1 95 2 48 3 31 4 60 5 27 6 10 7 76 8 53 9 14 10 48 11 97 12 58 13 73 14 77 15 45 16 41 17 86 18 80 19 43 20 75
1 46 2 87 3 34 4 79 5 34 6 53 7 17 8 38 9 18 10 49 11 95 12 22 13 92 14 50 15 83 16 84 17 24 18 31 19 96 20 76
1 92 2 98 3 87 4 55 5 37 6 68 7 60 8 62 9 22 10 77 11 78 12 1 13 17 14 54 15 40 16 47 17 78 18 29 19 83 20 44
1 82 2 65 3 2 4 37 5 36 6 50 7 40 8 27 9 61 10 79 11 60 12 2 13 74 14 7 15 57 16 84 17 42 18 62 19 78 20 96
1 45 2 29 3 46 4 66 5 47 6 42 7 92 8 78 9 85 10 97 11 72 12 77 13 67 14 96 15 8 16 58 17 82 18 62 19 23 20 9
1 48 2 63 3 97 4 35 5 34 6 89 7 87 8 40 9 31 10 88 11 70 12 98 13 74 14 77 15 58 16 65 17 86 18 2 19 41 20 81
1 41 2 29 3 93 4 24 5 24 6 9 7 83 8 60 9 73 10 76 11 54 12 58 13 40 14 15 15 17 16 89 17 29 18 26 19 42 20 65
1 17 2 39 3 67 4 17 5 29 6 26 7 72 8 59 9 43 10 51 11 90 12 15 13 90 14 4 15 13 16 23 17 78 18 19 19 21 20 97
1 77 2 47 3 69 4 20 5 74 6 96 7 68 8 30 9 18 10 70 11 89 12 90 13 74 14 88 15 41 16 83 17 55 18 87 19 33 20 52
1 33 2 11 3 36 4 56 5 85 6 17 7 73 8 86 9 5 10 51 11 79 12 96 13 32 14 35 15 54 16 88 17 87 18 27 19 15 20 23
1 57 2 95 3 33 4 11 5 64 6 78 7 18 8 72 9 30 10 29 11 96 12 99 13 19 14 78 15 33 16 91 17 70 18 40 19 64 20 22
1 20 2 62 3 63 4 38 5 38 6 4 7 58 8 53 9 87 10 28 11 75 12 24 13 90 14 93 15 1 16 86 17 26 18 83 19 19 20 66
1 64 2 59 3 44 4 92 5 93 6 52 7 41 8 49 9 14 10 16 11 90 12 80 13 40 14 5 15 4 16 94 17 50 18 68 19 35 20 45
1 50 2 85 3 35 4 79 5 89 6 84 7 83 8 1 9 85 10 25 11 55 12 96 13 90 14 76 15 6 16 51 17 63 18 2 19 5 20 12
1 20 2 60 3 32 4 12 5 7 6 14 7 80 8 75 9 39 10 16 11 74 12 58 13 5 14 63 15 68 16 81 17 51 18 83 19 57 20 16
1 44 2 76 3 47 4 79 5 49 6 53 7 33 8 84 9 44 10 38 11 53 12 60 13 28 14 53 15 79 16 51 17 75 18 62 19 78 20 56
1 52 2 94 3 79 4 12 5 76 6 42 7 55 8 66 9 63 10 53 11 12 12 8 13 29 14 33 15 83 16 29 17 35 18 20 19 68 20 24
1 32 2 37 3 84 4 20 5 16 6 16 7 65 8 16 9 25 10 34 11 89 12 22 13 53 14 98 15 13 16 28 17 80 18 11 19 47 20 72
1 75 2 87 3 52 4 51 5 1 6 20 7 35 8 43 9 79 10 59 11 9 12 62 13 37 14 25 15 20 16 25 17 99 18 97 19 50 20 29
1 20 2 14 3 88 4 71 5 43 6 90 7 63 8 53 9 57 10 8 11 29 12 81 13 17 14 68 15 76 16 93 17 50 18 84 19 49 20 63
1 70 2 47 3 12 4 63 5 4 6 38 7 84 8 52 9 13 10 31 11 41 12 74 13 4 14 2 15 82 16 92 17 40 18 77 19 58 20 1
1 64 2 20 3 27 4 18 5 30 6 19 7 96 8 92 9 89 10 41 11 79 12 61 13 61 14 55 15 69 16 74 17 80 18 79 19 74 20 36
1 62 2 78 3 69 4 70 5 46 6 67 7 77 8 65 9 7 10 27 11 4 12 21 13 43 14 90 15 72 16 93 17 61 18 46 19 99 20 18
1 28 2 72 3 50 4 45 5 95 6 75 7 50 8 8 9 63 10 93 11 16 12 54 13 76 14 9 15 18 16 12 17 36 18 85 19 30 20 47
1 19 2 73 3 95 4 10 5 37 6 87 7 15 8 54 9 55 10 6 11 21 12 16 13 16 14 47 15 62 16 7 17 40 18 38 19 56 20 25
1 75 2 66 3 32 4 83 5 21 6 98 7 72 8 73 9 13 10 80 11 55 12 22 13 67 14 16 15 65 16 9 17 52 18 43 19 70 20 87
1 72 2 56 3 59 4 21 5 52 6 93 7 26 8 44 9 66 10 20 11 40 12 90 13 52 14 46 15 85 16 8 17 19 18 93 19 74 20 24
1 47 2 31 3 2 4 56 5 94 6 36 7 44 8 90 9 33 10 50 11 42 12 7 13 21 14 17 15 71 16 78 17 37 18 39 19 11 20 3
1 22 2 28 3 63 4 72 5 52 6 36 7 14 8 11 9 57 10 68 11 74 12 16 13 4 14 73 15 4 16 53 17 30 18 43 19 10 20 84
1 86 2 89 3 47 4 93 5 54 6 95 7 25 8 55 9 42 10 5 11 26 12 14 13 60 14 65 15 20 16 62 17 88 18 56 19 88 20 12
1 90 2 95 3 97 4 74 5 14 6 63 7 31 8 41 9 48 10 6 11 52 12 65 13 52 14 57 15 54 16 7 17 3 18 46 19 21 20 52
1 63 2 99 3 32 4 44 5 80 6 53 7 15 8 27 9 1 10 14 11 32 12 61 13 27 14 97 15 40 16 36 17 79 18 75 19 72 20 19
1 3 2 82 3 99 4 52 5 2 6 66 7 75 8 33 9 55 10 48 11 7 12 96 13 25 14 47 15 1 16 3 17 11 18 33 19 47 20 68
1 1 2 77 3 64 4 21 5 89 6 3 7 10 8 36 9 5 10 81 11 64 12 59 13 13 14 62 15 2 16 15 17 26 18 1 19 7 20 83
1 53 2 48 3 33 4 60 5 79 6 55 7 91 8 82 9 70 10 37 11 19 12 58 13 13 14 2 15 16 16 8 17 88 18 73 19 56 20 24
1 83 2 66 3 73 4 41 5 20 6 56 7 98 8 65 9 35 10 98 11 87 12 73 13 58 14 7 15 66 16 72 17 1 18 85 19 79 20 54
1 89 2 52 3 75 4 50 5 17 6 93 7 62 8 64 9 88 10 93 11 95 12 48 13 18 14 58 15 84 16 67 17 15 18 77 19 97 20 92
1 73 2 20 3 91 4 72 5 58 6 47 7 7 8 46 9 86 10 91 11 74 12 1 13 91 14 73 15 96 16 12 17 33 18 71 19 38 20 83
1 97 2 44 3 18 4 72 5 59 6 78 7 38 8 69 9 4 10 51 11 60 12 4 13 59 14 46 15 63 16 75 17 21 18 76 19 28 20 42
1 16 2 30 3 43 4 81 5 41 6 7 7 62 8 13 9 66 10 23 11 59 12 44 13 12 14 62 15 52 16 5 17 56 18 16 19 63 20 12
1 9 2 42 3 4 4 63 5 77 6 22 7 81 8 93 9 5 10 4 11 78 12 52 13 49 14 31 15 46 16 98 17 81 18 48 19 21 20 88
1 93 2 8 3 48 4 9 5 20 6 70 7 56 8 13 9 5 10 35 11 80 12 95 13 33 14 25 15 57 16 19 17 46 18 67 19 91 20 76
1 67 2 26 3 99 4 77 5 43 6 31 7 89 8 48 9 75 10 90 11 24 12 53 13 47 14 6 15 36 16 93 17 16 18 22 19 47 20 98
1 8 2 69 3 71 4 43 5 66 6 25 7 88 8 54 9 65 10 7 11 88 12 72 13 57 14 48 15 37 16 65 17 18 18 35 19 66 20 10
1 64 2 35 3 21 4 56 5 14 6 50 7 26 8 19 9 78 10 65 11 68 12 87 13 2 14 2 15 93 16 8 17 82 18 60 19 67 20 79
1 88 2 73 3 3 4 59 5 99 6 66 7 52 8 23 9 1 10 67 11 73 12 25 13 60 14 12 15 24 16 20 17 85 18 13 19 55 20 69
1 20 2 57 3 57 4 86 5 62 6 6 7 85 8 3 9 66 10 68 11 98 12 50 13 59 14 73 15 47 16 89 17 85 18 10 19 22 20 62
1 19 2 81 3 16 4 27 5 14 6 56 7 93 8 45 9 5 10 84 11 68 12 49 13 28 14 46 15 24 16 36 17 15 18 99 19 35 20 52
1 47 2 85 3 60 4 43 5 22 6 24 7 53 8 98 9 11 10 61 11 91 12 28 13 27 14 13 15 40 16 76 17 68 18 79 19 13 20 7
1 68 2 93 3 85 4 46 5 47 6 65 7 36 8 57 9 93 10 15 11 19 12 36 13 19 14 71 15 95 16 1 17 49 18 75 19 76 20 62
1 37 2 41 3 63 4 7 5 26 6 8 7 61 8 79 9 36 10 77 11 60 12 80 13 32 14 62 15 89 16 57 17 47 18 55 19 80 20 3
1 6 2 37 3 95 4 35 5 11 6 10 7 55 8 78 9 90 10 61 11 82 12 79 13 48 14 11 15 18 16 50 17 43 18 46 19 44 20 10
1 95 2 30 3 89 4 34 5 95 6 95 7 98 8 74 9 48 10 13 11 55 12 68 13 6 14 73 15 14 16 12 17 80 18 63 19 19 20 22
1 8 2 89 3 62 4 94 5 26 6 20 7 73 8 76 9 33 10 33 11 30 12 68 13 92 14 63 15 97 16 72 17 31 18 39 19 45 20 1
1 6 2 26 3 68 4 40 5 71 6 3 7 58 8 85 9 4 10 93 11 52 12 49 13 20 14 82 15 50 16 73 17 38 18 6 19 34 20 54
1 96 2 21 3 22 4 29 5 10 6 29 7 78 8 19 9 25 10 57 11 27 12 34 13 20 14 59 15 22 16 83 17 44 18 36 19 60 20 70
1 75 2 91 3 19 4 47 5 46 6 95 7 62 8 37 9 7 10 97 11 14 12 10 13 25 14 20 15 81 16 28 17 77 18 59 19 67 20 96
1 90 2 29 3 13 4 67 5 96 6 73 7 41 8 41 9 46 10 22 11 55 12 79 13 57 14 16 15 46 16 92 17 60 18 91 19 71 20 48
1 40 2 26 3 38 4 89 5 32 6 16 7 99 8 10 9 65 10 4 11 65 12 25 13 88 14 32 15 1 16 53 17 14 18 33 19 29 20 41
1 32 2 20 3 67 4 38 5 57 6 18 7 96 8 20 9 42 10 4 11 84 12 66 13 70 14 48 15 3 16 42 17 18 18 68 19 44 20 7
1 10 2 13 3 6 4 35 5 41 6 91 7 57 8 16 9 69 10 50 11 5 12 71 13 79 14 57 15 2 16 10 17 95 18 13 19 99 20 8
1 46 2 90 3 3 4 26 5 99 6 51 7 67 8 73 9 6 10 19 11 1 12 89 13 61 14 87 15 63 16 55 17 50 18 38 19 65 20 15
1 88 2 1 3 31 4 41 5 4 6 68 7 60 8 79 9 90 10 26 11 10 12 72 13 43 14 13 15 14 16 26 17 56 18 67 19 88 20 44
1 26 2 80 3 62 4 76 5 89 6 9 7 9 8 64 9 3 10 31 11 41 12 35 13 71 14 32 15 74 16 66 17 59 18 73 19 70 20 95
1 80 2 21 3 63 4 38 5 92 6 44 7 95 8 24 9 31 10 35 11 90 12 35 13 17 14 90 15 80 16 12 17 94 18 45 19 61 20 30
1 49 2 84 3 37 4 59 5 32 6 62 7 99 8 67 9 91 10 1 11 94 12 88 13 51 14 19 15 86 16 78 17 8 18 4 19 91 20 61
1 88 2 72 3 5 4 79 5 40 6 45 7 86 8 61 9 7 10 12 11 89 12 44 13 39 14 22 15 55 16 30 17 54 18 16 19 97 20 3
1 68 2 79 3 31 4 66 5 44 6 94 7 68 8 13 9 77 10 84 11 31 12 71 13 49 14 31 15 26 16 75 17 77 18 6 19 11 20 19
1 54 2 7 3 43 4 21 5 75 6 74 7 5 8 63 9 47 10 19 11 50 12 40 13 25 14 61 15 66 16 2 17 67 18 75 19 69 20 85
1 59 2 35 3 66 4 81 5 85 6 4 7 92 8 65 9 89 10 40 11 60 12 10 13 45 14 24 15 64 16 36 17 2 18 97 19 71 20 18
1 1 2 69 3 48 4 55 5 6 6 74 7 41 8 87 9 82 10 6 11 22 12 96 13 89 14 26 15 73 16 25 17 86 18 99 19 76 20 31
1 48 2 71 3 42 4 34 5 92 6 18 7 92 8 95 9 72 10 41 11 5 12 8 13 31 14 17 15 10 16 44 17 92 18 4 19 78 20 18
1 63 2 19 3 4 4 73 5 43 6 37 7 80 8 85 9 64 10 21 11 13 12 8 13 27 14 55 15 39 16 11 17 47 18 82 19 87 20 56
1 34 2 5 3 85 4 57 5 90 6 82 7 42 8 13 9 96 10 76 11 55 12 43 13 96 14 84 15 75 16 22 17 14 18 16 19 24 20 95
1 26 2 42 3 68 4 85 5 79 6 40 7 71 8 91 9 15 10 22 11 50 12 20 13 16 14 24 15 54 16 54 17 57 18 48 19 30 20 40
1 4 2 89 3 20 4 6 5 33 6 54 7 76 8 46 9 71 10 26 11 51 12 18 13 7 14 13 15 18 16 89 17 64 18 56 19 64 20 41
1 16 2 12 3 20 4 11 5 73 6 65 7 97 8 29 9 54 10 87 11 43 12 62 13 74 14 96 15 13 16 44 17 68 18 38 19 36 20 90
1 55 2 7 3 46 4 58 5 31 6 5 7 80 8 62 9 16 10 46 11 70 12 6 13 64 14 97 15 76 16 16 17 50 18 12 19 52 20 33
1 59 2 43 3 72 4 26 5 60 6 36 7 22 8 75 9 15 10 16 11 17 12 32 13 34 14 98 15 60 16 50 17 91 18 95 19 87 20 59
1 84 2 85 3 91 4 89 5 5 6 9 7 76 8 4 9 84 10 18 11 37 12 75 13 83 14 2 15 96 16 53 17 57 18 78 19 24 20 15
1 27 2 36 3 3 4 82 5 20 6 21 7 98 8 26 9 87 10 40 11 37 12 70 13 98 14 48 15 64 16 43 17 82 18 34 19 71 20 54
1 87 2 27 3 11 4 71 5 59 6 67 7 73 8 16 9 69 10 32 11 24 12 12 13 2 14 43 15 91 16 4 17 36 18 50 19 46 20 33
1 94 2 33 3 54 4 25 5 90 6 26 7 52 8 62 9 59 10 48 11 43 12 54 13 57 14 82 15 59 16 85 17 40 18 88 19 64 20 20
1 35 2 37 3 71 4 38 5 88 6 57 7 3 8 62 9 39 10 34 11 37 12 44 13 2 14 27 15 23 16 78 17 93 18 1 19 76 20 71
1 6 2 34 3 72 4 81 5 27 6 14 7 62 8 18 9 95 10 90 11 85 12 12 13 83 14 90 15 6 16 68 17 15 18 74 19 34 20 53
1 11 2 76 3 20 4 85 5 64 6 89 7 93 8 34 9 56 10 78 11 81 12 5 13 60 14 7 15 82 16 42 17 7 18 99 19 32 20 30
1 69 2 6 3 66 4 8 5 62 6 14 7 32 8 84 9 52 10 69 11 87 12 69 13 70 14 42 15 83 16 86 17 55 18 70 19 65 20 84
1 53 2 42 3 42 4 54 5 59 6 85 7 34 8 30 9 3 10 38 11 73 12 22 13 78 14 86 15 63 16 56 17 84 18 8 19 98 20 27
1 31 2 39 3 99 4 94 5 51 6 3 7 76 8 43 9 36 10 63 11 2 12 56 13 72 14 2 15 90 16 1 17 29 18 58 19 83 20 26
1 56 2 27 3 68 4 92 5 69 6 12 7 59 8 11 9 19 10 26 11 67 12 37 13 51 14 84 15 37 16 39 17 36 18 45 19 98 20 16
1 69 2 76 3 38 4 12 5 34 6 78 7 83 8 55 9 60 10 40 11 35 12 54 13 72 14 4 15 96 16 8 17 25 18 69 19 12 20 15
1 47 2 66 3 84 4 93 5 42 6 36 7 47 8 10 9 82 10 24 11 33 12 33 13 76 14 83 15 24 16 31 17 79 18 5 19 81 20 13
1 93 2 65 3 9 4 91 5 17 6 47 7 22 8 84 9 5 10 24 11 2 12 82 13 41 14 44 15 74 16 88 17 13 18 49 19 2 20 42
1 24 2 92 3 68 4 97 5 80 6 52 7 66 8 12 9 74 10 34 11 75 12 92 13 20 14 54 15 95 16 72 17 88 18 22 19 4 20 76
1 35 2 33 3 38 4 87 5 72 6 74 7 7 8 47 9 3 10 57 11 46 12 34 13 11 14 39 15 33 16 52 17 44 18 79 19 67 20 19
1 92 2 58 3 15 4 74 5 20 6 35 7 79 8 46 9 58 10 74 11 94 12 29 13 59 14 82 15 73 16 83 17 35 18 15 19 71 20 90
1 28 2 88 3 70 4 90 5 12 6 61 7 55 8 98 9 26 10 46 11 21 12 75 13 84 14 89 15 57 16 30 17 84 18 81 19 73 20 98
1 80 2 17 3 60 4 39 5 35 6 42 7 91 8 55 9 16 10 92 11 80 12 39 13 81 14 17 15 32 16 32 17 68 18 13 19 25 20 81
1 29 2 40 3 29 4 5 5 35 6 84 7 60 8 86 9 36 10 25 11 66 12 16 13 70 14 6 15 96 16 99 17 73 18 68 19 50 20 86
1 37 2 93 3 85 4 4 5 52 6 26 7 68 8 36 9 67 10 8 11 79 12 2 13 53 14 18 15 9 16 60 17 68 18 10 19 40 20 73
1 41 2 29 3 86 4 99 5 42 6 44 7 40 8 81 9 42 10 77 11 59 12 79 13 5 14 11 15 4 16 22 17 70 18 64 19 86 20 23
1 18 2 16 3 89 4 89 5 2 6 71 7 77 8 74 9 1 10 20 11 76 12 54 13 49 14 73 15 7 16 65 17 10 18 25 19 5 20 28
1 13 2 29 3 61 4 57 5 39 6 24 7 93 8 50 9 35 10 72 11 93 12 12 13 55 14 54 15 69 16 6 17 77 18 17 19 34 20 39
1 83 2 38 3 91 4 33 5 7 6 1 7 65 8 29 9 10 10 58 11 64 12 60 13 22 14 91 15 13 16 75 17 40 18 36 19 25 20 37
1 49 2 74 3 93 4 28 5 52 6 65 7 43 8 49 9 7 10 32 11 51 12 2 13 77 14 54 15 65 16 5 17 98 18 19 19 47 20 20
1 92 2 56 3 31 4 1 5 39 6 76 7 31 8 47 9 83 10 32 11 42 12 89 13 5 14 45 15 25 16 90 17 86 18 58 19 84 20 16
1 27 2 3 3 95 4 61 5 93 6 48 7 59 8 71 9 12 10 10 11 3 12 33 13 79 14 63 15 47 16 27 17 52 18 87 19 83 20 63
1 87 2 97 3 12 4 42 5 84 6 35 7 26 8 19 9 57 10 23 11 38 12 59 13 41 14 66 15 33 16 9 17 27 18 71 19 76 20 16
1 94 2 12 3 77 4 11 5 87 6 68 7 73 8 80 9 28 10 47 11 70 12 17 13 10 14 82 15 45 16 92 17 54 18 97 19 38 20 88
1 12 2 84 3 6 4 35 5 64 6 12 7 21 8 6 9 78 10 83 11 77 12 84 13 12 14 92 15 48 16 79 17 40 18 17 19 74 20 65
1 5 2 15 3 89 4 68 5 70 6 27 7 14 8 95 9 92 10 90 11 67 12 71 13 59 14 93 15 85 16 47 17 71 18 10 19 91 20 15
1 59 2 94 3 29 4 35 5 11 6 90 7 90 8 73 9 79 10 62 11 17 12 63 13 20 14 67 15 97 16 48 17 22 18 49 19 78 20 52
1 85 2 53 3 9 4 22 5 85 6 41 7 83 8 52 9 17 10 64 11 9 12 2 13 96 14 24 15 34 16 66 17 40 18 57 19 97 20 19
1 68 2 44 3 58 4 89 5 17 6 22 7 35 8 59 9 39 10 71 11 41 12 63 13 17 14 45 15 24 16 2 17 81 18 98 19 82 20 69
1 65 2 83 3 48 4 75 5 73 6 20 7 96 8 10 9 74 10 96 11 62 12 48 13 16 14 48 15 19 16 80 17 70 18 54 19 76 20 18
1 48 2 70 3 77 4 11 5 95 6 75 7 98 8 37 9 29 10 22 11 68 12 43 13 93 14 24 15 45 16 77 17 7 18 60 19 49 20 80
1 54 2 70 3 1 4 14 5 16 6 56 7 54 8 41 9 37 10 65 11 50 12 95 13 79 14 46 15 70 16 95 17 55 18 84 19 11 20 45
1 2 2 62 3 7 4 77 5 50 6 3 7 23 8 69 9 27 10 38 11 43 12 74 13 33 14 3 15 38 16 71 17 69 18 5 19 80 20 79
1 28 2 62 3 47 4 38 5 47 6 39 7 70 8 44 9 17 10 93 11 65 12 72 13 34 14 29 15 66 16 62 17 96 18 45 19 72 20 42
1 37 2 85 3 59 4 34 5 35 6 49 7 30 8 25 9 48 10 87 11 91 12 9 13 56 14 55 15 39 16 82 17 61 18 87 19 98 20 50
1 38 2 13 3 75 4 71 5 95 6 14 7 22 8 57 9 26 10 32 11 89 12 27 13 25 14 57 15 32 16 41 17 5 18 46 19 98 20 12
1 29 2 32 3 86 4 56 5 4 6 5 7 94 8 63 9 97 10 75 11 30 12 18 13 38 14 55 15 19 16 3 17 78 18 99 19 39 20 96
1 38 2 95 3 47 4 34 5 66 6 58 7 51 8 64 9 93 10 8 11 86 12 20 13 14 14 63 15 43 16 18 17 84 18 47 19 40 20 21
1 35 2 59 3 84 4 27 5 65 6 47 7 44 8 28 9 48 10 47 11 85 12 62 13 58 14 66 15 87 16 55 17 76 18 94 19 7 20 47
1 56 2 87 3 43 4 28 5 45 6 6 7 96 8 93 9 81 10 17 11 53 12 54 13 50 14 15 15 42 16 25 17 95 18 56 19 84 20 77
1 45 2 40 3 11 4 12 5 59 6 16 7 45 8 37 9 92 10 71 11 63 12 42 13 80 14 61 15 80 16 70 17 16 18 92 19 44 20 16
1 41 2 20 3 80 4 37 5 19 6 82 7 2 8 69 9 98 10 49 11 96 12 9 13 83 14 27 15 77 16 4 17 77 18 56 19 54 20 21
1 66 2 85 3 59 4 39 5 97 6 91 7 15 8 18 9 18 10 12 11 76 12 12 13 88 14 92 15 64 16 15 17 37 18 54 19 57 20 7
1 61 2 83 3 64 4 74 5 29 6 13 7 29 8 93 9 75 10 20 11 84 12 91 13 30 14 53 15 7 16 77 17 41 18 34 19 32 20 90
1 74 2 51 3 58 4 92 5 64 6 13 7 72 8 49 9 69 10 8 11 6 12 29 13 45 14 2 15 98 16 36 17 47 18 73 19 1 20 58
1 47 2 24 3 32 4 30 5 23 6 8 7 40 8 42 9 16 10 29 11 88 12 37 13 20 14 32 15 92 16 91 17 52 18 60 19 51 20 95
1 61 2 28 3 54 4 23 5 89 6 11 7 28 8 20 9 60 10 59 11 5 12 72 13 22 14 59 15 26 16 20 17 24 18 12 19 64 20 87
1 67 2 18 3 70 4 97 5 32 6 76 7 58 8 64 9 99 10 49 11 67 12 10 13 65 14 55 15 82 16 12 17 18 18 91 19 15 20 42
1 67 2 89 3 61 4 96 5 75 6 2 7 23 8 98 9 96 10 42 11 84 12 45 13 95 14 78 15 81 16 19 17 12 18 26 19 73 20 8
1 82 2 98 3 89 4 60 5 23 6 38 7 76 8 35 9 36 10 30 11 61 12 96 13 6 14 21 15 18 16 10 17 19 18 33 19 83 20 69
1 70 2 44 3 88 4 38 5 55 6 62 7 83 8 73 9 3 10 66 11 4 12 51 13 9 14 76 15 52 16 30 17 10 18 32 19 63 20 6
1 68 2 86 3 92 4 14 5 58 6 8 7 39 8 63 9 57 10 59 11 71 12 16 13 68 14 67 15 39 16 54 17 41 18 11 19 78 20 64
1 12 2 36 3 73 4 56 5 6 6 29 7 94 8 77 9 58 10 28 11 42 12 75 13 89 14 92 15 67 16 51 17 87 18 17 19 77 20 17
1 10 2 33 3 80 4 54 5 88 6 79 7 24 8 63 9 82 10 54 11 44 12 19 13 33 14 46 15 19 16 67 17 94 18 1 19 10 20 74
1 75 2 59 3 1 4 60 5 74 6 8 7 86 8 18 9 71 10 85 11 76 12 64 13 61 14 44 15 43 16 89 17 73 18 8 19 64 20 90
1 1 2 68 3 8 4 35 5 19 6 66 7 85 8 33 9 36 10 77 11 71 12 32 13 23 14 48 15 20 16 48 17 51 18 47 19 12 20 32
1 48 2 43 3 47 4 80 5 8 6 17 7 8 8 14 9 41 10 40 11 13 12 12 13 83 14 73 15 20 16 84 17 97 18 87 19 5 20 48
1 82 2 65 3 20 4 38 5 65 6 4 7 54 8 85 9 9 10 23 11 88 12 31 13 98 14 39 15 51 16 15 17 18 18 79 19 19 20 63
1 46 2 55 3 50 4 68 5 91 6 17 7 18 8 75 9 9 10 57 11 33 12 17 13 2 14 88 15 82 16 11 17 88 18 5 19 17 20 54
1 53 2 25 3 65 4 32 5 82 6 60 7 95 8 27 9 50 10 10 11 51 12 26 13 92 14 97 15 44 16 22 17 54 18 41 19 36 20 82
1 92 2 38 3 16 4 26 5 61 6 51 7 38 8 3 9 96 10 18 11 55 12 48 13 63 14 24 15 96 16 67 17 71 18 63 19 93 20 76
1 29 2 14 3 1 4 86 5 72 6 47 7 30 8 95 9 93 10 8 11 91 12 78 13 22 14 29 15 91 16 94 17 29 18 72 19 97 20 90
1 97 2 63 3 2 4 40 5 90 6 78 7 51 8 40 9 22 10 57 11 24 12 46 13 9 14 79 15 29 16 29 17 50 18 8 19 78 20 45
1 12 2 73 3 25 4 9 5 17 6 3 7 94 8 30 9 26 10 5 11 26 12 47 13 66 14 10 15 91 16 53 17 51 18 11 19 66 20 11
1 68 2 70 3 35 4 27 5 5 6 27 7 97 8 94 9 93 10 54 11 55 12 45 13 56 14 38 15 67 16 14 17 64 18 15 19 17 20 93
1 4 2 53 3 96 4 75 5 33 6 38 7 35 8 70 9 20 10 19 11 3 12 43 13 63 14 43 15 46 16 13 17 84 18 68 19 24 20 73
1 83 2 52 3 83 4 57 5 95 6 99 7 91 8 81 9 41 10 15 11 57 12 58 13 60 14 96 15 76 16 98 17 53 18 68 19 36 20 68
1 64 2 22 3 61 4 2 5 77 6 85 7 10 8 30 9 81 10 74 11 47 12 49 13 89 14 82 15 25 16 13 17 38 18 22 19 4 20 84
1 6 2 40 3 27 4 53 5 74 6 86 7 93 8 3 9 78 10 27 11 90 12 38 13 89 14 10 15 81 16 35 17 8 18 79 19 70 20 41
1 29 2 11 3 68 4 66 5 36 6 4 7 35 8 58 9 50 10 73 11 56 12 65 13 31 14 59 15 76 16 47 17 96 18 9 19 64 20 89
1 89 2 82 3 92 4 23 5 4 6 25 7 92 8 83 9 41 10 9 11 76 12 93 13 90 14 20 15 98 16 60 17 72 18 36 19 46 20 93
1 98 2 17 3 17 4 69 5 98 6 7 7 92 8 58 9 35 10 12 11 77 12 63 13 74 14 99 15 13 16 78 17 85 18 37 19 1 20 26
1 83 2 49 3 55 4 12 5 87 6 15 7 78 8 51 9 4 10 12 11 45 12 19 13 8 14 82 15 75 16 62 17 78 18 53 19 64 20 27
1 67 2 99 3 30 4 80 5 59 6 80 7 27 8 91 9 74 10 68 11 6 12 91 13 25 14 82 15 9 16 9 17 22 18 79 19 56 20 74
1 16 2 27 3 86 4 95 5 57 6 55 7 9 8 40 9 30 10 93 11 28 12 65 13 49 14 1 15 56 16 48 17 60 18 10 19 4 20 56
1 70 2 23 3 85 4 29 5 25 6 37 7 17 8 51 9 57 10 11 11 2 12 66 13 15 14 70 15 3 16 35 17 13 18 98 19 25 20 97
1 6 2 69 3 95 4 48 5 34 6 5 7 75 8 56 9 74 10 43 11 67 12 22 13 91 14 37 15 44 16 34 17 84 18 69 19 24 20 58
1 52 2 47 3 16 4 78 5 48 6 26 7 62 8 60 9 75 10 81 11 80 12 31 13 59 14 61 15 73 16 31 17 86 18 91 19 1 20 26
1 29 2 80 3 49 4 33 5 40 6 6 7 9 8 34 9 74 10 3 11 34 12 65 13 45 14 22 15 18 16 11 17 72 18 89 19 75 20 16
1 85 2 12 3 29 4 91 5 20 6 47 7 55 8 57 9 50 10 16 11 32 12 99 13 91 14 61 15 43 16 22 17 67 18 95 19 86 20 48
1 78 2 53 3 85 4 4 5 8 6 10 7 23 8 80 9 36 10 93 11 58 12 96 13 41 14 72 15 56 16 47 17 92 18 28 19 74 20 24
1 4 2 92 3 45 4 68 5 14 6 37 7 30 8 64 9 97 10 81 11 24 12 70 13 63 14 10 15 47 16 5 17 2 18 66 19 51 20 90
1 66 2 98 3 89 4 63 5 62 6 53 7 88 8 66 9 95 10 63 11 55 12 63 13 31 14 11 15 50 16 73 17 50 18 12 19 10 20 2
1 49 2 78 3 17 4 34 5 24 6 22 7 58 8 52 9 8 10 70 11 55 12 71 13 57 14 34 15 6 16 39 17 73 18 85 19 16 20 53
1 56 2 42 3 52 4 10 5 38 6 79 7 34 8 23 9 87 10 27 11 54 12 41 13 24 14 24 15 33 16 70 17 97 18 62 19 80 20 90
1 18 2 27 3 84 4 61 5 9 6 98 7 66 8 2 9 74 10 4 11 47 12 21 13 29 14 84 15 36 16 92 17 83 18 7 19 91 20 73
1 50 2 88 3 44 4 82 5 31 6 15 7 65 8 70 9 21 10 73 11 35 12 96 13 37 14 97 15 40 16 60 17 78 18 90 19 84 20 77
1 25 2 10 3 80 4 41 5 63 6 81 7 1 8 75 9 74 10 99 11 16 12 64 13 51 14 21 15 66 16 27 17 63 18 32 19 87 20 27
1 10 2 68 3 4 4 5 5 95 6 98 7 32 8 71 9 84 10 16 11 40 12 41 13 92 14 67 15 36 16 43 17 45 18 63 19 41 20 48
1 68 2 31 3 54 4 34 5 60 6 18 7 70 8 85 9 18 10 73 11 19 12 2 13 54 14 58 15 95 16 6 17 77 18 53 19 27 20 93
1 79 2 32 3 13 4 4 5 2 6 39 7 25 8 37 9 42 10 73 11 71 12 55 13 96 14 28 15 92 16 47 17 1 18 65 19 1 20 42
1 64 2 58 3 75 4 59 5 15 6 51 7 9 8 86 9 84 10 35 11 2 12 53 13 3 14 6 15 93 16 75 17 48 18 56 19 60 20 20
1 83 2 12 3 55 4 75 5 64 6 7 7 15 8 89 9 35 10 81 11 40 12 68 13 66 14 66 15 75 16 81 17 2 18 62 19 20 20 35
1 17 2 60 3 62 4 55 5 21 6 46 7 71 8 74 9 8 10 11 11 99 12 37 13 13 14 48 15 84 16 92 17 78 18 5 19 7 20 44
1 83 2 21 3 36 4 54 5 38 6 63 7 43 8 26 9 26 10 92 11 99 12 92 13 34 14 73 15 50 16 20 17 52 18 72 19 31 20 97
1 80 2 60 3 59 4 64 5 49 6 71 7 97 8 24 9 97 10 49 11 47 12 83 13 20 14 25 15 13 16 72 17 38 18 9 19 67 20 78
1 86 2 18 3 74 4 92 5 97 6 9 7 97 8 49 9 15 10 88 11 71 12 30 13 85 14 79 15 80 16 36 17 53 18 73 19 53 20 55
