500 20
1 3 2 94 3 39 4 10 5 2 6 66 7 26 8 6 9 83 10 12 11 16 12 52 13 89 14 65 15 48 16 69 17 11 18 39 19 51 20 46
1 50 2 98 3 32 4 91 5 65 6 29 7 48 8 14 9 83 10 20 11 78 12 22 13 89 14 15 15 85 16 60 17 93 18 18 19 6 20 36
1 7 2 99 3 41 4 36 5 81 6 61 7 72 8 59 9 90 10 53 11 5 12 85 13 81 14 65 15 81 16 74 17 62 18 96 19 54 20 63
1 32 2 49 3 76 4 85 5 70 6 13 7 28 8 87 9 64 10 90 11 84 12 31 13 3 14 87 15 89 16 77 17 31 18 79 19 72 20 89
1 48 2 94 3 59 4 20 5 16 6 35 7 44 8 57 9 62 10 73 11 36 12 79 13 79 14 83 15 40 16 35 17 69 18 75 19 71 20 88
1 92 2 13 3 40 4 67 5 27 6 88 7 27 8 89 9 45 10 24 11 89 12 45 13 9 14 90 15 98 16 44 17 26 18 19 19 71 20 29
1 98 2 70 3 62 4 49 5 27 6 28 7 49 8 45 9 90 10 98 11 49 12 82 13 25 14 73 15 54 16 52 17 25 18 80 19 30 20 86
1 70 2 12 3 5 4 69 5 49 6 45 7 9 8 50 9 31 10 8 11 1 12 59 13 56 14 15 15 67 16 87 17 64 18 95 19 16 20 73
1 58 2 40 3 32 4 69 5 5 6 41 7 76 8 77 9 74 10 7 11 33 12 18 13 13 14 8 15 29 16 45 17 81 18 46 19 18 20 55
1 22 2 69 3 28 4 5 5 9 6 65 7 42 8 57 9 25 10 29 11 30 12 90 13 81 14 13 15 84 16 86 17 13 18 7 19 60 20 3
1 72 2 9 3 33 4 43 5 48 6 63 7 98 8 90 9 93 10 4 11 45 12 82 13 37 14 50 15 97 16 26 17 56 18 71 19 82 20 61
1 69 2 37 3 8 4 10 5 12 6 23 7 67 8 1 9 71 10 37 11 99 12 88 13 87 14 36 15 80 16 73 17 35 18 2 19 96 20 61
1 56 2 70 3 68 4 33 5 12 6 43 7 38 8 64 9 81 10 57 11 27 12 51 13 93 14 61 15 92 16 67 17 53 18 39 19 24 20 85
1 11 2 8 3 44 4 47 5 54 6 40 7 11 8 19 9 99 10 81 11 82 12 32 13 2 14 87 15 59 16 55 17 16 18 58 19 18 20 20
1 96 2 14 3 28 4 80 5 37 6 17 7 90 8 39 9 7 10 78 11 65 12 3 13 20 14 14 15 10 16 17 17 29 18 53 19 26 20 56
1 13 2 37 3 86 4 67 5 85 6 38 7 88 8 14 9 65 10 90 11 67 12 29 13 80 14 79 15 39 16 44 17 92 18 46 19 43 20 72
1 75 2 87 3 48 4 85 5 32 6 44 7 60 8 71 9 67 10 40 11 65 12 24 13 56 14 31 15 42 16 32 17 66 18 68 19 80 20 98
1 36 2 3 3 28 4 13 5 47 6 49 7 23 8 49 9 36 10 33 11 71 12 55 13 58 14 83 15 10 16 22 17 85 18 44 19 34 20 64
1 46 2 31 3 9 4 7 5 87 6 36 7 71 8 39 9 68 10 83 11 28 12 6 13 29 14 72 15 52 16 40 17 91 18 49 19 33 20 64
1 43 2 96 3 46 4 11 5 78 6 38 7 69 8 51 9 48 10 89 11 6 12 2 13 71 14 43 15 69 16 47 17 90 18 69 19 56 20 83
1 77 2 51 3 69 4 6 5 69 6 48 7 96 8 62 9 14 10 82 11 12 12 2 13 17 14 3 15 92 16 3 17 83 18 61 19 64 20 5
1 20 2 60 3 15 4 3 5 88 6 43 7 57 8 8 9 48 10 83 11 79 12 51 13 23 14 64 15 9 16 13 17 6 18 19 19 59 20 51
1 31 2 35 3 12 4 33 5 9 6 8 7 18 8 35 9 85 10 73 11 43 12 96 13 97 14 9 15 76 16 77 17 82 18 36 19 4 20 87
1 2 2 64 3 84 4 47 5 29 6 64 7 91 8 47 9 72 10 60 11 60 12 40 13 67 14 81 15 89 16 75 17 84 18 46 19 37 20 50
1 6 2 70 3 47 4 53 5 22 6 80 7 93 8 66 9 39 10 75 11 26 12 33 13 76 14 62 15 6 16 50 17 59 18 27 19 94 20 9
1 7 2 25 3 58 4 38 5 62 6 91 7 40 8 17 9 22 10 22 11 18 12 79 13 11 14 76 15 4 16 61 17 51 18 30 19 26 20 55
1 13 2 35 3 65 4 53 5 82 6 69 7 28 8 93 9 37 10 32 11 51 12 4 13 38 14 7 15 28 16 22 17 77 18 71 19 52 20 46
1 5 2 17 3 48 4 71 5 43 6 15 7 59 8 85 9 31 10 76 11 63 12 6 13 71 14 10 15 83 16 50 17 55 18 6 19 90 20 17
1 7 2 35 3 84 4 85 5 88 6 73 7 5 8 93 9 14 10 13 11 4 12 70 13 74 14 6 15 31 16 74 17 8 18 34 19 74 20 99
1 64 2 35 3 84 4 49 5 97 6 87 7 38 8 13 9 71 10 81 11 83 12 16 13 37 14 58 15 83 16 97 17 55 18 79 19 53 20 90
1 93 2 86 3 58 4 16 5 87 6 65 7 88 8 29 9 43 10 25 11 52 12 24 13 80 14 61 15 28 16 4 17 24 18 53 19 62 20 65
1 82 2 3 3 9 4 46 5 80 6 7 7 52 8 19 9 59 10 96 11 29 12 19 13 32 14 36 15 2 16 16 17 67 18 11 19 16 20 21
1 81 2 16 3 69 4 40 5 65 6 71 7 27 8 23 9 16 10 61 11 19 12 70 13 52 14 8 15 28 16 11 17 6 18 29 19 87 20 93
1 34 2 23 3 20 4 76 5 8 6 15 7 77 8 88 9 41 10 57 11 54 12 20 13 73 14 29 15 91 16 52 17 51 18 96 19 32 20 70
1 17 2 45 3 75 4 7 5 46 6 69 7 95 8 52 9 83 10 1 11 40 12 91 13 46 14 47 15 8 16 39 17 42 18 45 19 87 20 81
1 46 2 77 3 17 4 65 5 25 6 6 7 67 8 98 9 96 10 81 11 71 12 11 13 95 14 39 15 14 16 22 17 84 18 49 19 63 20 46
1 83 2 67 3 49 4 81 5 80 6 86 7 47 8 54 9 29 10 81 11 9 12 81 13 62 14 43 15 11 16 37 17 67 18 90 19 69 20 5
1 87 2 93 3 99 4 14 5 96 6 72 7 81 8 46 9 89 10 30 11 44 12 73 13 34 14 4 15 82 16 81 17 95 18 8 19 12 20 32
1 75 2 76 3 66 4 95 5 83 6 65 7 60 8 40 9 70 10 17 11 67 12 45 13 58 14 84 15 18 16 65 17 73 18 40 19 37 20 33
1 7 2 35 3 9 4 68 5 55 6 73 7 59 8 53 9 7 10 63 11 42 12 86 13 14 14 60 15 87 16 24 17 65 18 15 19 9 20 45
1 10 2 66 3 5 4 74 5 73 6 61 7 34 8 89 9 23 10 77 11 34 12 24 13 51 14 24 15 42 16 65 17 54 18 33 19 98 20 34
1 6 2 43 3 75 4 25 5 24 6 11 7 67 8 33 9 24 10 23 11 47 12 52 13 32 14 97 15 17 16 37 17 98 18 60 19 55 20 10
1 39 2 53 3 94 4 46 5 79 6 50 7 12 8 30 9 76 10 36 11 77 12 21 13 92 14 78 15 24 16 41 17 55 18 22 19 1 20 50
1 81 2 56 3 19 4 33 5 56 6 28 7 38 8 52 9 4 10 43 11 95 12 17 13 81 14 92 15 33 16 43 17 9 18 75 19 39 20 13
1 7 2 73 3 37 4 35 5 26 6 44 7 1 8 58 9 78 10 44 11 20 12 75 13 65 14 7 15 26 16 57 17 39 18 10 19 70 20 39
1 52 2 10 3 51 4 21 5 45 6 53 7 12 8 69 9 87 10 7 11 73 12 97 13 50 14 41 15 1 16 89 17 58 18 82 19 71 20 50
1 86 2 97 3 16 4 59 5 66 6 72 7 27 8 74 9 59 10 45 11 36 12 71 13 37 14 46 15 68 16 97 17 38 18 15 19 52 20 60
1 77 2 11 3 26 4 55 5 41 6 5 7 77 8 38 9 85 10 55 11 53 12 29 13 2 14 10 15 81 16 10 17 83 18 49 19 96 20 15
1 20 2 98 3 69 4 62 5 76 6 47 7 3 8 53 9 34 10 38 11 8 12 99 13 50 14 12 15 89 16 88 17 25 18 2 19 46 20 25
1 31 2 24 3 88 4 9 5 91 6 1 7 1 8 94 9 71 10 74 11 68 12 90 13 79 14 78 15 6 16 14 17 22 18 79 19 49 20 41
1 2 2 4 3 77 4 40 5 9 6 13 7 19 8 80 9 91 10 95 11 63 12 28 13 83 14 73 15 75 16 93 17 97 18 91 19 3 20 89
1 48 2 35 3 76 4 68 5 76 6 10 7 81 8 25 9 96 10 6 11 17 12 43 13 30 14 90 15 91 16 94 17 83 18 67 19 64 20 17
1 9 2 15 3 94 4 49 5 51 6 64 7 30 8 69 9 18 10 95 11 57 12 53 13 33 14 49 15 58 16 94 17 13 18 73 19 20 20 39
1 83 2 95 3 68 4 53 5 32 6 14 7 37 8 10 9 68 10 41 11 26 12 90 13 3 14 92 15 95 16 66 17 14 18 61 19 73 20 18
1 31 2 10 3 87 4 84 5 29 6 61 7 84 8 46 9 33 10 41 11 32 12 45 13 35 14 61 15 33 16 52 17 8 18 93 19 58 20 96
1 92 2 55 3 12 4 88 5 75 6 24 7 24 8 53 9 75 10 5 11 27 12 75 13 16 14 30 15 78 16 70 17 1 18 5 19 55 20 17
1 56 2 73 3 58 4 79 5 74 6 93 7 40 8 53 9 15 10 33 11 75 12 42 13 56 14 95 15 59 16 56 17 96 18 20 19 41 20 77
1 81 2 56 3 57 4 75 5 59 6 30 7 75 8 83 9 72 10 52 11 35 12 92 13 20 14 95 15 40 16 7 17 55 18 31 19 18 20 68
1 71 2 20 3 45 4 34 5 9 6 4 7 54 8 24 9 34 10 43 11 24 12 43 13 96 14 49 15 78 16 56 17 65 18 59 19 65 20 3
1 46 2 51 3 97 4 93 5 18 6 54 7 81 8 84 9 79 10 51 11 21 12 17 13 38 14 62 15 91 16 79 17 41 18 84 19 12 20 31
1 86 2 93 3 12 4 20 5 71 6 96 7 45 8 81 9 69 10 51 11 69 12 40 13 3 14 44 15 71 16 30 17 89 18 92 19 38 20 65
1 91 2 78 3 41 4 33 5 7 6 21 7 17 8 64 9 61 10 8 11 5 12 82 13 20 14 2 15 39 16 13 17 39 18 47 19 50 20 1
1 68 2 50 3 89 4 41 5 25 6 14 7 98 8 58 9 39 10 4 11 60 12 8 13 34 14 55 15 80 16 71 17 23 18 19 19 47 20 75
1 70 2 35 3 65 4 36 5 24 6 76 7 87 8 32 9 93 10 16 11 96 12 31 13 9 14 68 15 47 16 48 17 97 18 32 19 84 20 48
1 43 2 71 3 82 4 4 5 38 6 97 7 83 8 68 9 36 10 32 11 65 12 5 13 6 14 51 15 72 16 36 17 18 18 28 19 57 20 89
1 73 2 10 3 93 4 59 5 66 6 24 7 7 8 74 9 86 10 44 11 95 12 32 13 57 14 33 15 26 16 67 17 6 18 60 19 60 20 88
1 85 2 54 3 55 4 75 5 3 6 72 7 3 8 60 9 3 10 28 11 17 12 56 13 87 14 91 15 38 16 57 17 97 18 48 19 92 20 48
1 81 2 2 3 72 4 68 5 53 6 27 7 75 8 23 9 68 10 33 11 31 12 89 13 49 14 15 15 90 16 79 17 25 18 4 19 44 20 24
1 68 2 67 3 2 4 43 5 80 6 48 7 24 8 71 9 43 10 9 11 41 12 58 13 69 14 67 15 90 16 11 17 70 18 26 19 72 20 14
1 14 2 48 3 22 4 63 5 68 6 3 7 69 8 30 9 22 10 70 11 61 12 56 13 83 14 72 15 17 16 23 17 99 18 57 19 33 20 50
1 56 2 43 3 63 4 57 5 60 6 25 7 45 8 24 9 35 10 84 11 32 12 38 13 45 14 67 15 63 16 16 17 62 18 50 19 48 20 50
1 68 2 39 3 14 4 57 5 52 6 96 7 59 8 65 9 85 10 5 11 89 12 25 13 22 14 75 15 75 16 7 17 18 18 81 19 97 20 15
1 76 2 20 3 97 4 95 5 65 6 34 7 24 8 79 9 87 10 72 11 85 12 4 13 76 14 99 15 10 16 48 17 8 18 73 19 43 20 84
1 38 2 89 3 84 4 55 5 91 6 74 7 18 8 27 9 94 10 77 11 48 12 73 13 6 14 82 15 22 16 89 17 97 18 71 19 7 20 48
1 9 2 42 3 69 4 52 5 67 6 85 7 91 8 87 9 19 10 59 11 26 12 93 13 29 14 98 15 94 16 69 17 27 18 52 19 8 20 62
1 7 2 65 3 9 4 30 5 75 6 3 7 79 8 92 9 65 10 68 11 32 12 68 13 53 14 59 15 33 16 29 17 91 18 20 19 25 20 15
1 65 2 35 3 37 4 68 5 49 6 39 7 68 8 11 9 48 10 60 11 1 12 24 13 76 14 9 15 63 16 69 17 4 18 77 19 72 20 38
1 51 2 73 3 83 4 46 5 23 6 15 7 55 8 12 9 13 10 41 11 43 12 70 13 92 14 75 15 10 16 60 17 61 18 37 19 69 20 45
1 23 2 93 3 26 4 80 5 54 6 79 7 56 8 2 9 88 10 42 11 56 12 25 13 97 14 21 15 72 16 73 17 69 18 60 19 79 20 14
1 99 2 5 3 4 4 73 5 49 6 66 7 81 8 74 9 33 10 14 11 76 12 66 13 78 14 24 15 8 16 6 17 66 18 58 19 48 20 96
1 31 2 9 3 79 4 59 5 12 6 81 7 53 8 96 9 89 10 12 11 57 12 99 13 55 14 28 15 26 16 26 17 22 18 24 19 1 20 75
1 64 2 13 3 94 4 95 5 15 6 3 7 30 8 76 9 18 10 66 11 15 12 10 13 10 14 51 15 59 16 56 17 88 18 63 19 34 20 33
1 98 2 41 3 98 4 99 5 3 6 87 7 29 8 19 9 46 10 43 11 22 12 51 13 93 14 21 15 90 16 64 17 44 18 21 19 58 20 2
1 47 2 16 3 60 4 32 5 18 6 56 7 33 8 82 9 80 10 13 11 72 12 6 13 7 14 52 15 70 16 18 17 71 18 56 19 73 20 91
1 95 2 20 3 54 4 10 5 72 6 26 7 29 8 52 9 21 10 95 11 12 12 2 13 70 14 9 15 7 16 47 17 42 18 17 19 90 20 58
1 83 2 18 3 43 4 95 5 75 6 21 7 76 8 90 9 8 10 33 11 57 12 58 13 42 14 80 15 71 16 81 17 75 18 28 19 3 20 44
1 94 2 58 3 47 4 4 5 87 6 74 7 38 8 53 9 67 10 21 11 70 12 84 13 83 14 16 15 7 16 78 17 64 18 38 19 99 20 17
1 45 2 40 3 29 4 79 5 17 6 95 7 74 8 82 9 26 10 53 11 78 12 82 13 30 14 55 15 66 16 50 17 76 18 16 19 60 20 44
1 87 2 4 3 25 4 20 5 69 6 87 7 84 8 26 9 20 10 22 11 8 12 10 13 65 14 62 15 72 16 9 17 30 18 52 19 21 20 37
1 84 2 45 3 18 4 46 5 5 6 5 7 94 8 94 9 93 10 16 11 45 12 82 13 25 14 36 15 54 16 28 17 15 18 85 19 79 20 34
1 24 2 25 3 46 4 99 5 82 6 32 7 63 8 7 9 15 10 58 11 34 12 69 13 82 14 89 15 95 16 63 17 6 18 66 19 81 20 93
1 52 2 74 3 91 4 46 5 7 6 84 7 34 8 88 9 69 10 56 11 56 12 91 13 86 14 57 15 7 16 4 17 89 18 70 19 88 20 99
1 60 2 47 3 4 4 37 5 20 6 81 7 60 8 72 9 87 10 21 11 3 12 54 13 52 14 82 15 49 16 10 17 29 18 50 19 10 20 9
1 60 2 89 3 90 4 35 5 41 6 87 7 50 8 73 9 57 10 92 11 17 12 65 13 12 14 24 15 22 16 13 17 19 18 16 19 71 20 68
1 15 2 19 3 21 4 40 5 86 6 68 7 22 8 78 9 85 10 83 11 13 12 16 13 2 14 55 15 75 16 18 17 68 18 9 19 10 20 90
1 77 2 11 3 86 4 41 5 15 6 36 7 13 8 6 9 33 10 75 11 64 12 1 13 95 14 32 15 61 16 18 17 63 18 90 19 5 20 31
1 72 2 60 3 57 4 69 5 2 6 55 7 36 8 68 9 2 10 50 11 92 12 8 13 69 14 51 15 50 16 62 17 92 18 77 19 75 20 92
1 61 2 39 3 3 4 81 5 44 6 73 7 94 8 71 9 74 10 19 11 87 12 81 13 61 14 86 15 65 16 19 17 68 18 41 19 94 20 14
1 93 2 84 3 3 4 40 5 29 6 96 7 61 8 23 9 73 10 19 11 46 12 85 13 78 14 47 15 54 16 53 17 43 18 90 19 50 20 21
1 52 2 73 3 49 4 80 5 12 6 86 7 12 8 55 9 3 10 80 11 70 12 88 13 57 14 4 15 95 16 21 17 20 18 3 19 99 20 81
1 3 2 50 3 40 4 99 5 69 6 28 7 92 8 41 9 26 10 54 11 81 12 87 13 28 14 18 15 28 16 62 17 12 18 38 19 68 20 2
1 55 2 10 3 65 4 81 5 29 6 11 7 12 8 99 9 59 10 22 11 2 12 51 13 96 14 43 15 26 16 67 17 32 18 26 19 82 20 1
1 96 2 43 3 39 4 85 5 19 6 70 7 71 8 59 9 86 10 65 11 24 12 26 13 92 14 36 15 19 16 18 17 69 18 9 19 14 20 58
1 99 2 88 3 40 4 32 5 95 6 5 7 35 8 47 9 90 10 63 11 42 12 77 13 8 14 15 15 30 16 60 17 50 18 17 19 14 20 82
1 80 2 55 3 34 4 37 5 6 6 47 7 48 8 31 9 57 10 19 11 72 12 4 13 86 14 61 15 43 16 74 17 54 18 22 19 86 20 68
1 95 2 64 3 69 4 46 5 94 6 79 7 60 8 65 9 3 10 45 11 44 12 31 13 15 14 25 15 75 16 69 17 15 18 27 19 55 20 13
1 30 2 44 3 98 4 45 5 1 6 91 7 50 8 21 9 90 10 26 11 29 12 30 13 64 14 76 15 18 16 93 17 52 18 11 19 16 20 99
1 10 2 6 3 56 4 18 5 56 6 79 7 48 8 25 9 86 10 29 11 2 12 46 13 28 14 24 15 37 16 50 17 64 18 7 19 14 20 90
1 57 2 85 3 10 4 25 5 49 6 11 7 50 8 51 9 14 10 96 11 15 12 52 13 75 14 41 15 84 16 34 17 48 18 58 19 84 20 38
1 98 2 89 3 19 4 8 5 82 6 36 7 97 8 93 9 86 10 91 11 75 12 57 13 12 14 45 15 6 16 56 17 68 18 34 19 45 20 53
1 91 2 62 3 45 4 98 5 91 6 50 7 25 8 95 9 33 10 18 11 19 12 61 13 76 14 10 15 62 16 43 17 30 18 95 19 14 20 27
1 90 2 48 3 84 4 3 5 98 6 77 7 17 8 49 9 94 10 88 11 2 12 31 13 42 14 22 15 32 16 74 17 72 18 37 19 96 20 45
1 38 2 49 3 11 4 13 5 7 6 35 7 43 8 42 9 46 10 91 11 84 12 99 13 96 14 63 15 87 16 84 17 46 18 2 19 28 20 59
1 62 2 80 3 72 4 14 5 36 6 77 7 25 8 86 9 80 10 21 11 9 12 8 13 19 14 26 15 54 16 64 17 9 18 8 19 91 20 68
1 60 2 93 3 37 4 94 5 16 6 28 7 13 8 85 9 49 10 69 11 32 12 24 13 55 14 66 15 35 16 51 17 83 18 99 19 3 20 47
1 42 2 36 3 64 4 97 5 56 6 76 7 78 8 94 9 46 10 96 11 28 12 56 13 86 14 83 15 31 16 75 17 54 18 3 19 59 20 41
1 5 2 80 3 52 4 39 5 62 6 42 7 36 8 53 9 97 10 3 11 16 12 10 13 44 14 39 15 29 16 37 17 86 18 61 19 48 20 67
1 73 2 51 3 9 4 66 5 53 6 30 7 97 8 87 9 19 10 34 11 52 12 80 13 14 14 71 15 31 16 23 17 31 18 67 19 47 20 97
1 31 2 11 3 58 4 10 5 7 6 32 7 89 8 50 9 91 10 65 11 18 12 69 13 74 14 75 15 14 16 6 17 82 18 81 19 70 20 4
1 17 2 87 3 34 4 55 5 24 6 85 7 46 8 41 9 57 10 88 11 25 12 99 13 32 14 80 15 95 16 97 17 59 18 66 19 77 20 82
1 72 2 18 3 37 4 67 5 77 6 63 7 10 8 93 9 32 10 86 11 57 12 42 13 77 14 23 15 17 16 98 17 93 18 83 19 72 20 2
1 95 2 85 3 70 4 18 5 25 6 31 7 84 8 92 9 84 10 41 11 5 12 76 13 7 14 16 15 45 16 92 17 38 18 78 19 55 20 45
1 32 2 29 3 53 4 45 5 98 6 79 7 42 8 24 9 11 10 39 11 60 12 33 13 82 14 14 15 97 16 26 17 16 18 70 19 47 20 64
1 24 2 15 3 98 4 67 5 18 6 50 7 34 8 43 9 93 10 89 11 46 12 17 13 44 14 29 15 19 16 33 17 22 18 51 19 2 20 26
1 41 2 83 3 40 4 28 5 84 6 55 7 74 8 34 9 78 10 5 11 27 12 85 13 98 14 47 15 56 16 99 17 78 18 5 19 14 20 41
1 65 2 83 3 85 4 52 5 19 6 65 7 52 8 98 9 52 10 81 11 9 12 29 13 73 14 45 15 81 16 95 17 3 18 38 19 56 20 70
1 32 2 4 3 26 4 1 5 15 6 91 7 87 8 97 9 97 10 45 11 36 12 76 13 70 14 53 15 36 16 86 17 52 18 18 19 74 20 31
1 69 2 79 3 67 4 19 5 77 6 37 7 93 8 13 9 34 10 11 11 89 12 92 13 11 14 57 15 96 16 15 17 25 18 91 19 89 20 42
1 28 2 32 3 71 4 21 5 42 6 75 7 90 8 5 9 6 10 37 11 19 12 3 13 2 14 27 15 29 16 23 17 91 18 10 19 61 20 18
1 31 2 33 3 18 4 45 5 35 6 6 7 58 8 91 9 44 10 18 11 79 12 73 13 1 14 68 15 37 16 35 17 98 18 49 19 96 20 98
1 82 2 58 3 16 4 80 5 29 6 57 7 94 8 62 9 67 10 73 11 31 12 90 13 19 14 34 15 10 16 74 17 52 18 86 19 82 20 29
1 9 2 34 3 59 4 13 5 77 6 78 7 54 8 51 9 77 10 83 11 51 12 51 13 27 14 73 15 18 16 79 17 71 18 85 19 22 20 24
1 3 2 33 3 54 4 49 5 65 6 59 7 39 8 35 9 29 10 51 11 2 12 90 13 93 14 58 15 58 16 16 17 33 18 56 19 10 20 7
1 49 2 78 3 83 4 49 5 97 6 73 7 14 8 92 9 1 10 27 11 22 12 73 13 96 14 33 15 79 16 40 17 27 18 19 19 85 20 63
1 15 2 45 3 46 4 35 5 21 6 5 7 16 8 11 9 94 10 79 11 15 12 47 13 19 14 42 15 31 16 1 17 14 18 26 19 43 20 40
1 58 2 85 3 33 4 6 5 87 6 57 7 87 8 4 9 87 10 48 11 29 12 15 13 76 14 32 15 75 16 56 17 78 18 39 19 56 20 63
1 56 2 75 3 15 4 3 5 30 6 44 7 87 8 79 9 84 10 84 11 50 12 76 13 25 14 91 15 57 16 75 17 17 18 13 19 38 20 86
1 86 2 76 3 85 4 23 5 47 6 46 7 59 8 25 9 49 10 98 11 98 12 43 13 94 14 12 15 79 16 88 17 44 18 84 19 97 20 19
1 76 2 73 3 35 4 62 5 20 6 35 7 82 8 13 9 92 10 30 11 41 12 98 13 77 14 76 15 58 16 8 17 12 18 16 19 7 20 88
1 22 2 5 3 15 4 97 5 69 6 28 7 79 8 32 9 34 10 66 11 81 12 77 13 60 14 32 15 76 16 86 17 93 18 12 19 21 20 48
1 7 2 69 3 60 4 66 5 11 6 92 7 84 8 52 9 1 10 70 11 38 12 88 13 60 14 6 15 39 16 16 17 67 18 29 19 60 20 34
1 43 2 22 3 14 4 71 5 78 6 44 7 30 8 54 9 42 10 73 11 50 12 94 13 69 14 66 15 99 16 54 17 39 18 67 19 19 20 6
1 64 2 91 3 5 4 14 5 48 6 71 7 77 8 67 9 22 10 59 11 70 12 60 13 4 14 46 15 19 16 98 17 51 18 94 19 8 20 74
1 10 2 97 3 41 4 61 5 96 6 29 7 34 8 53 9 23 10 12 11 14 12 40 13 20 14 11 15 99 16 74 17 74 18 57 19 67 20 83
1 15 2 51 3 52 4 76 5 13 6 50 7 59 8 44 9 86 10 58 11 74 12 28 13 17 14 13 15 31 16 18 17 37 18 88 19 11 20 21
1 43 2 65 3 89 4 87 5 29 6 3 7 58 8 26 9 87 10 13 11 65 12 65 13 3 14 65 15 1 16 30 17 93 18 77 19 19 20 88
1 33 2 97 3 83 4 49 5 87 6 6 7 95 8 24 9 52 10 55 11 8 12 98 13 81 14 1 15 97 16 94 17 19 18 29 19 58 20 48
1 49 2 52 3 29 4 43 5 86 6 57 7 91 8 86 9 79 10 74 11 48 12 25 13 56 14 7 15 48 16 17 17 26 18 3 19 83 20 17
1 69 2 38 3 34 4 69 5 55 6 24 7 27 8 25 9 50 10 55 11 42 12 54 13 27 14 24 15 73 16 96 17 79 18 10 19 45 20 46
1 60 2 82 3 79 4 9 5 30 6 95 7 92 8 7 9 90 10 1 11 16 12 92 13 39 14 61 15 14 16 77 17 56 18 43 19 54 20 75
1 72 2 6 3 6 4 43 5 62 6 89 7 2 8 66 9 17 10 28 11 88 12 89 13 82 14 31 15 30 16 96 17 53 18 98 19 77 20 61
1 66 2 26 3 43 4 49 5 43 6 12 7 17 8 92 9 12 10 96 11 45 12 22 13 41 14 86 15 13 16 62 17 44 18 10 19 73 20 3
1 54 2 24 3 56 4 21 5 33 6 17 7 50 8 68 9 44 10 39 11 87 12 69 13 23 14 14 15 46 16 29 17 80 18 32 19 70 20 42
1 55 2 75 3 24 4 34 5 87 6 71 7 80 8 37 9 35 10 90 11 42 12 38 13 45 14 60 15 39 16 93 17 92 18 35 19 47 20 57
1 63 2 46 3 68 4 14 5 31 6 30 7 86 8 82 9 24 10 89 11 57 12 68 13 16 14 93 15 80 16 74 17 72 18 9 19 95 20 45
1 83 2 40 3 32 4 90 5 13 6 88 7 74 8 67 9 63 10 4 11 70 12 87 13 72 14 38 15 48 16 91 17 60 18 31 19 99 20 52
1 8 2 91 3 5 4 59 5 92 6 25 7 42 8 2 9 68 10 89 11 23 12 3 13 45 14 94 15 53 16 91 17 46 18 34 19 54 20 28
1 9 2 48 3 54 4 12 5 58 6 52 7 27 8 21 9 84 10 19 11 91 12 17 13 37 14 85 15 76 16 72 17 26 18 10 19 58 20 27
1 13 2 59 3 42 4 72 5 71 6 94 7 39 8 77 9 3 10 12 11 23 12 83 13 20 14 71 15 48 16 81 17 62 18 49 19 41 20 11
1 75 2 23 3 94 4 74 5 64 6 17 7 81 8 83 9 98 10 2 11 67 12 95 13 51 14 93 15 41 16 99 17 36 18 95 19 10 20 90
1 92 2 31 3 39 4 85 5 33 6 22 7 61 8 39 9 44 10 30 11 21 12 71 13 21 14 52 15 9 16 75 17 25 18 76 19 56 20 24
1 62 2 39 3 18 4 44 5 99 6 54 7 95 8 66 9 98 10 50 11 85 12 64 13 41 14 50 15 26 16 78 17 54 18 21 19 47 20 76
1 14 2 28 3 73 4 56 5 42 6 24 7 63 8 34 9 35 10 77 11 28 12 71 13 37 14 43 15 22 16 53 17 44 18 95 19 50 20 3
1 56 2 81 3 37 4 60 5 50 6 68 7 56 8 19 9 52 10 46 11 69 12 32 13 46 14 57 15 30 16 60 17 56 18 16 19 64 20 87
1 78 2 80 3 29 4 70 5 83 6 59 7 48 8 20 9 19 10 52 11 94 12 20 13 63 14 60 15 7 16 8 17 33 18 58 19 70 20 69
1 10 2 62 3 28 4 30 5 84 6 99 7 49 8 61 9 56 10 45 11 52 12 21 13 50 14 92 15 13 16 33 17 30 18 38 19 71 20 14
1 74 2 61 3 98 4 18 5 10 6 78 7 39 8 66 9 74 10 42 11 89 12 24 13 32 14 27 15 39 16 52 17 99 18 11 19 38 20 96
1 98 2 22 3 39 4 19 5 52 6 84 7 86 8 1 9 15 10 29 11 61 12 69 13 31 14 38 15 21 16 15 17 99 18 14 19 95 20 38
1 4 2 33 3 67 4 88 5 48 6 19 7 40 8 32 9 59 10 94 11 71 12 10 13 17 14 25 15 50 16 81 17 76 18 65 19 18 20 31
1 25 2 88 3 83 4 90 5 85 6 98 7 96 8 65 9 19 10 96 11 2 12 6 13 11 14 19 15 14 16 72 17 56 18 16 19 71 20 26
1 50 2 29 3 39 4 66 5 58 6 69 7 54 8 84 9 39 10 93 11 16 12 28 13 3 14 30 15 67 16 18 17 66 18 18 19 47 20 78
1 41 2 69 3 88 4 92 5 42 6 12 7 34 8 42 9 98 10 86 11 43 12 12 13 54 14 13 15 92 16 56 17 52 18 60 19 49 20 40
1 47 2 71 3 94 4 82 5 22 6 57 7 12 8 6 9 5 10 97 11 1 12 30 13 34 14 47 15 29 16 11 17 61 18 80 19 57 20 33
1 59 2 10 3 90 4 89 5 61 6 45 7 30 8 13 9 60 10 73 11 58 12 93 13 5 14 29 15 9 16 70 17 63 18 50 19 7 20 83
1 60 2 44 3 32 4 20 5 60 6 27 7 42 8 81 9 31 10 23 11 95 12 6 13 49 14 34 15 56 16 7 17 92 18 95 19 90 20 13
1 74 2 53 3 6 4 11 5 29 6 39 7 99 8 41 9 33 10 48 11 7 12 34 13 30 14 57 15 97 16 64 17 30 18 80 19 71 20 32
1 64 2 4 3 49 4 81 5 65 6 15 7 65 8 63 9 1 10 66 11 17 12 62 13 36 14 54 15 73 16 90 17 34 18 97 19 71 20 88
1 36 2 88 3 12 4 11 5 86 6 49 7 90 8 48 9 74 10 19 11 31 12 21 13 69 14 73 15 81 16 49 17 4 18 68 19 23 20 78
1 86 2 3 3 95 4 48 5 28 6 8 7 66 8 72 9 77 10 80 11 75 12 50 13 32 14 60 15 24 16 40 17 92 18 23 19 22 20 70
1 74 2 48 3 84 4 84 5 5 6 51 7 10 8 45 9 9 10 75 11 43 12 44 13 2 14 17 15 90 16 95 17 61 18 42 19 3 20 70
1 38 2 62 3 20 4 96 5 84 6 1 7 75 8 22 9 5 10 63 11 60 12 50 13 97 14 19 15 47 16 55 17 7 18 82 19 87 20 20
1 64 2 29 3 36 4 20 5 80 6 26 7 2 8 45 9 2 10 50 11 63 12 26 13 78 14 58 15 85 16 26 17 80 18 52 19 90 20 13
1 98 2 69 3 49 4 5 5 88 6 7 7 82 8 25 9 46 10 92 11 3 12 10 13 49 14 31 15 80 16 89 17 43 18 44 19 84 20 89
1 23 2 42 3 63 4 66 5 39 6 88 7 78 8 53 9 4 10 76 11 56 12 97 13 93 14 96 15 59 16 77 17 62 18 28 19 88 20 19
1 80 2 88 3 79 4 63 5 14 6 20 7 82 8 94 9 46 10 36 11 21 12 50 13 62 14 60 15 16 16 93 17 89 18 17 19 29 20 39
1 38 2 90 3 11 4 35 5 35 6 2 7 45 8 87 9 69 10 83 11 55 12 49 13 66 14 99 15 51 16 65 17 6 18 72 19 96 20 1
1 59 2 93 3 88 4 85 5 15 6 2 7 59 8 41 9 85 10 69 11 24 12 47 13 99 14 15 15 44 16 94 17 69 18 67 19 84 20 50
1 23 2 94 3 24 4 87 5 83 6 10 7 27 8 66 9 37 10 3 11 43 12 18 13 51 14 39 15 35 16 62 17 17 18 45 19 58 20 18
1 48 2 27 3 73 4 70 5 11 6 48 7 60 8 13 9 89 10 24 11 57 12 84 13 80 14 75 15 6 16 6 17 82 18 33 19 75 20 37
1 95 2 11 3 38 4 78 5 50 6 94 7 69 8 37 9 98 10 88 11 22 12 63 13 77 14 2 15 2 16 75 17 76 18 57 19 85 20 4
1 83 2 41 3 18 4 7 5 4 6 46 7 62 8 43 9 70 10 60 11 62 12 88 13 10 14 42 15 59 16 37 17 57 18 73 19 77 20 23
1 43 2 31 3 49 4 40 5 77 6 84 7 92 8 59 9 48 10 62 11 1 12 61 13 48 14 72 15 82 16 53 17 10 18 27 19 86 20 50
1 62 2 71 3 75 4 12 5 13 6 91 7 1 8 83 9 99 10 54 11 79 12 98 13 52 14 50 15 85 16 81 17 90 18 6 19 20 20 50
1 59 2 75 3 29 4 50 5 60 6 51 7 50 8 99 9 89 10 73 11 31 12 22 13 12 14 90 15 1 16 94 17 93 18 63 19 48 20 54
1 50 2 84 3 23 4 60 5 68 6 14 7 50 8 20 9 50 10 80 11 40 12 5 13 46 14 28 15 80 16 42 17 22 18 15 19 39 20 55
1 56 2 78 3 68 4 30 5 57 6 43 7 10 8 20 9 60 10 17 11 53 12 65 13 21 14 37 15 57 16 73 17 17 18 22 19 65 20 56
1 65 2 29 3 70 4 52 5 62 6 11 7 23 8 32 9 72 10 41 11 9 12 13 13 58 14 1 15 37 16 83 17 65 18 48 19 6 20 68
1 90 2 8 3 35 4 47 5 17 6 10 7 7 8 89 9 76 10 28 11 47 12 60 13 41 14 68 15 44 16 24 17 64 18 75 19 9 20 54
1 23 2 47 3 85 4 96 5 82 6 15 7 75 8 75 9 23 10 36 11 14 12 61 13 76 14 33 15 58 16 6 17 87 18 44 19 4 20 90
1 74 2 4 3 84 4 61 5 10 6 54 7 29 8 19 9 27 10 40 11 19 12 81 13 92 14 61 15 76 16 50 17 10 18 42 19 26 20 47
1 37 2 13 3 97 4 98 5 79 6 86 7 90 8 1 9 59 10 67 11 26 12 59 13 23 14 47 15 27 16 8 17 92 18 34 19 45 20 98
1 56 2 42 3 95 4 32 5 97 6 82 7 23 8 38 9 31 10 54 11 69 12 59 13 24 14 69 15 20 16 87 17 12 18 92 19 48 20 59
1 15 2 50 3 41 4 33 5 90 6 37 7 57 8 11 9 89 10 27 11 32 12 58 13 94 14 19 15 32 16 6 17 10 18 21 19 31 20 65
1 45 2 34 3 70 4 5 5 9 6 9 7 41 8 34 9 27 10 35 11 51 12 44 13 53 14 43 15 92 16 86 17 4 18 30 19 38 20 77
1 93 2 26 3 27 4 82 5 65 6 11 7 69 8 5 9 9 10 33 11 60 12 83 13 21 14 85 15 79 16 91 17 73 18 43 19 47 20 7
1 45 2 90 3 5 4 49 5 76 6 54 7 69 8 2 9 19 10 39 11 80 12 98 13 18 14 94 15 77 16 76 17 73 18 79 19 15 20 83
1 4 2 7 3 95 4 3 5 13 6 90 7 21 8 73 9 56 10 15 11 92 12 70 13 5 14 30 15 17 16 77 17 20 18 35 19 81 20 82
1 65 2 10 3 30 4 90 5 74 6 8 7 38 8 4 9 60 10 34 11 49 12 43 13 88 14 23 15 4 16 56 17 52 18 42 19 61 20 3
1 98 2 78 3 91 4 48 5 63 6 80 7 65 8 41 9 64 10 94 11 41 12 44 13 65 14 6 15 63 16 88 17 33 18 33 19 61 20 98
1 72 2 4 3 53 4 16 5 13 6 77 7 51 8 52 9 87 10 42 11 10 12 43 13 27 14 14 15 91 16 12 17 67 18 32 19 30 20 63
1 40 2 46 3 21 4 46 5 93 6 78 7 3 8 12 9 83 10 96 11 50 12 1 13 45 14 34 15 76 16 55 17 85 18 31 19 54 20 40
1 98 2 91 3 4 4 73 5 75 6 8 7 8 8 26 9 26 10 73 11 34 12 68 13 51 14 76 15 71 16 29 17 10 18 27 19 90 20 27
1 84 2 50 3 94 4 12 5 43 6 87 7 35 8 89 9 92 10 87 11 96 12 98 13 5 14 63 15 16 16 18 17 78 18 54 19 7 20 44
1 38 2 15 3 33 4 64 5 81 6 77 7 95 8 15 9 51 10 16 11 37 12 79 13 21 14 41 15 47 16 43 17 31 18 45 19 12 20 86
1 46 2 91 3 80 4 47 5 12 6 68 7 64 8 71 9 85 10 41 11 88 12 67 13 39 14 81 15 92 16 20 17 81 18 86 19 88 20 23
1 55 2 46 3 51 4 26 5 67 6 75 7 7 8 87 9 82 10 59 11 54 12 66 13 18 14 54 15 78 16 38 17 21 18 97 19 66 20 81
1 45 2 88 3 5 4 55 5 42 6 72 7 97 8 80 9 42 10 29 11 2 12 10 13 65 14 39 15 59 16 76 17 49 18 30 19 82 20 88
1 63 2 78 3 11 4 4 5 28 6 84 7 8 8 57 9 36 10 83 11 56 12 16 13 80 14 1 15 99 16 64 17 53 18 43 19 56 20 50
1 50 2 87 3 21 4 93 5 38 6 74 7 53 8 28 9 83 10 35 11 8 12 54 13 84 14 82 15 35 16 9 17 73 18 63 19 87 20 75
1 43 2 83 3 34 4 71 5 70 6 38 7 87 8 93 9 16 10 21 11 48 12 33 13 44 14 74 15 10 16 60 17 97 18 54 19 28 20 72
1 85 2 28 3 9 4 59 5 76 6 21 7 11 8 43 9 61 10 2 11 46 12 78 13 29 14 18 15 89 16 79 17 9 18 41 19 24 20 15
1 71 2 91 3 63 4 70 5 1 6 61 7 58 8 26 9 18 10 83 11 54 12 7 13 65 14 23 15 67 16 30 17 24 18 45 19 95 20 38
1 39 2 17 3 17 4 60 5 68 6 45 7 20 8 62 9 26 10 74 11 68 12 27 13 92 14 43 15 22 16 41 17 89 18 6 19 27 20 39
1 2 2 99 3 4 4 72 5 67 6 23 7 25 8 68 9 25 10 98 11 29 12 36 13 84 14 82 15 66 16 93 17 79 18 78 19 58 20 28
1 64 2 35 3 72 4 24 5 91 6 95 7 73 8 88 9 34 10 84 11 25 12 15 13 49 14 82 15 18 16 3 17 72 18 22 19 82 20 19
1 39 2 63 3 87 4 30 5 8 6 86 7 71 8 42 9 27 10 83 11 16 12 80 13 64 14 29 15 63 16 32 17 41 18 77 19 12 20 93
1 97 2 61 3 89 4 44 5 73 6 92 7 4 8 84 9 72 10 44 11 98 12 35 13 69 14 4 15 37 16 60 17 85 18 70 19 30 20 26
1 34 2 61 3 55 4 10 5 72 6 45 7 63 8 18 9 30 10 54 11 71 12 33 13 12 14 89 15 82 16 34 17 8 18 23 19 67 20 84
1 16 2 66 3 90 4 71 5 48 6 45 7 99 8 14 9 74 10 59 11 46 12 62 13 72 14 97 15 30 16 53 17 30 18 47 19 79 20 41
1 73 2 81 3 22 4 37 5 23 6 92 7 17 8 28 9 73 10 15 11 19 12 76 13 5 14 27 15 7 16 69 17 62 18 26 19 19 20 60
1 81 2 58 3 24 4 25 5 78 6 43 7 73 8 83 9 84 10 59 11 34 12 89 13 1 14 7 15 21 16 93 17 51 18 7 19 23 20 61
1 81 2 69 3 84 4 47 5 92 6 26 7 85 8 98 9 38 10 25 11 90 12 43 13 16 14 8 15 99 16 50 17 98 18 40 19 10 20 31
1 6 2 63 3 20 4 17 5 5 6 12 7 88 8 37 9 64 10 44 11 87 12 26 13 97 14 91 15 37 16 84 17 64 18 7 19 52 20 34
1 19 2 61 3 21 4 96 5 88 6 41 7 52 8 63 9 70 10 28 11 85 12 80 13 88 14 57 15 9 16 67 17 10 18 60 19 31 20 44
1 70 2 23 3 41 4 73 5 75 6 43 7 12 8 15 9 79 10 4 11 30 12 94 13 73 14 26 15 34 16 97 17 22 18 28 19 57 20 69
1 49 2 75 3 57 4 60 5 18 6 88 7 14 8 86 9 5 10 23 11 14 12 70 13 73 14 70 15 9 16 34 17 22 18 98 19 83 20 89
1 91 2 43 3 25 4 87 5 12 6 54 7 29 8 16 9 58 10 20 11 64 12 18 13 25 14 95 15 92 16 16 17 94 18 94 19 30 20 62
1 25 2 35 3 68 4 40 5 77 6 67 7 17 8 46 9 21 10 91 11 58 12 8 13 82 14 85 15 7 16 50 17 77 18 88 19 46 20 79
1 41 2 99 3 10 4 25 5 22 6 11 7 6 8 67 9 83 10 63 11 96 12 81 13 54 14 58 15 67 16 15 17 22 18 68 19 87 20 38
1 98 2 31 3 41 4 55 5 76 6 19 7 3 8 12 9 45 10 59 11 82 12 19 13 11 14 84 15 90 16 52 17 4 18 13 19 42 20 34
1 87 2 73 3 13 4 3 5 20 6 2 7 99 8 27 9 28 10 18 11 69 12 13 13 70 14 1 15 92 16 37 17 44 18 77 19 91 20 23
1 34 2 68 3 37 4 19 5 29 6 95 7 93 8 37 9 49 10 35 11 72 12 18 13 6 14 93 15 58 16 71 17 58 18 66 19 5 20 85
1 19 2 29 3 15 4 46 5 76 6 48 7 84 8 97 9 90 10 89 11 98 12 2 13 24 14 95 15 75 16 31 17 7 18 50 19 58 20 16
1 39 2 23 3 32 4 62 5 60 6 13 7 36 8 2 9 84 10 54 11 70 12 79 13 58 14 48 15 11 16 12 17 41 18 69 19 78 20 73
1 56 2 2 3 45 4 29 5 78 6 10 7 15 8 98 9 67 10 19 11 93 12 24 13 91 14 76 15 11 16 32 17 32 18 18 19 32 20 33
1 27 2 92 3 58 4 77 5 59 6 51 7 5 8 41 9 79 10 26 11 40 12 28 13 26 14 34 15 87 16 39 17 99 18 18 19 28 20 41
1 98 2 81 3 43 4 40 5 89 6 3 7 9 8 80 9 13 10 16 11 79 12 40 13 49 14 48 15 62 16 56 17 21 18 83 19 3 20 34
1 67 2 68 3 67 4 77 5 92 6 34 7 96 8 1 9 34 10 6 11 34 12 99 13 32 14 98 15 48 16 8 17 14 18 57 19 12 20 70
1 67 2 18 3 82 4 1 5 79 6 26 7 12 8 28 9 48 10 3 11 65 12 49 13 67 14 87 15 74 16 85 17 2 18 99 19 12 20 17
1 5 2 22 3 51 4 94 5 69 6 47 7 50 8 97 9 30 10 14 11 1 12 88 13 56 14 78 15 74 16 70 17 66 18 41 19 77 20 64
1 55 2 67 3 45 4 76 5 37 6 91 7 20 8 46 9 36 10 34 11 68 12 60 13 61 14 44 15 92 16 47 17 92 18 36 19 64 20 55
1 15 2 34 3 82 4 92 5 39 6 17 7 51 8 2 9 16 10 34 11 21 12 85 13 86 14 3 15 7 16 34 17 69 18 80 19 1 20 49
1 57 2 92 3 79 4 63 5 59 6 25 7 85 8 84 9 55 10 28 11 87 12 12 13 86 14 80 15 37 16 59 17 39 18 8 19 80 20 37
1 50 2 76 3 53 4 3 5 68 6 11 7 69 8 57 9 74 10 94 11 7 12 76 13 91 14 49 15 6 16 80 17 70 18 5 19 36 20 45
1 62 2 26 3 55 4 13 5 38 6 53 7 48 8 69 9 30 10 17 11 85 12 70 13 17 14 71 15 62 16 55 17 24 18 61 19 11 20 31
1 20 2 99 3 52 4 83 5 94 6 74 7 25 8 95 9 62 10 93 11 39 12 87 13 23 14 5 15 19 16 68 17 58 18 77 19 56 20 98
1 70 2 97 3 10 4 57 5 74 6 17 7 86 8 38 9 99 10 86 11 30 12 15 13 30 14 59 15 54 16 14 17 1 18 38 19 91 20 35
1 3 2 61 3 98 4 81 5 32 6 93 7 21 8 40 9 11 10 72 11 45 12 38 13 11 14 48 15 96 16 83 17 7 18 78 19 14 20 8
1 79 2 71 3 21 4 23 5 58 6 91 7 10 8 1 9 97 10 80 11 3 12 43 13 49 14 54 15 58 16 92 17 31 18 48 19 14 20 62
1 20 2 79 3 20 4 8 5 72 6 28 7 51 8 72 9 99 10 54 11 87 12 56 13 71 14 6 15 74 16 44 17 73 18 31 19 56 20 32
1 52 2 10 3 69 4 80 5 81 6 36 7 88 8 67 9 81 10 62 11 86 12 27 13 85 14 26 15 41 16 81 17 50 18 26 19 9 20 63
1 42 2 12 3 21 4 52 5 51 6 21 7 44 8 6 9 34 10 62 11 53 12 89 13 13 14 30 15 79 16 41 17 96 18 71 19 93 20 5
1 1 2 51 3 16 4 81 5 9 6 13 7 2 8 53 9 41 10 10 11 68 12 71 13 29 14 8 15 81 16 55 17 90 18 81 19 84 20 47
1 10 2 69 3 17 4 69 5 18 6 59 7 7 8 64 9 14 10 21 11 80 12 8 13 66 14 37 15 55 16 9 17 92 18 30 19 67 20 88
1 61 2 30 3 88 4 25 5 85 6 24 7 91 8 94 9 33 10 99 11 62 12 18 13 62 14 1 15 45 16 83 17 41 18 71 19 12 20 3
1 35 2 73 3 90 4 24 5 7 6 96 7 14 8 36 9 26 10 80 11 65 12 14 13 10 14 68 15 32 16 86 17 5 18 32 19 24 20 78
1 63 2 26 3 52 4 91 5 81 6 51 7 20 8 3 9 34 10 42 11 44 12 80 13 13 14 34 15 41 16 12 17 7 18 63 19 63 20 45
1 48 2 82 3 26 4 89 5 97 6 29 7 61 8 6 9 89 10 88 11 10 12 57 13 76 14 14 15 50 16 56 17 88 18 57 19 28 20 96
1 42 2 52 3 81 4 18 5 84 6 56 7 1 8 42 9 96 10 76 11 24 12 86 13 3 14 86 15 75 16 88 17 75 18 74 19 22 20 74
1 5 2 93 3 33 4 34 5 53 6 3 7 95 8 33 9 48 10 65 11 65 12 19 13 66 14 21 15 60 16 39 17 74 18 4 19 88 20 46
1 20 2 16 3 9 4 55 5 52 6 50 7 80 8 52 9 7 10 15 11 82 12 31 13 65 14 15 15 29 16 94 17 42 18 14 19 58 20 20
1 30 2 60 3 7 4 64 5 1 6 12 7 44 8 10 9 62 10 6 11 98 12 65 13 84 14 83 15 72 16 92 17 37 18 73 19 25 20 68
1 53 2 65 3 9 4 15 5 97 6 85 7 13 8 79 9 54 10 99 11 90 12 6 13 15 14 59 15 91 16 12 17 54 18 33 19 77 20 38
1 19 2 70 3 62 4 55 5 43 6 22 7 14 8 22 9 96 10 51 11 12 12 94 13 37 14 32 15 97 16 34 17 78 18 27 19 50 20 86
1 20 2 55 3 92 4 89 5 59 6 18 7 48 8 69 9 58 10 88 11 62 12 50 13 16 14 92 15 33 16 86 17 13 18 15 19 41 20 46
1 82 2 81 3 98 4 87 5 38 6 60 7 54 8 50 9 51 10 24 11 27 12 85 13 19 14 87 15 65 16 99 17 89 18 29 19 15 20 64
1 45 2 54 3 40 4 49 5 39 6 71 7 62 8 55 9 67 10 94 11 22 12 87 13 74 14 63 15 21 16 35 17 72 18 9 19 37 20 79
1 61 2 67 3 2 4 36 5 51 6 4 7 76 8 30 9 51 10 65 11 9 12 61 13 55 14 87 15 3 16 43 17 89 18 58 19 52 20 3
1 21 2 81 3 33 4 21 5 53 6 95 7 80 8 7 9 35 10 79 11 61 12 15 13 80 14 22 15 91 16 91 17 88 18 12 19 69 20 89
1 62 2 51 3 30 4 40 5 90 6 26 7 69 8 30 9 74 10 19 11 6 12 83 13 63 14 59 15 42 16 9 17 22 18 2 19 95 20 55
1 19 2 24 3 8 4 80 5 93 6 34 7 68 8 81 9 7 10 45 11 20 12 17 13 21 14 35 15 10 16 41 17 19 18 51 19 98 20 13
1 80 2 23 3 81 4 85 5 72 6 1 7 3 8 72 9 11 10 97 11 94 12 62 13 8 14 78 15 1 16 43 17 84 18 27 19 8 20 69
1 14 2 10 3 70 4 66 5 44 6 10 7 79 8 75 9 90 10 10 11 94 12 15 13 65 14 36 15 20 16 53 17 76 18 79 19 40 20 43
1 65 2 6 3 82 4 88 5 59 6 2 7 97 8 95 9 60 10 67 11 64 12 38 13 42 14 14 15 5 16 17 17 80 18 84 19 77 20 89
1 66 2 23 3 49 4 40 5 31 6 45 7 42 8 22 9 7 10 54 11 33 12 71 13 11 14 8 15 17 16 52 17 94 18 43 19 47 20 55
1 77 2 87 3 38 4 55 5 42 6 87 7 80 8 94 9 86 10 97 11 95 12 90 13 13 14 40 15 99 16 15 17 12 18 48 19 95 20 80
1 31 2 98 3 4 4 84 5 23 6 92 7 38 8 62 9 30 10 28 11 36 12 94 13 37 14 27 15 26 16 53 17 90 18 42 19 50 20 1
1 54 2 48 3 93 4 97 5 79 6 7 7 76 8 51 9 37 10 73 11 85 12 7 13 73 14 61 15 25 16 43 17 84 18 6 19 26 20 59
1 80 2 56 3 26 4 37 5 70 6 30 7 87 8 1 9 14 10 20 11 31 12 70 13 4 14 59 15 67 16 32 17 34 18 72 19 39 20 82
1 22 2 85 3 58 4 65 5 19 6 34 7 40 8 50 9 47 10 83 11 34 12 38 13 6 14 79 15 2 16 44 17 87 18 35 19 26 20 60
1 71 2 26 3 46 4 13 5 78 6 41 7 26 8 97 9 68 10 70 11 22 12 9 13 99 14 37 15 1 16 80 17 42 18 82 19 89 20 41
1 33 2 14 3 65 4 8 5 10 6 77 7 55 8 39 9 69 10 77 11 22 12 31 13 16 14 42 15 2 16 8 17 70 18 99 19 34 20 37
1 27 2 41 3 54 4 40 5 74 6 34 7 98 8 83 9 51 10 26 11 59 12 26 13 62 14 79 15 61 16 63 17 28 18 23 19 40 20 70
1 49 2 62 3 62 4 64 5 8 6 58 7 55 8 1 9 20 10 21 11 62 12 87 13 47 14 85 15 73 16 81 17 52 18 31 19 53 20 58
1 65 2 8 3 12 4 94 5 74 6 85 7 58 8 11 9 3 10 1 11 20 12 92 13 84 14 86 15 26 16 14 17 34 18 11 19 53 20 94
1 52 2 56 3 3 4 17 5 39 6 1 7 31 8 12 9 95 10 20 11 34 12 15 13 17 14 15 15 1 16 74 17 34 18 69 19 88 20 78
1 85 2 90 3 69 4 48 5 90 6 79 7 19 8 35 9 79 10 99 11 62 12 89 13 97 14 77 15 19 16 90 17 39 18 26 19 75 20 48
1 53 2 84 3 85 4 54 5 16 6 36 7 46 8 27 9 33 10 29 11 11 12 10 13 6 14 15 15 32 16 9 17 84 18 39 19 85 20 41
1 48 2 83 3 37 4 36 5 79 6 55 7 8 8 51 9 96 10 36 11 92 12 72 13 27 14 49 15 34 16 72 17 72 18 96 19 45 20 14
1 83 2 78 3 4 4 55 5 6 6 61 7 91 8 68 9 2 10 56 11 50 12 37 13 89 14 28 15 73 16 62 17 81 18 72 19 88 20 68
1 63 2 80 3 51 4 44 5 20 6 27 7 47 8 26 9 34 10 11 11 28 12 80 13 16 14 46 15 86 16 67 17 23 18 96 19 56 20 18
1 3 2 68 3 26 4 49 5 19 6 76 7 22 8 78 9 53 10 51 11 98 12 82 13 89 14 76 15 92 16 87 17 58 18 19 19 43 20 61
1 54 2 32 3 25 4 15 5 18 6 34 7 28 8 33 9 24 10 16 11 74 12 88 13 74 14 82 15 71 16 81 17 7 18 63 19 71 20 25
1 44 2 53 3 1 4 21 5 84 6 77 7 94 8 3 9 22 10 3 11 65 12 58 13 5 14 1 15 15 16 74 17 83 18 56 19 24 20 21
1 22 2 88 3 20 4 75 5 56 6 55 7 71 8 28 9 77 10 55 11 43 12 69 13 42 14 97 15 72 16 84 17 25 18 45 19 93 20 61
1 92 2 31 3 81 4 2 5 69 6 55 7 25 8 91 9 4 10 92 11 18 12 11 13 81 14 91 15 57 16 72 17 68 18 65 19 53 20 45
1 10 2 28 3 92 4 14 5 82 6 32 7 92 8 79 9 65 10 9 11 37 12 5 13 93 14 39 15 97 16 67 17 5 18 68 19 35 20 36
1 67 2 66 3 54 4 55 5 17 6 19 7 27 8 39 9 26 10 55 11 63 12 23 13 7 14 53 15 56 16 85 17 30 18 69 19 48 20 51
1 8 2 33 3 8 4 51 5 35 6 20 7 62 8 23 9 55 10 76 11 45 12 98 13 77 14 68 15 79 16 61 17 61 18 70 19 70 20 68
1 40 2 48 3 20 4 97 5 89 6 63 7 91 8 50 9 50 10 87 11 5 12 38 13 60 14 90 15 96 16 79 17 43 18 34 19 77 20 53
1 98 2 86 3 7 4 61 5 9 6 2 7 32 8 93 9 93 10 19 11 47 12 92 13 84 14 62 15 84 16 26 17 34 18 24 19 7 20 43
1 61 2 22 3 61 4 59 5 21 6 72 7 35 8 60 9 16 10 94 11 21 12 42 13 80 14 3 15 25 16 76 17 57 18 59 19 99 20 30
1 10 2 20 3 32 4 29 5 87 6 25 7 98 8 29 9 75 10 67 11 55 12 54 13 18 14 46 15 24 16 30 17 25 18 14 19 16 20 56
1 51 2 50 3 38 4 82 5 95 6 41 7 88 8 76 9 36 10 16 11 32 12 64 13 53 14 59 15 76 16 88 17 63 18 46 19 22 20 49
1 50 2 65 3 71 4 64 5 29 6 64 7 76 8 86 9 58 10 38 11 95 12 73 13 59 14 52 15 46 16 15 17 16 18 12 19 68 20 24
1 77 2 42 3 85 4 42 5 77 6 87 7 14 8 55 9 52 10 16 11 87 12 68 13 78 14 6 15 75 16 76 17 57 18 86 19 2 20 79
1 93 2 17 3 22 4 54 5 60 6 67 7 25 8 55 9 22 10 64 11 88 12 52 13 30 14 6 15 31 16 77 17 99 18 42 19 1 20 88
1 42 2 74 3 46 4 1 5 12 6 19 7 71 8 87 9 45 10 39 11 8 12 79 13 20 14 6 15 46 16 51 17 70 18 54 19 13 20 70
1 56 2 99 3 37 4 66 5 34 6 77 7 91 8 76 9 30 10 13 11 45 12 26 13 5 14 24 15 80 16 35 17 37 18 22 19 11 20 94
1 16 2 66 3 65 4 77 5 43 6 74 7 8 8 5 9 37 10 3 11 87 12 71 13 85 14 77 15 93 16 90 17 23 18 44 19 1 20 58
1 88 2 63 3 77 4 57 5 39 6 70 7 60 8 99 9 11 10 83 11 59 12 39 13 35 14 1 15 30 16 59 17 51 18 78 19 15 20 24
1 32 2 67 3 55 4 3 5 64 6 33 7 75 8 49 9 81 10 39 11 15 12 99 13 17 14 31 15 36 16 60 17 87 18 32 19 7 20 5
1 27 2 14 3 12 4 19 5 78 6 78 7 73 8 13 9 53 10 77 11 9 12 85 13 33 14 95 15 61 16 36 17 15 18 2 19 96 20 26
1 59 2 7 3 88 4 24 5 73 6 66 7 80 8 70 9 49 10 88 11 83 12 90 13 86 14 42 15 6 16 32 17 34 18 24 19 7 20 39
1 28 2 87 3 95 4 28 5 1 6 92 7 9 8 6 9 36 10 70 11 45 12 45 13 22 14 51 15 49 16 84 17 22 18 96 19 81 20 53
1 41 2 86 3 51 4 90 5 30 6 95 7 55 8 37 9 53 10 41 11 61 12 10 13 95 14 5 15 39 16 13 17 25 18 38 19 59 20 85
1 51 2 79 3 83 4 71 5 50 6 36 7 48 8 12 9 92 10 53 11 16 12 78 13 7 14 75 15 99 16 27 17 9 18 31 19 8 20 42
1 1 2 31 3 85 4 91 5 34 6 49 7 90 8 66 9 81 10 90 11 26 12 57 13 5 14 79 15 3 16 97 17 31 18 2 19 35 20 23
1 37 2 44 3 50 4 66 5 25 6 79 7 22 8 64 9 16 10 86 11 95 12 83 13 75 14 19 15 98 16 42 17 12 18 62 19 66 20 65
1 70 2 55 3 70 4 16 5 81 6 26 7 32 8 34 9 27 10 61 11 82 12 42 13 89 14 39 15 42 16 69 17 52 18 5 19 1 20 37
1 9 2 64 3 72 4 47 5 67 6 1 7 4 8 5 9 54 10 97 11 70 12 53 13 55 14 58 15 55 16 57 17 58 18 66 19 9 20 18
1 28 2 37 3 74 4 32 5 54 6 63 7 15 8 29 9 99 10 54 11 6 12 43 13 34 14 12 15 91 16 87 17 29 18 53 19 7 20 72
1 90 2 12 3 98 4 15 5 57 6 86 7 97 8 69 9 67 10 62 11 62 12 76 13 46 14 56 15 87 16 33 17 73 18 19 19 19 20 38
1 42 2 69 3 87 4 15 5 75 6 68 7 46 8 13 9 24 10 37 11 93 12 80 13 82 14 98 15 60 16 24 17 51 18 81 19 60 20 1
1 77 2 95 3 15 4 85 5 31 6 54 7 78 8 25 9 31 10 89 11 29 12 48 13 25 14 77 15 27 16 97 17 48 18 99 19 37 20 20
1 59 2 75 3 67 4 84 5 42 6 87 7 86 8 65 9 1 10 33 11 71 12 47 13 13 14 65 15 38 16 86 17 82 18 90 19 12 20 85
1 37 2 1 3 76 4 88 5 32 6 49 7 92 8 96 9 97 10 8 11 66 12 45 13 95 14 95 15 78 16 28 17 27 18 33 19 5 20 60
1 39 2 33 3 45 4 30 5 59 6 40 7 47 8 55 9 76 10 25 11 18 12 31 13 58 14 49 15 7 16 38 17 73 18 2 19 96 20 8
1 29 2 65 3 9 4 81 5 81 6 2 7 16 8 86 9 35 10 46 11 11 12 28 13 8 14 34 15 77 16 41 17 19 18 83 19 39 20 9
1 74 2 64 3 5 4 65 5 46 6 13 7 75 8 68 9 52 10 37 11 40 12 57 13 61 14 30 15 38 16 48 17 4 18 85 19 70 20 73
1 56 2 63 3 91 4 37 5 89 6 77 7 29 8 27 9 49 10 53 11 25 12 49 13 15 14 30 15 10 16 53 17 43 18 74 19 61 20 20
1 43 2 33 3 50 4 50 5 53 6 92 7 71 8 19 9 74 10 70 11 41 12 99 13 16 14 22 15 38 16 56 17 95 18 96 19 27 20 1
1 77 2 38 3 96 4 56 5 58 6 41 7 13 8 10 9 60 10 27 11 10 12 72 13 47 14 69 15 76 16 51 17 67 18 85 19 97 20 34
1 77 2 84 3 14 4 39 5 68 6 59 7 94 8 74 9 14 10 61 11 68 12 21 13 24 14 23 15 14 16 91 17 95 18 44 19 58 20 7
1 20 2 62 3 45 4 60 5 30 6 69 7 85 8 64 9 86 10 56 11 62 12 34 13 44 14 99 15 73 16 99 17 5 18 86 19 96 20 38
1 92 2 13 3 10 4 98 5 15 6 38 7 70 8 78 9 69 10 64 11 64 12 79 13 15 14 30 15 30 16 58 17 22 18 14 19 14 20 86
1 77 2 16 3 49 4 35 5 95 6 81 7 36 8 24 9 57 10 72 11 7 12 35 13 16 14 26 15 63 16 81 17 66 18 91 19 55 20 45
1 75 2 39 3 80 4 66 5 71 6 67 7 53 8 92 9 15 10 7 11 76 12 65 13 5 14 33 15 7 16 56 17 19 18 50 19 29 20 1
1 50 2 45 3 16 4 19 5 95 6 37 7 79 8 27 9 68 10 46 11 99 12 29 13 94 14 67 15 15 16 24 17 11 18 6 19 81 20 48
1 26 2 63 3 27 4 67 5 48 6 78 7 52 8 55 9 51 10 75 11 10 12 68 13 2 14 8 15 41 16 6 17 70 18 84 19 50 20 4
1 90 2 80 3 18 4 36 5 26 6 79 7 61 8 25 9 85 10 6 11 22 12 55 13 81 14 62 15 40 16 75 17 9 18 28 19 57 20 48
1 45 2 2 3 70 4 33 5 33 6 31 7 33 8 3 9 67 10 97 11 40 12 71 13 18 14 58 15 32 16 78 17 17 18 48 19 57 20 27
1 20 2 7 3 57 4 18 5 68 6 73 7 93 8 64 9 7 10 98 11 26 12 8 13 7 14 65 15 99 16 49 17 82 18 26 19 42 20 40
1 8 2 7 3 16 4 66 5 62 6 79 7 60 8 63 9 75 10 84 11 32 12 67 13 53 14 69 15 11 16 28 17 93 18 54 19 76 20 93
1 67 2 81 3 52 4 3 5 38 6 69 7 15 8 98 9 68 10 53 11 11 12 43 13 85 14 39 15 68 16 91 17 23 18 57 19 63 20 38
1 4 2 95 3 77 4 84 5 45 6 36 7 52 8 55 9 50 10 29 11 80 12 72 13 89 14 76 15 95 16 48 17 27 18 43 19 90 20 33
1 10 2 7 3 13 4 84 5 35 6 11 7 12 8 19 9 51 10 62 11 10 12 39 13 84 14 9 15 94 16 6 17 81 18 59 19 29 20 30
1 93 2 53 3 19 4 47 5 24 6 95 7 55 8 45 9 4 10 33 11 45 12 54 13 95 14 78 15 65 16 28 17 11 18 16 19 85 20 15
1 72 2 91 3 46 4 64 5 44 6 60 7 4 8 63 9 95 10 9 11 70 12 97 13 65 14 53 15 12 16 77 17 82 18 60 19 39 20 34
1 45 2 6 3 16 4 98 5 20 6 96 7 40 8 90 9 8 10 78 11 2 12 10 13 84 14 3 15 91 16 39 17 9 18 15 19 50 20 67
1 97 2 87 3 28 4 22 5 35 6 61 7 66 8 98 9 52 10 70 11 15 12 32 13 33 14 53 15 74 16 89 17 86 18 44 19 65 20 25
1 63 2 30 3 48 4 58 5 50 6 23 7 33 8 24 9 51 10 30 11 28 12 78 13 62 14 66 15 90 16 29 17 72 18 17 19 79 20 3
1 42 2 84 3 19 4 6 5 78 6 45 7 41 8 34 9 44 10 94 11 10 12 48 13 57 14 42 15 71 16 59 17 96 18 75 19 1 20 86
1 10 2 27 3 32 4 10 5 98 6 40 7 14 8 69 9 10 10 19 11 63 12 43 13 87 14 4 15 83 16 22 17 68 18 69 19 13 20 25
1 51 2 45 3 79 4 91 5 96 6 12 7 89 8 85 9 29 10 95 11 36 12 57 13 73 14 44 15 4 16 98 17 47 18 28 19 70 20 52
1 73 2 98 3 10 4 27 5 27 6 45 7 18 8 39 9 51 10 37 11 11 12 23 13 3 14 80 15 39 16 34 17 6 18 56 19 73 20 98
1 26 2 54 3 53 4 93 5 44 6 93 7 53 8 13 9 73 10 64 11 10 12 83 13 14 14 32 15 63 16 80 17 59 18 94 19 65 20 92
1 57 2 26 3 7 4 69 5 3 6 16 7 21 8 3 9 27 10 13 11 40 12 92 13 84 14 66 15 55 16 48 17 98 18 4 19 79 20 48
1 3 2 88 3 29 4 75 5 22 6 56 7 33 8 92 9 90 10 74 11 86 12 22 13 11 14 7 15 67 16 74 17 84 18 62 19 77 20 38
1 39 2 61 3 25 4 19 5 58 6 56 7 35 8 54 9 71 10 44 11 59 12 39 13 90 14 64 15 45 16 58 17 86 18 72 19 56 20 21
1 60 2 30 3 10 4 51 5 6 6 68 7 65 8 57 9 52 10 93 11 18 12 45 13 73 14 8 15 74 16 85 17 28 18 87 19 7 20 8
1 58 2 47 3 24 4 34 5 38 6 27 7 69 8 91 9 15 10 16 11 86 12 82 13 6 14 11 15 6 16 75 17 46 18 2 19 41 20 94
1 48 2 6 3 24 4 19 5 37 6 1 7 16 8 69 9 21 10 42 11 95 12 59 13 61 14 88 15 52 16 54 17 65 18 48 19 59 20 12
1 38 2 66 3 18 4 66 5 64 6 99 7 9 8 87 9 19 10 41 11 29 12 70 13 21 14 56 15 82 16 13 17 71 18 3 19 89 20 2
1 75 2 38 3 81 4 61 5 44 6 55 7 72 8 57 9 12 10 48 11 25 12 38 13 74 14 69 15 40 16 32 17 80 18 50 19 61 20 45
1 36 2 46 3 21 4 9 5 30 6 59 7 46 8 75 9 68 10 97 11 30 12 92 13 29 14 4 15 55 16 46 17 13 18 54 19 47 20 74
1 96 2 7 3 13 4 8 5 27 6 16 7 76 8 29 9 75 10 4 11 2 12 45 13 81 14 70 15 70 16 18 17 79 18 29 19 49 20 29
1 40 2 28 3 92 4 39 5 79 6 22 7 68 8 97 9 88 10 44 11 44 12 44 13 35 14 97 15 27 16 33 17 88 18 99 19 79 20 65
1 17 2 8 3 88 4 60 5 77 6 99 7 93 8 73 9 44 10 94 11 78 12 85 13 93 14 23 15 12 16 81 17 5 18 73 19 51 20 78
1 80 2 7 3 57 4 49 5 95 6 85 7 26 8 72 9 4 10 32 11 59 12 35 13 75 14 68 15 13 16 51 17 3 18 12 19 19 20 5
1 55 2 74 3 5 4 49 5 69 6 37 7 54 8 32 9 97 10 80 11 3 12 26 13 95 14 80 15 22 16 37 17 68 18 58 19 98 20 28
1 37 2 9 3 61 4 77 5 27 6 21 7 1 8 70 9 24 10 83 11 96 12 5 13 15 14 74 15 87 16 15 17 1 18 25 19 32 20 66
1 51 2 86 3 35 4 93 5 34 6 28 7 59 8 51 9 75 10 50 11 10 12 71 13 7 14 22 15 39 16 71 17 57 18 67 19 23 20 39
1 84 2 16 3 47 4 61 5 55 6 27 7 73 8 42 9 50 10 22 11 98 12 80 13 35 14 12 15 24 16 69 17 85 18 61 19 32 20 42
1 42 2 22 3 79 4 80 5 95 6 24 7 3 8 68 9 80 10 11 11 8 12 89 13 86 14 85 15 91 16 71 17 1 18 29 19 30 20 79
1 92 2 77 3 9 4 74 5 86 6 6 7 58 8 92 9 73 10 41 11 81 12 60 13 7 14 62 15 31 16 31 17 13 18 76 19 60 20 4
1 93 2 33 3 82 4 58 5 84 6 43 7 21 8 75 9 98 10 43 11 78 12 66 13 56 14 48 15 57 16 43 17 69 18 37 19 47 20 24
1 58 2 77 3 13 4 59 5 62 6 57 7 28 8 21 9 84 10 93 11 99 12 19 13 5 14 55 15 99 16 75 17 97 18 97 19 18 20 3
1 80 2 9 3 77 4 32 5 28 6 71 7 43 8 63 9 47 10 21 11 63 12 83 13 96 14 64 15 72 16 53 17 74 18 17 19 87 20 43
1 51 2 85 3 23 4 34 5 19 6 9 7 79 8 74 9 97 10 86 11 82 12 53 13 3 14 68 15 92 16 71 17 15 18 83 19 21 20 69
1 67 2 46 3 45 4 78 5 48 6 74 7 17 8 55 9 28 10 94 11 78 12 71 13 91 14 75 15 69 16 99 17 66 18 31 19 43 20 83
1 54 2 57 3 73 4 54 5 1 6 56 7 59 8 65 9 14 10 68 11 93 12 70 13 60 14 48 15 11 16 18 17 52 18 87 19 99 20 17
1 15 2 7 3 22 4 81 5 19 6 19 7 52 8 49 9 79 10 30 11 25 12 68 13 65 14 44 15 30 16 54 17 2 18 40 19 44 20 71
1 33 2 12 3 25 4 2 5 88 6 49 7 60 8 73 9 21 10 46 11 17 12 58 13 22 14 3 15 5 16 83 17 9 18 45 19 29 20 89
1 38 2 2 3 16 4 93 5 33 6 71 7 92 8 3 9 38 10 77 11 94 12 3 13 64 14 96 15 39 16 91 17 58 18 21 19 1 20 26
1 33 2 5 3 36 4 76 5 99 6 25 7 30 8 99 9 6 10 83 11 6 12 1 13 82 14 91 15 70 16 98 17 73 18 22 19 18 20 88
1 79 2 97 3 62 4 58 5 75 6 12 7 44 8 59 9 36 10 56 11 32 12 33 13 29 14 44 15 11 16 97 17 15 18 58 19 8 20 11
1 49 2 46 3 1 4 68 5 19 6 16 7 44 8 2 9 83 10 53 11 65 12 7 13 1 14 5 15 21 16 46 17 32 18 90 19 56 20 28
1 74 2 29 3 11 4 38 5 45 6 91 7 53 8 67 9 40 10 13 11 60 12 67 13 87 14 54 15 48 16 6 17 88 18 58 19 68 20 61
1 30 2 18 3 14 4 44 5 17 6 50 7 42 8 8 9 15 10 91 11 45 12 50 13 60 14 38 15 97 16 4 17 35 18 76 19 58 20 74
1 44 2 92 3 45 4 61 5 90 6 79 7 18 8 19 9 62 10 45 11 72 12 28 13 49 14 45 15 29 16 49 17 60 18 84 19 57 20 47
1 37 2 93 3 34 4 87 5 57 6 72 7 39 8 26 9 17 10 31 11 75 12 35 13 96 14 77 15 34 16 33 17 96 18 61 19 51 20 50
1 96 2 13 3 58 4 73 5 24 6 6 7 36 8 78 9 22 10 28 11 54 12 97 13 91 14 25 15 43 16 62 17 83 18 14 19 39 20 84
1 13 2 49 3 45 4 43 5 37 6 90 7 67 8 60 9 97 10 68 11 24 12 11 13 68 14 25 15 2 16 5 17 40 18 67 19 23 20 99
1 73 2 29 3 11 4 94 5 27 6 90 7 62 8 34 9 22 10 97 11 44 12 21 13 16 14 15 15 5 16 45 17 59 18 14 19 11 20 93
1 6 2 18 3 74 4 63 5 57 6 17 7 68 8 77 9 78 10 86 11 73 12 48 13 89 14 13 15 72 16 27 17 51 18 64 19 44 20 69
1 23 2 87 3 61 4 80 5 30 6 63 7 97 8 86 9 98 10 64 11 66 12 68 13 83 14 87 15 82 16 42 17 42 18 45 19 34 20 30
1 7 2 64 3 30 4 95 5 98 6 79 7 4 8 45 9 50 10 65 11 74 12 96 13 70 14 6 15 46 16 16 17 88 18 84 19 19 20 93
1 27 2 73 3 72 4 36 5 60 6 11 7 37 8 60 9 93 10 66 11 27 12 81 13 20 14 39 15 40 16 10 17 96 18 80 19 81 20 2
1 64 2 46 3 59 4 95 5 95 6 17 7 33 8 1 9 24 10 14 11 22 12 52 13 4 14 81 15 15 16 44 17 86 18 62 19 27 20 14
1 13 2 36 3 44 4 77 5 96 6 27 7 3 8 44 9 42 10 44 11 83 12 42 13 20 14 39 15 22 16 51 17 63 18 70 19 48 20 17
1 54 2 13 3 78 4 56 5 43 6 15 7 20 8 31 9 72 10 55 11 40 12 44 13 19 14 51 15 99 16 27 17 33 18 82 19 76 20 12
1 75 2 38 3 68 4 36 5 89 6 29 7 95 8 25 9 45 10 57 11 51 12 51 13 33 14 53 15 97 16 70 17 97 18 91 19 1 20 82
1 55 2 30 3 65 4 35 5 45 6 6 7 9 8 41 9 49 10 89 11 10 12 78 13 54 14 4 15 29 16 72 17 65 18 50 19 59 20 60
1 91 2 1 3 83 4 1 5 6 6 50 7 58 8 35 9 29 10 56 11 37 12 88 13 96 14 6 15 4 16 82 17 40 18 19 19 25 20 36
1 72 2 5 3 42 4 92 5 3 6 43 7 19 8 62 9 10 10 54 11 55 12 52 13 40 14 51 15 79 16 71 17 54 18 37 19 98 20 87
1 37 2 34 3 91 4 17 5 33 6 24 7 3 8 49 9 36 10 70 11 19 12 65 13 87 14 34 15 44 16 78 17 9 18 58 19 74 20 53
1 60 2 25 3 83 4 4 5 27 6 34 7 49 8 9 9 49 10 93 11 93 12 74 13 51 14 31 15 6 16 62 17 14 18 79 19 69 20 78
1 1 2 10 3 82 4 96 5 89 6 36 7 45 8 46 9 96 10 24 11 1 12 69 13 13 14 29 15 34 16 20 17 76 18 90 19 46 20 77
1 38 2 80 3 62 4 8 5 72 6 61 7 57 8 5 9 10 10 33 11 20 12 34 13 32 14 14 15 83 16 29 17 28 18 77 19 67 20 58
1 34 2 18 3 18 4 55 5 58 6 31 7 45 8 20 9 17 10 21 11 96 12 36 13 41 14 41 15 98 16 22 17 89 18 62 19 57 20 24
1 15 2 86 3 39 4 86 5 28 6 18 7 45 8 29 9 63 10 68 11 2 12 3 13 70 14 88 15 82 16 83 17 12 18 27 19 63 20 28
1 99 2 46 3 68 4 97 5 7 6 49 7 60 8 24 9 88 10 96 11 46 12 45 13 53 14 74 15 99 16 39 17 5 18 72 19 11 20 18
1 36 2 4 3 54 4 45 5 10 6 94 7 95 8 47 9 27 10 3 11 9 12 79 13 40 14 15 15 53 16 58 17 81 18 56 19 28 20 6
1 28 2 9 3 21 4 59 5 22 6 77 7 9 8 7 9 58 10 61 11 59 12 21 13 55 14 31 15 52 16 45 17 28 18 69 19 24 20 84
1 15 2 73 3 27 4 51 5 13 6 66 7 75 8 14 9 96 10 94 11 90 12 65 13 81 14 93 15 7 16 63 17 23 18 25 19 98 20 94
1 6 2 7 3 49 4 81 5 75 6 4 7 85 8 55 9 88 10 36 11 68 12 27 13 99 14 90 15 26 16 29 17 47 18 45 19 12 20 72
1 83 2 2 3 62 4 40 5 78 6 26 7 3 8 42 9 63 10 44 11 5 12 86 13 58 14 9 15 94 16 94 17 45 18 88 19 1 20 85
1 59 2 63 3 59 4 42 5 86 6 91 7 54 8 14 9 98 10 5 11 65 12 73 13 23 14 69 15 73 16 78 17 75 18 75 19 24 20 71
1 78 2 23 3 45 4 60 5 14 6 52 7 8 8 3 9 55 10 25 11 11 12 26 13 81 14 67 15 38 16 78 17 47 18 12 19 12 20 38
1 77 2 7 3 8 4 61 5 85 6 38 7 82 8 45 9 62 10 12 11 78 12 6 13 30 14 56 15 72 16 12 17 8 18 10 19 66 20 99
1 94 2 58 3 65 4 54 5 26 6 10 7 64 8 55 9 49 10 98 11 98 12 17 13 16 14 11 15 59 16 69 17 11 18 33 19 49 20 32
1 21 2 30 3 23 4 8 5 6 6 89 7 60 8 30 9 87 10 61 11 29 12 12 13 15 14 42 15 27 16 62 17 28 18 89 19 36 20 69
1 95 2 96 3 31 4 72 5 46 6 11 7 51 8 12 9 93 10 42 11 19 12 41 13 3 14 60 15 39 16 75 17 44 18 34 19 23 20 12
1 97 2 76 3 58 4 16 5 25 6 6 7 23 8 64 9 43 10 7 11 91 12 16 13 63 14 71 15 83 16 15 17 86 18 54 19 89 20 25
1 4 2 95 3 91 4 71 5 81 6 30 7 71 8 91 9 40 10 73 11 49 12 82 13 80 14 10 15 33 16 90 17 94 18 22 19 11 20 85
1 77 2 89 3 49 4 1 5 64 6 55 7 23 8 31 9 45 10 92 11 49 12 18 13 92 14 99 15 42 16 42 17 96 18 31 19 2 20 43
1 90 2 95 3 42 4 1 5 30 6 9 7 79 8 41 9 23 10 73 11 88 12 35 13 48 14 37 15 78 16 87 17 47 18 22 19 42 20 15
1 92 2 2 3 47 4 87 5 1 6 43 7 89 8 52 9 85 10 48 11 32 12 61 13 55 14 17 15 68 16 15 17 11 18 91 19 90 20 3
1 59 2 92 3 60 4 25 5 76 6 98 7 33 8 89 9 4 10 38 11 35 12 27 13 61 14 26 15 36 16 47 17 89 18 48 19 28 20 31
1 85 2 38 3 56 4 91 5 67 6 10 7 40 8 30 9 95 10 84 11 35 12 75 13 40 14 41 15 19 16 36 17 52 18 4 19 68 20 94
1 89 2 52 3 32 4 59 5 61 6 8 7 27 8 22 9 81 10 68 11 85 12 94 13 97 14 46 15 67 16 51 17 78 18 97 19 6 20 89
1 46 2 76 3 10 4 15 5 7 6 29 7 52 8 83 9 53 10 16 11 43 12 19 13 7 14 5 15 81 16 68 17 19 18 18 19 19 20 31
1 99 2 77 3 11 4 9 5 75 6 52 7 12 8 79 9 85 10 38 11 37 12 22 13 76 14 91 15 20 16 56 17 15 18 6 19 73 20 52
1 7 2 46 3 90 4 11 5 19 6 16 7 21 8 51 9 38 10 2 11 42 12 68 13 62 14 30 15 79 16 20 17 61 18 71 19 73 20 32
1 61 2 15 3 9 4 91 5 49 6 26 7 31 8 83 9 96 10 22 11 20 12 85 13 67 14 49 15 36 16 18 17 92 18 60 19 37 20 40
1 30 2 72 3 97 4 99 5 83 6 59 7 73 8 19 9 3 10 16 11 97 12 57 13 40 14 54 15 54 16 21 17 68 18 83 19 64 20 25
1 23 2 20 3 61 4 66 5 89 6 85 7 80 8 99 9 2 10 68 11 58 12 98 13 97 14 8 15 99 16 84 17 82 18 2 19 29 20 33
1 55 2 76 3 92 4 87 5 14 6 35 7 34 8 69 9 68 10 48 11 54 12 71 13 43 14 26 15 34 16 15 17 23 18 67 19 74 20 70
1 69 2 40 3 64 4 46 5 77 6 95 7 15 8 81 9 55 10 39 11 20 12 27 13 25 14 35 15 6 16 75 17 59 18 67 19 76 20 34
1 23 2 58 3 75 4 44 5 5 6 2 7 2 8 77 9 41 10 52 11 89 12 97 13 45 14 72 15 52 16 3 17 60 18 74 19 10 20 1
1 52 2 13 3 48 4 95 5 47 6 80 7 66 8 42 9 1 10 43 11 34 12 58 13 67 14 33 15 43 16 94 17 77 18 18 19 34 20 88
1 76 2 9 3 80 4 67 5 91 6 33 7 15 8 4 9 5 10 72 11 1 12 99 13 35 14 92 15 58 16 26 17 79 18 74 19 49 20 59
1 95 2 66 3 87 4 13 5 75 6 99 7 72 8 15 9 92 10 35 11 49 12 55 13 57 14 75 15 54 16 2 17 8 18 25 19 37 20 71
1 83 2 20 3 96 4 54 5 37 6 83 7 59 8 96 9 88 10 7 11 58 12 6 13 54 14 9 15 27 16 2 17 39 18 61 19 31 20 27
1 35 2 28 3 1 4 2 5 31 6 28 7 56 8 45 9 36 10 10 11 46 12 6 13 67 14 29 15 8 16 92 17 72 18 15 19 65 20 27
1 46 2 2 3 73 4 19 5 44 6 28 7 61 8 14 9 40 10 83 11 41 12 55 13 68 14 57 15 14 16 16 17 37 18 9 19 44 20 60
1 21 2 69 3 75 4 55 5 43 6 83 7 87 8 30 9 63 10 30 11 21 12 47 13 63 14 59 15 34 16 27 17 79 18 60 19 70 20 11
1 91 2 57 3 8 4 65 5 57 6 94 7 73 8 83 9 90 10 12 11 18 12 59 13 34 14 62 15 68 16 88 17 69 18 42 19 27 20 44
1 2 2 10 3 16 4 35 5 92 6 30 7 16 8 2 9 41 10 3 11 71 12 10 13 62 14 9 15 95 16 93 17 97 18 20 19 85 20 55
1 65 2 58 3 39 4 53 5 19 6 3 7 24 8 49 9 37 10 71 11 44 12 40 13 54 14 88 15 26 16 37 17 32 18 96 19 61 20 6
1 80 2 52 3 80 4 3 5 51 6 21 7 40 8 25 9 77 10 26 11 55 12 31 13 88 14 35 15 64 16 87 17 98 18 83 19 37 20 94
1 68 2 88 3 42 4 82 5 81 6 74 7 95 8 65 9 19 10 94 11 53 12 25 13 53 14 95 15 22 16 96 17 39 18 53 19 78 20 14
1 5 2 20 3 70 4 64 5 14 6 37 7 65 8 52 9 69 10 94 11 47 12 18 13 4 14 25 15 45 16 9 17 13 18 44 19 20 20 9
1 47 2 71 3 68 4 9 5 22 6 57 7 14 8 86 9 9 10 67 11 15 12 38 13 20 14 19 15 55 16 29 17 62 18 68 19 54 20 59
1 29 2 86 3 58 4 2 5 57 6 72 7 46 8 84 9 49 10 19 11 48 12 71 13 94 14 38 15 76 16 40 17 38 18 30 19 80 20 24
1 97 2 16 3 56 4 78 5 43 6 69 7 45 8 58 9 30 10 96 11 90 12 74 13 82 14 21 15 67 16 27 17 66 18 48 19 11 20 69
1 31 2 39 3 82 4 81 5 22 6 66 7 9 8 26 9 60 10 18 11 15 12 54 13 85 14 67 15 74 16 95 17 18 18 34 19 46 20 63
1 39 2 74 3 70 4 17 5 28 6 77 7 5 8 91 9 56 10 31 11 50 12 93 13 88 14 65 15 45 16 14 17 43 18 17 19 7 20 55
1 44 2 22 3 27 4 42 5 13 6 67 7 83 8 87 9 33 10 22 11 75 12 27 13 96 14 72 15 87 16 88 17 51 18 40 19 1 20 59
1 50 2 65 3 21 4 95 5 65 6 38 7 30 8 50 9 62 10 49 11 9 12 97 13 6 14 43 15 35 16 79 17 12 18 98 19 86 20 65
1 86 2 50 3 97 4 88 5 99 6 59 7 12 8 26 9 60 10 73 11 17 12 73 13 11 14 18 15 38 16 59 17 25 18 70 19 49 20 79
1 67 2 24 3 68 4 3 5 22 6 4 7 7 8 81 9 55 10 93 11 5 12 47 13 5 14 70 15 99 16 75 17 41 18 39 19 48 20 22
1 41 2 44 3 38 4 34 5 68 6 5 7 32 8 13 9 15 10 26 11 30 12 24 13 19 14 93 15 26 16 22 17 48 18 79 19 82 20 27
1 24 2 97 3 47 4 87 5 51 6 43 7 35 8 54 9 39 10 24 11 72 12 15 13 50 14 98 15 10 16 64 17 55 18 44 19 90 20 22
1 74 2 26 3 12 4 41 5 16 6 50 7 25 8 87 9 82 10 98 11 60 12 52 13 98 14 50 15 19 16 70 17 40 18 64 19 20 20 39
1 70 2 90 3 35 4 41 5 62 6 32 7 8 8 93 9 12 10 66 11 47 12 59 13 75 14 19 15 40 16 54 17 78 18 36 19 92 20 96
1 68 2 64 3 95 4 78 5 54 6 35 7 98 8 57 9 68 10 69 11 48 12 12 13 16 14 54 15 87 16 80 17 46 18 76 19 81 20 51
1 14 2 31 3 95 4 34 5 51 6 47 7 12 8 42 9 31 10 31 11 99 12 68 13 27 14 40 15 97 16 51 17 96 18 96 19 73 20 98
1 77 2 29 3 78 4 63 5 16 6 71 7 86 8 43 9 2 10 36 11 68 12 55 13 34 14 73 15 99 16 51 17 56 18 94 19 58 20 85
1 25 2 20 3 60 4 56 5 71 6 38 7 7 8 34 9 89 10 92 11 66 12 70 13 13 14 6 15 5 16 14 17 71 18 77 19 97 20 18
1 27 2 32 3 61 4 14 5 52 6 90 7 94 8 49 9 93 10 68 11 53 12 57 13 15 14 59 15 11 16 94 17 79 18 46 19 67 20 49
1 33 2 17 3 90 4 36 5 38 6 23 7 28 8 88 9 27 10 62 11 92 12 48 13 87 14 80 15 94 16 72 17 71 18 45 19 8 20 4
1 74 2 74 3 14 4 33 5 52 6 54 7 50 8 36 9 81 10 51 11 63 12 23 13 35 14 8 15 35 16 33 17 95 18 33 19 18 20 83
1 69 2 39 3 29 4 63 5 21 6 17 7 67 8 95 9 79 10 40 11 89 12 21 13 8 14 26 15 70 16 9 17 34 18 6 19 1 20 65
1 50 2 69 3 22 4 30 5 59 6 78 7 8 8 16 9 33 10 99 11 35 12 81 13 89 14 55 15 63 16 61 17 59 18 13 19 17 20 80
1 63 2 98 3 97 4 93 5 71 6 94 7 53 8 11 9 45 10 29 11 60 12 78 13 13 14 42 15 55 16 91 17 92 18 39 19 10 20 75
1 90 2 68 3 4 4 36 5 4 6 8 7 69 8 5 9 38 10 32 11 17 12 93 13 15 14 74 15 26 16 5 17 46 18 82 19 18 20 62
1 99 2 5 3 75 4 46 5 37 6 23 7 24 8 19 9 52 10 88 11 81 12 23 13 29 14 76 15 14 16 67 17 24 18 36 19 25 20 76
1 99 2 9 3 19 4 83 5 85 6 3 7 20 8 43 9 51 10 38 11 2 12 83 13 52 14 43 15 98 16 23 17 80 18 52 19 28 20 93
1 14 2 9 3 88 4 90 5 77 6 22 7 39 8 93 9 28 10 65 11 25 12 56 13 48 14 83 15 76 16 79 17 45 18 13 19 20 20 53
1 54 2 98 3 46 4 29 5 84 6 91 7 51 8 28 9 67 10 83 11 74 12 77 13 17 14 54 15 45 16 48 17 62 18 14 19 56 20 90
1 18 2 65 3 45 4 3 5 1 6 47 7 95 8 83 9 36 10 11 11 95 12 29 13 89 14 79 15 35 16 25 17 62 18 23 19 82 20 38
1 12 2 1 3 29 4 18 5 1 6 77 7 13 8 44 9 30 10 5 11 34 12 49 13 20 14 82 15 90 16 38 17 32 18 31 19 23 20 41
1 18 2 28 3 62 4 22 5 42 6 60 7 76 8 6 9 32 10 83 11 95 12 81 13 36 14 54 15 91 16 21 17 22 18 58 19 24 20 12
1 13 2 79 3 62 4 32 5 80 6 84 7 36 8 93 9 99 10 70 11 58 12 26 13 22 14 30 15 81 16 42 17 40 18 22 19 51 20 46
1 7 2 19 3 1 4 47 5 84 6 81 7 33 8 20 9 39 10 67 11 78 12 35 13 50 14 97 15 86 16 23 17 10 18 18 19 23 20 17
1 1 2 63 3 71 4 7 5 89 6 67 7 75 8 79 9 43 10 68 11 31 12 39 13 71 14 59 15 28 16 42 17 99 18 45 19 31 20 31
1 11 2 91 3 12 4 53 5 83 6 77 7 62 8 16 9 78 10 85 11 71 12 86 13 7 14 92 15 65 16 50 17 71 18 96 19 24 20 20
1 79 2 82 3 93 4 57 5 99 6 43 7 32 8 54 9 21 10 50 11 99 12 80 13 56 14 76 15 1 16 83 17 18 18 17 19 12 20 33
