500 20
1 36 2 21 3 87 4 18 5 33 6 68 7 24 8 30 9 44 10 57 11 93 12 53 13 76 14 8 15 10 16 34 17 1 18 6 19 19 20 85
1 47 2 49 3 59 4 15 5 44 6 56 7 20 8 82 9 4 10 65 11 15 12 24 13 52 14 28 15 80 16 75 17 45 18 79 19 33 20 55
1 97 2 38 3 83 4 33 5 37 6 76 7 93 8 50 9 27 10 24 11 84 12 70 13 14 14 45 15 4 16 23 17 66 18 71 19 7 20 80
1 26 2 3 3 29 4 76 5 85 6 87 7 80 8 33 9 29 10 85 11 33 12 22 13 20 14 66 15 91 16 26 17 68 18 38 19 52 20 80
1 74 2 53 3 37 4 96 5 87 6 2 7 35 8 11 9 85 10 4 11 15 12 78 13 83 14 47 15 80 16 70 17 41 18 68 19 8 20 25
1 79 2 17 3 20 4 18 5 76 6 11 7 37 8 50 9 20 10 53 11 77 12 3 13 69 14 70 15 92 16 23 17 29 18 75 19 53 20 63
1 47 2 1 3 67 4 43 5 86 6 20 7 96 8 19 9 57 10 45 11 73 12 86 13 37 14 99 15 9 16 98 17 69 18 23 19 61 20 9
1 72 2 76 3 71 4 9 5 11 6 20 7 53 8 17 9 30 10 62 11 53 12 43 13 2 14 87 15 51 16 4 17 23 18 12 19 51 20 96
1 31 2 80 3 35 4 83 5 38 6 48 7 4 8 84 9 20 10 80 11 92 12 23 13 79 14 1 15 67 16 64 17 99 18 70 19 46 20 42
1 15 2 3 3 10 4 19 5 14 6 52 7 95 8 29 9 16 10 4 11 78 12 28 13 48 14 81 15 88 16 77 17 5 18 67 19 98 20 51
1 37 2 57 3 73 4 26 5 76 6 91 7 42 8 24 9 79 10 82 11 81 12 99 13 89 14 5 15 2 16 2 17 42 18 67 19 75 20 63
1 96 2 83 3 63 4 52 5 9 6 83 7 24 8 36 9 67 10 32 11 4 12 94 13 21 14 33 15 72 16 33 17 67 18 73 19 24 20 37
1 59 2 8 3 17 4 47 5 63 6 28 7 98 8 4 9 57 10 8 11 78 12 94 13 82 14 72 15 16 16 35 17 39 18 59 19 45 20 83
1 41 2 60 3 52 4 59 5 99 6 11 7 71 8 4 9 85 10 2 11 96 12 97 13 34 14 67 15 19 16 95 17 58 18 48 19 69 20 5
1 72 2 42 3 55 4 45 5 89 6 23 7 54 8 7 9 67 10 40 11 73 12 34 13 19 14 80 15 7 16 11 17 69 18 42 19 75 20 24
1 79 2 52 3 51 4 12 5 53 6 8 7 16 8 21 9 62 10 99 11 31 12 22 13 30 14 67 15 24 16 43 17 56 18 70 19 22 20 97
1 19 2 33 3 34 4 4 5 4 6 87 7 29 8 46 9 19 10 92 11 56 12 13 13 28 14 64 15 66 16 14 17 66 18 48 19 78 20 88
1 54 2 63 3 94 4 17 5 39 6 35 7 6 8 98 9 96 10 66 11 72 12 76 13 91 14 85 15 64 16 27 17 6 18 22 19 31 20 69
1 16 2 30 3 94 4 20 5 84 6 95 7 92 8 31 9 47 10 93 11 81 12 82 13 67 14 41 15 88 16 72 17 70 18 7 19 35 20 35
1 12 2 25 3 43 4 77 5 45 6 27 7 80 8 67 9 12 10 63 11 94 12 5 13 41 14 24 15 68 16 90 17 97 18 66 19 15 20 19
1 55 2 91 3 99 4 12 5 73 6 52 7 24 8 46 9 65 10 48 11 19 12 35 13 19 14 67 15 99 16 99 17 11 18 50 19 34 20 66
1 74 2 64 3 8 4 18 5 77 6 92 7 85 8 43 9 63 10 70 11 13 12 18 13 28 14 77 15 94 16 47 17 77 18 4 19 12 20 17
1 84 2 72 3 69 4 45 5 51 6 33 7 14 8 99 9 49 10 36 11 97 12 35 13 80 14 94 15 38 16 25 17 80 18 18 19 90 20 63
1 55 2 44 3 93 4 48 5 68 6 53 7 15 8 79 9 4 10 95 11 95 12 19 13 58 14 58 15 9 16 31 17 37 18 26 19 54 20 69
1 15 2 75 3 81 4 66 5 21 6 27 7 87 8 19 9 33 10 64 11 20 12 70 13 26 14 68 15 5 16 10 17 49 18 38 19 25 20 90
1 4 2 19 3 7 4 29 5 71 6 79 7 20 8 84 9 59 10 30 11 43 12 33 13 76 14 33 15 90 16 42 17 94 18 61 19 76 20 87
1 71 2 5 3 82 4 92 5 51 6 3 7 12 8 21 9 58 10 66 11 63 12 46 13 71 14 79 15 84 16 56 17 84 18 72 19 35 20 48
1 93 2 56 3 20 4 19 5 64 6 30 7 11 8 41 9 38 10 93 11 86 12 58 13 63 14 99 15 28 16 45 17 15 18 28 19 44 20 70
1 8 2 67 3 67 4 75 5 75 6 50 7 33 8 51 9 32 10 87 11 99 12 67 13 66 14 32 15 76 16 34 17 89 18 9 19 7 20 86
1 26 2 80 3 44 4 53 5 38 6 32 7 81 8 46 9 1 10 53 11 26 12 83 13 24 14 35 15 82 16 2 17 63 18 44 19 45 20 26
1 3 2 66 3 63 4 37 5 47 6 23 7 98 8 2 9 7 10 48 11 49 12 27 13 36 14 10 15 17 16 22 17 75 18 71 19 19 20 33
1 68 2 82 3 4 4 37 5 62 6 89 7 62 8 7 9 14 10 26 11 69 12 80 13 94 14 2 15 66 16 34 17 81 18 74 19 68 20 31
1 91 2 90 3 10 4 61 5 7 6 72 7 35 8 41 9 78 10 19 11 24 12 45 13 8 14 39 15 5 16 20 17 79 18 8 19 46 20 10
1 83 2 56 3 75 4 26 5 76 6 35 7 63 8 62 9 14 10 49 11 16 12 9 13 49 14 85 15 61 16 27 17 98 18 36 19 32 20 83
1 34 2 13 3 39 4 17 5 81 6 84 7 46 8 50 9 63 10 81 11 44 12 56 13 44 14 81 15 96 16 8 17 51 18 64 19 45 20 41
1 34 2 79 3 83 4 16 5 58 6 13 7 56 8 55 9 14 10 65 11 79 12 91 13 62 14 55 15 59 16 21 17 1 18 11 19 51 20 84
1 51 2 18 3 71 4 43 5 37 6 68 7 37 8 39 9 43 10 31 11 63 12 71 13 68 14 86 15 65 16 82 17 78 18 74 19 93 20 7
1 33 2 3 3 1 4 34 5 54 6 8 7 87 8 25 9 83 10 57 11 59 12 3 13 46 14 24 15 99 16 3 17 45 18 12 19 89 20 88
1 19 2 77 3 41 4 52 5 93 6 90 7 47 8 50 9 2 10 24 11 50 12 80 13 94 14 40 15 38 16 35 17 46 18 34 19 10 20 74
1 5 2 56 3 52 4 69 5 3 6 40 7 26 8 29 9 24 10 81 11 37 12 93 13 46 14 15 15 12 16 74 17 74 18 29 19 50 20 86
1 12 2 50 3 70 4 50 5 47 6 72 7 96 8 46 9 9 10 13 11 85 12 20 13 59 14 94 15 31 16 80 17 80 18 77 19 80 20 90
1 7 2 23 3 59 4 57 5 26 6 64 7 37 8 2 9 94 10 51 11 39 12 57 13 42 14 42 15 48 16 42 17 84 18 48 19 33 20 2
1 10 2 37 3 47 4 26 5 46 6 38 7 21 8 57 9 51 10 27 11 72 12 99 13 81 14 29 15 94 16 48 17 86 18 94 19 87 20 50
1 22 2 33 3 63 4 51 5 53 6 12 7 82 8 54 9 7 10 71 11 95 12 74 13 67 14 30 15 57 16 36 17 5 18 33 19 19 20 85
1 41 2 43 3 5 4 12 5 47 6 83 7 75 8 16 9 91 10 72 11 86 12 16 13 32 14 83 15 44 16 91 17 41 18 43 19 29 20 63
1 97 2 70 3 65 4 90 5 4 6 75 7 38 8 42 9 7 10 27 11 12 12 45 13 69 14 78 15 66 16 2 17 81 18 76 19 67 20 98
1 52 2 63 3 6 4 11 5 84 6 72 7 90 8 84 9 75 10 17 11 3 12 87 13 19 14 47 15 73 16 13 17 8 18 56 19 65 20 82
1 98 2 78 3 10 4 2 5 68 6 15 7 82 8 73 9 57 10 66 11 30 12 5 13 57 14 74 15 35 16 58 17 10 18 76 19 32 20 67
1 42 2 54 3 39 4 41 5 11 6 91 7 63 8 26 9 24 10 70 11 31 12 22 13 36 14 44 15 7 16 61 17 20 18 99 19 99 20 91
1 46 2 52 3 73 4 96 5 16 6 95 7 33 8 64 9 61 10 26 11 39 12 33 13 16 14 58 15 92 16 53 17 13 18 44 19 64 20 89
1 25 2 7 3 94 4 97 5 25 6 54 7 78 8 35 9 63 10 9 11 84 12 76 13 88 14 20 15 68 16 15 17 23 18 91 19 85 20 41
1 24 2 15 3 87 4 67 5 27 6 35 7 82 8 47 9 40 10 66 11 51 12 74 13 20 14 3 15 46 16 19 17 27 18 3 19 11 20 20
1 35 2 41 3 4 4 90 5 77 6 10 7 55 8 26 9 28 10 60 11 86 12 37 13 51 14 10 15 31 16 55 17 99 18 1 19 18 20 13
1 21 2 30 3 58 4 65 5 19 6 95 7 44 8 13 9 99 10 29 11 5 12 24 13 56 14 18 15 45 16 66 17 58 18 29 19 29 20 75
1 5 2 70 3 60 4 3 5 67 6 36 7 8 8 16 9 84 10 92 11 81 12 36 13 93 14 35 15 92 16 37 17 68 18 98 19 54 20 41
1 18 2 50 3 52 4 63 5 98 6 30 7 23 8 3 9 73 10 17 11 57 12 22 13 60 14 18 15 67 16 9 17 61 18 75 19 2 20 1
1 89 2 54 3 86 4 62 5 23 6 40 7 33 8 8 9 49 10 81 11 92 12 73 13 73 14 28 15 55 16 53 17 78 18 49 19 49 20 80
1 94 2 58 3 7 4 99 5 29 6 77 7 12 8 99 9 38 10 79 11 31 12 46 13 40 14 36 15 46 16 92 17 17 18 69 19 67 20 16
1 30 2 55 3 98 4 84 5 42 6 83 7 56 8 28 9 40 10 11 11 66 12 18 13 47 14 44 15 18 16 63 17 22 18 73 19 59 20 74
1 88 2 46 3 13 4 21 5 23 6 3 7 99 8 93 9 13 10 56 11 59 12 7 13 58 14 68 15 49 16 64 17 94 18 35 19 81 20 94
1 75 2 34 3 32 4 82 5 94 6 20 7 36 8 30 9 82 10 45 11 65 12 47 13 49 14 36 15 65 16 67 17 71 18 34 19 94 20 94
1 8 2 30 3 64 4 65 5 1 6 42 7 41 8 50 9 63 10 87 11 72 12 84 13 93 14 69 15 25 16 58 17 71 18 25 19 57 20 43
1 54 2 27 3 75 4 18 5 16 6 97 7 91 8 96 9 12 10 89 11 26 12 6 13 91 14 9 15 76 16 49 17 4 18 72 19 23 20 68
1 1 2 96 3 66 4 26 5 62 6 98 7 63 8 16 9 18 10 53 11 93 12 51 13 31 14 73 15 44 16 30 17 96 18 58 19 72 20 10
1 57 2 44 3 73 4 85 5 28 6 61 7 63 8 2 9 83 10 75 11 73 12 78 13 66 14 75 15 66 16 99 17 43 18 53 19 65 20 49
1 84 2 20 3 69 4 53 5 92 6 5 7 1 8 54 9 78 10 99 11 8 12 7 13 81 14 15 15 32 16 3 17 7 18 52 19 95 20 34
1 4 2 23 3 22 4 75 5 71 6 33 7 32 8 13 9 65 10 90 11 90 12 72 13 88 14 95 15 30 16 93 17 4 18 38 19 38 20 1
1 57 2 54 3 84 4 42 5 84 6 94 7 25 8 77 9 58 10 22 11 46 12 61 13 93 14 80 15 19 16 99 17 3 18 65 19 71 20 74
1 13 2 69 3 7 4 34 5 14 6 5 7 12 8 94 9 39 10 36 11 46 12 30 13 74 14 51 15 72 16 37 17 9 18 66 19 30 20 75
1 48 2 95 3 95 4 39 5 32 6 82 7 63 8 18 9 41 10 27 11 13 12 58 13 91 14 89 15 2 16 70 17 43 18 19 19 27 20 43
1 68 2 51 3 32 4 78 5 93 6 35 7 15 8 39 9 89 10 17 11 51 12 46 13 58 14 77 15 64 16 81 17 74 18 31 19 34 20 43
1 81 2 79 3 74 4 80 5 76 6 71 7 41 8 12 9 71 10 67 11 37 12 34 13 16 14 26 15 76 16 92 17 7 18 85 19 54 20 43
1 31 2 19 3 39 4 73 5 31 6 65 7 18 8 1 9 16 10 83 11 5 12 7 13 11 14 86 15 38 16 47 17 70 18 10 19 4 20 77
1 8 2 83 3 74 4 24 5 76 6 61 7 33 8 3 9 58 10 37 11 52 12 75 13 34 14 12 15 52 16 53 17 92 18 99 19 56 20 68
1 30 2 26 3 90 4 58 5 1 6 60 7 37 8 83 9 96 10 62 11 3 12 24 13 62 14 73 15 55 16 30 17 20 18 87 19 14 20 57
1 68 2 75 3 96 4 60 5 48 6 26 7 17 8 42 9 61 10 32 11 12 12 15 13 9 14 74 15 99 16 53 17 51 18 51 19 29 20 55
1 49 2 42 3 5 4 3 5 58 6 82 7 93 8 13 9 7 10 92 11 28 12 59 13 15 14 59 15 57 16 26 17 34 18 95 19 95 20 58
1 52 2 88 3 71 4 42 5 47 6 73 7 23 8 92 9 20 10 50 11 86 12 61 13 9 14 27 15 66 16 41 17 51 18 43 19 91 20 7
1 3 2 33 3 17 4 90 5 75 6 29 7 2 8 66 9 76 10 48 11 13 12 93 13 39 14 72 15 90 16 11 17 98 18 71 19 34 20 37
1 69 2 79 3 35 4 90 5 61 6 86 7 59 8 14 9 90 10 3 11 38 12 34 13 84 14 26 15 42 16 59 17 81 18 99 19 90 20 9
1 30 2 83 3 83 4 17 5 19 6 41 7 8 8 91 9 26 10 61 11 18 12 31 13 12 14 63 15 35 16 94 17 88 18 78 19 76 20 56
1 6 2 38 3 89 4 10 5 65 6 1 7 70 8 41 9 47 10 85 11 26 12 8 13 97 14 58 15 43 16 45 17 90 18 94 19 30 20 54
1 92 2 92 3 37 4 19 5 5 6 83 7 62 8 91 9 75 10 71 11 72 12 72 13 78 14 98 15 53 16 40 17 16 18 36 19 32 20 17
1 71 2 26 3 43 4 63 5 98 6 10 7 45 8 70 9 24 10 69 11 30 12 16 13 63 14 58 15 86 16 22 17 13 18 60 19 83 20 69
1 18 2 73 3 21 4 83 5 15 6 15 7 20 8 2 9 9 10 4 11 1 12 66 13 10 14 62 15 86 16 37 17 81 18 65 19 57 20 41
1 27 2 90 3 82 4 33 5 23 6 40 7 98 8 34 9 48 10 16 11 85 12 4 13 50 14 84 15 6 16 26 17 20 18 80 19 52 20 59
1 64 2 85 3 11 4 25 5 77 6 77 7 37 8 42 9 89 10 79 11 2 12 1 13 93 14 48 15 82 16 65 17 33 18 52 19 73 20 92
1 65 2 81 3 36 4 49 5 41 6 3 7 25 8 25 9 40 10 63 11 46 12 1 13 98 14 69 15 56 16 25 17 21 18 68 19 58 20 54
1 48 2 95 3 7 4 64 5 94 6 1 7 9 8 1 9 99 10 94 11 77 12 53 13 48 14 30 15 88 16 77 17 14 18 27 19 2 20 16
1 76 2 29 3 81 4 18 5 14 6 54 7 10 8 44 9 17 10 81 11 40 12 40 13 36 14 62 15 20 16 12 17 84 18 83 19 27 20 80
1 98 2 67 3 37 4 91 5 31 6 13 7 46 8 64 9 54 10 99 11 35 12 92 13 61 14 29 15 12 16 93 17 85 18 48 19 74 20 90
1 92 2 97 3 84 4 45 5 32 6 29 7 56 8 59 9 87 10 38 11 18 12 81 13 43 14 85 15 50 16 63 17 49 18 35 19 47 20 14
1 73 2 75 3 17 4 71 5 63 6 79 7 45 8 44 9 51 10 20 11 98 12 43 13 79 14 66 15 78 16 16 17 78 18 25 19 4 20 5
1 82 2 82 3 34 4 66 5 31 6 20 7 55 8 49 9 65 10 14 11 16 12 44 13 55 14 66 15 70 16 98 17 41 18 44 19 52 20 97
1 54 2 15 3 71 4 60 5 82 6 24 7 51 8 12 9 12 10 88 11 73 12 71 13 4 14 49 15 23 16 2 17 91 18 15 19 83 20 97
1 21 2 47 3 80 4 68 5 24 6 54 7 42 8 37 9 76 10 55 11 82 12 65 13 70 14 30 15 69 16 40 17 33 18 33 19 75 20 81
1 46 2 43 3 50 4 89 5 32 6 19 7 55 8 26 9 18 10 87 11 74 12 52 13 95 14 81 15 52 16 15 17 89 18 43 19 33 20 26
1 40 2 48 3 87 4 10 5 45 6 73 7 64 8 33 9 8 10 11 11 11 12 4 13 52 14 8 15 84 16 81 17 38 18 85 19 33 20 64
1 1 2 70 3 74 4 87 5 79 6 65 7 84 8 15 9 83 10 20 11 98 12 8 13 88 14 58 15 55 16 8 17 54 18 40 19 39 20 81
1 72 2 14 3 64 4 99 5 54 6 39 7 41 8 69 9 34 10 58 11 22 12 57 13 95 14 57 15 23 16 20 17 16 18 26 19 45 20 37
1 60 2 14 3 46 4 26 5 29 6 57 7 96 8 58 9 1 10 17 11 89 12 28 13 24 14 97 15 42 16 20 17 17 18 96 19 37 20 7
1 69 2 41 3 24 4 38 5 12 6 9 7 99 8 96 9 28 10 24 11 79 12 68 13 54 14 51 15 65 16 85 17 39 18 58 19 53 20 67
1 62 2 26 3 54 4 94 5 26 6 47 7 50 8 70 9 50 10 91 11 12 12 47 13 41 14 92 15 59 16 48 17 52 18 21 19 76 20 91
1 79 2 29 3 30 4 56 5 39 6 91 7 57 8 5 9 25 10 34 11 93 12 73 13 9 14 64 15 22 16 91 17 55 18 38 19 30 20 25
1 99 2 92 3 15 4 4 5 73 6 65 7 39 8 24 9 93 10 36 11 46 12 56 13 75 14 16 15 28 16 66 17 55 18 58 19 16 20 97
1 51 2 82 3 89 4 78 5 22 6 75 7 60 8 24 9 82 10 27 11 60 12 71 13 43 14 46 15 67 16 24 17 26 18 99 19 15 20 49
1 12 2 56 3 43 4 40 5 34 6 63 7 11 8 28 9 75 10 77 11 1 12 92 13 4 14 37 15 3 16 63 17 19 18 69 19 28 20 61
1 59 2 47 3 24 4 29 5 16 6 90 7 91 8 67 9 81 10 46 11 75 12 86 13 93 14 28 15 78 16 24 17 51 18 99 19 31 20 12
1 68 2 14 3 1 4 41 5 24 6 18 7 22 8 27 9 99 10 31 11 54 12 76 13 9 14 32 15 52 16 71 17 92 18 96 19 63 20 80
1 22 2 37 3 20 4 92 5 88 6 5 7 31 8 91 9 39 10 88 11 51 12 2 13 62 14 25 15 42 16 64 17 92 18 56 19 38 20 59
1 86 2 92 3 86 4 37 5 34 6 66 7 39 8 71 9 73 10 54 11 56 12 77 13 2 14 40 15 20 16 57 17 43 18 29 19 53 20 74
1 27 2 76 3 94 4 31 5 76 6 45 7 52 8 30 9 7 10 38 11 31 12 17 13 23 14 49 15 24 16 94 17 34 18 72 19 20 20 16
1 6 2 54 3 96 4 37 5 44 6 45 7 97 8 34 9 80 10 62 11 4 12 49 13 1 14 40 15 63 16 45 17 32 18 88 19 23 20 39
1 80 2 76 3 7 4 58 5 53 6 87 7 69 8 89 9 3 10 21 11 7 12 65 13 34 14 36 15 81 16 23 17 25 18 79 19 64 20 99
1 59 2 75 3 8 4 84 5 77 6 51 7 21 8 20 9 24 10 51 11 48 12 61 13 19 14 65 15 60 16 35 17 10 18 51 19 18 20 65
1 26 2 34 3 60 4 27 5 11 6 42 7 76 8 34 9 26 10 2 11 31 12 66 13 41 14 1 15 5 16 72 17 5 18 71 19 4 20 99
1 14 2 63 3 82 4 3 5 45 6 46 7 33 8 96 9 31 10 30 11 85 12 73 13 94 14 20 15 42 16 44 17 66 18 93 19 74 20 85
1 9 2 37 3 16 4 34 5 25 6 42 7 46 8 64 9 58 10 57 11 24 12 92 13 84 14 18 15 87 16 49 17 45 18 11 19 21 20 69
1 93 2 90 3 69 4 22 5 21 6 43 7 82 8 41 9 44 10 68 11 79 12 54 13 64 14 56 15 46 16 79 17 44 18 54 19 5 20 9
1 84 2 37 3 98 4 6 5 98 6 57 7 82 8 68 9 46 10 1 11 59 12 30 13 12 14 95 15 28 16 74 17 98 18 50 19 87 20 78
1 42 2 76 3 85 4 92 5 68 6 30 7 32 8 87 9 23 10 80 11 26 12 3 13 92 14 56 15 67 16 22 17 21 18 36 19 85 20 79
1 72 2 34 3 27 4 54 5 97 6 67 7 37 8 87 9 95 10 19 11 42 12 35 13 70 14 59 15 79 16 99 17 34 18 66 19 66 20 75
1 28 2 55 3 2 4 72 5 93 6 21 7 54 8 40 9 7 10 32 11 73 12 91 13 71 14 48 15 43 16 54 17 91 18 54 19 33 20 17
1 47 2 83 3 74 4 83 5 78 6 54 7 58 8 10 9 81 10 24 11 75 12 96 13 19 14 65 15 23 16 4 17 80 18 76 19 40 20 54
1 26 2 83 3 89 4 8 5 4 6 91 7 30 8 77 9 85 10 48 11 17 12 97 13 15 14 90 15 16 16 28 17 94 18 65 19 2 20 84
1 12 2 46 3 89 4 80 5 41 6 55 7 97 8 93 9 38 10 55 11 20 12 43 13 3 14 26 15 28 16 29 17 77 18 51 19 94 20 93
1 81 2 7 3 53 4 6 5 94 6 37 7 45 8 51 9 45 10 7 11 88 12 64 13 12 14 15 15 1 16 24 17 89 18 38 19 28 20 3
1 36 2 55 3 42 4 31 5 39 6 72 7 25 8 10 9 16 10 34 11 56 12 67 13 25 14 18 15 40 16 27 17 98 18 9 19 95 20 88
1 68 2 4 3 16 4 50 5 6 6 11 7 8 8 52 9 62 10 14 11 5 12 7 13 58 14 24 15 54 16 39 17 49 18 63 19 17 20 26
1 96 2 53 3 3 4 74 5 52 6 21 7 45 8 91 9 22 10 22 11 12 12 98 13 34 14 26 15 49 16 27 17 48 18 62 19 33 20 98
1 40 2 71 3 30 4 12 5 90 6 64 7 48 8 63 9 94 10 11 11 75 12 5 13 70 14 25 15 57 16 38 17 82 18 99 19 43 20 82
1 54 2 72 3 72 4 27 5 58 6 91 7 55 8 7 9 50 10 1 11 99 12 46 13 18 14 94 15 77 16 70 17 4 18 76 19 72 20 71
1 57 2 66 3 66 4 60 5 70 6 85 7 43 8 38 9 49 10 60 11 28 12 8 13 86 14 6 15 26 16 92 17 55 18 43 19 12 20 55
1 3 2 48 3 87 4 82 5 38 6 9 7 47 8 72 9 52 10 44 11 20 12 57 13 68 14 96 15 96 16 68 17 94 18 94 19 87 20 66
1 13 2 19 3 9 4 32 5 21 6 79 7 74 8 69 9 83 10 1 11 27 12 39 13 19 14 80 15 56 16 61 17 13 18 18 19 37 20 33
1 29 2 72 3 97 4 86 5 64 6 74 7 69 8 3 9 15 10 3 11 67 12 31 13 39 14 20 15 10 16 19 17 16 18 77 19 22 20 75
1 98 2 78 3 74 4 30 5 23 6 63 7 59 8 39 9 23 10 33 11 64 12 31 13 11 14 45 15 95 16 23 17 1 18 2 19 95 20 85
1 1 2 38 3 90 4 21 5 51 6 50 7 33 8 43 9 40 10 58 11 33 12 71 13 89 14 91 15 8 16 84 17 91 18 56 19 36 20 10
1 25 2 8 3 13 4 65 5 52 6 15 7 28 8 43 9 88 10 34 11 96 12 67 13 43 14 12 15 85 16 9 17 55 18 11 19 62 20 80
1 23 2 14 3 69 4 68 5 73 6 16 7 97 8 26 9 23 10 50 11 13 12 6 13 84 14 97 15 1 16 83 17 94 18 9 19 68 20 63
1 33 2 51 3 92 4 58 5 76 6 63 7 2 8 33 9 99 10 87 11 68 12 2 13 40 14 6 15 42 16 38 17 83 18 10 19 44 20 41
1 40 2 38 3 50 4 50 5 45 6 10 7 27 8 9 9 54 10 13 11 15 12 61 13 68 14 12 15 36 16 49 17 12 18 72 19 72 20 39
1 31 2 29 3 46 4 79 5 99 6 48 7 54 8 85 9 11 10 3 11 89 12 19 13 13 14 16 15 18 16 54 17 92 18 52 19 19 20 39
1 96 2 54 3 39 4 73 5 54 6 97 7 42 8 31 9 30 10 42 11 37 12 43 13 49 14 11 15 50 16 20 17 75 18 30 19 73 20 28
1 58 2 81 3 10 4 46 5 28 6 99 7 8 8 64 9 80 10 21 11 66 12 18 13 64 14 17 15 25 16 58 17 55 18 16 19 97 20 10
1 81 2 28 3 64 4 64 5 8 6 82 7 6 8 19 9 10 10 77 11 71 12 57 13 11 14 66 15 99 16 77 17 96 18 22 19 91 20 77
1 82 2 13 3 84 4 67 5 2 6 5 7 34 8 94 9 1 10 47 11 30 12 4 13 17 14 10 15 27 16 73 17 85 18 55 19 75 20 9
1 43 2 26 3 3 4 88 5 36 6 75 7 31 8 69 9 53 10 96 11 7 12 25 13 34 14 53 15 57 16 45 17 4 18 40 19 49 20 77
1 60 2 80 3 69 4 92 5 99 6 86 7 17 8 11 9 19 10 6 11 96 12 90 13 52 14 28 15 2 16 19 17 24 18 38 19 34 20 7
1 80 2 67 3 83 4 24 5 37 6 55 7 33 8 88 9 87 10 81 11 22 12 91 13 71 14 33 15 34 16 40 17 40 18 68 19 60 20 58
1 86 2 76 3 99 4 33 5 25 6 64 7 64 8 84 9 11 10 24 11 92 12 96 13 62 14 79 15 7 16 43 17 37 18 20 19 3 20 58
1 65 2 73 3 7 4 45 5 62 6 4 7 61 8 55 9 80 10 71 11 15 12 12 13 47 14 81 15 29 16 21 17 33 18 65 19 92 20 88
1 5 2 69 3 42 4 50 5 90 6 82 7 74 8 45 9 66 10 52 11 71 12 19 13 41 14 8 15 73 16 98 17 55 18 13 19 27 20 22
1 93 2 43 3 96 4 68 5 56 6 51 7 13 8 30 9 66 10 14 11 35 12 50 13 62 14 32 15 13 16 17 17 35 18 43 19 87 20 91
1 92 2 21 3 84 4 57 5 33 6 58 7 93 8 7 9 53 10 87 11 91 12 54 13 8 14 65 15 6 16 75 17 19 18 12 19 82 20 70
1 14 2 74 3 10 4 90 5 39 6 45 7 36 8 89 9 82 10 61 11 34 12 99 13 76 14 13 15 64 16 69 17 32 18 3 19 16 20 69
1 13 2 81 3 32 4 17 5 52 6 81 7 9 8 42 9 29 10 98 11 14 12 1 13 35 14 63 15 40 16 30 17 52 18 70 19 10 20 98
1 64 2 22 3 10 4 75 5 27 6 5 7 94 8 61 9 79 10 86 11 13 12 43 13 54 14 59 15 81 16 56 17 66 18 15 19 52 20 57
1 64 2 77 3 19 4 40 5 95 6 71 7 35 8 55 9 98 10 80 11 29 12 79 13 65 14 97 15 37 16 19 17 81 18 3 19 59 20 6
1 33 2 79 3 31 4 38 5 82 6 3 7 80 8 62 9 38 10 98 11 22 12 9 13 83 14 15 15 31 16 74 17 23 18 6 19 98 20 54
1 42 2 80 3 95 4 88 5 36 6 84 7 80 8 38 9 47 10 18 11 91 12 15 13 71 14 41 15 33 16 31 17 37 18 5 19 36 20 36
1 11 2 32 3 94 4 63 5 2 6 26 7 88 8 38 9 49 10 96 11 12 12 97 13 9 14 32 15 65 16 78 17 95 18 49 19 4 20 58
1 25 2 38 3 79 4 44 5 47 6 50 7 16 8 24 9 76 10 40 11 61 12 61 13 66 14 71 15 7 16 87 17 20 18 78 19 88 20 65
1 32 2 94 3 82 4 84 5 7 6 44 7 31 8 57 9 73 10 50 11 15 12 76 13 1 14 35 15 73 16 9 17 84 18 91 19 70 20 59
1 81 2 65 3 74 4 64 5 5 6 15 7 45 8 73 9 49 10 53 11 84 12 46 13 8 14 32 15 19 16 32 17 34 18 33 19 14 20 78
1 73 2 35 3 24 4 66 5 81 6 62 7 9 8 94 9 3 10 36 11 85 12 42 13 21 14 14 15 1 16 7 17 34 18 42 19 24 20 79
1 97 2 49 3 11 4 10 5 42 6 83 7 29 8 97 9 67 10 81 11 35 12 19 13 14 14 38 15 55 16 21 17 35 18 56 19 18 20 85
1 35 2 61 3 66 4 60 5 34 6 92 7 22 8 43 9 12 10 2 11 27 12 68 13 38 14 74 15 98 16 35 17 83 18 99 19 38 20 10
1 54 2 56 3 98 4 4 5 17 6 96 7 86 8 86 9 73 10 29 11 96 12 1 13 97 14 41 15 38 16 47 17 53 18 18 19 16 20 55
1 21 2 78 3 53 4 98 5 46 6 90 7 62 8 23 9 50 10 98 11 74 12 42 13 25 14 68 15 78 16 85 17 26 18 21 19 20 20 58
1 35 2 20 3 54 4 66 5 92 6 26 7 82 8 57 9 47 10 42 11 8 12 77 13 62 14 46 15 69 16 20 17 98 18 74 19 91 20 97
1 7 2 69 3 59 4 72 5 12 6 61 7 88 8 88 9 80 10 21 11 64 12 81 13 38 14 50 15 11 16 48 17 21 18 18 19 42 20 64
1 68 2 7 3 81 4 60 5 81 6 32 7 15 8 21 9 89 10 11 11 42 12 24 13 34 14 72 15 11 16 56 17 68 18 88 19 99 20 2
1 66 2 98 3 69 4 44 5 32 6 67 7 23 8 86 9 21 10 69 11 30 12 98 13 31 14 96 15 71 16 58 17 83 18 30 19 98 20 8
1 72 2 42 3 33 4 51 5 2 6 36 7 58 8 24 9 24 10 24 11 81 12 39 13 71 14 4 15 84 16 1 17 20 18 77 19 51 20 72
1 87 2 25 3 16 4 47 5 1 6 20 7 54 8 31 9 16 10 91 11 72 12 24 13 30 14 28 15 75 16 3 17 93 18 59 19 38 20 5
1 11 2 56 3 91 4 27 5 90 6 63 7 80 8 55 9 65 10 99 11 66 12 45 13 94 14 81 15 76 16 2 17 67 18 19 19 90 20 51
1 54 2 22 3 36 4 77 5 7 6 93 7 96 8 23 9 71 10 37 11 32 12 72 13 1 14 41 15 71 16 48 17 68 18 1 19 43 20 37
1 42 2 79 3 69 4 43 5 76 6 27 7 95 8 95 9 12 10 66 11 30 12 7 13 11 14 90 15 95 16 43 17 46 18 71 19 1 20 4
1 83 2 12 3 76 4 14 5 2 6 91 7 87 8 78 9 56 10 3 11 67 12 55 13 22 14 33 15 53 16 25 17 36 18 11 19 25 20 77
1 68 2 23 3 20 4 75 5 42 6 11 7 94 8 61 9 76 10 11 11 1 12 18 13 27 14 97 15 35 16 63 17 67 18 99 19 86 20 67
1 83 2 69 3 39 4 63 5 35 6 13 7 66 8 7 9 97 10 9 11 22 12 76 13 3 14 61 15 59 16 37 17 45 18 67 19 86 20 56
1 18 2 42 3 56 4 23 5 77 6 17 7 62 8 68 9 19 10 98 11 47 12 51 13 14 14 45 15 25 16 81 17 35 18 94 19 3 20 11
1 27 2 72 3 72 4 65 5 47 6 84 7 30 8 78 9 53 10 69 11 38 12 77 13 67 14 29 15 94 16 61 17 4 18 95 19 96 20 99
1 12 2 83 3 54 4 15 5 57 6 91 7 46 8 46 9 43 10 94 11 82 12 21 13 50 14 16 15 16 16 16 17 3 18 10 19 47 20 44
1 56 2 87 3 97 4 14 5 50 6 98 7 70 8 23 9 68 10 11 11 55 12 10 13 14 14 33 15 37 16 35 17 86 18 57 19 28 20 83
1 79 2 3 3 68 4 82 5 72 6 76 7 44 8 11 9 41 10 87 11 57 12 58 13 27 14 39 15 77 16 23 17 29 18 36 19 18 20 42
1 76 2 17 3 32 4 28 5 90 6 45 7 6 8 25 9 69 10 74 11 98 12 63 13 62 14 80 15 86 16 32 17 74 18 34 19 32 20 89
1 52 2 71 3 25 4 29 5 87 6 79 7 22 8 77 9 21 10 87 11 56 12 26 13 81 14 89 15 62 16 86 17 53 18 17 19 74 20 13
1 89 2 8 3 38 4 51 5 53 6 90 7 26 8 76 9 67 10 64 11 85 12 48 13 85 14 58 15 87 16 91 17 39 18 10 19 5 20 90
1 34 2 21 3 40 4 44 5 12 6 32 7 22 8 67 9 88 10 78 11 61 12 9 13 99 14 30 15 57 16 13 17 97 18 59 19 66 20 49
1 43 2 65 3 52 4 35 5 55 6 74 7 79 8 37 9 76 10 99 11 28 12 21 13 98 14 87 15 39 16 60 17 91 18 52 19 27 20 50
1 22 2 93 3 79 4 4 5 14 6 53 7 41 8 93 9 86 10 28 11 84 12 49 13 16 14 10 15 70 16 43 17 89 18 45 19 23 20 45
1 72 2 46 3 80 4 36 5 92 6 96 7 77 8 26 9 47 10 34 11 9 12 47 13 34 14 35 15 42 16 50 17 28 18 73 19 18 20 66
1 55 2 9 3 85 4 91 5 89 6 83 7 30 8 57 9 70 10 15 11 28 12 62 13 93 14 73 15 44 16 2 17 99 18 87 19 71 20 65
1 78 2 23 3 27 4 13 5 68 6 65 7 93 8 43 9 39 10 42 11 30 12 24 13 87 14 46 15 69 16 54 17 5 18 30 19 25 20 99
1 99 2 1 3 54 4 64 5 57 6 25 7 9 8 47 9 52 10 24 11 17 12 81 13 79 14 70 15 41 16 13 17 74 18 28 19 33 20 19
1 82 2 33 3 19 4 29 5 5 6 98 7 4 8 46 9 44 10 20 11 8 12 37 13 54 14 47 15 75 16 22 17 41 18 56 19 83 20 49
1 30 2 72 3 15 4 93 5 91 6 65 7 75 8 41 9 38 10 13 11 62 12 1 13 49 14 13 15 74 16 46 17 96 18 58 19 2 20 14
1 79 2 39 3 84 4 85 5 10 6 41 7 41 8 94 9 73 10 19 11 55 12 92 13 86 14 13 15 58 16 45 17 84 18 35 19 85 20 86
1 84 2 95 3 35 4 70 5 9 6 53 7 52 8 89 9 47 10 38 11 9 12 85 13 15 14 74 15 83 16 8 17 28 18 63 19 43 20 97
1 52 2 65 3 26 4 31 5 72 6 90 7 83 8 10 9 85 10 13 11 59 12 31 13 87 14 5 15 9 16 17 17 52 18 46 19 41 20 87
1 22 2 17 3 33 4 23 5 31 6 75 7 14 8 76 9 71 10 82 11 50 12 29 13 9 14 82 15 40 16 85 17 48 18 70 19 16 20 27
1 34 2 50 3 80 4 89 5 43 6 6 7 7 8 8 9 44 10 58 11 67 12 11 13 69 14 79 15 20 16 71 17 71 18 87 19 59 20 82
1 94 2 13 3 22 4 5 5 29 6 65 7 7 8 27 9 41 10 87 11 32 12 6 13 46 14 30 15 22 16 21 17 79 18 11 19 46 20 23
1 42 2 91 3 74 4 63 5 48 6 61 7 70 8 58 9 12 10 61 11 57 12 45 13 31 14 62 15 68 16 9 17 81 18 69 19 92 20 17
1 70 2 89 3 9 4 43 5 71 6 42 7 59 8 64 9 32 10 84 11 18 12 77 13 54 14 35 15 25 16 76 17 42 18 14 19 49 20 56
1 79 2 91 3 59 4 17 5 85 6 30 7 71 8 15 9 21 10 53 11 3 12 28 13 60 14 7 15 42 16 25 17 77 18 40 19 8 20 51
1 61 2 83 3 8 4 79 5 37 6 95 7 47 8 61 9 11 10 53 11 43 12 30 13 49 14 40 15 73 16 95 17 43 18 7 19 80 20 19
1 12 2 70 3 9 4 50 5 11 6 96 7 61 8 59 9 48 10 65 11 54 12 7 13 3 14 47 15 97 16 43 17 69 18 46 19 22 20 84
1 86 2 55 3 99 4 17 5 38 6 48 7 61 8 68 9 48 10 96 11 43 12 19 13 39 14 80 15 3 16 2 17 99 18 4 19 90 20 71
1 31 2 96 3 36 4 75 5 17 6 25 7 24 8 37 9 32 10 72 11 40 12 13 13 32 14 53 15 50 16 2 17 74 18 94 19 67 20 96
1 19 2 85 3 33 4 65 5 39 6 48 7 56 8 66 9 63 10 61 11 40 12 84 13 92 14 78 15 81 16 41 17 77 18 55 19 70 20 6
1 38 2 78 3 12 4 15 5 36 6 96 7 57 8 39 9 55 10 86 11 98 12 36 13 24 14 19 15 95 16 25 17 21 18 32 19 49 20 40
1 84 2 67 3 76 4 78 5 16 6 73 7 28 8 52 9 59 10 12 11 85 12 63 13 40 14 93 15 68 16 16 17 38 18 60 19 75 20 16
1 27 2 38 3 59 4 41 5 98 6 78 7 60 8 64 9 21 10 79 11 8 12 57 13 95 14 58 15 45 16 13 17 9 18 25 19 56 20 6
1 62 2 44 3 31 4 50 5 99 6 39 7 90 8 96 9 67 10 67 11 10 12 92 13 53 14 75 15 53 16 7 17 4 18 28 19 26 20 37
1 8 2 49 3 59 4 72 5 29 6 39 7 87 8 93 9 13 10 23 11 96 12 65 13 32 14 20 15 11 16 20 17 25 18 41 19 87 20 60
1 60 2 34 3 85 4 96 5 36 6 7 7 92 8 51 9 19 10 50 11 10 12 72 13 41 14 9 15 40 16 85 17 18 18 16 19 8 20 57
1 3 2 60 3 73 4 35 5 60 6 7 7 25 8 13 9 66 10 49 11 48 12 88 13 47 14 86 15 1 16 42 17 1 18 19 19 84 20 4
1 71 2 23 3 76 4 89 5 60 6 10 7 29 8 51 9 92 10 72 11 38 12 73 13 7 14 20 15 58 16 66 17 71 18 70 19 66 20 92
1 6 2 19 3 16 4 31 5 38 6 78 7 7 8 28 9 26 10 25 11 19 12 86 13 93 14 65 15 18 16 10 17 92 18 36 19 71 20 39
1 24 2 74 3 97 4 67 5 78 6 77 7 12 8 45 9 13 10 47 11 36 12 63 13 32 14 84 15 30 16 45 17 50 18 14 19 33 20 97
1 17 2 21 3 78 4 57 5 12 6 56 7 22 8 83 9 60 10 43 11 28 12 20 13 58 14 70 15 54 16 13 17 82 18 89 19 31 20 83
1 81 2 77 3 39 4 81 5 23 6 71 7 77 8 72 9 33 10 27 11 12 12 33 13 58 14 19 15 64 16 29 17 93 18 37 19 79 20 16
1 36 2 54 3 76 4 91 5 11 6 51 7 53 8 30 9 38 10 6 11 12 12 39 13 41 14 8 15 56 16 86 17 36 18 33 19 99 20 44
1 86 2 50 3 32 4 51 5 14 6 73 7 71 8 16 9 28 10 83 11 79 12 19 13 70 14 58 15 73 16 99 17 86 18 99 19 64 20 26
1 66 2 47 3 50 4 67 5 48 6 92 7 9 8 61 9 50 10 63 11 93 12 32 13 10 14 56 15 96 16 69 17 54 18 43 19 85 20 96
1 98 2 64 3 34 4 26 5 95 6 54 7 85 8 91 9 32 10 88 11 92 12 82 13 91 14 79 15 26 16 87 17 40 18 98 19 38 20 56
1 48 2 51 3 78 4 15 5 58 6 32 7 56 8 70 9 51 10 2 11 1 12 7 13 91 14 34 15 64 16 53 17 39 18 59 19 70 20 88
1 33 2 81 3 80 4 54 5 69 6 2 7 53 8 33 9 62 10 23 11 78 12 1 13 47 14 35 15 15 16 12 17 13 18 18 19 62 20 45
1 62 2 15 3 94 4 19 5 24 6 72 7 30 8 35 9 27 10 48 11 15 12 22 13 10 14 85 15 88 16 32 17 96 18 17 19 47 20 27
1 44 2 64 3 68 4 68 5 57 6 99 7 50 8 7 9 12 10 84 11 67 12 91 13 83 14 54 15 99 16 98 17 11 18 76 19 7 20 51
1 10 2 7 3 9 4 89 5 42 6 97 7 4 8 66 9 96 10 71 11 32 12 74 13 39 14 6 15 35 16 45 17 8 18 76 19 95 20 59
1 29 2 54 3 87 4 40 5 35 6 71 7 62 8 99 9 53 10 23 11 42 12 23 13 69 14 93 15 41 16 85 17 98 18 38 19 22 20 53
1 65 2 82 3 11 4 38 5 78 6 76 7 95 8 30 9 21 10 84 11 21 12 31 13 28 14 67 15 16 16 5 17 86 18 87 19 25 20 38
1 16 2 33 3 77 4 47 5 70 6 27 7 23 8 88 9 40 10 57 11 14 12 6 13 58 14 73 15 8 16 97 17 62 18 13 19 89 20 44
1 50 2 24 3 63 4 73 5 36 6 59 7 85 8 50 9 68 10 52 11 25 12 81 13 82 14 64 15 29 16 20 17 15 18 68 19 11 20 20
1 35 2 60 3 15 4 29 5 27 6 87 7 18 8 29 9 6 10 44 11 40 12 98 13 29 14 34 15 16 16 47 17 97 18 30 19 70 20 23
1 26 2 77 3 59 4 81 5 42 6 23 7 20 8 58 9 63 10 98 11 44 12 40 13 82 14 42 15 20 16 14 17 80 18 14 19 83 20 13
1 96 2 33 3 30 4 55 5 40 6 31 7 58 8 77 9 38 10 26 11 96 12 17 13 68 14 26 15 81 16 93 17 69 18 2 19 41 20 32
1 3 2 41 3 88 4 54 5 64 6 94 7 62 8 3 9 5 10 99 11 45 12 69 13 49 14 69 15 47 16 49 17 35 18 8 19 86 20 22
1 55 2 16 3 24 4 25 5 24 6 7 7 93 8 91 9 49 10 11 11 97 12 94 13 35 14 74 15 74 16 49 17 97 18 65 19 74 20 31
1 35 2 23 3 20 4 22 5 70 6 3 7 89 8 67 9 21 10 59 11 69 12 34 13 96 14 45 15 97 16 85 17 37 18 92 19 63 20 1
1 47 2 45 3 15 4 2 5 50 6 63 7 22 8 46 9 52 10 94 11 43 12 3 13 3 14 2 15 57 16 2 17 42 18 54 19 85 20 40
1 3 2 2 3 34 4 33 5 25 6 16 7 66 8 31 9 90 10 82 11 5 12 90 13 49 14 89 15 82 16 26 17 34 18 7 19 43 20 85
1 19 2 73 3 75 4 84 5 29 6 63 7 5 8 54 9 96 10 71 11 64 12 83 13 69 14 40 15 65 16 29 17 2 18 51 19 21 20 38
1 94 2 29 3 47 4 80 5 57 6 87 7 9 8 27 9 81 10 89 11 42 12 81 13 91 14 81 15 1 16 42 17 73 18 34 19 28 20 26
1 99 2 70 3 15 4 97 5 53 6 86 7 26 8 13 9 7 10 69 11 6 12 57 13 78 14 69 15 7 16 74 17 26 18 44 19 76 20 9
1 53 2 97 3 42 4 90 5 52 6 42 7 93 8 34 9 65 10 85 11 12 12 11 13 10 14 32 15 17 16 24 17 40 18 25 19 56 20 45
1 92 2 78 3 46 4 20 5 45 6 40 7 86 8 97 9 14 10 81 11 60 12 91 13 15 14 44 15 41 16 13 17 86 18 13 19 80 20 33
1 7 2 45 3 99 4 84 5 39 6 40 7 38 8 12 9 57 10 70 11 98 12 76 13 11 14 4 15 46 16 99 17 99 18 85 19 3 20 41
1 12 2 57 3 55 4 29 5 27 6 45 7 84 8 46 9 92 10 49 11 67 12 13 13 66 14 61 15 79 16 54 17 49 18 77 19 21 20 46
1 92 2 62 3 54 4 10 5 38 6 49 7 51 8 80 9 14 10 44 11 19 12 15 13 18 14 65 15 1 16 97 17 14 18 36 19 75 20 29
1 75 2 92 3 38 4 11 5 39 6 67 7 80 8 7 9 56 10 46 11 41 12 91 13 96 14 75 15 84 16 94 17 17 18 78 19 37 20 84
1 39 2 97 3 91 4 53 5 53 6 45 7 89 8 51 9 35 10 35 11 86 12 12 13 7 14 51 15 70 16 33 17 61 18 89 19 33 20 24
1 87 2 62 3 52 4 67 5 15 6 50 7 44 8 32 9 71 10 62 11 83 12 65 13 74 14 65 15 65 16 75 17 32 18 59 19 25 20 66
1 13 2 20 3 55 4 94 5 33 6 94 7 11 8 82 9 51 10 82 11 56 12 1 13 7 14 35 15 77 16 91 17 63 18 79 19 4 20 38
1 75 2 17 3 36 4 7 5 63 6 67 7 18 8 54 9 24 10 10 11 34 12 77 13 42 14 21 15 70 16 52 17 54 18 79 19 56 20 71
1 4 2 77 3 47 4 26 5 67 6 61 7 27 8 32 9 84 10 46 11 39 12 82 13 9 14 11 15 41 16 56 17 57 18 20 19 56 20 71
1 58 2 43 3 1 4 89 5 49 6 97 7 35 8 91 9 1 10 90 11 5 12 75 13 22 14 86 15 29 16 43 17 56 18 96 19 29 20 77
1 36 2 1 3 95 4 80 5 39 6 51 7 87 8 2 9 50 10 28 11 35 12 8 13 4 14 5 15 89 16 40 17 99 18 20 19 36 20 50
1 32 2 23 3 24 4 5 5 17 6 81 7 22 8 96 9 17 10 88 11 98 12 81 13 94 14 57 15 61 16 48 17 44 18 37 19 53 20 32
1 88 2 10 3 90 4 78 5 74 6 18 7 22 8 38 9 14 10 55 11 15 12 67 13 55 14 9 15 41 16 55 17 97 18 26 19 44 20 74
1 68 2 11 3 6 4 27 5 70 6 44 7 18 8 48 9 66 10 34 11 12 12 94 13 48 14 68 15 47 16 40 17 94 18 60 19 53 20 30
1 46 2 76 3 70 4 65 5 15 6 13 7 64 8 65 9 43 10 45 11 82 12 91 13 69 14 35 15 55 16 38 17 7 18 22 19 80 20 34
1 9 2 3 3 15 4 50 5 5 6 89 7 22 8 24 9 42 10 94 11 15 12 16 13 98 14 92 15 26 16 76 17 54 18 62 19 43 20 6
1 24 2 82 3 71 4 36 5 15 6 71 7 23 8 86 9 46 10 27 11 60 12 11 13 55 14 49 15 50 16 79 17 46 18 72 19 23 20 67
1 16 2 63 3 76 4 46 5 99 6 81 7 90 8 71 9 18 10 59 11 65 12 73 13 62 14 49 15 47 16 42 17 48 18 91 19 54 20 28
1 59 2 2 3 45 4 25 5 29 6 81 7 52 8 77 9 22 10 53 11 63 12 87 13 96 14 32 15 18 16 71 17 97 18 53 19 1 20 3
1 31 2 98 3 72 4 75 5 38 6 84 7 53 8 2 9 92 10 83 11 20 12 67 13 20 14 4 15 11 16 49 17 50 18 98 19 8 20 4
1 23 2 5 3 77 4 40 5 49 6 5 7 98 8 77 9 67 10 21 11 59 12 43 13 70 14 10 15 62 16 89 17 7 18 5 19 51 20 91
1 52 2 1 3 5 4 89 5 96 6 14 7 96 8 65 9 63 10 88 11 30 12 59 13 3 14 74 15 76 16 66 17 93 18 23 19 42 20 9
1 20 2 8 3 43 4 76 5 58 6 41 7 57 8 27 9 49 10 36 11 14 12 92 13 80 14 66 15 80 16 81 17 43 18 55 19 25 20 21
1 24 2 46 3 64 4 72 5 48 6 48 7 63 8 72 9 83 10 59 11 66 12 28 13 62 14 66 15 94 16 86 17 75 18 1 19 28 20 48
1 67 2 77 3 25 4 31 5 40 6 38 7 12 8 20 9 88 10 55 11 12 12 29 13 60 14 79 15 16 16 55 17 62 18 68 19 1 20 4
1 61 2 40 3 24 4 63 5 37 6 19 7 27 8 65 9 88 10 57 11 83 12 61 13 61 14 86 15 82 16 49 17 99 18 81 19 39 20 4
1 55 2 49 3 50 4 79 5 8 6 17 7 81 8 34 9 65 10 60 11 58 12 75 13 49 14 16 15 1 16 76 17 12 18 46 19 95 20 18
1 70 2 21 3 31 4 32 5 99 6 25 7 13 8 47 9 73 10 3 11 52 12 46 13 65 14 85 15 11 16 78 17 68 18 33 19 5 20 56
1 15 2 35 3 9 4 7 5 30 6 59 7 86 8 29 9 65 10 87 11 18 12 12 13 90 14 45 15 81 16 27 17 55 18 73 19 57 20 45
1 74 2 57 3 31 4 23 5 29 6 15 7 88 8 57 9 55 10 7 11 78 12 66 13 74 14 71 15 47 16 28 17 44 18 8 19 50 20 55
1 36 2 58 3 62 4 58 5 2 6 65 7 50 8 54 9 38 10 42 11 26 12 99 13 61 14 11 15 44 16 30 17 43 18 19 19 2 20 3
1 56 2 92 3 21 4 91 5 21 6 80 7 8 8 5 9 58 10 36 11 96 12 75 13 18 14 18 15 72 16 32 17 38 18 23 19 93 20 15
1 57 2 58 3 24 4 77 5 77 6 51 7 26 8 78 9 13 10 80 11 47 12 98 13 36 14 52 15 57 16 96 17 40 18 27 19 99 20 35
1 20 2 58 3 45 4 42 5 58 6 19 7 64 8 97 9 37 10 66 11 36 12 91 13 42 14 52 15 48 16 76 17 87 18 84 19 52 20 81
1 63 2 69 3 96 4 19 5 65 6 98 7 92 8 55 9 52 10 87 11 85 12 2 13 12 14 25 15 54 16 80 17 42 18 41 19 22 20 23
1 31 2 23 3 76 4 58 5 89 6 17 7 82 8 97 9 81 10 72 11 22 12 3 13 67 14 31 15 6 16 23 17 60 18 22 19 31 20 96
1 94 2 54 3 52 4 9 5 20 6 99 7 31 8 50 9 99 10 36 11 1 12 80 13 26 14 68 15 52 16 29 17 78 18 94 19 59 20 93
1 3 2 79 3 83 4 9 5 60 6 68 7 66 8 6 9 93 10 37 11 54 12 6 13 8 14 93 15 27 16 82 17 51 18 33 19 94 20 97
1 68 2 21 3 72 4 17 5 3 6 93 7 90 8 44 9 4 10 10 11 68 12 38 13 81 14 33 15 12 16 61 17 83 18 64 19 47 20 51
1 60 2 39 3 61 4 53 5 71 6 15 7 1 8 32 9 60 10 58 11 32 12 45 13 75 14 98 15 42 16 36 17 38 18 34 19 64 20 58
1 5 2 77 3 40 4 27 5 45 6 7 7 36 8 20 9 22 10 13 11 4 12 14 13 66 14 66 15 53 16 75 17 88 18 15 19 28 20 20
1 18 2 58 3 21 4 50 5 71 6 38 7 39 8 41 9 65 10 96 11 66 12 76 13 19 14 16 15 97 16 80 17 5 18 71 19 68 20 89
1 26 2 81 3 67 4 37 5 95 6 15 7 67 8 37 9 65 10 44 11 21 12 22 13 29 14 46 15 84 16 1 17 37 18 43 19 89 20 24
1 67 2 59 3 89 4 53 5 41 6 42 7 68 8 58 9 29 10 16 11 18 12 56 13 49 14 71 15 56 16 1 17 66 18 41 19 25 20 42
1 13 2 54 3 15 4 81 5 99 6 11 7 21 8 45 9 88 10 44 11 55 12 21 13 17 14 23 15 2 16 50 17 23 18 74 19 42 20 55
1 25 2 56 3 90 4 43 5 81 6 74 7 51 8 71 9 24 10 42 11 71 12 39 13 79 14 8 15 25 16 61 17 8 18 96 19 89 20 56
1 70 2 61 3 50 4 39 5 17 6 33 7 63 8 14 9 62 10 12 11 42 12 56 13 17 14 42 15 96 16 23 17 10 18 58 19 82 20 95
1 69 2 98 3 68 4 71 5 93 6 15 7 83 8 16 9 41 10 57 11 42 12 19 13 12 14 78 15 54 16 86 17 51 18 34 19 83 20 22
1 85 2 9 3 33 4 47 5 45 6 75 7 13 8 72 9 8 10 75 11 80 12 99 13 20 14 48 15 71 16 78 17 94 18 50 19 10 20 95
1 23 2 46 3 96 4 80 5 86 6 24 7 69 8 91 9 21 10 79 11 94 12 45 13 86 14 78 15 91 16 33 17 18 18 9 19 23 20 89
1 54 2 87 3 60 4 7 5 12 6 3 7 60 8 16 9 58 10 87 11 43 12 4 13 39 14 89 15 98 16 13 17 90 18 3 19 3 20 21
1 52 2 57 3 7 4 48 5 70 6 81 7 26 8 82 9 13 10 20 11 56 12 91 13 95 14 17 15 76 16 85 17 89 18 12 19 34 20 56
1 26 2 25 3 55 4 49 5 74 6 89 7 66 8 42 9 91 10 66 11 59 12 86 13 13 14 57 15 54 16 39 17 34 18 95 19 96 20 93
1 77 2 28 3 10 4 4 5 38 6 41 7 41 8 38 9 49 10 75 11 88 12 87 13 26 14 31 15 61 16 38 17 49 18 15 19 88 20 7
1 28 2 35 3 23 4 58 5 97 6 29 7 45 8 56 9 67 10 43 11 89 12 96 13 40 14 38 15 22 16 79 17 96 18 20 19 70 20 65
1 93 2 23 3 24 4 7 5 96 6 66 7 45 8 4 9 69 10 12 11 21 12 28 13 48 14 7 15 91 16 90 17 22 18 36 19 36 20 29
1 78 2 78 3 95 4 41 5 15 6 15 7 67 8 16 9 18 10 87 11 79 12 68 13 64 14 60 15 30 16 31 17 79 18 13 19 35 20 45
1 41 2 33 3 62 4 10 5 91 6 65 7 2 8 46 9 65 10 33 11 71 12 28 13 47 14 12 15 79 16 41 17 62 18 69 19 32 20 41
1 13 2 33 3 99 4 1 5 57 6 49 7 91 8 12 9 12 10 78 11 29 12 50 13 95 14 19 15 79 16 13 17 24 18 43 19 96 20 21
1 52 2 79 3 59 4 7 5 48 6 40 7 51 8 85 9 92 10 62 11 90 12 80 13 63 14 29 15 76 16 2 17 74 18 63 19 82 20 68
1 94 2 21 3 28 4 34 5 28 6 16 7 6 8 30 9 94 10 14 11 79 12 95 13 37 14 23 15 97 16 38 17 52 18 8 19 34 20 60
1 52 2 21 3 86 4 51 5 20 6 46 7 16 8 67 9 31 10 87 11 76 12 87 13 82 14 56 15 18 16 28 17 21 18 80 19 18 20 10
1 82 2 53 3 15 4 56 5 23 6 75 7 37 8 3 9 57 10 1 11 93 12 99 13 87 14 98 15 40 16 51 17 27 18 57 19 23 20 28
1 58 2 29 3 79 4 83 5 99 6 98 7 34 8 80 9 53 10 1 11 11 12 91 13 96 14 96 15 24 16 75 17 91 18 99 19 9 20 27
1 45 2 40 3 51 4 12 5 34 6 17 7 4 8 92 9 59 10 73 11 40 12 83 13 70 14 60 15 31 16 39 17 79 18 5 19 74 20 74
1 1 2 76 3 53 4 62 5 49 6 99 7 18 8 60 9 92 10 89 11 43 12 90 13 18 14 30 15 71 16 86 17 70 18 33 19 2 20 18
1 76 2 34 3 49 4 21 5 74 6 74 7 93 8 5 9 67 10 60 11 17 12 30 13 62 14 66 15 26 16 63 17 21 18 77 19 49 20 62
1 97 2 55 3 90 4 59 5 18 6 61 7 92 8 15 9 36 10 93 11 22 12 51 13 56 14 48 15 69 16 29 17 86 18 66 19 40 20 73
1 79 2 53 3 82 4 62 5 37 6 65 7 49 8 41 9 12 10 17 11 3 12 72 13 24 14 11 15 53 16 39 17 38 18 2 19 9 20 14
1 97 2 43 3 39 4 32 5 38 6 72 7 20 8 80 9 72 10 29 11 72 12 37 13 85 14 43 15 19 16 94 17 24 18 23 19 95 20 39
1 63 2 30 3 6 4 7 5 32 6 10 7 29 8 13 9 39 10 8 11 24 12 6 13 98 14 34 15 58 16 58 17 7 18 48 19 57 20 5
1 5 2 86 3 15 4 56 5 9 6 86 7 75 8 72 9 97 10 64 11 12 12 81 13 70 14 69 15 92 16 23 17 13 18 80 19 34 20 83
1 99 2 2 3 78 4 71 5 45 6 89 7 86 8 63 9 18 10 97 11 64 12 37 13 36 14 1 15 88 16 18 17 4 18 58 19 63 20 82
1 17 2 21 3 23 4 84 5 80 6 5 7 2 8 10 9 21 10 11 11 93 12 37 13 89 14 95 15 16 16 35 17 54 18 40 19 43 20 18
1 37 2 51 3 3 4 57 5 1 6 67 7 54 8 68 9 18 10 52 11 80 12 10 13 81 14 20 15 88 16 22 17 98 18 15 19 22 20 23
1 18 2 64 3 37 4 61 5 69 6 66 7 76 8 51 9 63 10 17 11 79 12 21 13 33 14 81 15 5 16 96 17 45 18 41 19 29 20 49
1 37 2 96 3 20 4 72 5 16 6 70 7 37 8 27 9 26 10 12 11 42 12 62 13 62 14 24 15 21 16 46 17 93 18 72 19 93 20 71
1 17 2 83 3 60 4 76 5 16 6 63 7 49 8 50 9 78 10 74 11 11 12 34 13 10 14 49 15 16 16 27 17 95 18 35 19 91 20 8
1 24 2 93 3 6 4 60 5 27 6 7 7 46 8 33 9 51 10 57 11 66 12 97 13 6 14 8 15 39 16 67 17 83 18 90 19 86 20 65
1 26 2 6 3 17 4 95 5 49 6 71 7 37 8 15 9 60 10 40 11 34 12 18 13 10 14 31 15 30 16 39 17 56 18 18 19 30 20 91
1 92 2 6 3 56 4 86 5 41 6 17 7 48 8 28 9 96 10 52 11 21 12 41 13 77 14 58 15 8 16 77 17 68 18 61 19 16 20 94
1 7 2 34 3 97 4 23 5 34 6 19 7 47 8 23 9 91 10 43 11 77 12 99 13 96 14 55 15 94 16 90 17 85 18 10 19 16 20 73
1 97 2 7 3 96 4 60 5 55 6 82 7 85 8 36 9 38 10 33 11 64 12 79 13 26 14 6 15 41 16 13 17 62 18 86 19 52 20 46
1 47 2 88 3 13 4 28 5 50 6 62 7 69 8 64 9 38 10 11 11 22 12 38 13 28 14 9 15 8 16 78 17 84 18 16 19 47 20 31
1 99 2 91 3 77 4 91 5 6 6 95 7 11 8 78 9 48 10 91 11 1 12 77 13 76 14 13 15 2 16 8 17 62 18 74 19 73 20 65
1 35 2 14 3 66 4 28 5 21 6 72 7 7 8 8 9 33 10 89 11 6 12 1 13 8 14 53 15 29 16 95 17 15 18 55 19 80 20 35
1 20 2 11 3 43 4 13 5 23 6 20 7 79 8 86 9 69 10 53 11 40 12 9 13 30 14 89 15 25 16 79 17 99 18 23 19 45 20 66
1 57 2 63 3 33 4 18 5 45 6 2 7 75 8 71 9 14 10 25 11 77 12 56 13 88 14 80 15 94 16 1 17 55 18 37 19 37 20 63
1 78 2 17 3 63 4 9 5 98 6 95 7 15 8 29 9 57 10 23 11 97 12 28 13 8 14 8 15 65 16 76 17 43 18 24 19 56 20 77
1 92 2 61 3 39 4 37 5 92 6 9 7 46 8 16 9 84 10 15 11 89 12 58 13 43 14 12 15 62 16 67 17 5 18 63 19 21 20 74
1 56 2 27 3 18 4 48 5 6 6 99 7 57 8 85 9 25 10 47 11 39 12 53 13 20 14 66 15 31 16 22 17 66 18 95 19 77 20 89
1 93 2 70 3 54 4 67 5 29 6 95 7 55 8 39 9 13 10 28 11 89 12 60 13 67 14 36 15 56 16 55 17 20 18 59 19 43 20 93
1 12 2 62 3 98 4 69 5 31 6 4 7 64 8 26 9 12 10 81 11 82 12 71 13 7 14 70 15 9 16 80 17 13 18 82 19 7 20 13
1 99 2 28 3 92 4 99 5 49 6 40 7 27 8 83 9 20 10 86 11 18 12 34 13 37 14 35 15 26 16 90 17 89 18 49 19 19 20 54
1 5 2 28 3 12 4 81 5 77 6 11 7 66 8 79 9 51 10 89 11 83 12 87 13 42 14 44 15 74 16 29 17 20 18 93 19 7 20 43
1 92 2 5 3 12 4 4 5 65 6 85 7 71 8 40 9 78 10 5 11 42 12 87 13 41 14 31 15 76 16 37 17 99 18 18 19 14 20 62
1 53 2 90 3 40 4 76 5 62 6 45 7 8 8 32 9 17 10 58 11 14 12 11 13 93 14 68 15 9 16 49 17 15 18 14 19 97 20 71
1 16 2 92 3 22 4 96 5 54 6 50 7 53 8 98 9 78 10 39 11 12 12 35 13 20 14 65 15 70 16 17 17 48 18 24 19 35 20 79
1 16 2 91 3 75 4 83 5 1 6 36 7 53 8 43 9 27 10 64 11 94 12 26 13 80 14 82 15 53 16 37 17 48 18 6 19 80 20 83
1 61 2 99 3 36 4 82 5 94 6 91 7 16 8 53 9 91 10 43 11 71 12 33 13 7 14 2 15 41 16 21 17 3 18 12 19 19 20 21
1 23 2 94 3 82 4 3 5 87 6 75 7 29 8 87 9 22 10 81 11 44 12 60 13 12 14 69 15 82 16 14 17 2 18 29 19 21 20 41
1 47 2 31 3 77 4 5 5 33 6 92 7 15 8 76 9 52 10 93 11 69 12 95 13 2 14 16 15 29 16 34 17 36 18 10 19 92 20 34
1 12 2 42 3 3 4 7 5 10 6 57 7 15 8 89 9 42 10 1 11 13 12 22 13 20 14 81 15 59 16 85 17 4 18 69 19 11 20 31
1 5 2 50 3 86 4 57 5 82 6 47 7 4 8 45 9 37 10 98 11 62 12 65 13 89 14 7 15 4 16 49 17 16 18 81 19 48 20 96
1 68 2 29 3 50 4 91 5 55 6 29 7 34 8 27 9 39 10 36 11 47 12 11 13 9 14 70 15 20 16 62 17 85 18 71 19 64 20 4
1 21 2 67 3 36 4 68 5 42 6 16 7 34 8 9 9 96 10 78 11 74 12 32 13 30 14 92 15 14 16 61 17 11 18 3 19 61 20 38
1 85 2 46 3 75 4 8 5 86 6 5 7 44 8 80 9 75 10 42 11 21 12 71 13 35 14 12 15 17 16 2 17 58 18 6 19 2 20 45
1 64 2 16 3 22 4 12 5 72 6 58 7 38 8 46 9 42 10 40 11 11 12 47 13 95 14 73 15 40 16 80 17 58 18 4 19 16 20 31
1 80 2 61 3 71 4 97 5 16 6 87 7 19 8 50 9 46 10 17 11 80 12 91 13 88 14 45 15 88 16 42 17 35 18 41 19 16 20 59
1 97 2 79 3 98 4 56 5 10 6 54 7 6 8 91 9 84 10 94 11 75 12 97 13 89 14 4 15 79 16 81 17 94 18 25 19 67 20 16
1 82 2 64 3 5 4 34 5 55 6 21 7 43 8 18 9 76 10 16 11 28 12 82 13 51 14 58 15 77 16 13 17 44 18 51 19 42 20 76
1 86 2 18 3 54 4 90 5 60 6 74 7 63 8 96 9 22 10 61 11 20 12 68 13 93 14 57 15 32 16 77 17 46 18 52 19 56 20 52
1 74 2 18 3 43 4 77 5 88 6 55 7 97 8 31 9 49 10 94 11 14 12 75 13 13 14 59 15 86 16 26 17 18 18 12 19 67 20 79
1 87 2 2 3 62 4 38 5 63 6 81 7 39 8 40 9 85 10 60 11 59 12 31 13 31 14 48 15 64 16 7 17 76 18 51 19 83 20 5
1 84 2 15 3 99 4 73 5 82 6 23 7 77 8 25 9 61 10 42 11 94 12 14 13 13 14 49 15 34 16 62 17 17 18 9 19 53 20 10
1 49 2 88 3 23 4 81 5 40 6 18 7 34 8 92 9 19 10 68 11 43 12 70 13 21 14 79 15 20 16 31 17 85 18 77 19 65 20 49
1 82 2 63 3 48 4 48 5 36 6 21 7 16 8 96 9 63 10 47 11 85 12 66 13 42 14 20 15 24 16 91 17 60 18 61 19 97 20 25
1 86 2 41 3 20 4 33 5 72 6 13 7 95 8 39 9 86 10 91 11 54 12 64 13 23 14 33 15 67 16 9 17 92 18 1 19 83 20 57
1 67 2 18 3 28 4 77 5 70 6 62 7 73 8 26 9 23 10 60 11 30 12 51 13 9 14 84 15 32 16 67 17 35 18 8 19 3 20 65
1 27 2 94 3 52 4 12 5 41 6 79 7 54 8 34 9 31 10 72 11 13 12 35 13 6 14 56 15 89 16 95 17 94 18 64 19 88 20 4
1 36 2 44 3 90 4 2 5 35 6 83 7 59 8 50 9 10 10 71 11 98 12 47 13 35 14 63 15 88 16 15 17 80 18 88 19 97 20 65
1 15 2 12 3 77 4 17 5 7 6 17 7 40 8 34 9 53 10 67 11 81 12 9 13 24 14 17 15 82 16 73 17 91 18 22 19 13 20 88
1 75 2 31 3 10 4 4 5 65 6 96 7 14 8 60 9 69 10 46 11 56 12 31 13 6 14 68 15 97 16 91 17 14 18 89 19 70 20 16
1 42 2 93 3 83 4 93 5 23 6 62 7 14 8 22 9 20 10 13 11 19 12 93 13 90 14 27 15 21 16 28 17 77 18 97 19 98 20 9
1 96 2 4 3 5 4 58 5 32 6 79 7 89 8 39 9 85 10 57 11 52 12 76 13 52 14 44 15 28 16 79 17 98 18 47 19 75 20 74
1 63 2 36 3 69 4 79 5 3 6 63 7 72 8 17 9 10 10 76 11 22 12 25 13 64 14 18 15 99 16 36 17 40 18 36 19 2 20 66
1 36 2 25 3 76 4 78 5 26 6 42 7 52 8 42 9 28 10 78 11 75 12 11 13 18 14 66 15 33 16 43 17 1 18 25 19 13 20 82
1 47 2 13 3 90 4 15 5 12 6 19 7 28 8 31 9 72 10 41 11 34 12 87 13 59 14 55 15 99 16 10 17 16 18 74 19 49 20 16
1 8 2 49 3 47 4 59 5 50 6 72 7 41 8 24 9 23 10 18 11 65 12 85 13 66 14 17 15 13 16 83 17 11 18 69 19 7 20 83
1 25 2 71 3 55 4 8 5 52 6 1 7 14 8 85 9 35 10 61 11 8 12 22 13 11 14 40 15 3 16 2 17 8 18 34 19 33 20 79
1 1 2 17 3 4 4 16 5 54 6 99 7 63 8 4 9 54 10 47 11 31 12 31 13 3 14 38 15 51 16 26 17 32 18 62 19 70 20 11
1 80 2 62 3 68 4 84 5 45 6 92 7 57 8 85 9 60 10 42 11 26 12 28 13 29 14 23 15 38 16 35 17 57 18 11 19 99 20 53
1 24 2 19 3 88 4 98 5 51 6 64 7 17 8 72 9 97 10 14 11 62 12 25 13 65 14 48 15 34 16 78 17 52 18 45 19 51 20 60
1 33 2 17 3 34 4 92 5 9 6 71 7 71 8 93 9 76 10 11 11 61 12 93 13 84 14 8 15 94 16 19 17 2 18 9 19 9 20 76
1 91 2 25 3 76 4 28 5 3 6 23 7 93 8 40 9 79 10 95 11 58 12 48 13 60 14 33 15 42 16 53 17 96 18 18 19 34 20 39
1 90 2 23 3 78 4 47 5 69 6 77 7 92 8 56 9 71 10 57 11 32 12 71 13 92 14 11 15 32 16 62 17 12 18 7 19 47 20 15
1 59 2 98 3 55 4 8 5 18 6 65 7 27 8 75 9 8 10 53 11 33 12 12 13 54 14 40 15 67 16 72 17 14 18 88 19 62 20 38
1 47 2 19 3 43 4 53 5 12 6 44 7 74 8 93 9 36 10 98 11 76 12 26 13 63 14 87 15 73 16 25 17 72 18 62 19 21 20 46
1 7 2 38 3 59 4 5 5 81 6 14 7 7 8 93 9 66 10 58 11 11 12 44 13 10 14 18 15 9 16 73 17 96 18 61 19 67 20 87
1 98 2 38 3 74 4 36 5 6 6 41 7 45 8 73 9 20 10 35 11 54 12 13 13 73 14 39 15 81 16 80 17 29 18 44 19 50 20 30
1 4 2 4 3 83 4 31 5 79 6 72 7 67 8 61 9 50 10 9 11 59 12 83 13 88 14 63 15 57 16 62 17 33 18 26 19 95 20 11
1 36 2 29 3 55 4 63 5 81 6 5 7 45 8 44 9 12 10 95 11 98 12 80 13 65 14 82 15 42 16 4 17 38 18 97 19 93 20 33
1 55 2 82 3 34 4 16 5 13 6 76 7 40 8 80 9 64 10 78 11 83 12 41 13 69 14 81 15 84 16 40 17 78 18 72 19 62 20 10
1 74 2 2 3 28 4 89 5 79 6 34 7 43 8 17 9 32 10 66 11 67 12 24 13 67 14 83 15 64 16 21 17 93 18 47 19 31 20 40
1 1 2 68 3 37 4 91 5 15 6 40 7 5 8 13 9 98 10 87 11 72 12 6 13 21 14 63 15 76 16 61 17 19 18 74 19 13 20 84
1 76 2 27 3 74 4 44 5 84 6 30 7 39 8 41 9 94 10 53 11 65 12 53 13 34 14 89 15 27 16 88 17 42 18 95 19 27 20 69
1 85 2 35 3 88 4 1 5 17 6 63 7 78 8 44 9 67 10 4 11 75 12 37 13 81 14 40 15 14 16 17 17 48 18 17 19 33 20 1
1 9 2 35 3 68 4 38 5 68 6 29 7 90 8 15 9 61 10 32 11 39 12 46 13 75 14 92 15 17 16 66 17 25 18 43 19 98 20 68
1 14 2 55 3 74 4 62 5 94 6 80 7 44 8 59 9 59 10 54 11 32 12 87 13 81 14 70 15 62 16 24 17 61 18 91 19 69 20 50
1 46 2 32 3 76 4 71 5 45 6 62 7 23 8 66 9 27 10 80 11 33 12 46 13 45 14 84 15 50 16 85 17 57 18 22 19 77 20 91
1 43 2 72 3 44 4 62 5 92 6 50 7 2 8 44 9 30 10 26 11 69 12 23 13 19 14 9 15 66 16 62 17 69 18 70 19 78 20 35
1 84 2 14 3 96 4 46 5 74 6 98 7 15 8 82 9 48 10 3 11 92 12 1 13 12 14 61 15 2 16 46 17 75 18 59 19 87 20 29
1 6 2 88 3 18 4 89 5 37 6 67 7 57 8 60 9 74 10 8 11 28 12 22 13 75 14 18 15 5 16 57 17 82 18 28 19 10 20 35
1 84 2 67 3 87 4 17 5 71 6 95 7 93 8 90 9 30 10 63 11 3 12 41 13 56 14 27 15 46 16 94 17 98 18 16 19 49 20 88
1 15 2 15 3 65 4 86 5 29 6 85 7 73 8 29 9 98 10 54 11 90 12 12 13 47 14 62 15 44 16 47 17 75 18 42 19 29 20 72
1 25 2 97 3 45 4 83 5 83 6 29 7 6 8 24 9 95 10 55 11 41 12 38 13 47 14 51 15 47 16 17 17 46 18 28 19 41 20 7
1 68 2 30 3 63 4 10 5 95 6 70 7 19 8 92 9 70 10 65 11 81 12 39 13 72 14 21 15 28 16 40 17 80 18 26 19 2 20 81
1 4 2 80 3 8 4 34 5 60 6 65 7 9 8 73 9 93 10 67 11 30 12 73 13 44 14 79 15 66 16 99 17 89 18 62 19 40 20 30
1 2 2 77 3 6 4 98 5 62 6 50 7 53 8 10 9 93 10 82 11 23 12 69 13 41 14 48 15 2 16 61 17 75 18 48 19 36 20 3
1 31 2 53 3 18 4 31 5 32 6 53 7 73 8 49 9 64 10 66 11 7 12 79 13 36 14 77 15 79 16 93 17 92 18 25 19 94 20 92
1 68 2 87 3 58 4 81 5 96 6 78 7 34 8 41 9 1 10 75 11 55 12 35 13 29 14 68 15 48 16 56 17 8 18 64 19 40 20 23
1 43 2 79 3 64 4 16 5 69 6 64 7 47 8 81 9 2 10 34 11 23 12 95 13 50 14 26 15 27 16 86 17 7 18 67 19 1 20 37
1 94 2 70 3 36 4 37 5 51 6 47 7 83 8 59 9 3 10 51 11 52 12 13 13 5 14 32 15 54 16 81 17 15 18 7 19 72 20 50
1 65 2 76 3 95 4 67 5 67 6 3 7 46 8 74 9 10 10 43 11 32 12 30 13 64 14 93 15 40 16 43 17 85 18 32 19 78 20 15
1 82 2 94 3 70 4 19 5 2 6 41 7 41 8 5 9 90 10 45 11 79 12 54 13 49 14 61 15 3 16 56 17 55 18 27 19 57 20 2
1 8 2 96 3 36 4 93 5 19 6 86 7 38 8 36 9 82 10 14 11 46 12 72 13 49 14 20 15 36 16 95 17 63 18 14 19 14 20 85
1 64 2 3 3 75 4 93 5 58 6 34 7 84 8 36 9 16 10 37 11 26 12 26 13 83 14 43 15 24 16 44 17 72 18 80 19 8 20 33
1 21 2 63 3 50 4 6 5 43 6 63 7 43 8 61 9 42 10 41 11 6 12 16 13 10 14 54 15 3 16 10 17 64 18 77 19 13 20 10
1 64 2 89 3 29 4 90 5 58 6 81 7 43 8 61 9 77 10 68 11 44 12 68 13 64 14 81 15 50 16 32 17 9 18 22 19 1 20 3
1 84 2 31 3 88 4 34 5 46 6 33 7 66 8 59 9 78 10 84 11 64 12 75 13 56 14 24 15 30 16 34 17 52 18 60 19 39 20 7
1 91 2 82 3 38 4 12 5 2 6 31 7 31 8 54 9 87 10 15 11 53 12 84 13 11 14 13 15 42 16 41 17 27 18 83 19 61 20 2
1 52 2 7 3 53 4 96 5 34 6 92 7 75 8 40 9 52 10 38 11 90 12 30 13 83 14 39 15 63 16 34 17 87 18 55 19 88 20 97
1 87 2 78 3 49 4 83 5 54 6 16 7 15 8 29 9 16 10 34 11 55 12 80 13 90 14 31 15 88 16 3 17 41 18 34 19 66 20 95
1 26 2 12 3 69 4 77 5 31 6 38 7 80 8 50 9 9 10 96 11 74 12 36 13 56 14 89 15 33 16 31 17 21 18 76 19 75 20 76
1 69 2 97 3 87 4 22 5 31 6 1 7 80 8 31 9 12 10 32 11 92 12 55 13 86 14 22 15 43 16 68 17 78 18 42 19 44 20 3
1 93 2 43 3 38 4 18 5 77 6 44 7 61 8 84 9 29 10 20 11 57 12 3 13 5 14 9 15 35 16 98 17 56 18 14 19 91 20 7
1 62 2 51 3 58 4 99 5 10 6 66 7 80 8 88 9 11 10 79 11 58 12 38 13 93 14 51 15 51 16 75 17 23 18 46 19 98 20 73
1 91 2 77 3 38 4 57 5 35 6 54 7 79 8 36 9 49 10 68 11 10 12 33 13 23 14 92 15 86 16 97 17 66 18 41 19 71 20 52
1 97 2 10 3 78 4 16 5 88 6 32 7 66 8 77 9 41 10 96 11 88 12 27 13 14 14 61 15 25 16 93 17 55 18 93 19 52 20 97
1 42 2 95 3 12 4 33 5 54 6 4 7 46 8 12 9 28 10 80 11 21 12 6 13 52 14 87 15 28 16 80 17 64 18 45 19 5 20 32
1 41 2 15 3 38 4 80 5 44 6 9 7 59 8 65 9 49 10 42 11 38 12 45 13 34 14 33 15 61 16 65 17 35 18 32 19 27 20 66
1 67 2 71 3 28 4 92 5 94 6 79 7 45 8 56 9 33 10 51 11 55 12 62 13 94 14 72 15 79 16 8 17 90 18 6 19 84 20 72
1 99 2 98 3 67 4 82 5 9 6 95 7 32 8 27 9 69 10 3 11 9 12 12 13 12 14 45 15 6 16 74 17 45 18 79 19 98 20 84
1 55 2 19 3 32 4 42 5 11 6 73 7 3 8 26 9 24 10 54 11 27 12 52 13 66 14 53 15 82 16 38 17 31 18 72 19 64 20 90
1 93 2 56 3 5 4 14 5 83 6 13 7 90 8 1 9 99 10 13 11 6 12 38 13 93 14 70 15 13 16 48 17 48 18 9 19 20 20 80
1 42 2 73 3 1 4 36 5 83 6 40 7 56 8 52 9 94 10 57 11 33 12 76 13 26 14 17 15 82 16 9 17 89 18 45 19 16 20 2
1 41 2 87 3 91 4 38 5 31 6 41 7 36 8 48 9 50 10 51 11 90 12 1 13 36 14 47 15 26 16 64 17 61 18 55 19 19 20 40
1 34 2 20 3 58 4 90 5 66 6 35 7 47 8 7 9 30 10 74 11 70 12 91 13 76 14 19 15 99 16 6 17 10 18 64 19 69 20 96
1 40 2 43 3 54 4 50 5 96 6 32 7 4 8 42 9 56 10 90 11 26 12 14 13 58 14 27 15 43 16 87 17 81 18 98 19 98 20 1
1 24 2 98 3 92 4 41 5 78 6 52 7 88 8 66 9 40 10 7 11 87 12 59 13 44 14 75 15 45 16 58 17 57 18 94 19 82 20 47
1 24 2 12 3 63 4 87 5 40 6 28 7 75 8 14 9 3 10 83 11 12 12 21 13 82 14 27 15 59 16 17 17 14 18 90 19 99 20 79
1 48 2 3 3 80 4 60 5 13 6 52 7 16 8 62 9 43 10 20 11 71 12 83 13 39 14 77 15 77 16 38 17 20 18 60 19 10 20 26
1 80 2 32 3 23 4 63 5 1 6 51 7 39 8 28 9 73 10 63 11 94 12 71 13 47 14 33 15 64 16 96 17 88 18 80 19 37 20 70
1 33 2 90 3 55 4 22 5 32 6 41 7 52 8 68 9 41 10 8 11 91 12 23 13 33 14 46 15 48 16 78 17 55 18 66 19 2 20 37
1 34 2 96 3 65 4 62 5 90 6 48 7 91 8 28 9 17 10 75 11 89 12 35 13 4 14 71 15 61 16 87 17 3 18 61 19 71 20 24
1 15 2 13 3 56 4 72 5 24 6 72 7 3 8 32 9 8 10 13 11 50 12 14 13 78 14 66 15 22 16 87 17 34 18 30 19 29 20 9
1 95 2 58 3 87 4 21 5 43 6 29 7 68 8 31 9 90 10 95 11 90 12 48 13 55 14 78 15 5 16 66 17 85 18 37 19 14 20 85
1 48 2 67 3 22 4 26 5 6 6 31 7 48 8 10 9 40 10 98 11 63 12 78 13 73 14 25 15 38 16 67 17 62 18 30 19 40 20 86
1 99 2 7 3 35 4 80 5 25 6 69 7 70 8 86 9 17 10 26 11 7 12 91 13 4 14 90 15 62 16 37 17 3 18 28 19 90 20 24
1 90 2 9 3 8 4 15 5 69 6 95 7 76 8 41 9 24 10 98 11 72 12 53 13 23 14 74 15 17 16 50 17 85 18 54 19 52 20 18
1 1 2 56 3 3 4 35 5 94 6 58 7 8 8 69 9 49 10 18 11 92 12 54 13 41 14 36 15 27 16 76 17 66 18 26 19 44 20 52
1 42 2 1 3 21 4 69 5 78 6 35 7 23 8 80 9 85 10 61 11 48 12 35 13 75 14 56 15 28 16 94 17 11 18 52 19 4 20 8
1 80 2 34 3 73 4 12 5 93 6 92 7 1 8 95 9 98 10 26 11 50 12 18 13 89 14 84 15 26 16 31 17 3 18 65 19 50 20 97
1 77 2 12 3 39 4 15 5 14 6 93 7 95 8 35 9 90 10 47 11 62 12 24 13 78 14 29 15 17 16 53 17 76 18 31 19 3 20 35
1 84 2 14 3 12 4 73 5 8 6 22 7 79 8 46 9 1 10 98 11 25 12 82 13 63 14 11 15 6 16 7 17 26 18 7 19 50 20 25
1 99 2 33 3 85 4 93 5 9 6 14 7 95 8 60 9 36 10 67 11 47 12 62 13 61 14 26 15 65 16 39 17 74 18 26 19 57 20 65
1 61 2 31 3 12 4 34 5 69 6 16 7 73 8 88 9 96 10 99 11 27 12 39 13 78 14 96 15 29 16 8 17 81 18 95 19 94 20 4
1 75 2 21 3 5 4 63 5 6 6 81 7 77 8 61 9 47 10 79 11 95 12 93 13 81 14 32 15 83 16 86 17 34 18 55 19 28 20 82
1 48 2 79 3 82 4 31 5 21 6 62 7 9 8 35 9 84 10 46 11 74 12 42 13 15 14 55 15 79 16 65 17 99 18 70 19 62 20 58
1 20 2 63 3 83 4 55 5 43 6 63 7 42 8 49 9 6 10 58 11 71 12 25 13 52 14 43 15 21 16 70 17 14 18 85 19 41 20 11
1 10 2 56 3 13 4 94 5 50 6 17 7 91 8 12 9 31 10 20 11 81 12 62 13 50 14 89 15 49 16 88 17 3 18 93 19 13 20 83
1 23 2 67 3 48 4 5 5 13 6 27 7 96 8 94 9 25 10 31 11 9 12 56 13 5 14 64 15 92 16 25 17 96 18 34 19 13 20 43
1 96 2 25 3 95 4 10 5 56 6 20 7 52 8 90 9 30 10 32 11 45 12 89 13 4 14 71 15 6 16 92 17 56 18 70 19 34 20 15
1 6 2 77 3 23 4 62 5 93 6 10 7 14 8 86 9 92 10 58 11 4 12 71 13 11 14 9 15 56 16 47 17 73 18 1 19 98 20 2
1 79 2 59 3 16 4 6 5 31 6 11 7 8 8 44 9 10 10 77 11 67 12 89 13 52 14 39 15 36 16 32 17 77 18 62 19 35 20 45
1 70 2 59 3 29 4 68 5 62 6 59 7 31 8 98 9 28 10 8 11 75 12 27 13 64 14 44 15 3 16 36 17 79 18 10 19 61 20 7
1 52 2 83 3 17 4 75 5 52 6 7 7 56 8 52 9 32 10 9 11 9 12 9 13 53 14 7 15 79 16 72 17 13 18 85 19 38 20 93
1 41 2 55 3 94 4 21 5 33 6 33 7 54 8 32 9 29 10 33 11 86 12 8 13 80 14 52 15 86 16 68 17 57 18 79 19 72 20 91
1 78 2 33 3 40 4 43 5 53 6 15 7 31 8 70 9 35 10 14 11 1 12 43 13 6 14 55 15 7 16 92 17 7 18 65 19 84 20 92
1 70 2 76 3 6 4 6 5 8 6 44 7 19 8 27 9 74 10 66 11 31 12 19 13 14 14 56 15 8 16 11 17 4 18 65 19 25 20 36
1 89 2 22 3 7 4 4 5 56 6 56 7 71 8 29 9 33 10 6 11 4 12 82 13 39 14 1 15 79 16 28 17 17 18 42 19 93 20 12
1 38 2 92 3 60 4 8 5 62 6 82 7 61 8 81 9 18 10 24 11 57 12 18 13 23 14 46 15 98 16 75 17 62 18 75 19 47 20 50
1 72 2 1 3 10 4 52 5 76 6 20 7 37 8 12 9 3 10 74 11 58 12 58 13 53 14 80 15 84 16 56 17 90 18 89 19 55 20 25
1 7 2 4 3 29 4 89 5 59 6 45 7 85 8 9 9 47 10 94 11 8 12 88 13 71 14 89 15 28 16 17 17 50 18 88 19 20 20 78
1 83 2 32 3 17 4 46 5 83 6 70 7 46 8 36 9 21 10 42 11 16 12 37 13 91 14 86 15 11 16 6 17 57 18 95 19 27 20 1
1 15 2 87 3 88 4 92 5 63 6 26 7 27 8 81 9 71 10 26 11 21 12 33 13 1 14 62 15 47 16 57 17 76 18 77 19 37 20 33
1 99 2 57 3 20 4 1 5 43 6 92 7 45 8 4 9 31 10 60 11 77 12 64 13 31 14 42 15 14 16 86 17 81 18 41 19 66 20 90
1 10 2 6 3 39 4 49 5 40 6 45 7 62 8 72 9 89 10 45 11 42 12 12 13 26 14 68 15 49 16 79 17 5 18 83 19 98 20 61
1 34 2 52 3 54 4 57 5 8 6 72 7 7 8 22 9 74 10 67 11 3 12 16 13 7 14 35 15 61 16 51 17 99 18 14 19 94 20 18
1 67 2 54 3 52 4 14 5 67 6 27 7 94 8 1 9 47 10 62 11 48 12 1 13 98 14 56 15 58 16 54 17 22 18 21 19 66 20 59
1 26 2 60 3 51 4 64 5 18 6 36 7 55 8 7 9 22 10 44 11 65 12 65 13 50 14 63 15 14 16 9 17 39 18 73 19 73 20 53
1 52 2 10 3 71 4 28 5 41 6 53 7 66 8 26 9 64 10 42 11 50 12 61 13 6 14 79 15 13 16 67 17 69 18 26 19 98 20 60
1 65 2 26 3 95 4 6 5 46 6 68 7 90 8 14 9 94 10 50 11 39 12 90 13 17 14 92 15 11 16 89 17 27 18 24 19 59 20 38
1 12 2 19 3 58 4 21 5 17 6 79 7 44 8 27 9 26 10 65 11 19 12 73 13 72 14 18 15 52 16 14 17 20 18 75 19 94 20 48
1 35 2 82 3 88 4 13 5 24 6 82 7 36 8 75 9 10 10 36 11 44 12 92 13 74 14 85 15 55 16 11 17 42 18 67 19 10 20 83
1 81 2 82 3 14 4 60 5 31 6 12 7 34 8 8 9 15 10 15 11 31 12 46 13 94 14 40 15 25 16 90 17 13 18 70 19 39 20 27
1 45 2 17 3 90 4 27 5 89 6 38 7 48 8 6 9 77 10 61 11 66 12 90 13 95 14 70 15 59 16 17 17 33 18 87 19 94 20 91
1 24 2 4 3 2 4 77 5 12 6 14 7 6 8 22 9 65 10 75 11 34 12 9 13 14 14 67 15 69 16 35 17 79 18 4 19 12 20 23
1 31 2 42 3 77 4 39 5 90 6 95 7 59 8 76 9 28 10 71 11 42 12 59 13 33 14 23 15 47 16 91 17 3 18 22 19 8 20 8
1 26 2 21 3 48 4 88 5 23 6 42 7 68 8 38 9 11 10 79 11 11 12 18 13 67 14 3 15 38 16 63 17 17 18 1 19 77 20 72
1 65 2 29 3 61 4 25 5 65 6 95 7 44 8 82 9 72 10 34 11 73 12 19 13 23 14 61 15 74 16 61 17 86 18 22 19 98 20 31
1 70 2 51 3 4 4 75 5 32 6 99 7 90 8 25 9 81 10 50 11 2 12 27 13 17 14 96 15 95 16 31 17 31 18 43 19 79 20 2
1 22 2 62 3 37 4 12 5 72 6 25 7 29 8 79 9 57 10 22 11 75 12 73 13 62 14 79 15 37 16 74 17 57 18 37 19 3 20 67
1 47 2 36 3 23 4 21 5 11 6 89 7 38 8 26 9 3 10 16 11 22 12 68 13 23 14 52 15 80 16 29 17 63 18 77 19 90 20 16
1 63 2 96 3 14 4 86 5 19 6 63 7 20 8 97 9 56 10 25 11 95 12 51 13 83 14 66 15 98 16 48 17 29 18 89 19 98 20 62
1 36 2 40 3 69 4 87 5 90 6 26 7 32 8 38 9 23 10 9 11 47 12 12 13 56 14 90 15 35 16 54 17 59 18 43 19 1 20 96
1 20 2 83 3 18 4 59 5 44 6 58 7 30 8 72 9 50 10 1 11 26 12 86 13 8 14 49 15 20 16 2 17 92 18 86 19 5 20 36
1 75 2 12 3 26 4 13 5 54 6 64 7 13 8 9 9 58 10 56 11 54 12 72 13 21 14 47 15 57 16 25 17 84 18 75 19 14 20 88
1 53 2 48 3 9 4 5 5 88 6 58 7 96 8 67 9 88 10 33 11 71 12 38 13 15 14 87 15 45 16 93 17 9 18 64 19 66 20 93
