500 20
1 21 2 24 3 14 4 21 5 33 6 35 7 34 8 15 9 48 10 45 11 45 12 64 13 4 14 62 15 89 16 59 17 23 18 20 19 12 20 37
1 25 2 10 3 35 4 29 5 36 6 4 7 76 8 90 9 78 10 69 11 38 12 99 13 67 14 96 15 82 16 51 17 34 18 7 19 93 20 45
1 84 2 42 3 13 4 8 5 78 6 63 7 87 8 77 9 28 10 62 11 68 12 14 13 88 14 18 15 11 16 64 17 11 18 29 19 93 20 17
1 24 2 51 3 41 4 1 5 51 6 39 7 74 8 66 9 7 10 60 11 64 12 8 13 86 14 26 15 18 16 58 17 50 18 30 19 89 20 83
1 64 2 96 3 29 4 73 5 42 6 45 7 97 8 82 9 60 10 68 11 62 12 69 13 20 14 42 15 99 16 13 17 50 18 46 19 59 20 65
1 38 2 21 3 32 4 6 5 96 6 10 7 81 8 14 9 31 10 1 11 4 12 6 13 94 14 84 15 52 16 18 17 59 18 86 19 64 20 18
1 99 2 99 3 97 4 29 5 61 6 85 7 35 8 42 9 92 10 63 11 87 12 7 13 40 14 55 15 67 16 16 17 94 18 28 19 80 20 23
1 3 2 3 3 90 4 40 5 16 6 31 7 13 8 65 9 1 10 75 11 24 12 76 13 88 14 80 15 79 16 76 17 23 18 85 19 53 20 38
1 52 2 39 3 28 4 92 5 85 6 18 7 86 8 7 9 22 10 97 11 63 12 44 13 33 14 9 15 92 16 33 17 98 18 57 19 54 20 60
1 37 2 7 3 83 4 38 5 1 6 76 7 51 8 35 9 95 10 63 11 92 12 8 13 86 14 46 15 70 16 11 17 88 18 96 19 81 20 86
1 99 2 9 3 36 4 56 5 10 6 5 7 90 8 70 9 11 10 28 11 95 12 23 13 43 14 32 15 17 16 11 17 68 18 60 19 5 20 53
1 7 2 43 3 30 4 71 5 9 6 99 7 49 8 22 9 89 10 99 11 98 12 21 13 48 14 10 15 93 16 31 17 13 18 39 19 38 20 36
1 21 2 80 3 39 4 59 5 65 6 70 7 80 8 90 9 75 10 95 11 15 12 20 13 83 14 72 15 93 16 66 17 12 18 92 19 61 20 84
1 2 2 20 3 38 4 31 5 63 6 23 7 93 8 85 9 66 10 80 11 49 12 62 13 1 14 67 15 84 16 29 17 9 18 5 19 83 20 74
1 19 2 53 3 11 4 75 5 77 6 64 7 45 8 21 9 52 10 88 11 16 12 88 13 1 14 52 15 51 16 74 17 29 18 7 19 27 20 17
1 20 2 52 3 53 4 61 5 47 6 38 7 36 8 58 9 3 10 46 11 69 12 43 13 16 14 23 15 93 16 48 17 64 18 84 19 41 20 59
1 57 2 76 3 91 4 12 5 35 6 9 7 64 8 35 9 92 10 29 11 13 12 54 13 51 14 86 15 32 16 82 17 75 18 72 19 78 20 81
1 56 2 55 3 72 4 46 5 76 6 65 7 81 8 63 9 96 10 29 11 14 12 27 13 74 14 96 15 14 16 32 17 62 18 96 19 84 20 59
1 41 2 38 3 3 4 55 5 6 6 62 7 61 8 48 9 45 10 24 11 99 12 15 13 51 14 45 15 92 16 98 17 83 18 36 19 48 20 9
1 80 2 23 3 40 4 34 5 5 6 50 7 86 8 17 9 70 10 1 11 44 12 75 13 81 14 81 15 26 16 17 17 29 18 8 19 70 20 62
1 23 2 99 3 82 4 38 5 31 6 18 7 18 8 16 9 53 10 80 11 29 12 4 13 63 14 49 15 40 16 37 17 26 18 85 19 89 20 22
1 57 2 73 3 4 4 32 5 79 6 72 7 8 8 48 9 94 10 87 11 91 12 16 13 5 14 19 15 99 16 37 17 44 18 1 19 88 20 60
1 43 2 4 3 9 4 17 5 12 6 46 7 1 8 97 9 78 10 41 11 71 12 86 13 63 14 17 15 23 16 81 17 83 18 81 19 49 20 33
1 16 2 37 3 63 4 1 5 87 6 20 7 83 8 89 9 98 10 52 11 79 12 37 13 49 14 1 15 3 16 82 17 76 18 10 19 83 20 38
1 51 2 34 3 60 4 89 5 49 6 50 7 54 8 97 9 85 10 17 11 90 12 63 13 35 14 42 15 80 16 67 17 86 18 52 19 35 20 50
1 55 2 44 3 32 4 33 5 5 6 85 7 27 8 98 9 42 10 93 11 6 12 17 13 95 14 40 15 62 16 68 17 26 18 6 19 27 20 30
1 99 2 84 3 78 4 80 5 89 6 79 7 12 8 95 9 98 10 8 11 19 12 71 13 74 14 75 15 95 16 90 17 10 18 71 19 36 20 52
1 81 2 64 3 3 4 91 5 64 6 66 7 88 8 7 9 82 10 36 11 83 12 95 13 91 14 40 15 75 16 15 17 4 18 25 19 68 20 91
1 39 2 20 3 85 4 15 5 72 6 95 7 91 8 15 9 86 10 28 11 56 12 58 13 72 14 86 15 43 16 17 17 85 18 61 19 43 20 64
1 36 2 9 3 63 4 90 5 34 6 68 7 34 8 86 9 33 10 17 11 92 12 2 13 65 14 60 15 30 16 93 17 9 18 30 19 82 20 93
1 74 2 83 3 70 4 35 5 57 6 13 7 67 8 19 9 8 10 3 11 11 12 60 13 13 14 72 15 46 16 62 17 30 18 37 19 49 20 88
1 71 2 80 3 55 4 83 5 92 6 35 7 78 8 25 9 29 10 21 11 39 12 92 13 23 14 78 15 64 16 69 17 68 18 62 19 11 20 35
1 17 2 87 3 58 4 49 5 52 6 78 7 66 8 51 9 80 10 62 11 63 12 7 13 46 14 25 15 8 16 69 17 80 18 52 19 52 20 82
1 46 2 86 3 77 4 40 5 78 6 95 7 17 8 9 9 24 10 31 11 94 12 87 13 38 14 84 15 87 16 20 17 20 18 18 19 56 20 51
1 43 2 19 3 59 4 72 5 27 6 91 7 15 8 60 9 58 10 28 11 82 12 71 13 18 14 62 15 99 16 71 17 9 18 45 19 96 20 24
1 93 2 80 3 72 4 89 5 89 6 66 7 48 8 49 9 39 10 60 11 55 12 4 13 42 14 17 15 30 16 65 17 56 18 83 19 10 20 92
1 56 2 75 3 43 4 75 5 16 6 13 7 77 8 20 9 7 10 45 11 63 12 76 13 76 14 46 15 69 16 63 17 49 18 62 19 26 20 93
1 53 2 49 3 17 4 31 5 74 6 68 7 42 8 96 9 71 10 37 11 30 12 6 13 56 14 7 15 90 16 74 17 35 18 87 19 51 20 23
1 62 2 69 3 3 4 43 5 37 6 51 7 55 8 91 9 17 10 70 11 67 12 7 13 15 14 96 15 25 16 78 17 81 18 4 19 21 20 4
1 24 2 74 3 56 4 95 5 45 6 19 7 67 8 66 9 7 10 25 11 81 12 6 13 95 14 63 15 15 16 69 17 94 18 79 19 72 20 80
1 59 2 67 3 20 4 69 5 85 6 76 7 89 8 62 9 85 10 61 11 48 12 18 13 48 14 59 15 81 16 7 17 56 18 93 19 31 20 65
1 78 2 41 3 66 4 73 5 58 6 7 7 74 8 47 9 84 10 76 11 16 12 2 13 12 14 84 15 19 16 36 17 82 18 81 19 66 20 5
1 94 2 71 3 30 4 14 5 58 6 44 7 16 8 72 9 74 10 22 11 72 12 60 13 61 14 29 15 3 16 31 17 64 18 23 19 34 20 28
1 43 2 54 3 68 4 4 5 51 6 60 7 71 8 88 9 2 10 55 11 11 12 49 13 46 14 52 15 53 16 25 17 87 18 15 19 9 20 35
1 61 2 32 3 75 4 34 5 74 6 32 7 57 8 68 9 85 10 93 11 18 12 60 13 63 14 61 15 58 16 81 17 4 18 62 19 35 20 92
1 47 2 34 3 2 4 99 5 31 6 33 7 39 8 68 9 43 10 84 11 87 12 5 13 76 14 99 15 43 16 6 17 7 18 40 19 10 20 1
1 20 2 6 3 53 4 5 5 3 6 19 7 86 8 62 9 58 10 96 11 11 12 48 13 52 14 78 15 45 16 79 17 82 18 2 19 94 20 11
1 95 2 54 3 83 4 53 5 19 6 89 7 15 8 34 9 59 10 94 11 14 12 69 13 28 14 60 15 94 16 68 17 62 18 48 19 15 20 55
1 7 2 16 3 39 4 9 5 22 6 81 7 20 8 94 9 49 10 68 11 41 12 6 13 24 14 87 15 60 16 57 17 42 18 96 19 8 20 96
1 68 2 79 3 28 4 28 5 44 6 11 7 67 8 2 9 77 10 14 11 69 12 76 13 29 14 86 15 28 16 98 17 64 18 37 19 24 20 17
1 92 2 84 3 96 4 45 5 95 6 8 7 57 8 33 9 98 10 34 11 40 12 82 13 16 14 47 15 86 16 54 17 45 18 3 19 78 20 80
1 77 2 6 3 44 4 31 5 7 6 18 7 1 8 97 9 20 10 76 11 35 12 12 13 49 14 60 15 10 16 87 17 33 18 35 19 9 20 89
1 4 2 26 3 30 4 63 5 56 6 66 7 75 8 23 9 82 10 8 11 60 12 74 13 68 14 1 15 50 16 32 17 54 18 72 19 86 20 96
1 61 2 13 3 12 4 51 5 94 6 99 7 91 8 41 9 78 10 28 11 50 12 60 13 31 14 91 15 45 16 5 17 94 18 68 19 50 20 93
1 55 2 74 3 63 4 27 5 64 6 69 7 96 8 86 9 9 10 99 11 73 12 82 13 16 14 53 15 20 16 87 17 5 18 62 19 72 20 54
1 58 2 57 3 12 4 2 5 33 6 19 7 80 8 93 9 55 10 78 11 85 12 1 13 1 14 12 15 95 16 47 17 70 18 80 19 18 20 10
1 93 2 89 3 49 4 97 5 32 6 84 7 97 8 29 9 54 10 3 11 22 12 29 13 35 14 73 15 64 16 24 17 46 18 23 19 86 20 20
1 52 2 28 3 94 4 55 5 24 6 86 7 39 8 23 9 92 10 7 11 22 12 68 13 35 14 51 15 34 16 27 17 9 18 5 19 8 20 75
1 76 2 54 3 19 4 81 5 26 6 30 7 48 8 56 9 69 10 27 11 53 12 77 13 59 14 37 15 52 16 10 17 23 18 72 19 4 20 12
1 4 2 45 3 4 4 25 5 22 6 90 7 34 8 84 9 79 10 54 11 4 12 26 13 88 14 26 15 24 16 64 17 93 18 14 19 30 20 75
1 34 2 99 3 7 4 23 5 98 6 78 7 29 8 26 9 14 10 61 11 87 12 67 13 17 14 8 15 96 16 25 17 26 18 27 19 11 20 61
1 79 2 38 3 77 4 44 5 45 6 77 7 82 8 31 9 37 10 89 11 67 12 99 13 15 14 7 15 45 16 27 17 15 18 84 19 89 20 85
1 49 2 16 3 45 4 83 5 75 6 58 7 79 8 35 9 56 10 90 11 12 12 7 13 53 14 56 15 25 16 3 17 49 18 71 19 64 20 15
1 83 2 83 3 19 4 18 5 35 6 65 7 53 8 63 9 81 10 44 11 19 12 98 13 7 14 61 15 14 16 52 17 9 18 14 19 31 20 30
1 76 2 82 3 4 4 58 5 22 6 30 7 20 8 13 9 18 10 32 11 12 12 43 13 56 14 85 15 13 16 24 17 22 18 91 19 42 20 83
1 51 2 44 3 30 4 35 5 4 6 68 7 60 8 8 9 18 10 8 11 87 12 15 13 67 14 40 15 78 16 74 17 6 18 24 19 47 20 8
1 9 2 29 3 30 4 91 5 82 6 10 7 90 8 49 9 35 10 76 11 71 12 84 13 77 14 66 15 98 16 59 17 13 18 51 19 48 20 19
1 23 2 22 3 12 4 13 5 52 6 25 7 47 8 79 9 16 10 80 11 61 12 40 13 3 14 95 15 68 16 40 17 99 18 19 19 81 20 65
1 70 2 52 3 63 4 32 5 55 6 48 7 2 8 18 9 42 10 94 11 89 12 98 13 84 14 62 15 80 16 38 17 25 18 39 19 75 20 56
1 21 2 97 3 82 4 17 5 27 6 99 7 18 8 49 9 63 10 87 11 78 12 17 13 24 14 12 15 59 16 52 17 36 18 32 19 83 20 21
1 2 2 34 3 24 4 63 5 54 6 18 7 60 8 61 9 69 10 81 11 72 12 94 13 86 14 6 15 7 16 67 17 41 18 57 19 45 20 59
1 56 2 20 3 99 4 93 5 69 6 61 7 7 8 85 9 74 10 34 11 13 12 19 13 5 14 47 15 77 16 35 17 54 18 3 19 95 20 56
1 93 2 82 3 88 4 19 5 68 6 89 7 4 8 76 9 92 10 72 11 62 12 94 13 56 14 23 15 66 16 12 17 55 18 1 19 85 20 4
1 44 2 89 3 96 4 2 5 50 6 47 7 84 8 96 9 46 10 68 11 51 12 10 13 41 14 26 15 56 16 52 17 71 18 71 19 5 20 41
1 66 2 26 3 26 4 75 5 5 6 36 7 81 8 26 9 72 10 78 11 4 12 8 13 83 14 23 15 67 16 50 17 25 18 93 19 82 20 26
1 5 2 50 3 51 4 84 5 43 6 8 7 95 8 96 9 61 10 79 11 89 12 21 13 66 14 80 15 36 16 42 17 25 18 92 19 9 20 29
1 64 2 62 3 75 4 93 5 30 6 32 7 32 8 85 9 48 10 23 11 26 12 96 13 78 14 11 15 59 16 41 17 79 18 15 19 34 20 27
1 70 2 16 3 78 4 95 5 52 6 92 7 14 8 89 9 68 10 2 11 72 12 1 13 33 14 23 15 60 16 85 17 23 18 99 19 69 20 17
1 85 2 27 3 73 4 77 5 68 6 18 7 85 8 61 9 34 10 84 11 52 12 75 13 60 14 60 15 25 16 99 17 35 18 19 19 50 20 51
1 38 2 24 3 81 4 75 5 59 6 98 7 16 8 74 9 37 10 64 11 38 12 84 13 45 14 69 15 33 16 97 17 89 18 11 19 7 20 37
1 89 2 49 3 82 4 92 5 56 6 64 7 48 8 40 9 71 10 44 11 9 12 20 13 4 14 59 15 27 16 73 17 30 18 55 19 38 20 60
1 72 2 30 3 57 4 19 5 27 6 4 7 44 8 67 9 19 10 49 11 95 12 2 13 98 14 46 15 88 16 50 17 23 18 68 19 45 20 51
1 12 2 3 3 42 4 34 5 31 6 48 7 64 8 34 9 13 10 77 11 48 12 76 13 76 14 85 15 31 16 1 17 97 18 43 19 89 20 35
1 24 2 61 3 74 4 39 5 49 6 18 7 96 8 97 9 13 10 91 11 17 12 20 13 30 14 60 15 32 16 29 17 28 18 67 19 23 20 64
1 87 2 7 3 10 4 54 5 53 6 68 7 3 8 75 9 73 10 81 11 90 12 16 13 82 14 14 15 39 16 18 17 1 18 72 19 14 20 43
1 53 2 47 3 27 4 75 5 16 6 50 7 81 8 47 9 57 10 16 11 66 12 54 13 12 14 76 15 88 16 37 17 54 18 39 19 36 20 91
1 19 2 72 3 48 4 4 5 98 6 4 7 13 8 56 9 23 10 79 11 2 12 34 13 9 14 5 15 75 16 70 17 34 18 96 19 57 20 25
1 15 2 28 3 38 4 18 5 58 6 44 7 50 8 81 9 1 10 48 11 13 12 55 13 23 14 6 15 54 16 9 17 11 18 69 19 88 20 87
1 61 2 95 3 74 4 40 5 12 6 81 7 23 8 55 9 68 10 39 11 26 12 73 13 68 14 42 15 39 16 32 17 37 18 81 19 44 20 49
1 68 2 89 3 95 4 85 5 22 6 43 7 16 8 87 9 95 10 34 11 5 12 5 13 97 14 50 15 67 16 59 17 61 18 75 19 25 20 38
1 71 2 62 3 9 4 80 5 34 6 93 7 32 8 94 9 94 10 35 11 13 12 14 13 39 14 12 15 45 16 30 17 42 18 12 19 17 20 6
1 31 2 7 3 89 4 3 5 26 6 19 7 33 8 56 9 91 10 3 11 88 12 50 13 91 14 63 15 76 16 64 17 55 18 60 19 71 20 50
1 35 2 59 3 20 4 37 5 1 6 41 7 58 8 75 9 55 10 54 11 12 12 15 13 52 14 61 15 65 16 60 17 21 18 71 19 87 20 9
1 8 2 3 3 11 4 59 5 17 6 16 7 14 8 28 9 71 10 28 11 45 12 78 13 71 14 66 15 2 16 29 17 23 18 73 19 39 20 29
1 77 2 9 3 97 4 34 5 5 6 55 7 48 8 46 9 99 10 46 11 5 12 27 13 58 14 54 15 26 16 52 17 45 18 74 19 96 20 67
1 35 2 87 3 64 4 74 5 86 6 85 7 19 8 52 9 70 10 79 11 63 12 92 13 83 14 99 15 79 16 52 17 92 18 3 19 51 20 61
1 60 2 18 3 91 4 73 5 98 6 10 7 15 8 58 9 30 10 73 11 5 12 41 13 93 14 35 15 94 16 92 17 32 18 49 19 55 20 18
1 40 2 6 3 24 4 23 5 68 6 9 7 60 8 7 9 83 10 29 11 4 12 13 13 82 14 76 15 74 16 4 17 72 18 84 19 40 20 48
1 8 2 70 3 64 4 26 5 71 6 77 7 70 8 92 9 15 10 18 11 80 12 7 13 14 14 95 15 37 16 4 17 27 18 17 19 40 20 97
1 82 2 84 3 83 4 75 5 70 6 42 7 38 8 7 9 57 10 30 11 41 12 36 13 6 14 83 15 21 16 58 17 50 18 96 19 4 20 65
1 15 2 80 3 2 4 30 5 4 6 69 7 66 8 75 9 97 10 64 11 89 12 49 13 28 14 99 15 51 16 93 17 13 18 59 19 68 20 89
1 62 2 15 3 44 4 68 5 41 6 27 7 45 8 79 9 65 10 97 11 12 12 92 13 28 14 47 15 59 16 4 17 84 18 3 19 36 20 14
1 71 2 88 3 36 4 41 5 17 6 36 7 50 8 14 9 21 10 64 11 39 12 48 13 19 14 91 15 94 16 36 17 67 18 90 19 47 20 64
1 77 2 60 3 88 4 44 5 26 6 2 7 45 8 49 9 48 10 61 11 75 12 41 13 1 14 87 15 16 16 45 17 90 18 50 19 52 20 49
1 5 2 7 3 28 4 63 5 57 6 29 7 25 8 22 9 38 10 91 11 23 12 3 13 46 14 46 15 61 16 34 17 87 18 7 19 13 20 70
1 48 2 12 3 23 4 52 5 71 6 8 7 20 8 97 9 52 10 59 11 99 12 15 13 43 14 65 15 18 16 18 17 25 18 50 19 42 20 94
1 66 2 89 3 42 4 61 5 24 6 23 7 24 8 88 9 60 10 41 11 92 12 76 13 21 14 14 15 6 16 6 17 12 18 28 19 7 20 66
1 67 2 13 3 67 4 64 5 82 6 15 7 43 8 62 9 52 10 55 11 54 12 66 13 23 14 15 15 64 16 87 17 75 18 91 19 34 20 83
1 23 2 70 3 56 4 86 5 34 6 32 7 36 8 2 9 45 10 27 11 18 12 54 13 85 14 10 15 64 16 90 17 32 18 35 19 73 20 77
1 37 2 65 3 95 4 5 5 11 6 4 7 39 8 24 9 2 10 98 11 8 12 90 13 64 14 31 15 79 16 63 17 36 18 29 19 97 20 69
1 84 2 96 3 2 4 65 5 57 6 86 7 6 8 85 9 36 10 20 11 21 12 25 13 31 14 24 15 39 16 80 17 1 18 13 19 67 20 76
1 29 2 51 3 54 4 33 5 84 6 65 7 79 8 23 9 83 10 43 11 5 12 62 13 99 14 95 15 65 16 8 17 32 18 1 19 73 20 75
1 15 2 27 3 66 4 32 5 36 6 92 7 37 8 97 9 47 10 6 11 41 12 43 13 10 14 47 15 63 16 6 17 55 18 68 19 78 20 98
1 92 2 96 3 28 4 68 5 44 6 20 7 46 8 94 9 73 10 89 11 73 12 8 13 15 14 22 15 23 16 27 17 84 18 62 19 90 20 64
1 48 2 34 3 90 4 73 5 15 6 86 7 46 8 99 9 60 10 32 11 70 12 61 13 53 14 92 15 20 16 61 17 13 18 68 19 22 20 93
1 23 2 28 3 69 4 93 5 44 6 11 7 82 8 44 9 85 10 33 11 51 12 3 13 48 14 41 15 4 16 75 17 83 18 34 19 98 20 75
1 50 2 43 3 95 4 19 5 76 6 31 7 11 8 21 9 90 10 74 11 82 12 5 13 96 14 98 15 22 16 10 17 19 18 67 19 50 20 49
1 53 2 90 3 48 4 1 5 75 6 8 7 14 8 80 9 51 10 13 11 62 12 67 13 51 14 83 15 63 16 42 17 42 18 69 19 22 20 7
1 14 2 75 3 34 4 92 5 49 6 31 7 33 8 83 9 52 10 73 11 81 12 71 13 48 14 91 15 5 16 76 17 61 18 56 19 5 20 70
1 75 2 39 3 80 4 17 5 53 6 24 7 48 8 81 9 30 10 7 11 55 12 80 13 74 14 66 15 50 16 16 17 60 18 19 19 26 20 62
1 96 2 33 3 61 4 53 5 5 6 99 7 22 8 9 9 14 10 9 11 74 12 19 13 25 14 52 15 77 16 6 17 73 18 68 19 19 20 60
1 70 2 20 3 33 4 97 5 60 6 46 7 67 8 77 9 41 10 3 11 76 12 18 13 76 14 25 15 86 16 70 17 68 18 50 19 69 20 80
1 92 2 65 3 32 4 9 5 52 6 28 7 24 8 14 9 80 10 27 11 67 12 21 13 21 14 27 15 22 16 41 17 63 18 21 19 14 20 74
1 67 2 53 3 77 4 50 5 64 6 1 7 35 8 37 9 25 10 30 11 38 12 49 13 2 14 82 15 3 16 55 17 39 18 7 19 85 20 24
1 29 2 96 3 23 4 67 5 75 6 27 7 51 8 49 9 33 10 29 11 31 12 89 13 98 14 23 15 31 16 38 17 20 18 36 19 25 20 65
1 46 2 57 3 56 4 83 5 60 6 63 7 8 8 14 9 35 10 17 11 4 12 66 13 3 14 26 15 94 16 5 17 73 18 21 19 70 20 51
1 78 2 8 3 50 4 97 5 75 6 54 7 86 8 62 9 2 10 24 11 59 12 90 13 34 14 45 15 61 16 85 17 89 18 71 19 70 20 89
1 95 2 50 3 36 4 46 5 73 6 18 7 56 8 14 9 57 10 71 11 98 12 49 13 24 14 44 15 46 16 16 17 19 18 86 19 90 20 60
1 27 2 58 3 94 4 4 5 76 6 79 7 59 8 1 9 95 10 13 11 72 12 85 13 22 14 87 15 90 16 29 17 11 18 56 19 13 20 25
1 89 2 56 3 57 4 87 5 6 6 49 7 18 8 51 9 86 10 52 11 45 12 83 13 11 14 15 15 70 16 71 17 19 18 91 19 89 20 7
1 93 2 11 3 90 4 88 5 50 6 14 7 2 8 61 9 39 10 96 11 95 12 40 13 9 14 47 15 8 16 45 17 95 18 79 19 56 20 50
1 32 2 45 3 13 4 75 5 56 6 83 7 31 8 54 9 39 10 86 11 97 12 81 13 75 14 13 15 66 16 98 17 98 18 9 19 33 20 72
1 88 2 87 3 80 4 88 5 5 6 64 7 93 8 76 9 65 10 40 11 30 12 15 13 12 14 83 15 35 16 46 17 40 18 61 19 37 20 25
1 86 2 57 3 88 4 49 5 41 6 46 7 23 8 84 9 46 10 90 11 99 12 4 13 24 14 97 15 94 16 32 17 4 18 2 19 98 20 75
1 62 2 31 3 12 4 43 5 45 6 83 7 6 8 80 9 40 10 49 11 55 12 37 13 50 14 71 15 36 16 21 17 65 18 98 19 99 20 99
1 80 2 23 3 8 4 65 5 82 6 11 7 90 8 21 9 56 10 41 11 40 12 97 13 57 14 90 15 34 16 15 17 29 18 49 19 80 20 65
1 83 2 65 3 52 4 2 5 75 6 50 7 6 8 80 9 37 10 4 11 97 12 47 13 19 14 59 15 34 16 54 17 55 18 85 19 20 20 31
1 24 2 7 3 38 4 37 5 52 6 86 7 2 8 20 9 60 10 85 11 93 12 5 13 32 14 95 15 15 16 70 17 92 18 96 19 61 20 12
1 54 2 98 3 70 4 63 5 71 6 48 7 65 8 9 9 47 10 43 11 89 12 83 13 64 14 68 15 79 16 82 17 70 18 48 19 62 20 94
1 1 2 21 3 96 4 2 5 98 6 12 7 46 8 71 9 5 10 29 11 67 12 47 13 16 14 41 15 30 16 43 17 62 18 81 19 65 20 97
1 35 2 37 3 10 4 71 5 78 6 38 7 26 8 56 9 18 10 37 11 43 12 48 13 69 14 65 15 15 16 17 17 63 18 98 19 52 20 13
1 34 2 18 3 6 4 61 5 54 6 86 7 38 8 55 9 18 10 54 11 96 12 7 13 68 14 30 15 14 16 3 17 45 18 29 19 18 20 66
1 65 2 39 3 27 4 74 5 69 6 46 7 85 8 32 9 86 10 33 11 50 12 13 13 57 14 95 15 11 16 18 17 34 18 12 19 77 20 17
1 82 2 86 3 59 4 42 5 29 6 66 7 99 8 57 9 7 10 65 11 64 12 28 13 85 14 66 15 80 16 3 17 9 18 61 19 14 20 26
1 25 2 15 3 27 4 32 5 63 6 90 7 33 8 14 9 35 10 45 11 10 12 89 13 78 14 67 15 56 16 62 17 82 18 31 19 76 20 17
1 4 2 91 3 32 4 1 5 31 6 9 7 98 8 60 9 22 10 17 11 34 12 48 13 17 14 36 15 42 16 63 17 12 18 98 19 46 20 87
1 37 2 94 3 66 4 20 5 59 6 12 7 76 8 1 9 19 10 68 11 27 12 53 13 88 14 16 15 58 16 74 17 46 18 69 19 74 20 70
1 13 2 95 3 53 4 32 5 25 6 46 7 10 8 19 9 34 10 38 11 8 12 34 13 97 14 81 15 16 16 68 17 73 18 95 19 44 20 74
1 34 2 13 3 10 4 14 5 51 6 63 7 89 8 58 9 78 10 13 11 84 12 94 13 68 14 80 15 93 16 70 17 8 18 62 19 43 20 90
1 7 2 10 3 59 4 54 5 35 6 55 7 69 8 72 9 97 10 17 11 68 12 23 13 91 14 33 15 69 16 5 17 80 18 29 19 21 20 48
1 81 2 15 3 31 4 27 5 67 6 79 7 32 8 49 9 33 10 94 11 52 12 99 13 92 14 23 15 10 16 42 17 97 18 95 19 46 20 32
1 44 2 47 3 56 4 16 5 25 6 80 7 73 8 18 9 77 10 1 11 41 12 15 13 61 14 90 15 73 16 23 17 62 18 85 19 41 20 57
1 91 2 90 3 96 4 4 5 21 6 77 7 45 8 17 9 59 10 72 11 34 12 37 13 1 14 2 15 7 16 12 17 6 18 56 19 20 20 99
1 8 2 80 3 66 4 1 5 3 6 4 7 62 8 4 9 21 10 17 11 10 12 61 13 84 14 50 15 93 16 96 17 40 18 17 19 70 20 84
1 93 2 91 3 54 4 19 5 40 6 36 7 67 8 10 9 23 10 47 11 68 12 44 13 55 14 6 15 13 16 29 17 69 18 1 19 38 20 85
1 96 2 74 3 36 4 38 5 15 6 46 7 15 8 86 9 76 10 79 11 18 12 65 13 26 14 2 15 14 16 21 17 8 18 85 19 19 20 47
1 5 2 63 3 48 4 20 5 77 6 30 7 19 8 45 9 95 10 94 11 14 12 19 13 86 14 8 15 67 16 29 17 18 18 46 19 68 20 36
1 62 2 54 3 23 4 22 5 15 6 47 7 90 8 58 9 96 10 17 11 52 12 13 13 29 14 81 15 8 16 76 17 24 18 73 19 77 20 68
1 73 2 81 3 33 4 50 5 4 6 45 7 40 8 59 9 23 10 99 11 69 12 63 13 66 14 28 15 46 16 71 17 59 18 74 19 73 20 57
1 78 2 38 3 1 4 88 5 42 6 10 7 67 8 86 9 24 10 98 11 85 12 54 13 48 14 39 15 19 16 90 17 57 18 83 19 92 20 31
1 56 2 21 3 61 4 64 5 90 6 46 7 29 8 40 9 81 10 43 11 97 12 11 13 41 14 44 15 43 16 33 17 50 18 63 19 58 20 13
1 68 2 11 3 19 4 68 5 43 6 7 7 66 8 9 9 74 10 39 11 58 12 79 13 4 14 58 15 46 16 30 17 24 18 48 19 18 20 82
1 64 2 51 3 5 4 19 5 18 6 24 7 28 8 47 9 51 10 38 11 90 12 62 13 57 14 16 15 42 16 42 17 67 18 16 19 38 20 36
1 22 2 80 3 59 4 73 5 22 6 46 7 60 8 63 9 53 10 98 11 88 12 95 13 62 14 3 15 53 16 9 17 18 18 24 19 76 20 67
1 71 2 30 3 83 4 97 5 20 6 61 7 12 8 46 9 16 10 84 11 47 12 79 13 68 14 77 15 64 16 3 17 66 18 78 19 60 20 28
1 41 2 99 3 20 4 64 5 49 6 53 7 35 8 38 9 61 10 34 11 85 12 71 13 71 14 98 15 55 16 5 17 70 18 45 19 28 20 4
1 18 2 7 3 17 4 29 5 5 6 40 7 46 8 67 9 75 10 36 11 52 12 26 13 55 14 45 15 47 16 40 17 24 18 3 19 11 20 71
1 53 2 83 3 83 4 12 5 5 6 96 7 11 8 89 9 3 10 9 11 27 12 20 13 57 14 16 15 32 16 58 17 93 18 19 19 99 20 25
1 7 2 96 3 31 4 82 5 96 6 3 7 62 8 84 9 48 10 76 11 28 12 42 13 33 14 80 15 14 16 22 17 1 18 4 19 53 20 91
1 51 2 45 3 66 4 99 5 3 6 56 7 23 8 34 9 63 10 9 11 12 12 29 13 64 14 21 15 33 16 28 17 40 18 19 19 84 20 58
1 39 2 13 3 41 4 52 5 64 6 45 7 77 8 23 9 32 10 34 11 45 12 2 13 95 14 17 15 21 16 9 17 67 18 60 19 30 20 27
1 32 2 2 3 51 4 32 5 25 6 92 7 8 8 8 9 77 10 90 11 97 12 78 13 37 14 3 15 64 16 41 17 7 18 35 19 98 20 76
1 51 2 95 3 62 4 2 5 28 6 68 7 35 8 10 9 26 10 71 11 82 12 64 13 81 14 61 15 8 16 16 17 5 18 98 19 60 20 40
1 69 2 25 3 18 4 26 5 44 6 93 7 18 8 72 9 40 10 89 11 10 12 1 13 44 14 52 15 41 16 63 17 88 18 90 19 2 20 45
1 49 2 20 3 86 4 32 5 70 6 60 7 58 8 81 9 32 10 77 11 15 12 98 13 70 14 48 15 76 16 19 17 7 18 27 19 44 20 39
1 98 2 36 3 43 4 55 5 14 6 11 7 20 8 94 9 53 10 97 11 5 12 63 13 87 14 98 15 67 16 27 17 47 18 6 19 86 20 90
1 20 2 55 3 58 4 37 5 16 6 61 7 42 8 91 9 37 10 66 11 58 12 26 13 14 14 10 15 54 16 87 17 56 18 81 19 81 20 41
1 75 2 65 3 74 4 6 5 60 6 50 7 81 8 43 9 86 10 94 11 20 12 91 13 72 14 78 15 66 16 88 17 30 18 87 19 2 20 69
1 94 2 10 3 35 4 70 5 8 6 45 7 88 8 79 9 3 10 79 11 15 12 38 13 59 14 17 15 97 16 40 17 59 18 82 19 84 20 67
1 38 2 42 3 24 4 51 5 28 6 6 7 56 8 20 9 36 10 97 11 68 12 17 13 12 14 14 15 14 16 12 17 26 18 11 19 17 20 5
1 16 2 61 3 36 4 12 5 70 6 89 7 50 8 69 9 63 10 18 11 38 12 17 13 84 14 15 15 66 16 24 17 65 18 35 19 58 20 86
1 81 2 88 3 46 4 91 5 96 6 82 7 44 8 67 9 55 10 79 11 91 12 46 13 43 14 44 15 77 16 16 17 66 18 59 19 86 20 30
1 34 2 18 3 51 4 10 5 62 6 27 7 85 8 67 9 60 10 24 11 63 12 61 13 88 14 80 15 20 16 77 17 28 18 70 19 90 20 50
1 60 2 70 3 19 4 28 5 77 6 23 7 91 8 47 9 2 10 6 11 57 12 47 13 21 14 32 15 69 16 84 17 62 18 12 19 94 20 18
1 36 2 75 3 89 4 59 5 38 6 84 7 39 8 48 9 47 10 53 11 1 12 88 13 25 14 54 15 74 16 90 17 68 18 45 19 53 20 85
1 34 2 76 3 35 4 84 5 78 6 64 7 57 8 38 9 91 10 70 11 13 12 50 13 85 14 68 15 88 16 51 17 17 18 76 19 54 20 82
1 56 2 34 3 53 4 78 5 62 6 7 7 15 8 55 9 12 10 20 11 32 12 47 13 86 14 67 15 39 16 96 17 29 18 23 19 32 20 45
1 16 2 36 3 7 4 25 5 47 6 1 7 42 8 70 9 32 10 42 11 20 12 25 13 90 14 30 15 77 16 18 17 69 18 45 19 12 20 5
1 39 2 71 3 7 4 41 5 68 6 71 7 96 8 90 9 20 10 94 11 66 12 63 13 83 14 58 15 64 16 59 17 90 18 61 19 89 20 68
1 39 2 66 3 57 4 79 5 94 6 63 7 48 8 69 9 66 10 79 11 25 12 18 13 69 14 32 15 43 16 10 17 52 18 41 19 75 20 92
1 3 2 46 3 92 4 49 5 14 6 34 7 53 8 87 9 63 10 1 11 91 12 44 13 40 14 35 15 96 16 3 17 97 18 47 19 27 20 5
1 52 2 7 3 72 4 56 5 67 6 32 7 84 8 72 9 4 10 3 11 8 12 68 13 19 14 37 15 57 16 80 17 48 18 61 19 65 20 6
1 94 2 4 3 95 4 33 5 58 6 87 7 49 8 84 9 59 10 66 11 78 12 7 13 24 14 48 15 33 16 41 17 7 18 93 19 78 20 25
1 94 2 27 3 59 4 36 5 58 6 86 7 93 8 82 9 73 10 25 11 78 12 68 13 46 14 74 15 32 16 64 17 15 18 1 19 28 20 56
1 23 2 82 3 38 4 43 5 13 6 88 7 57 8 3 9 81 10 58 11 16 12 73 13 51 14 31 15 73 16 67 17 41 18 13 19 25 20 10
1 42 2 70 3 96 4 82 5 21 6 21 7 90 8 48 9 17 10 60 11 44 12 42 13 99 14 34 15 72 16 53 17 92 18 88 19 61 20 69
1 27 2 11 3 60 4 60 5 78 6 90 7 35 8 17 9 86 10 30 11 89 12 8 13 62 14 25 15 14 16 39 17 17 18 81 19 57 20 85
1 32 2 28 3 94 4 82 5 46 6 99 7 48 8 71 9 79 10 36 11 22 12 28 13 53 14 2 15 32 16 88 17 13 18 9 19 9 20 11
1 93 2 33 3 38 4 32 5 88 6 33 7 23 8 14 9 51 10 14 11 4 12 5 13 92 14 95 15 68 16 6 17 56 18 70 19 47 20 58
1 55 2 9 3 48 4 35 5 80 6 16 7 89 8 43 9 72 10 22 11 28 12 13 13 48 14 9 15 5 16 94 17 85 18 73 19 83 20 40
1 49 2 34 3 30 4 94 5 48 6 77 7 36 8 8 9 39 10 81 11 5 12 50 13 7 14 68 15 15 16 85 17 19 18 28 19 99 20 14
1 3 2 33 3 85 4 32 5 93 6 64 7 38 8 14 9 72 10 93 11 65 12 42 13 23 14 11 15 80 16 61 17 1 18 71 19 10 20 73
1 53 2 55 3 4 4 5 5 89 6 69 7 30 8 97 9 61 10 65 11 75 12 38 13 88 14 58 15 88 16 90 17 56 18 71 19 84 20 77
1 52 2 38 3 34 4 88 5 39 6 51 7 23 8 56 9 17 10 66 11 16 12 78 13 61 14 5 15 84 16 29 17 55 18 83 19 53 20 53
1 75 2 72 3 90 4 24 5 40 6 60 7 79 8 34 9 91 10 95 11 11 12 49 13 74 14 71 15 2 16 54 17 24 18 79 19 55 20 67
1 35 2 57 3 47 4 28 5 6 6 50 7 39 8 56 9 25 10 2 11 56 12 36 13 28 14 66 15 61 16 29 17 16 18 18 19 50 20 2
1 58 2 89 3 10 4 24 5 40 6 71 7 53 8 21 9 92 10 37 11 39 12 93 13 87 14 87 15 10 16 47 17 31 18 75 19 9 20 24
1 8 2 27 3 73 4 49 5 41 6 60 7 98 8 53 9 18 10 64 11 74 12 17 13 62 14 5 15 86 16 18 17 27 18 86 19 74 20 40
1 9 2 58 3 78 4 48 5 92 6 95 7 70 8 96 9 93 10 80 11 68 12 97 13 55 14 50 15 64 16 87 17 70 18 6 19 56 20 46
1 93 2 62 3 47 4 98 5 47 6 94 7 62 8 76 9 40 10 22 11 55 12 78 13 86 14 15 15 53 16 22 17 60 18 85 19 61 20 15
1 6 2 78 3 15 4 69 5 86 6 51 7 52 8 76 9 58 10 3 11 35 12 73 13 23 14 71 15 62 16 30 17 58 18 5 19 16 20 80
1 99 2 54 3 8 4 95 5 12 6 89 7 18 8 30 9 34 10 35 11 1 12 41 13 65 14 63 15 81 16 15 17 56 18 9 19 58 20 82
1 45 2 43 3 91 4 12 5 6 6 54 7 3 8 27 9 54 10 36 11 11 12 7 13 17 14 52 15 36 16 83 17 20 18 57 19 6 20 21
1 24 2 77 3 45 4 2 5 48 6 14 7 24 8 7 9 31 10 25 11 89 12 42 13 62 14 39 15 84 16 28 17 18 18 9 19 91 20 22
1 59 2 20 3 1 4 50 5 24 6 63 7 98 8 36 9 37 10 28 11 79 12 4 13 35 14 93 15 17 16 11 17 59 18 21 19 23 20 37
1 23 2 95 3 9 4 32 5 28 6 61 7 81 8 32 9 45 10 46 11 32 12 17 13 13 14 73 15 69 16 77 17 20 18 66 19 3 20 2
1 58 2 7 3 14 4 26 5 76 6 72 7 66 8 65 9 61 10 15 11 90 12 39 13 69 14 49 15 85 16 86 17 6 18 62 19 54 20 74
1 90 2 90 3 53 4 65 5 57 6 76 7 43 8 50 9 1 10 37 11 41 12 87 13 66 14 37 15 33 16 52 17 98 18 58 19 6 20 34
1 74 2 9 3 91 4 97 5 69 6 93 7 35 8 76 9 60 10 21 11 39 12 51 13 52 14 55 15 18 16 6 17 32 18 22 19 3 20 95
1 32 2 82 3 68 4 76 5 47 6 43 7 31 8 47 9 25 10 11 11 80 12 45 13 48 14 71 15 80 16 47 17 74 18 95 19 49 20 56
1 2 2 88 3 64 4 64 5 83 6 4 7 56 8 83 9 91 10 28 11 63 12 54 13 31 14 89 15 19 16 32 17 63 18 66 19 78 20 3
1 52 2 70 3 68 4 70 5 34 6 80 7 31 8 73 9 88 10 60 11 10 12 88 13 99 14 90 15 71 16 34 17 67 18 85 19 65 20 39
1 56 2 7 3 47 4 84 5 94 6 11 7 81 8 2 9 2 10 98 11 30 12 21 13 78 14 11 15 78 16 15 17 25 18 9 19 66 20 65
1 63 2 12 3 65 4 32 5 57 6 5 7 55 8 94 9 43 10 86 11 40 12 28 13 30 14 91 15 91 16 68 17 6 18 61 19 56 20 72
1 13 2 19 3 18 4 58 5 92 6 8 7 6 8 36 9 39 10 66 11 2 12 85 13 55 14 13 15 49 16 87 17 40 18 37 19 73 20 91
1 86 2 19 3 69 4 12 5 17 6 1 7 30 8 7 9 71 10 75 11 34 12 23 13 93 14 87 15 67 16 66 17 27 18 60 19 31 20 10
1 74 2 27 3 28 4 3 5 87 6 96 7 70 8 78 9 14 10 19 11 77 12 78 13 27 14 24 15 43 16 20 17 66 18 94 19 61 20 31
1 43 2 19 3 94 4 13 5 52 6 76 7 47 8 28 9 35 10 12 11 45 12 10 13 82 14 65 15 83 16 62 17 19 18 51 19 27 20 70
1 25 2 92 3 40 4 37 5 88 6 92 7 91 8 21 9 32 10 55 11 50 12 26 13 87 14 55 15 75 16 95 17 98 18 57 19 35 20 65
1 31 2 80 3 37 4 81 5 33 6 41 7 65 8 2 9 7 10 34 11 69 12 66 13 17 14 25 15 1 16 43 17 43 18 17 19 96 20 10
1 71 2 15 3 61 4 68 5 3 6 99 7 20 8 4 9 81 10 71 11 73 12 4 13 59 14 59 15 4 16 22 17 57 18 7 19 34 20 30
1 85 2 55 3 39 4 97 5 2 6 91 7 51 8 13 9 46 10 75 11 24 12 34 13 11 14 52 15 13 16 72 17 10 18 63 19 75 20 26
1 17 2 37 3 75 4 32 5 48 6 86 7 8 8 71 9 30 10 16 11 14 12 7 13 52 14 43 15 44 16 99 17 53 18 43 19 81 20 36
1 27 2 18 3 73 4 27 5 68 6 61 7 42 8 28 9 89 10 80 11 45 12 83 13 42 14 34 15 23 16 66 17 26 18 45 19 13 20 15
1 97 2 12 3 91 4 15 5 12 6 76 7 68 8 93 9 45 10 25 11 32 12 33 13 38 14 44 15 69 16 18 17 81 18 17 19 98 20 25
1 56 2 74 3 96 4 68 5 45 6 46 7 72 8 61 9 75 10 55 11 63 12 34 13 54 14 60 15 56 16 8 17 40 18 81 19 9 20 19
1 28 2 70 3 71 4 35 5 34 6 62 7 89 8 70 9 98 10 92 11 12 12 95 13 51 14 3 15 38 16 93 17 35 18 67 19 79 20 35
1 46 2 11 3 24 4 83 5 88 6 79 7 25 8 91 9 98 10 71 11 34 12 99 13 41 14 9 15 26 16 85 17 61 18 89 19 67 20 19
1 18 2 17 3 53 4 89 5 6 6 38 7 31 8 66 9 78 10 11 11 87 12 80 13 75 14 87 15 72 16 29 17 14 18 5 19 56 20 82
1 18 2 86 3 69 4 36 5 8 6 49 7 19 8 21 9 89 10 14 11 13 12 96 13 50 14 94 15 33 16 33 17 60 18 90 19 22 20 44
1 86 2 75 3 18 4 71 5 35 6 75 7 88 8 66 9 1 10 88 11 53 12 28 13 30 14 88 15 72 16 65 17 14 18 21 19 31 20 98
1 49 2 24 3 30 4 7 5 30 6 41 7 8 8 85 9 2 10 58 11 14 12 41 13 98 14 39 15 98 16 1 17 51 18 51 19 80 20 5
1 54 2 96 3 83 4 12 5 31 6 92 7 91 8 40 9 5 10 41 11 21 12 54 13 97 14 67 15 47 16 42 17 4 18 87 19 68 20 80
1 62 2 70 3 74 4 13 5 48 6 74 7 22 8 7 9 25 10 70 11 31 12 47 13 35 14 73 15 19 16 4 17 44 18 79 19 90 20 31
1 17 2 95 3 3 4 89 5 20 6 63 7 29 8 18 9 92 10 38 11 96 12 28 13 64 14 90 15 85 16 20 17 83 18 49 19 27 20 35
1 73 2 65 3 47 4 61 5 39 6 72 7 20 8 11 9 93 10 18 11 53 12 27 13 58 14 76 15 9 16 58 17 16 18 42 19 43 20 49
1 97 2 52 3 23 4 83 5 11 6 66 7 64 8 96 9 33 10 49 11 35 12 43 13 32 14 22 15 16 16 34 17 18 18 32 19 71 20 33
1 64 2 81 3 39 4 1 5 46 6 52 7 81 8 26 9 87 10 68 11 18 12 14 13 83 14 27 15 22 16 3 17 49 18 15 19 45 20 82
1 97 2 17 3 43 4 1 5 55 6 47 7 28 8 10 9 11 10 16 11 24 12 59 13 2 14 78 15 53 16 82 17 15 18 45 19 70 20 54
1 49 2 57 3 19 4 6 5 50 6 61 7 17 8 43 9 47 10 91 11 55 12 83 13 3 14 63 15 30 16 90 17 67 18 83 19 37 20 3
1 65 2 16 3 91 4 6 5 31 6 36 7 36 8 24 9 4 10 31 11 71 12 33 13 21 14 39 15 66 16 92 17 36 18 33 19 99 20 38
1 32 2 61 3 26 4 51 5 22 6 52 7 48 8 87 9 92 10 76 11 72 12 14 13 72 14 13 15 63 16 63 17 91 18 80 19 21 20 42
1 63 2 61 3 87 4 93 5 61 6 38 7 25 8 95 9 19 10 77 11 29 12 66 13 48 14 99 15 36 16 65 17 92 18 86 19 71 20 33
1 86 2 6 3 88 4 98 5 76 6 93 7 19 8 88 9 38 10 7 11 95 12 57 13 58 14 90 15 73 16 38 17 80 18 2 19 72 20 64
1 4 2 68 3 65 4 70 5 42 6 74 7 48 8 77 9 72 10 6 11 38 12 41 13 76 14 87 15 6 16 15 17 14 18 41 19 12 20 94
1 49 2 71 3 72 4 85 5 92 6 75 7 80 8 15 9 13 10 51 11 45 12 89 13 11 14 52 15 25 16 17 17 30 18 46 19 16 20 11
1 92 2 39 3 26 4 62 5 7 6 38 7 18 8 41 9 67 10 88 11 91 12 37 13 9 14 54 15 82 16 87 17 67 18 65 19 81 20 51
1 36 2 71 3 5 4 98 5 15 6 97 7 65 8 89 9 70 10 90 11 17 12 19 13 71 14 88 15 43 16 19 17 27 18 24 19 90 20 95
1 21 2 31 3 94 4 66 5 10 6 40 7 52 8 63 9 54 10 11 11 26 12 55 13 8 14 65 15 83 16 97 17 9 18 37 19 28 20 51
1 48 2 91 3 87 4 81 5 82 6 34 7 36 8 11 9 99 10 23 11 80 12 11 13 3 14 22 15 20 16 86 17 65 18 48 19 72 20 94
1 69 2 70 3 31 4 63 5 19 6 52 7 56 8 42 9 48 10 84 11 38 12 39 13 16 14 98 15 41 16 67 17 90 18 80 19 26 20 60
1 13 2 63 3 42 4 99 5 49 6 76 7 7 8 65 9 48 10 12 11 23 12 19 13 86 14 83 15 11 16 72 17 58 18 9 19 97 20 90
1 40 2 86 3 87 4 99 5 73 6 33 7 55 8 13 9 28 10 90 11 54 12 41 13 55 14 63 15 71 16 63 17 49 18 85 19 52 20 58
1 44 2 62 3 31 4 54 5 84 6 84 7 97 8 7 9 57 10 1 11 92 12 57 13 62 14 98 15 69 16 78 17 61 18 84 19 79 20 2
1 5 2 9 3 2 4 4 5 83 6 47 7 47 8 37 9 4 10 12 11 71 12 85 13 42 14 51 15 26 16 90 17 31 18 16 19 2 20 10
1 80 2 56 3 89 4 8 5 39 6 44 7 13 8 66 9 80 10 8 11 37 12 11 13 40 14 83 15 57 16 48 17 26 18 64 19 79 20 7
1 53 2 5 3 17 4 8 5 56 6 46 7 61 8 78 9 95 10 20 11 55 12 42 13 76 14 1 15 70 16 29 17 5 18 12 19 14 20 18
1 27 2 22 3 58 4 61 5 78 6 40 7 4 8 84 9 21 10 43 11 11 12 78 13 15 14 19 15 24 16 97 17 16 18 27 19 23 20 8
1 73 2 95 3 14 4 4 5 8 6 88 7 88 8 62 9 96 10 76 11 18 12 18 13 18 14 76 15 89 16 83 17 33 18 67 19 21 20 12
1 29 2 68 3 66 4 22 5 17 6 33 7 99 8 89 9 80 10 3 11 3 12 42 13 33 14 62 15 85 16 17 17 45 18 30 19 51 20 33
1 62 2 26 3 41 4 35 5 28 6 76 7 56 8 80 9 74 10 23 11 31 12 56 13 80 14 82 15 61 16 34 17 83 18 35 19 14 20 33
1 79 2 25 3 34 4 90 5 19 6 81 7 83 8 73 9 92 10 2 11 9 12 94 13 87 14 77 15 56 16 10 17 88 18 25 19 12 20 25
1 73 2 18 3 64 4 65 5 64 6 19 7 50 8 73 9 41 10 87 11 89 12 21 13 47 14 59 15 28 16 2 17 29 18 43 19 53 20 88
1 56 2 85 3 71 4 48 5 57 6 48 7 61 8 61 9 35 10 44 11 28 12 20 13 45 14 73 15 33 16 44 17 22 18 9 19 39 20 39
1 42 2 79 3 90 4 68 5 67 6 37 7 69 8 83 9 17 10 81 11 79 12 25 13 49 14 99 15 21 16 90 17 76 18 48 19 80 20 64
1 42 2 44 3 14 4 15 5 2 6 97 7 45 8 71 9 13 10 86 11 22 12 53 13 92 14 54 15 92 16 25 17 67 18 86 19 98 20 58
1 82 2 39 3 71 4 74 5 94 6 28 7 66 8 83 9 70 10 63 11 19 12 38 13 52 14 55 15 20 16 49 17 11 18 42 19 22 20 25
1 90 2 75 3 57 4 93 5 1 6 75 7 7 8 42 9 38 10 98 11 5 12 35 13 45 14 39 15 94 16 8 17 84 18 87 19 57 20 41
1 83 2 16 3 50 4 76 5 17 6 68 7 89 8 61 9 97 10 44 11 87 12 78 13 81 14 33 15 78 16 60 17 54 18 45 19 38 20 87
1 54 2 99 3 84 4 76 5 46 6 86 7 26 8 25 9 58 10 84 11 64 12 57 13 52 14 92 15 17 16 27 17 9 18 81 19 87 20 17
1 58 2 88 3 99 4 91 5 34 6 31 7 3 8 93 9 82 10 10 11 71 12 43 13 87 14 34 15 34 16 93 17 64 18 91 19 4 20 97
1 49 2 25 3 62 4 95 5 58 6 35 7 5 8 29 9 74 10 37 11 56 12 62 13 57 14 64 15 84 16 4 17 54 18 71 19 52 20 47
1 68 2 87 3 51 4 72 5 80 6 3 7 96 8 72 9 79 10 85 11 61 12 62 13 74 14 6 15 92 16 4 17 3 18 8 19 30 20 60
1 73 2 11 3 4 4 72 5 24 6 39 7 61 8 4 9 83 10 37 11 14 12 23 13 19 14 27 15 22 16 27 17 22 18 67 19 41 20 82
1 64 2 23 3 60 4 11 5 46 6 30 7 10 8 32 9 27 10 52 11 49 12 64 13 69 14 47 15 60 16 11 17 50 18 93 19 90 20 4
1 13 2 35 3 6 4 29 5 93 6 12 7 26 8 83 9 48 10 81 11 75 12 28 13 5 14 5 15 81 16 85 17 97 18 75 19 19 20 91
1 80 2 48 3 88 4 6 5 79 6 44 7 66 8 31 9 5 10 59 11 32 12 54 13 14 14 36 15 73 16 7 17 22 18 78 19 12 20 4
1 29 2 86 3 76 4 52 5 49 6 81 7 28 8 63 9 74 10 65 11 67 12 52 13 77 14 82 15 84 16 94 17 2 18 52 19 25 20 10
1 77 2 83 3 67 4 6 5 39 6 77 7 49 8 24 9 87 10 61 11 61 12 95 13 36 14 72 15 87 16 33 17 22 18 13 19 30 20 80
1 82 2 4 3 25 4 55 5 22 6 4 7 74 8 77 9 43 10 12 11 75 12 25 13 85 14 85 15 67 16 84 17 91 18 51 19 74 20 66
1 31 2 54 3 27 4 70 5 58 6 13 7 9 8 57 9 25 10 58 11 51 12 71 13 9 14 57 15 12 16 17 17 49 18 84 19 18 20 37
1 26 2 44 3 18 4 45 5 9 6 79 7 42 8 5 9 71 10 4 11 76 12 9 13 59 14 78 15 45 16 53 17 95 18 24 19 72 20 59
1 89 2 91 3 59 4 49 5 10 6 78 7 32 8 59 9 18 10 52 11 79 12 6 13 82 14 68 15 61 16 22 17 41 18 69 19 67 20 53
1 53 2 48 3 44 4 54 5 62 6 83 7 42 8 72 9 89 10 32 11 42 12 84 13 13 14 36 15 21 16 96 17 73 18 65 19 89 20 49
1 18 2 30 3 15 4 42 5 33 6 61 7 2 8 23 9 92 10 73 11 89 12 59 13 72 14 81 15 69 16 27 17 99 18 27 19 8 20 91
1 29 2 59 3 62 4 59 5 85 6 88 7 51 8 42 9 80 10 8 11 68 12 19 13 16 14 83 15 33 16 58 17 6 18 58 19 53 20 45
1 83 2 22 3 21 4 31 5 41 6 82 7 12 8 78 9 68 10 40 11 1 12 99 13 68 14 37 15 54 16 86 17 78 18 6 19 30 20 53
1 52 2 48 3 11 4 24 5 58 6 47 7 79 8 29 9 92 10 42 11 75 12 96 13 84 14 75 15 67 16 28 17 37 18 70 19 86 20 93
1 72 2 65 3 53 4 71 5 35 6 25 7 42 8 88 9 64 10 27 11 70 12 9 13 91 14 25 15 42 16 10 17 33 18 81 19 49 20 29
1 33 2 22 3 90 4 5 5 66 6 36 7 60 8 35 9 97 10 16 11 22 12 60 13 40 14 26 15 43 16 83 17 14 18 68 19 33 20 4
1 7 2 48 3 42 4 45 5 46 6 16 7 11 8 3 9 98 10 60 11 39 12 54 13 22 14 28 15 43 16 7 17 87 18 2 19 11 20 18
1 60 2 15 3 90 4 62 5 27 6 73 7 79 8 14 9 87 10 86 11 97 12 92 13 10 14 68 15 65 16 13 17 85 18 64 19 70 20 72
1 95 2 23 3 93 4 54 5 54 6 29 7 15 8 11 9 60 10 75 11 16 12 15 13 55 14 44 15 89 16 59 17 58 18 73 19 71 20 18
1 26 2 16 3 45 4 81 5 66 6 97 7 3 8 99 9 47 10 3 11 44 12 29 13 31 14 53 15 13 16 62 17 10 18 3 19 86 20 13
1 39 2 29 3 39 4 27 5 81 6 66 7 89 8 21 9 17 10 99 11 6 12 78 13 40 14 58 15 55 16 30 17 17 18 53 19 54 20 83
1 72 2 5 3 67 4 90 5 82 6 25 7 20 8 68 9 67 10 15 11 50 12 20 13 74 14 65 15 27 16 99 17 86 18 24 19 27 20 93
1 69 2 46 3 29 4 68 5 93 6 27 7 66 8 71 9 60 10 85 11 25 12 72 13 23 14 91 15 32 16 13 17 96 18 15 19 89 20 3
1 92 2 76 3 7 4 41 5 36 6 58 7 90 8 6 9 8 10 42 11 78 12 91 13 62 14 61 15 11 16 68 17 75 18 51 19 64 20 67
1 1 2 9 3 16 4 52 5 19 6 86 7 44 8 25 9 39 10 21 11 34 12 57 13 82 14 31 15 94 16 84 17 4 18 26 19 63 20 54
1 36 2 98 3 89 4 63 5 38 6 79 7 37 8 42 9 20 10 48 11 8 12 15 13 83 14 22 15 84 16 95 17 48 18 18 19 63 20 29
1 49 2 10 3 26 4 32 5 64 6 53 7 58 8 40 9 74 10 53 11 71 12 50 13 85 14 5 15 31 16 12 17 95 18 64 19 56 20 61
1 33 2 2 3 28 4 29 5 78 6 72 7 81 8 71 9 32 10 13 11 54 12 99 13 33 14 65 15 32 16 64 17 4 18 17 19 80 20 71
1 74 2 19 3 98 4 18 5 16 6 46 7 8 8 34 9 48 10 85 11 35 12 81 13 89 14 75 15 24 16 83 17 15 18 16 19 56 20 9
1 43 2 39 3 62 4 81 5 34 6 27 7 7 8 62 9 99 10 44 11 9 12 2 13 62 14 24 15 48 16 73 17 4 18 46 19 3 20 7
1 80 2 85 3 58 4 81 5 42 6 92 7 18 8 6 9 33 10 48 11 97 12 44 13 53 14 88 15 60 16 23 17 68 18 47 19 80 20 97
1 2 2 52 3 78 4 31 5 54 6 66 7 3 8 83 9 63 10 37 11 35 12 90 13 39 14 44 15 43 16 81 17 89 18 72 19 3 20 29
1 61 2 18 3 77 4 24 5 71 6 75 7 68 8 35 9 48 10 68 11 72 12 62 13 88 14 85 15 57 16 97 17 99 18 86 19 13 20 33
1 83 2 19 3 49 4 75 5 38 6 29 7 54 8 36 9 78 10 22 11 97 12 26 13 24 14 15 15 11 16 84 17 97 18 5 19 55 20 86
1 89 2 17 3 73 4 77 5 12 6 94 7 87 8 34 9 8 10 94 11 2 12 67 13 46 14 93 15 65 16 68 17 13 18 42 19 15 20 2
1 48 2 57 3 44 4 25 5 65 6 18 7 61 8 34 9 76 10 80 11 25 12 99 13 4 14 84 15 70 16 37 17 53 18 47 19 92 20 71
1 7 2 25 3 53 4 38 5 56 6 80 7 16 8 71 9 73 10 89 11 74 12 69 13 17 14 77 15 5 16 46 17 49 18 3 19 39 20 89
1 39 2 7 3 64 4 88 5 63 6 60 7 89 8 58 9 2 10 54 11 34 12 73 13 62 14 67 15 43 16 35 17 63 18 43 19 87 20 88
1 23 2 67 3 69 4 9 5 73 6 98 7 46 8 42 9 51 10 97 11 42 12 70 13 38 14 43 15 47 16 70 17 37 18 75 19 92 20 91
1 58 2 57 3 87 4 95 5 43 6 32 7 89 8 51 9 17 10 86 11 83 12 51 13 19 14 51 15 83 16 28 17 19 18 51 19 21 20 75
1 55 2 73 3 43 4 25 5 81 6 35 7 70 8 70 9 80 10 57 11 66 12 78 13 31 14 66 15 17 16 78 17 60 18 81 19 12 20 12
1 79 2 83 3 86 4 81 5 67 6 36 7 37 8 4 9 39 10 15 11 50 12 76 13 3 14 80 15 37 16 20 17 31 18 27 19 57 20 90
1 88 2 49 3 52 4 71 5 90 6 74 7 35 8 88 9 42 10 93 11 22 12 82 13 34 14 55 15 19 16 32 17 9 18 69 19 93 20 8
1 91 2 6 3 84 4 97 5 57 6 69 7 2 8 84 9 20 10 20 11 81 12 42 13 80 14 91 15 26 16 53 17 72 18 21 19 83 20 15
1 60 2 8 3 11 4 66 5 46 6 91 7 38 8 74 9 80 10 4 11 57 12 70 13 10 14 7 15 52 16 5 17 44 18 94 19 61 20 80
1 38 2 4 3 98 4 74 5 80 6 25 7 63 8 22 9 65 10 46 11 20 12 6 13 98 14 98 15 95 16 31 17 49 18 83 19 75 20 44
1 98 2 87 3 2 4 64 5 26 6 89 7 87 8 79 9 65 10 86 11 50 12 48 13 1 14 85 15 68 16 50 17 26 18 93 19 10 20 70
1 41 2 37 3 77 4 39 5 82 6 39 7 99 8 93 9 37 10 53 11 88 12 90 13 25 14 44 15 85 16 24 17 96 18 7 19 41 20 27
1 88 2 60 3 89 4 31 5 53 6 49 7 26 8 93 9 44 10 60 11 47 12 47 13 33 14 52 15 65 16 94 17 68 18 97 19 28 20 30
1 33 2 24 3 13 4 35 5 97 6 35 7 68 8 88 9 49 10 80 11 68 12 55 13 70 14 64 15 10 16 70 17 88 18 87 19 3 20 4
1 82 2 67 3 36 4 40 5 43 6 75 7 85 8 44 9 1 10 35 11 31 12 21 13 47 14 79 15 19 16 20 17 78 18 20 19 81 20 74
1 19 2 56 3 63 4 82 5 94 6 15 7 59 8 67 9 30 10 7 11 24 12 38 13 25 14 8 15 54 16 43 17 4 18 39 19 8 20 31
1 45 2 5 3 28 4 31 5 9 6 35 7 99 8 13 9 65 10 61 11 78 12 75 13 89 14 75 15 61 16 58 17 81 18 10 19 58 20 60
1 81 2 24 3 92 4 13 5 79 6 77 7 69 8 48 9 30 10 88 11 56 12 59 13 17 14 61 15 98 16 96 17 15 18 93 19 6 20 72
1 70 2 18 3 41 4 81 5 16 6 81 7 38 8 24 9 89 10 45 11 52 12 27 13 46 14 43 15 14 16 98 17 35 18 25 19 11 20 92
1 59 2 46 3 35 4 28 5 87 6 73 7 80 8 50 9 71 10 75 11 38 12 25 13 88 14 38 15 28 16 74 17 79 18 24 19 33 20 7
1 21 2 92 3 84 4 78 5 3 6 18 7 21 8 89 9 91 10 63 11 93 12 53 13 72 14 4 15 67 16 94 17 25 18 57 19 38 20 36
1 10 2 35 3 1 4 8 5 23 6 67 7 95 8 73 9 60 10 95 11 47 12 56 13 63 14 43 15 13 16 34 17 47 18 74 19 66 20 1
1 29 2 91 3 40 4 26 5 72 6 23 7 73 8 85 9 88 10 59 11 4 12 79 13 15 14 58 15 13 16 20 17 57 18 36 19 46 20 52
1 87 2 57 3 46 4 58 5 25 6 2 7 36 8 40 9 10 10 65 11 11 12 7 13 91 14 60 15 74 16 85 17 18 18 86 19 86 20 76
1 75 2 15 3 46 4 5 5 24 6 29 7 67 8 77 9 13 10 14 11 63 12 86 13 86 14 70 15 58 16 27 17 22 18 19 19 53 20 77
1 49 2 94 3 29 4 61 5 21 6 58 7 39 8 52 9 72 10 19 11 86 12 34 13 9 14 63 15 94 16 8 17 25 18 54 19 87 20 75
1 11 2 86 3 35 4 83 5 32 6 11 7 36 8 36 9 29 10 47 11 43 12 65 13 43 14 24 15 14 16 2 17 85 18 62 19 56 20 6
1 5 2 99 3 69 4 37 5 58 6 51 7 46 8 81 9 5 10 26 11 64 12 68 13 54 14 63 15 39 16 41 17 56 18 21 19 26 20 71
1 46 2 27 3 68 4 86 5 28 6 87 7 33 8 13 9 28 10 97 11 93 12 40 13 10 14 97 15 93 16 10 17 8 18 60 19 28 20 67
1 86 2 8 3 16 4 41 5 46 6 66 7 50 8 83 9 63 10 42 11 77 12 69 13 3 14 74 15 41 16 64 17 90 18 87 19 46 20 44
1 47 2 96 3 61 4 49 5 25 6 90 7 66 8 49 9 61 10 45 11 49 12 99 13 16 14 5 15 37 16 29 17 11 18 30 19 88 20 70
1 58 2 7 3 7 4 55 5 43 6 71 7 65 8 21 9 91 10 21 11 53 12 59 13 82 14 81 15 53 16 60 17 59 18 5 19 65 20 72
1 33 2 6 3 18 4 79 5 2 6 55 7 93 8 96 9 63 10 72 11 12 12 33 13 31 14 56 15 8 16 73 17 24 18 11 19 91 20 42
1 86 2 11 3 43 4 82 5 73 6 35 7 86 8 53 9 68 10 37 11 95 12 48 13 23 14 1 15 84 16 36 17 89 18 28 19 5 20 4
1 96 2 66 3 5 4 54 5 60 6 98 7 2 8 36 9 68 10 38 11 79 12 50 13 34 14 9 15 81 16 2 17 65 18 55 19 84 20 97
1 39 2 17 3 7 4 44 5 67 6 97 7 47 8 66 9 86 10 61 11 99 12 49 13 81 14 49 15 57 16 9 17 1 18 26 19 26 20 81
1 30 2 35 3 15 4 72 5 70 6 18 7 18 8 68 9 32 10 67 11 81 12 74 13 53 14 95 15 4 16 67 17 34 18 88 19 46 20 94
1 11 2 20 3 32 4 84 5 31 6 33 7 67 8 81 9 75 10 20 11 13 12 12 13 30 14 52 15 2 16 25 17 66 18 36 19 61 20 14
1 36 2 30 3 43 4 34 5 10 6 90 7 86 8 32 9 29 10 38 11 12 12 37 13 78 14 60 15 8 16 43 17 80 18 37 19 71 20 71
1 32 2 51 3 66 4 90 5 8 6 74 7 29 8 15 9 90 10 2 11 71 12 92 13 38 14 58 15 15 16 31 17 60 18 74 19 15 20 60
1 53 2 67 3 81 4 86 5 32 6 91 7 32 8 82 9 40 10 43 11 79 12 43 13 73 14 78 15 53 16 92 17 15 18 78 19 97 20 49
1 91 2 78 3 94 4 1 5 72 6 48 7 10 8 66 9 44 10 65 11 45 12 24 13 82 14 2 15 23 16 58 17 55 18 69 19 19 20 92
1 39 2 2 3 51 4 39 5 87 6 39 7 13 8 13 9 39 10 88 11 20 12 4 13 34 14 57 15 96 16 71 17 8 18 34 19 7 20 75
1 26 2 44 3 60 4 8 5 87 6 5 7 28 8 99 9 21 10 69 11 98 12 15 13 63 14 68 15 94 16 20 17 94 18 58 19 82 20 87
1 78 2 32 3 12 4 67 5 2 6 38 7 17 8 87 9 24 10 83 11 74 12 27 13 90 14 35 15 26 16 71 17 91 18 26 19 81 20 37
1 45 2 29 3 26 4 94 5 60 6 66 7 39 8 71 9 46 10 11 11 6 12 45 13 34 14 87 15 26 16 78 17 79 18 13 19 36 20 69
1 45 2 2 3 66 4 86 5 17 6 89 7 23 8 15 9 42 10 76 11 52 12 28 13 80 14 14 15 67 16 11 17 51 18 25 19 96 20 90
1 46 2 99 3 4 4 62 5 26 6 88 7 78 8 78 9 3 10 48 11 58 12 89 13 1 14 96 15 35 16 32 17 7 18 74 19 32 20 7
1 55 2 63 3 51 4 51 5 53 6 52 7 41 8 40 9 36 10 52 11 66 12 9 13 88 14 49 15 90 16 53 17 57 18 56 19 68 20 2
1 54 2 48 3 79 4 59 5 3 6 36 7 8 8 98 9 36 10 54 11 83 12 43 13 56 14 31 15 56 16 65 17 90 18 68 19 85 20 88
1 9 2 54 3 90 4 57 5 10 6 77 7 18 8 44 9 89 10 31 11 6 12 96 13 91 14 47 15 76 16 45 17 84 18 67 19 54 20 42
1 58 2 2 3 75 4 37 5 99 6 49 7 19 8 72 9 94 10 48 11 91 12 20 13 54 14 17 15 59 16 42 17 82 18 86 19 63 20 44
1 82 2 39 3 64 4 93 5 40 6 53 7 6 8 57 9 8 10 10 11 64 12 52 13 10 14 29 15 98 16 48 17 66 18 70 19 69 20 72
1 54 2 70 3 62 4 25 5 73 6 80 7 70 8 75 9 7 10 79 11 61 12 86 13 77 14 62 15 51 16 55 17 59 18 18 19 44 20 26
1 50 2 80 3 26 4 67 5 67 6 54 7 63 8 88 9 36 10 46 11 51 12 96 13 20 14 33 15 60 16 54 17 61 18 47 19 57 20 95
1 82 2 35 3 45 4 50 5 37 6 30 7 97 8 43 9 97 10 56 11 67 12 8 13 65 14 56 15 61 16 4 17 59 18 37 19 85 20 15
1 1 2 99 3 69 4 52 5 2 6 25 7 1 8 30 9 38 10 66 11 6 12 28 13 48 14 22 15 68 16 78 17 58 18 35 19 97 20 11
1 86 2 84 3 95 4 42 5 63 6 16 7 64 8 21 9 20 10 32 11 43 12 22 13 41 14 54 15 47 16 36 17 73 18 63 19 50 20 84
1 42 2 88 3 70 4 75 5 86 6 44 7 78 8 81 9 42 10 34 11 68 12 67 13 76 14 73 15 63 16 53 17 53 18 66 19 46 20 29
1 38 2 18 3 27 4 48 5 47 6 49 7 94 8 55 9 20 10 7 11 40 12 42 13 51 14 55 15 62 16 75 17 62 18 90 19 87 20 99
1 54 2 84 3 73 4 12 5 3 6 57 7 67 8 92 9 30 10 28 11 18 12 74 13 16 14 53 15 94 16 23 17 1 18 15 19 87 20 53
1 44 2 17 3 94 4 12 5 80 6 44 7 13 8 77 9 88 10 64 11 97 12 54 13 69 14 79 15 5 16 39 17 38 18 11 19 20 20 25
1 5 2 23 3 84 4 98 5 71 6 50 7 46 8 17 9 33 10 78 11 26 12 88 13 3 14 56 15 17 16 22 17 32 18 71 19 91 20 32
1 27 2 31 3 30 4 64 5 39 6 85 7 88 8 35 9 56 10 46 11 20 12 22 13 8 14 32 15 84 16 67 17 60 18 68 19 74 20 13
1 82 2 70 3 84 4 89 5 63 6 46 7 66 8 2 9 44 10 13 11 40 12 83 13 36 14 83 15 60 16 43 17 11 18 62 19 32 20 9
1 18 2 73 3 90 4 60 5 50 6 82 7 95 8 54 9 60 10 65 11 91 12 13 13 45 14 47 15 84 16 73 17 8 18 42 19 98 20 73
1 33 2 38 3 22 4 80 5 54 6 22 7 25 8 88 9 25 10 20 11 16 12 22 13 57 14 35 15 50 16 21 17 68 18 35 19 25 20 48
1 94 2 8 3 73 4 28 5 41 6 67 7 39 8 32 9 17 10 17 11 31 12 94 13 83 14 95 15 13 16 14 17 11 18 44 19 48 20 2
1 44 2 23 3 67 4 25 5 9 6 59 7 13 8 81 9 27 10 9 11 39 12 69 13 89 14 55 15 66 16 34 17 1 18 59 19 53 20 82
1 78 2 64 3 84 4 37 5 75 6 99 7 68 8 13 9 14 10 85 11 95 12 52 13 16 14 56 15 70 16 80 17 5 18 3 19 3 20 30
1 71 2 30 3 88 4 77 5 33 6 7 7 61 8 22 9 19 10 94 11 48 12 59 13 64 14 51 15 26 16 43 17 91 18 65 19 99 20 17
1 47 2 37 3 75 4 11 5 86 6 16 7 57 8 29 9 54 10 33 11 31 12 10 13 42 14 40 15 63 16 36 17 37 18 69 19 26 20 71
1 97 2 36 3 97 4 45 5 34 6 77 7 30 8 62 9 58 10 1 11 70 12 16 13 76 14 78 15 24 16 53 17 9 18 39 19 9 20 85
1 24 2 75 3 27 4 28 5 86 6 16 7 24 8 67 9 42 10 18 11 78 12 88 13 76 14 84 15 8 16 37 17 36 18 79 19 81 20 90
1 24 2 60 3 69 4 10 5 45 6 8 7 26 8 72 9 98 10 12 11 74 12 99 13 45 14 62 15 66 16 79 17 7 18 8 19 23 20 85
1 71 2 99 3 31 4 71 5 81 6 3 7 25 8 66 9 55 10 70 11 21 12 74 13 53 14 1 15 54 16 28 17 23 18 47 19 9 20 6
1 27 2 48 3 4 4 34 5 31 6 15 7 3 8 26 9 48 10 14 11 3 12 27 13 70 14 22 15 25 16 9 17 36 18 43 19 2 20 92
1 94 2 94 3 11 4 76 5 2 6 47 7 57 8 64 9 58 10 9 11 49 12 91 13 3 14 22 15 95 16 21 17 74 18 26 19 75 20 53
1 41 2 6 3 32 4 96 5 34 6 53 7 88 8 98 9 44 10 13 11 67 12 34 13 97 14 7 15 25 16 96 17 7 18 68 19 4 20 91
1 21 2 34 3 42 4 99 5 40 6 22 7 34 8 86 9 45 10 82 11 25 12 5 13 96 14 79 15 66 16 26 17 33 18 97 19 79 20 16
1 81 2 86 3 37 4 96 5 60 6 36 7 15 8 3 9 69 10 10 11 98 12 67 13 5 14 99 15 72 16 34 17 60 18 70 19 53 20 91
1 94 2 68 3 23 4 80 5 77 6 45 7 93 8 42 9 24 10 32 11 86 12 43 13 87 14 25 15 26 16 60 17 40 18 17 19 76 20 53
1 93 2 66 3 47 4 48 5 25 6 60 7 97 8 91 9 48 10 20 11 44 12 77 13 83 14 97 15 75 16 65 17 92 18 12 19 59 20 7
1 37 2 14 3 80 4 78 5 78 6 63 7 39 8 16 9 39 10 54 11 14 12 60 13 8 14 97 15 14 16 59 17 30 18 58 19 18 20 12
1 82 2 4 3 88 4 1 5 19 6 86 7 30 8 8 9 63 10 24 11 74 12 15 13 8 14 98 15 62 16 30 17 98 18 37 19 36 20 24
1 37 2 43 3 41 4 78 5 32 6 60 7 71 8 34 9 90 10 40 11 74 12 44 13 25 14 12 15 13 16 96 17 66 18 40 19 29 20 47
1 28 2 77 3 30 4 90 5 95 6 37 7 56 8 27 9 27 10 51 11 80 12 14 13 53 14 10 15 82 16 57 17 62 18 54 19 91 20 59
1 9 2 91 3 47 4 4 5 40 6 26 7 46 8 85 9 99 10 60 11 77 12 76 13 48 14 92 15 88 16 23 17 64 18 62 19 63 20 38
1 28 2 32 3 63 4 64 5 10 6 68 7 48 8 29 9 82 10 6 11 9 12 7 13 37 14 40 15 1 16 17 17 72 18 25 19 26 20 79
1 67 2 8 3 81 4 3 5 84 6 45 7 46 8 78 9 14 10 95 11 31 12 49 13 47 14 37 15 9 16 2 17 21 18 85 19 3 20 75
1 63 2 33 3 26 4 80 5 23 6 30 7 70 8 75 9 7 10 2 11 90 12 85 13 29 14 31 15 55 16 11 17 16 18 81 19 10 20 35
1 77 2 78 3 38 4 3 5 28 6 58 7 93 8 23 9 96 10 15 11 61 12 15 13 79 14 55 15 74 16 3 17 44 18 26 19 62 20 30
1 10 2 69 3 54 4 26 5 99 6 1 7 28 8 24 9 91 10 79 11 60 12 70 13 72 14 73 15 79 16 15 17 76 18 35 19 44 20 26
1 62 2 42 3 41 4 51 5 70 6 53 7 32 8 59 9 40 10 74 11 75 12 92 13 24 14 68 15 77 16 74 17 44 18 4 19 91 20 22
1 73 2 66 3 27 4 30 5 54 6 73 7 41 8 92 9 43 10 40 11 53 12 97 13 21 14 66 15 55 16 91 17 28 18 11 19 59 20 27
1 32 2 65 3 64 4 22 5 39 6 69 7 82 8 14 9 85 10 68 11 75 12 2 13 3 14 62 15 60 16 99 17 17 18 11 19 59 20 64
1 80 2 71 3 3 4 11 5 26 6 37 7 63 8 76 9 93 10 9 11 41 12 7 13 81 14 50 15 53 16 94 17 14 18 88 19 51 20 56
1 48 2 10 3 17 4 94 5 21 6 1 7 15 8 54 9 34 10 80 11 15 12 41 13 35 14 35 15 15 16 74 17 62 18 1 19 67 20 68
1 42 2 98 3 12 4 83 5 75 6 46 7 59 8 91 9 17 10 35 11 49 12 36 13 40 14 6 15 74 16 81 17 12 18 29 19 94 20 80
1 5 2 80 3 69 4 22 5 4 6 46 7 23 8 47 9 67 10 31 11 94 12 65 13 8 14 4 15 10 16 77 17 32 18 97 19 31 20 72
1 74 2 22 3 19 4 53 5 24 6 13 7 27 8 98 9 37 10 3 11 97 12 62 13 78 14 8 15 61 16 25 17 86 18 48 19 54 20 50
1 8 2 75 3 62 4 88 5 39 6 37 7 20 8 81 9 14 10 19 11 48 12 67 13 43 14 50 15 58 16 4 17 97 18 97 19 2 20 30
1 12 2 68 3 27 4 35 5 36 6 93 7 56 8 55 9 95 10 67 11 87 12 17 13 82 14 93 15 73 16 49 17 94 18 26 19 7 20 62
1 79 2 29 3 84 4 15 5 33 6 98 7 20 8 64 9 16 10 48 11 69 12 7 13 7 14 5 15 32 16 37 17 55 18 19 19 23 20 9
1 19 2 97 3 11 4 30 5 75 6 94 7 38 8 65 9 73 10 97 11 51 12 62 13 3 14 32 15 16 16 13 17 15 18 60 19 52 20 45
1 51 2 19 3 33 4 3 5 10 6 4 7 87 8 41 9 89 10 15 11 22 12 97 13 53 14 10 15 20 16 64 17 79 18 54 19 15 20 29
1 30 2 16 3 68 4 62 5 35 6 3 7 79 8 43 9 65 10 64 11 84 12 16 13 85 14 90 15 87 16 10 17 71 18 44 19 43 20 88
1 26 2 78 3 5 4 3 5 40 6 14 7 91 8 65 9 22 10 29 11 21 12 58 13 68 14 50 15 63 16 70 17 11 18 58 19 99 20 24
1 18 2 16 3 16 4 8 5 31 6 58 7 81 8 16 9 25 10 49 11 35 12 77 13 62 14 95 15 78 16 75 17 22 18 23 19 42 20 3
1 14 2 27 3 24 4 18 5 47 6 13 7 66 8 14 9 25 10 87 11 7 12 76 13 39 14 42 15 73 16 14 17 43 18 24 19 47 20 80
1 75 2 44 3 16 4 97 5 3 6 84 7 52 8 76 9 53 10 19 11 52 12 24 13 78 14 77 15 93 16 27 17 78 18 37 19 20 20 50
1 23 2 21 3 26 4 33 5 17 6 80 7 70 8 12 9 88 10 62 11 53 12 35 13 7 14 36 15 8 16 80 17 55 18 20 19 54 20 43
1 64 2 91 3 97 4 7 5 30 6 89 7 16 8 1 9 73 10 53 11 56 12 59 13 47 14 7 15 96 16 98 17 33 18 25 19 41 20 88
1 68 2 25 3 54 4 87 5 72 6 65 7 65 8 67 9 63 10 22 11 47 12 96 13 57 14 41 15 24 16 4 17 35 18 22 19 84 20 56
1 53 2 83 3 1 4 98 5 75 6 37 7 4 8 39 9 70 10 12 11 74 12 38 13 84 14 3 15 59 16 76 17 61 18 33 19 80 20 53
1 11 2 18 3 82 4 31 5 23 6 67 7 99 8 62 9 43 10 50 11 71 12 64 13 21 14 88 15 42 16 84 17 99 18 6 19 57 20 31
1 89 2 8 3 37 4 79 5 28 6 69 7 96 8 97 9 64 10 26 11 87 12 17 13 16 14 8 15 80 16 63 17 82 18 28 19 38 20 64
1 37 2 25 3 22 4 2 5 29 6 86 7 55 8 13 9 48 10 7 11 32 12 29 13 15 14 15 15 86 16 72 17 66 18 32 19 20 20 4
1 54 2 84 3 84 4 73 5 61 6 30 7 19 8 75 9 20 10 83 11 37 12 77 13 43 14 63 15 92 16 28 17 24 18 11 19 3 20 20
1 99 2 44 3 37 4 84 5 47 6 77 7 22 8 75 9 16 10 27 11 57 12 58 13 37 14 55 15 59 16 52 17 69 18 25 19 37 20 37
1 3 2 29 3 76 4 61 5 80 6 8 7 34 8 58 9 94 10 11 11 65 12 1 13 30 14 84 15 42 16 28 17 53 18 14 19 72 20 11
1 81 2 58 3 58 4 42 5 89 6 66 7 85 8 57 9 58 10 73 11 32 12 84 13 64 14 51 15 7 16 30 17 30 18 53 19 64 20 94
1 15 2 3 3 20 4 36 5 37 6 22 7 55 8 14 9 45 10 81 11 41 12 19 13 37 14 77 15 9 16 2 17 22 18 89 19 67 20 62
1 57 2 40 3 4 4 13 5 60 6 17 7 75 8 24 9 62 10 53 11 52 12 80 13 5 14 76 15 6 16 1 17 54 18 63 19 67 20 71
1 27 2 47 3 62 4 75 5 13 6 33 7 94 8 78 9 55 10 41 11 72 12 61 13 29 14 45 15 20 16 6 17 17 18 85 19 97 20 64
1 32 2 12 3 39 4 39 5 30 6 99 7 7 8 37 9 64 10 41 11 59 12 95 13 50 14 42 15 6 16 82 17 61 18 11 19 27 20 54
1 29 2 72 3 14 4 28 5 95 6 7 7 16 8 72 9 53 10 81 11 8 12 89 13 19 14 53 15 77 16 33 17 10 18 22 19 63 20 16
1 24 2 65 3 94 4 4 5 19 6 8 7 21 8 40 9 36 10 84 11 15 12 85 13 61 14 38 15 92 16 36 17 93 18 88 19 68 20 92
1 73 2 65 3 66 4 56 5 46 6 88 7 56 8 45 9 7 10 90 11 70 12 59 13 71 14 25 15 76 16 37 17 96 18 57 19 74 20 33
1 19 2 86 3 4 4 8 5 42 6 57 7 94 8 51 9 36 10 98 11 55 12 1 13 15 14 57 15 90 16 4 17 52 18 22 19 68 20 47
1 52 2 13 3 9 4 24 5 19 6 27 7 12 8 17 9 28 10 37 11 21 12 72 13 42 14 15 15 67 16 11 17 38 18 9 19 88 20 42
1 59 2 81 3 70 4 78 5 82 6 1 7 49 8 65 9 94 10 63 11 56 12 89 13 52 14 57 15 14 16 85 17 20 18 61 19 14 20 95
1 53 2 62 3 27 4 98 5 40 6 69 7 80 8 33 9 36 10 88 11 57 12 72 13 28 14 34 15 76 16 11 17 39 18 54 19 86 20 36
1 94 2 78 3 8 4 56 5 64 6 47 7 40 8 38 9 14 10 75 11 8 12 91 13 73 14 99 15 47 16 65 17 83 18 15 19 19 20 40
1 51 2 73 3 29 4 23 5 26 6 4 7 71 8 23 9 28 10 7 11 81 12 85 13 5 14 26 15 55 16 18 17 92 18 45 19 57 20 64
1 17 2 5 3 8 4 35 5 3 6 39 7 33 8 63 9 62 10 59 11 57 12 87 13 11 14 2 15 18 16 41 17 92 18 39 19 90 20 90
1 16 2 25 3 26 4 14 5 86 6 83 7 45 8 67 9 91 10 67 11 93 12 8 13 97 14 73 15 11 16 84 17 40 18 46 19 62 20 67
1 81 2 50 3 81 4 89 5 20 6 31 7 77 8 75 9 32 10 54 11 87 12 66 13 95 14 20 15 98 16 26 17 16 18 76 19 88 20 75
1 35 2 36 3 53 4 64 5 78 6 96 7 51 8 38 9 42 10 74 11 63 12 29 13 78 14 1 15 45 16 13 17 50 18 51 19 4 20 87
1 20 2 23 3 55 4 31 5 62 6 27 7 54 8 58 9 75 10 17 11 77 12 99 13 51 14 37 15 3 16 50 17 11 18 47 19 75 20 46
1 20 2 27 3 77 4 31 5 45 6 78 7 75 8 89 9 71 10 4 11 79 12 73 13 51 14 78 15 43 16 21 17 59 18 59 19 32 20 65
1 58 2 74 3 15 4 91 5 10 6 28 7 18 8 1 9 73 10 37 11 10 12 54 13 74 14 23 15 74 16 79 17 67 18 60 19 61 20 21
1 93 2 28 3 38 4 10 5 76 6 86 7 43 8 49 9 31 10 78 11 29 12 27 13 87 14 20 15 68 16 6 17 91 18 63 19 33 20 20
1 12 2 54 3 52 4 39 5 16 6 26 7 34 8 14 9 81 10 26 11 69 12 21 13 2 14 56 15 82 16 16 17 91 18 53 19 26 20 51
1 49 2 54 3 45 4 33 5 82 6 63 7 1 8 92 9 62 10 3 11 76 12 7 13 10 14 7 15 67 16 17 17 13 18 82 19 26 20 53
1 31 2 40 3 74 4 8 5 2 6 70 7 66 8 15 9 83 10 79 11 95 12 45 13 21 14 89 15 87 16 94 17 89 18 67 19 12 20 54
1 11 2 26 3 56 4 13 5 1 6 50 7 35 8 83 9 66 10 38 11 51 12 51 13 15 14 72 15 39 16 96 17 55 18 71 19 3 20 87
1 63 2 60 3 35 4 9 5 19 6 47 7 72 8 24 9 88 10 40 11 46 12 79 13 11 14 36 15 29 16 55 17 77 18 46 19 12 20 69
1 87 2 29 3 24 4 18 5 30 6 12 7 90 8 63 9 94 10 61 11 64 12 84 13 88 14 5 15 42 16 77 17 23 18 92 19 46 20 58
1 16 2 8 3 64 4 1 5 46 6 54 7 11 8 60 9 97 10 2 11 47 12 29 13 99 14 55 15 49 16 18 17 83 18 87 19 7 20 62
1 99 2 10 3 34 4 42 5 41 6 60 7 70 8 86 9 59 10 54 11 82 12 95 13 50 14 86 15 47 16 54 17 70 18 96 19 41 20 78
1 82 2 62 3 54 4 5 5 21 6 96 7 41 8 59 9 23 10 82 11 17 12 27 13 13 14 31 15 76 16 70 17 32 18 81 19 63 20 69
1 8 2 96 3 45 4 83 5 94 6 1 7 11 8 70 9 89 10 51 11 79 12 52 13 11 14 58 15 68 16 15 17 40 18 12 19 45 20 4
1 85 2 65 3 71 4 27 5 34 6 68 7 29 8 15 9 25 10 22 11 8 12 79 13 65 14 80 15 22 16 50 17 44 18 87 19 19 20 94
1 96 2 16 3 90 4 45 5 7 6 1 7 20 8 40 9 26 10 58 11 92 12 4 13 52 14 38 15 19 16 8 17 35 18 57 19 70 20 5
1 78 2 55 3 17 4 94 5 64 6 24 7 74 8 57 9 23 10 96 11 58 12 68 13 50 14 52 15 15 16 20 17 49 18 18 19 81 20 98
1 9 2 67 3 8 4 7 5 32 6 17 7 40 8 31 9 8 10 44 11 64 12 59 13 26 14 42 15 40 16 17 17 8 18 41 19 22 20 94
1 44 2 72 3 64 4 66 5 29 6 68 7 1 8 42 9 43 10 94 11 99 12 27 13 23 14 51 15 26 16 22 17 84 18 24 19 55 20 12
1 29 2 21 3 87 4 69 5 69 6 54 7 29 8 28 9 7 10 32 11 32 12 94 13 23 14 28 15 31 16 88 17 1 18 13 19 63 20 61
1 68 2 54 3 97 4 11 5 40 6 81 7 99 8 37 9 50 10 48 11 83 12 90 13 83 14 7 15 83 16 32 17 39 18 30 19 30 20 46
1 85 2 4 3 63 4 12 5 77 6 62 7 9 8 28 9 46 10 54 11 26 12 58 13 56 14 62 15 24 16 20 17 16 18 97 19 50 20 44
1 33 2 18 3 70 4 92 5 50 6 85 7 92 8 33 9 28 10 15 11 86 12 67 13 84 14 92 15 24 16 32 17 65 18 28 19 74 20 85
1 79 2 58 3 45 4 50 5 91 6 83 7 86 8 94 9 31 10 53 11 31 12 23 13 43 14 23 15 77 16 13 17 84 18 73 19 38 20 23
1 52 2 97 3 22 4 93 5 9 6 44 7 36 8 12 9 26 10 77 11 75 12 58 13 23 14 84 15 80 16 11 17 95 18 85 19 80 20 98
1 41 2 44 3 91 4 47 5 93 6 92 7 52 8 75 9 96 10 2 11 60 12 2 13 35 14 54 15 21 16 95 17 63 18 6 19 50 20 14
1 74 2 74 3 21 4 73 5 8 6 33 7 29 8 10 9 87 10 29 11 22 12 40 13 3 14 26 15 80 16 73 17 32 18 67 19 56 20 78
1 76 2 45 3 20 4 97 5 66 6 6 7 75 8 32 9 61 10 15 11 30 12 16 13 13 14 11 15 63 16 14 17 24 18 68 19 82 20 48
1 52 2 91 3 75 4 15 5 6 6 84 7 49 8 83 9 23 10 53 11 43 12 4 13 5 14 91 15 9 16 75 17 11 18 31 19 24 20 52
1 34 2 75 3 22 4 93 5 20 6 56 7 64 8 35 9 2 10 23 11 99 12 58 13 21 14 22 15 74 16 45 17 97 18 51 19 53 20 83
1 83 2 7 3 1 4 28 5 35 6 83 7 77 8 54 9 80 10 93 11 54 12 43 13 16 14 67 15 42 16 76 17 75 18 29 19 66 20 76
1 41 2 45 3 67 4 2 5 60 6 26 7 39 8 13 9 32 10 9 11 78 12 70 13 76 14 86 15 21 16 51 17 37 18 91 19 43 20 83
1 79 2 68 3 89 4 99 5 20 6 21 7 68 8 18 9 73 10 32 11 13 12 9 13 18 14 2 15 28 16 75 17 50 18 14 19 20 20 88
1 75 2 85 3 32 4 92 5 38 6 19 7 70 8 4 9 76 10 62 11 90 12 55 13 67 14 37 15 42 16 92 17 47 18 45 19 63 20 50
1 69 2 58 3 9 4 62 5 65 6 37 7 99 8 13 9 60 10 85 11 72 12 77 13 8 14 41 15 15 16 35 17 96 18 92 19 86 20 53
1 87 2 27 3 27 4 49 5 54 6 44 7 11 8 6 9 34 10 33 11 10 12 94 13 51 14 41 15 8 16 49 17 21 18 65 19 91 20 53
1 83 2 96 3 54 4 58 5 36 6 3 7 47 8 63 9 78 10 9 11 11 12 42 13 68 14 89 15 30 16 48 17 47 18 33 19 33 20 50
1 39 2 17 3 7 4 78 5 67 6 15 7 39 8 64 9 66 10 59 11 68 12 90 13 17 14 70 15 76 16 25 17 53 18 13 19 73 20 55
1 46 2 78 3 93 4 70 5 96 6 49 7 24 8 65 9 82 10 2 11 56 12 93 13 61 14 51 15 44 16 15 17 88 18 27 19 9 20 59
1 92 2 42 3 19 4 58 5 5 6 27 7 80 8 83 9 16 10 15 11 46 12 63 13 59 14 28 15 39 16 74 17 67 18 99 19 6 20 40
1 55 2 12 3 84 4 20 5 94 6 10 7 57 8 37 9 1 10 3 11 33 12 95 13 78 14 20 15 53 16 17 17 81 18 61 19 42 20 40
